1043	-9.400	0.000	0.000
1044	-9.400	0.000	0.000
1047	-9.400	0.000	0.000
1049	-9.391	0.002	0.000
1058	-9.391	0.001	0.000
1070	-9.391	0.002	0.000
1073	-9.391	0.002	0.000
1081	-9.391	0.002	0.000
1085	-9.391	0.001	0.000
1093	-9.391	0.002	0.000
1102	-9.391	0.001	0.000
1115	-9.391	0.002	0.000
1120	-9.391	0.002	0.000
1130	-9.391	0.001	0.000
1154	-9.391	0.002	0.000
1162	-9.391	0.002	0.000
1165	-9.391	0.002	0.000
1190	-9.391	0.001	0.000
1216	-9.391	0.001	0.000
1057	-9.390	0.005	0.000
1114	-9.390	0.005	0.000
1121	-9.390	0.005	0.000
1132	-9.390	0.005	0.000
1179	-9.390	0.005	0.000
1187	-9.390	0.005	0.000
1060	-9.389	0.005	0.000
1144	-9.389	0.005	0.000
1196	-9.389	0.005	0.000
1204	-9.389	0.005	0.000
1157	-9.383	0.003	0.000
1234	-9.311	0.014	0.000
1202	-9.300	0.013	0.000
1180	-9.139	0.082	0.000
1106	-9.134	0.089	0.000
1076	-9.055	0.088	0.000
1046	-8.028	2.829	0.000
1053	-8.016	2.828	0.000
1090	-8.016	2.828	0.000
1109	-8.016	2.828	0.000
1136	-7.975	2.826	0.000
1149	-7.898	2.833	0.000
1210	-7.898	2.833	0.000
1113	-7.895	2.832	0.000
1080	-7.753	2.834	0.000
1166	-7.735	2.580	0.000
1226	-7.711	2.841	0.000
1091	-7.628	2.840	0.000
1221	-7.627	2.839	0.000
1098	-7.627	2.839	0.000
1148	-7.627	2.839	0.000
1069	-7.627	2.839	0.000
1078	-7.627	2.839	0.000
1079	-7.627	2.839	0.000
1116	-7.627	2.839	0.000
1156	-7.627	2.839	0.000
1059	-7.627	2.838	0.000
1172	-7.625	2.840	0.000
1101	-7.624	2.839	0.000
1208	-7.624	2.839	0.000
1064	-7.624	2.839	0.000
1155	-7.624	2.839	0.000
1097	-7.580	2.836	0.000
1086	-7.580	2.835	0.000
1213	-7.223	3.296	0.000
1175	-6.887	2.054	0.000
1150	-6.887	2.055	0.000
1193	-6.858	2.072	0.000
