271	-8.542	0.000	0.000
159	-8.197	1.684	0.000
38	-7.516	2.141	0.000
45	-7.516	2.141	0.000
46	-7.516	2.141	0.000
26	-7.515	2.142	0.000
770	-7.114	2.119	0.000
812	-7.089	2.118	0.000
317	-7.053	2.448	0.000
145	-7.051	2.448	0.000
220	-7.051	2.448	0.000
645	-7.047	2.445	0.000
94	-7.045	2.446	0.000
98	-7.045	2.446	0.000
85	-7.045	2.446	0.000
73	-7.044	2.446	0.000
83	-7.044	2.446	0.000
431	-6.953	2.120	0.000
878	-6.940	2.134	0.000
205	-6.929	2.120	0.000
408	-6.926	2.123	0.000
166	-6.926	2.121	0.000
303	-6.880	2.142	0.000
489	-6.811	3.853	0.000
270	-6.776	2.107	0.000
124	-6.776	2.107	0.000
111	-6.726	3.069	0.000
18	-6.701	3.066	0.000
20	-6.701	3.066	0.000
25	-6.701	3.066	0.000
7	-6.699	3.067	0.000
11	-6.699	3.067	0.000
244	-6.694	1.977	0.000
577	-6.556	3.998	0.000
481	-6.545	3.929	0.000
164	-6.531	1.779	0.000
245	-6.528	1.778	0.000
107	-6.522	1.768	0.000
215	-6.519	1.781	0.000
343	-6.492	3.076	0.000
710	-6.391	1.446	0.000
797	-6.382	3.998	0.000
672	-6.380	3.994	0.000
730	-6.379	3.972	0.000
171	-6.309	0.290	0.000
210	-6.307	0.289	0.000
211	-6.307	0.289	0.000
430	-6.305	0.290	0.000
274	-6.301	3.080	0.000
201	-6.300	3.080	0.000
371	-6.286	3.080	0.000
555	-6.266	2.496	0.000
584	-6.266	2.496	0.000
518	-6.261	2.461	0.000
639	-6.249	2.494	0.000
783	-6.243	2.413	0.000
136	-6.175	2.464	0.000
291	-6.175	2.464	0.000
52	-6.152	2.460	0.000
869	-6.125	2.385	0.000
307	-6.107	2.462	0.000
313	-6.107	2.462	0.000
554	-6.102	2.476	0.000
760	-6.102	2.476	0.000
774	-6.076	2.379	0.000
299	-6.071	2.472	0.000
300	-6.071	2.472	0.000
499	-6.070	2.472	0.000
646	-6.070	2.472	0.000
247	-6.069	2.487	0.000
496	-6.066	2.488	0.000
423	-6.061	2.472	0.000
629	-6.058	2.472	0.000
401	-6.039	2.480	0.000
662	-6.038	2.480	0.000
676	-6.038	2.480	0.000
702	-6.037	2.480	0.000
756	-6.037	2.480	0.000
762	-6.036	2.480	0.000
358	-6.035	2.484	0.000
546	-6.034	2.455	0.000
162	-6.034	2.484	0.000
188	-6.034	2.484	0.000
718	-6.034	2.485	0.000
798	-6.033	2.480	0.000
579	-6.033	2.482	0.000
63	-6.028	2.482	0.000
635	-6.026	2.479	0.000
624	-6.023	2.479	0.000
626	-6.021	2.479	0.000
1001	-5.919	2.613	0.000
367	-5.449	3.679	0.000
951	-5.379	3.619	0.000
521	-5.378	3.646	0.000
991	-5.304	3.608	0.000
158	-5.283	2.881	0.000
287	-5.279	2.884	0.000
99	-5.278	2.884	0.000
570	-5.264	3.667	0.000
732	-5.257	3.668	0.000
389	-5.257	3.668	0.000
697	-5.257	3.668	0.000
460	-5.249	3.660	0.000
388	-5.118	2.360	0.000
773	-5.066	3.441	0.000
799	-5.049	3.737	0.000
940	-4.871	3.877	0.000
442	-4.477	2.721	0.000
