1023	-4.574	0.000	0.000
1006	-4.571	0.007	0.000
899	-4.570	0.012	0.000
974	-4.570	0.008	0.000
982	-4.473	0.067	0.000
996	-4.471	0.066	0.000
977	-4.464	0.036	0.000
834	-4.440	0.047	0.000
936	-4.436	0.039	0.000
919	-4.435	0.040	0.000
930	-4.435	0.039	0.000
1033	-4.337	0.328	0.000
938	-4.336	0.339	0.000
997	-4.294	0.318	0.000
1029	-4.290	0.308	0.000
841	-4.038	2.315	0.000
837	-3.874	1.601	0.000
823	-3.874	1.605	0.000
835	-3.874	1.604	0.000
830	-3.874	1.605	0.000
832	-3.874	1.606	0.000
840	-3.874	1.605	0.000
876	-3.869	1.607	0.000
890	-3.868	1.605	0.000
941	-3.797	1.530	0.000
896	-3.797	1.531	0.000
862	-3.760	1.630	0.000
1013	-3.759	1.629	0.000
892	-3.755	1.963	0.000
1030	-3.640	1.661	0.000
1004	-3.474	0.193	0.000
1039	-3.361	0.226	0.000
1034	-3.275	1.603	0.000
1008	-3.270	1.588	0.000
1017	-3.267	0.165	0.000
984	-2.912	2.218	0.000
1019	-2.912	2.218	0.000
1020	-2.912	2.218	0.000
932	-2.909	2.218	0.000
839	-2.906	2.217	0.000
1002	-2.888	2.260	0.000
