1431	-6.819	0.000	0.000
1433	-6.816	0.003	0.000
1391	-6.803	0.003	0.000
1108	-6.800	0.005	0.000
1048	-6.799	0.005	0.000
1138	-6.799	0.005	0.000
1145	-6.799	0.005	0.000
1185	-6.799	0.005	0.000
1212	-6.799	0.005	0.000
1220	-6.799	0.005	0.000
1222	-6.799	0.005	0.000
1223	-6.799	0.005	0.000
1394	-6.799	0.005	0.000
1414	-6.799	0.005	0.000
1430	-6.457	0.088	0.000
1486	-6.441	0.083	0.000
1229	-6.437	0.083	0.000
1230	-6.437	0.083	0.000
1122	-6.428	0.084	0.000
1435	-6.427	0.072	0.000
1442	-6.427	0.072	0.000
1450	-6.427	0.072	0.000
1399	-6.427	0.084	0.000
1401	-6.427	0.084	0.000
1402	-6.427	0.084	0.000
1403	-6.427	0.084	0.000
1421	-6.427	0.084	0.000
1461	-6.423	0.067	0.000
1425	-6.411	0.072	0.000
1128	-6.409	0.080	0.000
1174	-6.409	0.080	0.000
1052	-6.408	0.080	0.000
1054	-6.408	0.080	0.000
1182	-6.408	0.080	0.000
1191	-6.408	0.080	0.000
1192	-6.408	0.080	0.000
1199	-6.408	0.080	0.000
1206	-6.408	0.080	0.000
1224	-6.408	0.080	0.000
1434	-6.348	0.095	0.000
1426	-5.931	0.150	0.000
1135	-5.914	2.852	0.000
1045	-5.849	2.793	0.000
1173	-5.840	2.792	0.000
1125	-5.839	2.792	0.000
1159	-5.839	2.792	0.000
1163	-5.839	2.792	0.000
1169	-5.839	2.792	0.000
1170	-5.839	2.792	0.000
1468	-5.832	1.482	0.000
1469	-5.832	1.482	0.000
1153	-5.832	2.791	0.000
1178	-5.832	2.790	0.000
1393	-5.831	1.480	0.000
1143	-5.831	2.791	0.000
1158	-5.831	2.791	0.000
1198	-5.831	2.791	0.000
1510	-5.830	1.488	0.000
1496	-5.830	1.482	0.000
1439	-5.825	1.491	0.000
1459	-5.825	1.491	0.000
1514	-5.824	1.491	0.000
1530	-5.824	1.490	0.000
1452	-5.823	1.491	0.000
1518	-5.707	0.289	0.000
1474	-5.570	2.845	0.000
1495	-5.566	2.844	0.000
1409	-5.552	2.845	0.000
1422	-5.552	2.845	0.000
1423	-5.552	2.845	0.000
1429	-5.552	2.845	0.000
1099	-5.549	2.843	0.000
1410	-5.549	2.844	0.000
1201	-5.548	2.847	0.000
1067	-5.544	2.846	0.000
1111	-5.544	2.846	0.000
1112	-5.544	2.846	0.000
1160	-5.544	2.846	0.000
1164	-5.544	2.846	0.000
1209	-5.544	2.846	0.000
1055	-5.544	2.846	0.000
1075	-5.544	2.846	0.000
1089	-5.544	2.846	0.000
1105	-5.544	2.846	0.000
1110	-5.544	2.846	0.000
1119	-5.544	2.846	0.000
1126	-5.544	2.846	0.000
1134	-5.544	2.846	0.000
1140	-5.544	2.846	0.000
1147	-5.544	2.846	0.000
1152	-5.544	2.846	0.000
1176	-5.544	2.846	0.000
1203	-5.544	2.846	0.000
1218	-5.544	2.846	0.000
1139	-5.539	2.849	0.000
1197	-5.539	2.849	0.000
1146	-5.539	2.849	0.000
1088	-5.532	1.308	0.000
1214	-5.499	2.847	0.000
1188	-5.499	2.847	0.000
1219	-5.499	2.847	0.000
1184	-5.493	2.849	0.000
1488	-5.470	1.492	0.000
1424	-5.460	1.495	0.000
1478	-5.441	1.501	0.000
1513	-5.440	1.500	0.000
1506	-5.439	1.500	0.000
1195	-5.333	2.600	0.000
1177	-5.332	2.595	0.000
1050	-5.332	2.599	0.000
1068	-5.332	2.599	0.000
1077	-5.332	2.599	0.000
1127	-5.332	2.599	0.000
1131	-5.332	2.599	0.000
1133	-5.332	2.599	0.000
1141	-5.332	2.599	0.000
1186	-5.332	2.599	0.000
1200	-5.332	2.599	0.000
1215	-5.332	2.599	0.000
1168	-5.328	2.601	0.000
1470	-5.299	2.955	0.000
1211	-5.294	2.546	0.000
1051	-5.290	2.600	0.000
1167	-5.290	2.600	0.000
1071	-5.290	2.600	0.000
1137	-5.287	2.597	0.000
1500	-5.206	2.105	0.000
1517	-5.182	1.509	0.000
1497	-5.182	1.509	0.000
1065	-5.175	1.929	0.000
1171	-5.173	1.722	0.000
1205	-5.169	1.501	0.000
1228	-5.148	2.988	0.000
1529	-5.139	1.548	0.000
1095	-5.131	2.593	0.000
1117	-5.131	2.593	0.000
1151	-5.109	2.985	0.000
1456	-5.105	1.641	0.000
1485	-5.104	2.957	0.000
1066	-5.070	2.988	0.000
1436	-5.061	1.644	0.000
1494	-5.054	1.647	0.000
1233	-5.041	2.862	0.000
1502	-5.033	1.705	0.000
1104	-5.032	2.589	0.000
1489	-5.028	1.684	0.000
1084	-5.018	2.802	0.000
1460	-4.993	2.655	0.000
1396	-4.989	2.656	0.000
1007	-4.989	2.654	0.000
1449	-4.985	2.655	0.000
1440	-4.984	2.656	0.000
1441	-4.984	2.656	0.000
1457	-4.984	2.656	0.000
1443	-4.984	2.656	0.000
1446	-4.984	2.656	0.000
1232	-4.983	2.729	0.000
1472	-4.982	2.655	0.000
1482	-4.981	2.654	0.000
1523	-4.981	2.654	0.000
1107	-4.981	2.993	0.000
1405	-4.979	2.656	0.000
1413	-4.978	2.656	0.000
1427	-4.978	2.656	0.000
1428	-4.978	2.655	0.000
1416	-4.977	2.656	0.000
1419	-4.977	2.656	0.000
1225	-4.976	2.262	0.000
1207	-4.975	2.704	0.000
1493	-4.971	2.308	0.000
1056	-4.966	2.756	0.000
1194	-4.962	1.980	0.000
1231	-4.962	2.091	0.000
1062	-4.961	1.981	0.000
1123	-4.960	1.980	0.000
1129	-4.960	1.981	0.000
1189	-4.960	1.979	0.000
1072	-4.959	1.981	0.000
1519	-4.957	2.284	0.000
1061	-4.957	1.980	0.000
1074	-4.956	1.998	0.000
1471	-4.954	1.702	0.000
1092	-4.949	2.079	0.000
1181	-4.936	2.295	0.000
1087	-4.929	2.615	0.000
1458	-4.919	2.657	0.000
1437	-4.919	2.656	0.000
1498	-4.917	2.655	0.000
1503	-4.917	2.655	0.000
1464	-4.916	2.656	0.000
1476	-4.916	2.656	0.000
1462	-4.916	2.656	0.000
1505	-4.916	2.655	0.000
1525	-4.916	2.655	0.000
1392	-4.914	2.658	0.000
1398	-4.914	2.656	0.000
1408	-4.913	2.660	0.000
1400	-4.913	2.657	0.000
1395	-4.913	2.657	0.000
1415	-4.912	2.657	0.000
1420	-4.912	2.657	0.000
1082	-4.911	1.970	0.000
1479	-4.885	2.691	0.000
1487	-4.885	2.691	0.000
1499	-4.884	2.691	0.000
1531	-4.884	2.691	0.000
1118	-4.871	2.001	0.000
1466	-4.856	2.689	0.000
1484	-4.823	2.707	0.000
1404	-4.817	2.709	0.000
1397	-4.817	2.708	0.000
1412	-4.816	2.708	0.000
1527	-4.782	2.572	0.000
1520	-4.752	2.672	0.000
1063	-4.684	2.412	0.000
1438	-4.683	3.759	0.000
1467	-4.679	3.316	0.000
1432	-4.679	3.310	0.000
1445	-4.678	3.310	0.000
1447	-4.678	3.310	0.000
1515	-4.677	3.715	0.000
1475	-4.674	3.755	0.000
1483	-4.671	3.310	0.000
1477	-4.671	3.310	0.000
1407	-4.669	3.309	0.000
1411	-4.669	3.309	0.000
1418	-4.669	3.309	0.000
1507	-4.638	2.913	0.000
1451	-4.621	3.343	0.000
1512	-4.618	3.340	0.000
1183	-4.609	2.597	0.000
944	-4.591	3.316	0.000
920	-4.590	3.313	0.000
1490	-4.588	2.967	0.000
1444	-4.579	3.569	0.000
1453	-4.579	3.569	0.000
1522	-4.571	3.565	0.000
1491	-4.570	3.566	0.000
1492	-4.570	3.565	0.000
1227	-4.558	3.565	0.000
870	-4.537	3.452	0.000
1448	-4.484	3.395	0.000
1511	-4.480	3.387	0.000
1509	-4.399	2.946	0.000
1481	-4.378	3.419	0.000
1083	-4.306	2.817	0.000
1480	-4.262	2.531	0.000
1508	-4.034	3.401	0.000
1473	-3.951	2.468	0.000
1465	-3.705	3.628	0.000
1516	-3.705	3.628	0.000
1521	-3.705	3.628	0.000
1528	-3.638	3.637	0.000
