988	-2.627	0.000	0.000
1006	-2.626	0.000	0.000
1018	-2.626	0.001	0.000
1091	-2.626	0.001	0.000
1092	-2.626	0.001	0.000
1094	-2.626	0.001	0.000
1020	-2.599	0.015	0.000
1071	-2.598	0.015	0.000
1137	-2.598	0.015	0.000
944	-2.505	0.062	0.000
945	-2.505	0.062	0.000
967	-2.505	0.063	0.000
994	-2.505	0.063	0.000
1021	-2.505	0.063	0.000
1022	-2.505	0.063	0.000
1037	-2.505	0.062	0.000
1038	-2.505	0.063	0.000
1048	-2.505	0.063	0.000
1085	-2.505	0.063	0.000
1086	-2.505	0.063	0.000
1087	-2.505	0.063	0.000
1088	-2.505	0.063	0.000
1089	-2.505	0.063	0.000
1125	-2.505	0.063	0.000
1126	-2.505	0.063	0.000
1076	-2.505	0.062	0.000
1077	-2.505	0.062	0.000
1078	-2.505	0.062	0.000
