406	-8.193	0.000	0.000
407	-8.193	0.000	0.000
409	-8.193	0.000	0.000
410	-8.193	0.000	0.000
440	-8.193	0.000	0.000
307	-8.188	0.001	0.000
308	-8.188	0.001	0.000
309	-8.188	0.001	0.000
310	-8.188	0.001	0.000
311	-8.188	0.001	0.000
313	-8.188	0.001	0.000
314	-8.188	0.001	0.000
315	-8.188	0.001	0.000
316	-8.188	0.001	0.000
330	-8.188	0.001	0.000
110	-8.187	0.001	0.000
125	-8.187	0.001	0.000
126	-8.187	0.001	0.000
133	-8.187	0.001	0.000
134	-8.187	0.001	0.000
135	-8.187	0.001	0.000
136	-8.187	0.001	0.000
140	-8.187	0.001	0.000
141	-8.187	0.001	0.000
213	-8.187	0.001	0.000
214	-8.187	0.001	0.000
215	-8.187	0.001	0.000
216	-8.187	0.001	0.000
217	-8.187	0.001	0.000
226	-8.187	0.001	0.000
227	-8.187	0.001	0.000
228	-8.187	0.001	0.000
229	-8.187	0.001	0.000
230	-8.187	0.001	0.000
288	-8.187	0.001	0.000
24	-8.185	0.001	0.000
25	-8.185	0.001	0.000
26	-8.185	0.001	0.000
27	-8.185	0.001	0.000
28	-8.185	0.001	0.000
29	-8.185	0.001	0.000
30	-8.185	0.001	0.000
31	-8.185	0.001	0.000
47	-8.185	0.001	0.000
48	-8.185	0.001	0.000
49	-8.185	0.001	0.000
51	-8.185	0.001	0.000
52	-8.185	0.001	0.000
53	-8.185	0.001	0.000
54	-8.185	0.001	0.000
55	-8.185	0.001	0.000
90	-8.185	0.001	0.000
497	-8.184	0.002	0.000
498	-8.184	0.002	0.000
522	-8.184	0.002	0.000
542	-8.184	0.002	0.000
544	-8.184	0.002	0.000
564	-8.184	0.002	0.000
585	-8.184	0.002	0.000
249	-8.178	0.002	0.000
250	-8.178	0.002	0.000
251	-8.178	0.002	0.000
252	-8.178	0.002	0.000
254	-8.178	0.002	0.000
255	-8.178	0.002	0.000
256	-8.178	0.002	0.000
404	-8.090	0.026	0.000
427	-8.090	0.026	0.000
428	-8.090	0.026	0.000
429	-8.090	0.026	0.000
466	-8.090	0.026	0.000
340	-8.086	0.027	0.000
341	-8.086	0.027	0.000
342	-8.086	0.027	0.000
343	-8.086	0.027	0.000
344	-8.086	0.027	0.000
355	-8.086	0.027	0.000
356	-8.086	0.027	0.000
357	-8.086	0.027	0.000
358	-8.086	0.027	0.000
321	-8.085	0.026	0.000
121	-8.084	0.026	0.000
122	-8.084	0.026	0.000
123	-8.084	0.026	0.000
124	-8.084	0.026	0.000
139	-8.084	0.026	0.000
142	-8.084	0.026	0.000
143	-8.084	0.026	0.000
144	-8.084	0.026	0.000
145	-8.084	0.026	0.000
146	-8.084	0.026	0.000
150	-8.084	0.026	0.000
151	-8.084	0.026	0.000
153	-8.084	0.026	0.000
154	-8.084	0.026	0.000
155	-8.084	0.026	0.000
194	-8.084	0.026	0.000
196	-8.084	0.026	0.000
198	-8.084	0.026	0.000
205	-8.084	0.026	0.000
210	-8.084	0.026	0.000
211	-8.084	0.026	0.000
212	-8.084	0.026	0.000
218	-8.084	0.026	0.000
219	-8.084	0.026	0.000
220	-8.084	0.026	0.000
291	-8.084	0.026	0.000
292	-8.084	0.026	0.000
293	-8.084	0.026	0.000
296	-8.084	0.026	0.000
526	-8.081	0.024	0.000
573	-8.081	0.024	0.000
574	-8.081	0.024	0.000
591	-8.081	0.024	0.000
615	-8.081	0.024	0.000
616	-8.081	0.024	0.000
617	-8.081	0.024	0.000
618	-8.081	0.024	0.000
619	-8.081	0.024	0.000
632	-8.081	0.024	0.000
633	-8.081	0.024	0.000
642	-8.081	0.024	0.000
709	-8.081	0.024	0.000
710	-8.081	0.024	0.000
37	-8.076	0.028	0.000
62	-8.076	0.028	0.000
65	-8.076	0.028	0.000
66	-8.076	0.028	0.000
67	-8.076	0.028	0.000
68	-8.076	0.028	0.000
69	-8.076	0.028	0.000
70	-8.076	0.028	0.000
71	-8.076	0.028	0.000
75	-8.076	0.028	0.000
76	-8.076	0.028	0.000
77	-8.076	0.028	0.000
78	-8.076	0.028	0.000
79	-8.076	0.028	0.000
80	-8.076	0.028	0.000
486	-8.073	0.025	0.000
402	-8.072	0.050	0.000
403	-8.072	0.050	0.000
711	-8.067	0.025	0.000
713	-8.067	0.025	0.000
119	-8.024	0.015	0.000
107	-8.023	0.015	0.000
109	-8.023	0.015	0.000
279	-8.023	0.015	0.000
108	-8.023	0.015	0.000
164	-8.022	0.015	0.000
147	-8.021	0.015	0.000
148	-8.021	0.015	0.000
149	-8.021	0.015	0.000
152	-8.021	0.015	0.000
274	-8.021	0.015	0.000
507	-8.020	0.014	0.000
508	-8.020	0.014	0.000
509	-8.020	0.014	0.000
626	-8.020	0.014	0.000
549	-8.019	0.014	0.000
550	-8.019	0.014	0.000
551	-8.019	0.014	0.000
552	-8.019	0.014	0.000
553	-8.019	0.014	0.000
554	-8.019	0.014	0.000
603	-8.018	0.014	0.000
593	-8.017	0.014	0.000
667	-8.017	0.014	0.000
491	-8.017	0.014	0.000
492	-8.017	0.014	0.000
575	-8.017	0.014	0.000
576	-8.017	0.014	0.000
581	-8.017	0.014	0.000
583	-8.017	0.014	0.000
584	-8.017	0.014	0.000
641	-8.017	0.014	0.000
666	-8.017	0.014	0.000
672	-8.017	0.014	0.000
92	-8.016	0.015	0.000
93	-8.016	0.015	0.000
94	-8.016	0.015	0.000
95	-8.016	0.015	0.000
96	-8.016	0.015	0.000
97	-8.016	0.015	0.000
98	-8.016	0.015	0.000
740	-8.015	0.015	0.000
741	-8.015	0.015	0.000
38	-8.013	0.015	0.000
39	-8.013	0.015	0.000
40	-8.013	0.015	0.000
41	-8.013	0.015	0.000
42	-8.013	0.015	0.000
43	-8.013	0.015	0.000
56	-8.013	0.015	0.000
57	-8.013	0.015	0.000
63	-8.013	0.015	0.000
64	-8.013	0.015	0.000
14	-8.012	0.015	0.000
487	-8.009	0.015	0.000
245	-8.007	0.015	0.000
246	-8.007	0.015	0.000
683	-7.999	0.015	0.000
684	-7.999	0.015	0.000
643	-7.997	0.015	0.000
644	-7.997	0.015	0.000
645	-7.997	0.015	0.000
436	-7.969	0.081	0.000
231	-7.966	0.082	0.000
232	-7.966	0.082	0.000
236	-7.966	0.082	0.000
237	-7.966	0.082	0.000
350	-7.966	0.082	0.000
351	-7.966	0.082	0.000
362	-7.966	0.082	0.000
376	-7.966	0.082	0.000
276	-7.964	0.080	0.000
523	-7.743	2.159	0.000
302	-7.739	2.159	0.000
303	-7.739	2.159	0.000
352	-7.739	2.159	0.000
405	-7.738	2.159	0.000
430	-7.738	2.159	0.000
457	-7.738	2.159	0.000
458	-7.738	2.159	0.000
459	-7.738	2.159	0.000
460	-7.738	2.159	0.000
461	-7.738	2.159	0.000
462	-7.738	2.159	0.000
199	-7.738	2.159	0.000
275	-7.733	2.159	0.000
284	-7.733	2.159	0.000
285	-7.733	2.159	0.000
286	-7.733	2.159	0.000
253	-7.732	2.159	0.000
653	-7.708	2.158	0.000
661	-7.708	2.158	0.000
317	-7.704	2.157	0.000
318	-7.704	2.157	0.000
319	-7.704	2.157	0.000
320	-7.704	2.157	0.000
322	-7.704	2.157	0.000
163	-7.704	2.158	0.000
182	-7.704	2.158	0.000
337	-7.704	2.158	0.000
338	-7.704	2.158	0.000
354	-7.704	2.158	0.000
359	-7.704	2.158	0.000
367	-7.704	2.158	0.000
368	-7.704	2.158	0.000
378	-7.704	2.158	0.000
379	-7.704	2.158	0.000
380	-7.704	2.158	0.000
381	-7.704	2.158	0.000
412	-7.703	2.157	0.000
413	-7.703	2.157	0.000
414	-7.703	2.157	0.000
443	-7.703	2.157	0.000
444	-7.703	2.157	0.000
448	-7.703	2.157	0.000
268	-7.698	2.157	0.000
270	-7.698	2.157	0.000
271	-7.698	2.157	0.000
272	-7.698	2.157	0.000
273	-7.698	2.157	0.000
278	-7.698	2.157	0.000
112	-7.698	2.157	0.000
238	-7.695	2.157	0.000
712	-7.695	2.157	0.000
233	-7.582	2.144	0.000
582	-7.510	2.169	0.000
601	-7.510	2.169	0.000
668	-7.510	2.169	0.000
669	-7.510	2.169	0.000
670	-7.510	2.169	0.000
671	-7.510	2.169	0.000
602	-7.510	2.169	0.000
305	-7.509	2.168	0.000
306	-7.509	2.168	0.000
360	-7.509	2.169	0.000
377	-7.509	2.169	0.000
488	-7.508	2.169	0.000
425	-7.508	2.168	0.000
453	-7.508	2.168	0.000
454	-7.508	2.168	0.000
111	-7.503	2.168	0.000
239	-7.500	2.168	0.000
240	-7.500	2.168	0.000
241	-7.500	2.168	0.000
630	-7.499	2.169	0.000
416	-7.389	1.306	0.000
419	-7.389	1.305	0.000
386	-7.389	1.305	0.000
387	-7.389	1.305	0.000
388	-7.389	1.305	0.000
417	-7.389	1.305	0.000
418	-7.389	1.305	0.000
420	-7.389	1.305	0.000
481	-7.374	1.309	0.000
540	-7.282	1.325	0.000
541	-7.282	1.325	0.000
543	-7.282	1.325	0.000
479	-7.272	1.325	0.000
449	-7.096	1.319	0.000
450	-7.096	1.319	0.000
451	-7.096	1.319	0.000
555	-7.094	1.322	0.000
557	-7.094	1.322	0.000
579	-7.094	1.322	0.000
580	-7.094	1.322	0.000
437	-6.179	2.908	0.000
408	-6.091	2.893	0.000
113	-6.085	2.893	0.000
114	-6.085	2.893	0.000
115	-6.085	2.893	0.000
197	-6.085	2.893	0.000
50	-6.084	2.893	0.000
58	-6.084	2.893	0.000
59	-6.084	2.893	0.000
60	-6.084	2.893	0.000
478	-6.065	2.893	0.000
183	-6.024	2.895	0.000
184	-6.024	2.895	0.000
186	-6.024	2.895	0.000
411	-6.022	2.201	0.000
445	-6.022	2.201	0.000
165	-6.020	2.201	0.000
167	-6.020	2.201	0.000
207	-6.020	2.201	0.000
209	-6.020	2.201	0.000
345	-6.020	2.201	0.000
120	-6.020	2.201	0.000
161	-6.020	2.201	0.000
166	-6.020	2.201	0.000
168	-6.020	2.201	0.000
206	-6.020	2.201	0.000
208	-6.020	2.201	0.000
129	-6.020	2.201	0.000
20	-6.019	2.895	0.000
21	-6.019	2.895	0.000
22	-6.019	2.895	0.000
23	-6.019	2.895	0.000
32	-6.019	2.895	0.000
33	-6.019	2.895	0.000
34	-6.019	2.895	0.000
35	-6.019	2.895	0.000
36	-6.019	2.895	0.000
312	-6.019	2.201	0.000
329	-6.019	2.201	0.000
281	-6.017	2.201	0.000
282	-6.017	2.201	0.000
61	-6.017	2.201	0.000
452	-5.968	2.351	0.000
334	-5.968	2.351	0.000
127	-5.967	2.351	0.000
162	-5.967	2.351	0.000
195	-5.967	2.351	0.000
361	-5.967	2.351	0.000
332	-5.967	2.351	0.000
277	-5.964	2.351	0.000
295	-5.964	2.350	0.000
421	-5.935	2.157	0.000
422	-5.935	2.157	0.000
423	-5.935	2.157	0.000
424	-5.935	2.157	0.000
156	-5.933	2.157	0.000
157	-5.933	2.157	0.000
223	-5.933	2.157	0.000
225	-5.933	2.157	0.000
158	-5.933	2.157	0.000
224	-5.933	2.157	0.000
348	-5.933	2.157	0.000
297	-5.932	2.157	0.000
298	-5.932	2.157	0.000
299	-5.932	2.157	0.000
300	-5.932	2.157	0.000
301	-5.932	2.157	0.000
116	-5.931	2.157	0.000
493	-5.882	2.219	0.000
494	-5.882	2.219	0.000
556	-5.882	2.219	0.000
434	-5.880	2.218	0.000
433	-5.880	2.218	0.000
435	-5.880	2.218	0.000
178	-5.879	2.218	0.000
185	-5.879	2.218	0.000
190	-5.879	2.218	0.000
191	-5.879	2.218	0.000
294	-5.878	2.218	0.000
516	-5.876	2.155	0.000
263	-5.876	2.218	0.000
264	-5.876	2.218	0.000
265	-5.876	2.218	0.000
266	-5.876	2.218	0.000
267	-5.876	2.218	0.000
257	-5.870	2.155	0.000
45	-5.869	2.218	0.000
46	-5.869	2.219	0.000
365	-5.596	1.113	0.000
394	-5.594	1.116	0.000
874	-5.542	2.976	0.000
876	-5.542	2.976	0.000
15	-5.507	2.960	0.000
16	-5.507	2.960	0.000
17	-5.507	2.960	0.000
19	-5.507	2.960	0.000
44	-5.507	2.960	0.000
81	-5.507	2.960	0.000
82	-5.507	2.960	0.000
83	-5.507	2.960	0.000
84	-5.507	2.960	0.000
85	-5.507	2.960	0.000
86	-5.507	2.960	0.000
87	-5.507	2.960	0.000
88	-5.507	2.960	0.000
928	-5.506	2.967	0.000
6	-5.500	2.961	0.000
7	-5.500	2.961	0.000
8	-5.500	2.961	0.000
9	-5.500	2.961	0.000
10	-5.500	2.961	0.000
11	-5.500	2.961	0.000
12	-5.500	2.961	0.000
13	-5.500	2.961	0.000
935	-5.500	2.971	0.000
986	-5.498	2.967	0.000
953	-5.498	2.968	0.000
1049	-5.494	2.972	0.000
728	-5.486	1.135	0.000
562	-5.481	1.142	0.000
563	-5.481	1.142	0.000
606	-5.480	1.140	0.000
702	-5.480	1.140	0.000
664	-5.470	1.143	0.000
665	-5.470	1.143	0.000
733	-5.467	1.143	0.000
806	-5.445	2.974	0.000
827	-5.445	2.974	0.000
804	-5.445	2.974	0.000
920	-5.444	2.974	0.000
859	-5.444	2.968	0.000
745	-5.443	2.973	0.000
1030	-5.438	2.975	0.000
1054	-5.438	2.974	0.000
1025	-5.438	2.975	0.000
1080	-5.438	2.975	0.000
1123	-5.438	2.975	0.000
1146	-5.438	2.975	0.000
998	-5.438	2.976	0.000
234	-5.424	2.988	0.000
235	-5.424	2.988	0.000
500	-5.421	3.189	0.000
280	-5.416	2.988	0.000
777	-5.406	2.963	0.000
438	-5.405	3.187	0.000
128	-5.405	3.187	0.000
169	-5.405	3.187	0.000
170	-5.405	3.187	0.000
171	-5.405	3.187	0.000
172	-5.405	3.187	0.000
173	-5.405	3.187	0.000
174	-5.405	3.187	0.000
175	-5.405	3.187	0.000
176	-5.405	3.187	0.000
177	-5.405	3.187	0.000
335	-5.405	3.187	0.000
382	-5.405	3.187	0.000
383	-5.405	3.187	0.000
283	-5.402	3.187	0.000
1155	-5.400	2.964	0.000
1141	-5.400	2.964	0.000
1120	-5.400	2.964	0.000
977	-5.399	2.964	0.000
908	-5.377	1.094	0.000
384	-5.367	1.150	0.000
370	-5.366	1.151	0.000
371	-5.366	1.151	0.000
372	-5.366	1.151	0.000
373	-5.366	1.151	0.000
374	-5.366	1.151	0.000
375	-5.366	1.151	0.000
415	-5.365	1.151	0.000
463	-5.365	1.151	0.000
1	-5.365	2.961	0.000
327	-5.363	1.149	0.000
187	-5.362	1.149	0.000
188	-5.362	1.149	0.000
189	-5.362	1.149	0.000
99	-5.362	1.150	0.000
1016	-5.359	1.106	0.000
287	-5.359	1.149	0.000
529	-5.357	1.143	0.000
609	-5.356	1.144	0.000
604	-5.354	1.143	0.000
691	-5.354	1.143	0.000
518	-5.354	1.146	0.000
519	-5.354	1.146	0.000
520	-5.354	1.146	0.000
137	-5.354	2.953	0.000
578	-5.353	1.144	0.000
624	-5.353	1.143	0.000
648	-5.353	1.143	0.000
649	-5.353	1.144	0.000
650	-5.353	1.144	0.000
651	-5.353	1.144	0.000
652	-5.353	1.144	0.000
18	-5.353	2.953	0.000
724	-5.349	1.148	0.000
725	-5.349	1.148	0.000
706	-5.349	1.148	0.000
566	-5.349	2.954	0.000
568	-5.349	2.954	0.000
572	-5.349	2.954	0.000
623	-5.349	2.954	0.000
489	-5.348	1.148	0.000
490	-5.348	1.148	0.000
517	-5.347	1.150	0.000
693	-5.346	1.148	0.000
695	-5.346	1.148	0.000
730	-5.346	1.147	0.000
673	-5.346	1.148	0.000
674	-5.346	1.148	0.000
675	-5.346	1.147	0.000
703	-5.346	1.148	0.000
247	-5.345	1.146	0.000
248	-5.345	1.146	0.000
2	-5.334	2.954	0.000
3	-5.334	2.954	0.000
4	-5.334	2.954	0.000
5	-5.334	2.954	0.000
1319	-5.332	1.154	0.000
1303	-5.327	1.158	0.000
1304	-5.327	1.158	0.000
1305	-5.327	1.158	0.000
1306	-5.327	1.158	0.000
1307	-5.327	1.158	0.000
1308	-5.327	1.158	0.000
1330	-5.327	1.158	0.000
1400	-5.327	1.158	0.000
1408	-5.327	1.158	0.000
1465	-5.327	1.158	0.000
1252	-5.325	1.158	0.000
1253	-5.325	1.158	0.000
1254	-5.325	1.158	0.000
363	-5.303	2.954	0.000
72	-5.292	2.954	0.000
1151	-5.278	2.956	0.000
773	-4.973	3.757	0.000
889	-4.972	3.757	0.000
828	-4.972	3.757	0.000
790	-4.971	3.761	0.000
803	-4.971	3.761	0.000
825	-4.971	3.761	0.000
879	-4.971	3.761	0.000
880	-4.971	3.761	0.000
900	-4.971	3.761	0.000
901	-4.971	3.761	0.000
903	-4.971	3.761	0.000
911	-4.971	3.761	0.000
912	-4.971	3.761	0.000
495	-4.969	3.757	0.000
506	-4.969	3.757	0.000
965	-4.968	3.761	0.000
841	-4.968	3.754	0.000
881	-4.968	3.754	0.000
800	-4.968	3.754	0.000
801	-4.968	3.754	0.000
902	-4.968	3.754	0.000
569	-4.968	3.757	0.000
570	-4.968	3.757	0.000
571	-4.968	3.757	0.000
637	-4.968	3.757	0.000
567	-4.968	3.757	0.000
590	-4.968	3.757	0.000
608	-4.968	3.757	0.000
610	-4.968	3.757	0.000
611	-4.968	3.757	0.000
612	-4.968	3.757	0.000
613	-4.968	3.757	0.000
614	-4.968	3.757	0.000
699	-4.968	3.757	0.000
850	-4.967	3.754	0.000
851	-4.967	3.754	0.000
852	-4.967	3.754	0.000
853	-4.967	3.754	0.000
854	-4.967	3.754	0.000
765	-4.966	3.762	0.000
815	-4.966	3.762	0.000
816	-4.966	3.762	0.000
835	-4.966	3.754	0.000
836	-4.966	3.754	0.000
837	-4.966	3.754	0.000
838	-4.966	3.754	0.000
1046	-4.966	3.755	0.000
1047	-4.966	3.755	0.000
1068	-4.965	3.755	0.000
1069	-4.965	3.755	0.000
655	-4.964	3.754	0.000
985	-4.964	3.755	0.000
771	-4.963	3.759	0.000
784	-4.963	3.759	0.000
785	-4.963	3.759	0.000
786	-4.963	3.759	0.000
787	-4.963	3.759	0.000
788	-4.963	3.759	0.000
789	-4.963	3.759	0.000
910	-4.963	3.759	0.000
934	-4.963	3.759	0.000
778	-4.962	3.759	0.000
798	-4.962	3.759	0.000
799	-4.962	3.759	0.000
939	-4.962	3.759	0.000
940	-4.962	3.759	0.000
941	-4.962	3.759	0.000
942	-4.962	3.759	0.000
1147	-4.960	3.759	0.000
1148	-4.960	3.759	0.000
1156	-4.960	3.759	0.000
1064	-4.960	3.759	0.000
1121	-4.960	3.759	0.000
984	-4.959	3.759	0.000
795	-4.957	3.737	0.000
796	-4.957	3.737	0.000
797	-4.957	3.737	0.000
736	-4.956	3.735	0.000
989	-4.952	3.737	0.000
990	-4.952	3.737	0.000
991	-4.952	3.737	0.000
992	-4.952	3.737	0.000
774	-4.951	3.740	0.000
775	-4.951	3.740	0.000
776	-4.951	3.740	0.000
802	-4.951	3.740	0.000
811	-4.951	3.740	0.000
861	-4.951	3.740	0.000
862	-4.951	3.740	0.000
863	-4.951	3.740	0.000
1060	-4.948	3.741	0.000
974	-4.947	3.741	0.000
842	-4.946	3.758	0.000
843	-4.946	3.758	0.000
844	-4.946	3.758	0.000
783	-4.945	3.756	0.000
1045	-4.944	3.759	0.000
1157	-4.944	3.759	0.000
1131	-4.944	3.759	0.000
1015	-4.943	3.759	0.000
1101	-4.943	3.759	0.000
510	-4.942	3.756	0.000
511	-4.942	3.756	0.000
512	-4.942	3.756	0.000
586	-4.942	3.756	0.000
587	-4.942	3.756	0.000
588	-4.942	3.756	0.000
937	-4.941	3.754	0.000
904	-4.940	3.756	0.000
924	-4.940	3.756	0.000
918	-4.939	3.762	0.000
919	-4.939	3.762	0.000
1082	-4.938	3.757	0.000
1153	-4.938	3.757	0.000
1154	-4.938	3.757	0.000
1152	-4.938	3.757	0.000
480	-4.937	3.735	0.000
996	-4.936	3.762	0.000
1019	-4.936	3.757	0.000
1097	-4.936	3.757	0.000
1098	-4.936	3.757	0.000
947	-4.935	3.759	0.000
812	-4.935	3.738	0.000
813	-4.935	3.738	0.000
1056	-4.935	3.757	0.000
1099	-4.934	3.756	0.000
73	-4.933	3.753	0.000
74	-4.933	3.753	0.000
89	-4.933	3.753	0.000
91	-4.933	3.753	0.000
1057	-4.932	3.739	0.000
948	-4.931	3.752	0.000
949	-4.931	3.752	0.000
950	-4.931	3.752	0.000
750	-4.912	3.731	0.000
755	-4.912	3.731	0.000
756	-4.912	3.731	0.000
839	-4.912	3.731	0.000
353	-4.908	3.753	0.000
366	-4.908	3.753	0.000
130	-4.907	3.753	0.000
192	-4.907	3.753	0.000
193	-4.907	3.753	0.000
201	-4.907	3.753	0.000
203	-4.907	3.753	0.000
204	-4.907	3.753	0.000
925	-4.906	3.734	0.000
933	-4.906	3.734	0.000
118	-4.906	3.753	0.000
159	-4.906	3.753	0.000
160	-4.906	3.753	0.000
100	-4.906	3.753	0.000
101	-4.906	3.753	0.000
102	-4.906	3.753	0.000
103	-4.906	3.753	0.000
104	-4.906	3.753	0.000
105	-4.906	3.753	0.000
1024	-4.905	0.879	0.000
1416	-4.905	3.731	0.000
1417	-4.905	3.731	0.000
1418	-4.905	3.731	0.000
1036	-4.904	3.734	0.000
1419	-4.904	3.731	0.000
1420	-4.904	3.731	0.000
1421	-4.904	3.731	0.000
1422	-4.904	3.731	0.000
1007	-4.903	3.734	0.000
1008	-4.903	3.734	0.000
1009	-4.903	3.734	0.000
1010	-4.903	3.734	0.000
1011	-4.903	3.734	0.000
734	-4.903	3.753	0.000
735	-4.903	3.753	0.000
831	-4.893	3.735	0.000
891	-4.893	3.736	0.000
794	-4.893	3.731	0.000
890	-4.893	3.733	0.000
793	-4.893	3.733	0.000
865	-4.893	3.729	0.000
1117	-4.892	3.746	0.000
846	-4.892	3.733	0.000
869	-4.892	3.733	0.000
926	-4.892	3.732	0.000
927	-4.892	3.732	0.000
791	-4.892	3.733	0.000
899	-4.892	3.732	0.000
943	-4.892	3.732	0.000
792	-4.892	3.729	0.000
883	-4.892	3.730	0.000
1003	-4.892	3.727	0.000
323	-4.892	3.750	0.000
324	-4.892	3.750	0.000
325	-4.892	3.750	0.000
326	-4.892	3.750	0.000
963	-4.891	3.722	0.000
269	-4.891	3.750	0.000
1161	-4.890	3.733	0.000
1113	-4.890	3.732	0.000
1114	-4.890	3.733	0.000
1162	-4.890	3.732	0.000
999	-4.890	3.732	0.000
980	-4.889	3.735	0.000
964	-4.889	3.734	0.000
987	-4.889	3.732	0.000
975	-4.889	3.725	0.000
978	-4.889	3.733	0.000
954	-4.889	3.736	0.000
979	-4.889	3.723	0.000
1004	-4.887	3.747	0.000
1001	-4.887	3.731	0.000
1000	-4.887	3.726	0.000
242	-4.886	3.751	0.000
243	-4.886	3.751	0.000
244	-4.886	3.751	0.000
753	-4.865	3.755	0.000
754	-4.865	3.755	0.000
766	-4.853	3.720	0.000
780	-4.853	3.720	0.000
781	-4.853	3.720	0.000
818	-4.853	3.720	0.000
819	-4.853	3.720	0.000
956	-4.850	3.721	0.000
957	-4.850	3.721	0.000
958	-4.850	3.721	0.000
959	-4.850	3.721	0.000
1468	-4.846	3.720	0.000
887	-4.837	3.782	0.000
856	-4.836	3.748	0.000
884	-4.836	3.748	0.000
885	-4.836	3.748	0.000
886	-4.836	3.748	0.000
888	-4.836	3.748	0.000
757	-4.836	3.747	0.000
805	-4.835	3.748	0.000
867	-4.835	3.749	0.000
807	-4.835	3.748	0.000
808	-4.835	3.748	0.000
814	-4.835	3.748	0.000
855	-4.835	3.749	0.000
779	-4.835	3.748	0.000
809	-4.835	3.748	0.000
810	-4.835	3.748	0.000
820	-4.835	3.748	0.000
826	-4.835	3.748	0.000
868	-4.835	3.747	0.000
830	-4.834	3.754	0.000
743	-4.834	3.747	0.000
742	-4.834	3.748	0.000
833	-4.834	3.747	0.000
744	-4.834	3.746	0.000
1002	-4.834	3.762	0.000
1052	-4.833	3.749	0.000
1051	-4.833	3.748	0.000
960	-4.832	3.748	0.000
921	-4.819	3.747	0.000
913	-4.819	3.745	0.000
914	-4.819	3.745	0.000
922	-4.819	3.745	0.000
923	-4.819	3.744	0.000
905	-4.819	3.745	0.000
907	-4.819	3.745	0.000
1124	-4.818	3.777	0.000
1116	-4.817	3.746	0.000
1055	-4.817	3.745	0.000
1122	-4.816	3.745	0.000
1026	-4.816	3.745	0.000
1027	-4.816	3.745	0.000
1028	-4.816	3.746	0.000
1050	-4.816	3.746	0.000
1053	-4.816	3.745	0.000
1070	-4.816	3.746	0.000
955	-4.816	3.746	0.000
995	-4.816	3.746	0.000
997	-4.816	3.745	0.000
1029	-4.816	3.746	0.000
1031	-4.816	3.746	0.000
1100	-4.816	3.746	0.000
772	-4.811	3.724	0.000
866	-4.811	3.724	0.000
845	-4.811	3.724	0.000
873	-4.796	3.721	0.000
875	-4.796	3.720	0.000
878	-4.796	3.720	0.000
930	-4.796	3.720	0.000
877	-4.794	3.714	0.000
832	-4.776	3.527	0.000
951	-4.751	3.737	0.000
1039	-4.749	3.712	0.000
1040	-4.748	3.713	0.000
1127	-4.748	3.712	0.000
1041	-4.748	3.712	0.000
1044	-4.748	3.705	0.000
1043	-4.747	3.718	0.000
1042	-4.747	3.715	0.000
722	-4.713	2.217	0.000
513	-4.696	2.205	0.000
548	-4.696	2.205	0.000
635	-4.696	2.205	0.000
636	-4.696	2.205	0.000
680	-4.696	2.205	0.000
707	-4.696	2.205	0.000
708	-4.696	2.205	0.000
485	-4.696	2.206	0.000
525	-4.680	2.195	0.000
701	-4.679	2.195	0.000
515	-4.679	2.195	0.000
739	-4.679	2.195	0.000
439	-4.678	2.197	0.000
447	-4.677	2.199	0.000
1132	-4.677	2.212	0.000
1133	-4.677	2.212	0.000
1096	-4.676	2.212	0.000
533	-4.673	2.196	0.000
534	-4.673	2.196	0.000
535	-4.673	2.196	0.000
536	-4.673	2.196	0.000
537	-4.673	2.196	0.000
639	-4.673	2.196	0.000
1129	-4.672	2.207	0.000
1130	-4.672	2.207	0.000
1110	-4.671	2.207	0.000
1144	-4.671	2.207	0.000
328	-4.668	2.198	0.000
1093	-4.665	2.203	0.000
1058	-4.665	2.209	0.000
1074	-4.664	2.208	0.000
1095	-4.664	2.208	0.000
993	-4.664	2.208	0.000
369	-4.660	2.188	0.000
432	-4.660	2.188	0.000
455	-4.660	2.189	0.000
456	-4.660	2.188	0.000
364	-4.660	2.187	0.000
474	-4.659	2.188	0.000
106	-4.658	2.189	0.000
331	-4.650	2.187	0.000
821	-4.648	2.199	0.000
822	-4.648	2.199	0.000
872	-4.648	2.199	0.000
714	-4.645	2.188	0.000
715	-4.645	2.188	0.000
716	-4.645	2.188	0.000
717	-4.645	2.188	0.000
718	-4.645	2.188	0.000
719	-4.645	2.188	0.000
720	-4.645	2.188	0.000
475	-4.635	2.200	0.000
840	-4.628	2.196	0.000
857	-4.621	2.194	0.000
858	-4.621	2.194	0.000
882	-4.615	2.181	0.000
431	-4.607	1.904	0.000
465	-4.607	1.904	0.000
389	-4.606	1.906	0.000
390	-4.606	1.906	0.000
391	-4.606	1.906	0.000
392	-4.606	1.906	0.000
393	-4.606	1.906	0.000
395	-4.606	1.906	0.000
396	-4.606	1.906	0.000
397	-4.606	1.906	0.000
398	-4.606	1.906	0.000
399	-4.606	1.906	0.000
400	-4.606	1.906	0.000
401	-4.606	1.906	0.000
304	-4.597	1.899	0.000
258	-4.596	1.905	0.000
259	-4.596	1.905	0.000
260	-4.596	1.905	0.000
261	-4.596	1.905	0.000
262	-4.596	1.905	0.000
817	-4.456	2.775	0.000
676	-4.257	2.018	0.000
677	-4.257	2.018	0.000
678	-4.257	2.018	0.000
686	-4.257	2.018	0.000
689	-4.257	2.018	0.000
692	-4.257	2.018	0.000
696	-4.257	2.018	0.000
697	-4.257	2.018	0.000
698	-4.257	2.018	0.000
521	-4.234	2.010	0.000
482	-4.234	3.330	0.000
559	-4.231	2.008	0.000
560	-4.231	2.008	0.000
561	-4.231	2.008	0.000
558	-4.224	2.012	0.000
631	-4.223	2.012	0.000
477	-4.219	3.325	0.000
117	-4.216	3.326	0.000
347	-4.215	3.327	0.000
289	-4.213	3.327	0.000
469	-4.212	3.327	0.000
782	-4.211	3.333	0.000
847	-4.211	3.333	0.000
496	-4.210	3.332	0.000
829	-4.210	3.332	0.000
870	-4.210	3.333	0.000
893	-4.210	3.332	0.000
894	-4.210	3.333	0.000
895	-4.210	3.333	0.000
896	-4.210	3.332	0.000
915	-4.210	3.333	0.000
916	-4.210	3.332	0.000
917	-4.210	3.332	0.000
524	-4.209	3.333	0.000
647	-4.208	3.333	0.000
501	-4.208	3.333	0.000
502	-4.208	3.333	0.000
503	-4.208	3.333	0.000
504	-4.208	3.333	0.000
505	-4.208	3.333	0.000
594	-4.208	3.332	0.000
595	-4.208	3.333	0.000
538	-4.195	3.329	0.000
539	-4.195	3.329	0.000
621	-4.195	3.329	0.000
622	-4.195	3.329	0.000
679	-4.195	3.329	0.000
131	-4.191	3.329	0.000
132	-4.191	3.329	0.000
179	-4.191	3.329	0.000
180	-4.191	3.329	0.000
181	-4.191	3.329	0.000
138	-4.190	3.330	0.000
426	-4.190	3.330	0.000
464	-4.190	3.330	0.000
592	-4.180	2.486	0.000
339	-4.178	3.326	0.000
221	-4.177	3.326	0.000
222	-4.177	3.326	0.000
729	-4.176	3.326	0.000
871	-4.174	3.332	0.000
936	-4.174	3.332	0.000
932	-4.174	3.332	0.000
654	-4.172	3.331	0.000
547	-4.172	3.332	0.000
577	-4.172	3.331	0.000
640	-4.172	3.332	0.000
607	-4.164	3.331	0.000
476	-4.155	3.328	0.000
385	-4.154	3.329	0.000
336	-4.153	3.329	0.000
1456	-4.140	2.519	0.000
1459	-4.140	2.519	0.000
1460	-4.140	2.519	0.000
681	-3.943	2.004	0.000
731	-3.942	2.002	0.000
732	-3.942	2.002	0.000
620	-3.942	2.004	0.000
1453	-3.932	2.002	0.000
1457	-3.932	2.002	0.000
627	-3.918	1.995	0.000
628	-3.918	1.995	0.000
629	-3.918	1.995	0.000
662	-3.918	1.996	0.000
663	-3.918	1.996	0.000
682	-3.918	1.996	0.000
499	-3.917	1.996	0.000
546	-3.917	1.996	0.000
694	-3.917	1.996	0.000
1230	-3.695	3.511	0.000
938	-3.682	1.690	0.000
346	-3.673	3.511	0.000
200	-3.672	3.513	0.000
202	-3.672	3.513	0.000
290	-3.670	3.512	0.000
467	-3.669	3.513	0.000
471	-3.669	3.512	0.000
468	-3.669	3.512	0.000
470	-3.669	3.512	0.000
472	-3.669	3.512	0.000
473	-3.669	3.512	0.000
976	-3.347	3.774	0.000
625	-3.347	3.775	0.000
646	-3.347	3.775	0.000
737	-3.347	3.775	0.000
738	-3.347	3.775	0.000
565	-3.347	3.775	0.000
638	-3.347	3.775	0.000
484	-3.346	3.775	0.000
704	-3.346	3.775	0.000
705	-3.346	3.775	0.000
1111	-3.317	3.774	0.000
1112	-3.317	3.774	0.000
483	-3.317	3.775	0.000
1134	-3.313	3.769	0.000
1005	-3.313	3.773	0.000
349	-3.312	3.772	0.000
441	-3.312	3.772	0.000
442	-3.312	3.772	0.000
446	-3.312	3.772	0.000
527	-3.311	3.773	0.000
528	-3.311	3.773	0.000
1023	-3.285	3.770	0.000
1032	-3.285	3.770	0.000
1033	-3.285	3.770	0.000
1034	-3.285	3.770	0.000
1035	-3.285	3.770	0.000
1061	-3.285	3.770	0.000
1062	-3.285	3.770	0.000
1063	-3.285	3.770	0.000
1108	-3.285	3.770	0.000
1109	-3.285	3.770	0.000
1115	-3.285	3.770	0.000
1149	-3.285	3.770	0.000
1150	-3.285	3.770	0.000
1065	-3.282	3.770	0.000
1066	-3.282	3.770	0.000
1067	-3.282	3.770	0.000
1135	-3.282	3.770	0.000
1136	-3.282	3.770	0.000
333	-3.282	3.772	0.000
1079	-3.281	3.770	0.000
1142	-3.281	3.770	0.000
723	-3.281	3.773	0.000
981	-3.280	3.770	0.000
982	-3.280	3.770	0.000
983	-3.280	3.770	0.000
1140	-3.275	3.768	0.000
1138	-3.275	3.768	0.000
1139	-3.275	3.768	0.000
1083	-3.251	3.769	0.000
1084	-3.251	3.769	0.000
966	-3.101	3.774	0.000
