1840	-12.577	0.000	0.000
1769	-12.257	0.028	0.000
1794	-12.257	0.028	0.000
1797	-12.257	0.028	0.000
1806	-12.257	0.028	0.000
1810	-12.257	0.028	0.000
1813	-12.257	0.028	0.000
1833	-12.257	0.028	0.000
1855	-12.257	0.028	0.000
1828	-12.240	0.023	0.000
1764	-12.238	0.023	0.000
1765	-12.238	0.023	0.000
1766	-12.238	0.023	0.000
1767	-12.238	0.023	0.000
1771	-12.238	0.023	0.000
1774	-12.238	0.023	0.000
1795	-12.238	0.023	0.000
1796	-12.238	0.023	0.000
1798	-12.238	0.023	0.000
1802	-12.238	0.023	0.000
1804	-12.238	0.023	0.000
1808	-12.238	0.023	0.000
1814	-12.238	0.023	0.000
1815	-12.238	0.023	0.000
1816	-12.238	0.023	0.000
1817	-12.238	0.023	0.000
1818	-12.238	0.023	0.000
1819	-12.238	0.023	0.000
1822	-12.238	0.023	0.000
1823	-12.238	0.023	0.000
1825	-12.238	0.023	0.000
1827	-12.238	0.023	0.000
1830	-12.238	0.023	0.000
1831	-12.238	0.023	0.000
1835	-12.238	0.023	0.000
1837	-12.238	0.023	0.000
1778	-12.231	0.023	0.000
1781	-12.231	0.023	0.000
1789	-12.231	0.023	0.000
1790	-12.231	0.023	0.000
1845	-12.231	0.023	0.000
1853	-12.231	0.023	0.000
1759	-12.216	0.030	0.000
1762	-12.196	0.025	0.000
1758	-12.195	0.025	0.000
1763	-11.379	1.298	0.000
1773	-11.379	1.298	0.000
1842	-11.379	1.298	0.000
1786	-11.376	1.298	0.000
1787	-11.376	1.298	0.000
1803	-11.027	1.308	0.000
1811	-11.027	1.308	0.000
1834	-11.027	1.308	0.000
1768	-11.024	1.300	0.000
1793	-11.024	1.300	0.000
1788	-11.024	1.308	0.000
1851	-11.024	1.308	0.000
1776	-10.943	2.129	0.000
1782	-10.943	2.129	0.000
1783	-10.943	2.129	0.000
1844	-10.943	2.129	0.000
1779	-10.722	1.130	0.000
1780	-10.722	1.130	0.000
1852	-10.722	1.130	0.000
1777	-10.722	1.130	0.000
1792	-10.722	1.130	0.000
1760	-10.714	1.123	0.000
1846	-10.560	2.132	0.000
1847	-10.560	2.132	0.000
1848	-10.560	2.132	0.000
1849	-10.560	2.132	0.000
1805	-10.542	2.132	0.000
1856	-10.542	2.132	0.000
1821	-9.385	0.242	0.000
1775	-9.070	2.048	0.000
1838	-9.070	2.048	0.000
1841	-9.058	2.043	0.000
1772	-9.057	2.043	0.000
1829	-9.057	2.043	0.000
1839	-9.057	2.043	0.000
1843	-9.057	2.043	0.000
1770	-9.057	2.043	0.000
1809	-9.057	2.043	0.000
1812	-9.057	2.043	0.000
1824	-9.057	2.043	0.000
1784	-9.048	2.044	0.000
1791	-9.048	2.044	0.000
1850	-9.048	2.044	0.000
1854	-9.048	2.044	0.000
1761	-9.029	2.045	0.000
1755	-8.927	2.069	0.000
1756	-8.768	1.781	0.000
1832	-8.696	1.665	0.000
1807	-8.637	2.084	0.000
1757	-8.408	1.671	0.000
1799	-8.402	1.498	0.000
1800	-8.402	1.499	0.000
1801	-8.402	1.499	0.000
1820	-8.402	1.499	0.000
1826	-8.402	1.499	0.000
1836	-8.402	1.499	0.000
1785	-8.367	1.587	0.000
