713	-8.249	0.000	0.000
571	-8.038	0.086	0.000
572	-8.038	0.086	0.000
577	-8.038	0.086	0.000
602	-8.038	0.086	0.000
610	-8.038	0.086	0.000
653	-8.037	0.086	0.000
662	-8.037	0.086	0.000
648	-8.036	0.086	0.000
624	-8.030	0.079	0.000
661	-8.030	0.079	0.000
667	-8.030	0.079	0.000
1715	-7.991	0.083	0.000
735	-7.985	0.075	0.000
1731	-7.981	0.082	0.000
1732	-7.981	0.082	0.000
1719	-7.980	0.082	0.000
592	-7.979	0.081	0.000
631	-7.979	0.081	0.000
1711	-7.979	0.082	0.000
1754	-7.979	0.089	0.000
672	-7.978	0.081	0.000
684	-7.978	0.081	0.000
1694	-7.978	0.082	0.000
562	-7.966	0.087	0.000
411	-7.947	0.079	0.000
372	-7.947	0.079	0.000
404	-7.947	0.079	0.000
553	-7.944	0.069	0.000
727	-7.934	0.077	0.000
509	-7.931	0.077	0.000
518	-7.931	0.077	0.000
1729	-7.924	0.106	0.000
705	-7.921	0.077	0.000
709	-7.921	0.077	0.000
710	-7.921	0.077	0.000
723	-7.921	0.083	0.000
728	-7.921	0.083	0.000
1692	-7.921	0.084	0.000
535	-7.920	0.076	0.000
1712	-7.920	0.084	0.000
489	-7.918	0.083	0.000
1676	-7.917	0.084	0.000
1685	-7.917	0.084	0.000
1682	-7.917	0.084	0.000
1680	-7.915	0.083	0.000
315	-7.896	0.075	0.000
326	-7.895	0.075	0.000
1698	-7.884	0.071	0.000
1703	-7.883	0.071	0.000
1737	-7.883	0.071	0.000
1696	-7.882	0.071	0.000
1678	-7.881	0.071	0.000
1739	-7.881	0.071	0.000
1717	-7.879	0.071	0.000
1748	-7.828	0.094	0.000
1741	-7.827	0.094	0.000
1746	-7.801	0.060	0.000
1607	-7.622	0.036	0.000
1520	-7.413	0.050	0.000
1543	-7.412	0.050	0.000
1549	-7.412	0.050	0.000
1530	-7.411	0.050	0.000
1470	-7.410	0.050	0.000
1693	-7.409	1.660	0.000
1738	-7.409	1.660	0.000
1677	-7.408	1.660	0.000
1655	-7.407	1.660	0.000
1656	-7.407	1.660	0.000
1657	-7.407	1.660	0.000
1658	-7.407	1.660	0.000
1637	-7.407	1.660	0.000
1641	-7.407	1.660	0.000
1622	-7.405	1.660	0.000
1624	-7.405	1.660	0.000
1625	-7.357	1.660	0.000
1718	-7.354	0.043	0.000
1523	-7.339	1.659	0.000
1495	-7.338	1.659	0.000
1594	-7.337	1.659	0.000
1568	-7.336	1.658	0.000
558	-5.234	3.942	0.000
