82	-14.503	0.000	0.000
64	-14.422	0.012	17.176
236	-14.224	1.312	17.150
355	-14.140	1.337	15.714
470	-14.140	1.337	15.715
147	-14.139	1.337	2.539
180	-14.139	1.337	2.537
212	-14.139	1.337	2.538
142	-14.139	1.338	2.713
332	-14.129	1.318	16.949
80	-14.119	1.336	4.056
29	-14.117	1.318	15.663
12	-14.117	1.337	16.952
17	-14.115	1.337	4.315
25	-14.115	1.337	14.384
172	-13.651	0.044	3.571
426	-13.651	0.044	3.570
97	-13.645	0.044	16.971
241	-13.641	0.044	1.829
67	-13.638	0.044	13.809
84	-13.638	0.044	13.808
354	-13.452	0.036	2.388
605	-13.452	0.036	16.973
651	-13.451	0.036	13.866
653	-13.451	0.036	13.738
163	-13.451	0.036	16.553
174	-13.451	0.036	14.759
261	-13.451	0.036	2.295
285	-13.451	0.036	2.295
331	-13.451	0.036	2.295
337	-13.451	0.036	14.614
339	-13.451	0.036	14.619
349	-13.451	0.036	14.618
351	-13.451	0.036	14.619
375	-13.451	0.036	14.618
388	-13.451	0.036	14.618
389	-13.451	0.036	14.618
390	-13.451	0.036	14.618
391	-13.451	0.036	14.620
392	-13.451	0.036	14.620
405	-13.451	0.036	14.620
431	-13.451	0.036	14.620
440	-13.451	0.036	14.623
441	-13.451	0.036	14.625
442	-13.451	0.036	14.622
449	-13.451	0.036	14.621
490	-13.451	0.036	14.604
532	-13.451	0.036	14.626
538	-13.451	0.037	14.419
626	-13.451	0.036	3.058
639	-13.451	0.036	3.055
270	-13.450	0.036	3.027
323	-13.450	0.036	5.129
327	-13.450	0.036	6.152
400	-13.450	0.037	14.366
279	-13.449	0.036	14.306
280	-13.449	0.036	14.371
380	-13.449	0.036	6.834
417	-13.449	0.036	12.294
243	-13.448	0.037	12.296
115	-13.445	0.037	12.303
239	-13.439	0.037	13.527
464	-13.439	0.037	5.808
79	-13.427	0.036	12.214
54	-13.425	0.036	13.424
233	-13.422	0.037	12.222
6	-13.418	0.037	12.186
134	-13.391	1.314	12.186
148	-13.391	1.314	5.787
155	-13.391	1.314	12.408
156	-13.391	1.314	12.411
157	-13.391	1.314	13.312
254	-13.391	1.314	2.995
313	-13.391	1.314	5.186
350	-13.391	1.314	14.107
533	-13.391	1.314	14.109
534	-13.391	1.314	13.557
540	-13.391	1.314	6.094
139	-13.391	1.314	4.544
167	-13.391	1.314	4.552
169	-13.391	1.314	13.387
171	-13.391	1.314	10.712
192	-13.391	1.314	10.723
214	-13.391	1.314	10.723
260	-13.391	1.314	10.718
293	-13.391	1.314	8.001
294	-13.391	1.314	1.632
308	-13.391	1.314	1.632
312	-13.391	1.314	1.634
360	-13.391	1.314	1.634
408	-13.391	1.314	1.634
471	-13.391	1.314	1.634
480	-13.391	1.314	1.634
517	-13.391	1.314	1.634
519	-13.391	1.314	1.634
556	-13.391	1.314	1.634
576	-13.391	1.314	1.634
582	-13.391	1.314	1.634
425	-13.390	0.038	1.638
183	-13.390	1.314	1.638
187	-13.390	1.314	1.638
207	-13.390	1.314	1.638
266	-13.390	1.314	1.638
428	-13.390	1.314	1.638
436	-13.390	1.314	1.634
483	-13.389	0.038	1.741
306	-13.389	0.038	1.743
334	-13.389	0.038	1.743
445	-13.389	0.038	1.737
537	-13.389	0.038	1.738
222	-13.389	1.314	1.738
278	-13.389	1.314	1.738
383	-13.389	1.314	0.032
275	-13.389	1.314	0.001
109	-13.387	1.314	0.003
114	-13.387	1.314	0.001
245	-13.387	1.314	0.000
94	-13.386	1.314	0.071
98	-13.386	1.314	25.371
99	-13.386	1.314	25.367
100	-13.386	1.314	25.367
103	-13.386	1.314	25.367
104	-13.386	1.314	25.530
469	-13.382	0.038	25.952
36	-13.380	1.314	25.954
37	-13.380	1.314	26.522
59	-13.380	1.314	26.517
60	-13.380	1.314	26.177
65	-13.380	1.314	14.564
70	-13.380	1.314	14.565
72	-13.380	1.314	14.565
73	-13.380	1.314	3.490
76	-13.380	1.314	3.489
78	-13.380	1.314	4.371
86	-13.380	1.314	4.364
87	-13.380	1.314	3.462
88	-13.380	1.314	3.462
89	-13.380	1.314	3.479
13	-13.374	1.315	3.491
232	-13.374	1.315	4.367
632	-13.372	0.045	3.454
668	-13.372	0.045	3.453
286	-13.371	0.045	15.733
385	-13.371	0.045	3.481
221	-13.370	0.045	3.488
122	-13.297	1.339	3.447
133	-13.297	1.339	3.447
257	-13.297	1.339	4.363
291	-13.297	1.339	4.367
340	-13.297	1.339	17.076
341	-13.297	1.339	17.078
343	-13.297	1.339	3.446
333	-13.297	1.339	15.749
188	-13.296	1.339	15.749
252	-13.296	1.339	15.750
264	-13.296	1.339	15.750
303	-13.296	1.339	4.356
358	-13.296	1.339	4.356
317	-13.295	1.339	3.435
319	-13.295	1.339	17.071
320	-13.295	1.339	17.071
321	-13.295	1.339	17.072
120	-13.288	1.320	17.071
140	-13.288	1.320	17.071
164	-13.288	1.320	17.075
249	-13.288	1.320	3.454
307	-13.288	1.320	17.086
310	-13.288	1.320	17.090
481	-13.288	1.320	14.697
499	-13.288	1.320	15.699
666	-13.288	1.320	17.177
513	-13.286	1.321	2.537
50	-13.277	1.338	17.180
57	-13.277	1.338	2.539
69	-13.277	1.338	2.539
74	-13.277	1.338	2.538
75	-13.277	1.338	2.677
90	-13.277	1.338	2.707
91	-13.277	1.338	4.056
32	-13.275	1.338	16.888
43	-13.275	1.338	15.663
45	-13.275	1.338	16.953
53	-13.275	1.338	4.036
22	-13.273	1.339	14.384
23	-13.273	1.339	3.568
15	-13.272	1.339	3.569
19	-13.272	1.339	3.566
3	-13.268	1.339	13.809
11	-13.267	1.339	13.809
136	-13.219	0.032	13.810
182	-13.218	0.032	2.389
186	-13.218	0.032	2.386
208	-13.218	0.032	16.960
595	-13.181	1.316	2.270
614	-13.181	1.316	15.806
616	-13.181	1.316	2.299
269	-13.180	1.316	2.296
495	-13.180	1.316	2.296
550	-13.180	1.316	14.572
575	-13.180	1.316	14.614
583	-13.180	1.316	14.573
514	-13.179	1.316	14.618
7	-13.103	1.323	14.619
116	-13.026	0.038	14.618
240	-13.022	0.039	14.618
34	-13.008	0.039	14.618
35	-13.008	0.039	14.618
66	-13.008	0.039	14.620
21	-13.005	0.039	14.620
525	-12.954	0.049	14.620
529	-12.954	0.049	14.619
51	-12.891	1.324	14.622
16	-12.887	1.324	14.623
316	-12.877	2.157	14.603
386	-12.877	2.157	14.622
227	-12.854	2.157	14.560
453	-12.781	1.306	14.627
123	-12.119	2.101	14.419
673	-12.119	2.101	5.734
297	-12.118	2.101	6.751
414	-12.118	2.101	3.027
63	-12.112	2.101	13.544
83	-12.112	2.101	6.152
129	-11.969	2.105	14.305
196	-11.969	2.105	14.306
366	-11.969	2.105	14.369
369	-11.969	2.105	5.352
376	-11.969	2.105	12.295
403	-11.969	2.105	12.296
567	-11.969	2.105	13.392
600	-11.969	2.105	13.525
324	-11.968	2.105	5.807
381	-11.968	2.105	12.216
237	-11.959	2.105	13.424
39	-11.958	2.105	12.221
466	-11.958	2.105	12.185
228	-11.946	2.105	12.186
290	-11.897	2.121	12.408
338	-11.897	2.121	6.235
342	-11.897	2.121	12.411
372	-11.897	2.121	5.814
377	-11.897	2.121	6.082
422	-11.897	2.121	5.395
423	-11.897	2.121	14.107
520	-11.897	2.121	13.474
545	-11.897	2.121	5.798
546	-11.897	2.121	4.548
552	-11.897	2.121	4.545
565	-11.897	2.121	4.551
584	-11.897	2.121	9.968
601	-11.897	2.121	10.725
617	-11.897	2.121	10.723
298	-11.897	2.121	10.723
299	-11.897	2.121	9.689
450	-11.897	2.121	7.738
126	-11.896	2.121	1.632
202	-11.896	2.121	1.632
210	-11.896	2.121	1.634
213	-11.896	2.121	1.634
267	-11.896	2.121	1.634
326	-11.896	2.121	1.634
345	-11.896	2.121	1.634
346	-11.896	2.121	1.634
420	-11.896	2.121	1.634
447	-11.896	2.121	1.634
416	-11.896	2.121	1.634
40	-11.886	2.121	1.634
61	-11.886	2.121	1.638
62	-11.886	2.121	1.638
49	-11.885	2.121	1.638
4	-11.873	2.120	1.638
118	-11.859	2.121	1.638
128	-11.859	2.121	1.638
574	-11.859	2.121	1.634
318	-11.858	2.121	1.742
435	-11.858	2.121	1.743
578	-11.858	2.121	1.737
335	-11.848	2.121	1.737
336	-11.848	2.121	1.738
347	-11.847	2.121	1.738
112	-11.678	2.099	1.737
58	-11.606	2.117	0.003
8	-11.594	2.117	0.003
663	-11.537	2.107	0.003
507	-11.537	2.105	0.001
406	-11.536	2.114	0.001
203	-11.082	1.857	0.071
289	-10.993	1.887	25.371
587	-10.699	1.899	25.368
143	-9.116	2.579	4.369
154	-9.116	2.579	3.456
161	-9.067	2.600	15.735
368	-9.067	2.600	3.489
387	-9.067	2.600	3.490
176	-9.065	2.295	3.449
459	-9.064	2.600	3.449
258	-9.028	2.387	4.365
30	-9.028	2.386	4.369
127	-9.028	2.387	3.484
132	-9.028	2.387	17.080
153	-9.028	2.387	3.448
158	-9.028	2.387	15.750
166	-9.028	2.387	15.751
179	-9.028	2.387	15.751
328	-9.028	2.387	15.751
93	-9.028	2.385	15.752
1	-9.025	2.387	15.752
2	-9.025	2.387	3.465
5	-9.025	2.387	14.587
9	-9.025	2.386	17.073
548	-8.959	2.615	2.523
48	-8.946	2.615	17.088
28	-8.946	2.615	17.082
47	-8.946	2.615	15.706
56	-8.946	2.615	15.700
68	-8.946	2.615	17.178
645	-8.783	1.902	2.538
549	-8.727	1.895	2.537
108	-8.472	3.005	14.619
248	-8.471	3.005	14.621
211	-8.471	2.589	14.621
544	-8.471	2.589	14.621
655	-8.471	2.589	14.621
220	-8.470	3.004	14.420
219	-8.470	2.588	5.734
77	-8.470	2.589	5.740
149	-8.383	3.027	13.525
177	-8.383	3.027	5.808
190	-8.382	3.027	12.215
201	-8.381	3.026	13.426
38	-8.374	3.029	12.223
41	-8.374	3.029	6.717
150	-8.255	3.862	4.555
283	-8.255	3.862	4.541
141	-8.252	3.868	4.551
193	-8.228	2.444	12.751
282	-8.228	2.444	10.726
365	-8.228	2.444	10.724
315	-8.227	2.444	10.724
247	-8.227	2.444	7.420
131	-8.213	2.445	7.878
413	-8.213	2.445	1.632
541	-8.213	2.445	1.632
553	-8.213	2.445	1.634
559	-8.213	2.445	0.000
224	-8.213	2.445	1.634
272	-8.213	2.445	1.634
235	-8.211	2.446	1.634
458	-8.210	2.445	1.634
124	-8.145	2.433	1.638
146	-8.070	2.421	1.638
225	-8.070	2.422	1.638
500	-8.070	2.421	1.634
371	-8.043	2.130	1.741
432	-8.043	2.130	1.743
433	-8.043	2.130	1.737
562	-8.043	2.130	1.737
399	-8.042	2.130	1.737
672	-8.013	2.140	1.737
253	-7.996	2.120	1.737
602	-7.996	2.120	0.032
669	-7.996	2.120	0.002
152	-7.964	2.130	0.003
162	-7.964	2.130	0.000
197	-7.964	2.130	0.001
409	-7.964	2.130	0.071
105	-7.963	2.130	25.371
110	-7.963	2.130	25.368
27	-7.950	2.130	25.368
173	-7.863	2.377	4.365
348	-7.850	2.331	4.364
393	-7.850	2.331	4.367
462	-7.850	2.331	4.367
145	-7.849	2.331	17.077
151	-7.849	2.331	3.482
195	-7.849	2.331	4.361
205	-7.849	2.331	15.749
359	-7.849	2.331	15.749
361	-7.849	2.331	15.750
530	-7.849	2.331	15.750
547	-7.849	2.331	15.751
95	-7.848	2.332	4.356
96	-7.848	2.332	3.463
107	-7.848	2.331	17.071
113	-7.848	2.331	17.071
85	-7.847	2.332	17.072
14	-7.845	2.332	17.071
24	-7.845	2.332	17.072
472	-7.717	1.922	3.455
144	-7.705	1.631	17.086
304	-7.705	1.631	17.090
138	-7.670	1.636	15.700
184	-7.650	1.958	2.537
185	-7.650	1.958	15.715
216	-7.650	1.958	2.538
262	-7.650	1.958	2.539
274	-7.649	1.958	2.538
496	-7.632	1.958	2.891
106	-7.626	1.939	3.733
44	-7.617	1.940	3.569
55	-7.617	1.940	1.979
81	-7.617	1.940	13.808
33	-7.403	3.329	1.634
101	-7.403	3.330	1.638
119	-7.403	3.330	1.638
135	-7.403	3.330	1.638
223	-7.403	3.330	1.638
446	-7.403	3.330	1.638
511	-7.403	3.330	1.638
26	-7.401	3.330	1.737
226	-7.399	3.331	1.736
482	-7.270	3.588	4.323
492	-7.270	3.588	4.057
439	-7.269	3.588	15.663
465	-7.269	3.588	15.663
265	-7.269	3.587	15.665
296	-7.269	3.588	15.684
624	-7.248	3.908	16.971
572	-7.247	3.909	1.841
603	-7.244	3.908	13.809
667	-7.243	3.909	13.809
594	-7.239	2.980	13.819
630	-7.230	2.982	13.866
631	-7.230	2.983	16.967
571	-7.210	2.968	15.805
591	-7.202	2.971	2.295
411	-7.195	2.970	14.618
619	-7.178	3.919	14.619
564	-7.174	3.919	14.625
681	-7.157	2.982	13.542
678	-7.118	3.368	14.368
397	-6.919	2.405	14.306
474	-6.788	2.637	12.215
364	-6.675	2.152	1.634
1155	-6.671	2.146	1.638
401	-6.669	2.154	1.638
415	-6.585	3.705	3.458
503	-6.585	3.705	3.448
509	-6.585	3.705	3.484
682	-6.564	2.667	3.482
623	-6.548	2.671	15.748
581	-6.540	2.142	17.071
501	-6.539	2.143	2.523
589	-6.537	2.144	3.455
627	-6.537	2.672	17.075
629	-6.537	2.672	15.762
638	-6.537	2.672	17.081
284	-6.530	3.214	14.592
542	-6.529	3.214	16.949
497	-6.529	3.214	4.057
661	-6.529	3.214	15.663
607	-6.528	3.214	15.654
654	-6.528	3.214	14.385
523	-6.504	3.217	14.620
620	-6.504	3.217	14.620
662	-6.503	3.217	14.620
599	-6.502	3.217	14.625
611	-6.502	3.217	14.623
521	-6.501	3.218	14.625
622	-6.501	3.218	14.420
460	-6.500	3.218	14.367
395	-6.500	3.218	14.304
558	-6.499	3.218	14.314
287	-6.499	3.218	5.736
402	-6.499	3.218	12.295
1144	-6.495	2.666	6.609
1176	-6.495	2.666	13.527
1192	-6.495	2.666	5.808
531	-6.494	2.669	12.215
683	-6.494	3.216	14.146
424	-6.493	2.670	12.223
370	-6.493	2.670	14.151
404	-6.493	2.670	12.186
579	-6.493	2.670	5.787
382	-6.492	2.669	6.236
658	-6.492	2.669	12.411
506	-6.491	2.670	6.226
301	-6.491	2.670	5.812
1112	-6.490	3.209	14.109
647	-6.485	2.668	4.591
648	-6.485	2.668	16.766
676	-6.483	3.217	4.546
437	-6.482	2.670	4.551
309	-6.482	2.670	13.387
288	-6.481	2.670	10.712
484	-6.481	2.670	10.723
634	-6.481	2.670	10.723
637	-6.481	2.670	10.722
652	-6.481	2.670	8.002
234	-6.480	2.670	1.632
679	-6.417	1.510	1.638
218	-6.401	3.749	1.638
378	-6.401	3.749	1.634
485	-6.397	1.519	1.741
448	-6.385	1.523	1.743
670	-6.383	1.518	1.743
569	-6.369	1.522	1.737
295	-6.365	1.520	1.737
487	-6.364	1.520	0.002
1068	-6.336	3.585	0.003
580	-6.304	1.522	0.001
92	-6.300	1.520	0.071
526	-6.300	1.521	25.371
1141	-6.288	1.668	25.368
1184	-6.288	1.668	25.368
1185	-6.234	1.667	25.368
1119	-6.218	1.669	25.955
1124	-6.218	1.669	26.523
1147	-6.218	1.669	26.518
1167	-6.218	1.669	26.177
1126	-6.214	1.664	3.491
596	-6.213	1.682	3.489
452	-6.210	1.672	3.484
1186	-6.209	1.673	3.479
680	-6.207	1.672	3.454
675	-6.193	2.144	4.356
396	-6.162	1.680	17.071
159	-6.156	1.682	17.071
543	-6.155	1.682	2.522
555	-6.155	1.682	17.075
502	-6.153	1.682	3.455
455	-6.145	1.682	17.087
504	-6.145	1.683	17.082
570	-6.144	1.683	14.697
407	-6.144	1.683	15.698
168	-6.143	1.683	17.178
357	-6.143	1.683	2.537
606	-6.143	1.683	2.538
615	-6.143	1.683	2.538
491	-6.143	1.683	2.539
636	-6.143	1.683	2.537
418	-6.142	1.683	4.323
427	-6.142	1.683	2.713
633	-6.142	1.683	4.323
137	-6.013	3.588	6.152
1118	-5.721	1.893	0.002
