1286	-7.571	0.000	16.961
1369	-7.570	0.003	2.264
1246	-7.167	1.415	14.203
1275	-7.167	1.415	3.027
1239	-6.804	1.539	12.296
1264	-6.804	1.539	13.394
1280	-6.804	1.303	5.808
1208	-6.529	2.149	15.701
1242	-6.529	2.149	17.177
1270	-6.529	2.149	17.178
1291	-6.529	2.149	15.715
1253	-6.529	2.149	15.715
1278	-6.529	2.149	2.539
1279	-6.529	2.149	2.539
1306	-6.529	2.150	2.538
1335	-6.529	2.149	2.691
1356	-6.528	2.149	16.953
1326	-6.498	2.187	12.296
1225	-6.490	2.132	5.884
1388	-6.490	2.132	14.107
1236	-6.439	2.125	1.634
1260	-6.439	2.125	1.634
1310	-6.439	2.125	1.638
1374	-6.438	2.125	1.638
1293	-6.407	2.275	1.638
1331	-4.361	3.651	2.710
