194	-10.288	0.000	0.000
269	-10.288	0.000	13.353
109	-10.281	0.001	1.853
158	-10.195	0.004	12.156
167	-10.195	0.004	12.156
216	-10.195	0.004	12.157
347	-10.195	0.004	12.157
454	-10.195	0.004	12.157
116	-10.188	0.004	12.158
117	-10.188	0.004	1.844
118	-10.188	0.004	3.926
119	-10.188	0.004	13.347
141	-10.188	0.004	13.346
74	-10.187	0.004	13.346
75	-10.187	0.004	13.309
37	-10.186	0.004	1.850
14	-10.185	0.004	1.850
547	-10.126	0.003	12.169
527	-10.126	0.003	13.356
564	-10.126	0.003	11.086
615	-10.126	0.003	12.115
506	-10.121	0.003	13.455
80	-10.096	0.006	13.428
27	-10.093	0.006	12.128
28	-10.093	0.006	12.128
306	-9.832	0.063	3.942
370	-9.832	0.063	3.943
684	-9.747	0.066	3.943
713	-9.747	0.066	2.575
405	-9.744	0.066	13.101
420	-9.744	0.066	1.656
266	-9.744	0.066	12.030
267	-9.744	0.066	13.104
401	-9.743	0.066	0.063
161	-9.743	0.066	10.874
176	-9.743	0.066	1.680
241	-9.743	0.066	1.681
243	-9.743	0.066	13.121
289	-9.743	0.066	4.059
303	-9.743	0.066	10.310
431	-9.743	0.065	10.309
453	-9.743	0.066	2.667
560	-9.743	0.066	13.124
562	-9.743	0.066	10.368
595	-9.743	0.066	10.244
107	-9.736	0.065	12.830
68	-9.736	0.066	11.145
113	-9.736	0.065	4.070
147	-9.736	0.065	4.069
60	-9.735	0.065	4.069
15	-9.734	0.065	11.264
24	-9.734	0.065	11.270
327	-9.673	0.063	11.268
679	-9.659	0.063	11.269
513	-9.655	0.063	11.269
695	-9.595	0.066	11.269
350	-9.585	0.066	11.269
314	-9.584	0.066	11.269
315	-9.584	0.066	11.271
341	-9.584	0.066	11.271
236	-9.435	0.783	11.271
140	-9.429	0.783	11.271
65	-9.427	0.783	11.273
757	-9.350	0.779	11.276
1528	-9.328	0.784	11.273
138	-9.326	0.784	11.271
56	-9.150	1.037	8.897
79	-9.150	1.037	10.246
345	-9.117	1.032	3.581
570	-9.117	1.032	3.581
190	-9.089	1.038	3.580
181	-9.088	1.038	3.581
155	-9.086	1.039	3.580
148	-9.086	1.039	3.581
54	-9.085	1.039	3.581
52	-9.085	1.039	3.581
10	-9.084	1.039	3.581
248	-9.079	1.039	3.618
573	-9.069	1.035	3.617
173	-8.952	0.814	0.035
585	-8.952	0.814	0.015
182	-8.952	0.814	0.011
209	-8.952	0.814	1.835
244	-8.952	0.814	0.044
277	-8.952	0.814	0.050
282	-8.952	0.814	12.748
90	-8.946	0.815	1.826
105	-8.946	0.815	0.072
153	-8.946	0.815	14.136
253	-8.946	0.815	14.136
73	-8.945	0.815	14.137
144	-8.945	0.815	14.136
26	-8.943	0.815	14.137
583	-8.898	0.959	12.088
702	-8.883	0.806	12.087
553	-8.871	0.807	12.096
552	-8.851	0.822	10.847
1569	-8.847	0.822	11.066
675	-8.801	0.822	3.618
408	-8.794	1.088	3.577
318	-8.794	1.088	3.759
549	-8.794	1.088	3.762
563	-8.794	1.088	3.754
576	-8.794	1.088	3.754
412	-8.776	0.976	3.484
392	-8.775	0.976	3.484
742	-8.772	0.823	3.482
729	-8.738	1.089	1.749
579	-8.736	1.089	1.834
774	-8.734	1.089	1.749
783	-8.734	1.089	0.035
786	-8.734	1.089	0.012
768	-8.693	1.094	14.137
772	-8.693	1.094	14.137
371	-8.689	1.094	14.137
492	-8.689	1.094	3.363
616	-8.689	1.094	14.141
658	-8.689	1.094	12.776
170	-8.487	1.301	25.066
189	-8.487	1.301	1.534
71	-8.482	1.301	25.527
96	-8.482	1.301	25.460
349	-8.399	1.298	14.249
443	-8.322	2.402	2.137
415	-8.219	2.420	12.089
184	-8.218	2.420	12.089
320	-8.218	2.420	12.089
324	-8.218	2.420	12.091
388	-8.218	2.420	12.096
474	-8.218	2.420	12.091
518	-8.218	2.420	12.093
115	-8.216	2.420	12.094
403	-8.179	1.305	2.852
533	-8.153	2.420	4.535
442	-8.151	1.307	2.841
671	-8.131	2.417	9.846
730	-8.131	2.418	11.069
700	-8.131	2.412	5.685
546	-8.125	2.418	9.782
649	-8.125	2.417	11.590
654	-8.125	2.417	9.848
164	-8.114	2.431	10.021
133	-8.113	2.431	5.685
704	-8.100	1.307	3.581
701	-8.087	2.434	3.580
520	-8.075	2.423	3.618
94	-8.058	1.728	3.759
225	-8.049	2.430	25.062
229	-8.049	2.430	24.461
264	-8.049	2.430	25.527
265	-8.049	2.430	25.242
270	-8.049	2.430	0.022
309	-8.049	2.430	11.623
352	-8.049	2.430	11.623
399	-8.049	2.430	0.020
417	-8.049	2.430	1.749
449	-8.049	2.430	0.019
529	-8.049	2.431	0.013
571	-8.049	2.430	0.013
577	-8.049	2.430	0.035
488	-8.048	2.431	0.015
489	-8.048	2.431	0.011
619	-7.996	2.530	1.835
478	-7.949	1.476	0.000
596	-7.925	2.306	0.007
613	-7.925	2.306	0.056
678	-7.892	2.251	0.057
581	-7.888	2.251	1.833
530	-7.859	1.733	12.763
222	-7.803	2.302	0.037
444	-7.803	2.302	0.037
77	-7.801	2.302	14.152
764	-7.790	2.250	14.146
770	-7.786	2.544	12.721
778	-7.786	2.544	12.716
781	-7.786	2.544	14.247
555	-7.783	2.544	3.382
747	-7.777	2.544	12.731
214	-7.772	2.291	12.732
110	-7.771	2.290	3.382
785	-7.761	2.249	3.382
632	-7.754	2.306	11.463
687	-7.735	2.547	1.764
738	-7.735	2.547	1.763
693	-7.734	2.547	13.932
716	-7.734	2.547	1.948
727	-7.734	2.548	10.919
736	-7.734	2.547	10.919
797	-7.733	2.548	1.938
761	-7.732	2.548	13.934
578	-7.729	2.547	10.975
648	-7.729	2.547	10.816
659	-7.729	2.547	12.697
691	-7.720	2.548	3.494
799	-7.719	2.548	3.493
510	-7.714	2.252	3.494
254	-7.695	1.844	12.102
1674	-7.695	2.257	12.082
1708	-7.695	2.257	12.139
1717	-7.695	2.257	12.087
1718	-7.695	2.257	12.088
680	-7.691	2.557	12.087
308	-7.680	1.746	11.842
521	-7.679	1.744	9.844
284	-7.655	2.335	9.845
516	-7.655	2.335	10.847
670	-7.640	2.929	11.066
410	-7.640	2.270	5.686
612	-7.633	2.921	10.772
714	-7.596	2.908	11.545
630	-7.590	2.894	9.941
434	-7.588	2.932	11.546
219	-7.588	2.931	11.548
228	-7.588	2.931	11.106
268	-7.588	2.931	4.618
326	-7.588	2.931	4.607
366	-7.588	2.931	4.615
441	-7.588	2.932	10.213
448	-7.588	2.931	8.253
487	-7.588	2.931	8.251
586	-7.588	2.931	8.251
203	-7.588	2.931	4.388
404	-7.588	2.932	5.178
406	-7.588	2.932	3.581
69	-7.587	2.932	3.581
81	-7.587	2.932	3.580
498	-7.584	2.934	3.581
787	-7.570	2.942	3.580
754	-7.567	2.942	3.581
559	-7.566	2.940	3.580
598	-7.566	2.940	3.580
501	-7.561	2.941	3.580
689	-7.554	2.964	3.618
694	-7.554	2.964	3.617
622	-7.548	2.962	3.617
780	-7.520	2.943	3.759
554	-7.515	2.942	3.762
565	-7.515	2.942	3.754
603	-7.515	2.942	3.754
626	-7.515	2.942	3.754
635	-7.515	2.942	3.754
636	-7.515	2.942	3.754
637	-7.515	2.942	3.503
643	-7.515	2.942	3.481
580	-7.515	2.942	3.484
511	-7.514	2.942	3.482
777	-7.508	2.953	3.482
663	-7.508	2.953	3.531
685	-7.508	2.953	24.385
734	-7.508	2.953	24.382
735	-7.508	2.953	24.382
796	-7.508	2.942	24.383
364	-7.502	2.952	24.570
550	-7.502	2.952	24.940
588	-7.502	2.952	24.944
640	-7.502	2.952	25.526
644	-7.502	2.952	25.529
746	-7.499	2.952	25.242
748	-7.499	2.952	11.622
196	-7.497	2.963	11.623
297	-7.497	2.963	11.623
322	-7.497	2.963	0.032
356	-7.497	2.963	0.019
382	-7.497	2.963	0.033
517	-7.497	2.963	1.833
590	-7.497	2.963	0.035
151	-7.497	2.963	0.035
29	-7.496	2.963	0.007
723	-7.453	2.577	0.008
782	-7.451	2.577	1.834
499	-7.363	2.599	1.831
336	-7.244	1.829	14.145
1473	-7.222	2.173	0.001
31	-7.211	3.647	1.833
61	-7.211	3.647	12.763
16	-7.210	3.647	12.763
17	-7.210	3.647	12.764
162	-7.190	3.426	12.764
246	-7.190	3.426	12.764
464	-7.190	3.426	1.826
99	-7.188	3.426	0.030
124	-7.188	3.426	14.137
192	-7.166	3.878	14.137
78	-7.164	3.878	14.137
33	-7.163	3.878	14.137
57	-7.163	3.878	14.137
548	-7.156	3.429	14.140
88	-7.155	3.632	0.037
169	-7.127	3.879	14.233
187	-7.127	3.879	14.247
201	-7.127	3.879	3.382
346	-7.127	3.879	12.732
114	-7.125	3.879	3.382
125	-7.124	3.879	3.382
62	-7.124	3.879	3.382
4	-7.122	3.879	1.361
1	-7.118	3.878	2.151
135	-7.107	3.875	1.310
13	-7.105	3.874	12.628
23	-7.105	3.874	12.628
6	-7.104	3.874	13.915
240	-7.072	3.632	1.280
165	-7.071	3.632	11.463
55	-7.070	3.632	1.766
87	-7.070	3.632	1.766
89	-7.070	3.632	3.294
11	-7.069	3.632	10.919
12	-7.069	3.632	10.919
7	-7.067	3.632	10.921
8	-7.067	3.632	1.946
127	-7.049	3.408	1.953
53	-7.048	3.409	12.698
63	-7.048	3.409	3.494
9	-7.046	3.409	3.494
271	-7.033	3.635	3.494
259	-7.013	3.894	12.087
137	-7.010	3.894	2.841
106	-7.009	3.894	10.993
129	-7.009	3.894	4.505
19	-7.008	3.894	11.734
39	-7.008	3.894	11.735
40	-7.008	3.894	5.281
46	-7.008	3.894	4.438
128	-7.005	3.882	9.844
41	-7.005	3.882	9.846
42	-7.005	3.882	5.663
43	-7.005	3.882	5.686
108	-7.005	3.882	5.685
25	-7.004	3.882	9.777
475	-6.993	3.574	10.880
476	-6.993	3.574	9.781
163	-6.970	3.882	9.751
337	-6.970	3.882	10.020
102	-6.904	3.849	11.549
226	-6.904	3.849	11.547
227	-6.904	3.849	11.550
262	-6.904	3.849	5.655
21	-6.903	3.849	4.612
32	-6.903	3.849	4.614
3	-6.901	3.849	4.615
238	-6.774	3.896	3.581
436	-6.774	3.896	3.580
424	-6.773	3.896	3.580
100	-6.771	3.895	3.581
582	-6.758	3.896	3.580
641	-6.758	3.896	3.580
556	-6.757	3.896	3.580
557	-6.757	3.896	3.580
131	-6.456	2.891	3.618
35	-6.456	2.890	3.617
212	-6.430	2.897	3.617
234	-6.430	2.897	3.618
260	-6.430	2.897	3.617
261	-6.430	2.897	3.759
332	-6.430	2.897	3.759
334	-6.430	2.897	3.762
348	-6.429	2.897	3.754
188	-6.429	2.897	3.754
437	-6.429	2.897	3.754
93	-6.429	2.897	3.754
84	-6.428	2.897	3.754
149	-6.428	2.897	3.483
38	-6.428	2.896	3.480
191	-6.230	3.846	3.531
142	-6.207	3.844	24.385
178	-6.122	3.936	25.526
258	-6.120	3.844	25.565
363	-6.120	3.844	25.317
365	-6.120	3.844	11.622
386	-6.120	3.844	11.623
204	-6.119	3.936	11.623
224	-6.116	3.937	0.025
76	-6.097	3.843	1.834
130	-6.097	3.843	12.740
132	-6.097	3.843	0.017
139	-6.097	3.843	0.035
152	-6.097	3.843	0.012
64	-6.096	3.842	0.007
20	-6.095	3.842	1.835
5	-6.095	3.842	1.835
202	-6.089	3.944	0.009
44	-6.086	3.944	0.045
47	-6.086	3.944	12.748
48	-6.086	3.944	0.008
83	-5.991	3.946	1.830
551	-5.975	3.946	1.833
477	-5.975	3.947	12.763
584	-5.720	3.831	14.137
604	-5.705	3.948	14.137
451	-5.704	3.948	1.818
682	-5.682	3.947	14.157
709	-5.679	3.948	12.718
602	-5.678	3.947	14.247
703	-5.677	3.948	3.383
538	-5.677	3.948	3.382
698	-5.676	3.949	12.730
1882	-5.667	3.946	3.382
1621	-5.612	3.829	12.628
287	-5.611	3.830	12.631
486	-5.597	3.830	10.919
572	-5.597	3.830	10.919
536	-5.596	3.830	10.929
537	-5.596	3.830	13.934
329	-5.589	3.839	10.974
1425	-5.588	3.831	13.929
296	-5.588	3.839	13.139
311	-5.588	3.839	12.697
174	-5.588	3.839	3.493
321	-5.588	3.839	3.493
355	-5.588	3.839	3.493
400	-5.588	3.839	12.118
531	-5.588	3.839	12.088
1835	-5.580	3.825	12.082
220	-5.574	3.840	12.087
425	-5.574	3.840	12.087
447	-5.574	3.840	12.087
483	-5.574	3.840	12.087
526	-5.574	3.840	12.087
639	-5.574	3.840	12.087
283	-5.574	3.840	12.089
601	-5.574	3.840	12.089
1716	-5.574	3.840	12.090
391	-5.573	3.840	12.091
394	-5.573	3.840	12.088
719	-5.570	3.839	12.091
617	-5.568	3.839	12.095
58	-5.560	3.839	12.095
104	-5.547	3.839	12.100
67	-5.547	3.840	2.852
97	-5.547	3.840	4.535
30	-5.546	3.839	11.647
59	-5.546	3.839	2.842
51	-5.545	3.839	10.991
378	-5.469	3.955	3.581
661	-5.433	3.303	3.618
724	-5.433	3.303	3.617
793	-5.433	3.304	3.759
1756	-5.323	2.898	12.093
1626	-5.315	2.902	2.853
157	-5.270	2.832	24.944
208	-5.269	2.832	25.534
461	-5.269	2.832	25.529
512	-5.269	2.832	25.242
542	-5.269	2.832	11.621
589	-5.269	2.832	11.623
123	-5.251	2.827	14.248
154	-5.251	2.827	3.382
18	-5.249	2.826	3.381
210	-5.248	3.957	3.381
1599	-5.239	2.889	12.098
1768	-5.192	2.891	17.110
1729	-5.181	2.890	17.154
1741	-5.168	2.889	17.155
1771	-5.168	2.889	17.154
1772	-5.168	2.889	17.105
766	-5.139	2.896	7.062
535	-5.138	3.976	7.064
575	-5.125	3.978	14.136
791	-5.106	2.553	13.354
86	-5.104	3.976	14.136
34	-5.102	3.976	14.136
22	-5.102	3.976	6.380
45	-5.102	3.976	14.138
1765	-5.091	2.509	14.193
249	-5.087	3.975	13.358
1745	-5.078	2.544	13.354
1753	-5.077	2.544	14.145
1754	-5.077	2.544	0.005
1322	-4.991	1.961	6.374
1331	-4.991	1.961	6.373
1647	-4.980	1.964	6.373
1746	-4.976	2.996	6.373
1715	-4.968	1.966	13.366
1436	-4.966	1.956	14.208
1459	-4.966	1.956	0.060
1408	-4.966	1.956	0.060
1740	-4.875	1.956	6.430
1610	-4.855	2.239	5.922
1636	-4.842	1.530	5.922
1807	-4.829	2.233	13.837
1453	-4.814	2.234	7.632
1472	-4.814	2.234	7.632
614	-4.745	2.946	5.483
1646	-4.732	2.238	5.473
1333	-4.057	3.270	6.374
1357	-4.057	3.270	6.374
1311	-4.053	3.267	6.373
1312	-4.053	3.267	6.373
1524	-4.052	3.260	6.373
1378	-4.051	3.260	6.373
1760	-4.051	3.259	14.207
1329	-3.988	3.251	6.428
1575	-3.916	3.238	7.561
1655	-3.916	3.238	13.818
1448	-3.915	3.241	7.632
1463	-3.915	3.240	7.632
1474	-3.914	3.238	15.494
1726	-3.914	3.238	2.149
1336	-3.914	3.241	7.606
1377	-3.914	3.240	7.678
1395	-3.914	3.241	3.015
1403	-3.914	3.241	6.228
1417	-3.914	3.241	16.718
1434	-3.914	3.241	16.716
1748	-3.912	3.243	5.482
1543	-3.769	3.008	7.044
1544	-3.769	3.008	7.039
1609	-3.769	3.007	6.652
1688	-3.768	3.004	16.072
1677	-3.767	3.004	16.257
1751	-3.765	3.014	6.082
1493	-3.765	3.014	6.081
1736	-3.764	3.014	6.219
1454	-3.764	3.014	15.932
1467	-3.764	3.014	16.473
1503	-3.764	3.014	16.475
1421	-3.764	3.014	6.299
1441	-3.764	3.014	8.293
