1932	-8.405	0.000	12.764
1923	-8.314	0.823	1.767
1928	-8.314	0.823	13.932
1940	-8.314	0.823	3.554
1948	-8.314	0.823	10.920
1933	-8.280	0.033	12.103
1925	-7.688	2.858	12.087
1926	-7.688	2.858	12.087
1935	-7.688	2.858	12.087
1938	-7.688	2.858	12.089
1951	-7.688	2.858	12.089
1915	-7.687	2.945	12.089
1917	-7.687	2.945	12.089
1936	-7.687	2.945	12.091
1942	-7.687	2.945	12.092
1944	-7.687	2.945	12.091
1945	-7.687	2.945	12.083
1946	-7.687	2.945	12.094
1952	-7.687	2.945	12.097
1907	-7.679	2.932	4.535
1913	-7.679	2.932	4.540
1922	-7.679	2.932	2.841
1941	-7.679	2.932	10.994
1908	-7.679	2.932	4.506
1910	-7.679	2.932	11.794
1929	-7.679	2.932	11.735
1930	-7.679	2.932	11.797
1947	-7.679	2.932	5.404
1911	-7.638	2.894	9.774
1912	-7.638	2.894	10.880
1918	-7.638	2.894	9.781
1924	-7.638	2.894	5.294
1931	-7.638	2.894	9.751
1937	-7.638	2.894	4.591
1939	-7.638	2.894	10.019
1943	-7.638	2.894	10.021
1919	-7.564	2.785	3.580
1909	-7.564	2.793	3.580
1927	-7.564	2.791	3.580
1914	-7.560	2.926	3.618
1916	-7.475	3.022	0.011
1920	-7.475	3.022	1.831
1921	-7.475	3.022	0.009
1934	-7.475	3.022	0.009
1950	-7.475	3.022	12.748
1949	-7.399	3.033	0.056
