1606	-9.770	0.000	12.066
1491	-9.758	1.234	12.080
1616	-9.730	0.010	5.484
1433	-9.692	1.235	5.478
1411	-9.687	0.015	5.479
1375	-9.675	1.236	5.492
1269	-9.672	1.229	8.804
1553	-9.537	2.236	0.001
1500	-9.446	2.235	0.004
1506	-9.446	2.235	0.004
1510	-9.446	2.235	0.004
1503	-9.446	2.231	0.010
1508	-9.445	2.212	0.007
1497	-9.444	2.219	0.021
1486	-9.440	2.275	0.028
1524	-9.435	2.233	13.963
1527	-9.435	2.233	13.741
1570	-9.434	2.248	1.825
1536	-9.434	2.207	13.954
1559	-9.432	2.190	2.129
1526	-9.420	2.227	2.891
1520	-9.412	2.128	2.891
1585	-9.388	3.330	2.216
1579	-9.342	2.105	13.992
1611	-9.318	3.215	4.420
1587	-9.308	3.230	7.320
1498	-9.259	3.232	14.739
1495	-9.259	3.231	14.739
1488	-9.257	3.234	14.739
1487	-9.257	3.234	14.771
1517	-9.251	3.232	14.772
1519	-9.251	3.231	14.771
1554	-9.251	3.230	14.771
1575	-9.251	3.229	14.771
1594	-9.250	3.234	14.770
1582	-9.250	3.233	14.898
1603	-9.250	3.232	14.904
1604	-9.250	3.232	14.903
1590	-9.250	3.231	14.900
1549	-9.250	3.229	14.899
1577	-9.248	3.232	14.899
1067	-9.198	3.217	30.944
1538	-9.193	3.257	30.946
1397	-9.179	3.261	12.735
1533	-9.178	3.349	31.957
1193	-9.150	3.260	12.072
1049	-9.146	3.260	11.841
1146	-9.106	3.261	12.132
1569	-9.086	3.151	8.753
1476	-9.085	3.276	12.145
1490	-9.085	3.276	9.057
1492	-9.085	3.276	5.478
1507	-9.085	3.276	5.478
1148	-9.085	0.053	5.478
1576	-9.085	0.043	13.639
1280	-9.084	3.276	12.107
1239	-9.080	3.277	8.803
1234	-9.079	0.077	5.554
1057	-9.070	3.265	13.650
1225	-9.039	0.048	5.600
1380	-9.038	0.048	8.497
1471	-9.026	2.298	11.483
1474	-9.024	2.293	11.696
1478	-9.024	2.303	5.626
1479	-9.024	2.291	14.434
1135	-9.019	0.051	8.930
1177	-9.018	0.051	13.370
1345	-9.018	0.051	5.638
1037	-9.016	2.289	8.932
1179	-9.015	0.052	14.442
1396	-9.014	2.167	5.707
1393	-8.988	1.139	13.947
1114	-8.975	1.101	0.001
1124	-8.968	2.176	0.001
1232	-8.966	2.188	0.001
1107	-8.962	2.182	0.001
1364	-8.957	2.186	0.002
1203	-8.896	1.100	0.020
1263	-8.895	1.105	1.152
1374	-8.893	1.099	13.963
1089	-8.719	0.074	12.074
997	-8.649	2.490	9.086
1480	-8.638	1.784	5.478
1504	-8.638	1.785	13.642
1494	-8.638	1.784	5.481
1512	-8.638	1.784	12.108
1514	-8.638	1.784	5.490
1511	-8.637	1.778	5.485
1522	-8.634	1.783	9.065
1564	-8.634	1.784	8.805
1542	-8.634	1.782	5.555
1612	-8.593	1.788	11.312
1266	-8.589	3.326	12.728
1194	-8.581	3.326	11.307
1470	-8.567	0.982	11.490
1303	-8.551	1.782	8.930
1200	-8.543	0.623	13.367
1072	-8.538	0.944	13.411
1123	-8.538	0.900	13.936
1126	-8.537	0.967	13.904
1105	-8.537	0.944	9.150
1108	-8.524	1.002	0.488
1281	-8.516	3.321	0.005
1271	-8.515	3.321	0.141
1272	-8.515	3.321	0.001
1150	-8.512	3.322	0.001
1230	-8.510	3.320	0.001
1062	-8.501	3.319	0.001
1061	-8.501	3.317	0.003
1484	-8.501	2.404	0.003
1074	-8.493	2.217	0.005
1602	-8.482	2.424	0.008
1578	-8.456	2.097	0.020
1347	-8.440	1.496	13.964
1429	-8.439	3.750	13.508
1222	-8.432	2.538	2.128
1435	-8.422	3.750	13.608
1278	-8.413	3.751	2.114
1383	-8.413	3.751	14.647
1286	-8.413	3.751	2.954
1312	-8.412	3.750	2.217
1337	-8.412	3.750	2.946
1446	-8.402	3.687	2.973
1385	-8.394	1.497	13.862
1262	-8.394	1.499	3.069
1235	-8.392	1.498	1.926
1196	-8.391	1.499	1.925
1568	-8.379	3.812	13.991
1539	-8.379	3.807	13.991
1249	-8.374	3.684	13.992
1572	-8.365	1.454	4.419
1584	-8.365	1.453	4.420
1045	-8.358	2.569	8.920
1034	-8.330	2.582	14.738
1485	-8.299	3.264	14.740
1176	-8.294	3.259	14.739
1175	-8.293	3.287	14.739
1233	-8.289	3.302	14.739
1169	-8.288	3.329	14.739
1121	-8.288	3.318	14.739
1036	-8.287	3.329	14.771
1111	-8.287	3.330	14.771
1352	-8.286	3.330	14.771
1096	-8.286	3.330	14.771
1255	-8.286	3.333	14.771
1138	-8.283	2.285	14.770
1060	-8.278	2.288	14.733
1077	-8.278	3.272	14.898
1070	-8.273	3.300	14.904
1139	-8.266	3.299	14.900
1032	-8.258	2.289	14.899
1120	-8.252	3.199	14.899
1071	-8.243	1.803	30.945
1125	-8.222	3.284	31.195
1613	-8.215	3.123	31.775
1455	-8.214	3.778	9.099
1391	-8.207	3.871	12.106
1410	-8.203	3.283	12.076
1419	-8.196	3.868	12.108
1073	-8.187	3.117	11.273
1224	-8.185	3.790	12.109
1501	-8.166	3.778	11.271
1451	-8.166	3.212	12.078
1615	-8.138	3.916	11.272
1259	-8.095	1.373	5.478
1580	-8.051	3.273	5.492
1427	-8.047	2.514	5.554
1567	-8.033	2.471	12.460
1534	-8.033	2.484	12.739
1546	-8.032	2.487	11.153
1597	-8.028	3.626	8.491
1560	-8.027	2.444	8.497
1086	-8.022	2.999	9.189
1087	-8.022	2.995	8.477
1394	-8.011	2.485	13.917
1525	-8.010	3.568	8.930
1055	-8.005	3.018	8.930
1064	-8.005	2.998	13.372
1461	-8.003	2.423	8.430
1400	-8.000	2.370	9.149
1595	-7.994	2.463	9.150
1355	-7.989	2.508	13.950
1350	-7.987	2.458	13.948
1608	-7.976	3.636	8.674
1460	-7.972	2.464	0.005
1103	-7.956	2.536	0.034
1295	-7.955	2.512	1.151
1245	-7.955	2.519	13.741
1357	-7.953	2.476	13.940
1317	-7.953	2.505	13.955
1319	-7.952	2.542	2.128
1294	-7.936	2.591	0.893
1342	-7.894	2.362	2.867
1565	-7.869	3.613	2.217
1547	-7.868	3.617	2.945
1202	-7.863	3.909	2.974
1288	-7.863	3.902	2.974
1365	-7.861	3.904	2.996
1509	-7.835	2.531	2.992
1593	-7.834	2.614	14.649
1493	-7.834	2.627	13.862
1571	-7.833	2.600	1.926
1502	-7.833	2.639	1.926
1518	-7.832	2.569	3.116
1540	-7.830	2.527	14.620
1548	-7.829	2.646	13.992
1557	-7.827	2.516	13.993
1555	-7.818	2.718	4.409
1362	-7.788	3.241	14.740
1287	-7.788	3.242	14.739
1328	-7.787	3.236	14.739
1588	-7.777	3.908	14.740
1069	-7.773	3.751	14.739
1129	-7.751	3.603	14.772
1116	-7.751	3.603	14.772
1155	-7.749	3.606	14.771
1423	-7.718	3.601	14.898
1356	-7.703	3.960	14.900
1275	-7.694	3.601	14.633
1189	-7.694	3.602	14.620
1306	-7.694	3.600	14.618
1144	-7.691	3.601	14.620
1133	-7.689	3.599	14.618
1166	-7.618	3.590	30.946
1609	-7.617	3.227	30.944
1168	-7.617	3.589	30.944
1033	-7.616	3.589	30.945
1065	-7.613	3.590	31.299
1038	-7.610	3.593	31.542
1109	-7.585	2.471	31.957
1028	-7.582	3.735	31.996
1496	-7.566	3.225	9.102
1505	-7.566	3.225	9.102
1260	-7.503	3.791	12.080
1282	-7.503	3.791	12.109
1302	-7.501	3.795	12.081
1318	-7.500	3.788	12.077
1082	-7.494	3.732	12.080
1093	-7.494	3.729	12.080
1068	-7.494	3.727	12.079
1044	-7.493	3.730	12.120
1040	-7.493	3.729	8.755
1042	-7.491	3.724	12.081
1531	-7.483	3.797	8.753
1458	-7.477	3.538	8.754
1315	-7.472	3.562	5.478
1390	-7.472	3.564	5.478
1284	-7.472	3.570	5.451
1164	-7.466	3.793	5.554
1418	-7.460	3.577	13.651
1363	-7.459	3.614	13.652
1190	-7.453	3.563	8.935
1462	-7.452	3.499	8.478
1610	-7.413	3.997	8.932
1066	-7.391	3.876	9.151
1046	-7.390	3.880	13.949
1217	-7.386	3.870	13.948
981	-7.364	3.769	8.673
1543	-7.268	1.164	0.001
1110	-7.161	3.683	13.964
1054	-7.159	3.247	13.741
1101	-7.155	3.247	13.955
1475	-7.121	3.660	1.007
1024	-7.089	3.678	2.892
1029	-7.041	3.685	2.892
1161	-6.888	2.444	14.648
1210	-6.860	2.437	2.216
1162	-6.743	3.405	13.552
1562	-6.741	3.682	2.997
1154	-6.697	3.356	13.425
1156	-6.695	3.318	14.649
1039	-6.662	3.378	13.862
1545	-6.072	3.949	14.618
