51	-20.716	0.000	0.000
31	-20.479	3.164	2.945
35	-20.479	3.164	2.973
45	-20.479	3.164	2.973
6	-20.451	3.164	13.552
8	-20.451	3.164	2.997
137	-19.992	2.105	2.992
145	-19.992	2.105	2.304
65	-19.978	2.104	13.993
80	-19.978	2.104	14.122
81	-19.978	2.104	1.926
30	-19.967	2.105	1.925
38	-19.966	2.105	2.029
22	-19.960	2.105	13.860
23	-19.960	2.105	13.990
144	-18.185	2.266	13.993
62	-18.163	3.515	2.188
73	-17.394	3.514	4.431
40	-17.375	3.513	4.420
121	-17.149	3.485	4.420
142	-17.147	3.485	4.425
29	-17.098	3.485	7.299
32	-17.098	3.485	14.738
46	-17.098	3.485	14.738
5	-17.075	3.485	14.739
58	-16.543	3.021	14.740
166	-15.148	3.434	14.739
39	-15.006	3.757	14.740
13	-15.000	3.757	14.739
15	-15.000	3.757	14.739
16	-15.000	3.757	14.739
27	-15.000	3.757	14.739
567	-13.579	0.761	14.899
817	-13.561	1.299	14.899
393	-13.535	1.297	14.631
423	-13.533	1.297	14.618
867	-13.530	1.297	14.619
554	-13.461	0.764	14.618
878	-13.459	0.764	31.283
172	-13.433	0.759	11.273
468	-13.400	0.759	12.109
179	-13.364	1.284	12.077
167	-13.364	1.284	11.270
174	-13.364	1.284	12.119
176	-13.364	1.284	12.126
127	-13.361	1.284	8.755
120	-13.361	1.284	12.092
147	-13.359	1.283	12.081
443	-13.352	0.816	12.132
18	-13.348	1.284	12.132
85	-13.347	1.283	11.275
102	-13.346	1.283	11.268
26	-13.344	1.284	5.483
63	-13.343	1.284	5.484
237	-13.343	1.282	12.121
3	-13.323	1.282	8.754
4	-13.323	1.282	8.754
155	-13.317	1.280	8.754
157	-13.317	1.280	8.754
305	-13.315	1.279	11.280
96	-13.303	1.279	11.280
194	-13.250	0.744	5.478
143	-13.248	0.744	5.478
146	-13.247	0.745	5.480
154	-13.247	0.745	12.108
92	-13.235	0.745	5.555
94	-13.235	0.745	13.652
101	-13.235	0.745	5.556
108	-13.235	0.745	13.650
64	-13.233	0.745	13.650
199	-13.213	0.741	13.651
124	-13.212	0.742	12.791
288	-13.206	0.743	12.737
113	-13.198	0.742	11.152
1	-13.198	0.743	5.448
2	-13.198	0.743	8.492
87	-13.197	0.743	5.601
938	-13.137	1.624	11.174
149	-13.005	1.606	13.953
153	-12.994	1.608	13.947
74	-12.989	0.800	13.948
20	-12.980	1.608	0.495
12	-12.978	1.608	0.005
105	-12.941	1.608	0.001
272	-12.754	2.936	0.000
283	-12.754	2.936	0.001
298	-12.754	2.936	0.001
321	-12.754	2.936	0.001
332	-12.753	2.936	0.003
181	-12.749	2.936	0.003
186	-12.749	2.936	0.003
190	-12.749	2.936	0.001
118	-12.748	2.936	0.005
56	-12.742	3.828	1.151
210	-12.741	2.935	13.741
314	-12.658	2.938	2.239
947	-12.658	2.939	2.114
1014	-12.658	2.939	14.647
290	-12.655	2.930	2.953
302	-12.655	2.930	2.217
318	-12.655	2.930	2.946
424	-12.655	2.938	2.974
175	-12.654	2.938	2.973
417	-12.654	2.938	2.996
509	-12.653	2.938	13.424
343	-12.652	2.930	2.992
353	-12.652	2.930	14.649
355	-12.652	2.930	13.862
430	-12.652	2.930	13.810
461	-12.652	2.930	1.926
347	-12.651	2.930	2.123
349	-12.651	2.930	14.620
396	-12.651	2.930	13.992
496	-12.651	2.938	13.991
942	-12.651	2.938	13.993
171	-12.650	2.930	11.222
206	-12.650	2.930	4.415
207	-12.650	2.930	4.420
811	-12.643	3.596	4.420
132	-12.643	3.590	5.417
240	-12.643	2.929	7.554
130	-12.642	3.591	14.738
358	-12.639	2.929	14.738
745	-12.634	2.930	14.771
222	-12.631	3.593	14.770
177	-12.631	3.591	14.733
170	-12.629	3.593	14.898
204	-12.628	3.592	14.904
815	-12.628	2.928	14.900
802	-12.626	3.594	14.900
151	-12.624	2.924	14.899
116	-12.616	2.943	14.899
191	-12.616	2.943	14.899
152	-12.615	2.943	14.620
798	-12.613	3.598	14.620
133	-12.613	2.943	14.620
140	-12.613	2.943	14.618
163	-12.612	3.593	14.618
757	-12.609	3.596	14.653
316	-12.607	2.943	30.946
578	-12.604	2.925	30.944
397	-12.604	2.942	30.944
354	-12.604	2.942	30.945
381	-12.604	2.942	31.284
411	-12.604	2.942	31.188
405	-12.603	2.942	31.195
84	-12.602	3.593	31.957
342	-12.600	3.595	31.959
104	-12.599	3.594	31.775
267	-12.599	3.594	9.099
512	-12.598	3.594	9.102
418	-12.598	3.595	9.103
388	-12.596	3.599	12.106
93	-12.594	3.601	11.837
832	-12.593	3.595	11.267
41	-12.593	3.594	11.838
373	-12.592	2.941	12.109
375	-12.592	2.941	12.080
79	-12.588	2.940	12.085
95	-12.580	3.597	11.270
99	-12.579	3.594	11.271
100	-12.579	3.594	12.079
595	-12.579	2.923	12.079
219	-12.578	2.919	8.755
277	-12.577	2.920	12.080
645	-12.560	2.932	11.272
117	-12.544	2.932	12.132
614	-12.537	2.919	12.085
531	-12.537	2.929	11.268
602	-12.536	2.919	12.087
68	-12.535	2.940	5.483
86	-12.535	2.940	5.484
90	-12.535	2.940	12.110
107	-12.535	2.940	8.754
109	-12.535	2.940	8.754
112	-12.535	2.940	8.754
114	-12.535	2.940	11.280
259	-12.534	2.927	8.754
122	-12.526	3.565	12.762
712	-12.526	2.918	12.098
624	-12.526	2.918	5.478
791	-12.525	2.918	5.478
103	-12.523	2.940	13.641
772	-12.520	2.927	13.655
125	-12.519	3.598	13.652
776	-12.512	2.927	8.789
235	-12.504	2.917	13.652
233	-12.502	2.917	12.781
978	-12.493	2.925	12.277
560	-12.485	2.914	11.153
928	-12.479	2.934	11.156
662	-12.476	2.921	9.189
792	-12.473	2.921	9.189
768	-12.473	2.921	8.477
521	-12.465	2.919	8.930
557	-12.465	2.919	13.373
513	-12.464	2.919	13.374
517	-12.463	2.918	8.927
987	-12.447	2.919	9.149
1003	-12.447	2.919	9.151
946	-12.446	2.919	13.948
951	-12.446	2.919	13.948
580	-12.445	2.917	8.674
965	-12.445	2.919	0.005
966	-12.445	2.919	0.002
505	-12.444	3.042	0.000
918	-12.424	2.916	0.001
743	-12.424	2.916	0.001
53	-12.409	2.929	0.001
131	-12.404	2.966	0.000
128	-12.404	2.966	0.002
638	-12.404	2.912	0.002
291	-12.402	2.966	0.002
485	-12.401	3.532	0.004
617	-12.400	2.912	0.023
576	-12.352	2.902	0.020
527	-12.352	2.902	0.013
886	-12.345	2.910	1.151
806	-12.344	2.910	13.741
766	-12.343	2.910	1.825
937	-12.324	1.572	13.954
820	-12.303	3.547	1.007
898	-12.298	2.905	0.893
636	-12.297	2.905	0.894
851	-12.287	3.546	13.549
600	-12.277	2.905	2.891
596	-12.270	2.900	2.892
593	-12.270	2.900	13.770
722	-12.270	2.904	14.647
634	-12.264	2.900	2.867
192	-12.256	2.962	3.016
203	-12.256	2.962	2.217
126	-12.253	2.962	2.945
141	-12.251	2.962	2.974
264	-12.251	2.962	2.974
19	-12.249	2.962	2.996
76	-12.245	2.962	13.424
14	-12.245	2.963	14.652
24	-12.243	2.962	14.649
69	-12.243	2.962	13.861
82	-12.243	2.962	1.926
47	-12.243	2.962	1.925
71	-12.243	2.962	14.010
33	-12.243	2.962	14.620
444	-12.235	3.921	13.991
326	-12.235	3.921	13.991
61	-12.212	2.963	13.992
77	-12.210	2.963	4.432
36	-12.209	2.963	4.413
49	-12.208	2.963	4.420
185	-12.201	3.544	4.420
148	-12.199	3.545	7.320
280	-12.183	3.546	14.738
156	-12.174	3.544	14.739
50	-12.169	3.545	14.739
473	-12.160	3.545	14.739
91	-12.151	3.544	14.739
89	-12.150	3.545	14.739
226	-12.113	3.932	14.739
180	-12.111	3.932	14.739
413	-12.108	3.932	14.739
260	-12.107	3.932	14.739
331	-12.086	3.928	14.771
346	-12.086	3.928	14.771
419	-12.086	3.928	14.771
432	-12.086	3.928	14.771
230	-12.073	3.932	14.771
178	-12.071	3.932	14.770
200	-12.070	3.932	14.898
382	-12.069	3.929	14.898
477	-12.068	3.929	14.903
275	-12.068	3.929	14.900
309	-12.068	3.929	14.899
437	-12.068	3.929	14.899
266	-12.068	3.929	14.899
323	-12.068	3.929	14.631
119	-12.068	3.932	14.619
481	-12.068	3.932	14.617
345	-12.068	3.932	14.618
335	-12.068	3.932	14.618
427	-12.068	3.932	14.653
297	-12.067	3.929	14.653
415	-12.067	3.929	30.946
162	-12.067	3.932	30.944
165	-12.067	3.932	30.944
374	-12.066	3.929	30.945
488	-12.066	3.929	31.299
241	-12.066	3.929	31.542
421	-12.066	3.929	12.735
376	-12.066	3.932	31.957
243	-12.065	3.932	31.897
238	-12.063	3.932	5.451
268	-12.057	3.932	12.091
111	-12.038	3.930	9.102
378	-12.029	3.929	9.102
54	-12.011	1.917	12.068
97	-11.998	3.929	11.267
932	-11.978	2.953	11.838
955	-11.963	3.922	12.071
797	-11.960	3.922	12.109
7	-11.948	1.900	12.079
586	-11.948	3.916	12.077
48	-11.926	1.894	8.755
499	-11.914	2.952	12.132
44	-11.845	2.226	12.087
550	-11.818	3.907	12.086
877	-11.737	3.654	5.486
293	-11.726	3.761	8.754
320	-11.699	3.759	8.754
905	-11.685	3.758	8.754
252	-11.680	3.754	8.754
571	-11.559	0.885	5.478
209	-11.508	3.155	11.290
236	-11.486	3.154	8.805
279	-11.463	3.372	5.556
703	-11.433	3.145	13.650
679	-11.421	3.146	12.733
632	-11.406	3.144	8.491
664	-11.402	3.145	8.935
892	-11.396	3.155	11.483
783	-11.394	3.155	5.626
742	-11.394	3.155	14.434
838	-11.393	3.155	8.930
689	-11.374	3.155	8.930
652	-11.373	3.154	13.370
646	-11.373	3.154	5.638
990	-11.359	3.158	8.932
1015	-11.358	3.158	5.627
973	-11.357	3.158	5.708
956	-11.354	3.158	9.151
623	-11.324	3.138	13.948
17	-11.323	3.447	13.947
760	-11.289	3.148	0.001
672	-11.287	3.149	0.002
715	-11.228	3.141	0.005
211	-11.175	3.150	13.954
607	-11.128	3.143	13.641
993	-11.120	3.145	14.647
248	-11.068	1.893	13.552
552	-11.040	3.918	14.652
255	-11.033	3.921	14.648
489	-11.033	3.921	13.861
483	-11.023	1.177	1.926
380	-10.906	0.887	14.738
60	-10.904	3.928	14.739
88	-10.903	3.930	14.740
55	-10.902	3.931	14.739
530	-10.886	3.843	14.771
674	-10.855	3.124	14.619
510	-10.791	1.203	11.275
139	-10.768	3.909	9.085
11	-10.755	2.060	5.489
57	-10.747	2.048	8.805
83	-10.743	3.901	5.554
72	-10.743	3.904	13.652
808	-10.713	2.070	8.903
747	-10.709	2.073	13.953
865	-10.692	2.065	13.948
855	-10.689	2.062	0.005
43	-10.684	1.737	0.001
9	-10.645	1.796	13.741
823	-10.610	3.618	2.891
601	-10.608	1.943	2.239
941	-10.599	1.959	2.114
213	-10.583	3.615	14.647
814	-10.581	1.387	2.954
253	-10.580	3.620	2.217
37	-10.569	3.616	13.423
435	-10.539	3.202	1.925
244	-10.523	3.195	14.738
386	-10.517	3.189	14.739
28	-10.504	3.193	14.771
333	-10.438	3.148	14.900
284	-10.415	3.544	14.899
705	-10.395	3.346	14.618
827	-10.365	3.701	31.957
327	-10.342	3.372	9.103
315	-10.335	3.889	11.273
289	-10.332	3.189	12.109
296	-10.332	3.190	12.085
312	-10.330	3.187	12.077
356	-10.330	1.614	11.265
428	-10.329	2.964	12.078
78	-10.319	3.883	11.272
933	-10.317	3.740	11.274
387	-10.316	2.921	11.270
269	-10.294	3.753	8.754
394	-10.293	2.971	11.280
307	-10.292	3.100	12.098
150	-10.285	3.360	5.481
363	-10.242	1.478	12.460
337	-10.222	3.474	11.174
511	-10.217	3.920	9.189
395	-10.175	3.864	13.898
228	-10.173	3.124	13.950
98	-10.173	3.477	13.948
365	-10.169	3.257	8.673
412	-10.169	3.815	0.005
574	-10.168	1.572	0.003
894	-10.154	2.072	0.001
456	-10.131	3.431	0.001
882	-10.130	3.433	0.000
123	-10.126	3.431	0.002
853	-10.079	3.478	0.059
936	-10.059	3.418	13.741
416	-10.054	3.686	2.892
449	-10.054	3.601	2.892
34	-10.042	3.114	2.946
914	-9.993	3.532	4.420
467	-9.984	3.379	5.417
52	-9.978	3.378	14.738
67	-9.970	3.403	14.739
311	-9.960	3.652	14.739
242	-9.917	3.205	14.771
784	-9.913	3.229	14.771
759	-9.912	3.235	14.770
218	-9.902	3.202	14.903
549	-9.890	3.254	14.899
339	-9.761	3.200	12.072
158	-9.746	3.199	11.270
197	-9.736	3.179	12.085
391	-9.721	3.179	8.754
1016	-9.630	3.690	8.930
249	-9.598	3.894	5.638
472	-9.582	3.763	8.932
479	-9.545	3.614	8.674
25	-9.543	3.087	0.007
927	-9.540	2.507	0.026
441	-9.476	3.824	0.007
357	-9.430	3.740	1.007
503	-9.407	3.691	2.238
371	-9.397	3.702	1.882
407	-9.382	3.867	2.945
408	-9.376	3.778	2.974
352	-9.346	3.523	1.926
537	-9.313	3.833	4.421
21	-9.240	3.330	14.619
859	-9.214	3.416	14.618
1018	-9.148	3.816	12.109
59	-8.990	3.650	13.948
75	-8.885	3.585	13.401
1005	-8.803	3.760	14.739
492	-8.676	3.975	11.275
497	-8.676	3.975	11.275
10	-8.665	3.974	5.483
998	-8.663	2.246	12.121
42	-8.599	3.572	13.650
676	-8.594	3.746	13.651
239	-8.560	3.761	5.628
465	-8.422	3.730	1.008
470	-8.308	3.679	14.739
989	-7.933	2.964	0.894
704	-7.719	3.323	14.899
