1633	-12.688	0.000	0.894
1668	-12.688	0.000	0.894
1672	-12.688	0.001	1.007
1676	-12.688	0.003	13.786
1652	-12.686	0.001	2.892
1694	-12.635	0.004	14.739
1692	-12.635	0.004	14.739
1698	-12.635	0.004	14.739
1699	-12.635	0.004	14.740
1702	-12.635	0.004	14.739
1682	-12.634	0.004	14.739
1638	-12.634	0.004	14.739
1677	-12.634	0.004	14.739
1678	-12.634	0.004	14.739
1686	-12.634	0.004	14.739
1734	-12.633	0.004	14.771
1658	-12.633	0.023	14.771
1711	-12.632	0.004	14.771
1653	-12.632	0.004	14.771
1684	-12.524	0.038	5.479
1695	-12.524	0.038	5.479
1707	-12.522	0.039	5.481
1729	-12.522	0.039	8.750
1721	-12.522	0.038	5.489
1733	-12.522	0.039	5.429
1745	-12.522	0.039	8.804
1708	-12.522	0.038	5.554
1717	-12.521	0.038	5.554
1469	-12.509	0.037	13.650
1737	-12.484	0.069	8.492
1749	-12.482	0.068	8.491
1732	-12.466	0.037	5.626
1747	-12.465	0.037	13.910
1753	-12.465	0.037	8.930
1755	-12.465	0.037	8.930
868	-11.294	2.037	0.021
519	-11.235	3.022	0.001
1723	-11.209	3.778	0.003
1664	-11.188	0.975	0.017
1667	-11.187	0.974	0.020
763	-11.157	2.915	1.006
767	-11.148	3.015	0.892
992	-11.124	3.019	2.891
1728	-11.122	0.982	2.892
1627	-11.118	1.985	2.866
551	-11.117	3.018	1.882
1632	-11.112	1.985	2.945
931	-11.110	3.020	1.884
1622	-11.108	1.985	2.883
1738	-10.939	0.971	4.431
1727	-10.939	3.657	4.419
1743	-10.939	3.657	4.420
1706	-10.938	3.657	4.420
1431	-10.921	3.773	5.422
1395	-10.920	3.773	14.738
1657	-10.892	3.772	14.739
1665	-10.891	3.772	14.739
1641	-10.891	3.772	14.739
1674	-10.891	3.772	14.739
1661	-10.891	3.772	14.739
1680	-10.891	3.772	14.739
1630	-10.890	3.772	14.771
1639	-10.889	3.772	14.772
1693	-10.889	3.772	14.771
1671	-10.887	3.772	14.771
1624	-10.878	3.013	14.770
1637	-10.864	3.013	14.899
1167	-10.864	3.658	14.899
1623	-10.863	3.013	14.900
1634	-10.855	3.659	14.618
1675	-10.834	3.778	30.944
1683	-10.833	3.777	30.944
1751	-10.784	2.009	8.754
1718	-10.783	2.009	8.754
1720	-10.783	2.009	8.754
1625	-10.772	3.770	8.754
1647	-10.768	3.770	12.098
1635	-10.767	3.770	5.478
1621	-10.759	3.770	5.478
1618	-10.759	3.769	13.639
1620	-10.759	3.770	12.107
1619	-10.759	3.769	12.108
1741	-10.740	3.738	13.650
986	-10.543	3.025	3.070
778	-10.539	3.026	1.926
741	-10.538	3.029	2.029
1655	-10.526	3.772	4.415
1722	-10.526	3.772	4.420
1713	-10.525	3.772	4.420
1715	-10.523	3.772	7.425
1670	-10.521	3.772	14.739
1669	-10.521	3.772	14.739
794	-10.442	1.984	14.900
1626	-10.408	3.771	14.899
1688	-10.398	3.765	14.618
1629	-10.398	3.765	14.620
1756	-10.389	3.005	30.944
1631	-10.373	0.959	0.000
1666	-10.371	0.959	31.195
1646	-10.353	3.407	31.961
1636	-10.353	3.408	31.775
1313	-10.328	3.773	12.079
1650	-10.325	2.047	8.755
1689	-10.297	2.046	8.754
1712	-10.279	3.767	5.489
1736	-10.279	3.767	5.492
1640	-10.258	3.793	13.650
1746	-10.176	3.406	13.379
1750	-10.175	3.404	5.620
1700	-10.174	3.406	9.150
1710	-10.173	3.406	13.948
548	-10.167	2.125	0.001
1358	-10.105	2.149	0.009
1752	-10.091	2.999	0.004
604	-10.089	2.876	0.005
1648	-10.045	3.834	2.953
1739	-10.026	3.405	13.424
1697	-10.003	2.988	1.923
1701	-10.003	2.988	1.926
1644	-10.002	2.988	14.620
1726	-10.001	2.987	13.992
1730	-10.000	2.986	13.992
1731	-10.000	2.987	13.993
1660	-9.999	2.988	11.222
1663	-9.998	2.988	3.997
1735	-9.970	3.461	14.739
1296	-9.958	2.854	14.739
1691	-9.942	3.766	14.739
1744	-9.942	3.766	14.739
1685	-9.941	3.766	14.740
1687	-9.941	3.766	14.739
1716	-9.940	3.766	14.771
1705	-9.940	3.766	14.771
1690	-9.882	2.986	14.899
1740	-9.881	2.986	14.899
1742	-9.838	3.465	14.618
1724	-9.811	3.622	30.946
1725	-9.811	3.622	30.944
1696	-9.811	3.622	30.944
1719	-9.785	3.765	31.957
1656	-9.784	3.764	31.992
1645	-9.715	2.679	8.754
1673	-9.713	2.672	8.754
1679	-9.713	2.671	8.754
1440	-9.653	3.629	5.555
1441	-9.653	3.629	13.655
1421	-9.652	3.629	13.652
1300	-9.651	3.629	8.789
1371	-9.651	3.629	13.650
1401	-9.650	3.629	12.461
1662	-9.648	3.746	11.307
1654	-9.643	2.619	8.491
1651	-9.641	3.629	8.492
1659	-9.639	3.629	9.189
1704	-9.342	2.892	14.009
1709	-9.342	2.893	3.999
1649	-9.342	2.893	13.994
1008	-9.285	2.778	14.739
1748	-9.140	3.484	12.077
1754	-9.140	3.492	12.079
1628	-8.943	3.577	0.002
1642	-8.908	3.553	0.007
1714	-8.892	3.114	13.955
1703	-8.765	3.685	14.771
1681	-8.758	3.490	30.946
1132	-8.716	3.952	12.079
870	-8.715	2.332	12.109
940	-8.556	3.327	13.387
884	-8.525	3.125	13.947
1643	-8.497	3.849	0.003
977	-8.309	3.694	14.738
895	-6.475	3.960	14.009
