529	-10.821	0.000	30.980
599	-10.820	0.001	31.957
520	-10.820	0.001	31.775
518	-10.820	0.002	12.079
621	-10.818	0.002	12.079
514	-10.760	2.049	5.478
615	-10.752	2.048	5.484
532	-10.752	2.049	8.786
136	-10.731	0.050	12.728
220	-10.729	0.049	11.153
217	-10.729	0.048	8.491
215	-10.729	0.048	5.601
184	-10.729	0.048	11.173
270	-10.729	0.048	9.189
402	-10.729	0.049	11.694
247	-10.729	0.047	11.695
392	-10.729	0.047	5.626
351	-10.729	0.046	13.384
287	-10.729	0.043	8.930
281	-10.728	0.050	8.930
795	-10.723	2.095	13.367
843	-10.718	2.097	5.638
968	-10.710	2.097	9.149
202	-10.670	0.076	0.001
501	-10.663	2.100	0.001
294	-10.663	2.100	0.002
385	-10.663	2.100	0.002
464	-10.662	2.099	0.002
299	-10.662	2.099	0.002
414	-10.662	2.100	0.004
257	-10.662	2.100	0.005
368	-10.660	2.037	0.004
361	-10.659	2.037	0.008
344	-10.659	2.037	0.020
258	-10.658	2.037	0.020
183	-10.657	2.037	1.152
476	-10.652	2.101	13.740
547	-10.634	0.278	13.955
559	-10.633	0.277	2.127
583	-10.633	0.278	13.401
523	-10.633	0.277	1.004
528	-10.633	0.277	0.894
515	-10.632	0.277	1.007
737	-10.618	2.080	13.608
642	-10.613	2.095	2.892
969	-10.580	2.065	2.945
908	-10.563	2.126	2.996
605	-10.562	2.126	2.992
658	-10.561	2.125	2.304
1020	-10.534	2.068	13.994
943	-10.533	2.069	13.990
436	-10.524	2.067	9.050
303	-10.523	2.067	14.738
447	-10.523	2.067	14.739
453	-10.523	2.067	14.740
164	-10.522	2.067	14.740
262	-10.520	2.067	14.739
960	-10.508	1.165	14.739
585	-10.477	1.088	14.771
765	-10.429	0.247	14.899
212	-10.393	0.616	14.618
286	-10.392	0.456	30.946
329	-10.388	0.413	30.945
675	-10.315	0.214	11.269
841	-10.313	0.198	5.483
748	-10.309	0.218	12.087
762	-10.308	0.219	11.276
439	-10.305	0.097	8.754
788	-10.302	0.217	8.754
591	-10.292	0.192	5.478
584	-10.291	0.191	5.478
561	-10.291	0.190	5.479
522	-10.290	0.189	5.478
653	-10.290	0.192	5.478
161	-10.282	0.163	12.108
195	-10.276	0.220	8.804
644	-10.252	0.293	13.650
699	-10.224	0.204	5.601
364	-10.210	0.193	11.696
854	-10.059	0.089	1.151
852	-10.057	0.092	13.955
691	-10.057	0.088	2.128
727	-10.056	0.092	13.401
861	-10.056	0.091	0.894
729	-10.055	0.109	0.894
909	-10.055	0.093	13.503
903	-10.055	0.090	13.786
925	-10.053	0.098	14.632
735	-10.053	0.087	14.647
828	-10.052	0.145	14.647
568	-10.045	1.988	2.217
979	-10.036	0.089	2.996
812	-9.986	0.065	4.420
622	-9.970	0.170	14.739
953	-9.963	0.073	14.740
506	-9.905	0.109	14.899
504	-9.903	0.110	14.898
442	-9.901	1.970	14.900
654	-9.852	0.129	14.900
893	-9.851	0.126	14.619
840	-9.850	0.125	14.617
732	-9.849	0.129	14.620
988	-9.834	0.131	14.618
480	-9.829	0.134	14.653
702	-9.800	0.138	30.945
440	-9.755	0.786	12.086
182	-9.561	2.939	9.061
367	-9.557	2.939	9.151
359	-9.556	2.939	13.948
285	-9.556	2.939	13.947
234	-9.554	2.939	13.946
110	-9.539	2.938	0.000
670	-9.476	0.745	0.002
588	-9.423	2.942	0.894
566	-9.376	1.820	2.996
336	-9.241	1.785	14.633
487	-9.087	2.080	8.754
819	-9.082	2.947	5.481
920	-9.082	2.946	8.750
706	-9.082	2.927	5.484
478	-9.077	2.106	5.555
562	-9.076	2.916	8.788
770	-9.071	2.176	8.788
508	-9.067	2.945	13.650
403	-9.066	2.945	12.764
463	-9.037	2.916	9.189
866	-9.019	2.015	8.930
633	-8.976	2.186	0.001
338	-8.966	2.376	0.001
848	-8.936	2.277	0.003
863	-8.932	2.227	0.002
922	-8.915	2.196	0.004
434	-8.887	2.458	12.547
261	-8.879	2.626	1.004
663	-8.860	2.224	2.892
717	-8.828	2.931	14.648
801	-8.828	2.931	13.673
693	-8.826	2.931	14.009
885	-8.825	2.931	4.021
782	-8.823	2.931	13.993
656	-8.781	2.950	14.739
232	-8.781	3.166	14.739
684	-8.779	2.948	14.771
857	-8.758	2.927	14.653
555	-8.756	2.943	30.944
708	-8.744	2.928	31.195
907	-8.744	2.928	31.964
888	-8.740	2.924	31.775
446	-8.740	2.931	9.099
873	-8.734	2.943	9.103
1011	-8.722	2.929	12.076
474	-8.717	2.927	11.267
805	-8.695	3.275	12.132
837	-8.666	2.922	11.268
825	-8.665	2.922	12.105
950	-8.642	2.923	5.478
457	-8.546	2.517	8.930
971	-8.528	2.252	13.953
714	-8.503	2.215	0.001
322	-8.496	2.662	0.003
589	-8.485	1.200	0.006
785	-8.437	3.318	13.955
721	-8.425	2.606	13.401
570	-8.157	3.706	12.079
168	-8.155	3.970	8.755
227	-8.155	3.970	12.080
276	-8.121	2.875	5.484
647	-8.038	3.361	13.651
471	-7.963	2.943	0.003
612	-7.961	3.709	0.001
657	-7.960	3.709	0.001
546	-7.960	3.709	0.001
553	-7.960	3.709	0.000
542	-7.960	3.710	0.001
545	-7.960	3.709	0.000
536	-7.959	3.709	0.002
534	-7.959	3.709	0.002
525	-7.959	3.709	0.002
563	-7.958	3.709	0.003
564	-7.958	3.709	0.008
558	-7.958	3.709	0.005
577	-7.958	3.709	0.008
582	-7.955	3.715	0.021
452	-7.909	3.985	13.785
926	-7.909	3.984	2.892
426	-7.906	3.977	2.892
666	-7.900	3.981	13.770
292	-7.826	3.702	13.993
655	-7.816	3.705	11.253
716	-7.815	3.706	4.420
711	-7.815	3.706	4.420
720	-7.815	3.706	5.417
619	-7.815	3.705	7.533
730	-7.814	3.707	14.738
682	-7.813	3.704	14.740
254	-7.804	3.117	14.740
758	-7.794	3.709	14.740
860	-7.750	3.712	14.771
890	-7.740	3.699	14.771
454	-7.725	3.257	14.771
1010	-7.717	3.712	14.904
313	-7.715	3.715	14.901
409	-7.711	3.308	14.900
533	-7.666	3.709	14.617
431	-7.586	3.705	12.731
526	-7.526	3.683	11.267
668	-7.489	3.701	12.094
862	-7.489	3.701	12.132
649	-7.489	3.701	12.085
500	-7.489	3.701	12.086
630	-7.488	3.701	12.087
641	-7.488	3.701	12.106
627	-7.487	3.701	5.485
746	-7.487	3.701	8.754
688	-7.486	3.701	8.754
592	-7.476	3.694	8.753
606	-7.476	3.308	12.146
648	-7.472	3.703	12.099
671	-7.472	3.703	5.478
486	-7.471	3.703	11.268
696	-7.470	3.703	5.480
756	-7.470	3.703	8.749
629	-7.470	3.703	5.489
660	-7.469	3.703	5.491
725	-7.469	3.703	8.805
598	-7.468	3.703	5.553
958	-7.456	3.703	11.153
433	-7.438	3.698	13.873
410	-7.438	3.697	8.929
700	-7.410	3.692	5.625
637	-7.408	3.741	9.161
681	-7.330	3.322	0.016
846	-7.280	3.302	0.005
680	-7.278	3.304	0.001
404	-7.192	3.680	0.001
493	-7.191	3.679	0.003
450	-7.190	3.679	0.003
372	-7.187	3.690	0.003
610	-7.185	3.753	0.003
923	-7.185	3.742	0.004
845	-7.183	3.744	0.016
744	-7.182	3.742	0.004
618	-7.181	3.746	0.008
954	-7.178	3.278	0.007
1004	-7.172	3.658	0.019
697	-7.166	3.746	0.028
587	-7.150	3.649	13.955
1017	-7.148	3.753	2.127
724	-7.120	3.866	0.892
597	-7.119	3.866	0.890
829	-7.102	3.738	13.641
669	-7.092	3.743	2.892
879	-6.873	2.609	2.867
516	-6.865	2.609	1.882
944	-6.816	3.745	1.884
1000	-6.781	1.334	2.975
774	-6.407	3.473	4.013
613	-6.343	3.444	13.993
719	-6.343	3.445	13.993
800	-6.343	3.444	2.054
902	-6.342	3.445	4.432
906	-6.342	3.453	4.420
690	-6.341	3.445	4.420
875	-6.341	3.444	4.435
651	-6.341	3.445	7.320
677	-6.340	3.444	14.739
707	-6.339	3.223	14.738
948	-6.334	3.445	14.739
750	-6.331	3.223	14.740
780	-6.329	3.206	14.739
786	-6.312	3.196	14.739
659	-6.309	3.187	14.739
575	-6.309	3.207	14.739
594	-6.308	3.201	14.739
678	-6.305	3.197	14.739
872	-6.303	3.021	14.739
1013	-6.302	3.178	14.739
844	-6.299	3.208	14.739
710	-6.295	3.084	14.772
793	-6.279	3.086	14.771
915	-6.234	3.062	14.905
917	-6.224	3.090	14.904
945	-6.219	3.068	14.900
687	-6.207	3.141	14.900
975	-6.173	3.424	14.631
807	-6.141	3.308	14.618
995	-6.062	3.382	30.944
740	-6.021	3.270	30.944
458	-5.860	3.718	31.928
921	-5.844	3.691	12.079
694	-5.838	3.695	9.102
911	-5.814	3.308	9.102
625	-5.787	3.317	12.069
754	-5.787	3.317	11.267
643	-5.747	2.812	12.079
751	-5.571	3.718	8.755
959	-5.567	2.521	12.080
789	-5.475	3.344	5.478
429	-5.406	3.523	12.108
749	-5.398	3.593	8.749
673	-5.390	3.609	9.088
469	-5.385	3.613	8.787
900	-5.381	3.647	13.652
611	-5.263	3.956	11.694
