974	-8.224	0.000	31.188
1607	-8.219	0.052	31.957
1566	-8.218	0.052	31.961
1605	-8.171	0.039	12.029
1599	-8.171	0.038	12.085
1535	-8.169	0.049	11.270
1515	-8.128	0.036	12.087
1472	-8.127	0.034	5.483
1532	-8.119	0.034	12.121
1558	-8.116	0.068	8.754
1481	-8.115	0.061	8.754
1541	-8.111	0.088	8.754
1530	-8.099	0.173	11.281
1529	-8.098	0.031	12.146
1473	-8.093	0.064	5.479
1581	-8.084	0.117	5.479
1601	-8.084	0.749	13.623
1563	-8.082	0.759	5.481
1550	-8.080	0.692	8.750
1477	-8.048	0.735	8.804
1482	-8.048	0.704	5.554
1592	-8.043	0.365	13.655
1617	-8.041	0.619	8.787
1589	-8.041	0.658	8.789
1537	-8.040	0.727	13.650
1600	-8.024	0.729	11.713
1556	-8.022	0.711	5.626
1552	-7.896	0.619	14.647
1596	-7.534	1.286	12.069
1586	-7.486	3.016	8.753
1499	-7.465	3.017	13.652
1513	-7.465	3.020	13.652
1483	-7.464	3.010	8.787
1528	-7.459	3.023	12.733
1551	-7.458	3.023	11.307
1521	-7.455	3.002	8.491
1614	-7.443	3.027	11.696
1573	-7.439	3.016	5.626
1583	-7.427	3.024	8.930
1561	-7.425	3.027	14.373
1598	-7.420	2.991	5.637
540	-4.785	3.091	0.001
1591	-4.489	3.990	0.003
1544	-4.475	3.990	0.005
