792	-7.126	0.000	14.111
824	-7.126	0.000	14.112
840	-7.126	0.001	14.112
843	-7.126	0.001	14.113
871	-7.126	0.000	5.218
872	-7.126	0.001	4.601
873	-7.126	0.001	16.456
874	-7.126	0.001	16.456
875	-7.126	0.001	16.457
882	-7.126	0.000	16.456
915	-7.126	0.000	16.457
1032	-7.126	0.001	16.460
806	-7.125	0.000	4.599
893	-7.124	0.001	16.476
1001	-7.061	0.014	16.569
1002	-7.061	0.014	16.586
795	-6.996	1.799	5.126
681	-6.959	0.038	5.104
682	-6.959	0.038	12.525
708	-6.959	0.038	4.957
751	-6.959	0.038	4.958
752	-6.959	0.038	4.531
818	-6.959	0.038	11.887
819	-6.959	0.038	11.887
1003	-6.959	0.038	11.889
1004	-6.959	0.038	4.337
776	-6.958	0.038	4.336
796	-6.958	0.038	15.962
883	-6.958	0.038	3.191
884	-6.958	0.038	14.014
933	-6.958	0.038	3.139
994	-6.958	0.038	3.137
995	-6.958	0.038	3.136
908	-6.958	0.038	13.117
909	-6.958	0.038	13.989
910	-6.958	0.038	13.992
911	-6.958	0.038	13.993
947	-6.958	0.038	13.993
948	-6.958	0.038	13.993
949	-6.958	0.038	13.993
950	-6.958	0.038	13.993
1023	-6.958	0.038	13.993
1027	-6.958	0.038	13.994
1069	-6.958	0.038	13.994
1070	-6.958	0.038	13.994
1082	-6.958	0.038	13.994
1084	-6.958	0.038	13.996
886	-6.957	0.038	13.997
887	-6.957	0.038	13.993
888	-6.957	0.038	13.985
889	-6.957	0.038	13.998
980	-6.957	0.038	14.000
981	-6.956	0.039	13.865
976	-6.956	0.038	3.375
951	-6.617	1.815	4.550
1015	-6.617	1.816	4.550
837	-6.617	1.815	4.550
1025	-6.616	1.815	4.545
851	-6.616	1.815	25.443
852	-6.616	1.815	25.439
853	-6.616	1.815	25.439
854	-6.616	1.815	25.439
855	-6.616	1.815	25.653
923	-6.615	1.816	26.160
924	-6.615	1.816	26.197
925	-6.615	1.816	26.698
926	-6.615	1.816	26.739
894	-6.614	1.816	26.463
1029	-6.599	1.818	5.228
1068	-6.599	1.818	4.616
1116	-6.595	1.819	14.114
798	-6.589	1.819	4.601
800	-6.589	1.821	16.457
859	-6.589	1.820	16.457
940	-6.589	1.820	16.457
945	-6.589	1.821	16.457
946	-6.589	1.820	5.227
966	-6.589	1.821	16.460
1033	-6.589	1.820	14.125
1036	-6.589	1.820	16.478
1051	-6.589	1.820	16.481
1052	-6.589	1.821	14.055
1053	-6.589	1.821	16.588
1078	-6.589	1.820	16.589
1079	-6.589	1.821	4.242
1081	-6.589	1.820	4.246
1122	-6.589	1.821	14.070
1123	-6.589	1.820	4.247
1142	-6.589	1.821	4.245
1143	-6.589	1.820	5.247
797	-6.589	1.822	5.197
799	-6.589	1.825	5.126
1110	-6.588	1.821	14.058
912	-6.588	1.820	14.058
1095	-6.588	1.821	14.059
1096	-6.588	1.821	14.081
1097	-6.588	1.821	12.527
1099	-6.588	1.821	14.087
1109	-6.588	1.820	15.978
822	-6.586	1.820	4.154
773	-6.552	0.158	15.968
774	-6.552	0.158	14.346
722	-6.552	0.158	14.014
723	-6.552	0.158	3.135
775	-6.552	0.158	3.135
652	-6.552	0.158	3.136
658	-6.552	0.158	13.119
659	-6.552	0.158	13.993
660	-6.552	0.158	13.990
691	-6.552	0.158	13.992
692	-6.552	0.158	13.992
693	-6.552	0.158	13.993
701	-6.552	0.158	13.993
812	-6.552	0.158	13.993
813	-6.552	0.158	13.992
814	-6.552	0.158	13.994
815	-6.552	0.158	13.994
881	-6.552	0.158	13.994
918	-6.552	0.158	13.996
919	-6.552	0.158	13.994
939	-6.552	0.158	13.996
952	-6.552	0.158	13.999
969	-6.552	0.158	13.998
970	-6.552	0.158	13.998
971	-6.552	0.158	14.003
993	-6.552	0.158	2.885
1021	-6.552	0.158	3.376
1035	-6.552	0.158	13.368
1049	-6.552	0.158	2.885
1050	-6.552	0.158	12.815
1072	-6.552	0.158	13.788
1073	-6.552	0.158	13.707
1074	-6.552	0.158	13.709
1080	-6.552	0.158	3.866
906	-6.551	0.158	12.022
907	-6.551	0.158	12.023
1098	-6.551	0.158	12.023
1100	-6.551	0.158	12.671
1101	-6.551	0.158	2.211
1104	-6.551	0.158	11.955
1105	-6.551	0.158	13.267
1139	-6.551	0.158	12.698
821	-6.550	0.159	11.962
935	-6.550	0.158	11.930
936	-6.550	0.158	11.931
937	-6.550	0.158	11.906
1055	-6.550	0.159	3.946
1056	-6.550	0.159	3.940
890	-6.549	0.159	2.222
891	-6.549	0.159	2.597
892	-6.549	0.159	13.198
1087	-6.548	0.159	13.201
1088	-6.548	0.159	0.058
743	-6.429	0.259	24.163
749	-6.429	0.259	24.167
750	-6.429	0.259	24.342
627	-6.411	0.257	5.731
629	-6.411	0.257	5.200
634	-6.411	0.257	11.597
635	-6.411	0.257	11.597
636	-6.411	0.257	5.197
638	-6.411	0.257	5.747
650	-6.411	0.257	5.748
653	-6.411	0.257	5.204
656	-6.411	0.257	5.198
657	-6.411	0.257	5.749
666	-6.411	0.257	5.206
667	-6.411	0.257	5.206
668	-6.411	0.257	5.204
669	-6.411	0.257	5.206
705	-6.411	0.257	5.198
761	-6.410	0.257	12.794
778	-6.410	0.257	5.206
782	-6.410	0.257	5.198
783	-6.410	0.257	5.198
784	-6.410	0.257	5.206
836	-6.410	0.257	5.746
839	-6.410	0.257	5.207
841	-6.410	0.257	5.207
858	-6.410	0.257	6.507
863	-6.410	0.257	12.806
903	-6.410	0.257	12.807
904	-6.410	0.257	12.808
954	-6.410	0.257	12.808
955	-6.410	0.257	12.808
957	-6.410	0.257	12.808
961	-6.410	0.257	5.199
962	-6.410	0.257	11.788
999	-6.410	0.257	15.898
1000	-6.410	0.257	15.897
1007	-6.410	0.257	15.897
1008	-6.410	0.257	5.987
1009	-6.410	0.257	5.203
1010	-6.410	0.257	15.901
1011	-6.410	0.257	12.820
1019	-6.410	0.257	15.908
1028	-6.410	0.257	11.624
1041	-6.410	0.257	12.743
1061	-6.410	0.257	16.026
1140	-6.410	0.257	16.026
861	-6.410	0.257	12.762
862	-6.410	0.257	12.762
864	-6.410	0.257	5.982
1040	-6.410	0.257	5.982
1046	-6.410	0.257	5.980
1112	-6.410	0.257	6.459
1114	-6.410	0.257	15.187
1117	-6.410	0.257	5.779
1121	-6.410	0.257	12.853
1130	-6.410	0.257	15.186
1148	-6.410	0.257	12.842
1067	-6.409	0.257	13.861
740	-6.389	1.818	2.478
741	-6.389	1.817	13.610
742	-6.389	1.818	13.542
625	-6.385	1.819	13.551
628	-6.385	1.819	2.297
639	-6.385	1.819	12.069
702	-6.385	1.819	12.071
704	-6.385	1.818	1.581
707	-6.385	1.819	12.932
865	-6.384	1.807	1.957
729	-6.384	1.823	12.013
731	-6.384	1.821	13.093
732	-6.384	1.819	12.019
974	-6.384	1.819	13.093
1119	-6.384	1.820	11.993
696	-6.384	1.819	1.978
697	-6.384	1.819	2.461
698	-6.384	1.819	12.131
699	-6.384	1.819	2.457
709	-6.384	1.819	1.935
710	-6.384	1.819	2.216
711	-6.384	1.819	13.029
712	-6.384	1.819	13.032
713	-6.384	1.819	2.562
719	-6.384	1.818	14.631
726	-6.384	1.819	2.605
727	-6.384	1.819	2.601
728	-6.384	1.819	12.803
730	-6.384	1.819	10.339
757	-6.384	1.819	10.350
762	-6.384	1.819	10.349
763	-6.384	1.819	10.349
764	-6.384	1.819	7.123
765	-6.384	1.819	13.544
785	-6.384	1.819	13.544
786	-6.384	1.819	13.545
787	-6.384	1.819	13.545
788	-6.384	1.819	13.545
794	-6.384	1.820	13.545
801	-6.384	1.821	13.544
807	-6.384	1.819	13.544
827	-6.384	1.819	13.544
829	-6.384	1.819	13.544
831	-6.384	1.819	13.544
833	-6.384	1.819	13.545
838	-6.384	1.819	13.573
842	-6.384	1.819	13.574
844	-6.384	1.819	13.573
845	-6.384	1.819	13.573
846	-6.384	1.819	13.573
847	-6.384	1.819	13.573
856	-6.384	1.819	13.539
857	-6.384	1.819	13.667
860	-6.384	1.819	13.674
869	-6.384	1.819	13.673
870	-6.384	1.819	13.669
879	-6.384	1.819	13.669
880	-6.384	1.819	13.669
895	-6.384	1.819	13.669
896	-6.384	1.819	13.506
897	-6.384	1.819	13.497
898	-6.384	1.819	13.497
899	-6.384	1.819	13.497
900	-6.384	1.819	13.496
901	-6.384	1.819	13.525
902	-6.384	1.820	30.727
916	-6.384	1.819	30.725
917	-6.384	1.819	30.725
920	-6.384	1.819	30.725
927	-6.384	1.819	31.079
928	-6.384	1.819	31.097
929	-6.384	1.819	31.084
930	-6.384	1.819	31.784
931	-6.384	1.819	31.781
932	-6.384	1.819	31.565
938	-6.384	1.819	9.304
942	-6.384	1.819	9.307
953	-6.384	1.819	9.307
964	-6.384	1.819	11.040
965	-6.384	1.819	11.038
972	-6.384	1.819	10.227
973	-6.384	1.819	11.042
991	-6.384	1.819	11.043
992	-6.384	1.819	11.072
998	-6.384	1.819	11.048
1005	-6.384	1.819	11.041
1006	-6.384	1.819	10.230
1013	-6.384	1.819	11.081
1014	-6.384	1.819	11.087
1017	-6.384	1.819	9.226
1018	-6.384	1.819	11.043
1020	-6.384	1.815	11.044
1031	-6.384	1.819	11.093
1034	-6.384	1.819	10.233
1037	-6.384	1.819	10.234
1038	-6.384	1.819	10.228
1039	-6.384	1.819	6.260
1048	-6.384	1.819	11.068
1057	-6.384	1.819	11.085
1058	-6.384	1.819	9.224
1059	-6.384	1.819	9.224
1060	-6.384	1.819	9.224
1062	-6.384	1.819	9.224
1063	-6.384	1.819	10.239
1071	-6.384	1.819	10.239
1075	-6.384	1.819	6.250
1076	-6.384	1.819	9.297
1077	-6.384	1.819	6.249
1102	-6.384	1.819	6.249
1111	-6.384	1.819	6.249
1113	-6.384	1.819	12.392
1124	-6.384	1.819	6.252
1141	-6.384	1.819	11.071
1144	-6.384	1.819	6.266
960	-6.384	1.819	6.258
956	-6.383	1.811	9.261
746	-6.371	1.817	12.402
745	-6.371	1.820	12.399
737	-6.366	0.269	10.268
738	-6.366	0.269	11.599
744	-6.366	0.269	10.264
747	-6.366	0.269	10.191
748	-6.366	0.269	8.846
826	-6.366	1.804	6.411
944	-6.366	1.821	10.209
694	-6.366	1.822	9.318
811	-6.366	1.822	10.481
816	-6.366	1.821	10.707
834	-6.366	1.822	6.441
982	-6.366	1.822	12.194
983	-6.366	1.822	8.942
984	-6.366	1.822	8.942
985	-6.366	1.822	12.174
1064	-6.366	1.822	12.216
633	-6.350	0.282	9.505
637	-6.350	0.282	12.830
640	-6.350	0.282	12.824
641	-6.350	0.282	12.823
642	-6.350	0.282	1.817
643	-6.350	0.282	2.052
644	-6.350	0.282	1.997
646	-6.350	0.282	2.054
647	-6.350	0.282	2.054
648	-6.350	0.282	2.054
649	-6.350	0.282	2.054
651	-6.350	0.282	2.054
654	-6.350	0.282	2.054
655	-6.350	0.282	2.056
662	-6.350	0.282	2.056
663	-6.350	0.282	2.056
664	-6.350	0.282	2.056
665	-6.350	0.282	2.057
671	-6.350	0.282	2.057
672	-6.350	0.282	2.048
673	-6.350	0.282	2.059
674	-6.350	0.282	2.086
675	-6.350	0.282	2.051
676	-6.350	0.282	2.152
677	-6.350	0.282	12.917
678	-6.350	0.282	12.666
679	-6.350	0.282	12.906
680	-6.350	0.282	1.622
683	-6.350	0.282	12.601
684	-6.350	0.282	2.098
685	-6.350	0.282	2.072
686	-6.350	0.282	2.098
687	-6.350	0.282	12.767
690	-6.350	0.282	2.134
700	-6.350	0.282	2.134
714	-6.350	0.282	1.623
716	-6.350	0.282	0.179
755	-6.350	0.282	13.627
756	-6.350	0.282	2.177
758	-6.350	0.282	1.623
760	-6.350	0.282	2.169
808	-6.350	0.282	2.191
868	-6.350	0.282	2.190
724	-6.345	0.267	1.292
789	-6.345	0.266	1.288
790	-6.345	0.266	13.631
791	-6.345	0.267	12.923
802	-6.345	0.266	1.377
803	-6.345	0.266	2.005
804	-6.345	0.266	2.005
817	-6.345	0.267	13.114
823	-6.345	0.266	12.830
825	-6.345	0.267	12.829
832	-6.345	0.266	12.831
835	-6.345	0.267	9.424
849	-6.345	0.266	3.267
866	-6.345	0.266	3.266
877	-6.345	0.267	3.267
943	-6.345	0.266	8.075
914	-6.345	0.268	6.653
611	-6.311	0.271	13.442
612	-6.311	0.271	13.442
613	-6.311	0.271	13.442
614	-6.311	0.271	13.442
615	-6.311	0.271	13.471
616	-6.311	0.271	13.471
617	-6.311	0.271	13.471
618	-6.311	0.271	13.471
619	-6.311	0.271	13.471
620	-6.311	0.271	13.470
621	-6.311	0.271	13.436
622	-6.311	0.271	13.563
623	-6.311	0.271	13.569
624	-6.311	0.271	13.565
626	-6.311	0.271	13.564
