1322	-6.794	0.000	11.906
1323	-6.794	0.000	3.945
1324	-6.794	0.000	11.907
1325	-6.794	0.000	2.222
1329	-6.794	0.000	2.595
1338	-6.794	0.000	13.203
1348	-6.794	0.000	13.198
1355	-6.794	0.000	13.200
1356	-6.794	0.001	2.178
1370	-6.794	0.000	0.004
1389	-6.794	0.000	0.001
1391	-6.794	0.001	0.001
1406	-6.794	0.000	6.913
1407	-6.794	0.000	10.594
1408	-6.794	0.000	10.201
1409	-6.794	0.000	10.201
1414	-6.794	0.000	8.871
1415	-6.794	0.000	7.033
1416	-6.794	0.000	4.637
1417	-6.794	0.000	4.636
1418	-6.794	0.000	4.635
1434	-6.794	0.000	4.636
1446	-6.794	0.000	4.636
1447	-6.794	0.000	4.635
1448	-6.794	0.000	4.635
1449	-6.794	0.000	4.635
1482	-6.794	0.000	4.635
1489	-6.794	0.000	4.635
1494	-6.794	0.000	4.635
1495	-6.794	0.000	4.635
1498	-6.794	0.000	4.629
1501	-6.794	0.000	4.629
1502	-6.794	0.000	4.629
1503	-6.794	0.000	4.629
1474	-6.793	0.001	4.629
1475	-6.793	0.001	4.628
1467	-6.599	0.014	12.955
1250	-6.599	0.013	12.956
1251	-6.599	0.013	12.956
1252	-6.599	0.013	4.615
1253	-6.599	0.013	5.229
1254	-6.599	0.013	14.096
1255	-6.599	0.013	4.614
1268	-6.599	0.013	4.602
1269	-6.599	0.013	4.610
1270	-6.599	0.013	4.613
1284	-6.599	0.013	5.228
1334	-6.598	0.014	4.600
1243	-6.597	0.014	14.099
1244	-6.597	0.014	4.616
1245	-6.597	0.014	5.218
1246	-6.597	0.014	4.600
1259	-6.597	0.014	4.615
1260	-6.597	0.014	4.599
1267	-6.597	0.014	4.614
1296	-6.596	0.013	16.478
1297	-6.596	0.013	16.482
1298	-6.596	0.013	5.223
1303	-6.596	0.013	14.112
1304	-6.596	0.013	14.113
1313	-6.596	0.013	14.113
1314	-6.596	0.013	14.114
1472	-6.520	0.062	15.154
1321	-6.509	0.023	0.007
1343	-6.509	0.023	0.003
1353	-6.509	0.023	2.603
1354	-6.509	0.023	10.191
1458	-6.509	0.023	10.203
1327	-6.509	0.023	10.201
1328	-6.509	0.023	10.199
1335	-6.509	0.023	7.259
1336	-6.509	0.023	6.260
1337	-6.509	0.023	6.260
1339	-6.509	0.023	6.260
1340	-6.509	0.023	6.259
1341	-6.509	0.023	6.260
1357	-6.509	0.023	6.260
1361	-6.509	0.023	6.259
1362	-6.509	0.023	6.259
1363	-6.509	0.023	6.260
1364	-6.509	0.023	6.260
1365	-6.509	0.023	6.260
1367	-6.509	0.023	6.260
1368	-6.509	0.023	6.260
1371	-6.509	0.023	6.270
1375	-6.509	0.023	6.270
1376	-6.509	0.023	6.270
1393	-6.509	0.023	6.270
1396	-6.509	0.023	6.270
1400	-6.509	0.023	6.269
1405	-6.509	0.023	6.277
1410	-6.509	0.023	6.279
1411	-6.509	0.023	6.279
1419	-6.509	0.023	6.275
1424	-6.509	0.023	6.275
1444	-6.509	0.023	6.275
1445	-6.509	0.023	6.275
1450	-6.509	0.023	6.108
1491	-6.509	0.023	6.098
1492	-6.509	0.023	6.096
1493	-6.509	0.023	6.097
1461	-6.509	0.023	6.097
1241	-6.509	0.023	6.116
1413	-6.413	2.129	24.858
1412	-6.413	2.129	6.207
1459	-6.413	2.129	25.410
1460	-6.413	2.129	25.473
1202	-6.410	2.126	11.082
1204	-6.410	2.126	6.474
1205	-6.410	2.126	5.711
1207	-6.410	2.126	15.184
1208	-6.410	2.126	5.890
1257	-6.410	2.126	10.511
1258	-6.410	2.126	10.511
1287	-6.410	2.126	5.632
1310	-6.410	2.127	15.174
1330	-6.410	2.126	10.570
1332	-6.410	2.126	5.928
1333	-6.410	2.126	14.526
1452	-6.410	2.126	4.803
1457	-6.410	2.126	4.807
1462	-6.410	2.126	4.806
1464	-6.410	2.126	4.807
1470	-6.410	2.126	13.446
1377	-6.409	2.126	13.859
1378	-6.409	2.126	13.860
1379	-6.409	2.126	13.859
1380	-6.409	2.126	13.859
1381	-6.409	2.126	13.859
1382	-6.409	2.126	13.859
1397	-6.409	2.126	13.861
1401	-6.409	2.126	13.861
1490	-6.409	2.126	13.861
1171	-6.406	2.129	13.861
1172	-6.406	2.129	13.862
1173	-6.406	2.129	13.864
1174	-6.406	2.129	13.863
1236	-6.405	2.124	13.864
1237	-6.405	2.124	13.864
1230	-6.402	2.124	13.687
1476	-6.402	2.124	3.992
1477	-6.402	2.124	3.993
1478	-6.402	2.123	4.018
1471	-6.398	2.126	3.113
514	-6.309	2.083	13.564
523	-6.309	2.083	13.564
565	-6.309	2.083	13.564
489	-6.308	2.084	13.407
490	-6.308	2.083	13.406
495	-6.298	2.079	13.406
1326	-6.282	0.051	30.663
1344	-6.282	0.051	30.664
1345	-6.282	0.052	31.018
1346	-6.282	0.052	31.019
1347	-6.282	0.052	31.026
1358	-6.282	0.052	31.714
1359	-6.282	0.052	31.717
1360	-6.282	0.052	31.502
1366	-6.282	0.052	9.267
1398	-6.282	0.052	9.269
1427	-6.282	0.052	9.269
1285	-6.282	0.052	10.974
1473	-6.281	0.051	10.946
1374	-6.280	0.052	10.977
1404	-6.280	0.052	10.137
1453	-6.227	2.188	10.135
1440	-6.193	0.052	9.213
1441	-6.193	0.052	10.950
1198	-6.164	2.203	10.138
1201	-6.164	2.203	10.134
1206	-6.164	2.203	10.956
1209	-6.164	2.203	6.298
1261	-6.164	2.203	6.300
1288	-6.164	2.203	10.991
1289	-6.164	2.203	9.211
1290	-6.164	2.203	9.211
1291	-6.164	2.203	9.211
1292	-6.164	2.203	9.211
1305	-6.164	2.203	9.211
1306	-6.164	2.203	10.144
1315	-6.164	2.203	11.013
1316	-6.164	2.203	6.287
1317	-6.164	2.203	6.287
1318	-6.164	2.203	6.287
1185	-6.163	2.203	6.287
1186	-6.163	2.203	12.281
1187	-6.163	2.203	6.289
1188	-6.163	2.203	9.207
1189	-6.163	2.203	6.303
1191	-6.163	2.203	6.306
1192	-6.163	2.203	9.247
1248	-6.163	2.203	6.396
1249	-6.163	2.203	6.396
1266	-6.163	2.203	12.313
1308	-6.163	2.203	9.236
1309	-6.163	2.203	9.238
1351	-6.163	2.203	12.308
1352	-6.163	2.203	12.309
1455	-6.163	2.203	11.349
1320	-6.163	2.203	11.515
1373	-6.163	2.203	10.097
1383	-6.163	2.203	8.813
1384	-6.163	2.203	8.813
1385	-6.163	2.203	8.816
1386	-6.163	2.203	10.633
1387	-6.163	2.203	9.271
1388	-6.163	2.203	8.807
1399	-6.163	2.203	6.450
1403	-6.163	2.203	12.561
1273	-6.163	2.203	8.889
1176	-6.162	2.204	8.889
1177	-6.162	2.204	8.889
1170	-6.159	2.205	12.085
1229	-6.155	2.201	8.873
1232	-6.155	2.201	9.477
1233	-6.155	2.201	9.482
1234	-6.155	2.201	12.738
1155	-6.152	2.203	12.736
1156	-6.152	2.203	12.734
1157	-6.152	2.203	8.884
1158	-6.152	2.203	2.163
1159	-6.152	2.202	2.165
1160	-6.152	2.202	2.165
1161	-6.152	2.203	2.165
1162	-6.152	2.202	2.165
1163	-6.152	2.203	2.165
1164	-6.152	2.203	2.165
1165	-6.152	2.202	2.165
1166	-6.152	2.203	2.167
1167	-6.152	2.202	2.167
1168	-6.152	2.202	2.167
1235	-6.045	2.163	2.166
1199	-6.005	2.150	2.168
1200	-6.005	2.149	2.168
1210	-6.005	2.150	2.169
1211	-6.005	2.150	2.159
1212	-6.005	2.149	2.161
1213	-6.005	2.149	2.163
1214	-6.005	2.149	2.197
1215	-6.005	2.149	12.751
1242	-6.005	2.149	13.478
1256	-6.005	2.149	12.805
1272	-6.005	2.150	1.651
1274	-6.005	2.150	12.500
1275	-6.005	2.150	2.127
1276	-6.005	2.149	2.128
1277	-6.005	2.150	12.571
1218	-6.005	2.150	12.684
1219	-6.005	2.150	2.076
1220	-6.005	2.150	2.075
1221	-6.005	2.150	12.784
1222	-6.005	2.150	13.522
1223	-6.005	2.150	2.057
1280	-6.005	2.150	2.025
1281	-6.005	2.150	1.645
1282	-6.005	2.149	2.109
1283	-6.005	2.150	2.131
1286	-6.005	2.149	2.130
1294	-6.005	2.149	1.190
1299	-6.005	2.149	12.524
1300	-6.005	2.149	1.186
1301	-6.005	2.149	13.526
1302	-6.005	2.149	12.828
1175	-6.004	2.150	2.039
1178	-6.004	2.150	2.039
1179	-6.004	2.150	1.370
1180	-6.004	2.150	13.496
1181	-6.004	2.150	12.731
1182	-6.004	2.150	12.732
1183	-6.004	2.150	12.732
1169	-6.001	2.152	3.150
534	-5.924	2.119	13.420
512	-5.924	2.119	13.420
1420	-5.675	2.198	13.420
1421	-5.675	2.198	13.420
1422	-5.675	2.198	13.421
1423	-5.675	2.198	13.420
1425	-5.675	2.198	13.449
1426	-5.675	2.198	13.450
1428	-5.675	2.198	13.449
1429	-5.675	2.198	13.449
1430	-5.675	2.198	13.449
1431	-5.675	2.198	13.449
1435	-5.675	2.198	13.541
1436	-5.675	2.198	13.540
1437	-5.675	2.198	13.546
1438	-5.675	2.198	13.543
1439	-5.675	2.198	13.542
1442	-5.675	2.198	13.542
1443	-5.675	2.198	13.542
1456	-5.675	2.198	13.398
1469	-5.675	2.198	13.388
1480	-5.675	2.198	13.387
1481	-5.675	2.198	13.389
1496	-5.675	2.198	13.387
1497	-5.675	2.199	13.386
1500	-5.675	2.198	13.415
1504	-5.675	2.198	30.646
1468	-4.111	3.633	30.643
