1920	-5.225	0.000	2.574
1309	-5.110	0.492	5.485
1183	-5.089	0.498	4.692
1358	-5.081	0.058	4.164
1428	-5.076	0.039	5.486
1258	-5.075	0.040	4.163
1871	-5.056	0.065	11.966
1116	-5.049	0.068	11.223
1164	-5.049	0.069	11.223
1117	-5.049	0.074	11.223
1098	-5.048	0.069	11.222
1104	-5.048	0.069	11.395
1105	-5.048	0.069	11.397
1110	-5.036	0.496	11.397
1112	-5.036	0.495	10.561
1127	-5.036	0.495	3.909
1143	-5.036	0.495	9.165
1198	-5.036	0.495	12.160
1216	-5.036	0.495	12.174
1223	-5.036	0.495	12.734
1138	-5.035	0.495	11.709
1139	-5.035	0.495	8.785
1158	-5.035	0.495	8.786
1192	-5.035	0.495	8.787
1404	-5.034	0.495	11.722
1411	-5.034	0.495	12.711
1434	-5.034	0.495	10.563
1455	-5.034	0.495	10.356
1466	-5.034	0.495	12.717
1467	-5.034	0.495	11.716
1361	-5.034	0.495	11.720
1373	-5.034	0.495	10.356
1378	-5.034	0.495	8.787
1381	-5.034	0.495	10.165
1385	-5.034	0.495	9.862
1388	-5.034	0.495	10.327
1390	-5.034	0.495	10.328
1438	-5.034	0.495	12.143
1442	-5.034	0.495	12.142
1247	-5.033	0.496	10.311
1262	-5.033	0.495	2.269
1265	-5.033	0.495	9.335
1289	-5.033	0.495	2.989
1293	-5.033	0.495	9.266
1327	-5.033	0.495	10.503
1303	-5.033	0.495	10.366
1281	-5.033	0.495	10.508
1286	-5.033	0.495	11.420
1337	-5.033	0.495	11.421
1864	-5.032	0.286	10.115
1182	-5.029	0.495	9.628
1184	-5.029	0.494	10.182
1206	-5.029	0.494	11.433
1199	-5.029	0.494	10.352
1204	-5.029	0.494	10.465
1407	-5.028	0.494	10.479
1425	-5.028	0.494	10.480
1310	-5.028	0.494	3.047
1232	-5.027	0.497	2.950
1188	-4.998	0.069	11.621
1129	-4.998	0.053	12.332
1106	-4.998	0.055	3.406
1111	-4.998	0.054	2.012
1130	-4.998	0.057	4.030
1145	-4.998	0.054	4.017
1159	-4.998	0.055	4.272
1167	-4.998	0.054	5.596
1237	-4.997	0.058	5.206
1147	-4.997	0.054	5.206
1161	-4.997	0.054	5.206
1162	-4.997	0.054	5.205
1185	-4.997	0.054	5.205
1191	-4.997	0.054	5.112
1201	-4.997	0.054	5.112
1211	-4.997	0.054	5.378
1215	-4.997	0.054	4.668
1369	-4.996	0.055	5.312
1460	-4.996	0.055	5.311
1469	-4.996	0.054	4.651
1471	-4.996	0.054	2.936
1473	-4.996	0.054	2.876
1370	-4.996	0.054	24.570
1374	-4.996	0.054	24.570
1394	-4.996	0.055	3.300
1398	-4.996	0.054	2.881
1400	-4.996	0.055	2.880
1424	-4.996	0.062	3.302
1432	-4.996	0.055	5.815
1448	-4.996	0.054	2.418
1456	-4.996	0.054	2.228
1461	-4.996	0.056	24.403
1464	-4.996	0.054	24.402
1477	-4.996	0.054	2.421
1393	-4.996	0.061	2.680
1410	-4.996	0.054	2.724
1450	-4.996	0.079	2.679
1242	-4.995	0.058	2.721
1256	-4.995	0.059	2.706
1357	-4.995	0.057	2.684
1260	-4.995	0.055	2.688
1261	-4.995	0.055	24.329
1263	-4.995	0.055	1.245
1275	-4.995	0.055	1.245
1276	-4.995	0.054	1.245
1282	-4.995	0.055	1.244
1283	-4.995	0.055	0.016
1288	-4.995	0.055	1.238
1304	-4.995	0.055	1.245
1315	-4.995	0.053	3.979
1317	-4.995	0.055	3.872
1325	-4.995	0.055	4.987
1326	-4.995	0.055	5.084
1342	-4.995	0.055	5.012
1348	-4.995	0.055	3.893
1349	-4.995	0.055	3.893
1324	-4.995	0.056	3.893
1355	-4.995	0.056	24.577
1395	-4.995	0.072	1.237
1305	-4.995	0.055	24.578
1266	-4.995	0.055	5.157
1280	-4.995	0.055	5.122
1396	-4.994	0.100	5.166
1354	-4.994	0.057	5.598
1200	-4.992	0.051	5.598
1202	-4.992	0.051	5.598
1212	-4.992	0.053	4.564
1203	-4.991	0.057	4.564
1176	-4.991	0.052	5.600
1372	-4.991	0.052	4.564
1401	-4.990	0.052	4.561
1406	-4.990	0.052	5.598
1894	-4.989	1.134	5.616
1190	-4.988	0.187	5.616
1246	-4.987	0.170	5.617
1323	-4.987	0.178	5.616
1243	-4.986	0.188	5.614
1231	-4.979	0.251	4.022
1383	-4.976	0.210	4.620
1128	-4.948	0.405	4.020
1142	-4.945	0.431	4.022
1187	-4.829	0.940	3.493
1175	-4.740	1.125	12.209
1427	-4.739	1.125	11.269
1408	-4.496	2.129	4.838
1468	-4.496	2.129	2.531
1449	-4.446	2.088	4.950
1863	-4.435	2.083	4.950
1905	-4.435	2.084	4.950
1478	-4.434	2.134	4.801
1403	-4.433	2.134	4.801
1296	-4.432	2.135	5.050
1301	-4.432	2.135	4.298
1347	-4.432	2.135	5.041
1179	-4.431	2.170	5.040
1399	-4.431	2.134	4.317
1222	-4.426	2.121	2.626
1234	-4.426	2.121	2.623
1229	-4.423	2.119	24.317
1360	-4.423	2.120	24.317
1386	-4.423	2.120	2.624
1444	-4.423	2.120	2.628
1160	-4.423	2.118	3.273
1165	-4.423	2.118	3.277
1169	-4.423	2.118	5.532
1181	-4.423	2.117	2.617
1380	-4.423	2.118	2.408
1264	-4.422	2.120	24.157
1292	-4.422	2.120	24.156
1318	-4.422	2.120	24.157
1319	-4.422	2.120	2.369
1320	-4.422	2.120	2.370
1241	-4.422	2.119	2.336
1413	-4.421	2.118	2.383
1445	-4.421	2.119	2.338
1253	-4.421	2.119	24.037
1334	-4.420	2.118	24.087
1414	-4.420	2.116	2.372
1458	-4.420	2.100	2.349
1259	-4.419	2.117	0.192
1287	-4.419	2.116	0.176
1290	-4.419	2.117	1.243
1284	-4.419	2.111	0.000
1108	-4.416	2.069	4.869
1133	-4.416	2.069	2.428
1376	-4.182	2.318	2.750
1439	-4.182	2.317	2.755
1377	-4.182	2.319	3.188
1251	-4.180	2.316	3.190
1295	-4.179	2.318	3.059
