1695	-8.239	0.000	5.620
395	-8.203	0.038	5.622
422	-8.203	0.038	4.030
436	-8.202	0.038	4.026
442	-8.202	0.038	3.845
454	-8.202	0.038	3.847
455	-8.202	0.038	25.730
462	-8.202	0.038	3.960
465	-8.202	0.038	3.984
466	-8.202	0.038	3.895
468	-8.202	0.038	3.088
469	-8.202	0.038	10.709
470	-8.202	0.038	3.605
472	-8.202	0.038	3.626
473	-8.202	0.038	10.719
477	-8.202	0.038	10.719
482	-8.202	0.038	10.719
483	-8.202	0.038	10.719
486	-8.202	0.038	3.149
488	-8.202	0.038	3.626
490	-8.202	0.038	3.182
493	-8.202	0.038	3.945
494	-8.202	0.038	3.518
495	-8.202	0.038	3.492
420	-8.202	0.038	5.438
448	-8.201	0.038	10.657
450	-8.201	0.038	5.048
451	-8.201	0.038	10.238
1660	-8.186	0.040	10.703
1670	-8.186	0.040	10.703
1680	-8.186	0.040	11.073
1681	-8.186	0.040	11.073
1699	-8.186	0.040	11.075
1648	-8.186	0.040	11.986
1662	-8.186	0.040	11.987
498	-8.177	0.040	8.566
499	-8.177	0.040	9.982
497	-8.177	0.040	11.654
500	-8.177	0.040	12.263
501	-8.177	0.040	2.853
567	-8.176	0.040	8.183
571	-8.176	0.039	9.967
573	-8.176	0.040	11.270
549	-8.175	0.039	8.548
558	-8.175	0.039	11.277
559	-8.175	0.039	11.823
560	-8.175	0.039	8.542
561	-8.175	0.039	11.265
540	-8.174	0.040	12.095
542	-8.173	0.040	9.803
543	-8.173	0.040	9.785
546	-8.173	0.040	9.830
504	-8.172	0.040	11.580
506	-8.172	0.040	6.831
507	-8.172	0.040	12.239
509	-8.169	0.040	6.699
512	-8.169	0.040	11.679
513	-8.169	0.040	11.684
515	-8.169	0.040	9.688
516	-8.169	0.040	8.724
518	-8.169	0.040	3.348
521	-8.169	0.040	6.456
522	-8.169	0.040	8.657
524	-8.169	0.040	10.548
525	-8.169	0.040	8.645
527	-8.169	0.040	6.452
528	-8.169	0.040	10.962
531	-8.169	0.040	10.963
534	-8.169	0.040	9.823
1661	-8.154	1.281	8.745
1568	-8.153	0.047	9.963
1541	-8.152	0.047	10.549
1632	-8.142	0.506	9.814
458	-8.129	0.041	9.953
1570	-8.123	1.194	9.969
1594	-8.123	1.194	9.872
1502	-8.122	1.194	11.481
1565	-8.122	1.193	9.268
550	-8.101	0.045	9.835
1328	-8.085	0.048	11.793
307	-8.063	0.057	4.698
308	-8.063	0.057	6.735
274	-8.062	0.057	4.680
288	-8.062	0.057	4.792
327	-8.062	0.057	5.127
335	-8.062	0.057	5.208
359	-8.062	0.057	5.210
360	-8.062	0.057	5.210
390	-8.062	0.057	5.210
255	-8.061	0.056	5.209
256	-8.061	0.055	5.209
312	-8.061	0.057	5.117
314	-8.061	0.057	5.116
368	-8.061	0.057	4.685
412	-8.061	0.057	4.674
426	-8.061	0.057	5.316
428	-8.061	0.057	5.315
484	-8.060	0.057	5.400
471	-8.060	0.057	2.942
548	-8.033	0.063	2.881
332	-7.989	0.072	24.568
260	-7.988	0.070	24.569
283	-7.987	0.072	24.569
411	-7.987	0.072	2.886
421	-7.987	0.072	2.886
403	-7.987	0.072	2.888
413	-7.987	0.071	2.232
459	-7.987	0.071	2.442
391	-7.968	1.141	24.401
362	-7.968	1.142	24.401
1649	-7.943	1.977	2.203
565	-7.937	1.155	2.203
539	-7.932	1.133	2.686
1397	-7.862	0.098	2.725
1701	-7.728	1.473	2.724
529	-7.715	1.475	24.285
213	-7.674	2.173	24.328
108	-7.674	2.174	24.328
111	-7.674	2.174	24.329
127	-7.674	2.174	1.246
163	-7.674	2.174	1.246
165	-7.674	2.174	1.249
166	-7.674	2.174	1.248
170	-7.674	2.173	1.247
171	-7.674	2.174	1.256
174	-7.674	2.173	4.939
186	-7.674	2.174	4.938
187	-7.674	2.173	4.992
193	-7.674	2.174	4.032
194	-7.674	2.174	3.895
195	-7.674	2.173	3.898
241	-7.674	2.174	24.576
246	-7.674	2.174	3.901
248	-7.674	2.174	24.576
268	-7.674	2.174	3.903
271	-7.674	2.173	24.577
336	-7.674	2.174	5.161
340	-7.674	2.173	5.126
341	-7.674	2.174	5.603
365	-7.674	2.174	5.603
38	-7.673	2.174	5.614
155	-7.673	2.174	5.603
282	-7.673	2.174	4.569
447	-7.672	2.174	4.569
222	-7.643	2.249	4.569
223	-7.643	2.249	4.567
191	-7.643	2.249	4.566
216	-7.643	2.249	5.614
1677	-7.634	1.459	5.606
1569	-7.634	1.459	5.140
496	-7.609	2.175	5.621
505	-7.606	2.161	5.620
107	-7.554	2.260	3.881
257	-7.547	1.111	25.730
262	-7.547	1.111	3.960
298	-7.540	1.058	3.984
394	-7.540	1.071	3.142
397	-7.540	1.073	3.089
331	-7.540	1.075	10.709
385	-7.540	1.076	3.988
221	-7.540	1.077	3.626
211	-7.540	1.077	10.719
208	-7.540	1.078	10.719
209	-7.540	1.078	10.719
328	-7.540	1.078	10.719
357	-7.540	1.078	3.163
224	-7.540	1.078	3.626
330	-7.540	1.079	10.712
343	-7.540	1.079	3.626
373	-7.540	1.079	3.148
338	-7.540	1.080	3.492
354	-7.540	1.080	5.438
356	-7.540	1.080	10.657
381	-7.540	1.080	5.045
382	-7.540	1.080	10.238
242	-7.540	1.081	11.693
349	-7.540	1.081	10.712
352	-7.540	1.080	10.038
374	-7.540	1.081	10.038
393	-7.540	1.081	10.700
399	-7.540	1.080	10.148
400	-7.540	1.081	10.701
383	-7.540	1.081	10.701
405	-7.539	1.067	10.198
423	-7.539	1.067	11.683
305	-7.539	1.079	10.702
407	-7.539	1.079	10.703
438	-7.539	1.079	10.703
480	-7.539	1.079	10.703
239	-7.539	1.080	10.703
478	-7.539	1.080	10.703
410	-7.539	1.080	10.699
408	-7.539	1.081	11.073
453	-7.539	1.081	11.075
245	-7.539	1.082	11.986
463	-7.538	1.073	11.987
444	-7.538	1.074	8.566
418	-7.538	1.079	9.983
419	-7.538	1.081	11.654
445	-7.538	1.081	12.263
431	-7.538	1.081	2.853
446	-7.538	1.081	11.944
491	-7.538	1.090	9.966
153	-7.511	0.809	9.967
249	-7.505	2.254	11.270
363	-7.499	2.253	8.548
118	-7.499	2.253	11.277
192	-7.499	2.253	8.187
215	-7.499	2.251	11.972
311	-7.499	2.253	11.265
348	-7.499	2.253	12.095
370	-7.499	2.253	11.289
398	-7.499	2.253	9.785
278	-7.499	2.254	9.830
366	-7.499	2.254	9.821
502	-7.464	1.462	6.831
503	-7.464	1.462	9.756
258	-7.421	2.264	6.700
57	-7.414	2.265	11.680
72	-7.414	2.264	11.680
97	-7.414	2.264	9.688
151	-7.414	2.265	2.568
231	-7.414	2.264	8.726
404	-7.269	3.591	6.456
439	-7.269	3.591	8.656
489	-7.267	3.591	9.983
568	-7.262	3.592	8.645
572	-7.262	3.592	3.325
555	-7.261	3.592	10.962
557	-7.261	3.592	10.963
530	-7.259	3.592	9.524
536	-7.259	3.592	8.745
537	-7.259	3.592	9.963
538	-7.259	3.592	9.867
372	-7.255	3.589	9.814
387	-7.255	3.589	9.953
409	-7.253	3.589	9.969
415	-7.253	3.589	9.872
416	-7.253	3.589	11.481
417	-7.253	3.589	9.939
427	-7.253	3.589	9.835
429	-7.253	3.589	11.793
433	-7.253	3.589	4.839
434	-7.253	3.589	6.735
435	-7.253	3.589	4.676
437	-7.253	3.589	5.381
440	-7.253	3.589	3.120
443	-7.251	3.589	5.055
457	-7.251	3.589	5.056
461	-7.251	3.589	5.055
464	-7.251	3.589	5.055
467	-7.251	3.589	5.054
474	-7.251	3.589	5.054
475	-7.251	3.589	4.899
476	-7.251	3.589	4.898
479	-7.251	3.589	4.270
481	-7.251	3.589	4.419
485	-7.251	3.589	5.147
492	-7.251	3.589	5.167
449	-7.251	3.589	4.247
452	-7.251	3.589	2.791
510	-7.246	3.590	2.729
511	-7.246	3.590	24.227
514	-7.246	3.590	24.227
551	-7.246	3.590	24.228
552	-7.246	3.590	2.734
553	-7.246	3.590	2.733
554	-7.246	3.590	2.736
556	-7.246	3.590	24.049
562	-7.246	3.590	2.480
563	-7.246	3.590	2.537
566	-7.246	3.590	24.067
569	-7.246	3.590	24.067
570	-7.246	3.590	2.504
541	-7.245	3.590	2.478
544	-7.245	3.590	2.528
545	-7.245	3.590	2.522
547	-7.245	3.590	2.524
519	-7.244	3.590	23.949
523	-7.244	3.590	23.950
526	-7.244	3.590	23.998
533	-7.244	3.590	23.998
535	-7.244	3.590	23.999
1474	-7.238	3.587	0.028
532	-7.216	3.589	0.022
517	-7.211	3.595	0.006
280	-7.185	3.588	1.248
281	-7.185	3.588	0.159
261	-7.184	3.588	0.276
285	-7.184	3.588	4.695
159	-7.183	3.588	4.694
182	-7.183	3.588	4.990
309	-7.183	3.588	5.063
103	-7.183	3.588	2.886
147	-7.183	3.588	4.059
217	-7.183	3.588	24.242
237	-7.183	3.588	4.069
253	-7.183	3.588	24.242
313	-7.183	3.588	4.063
315	-7.183	3.588	24.243
367	-7.183	3.588	5.098
369	-7.183	3.588	5.008
371	-7.183	3.588	5.467
200	-7.182	3.588	5.467
302	-7.182	3.588	5.467
164	-7.182	3.588	5.467
167	-7.182	3.588	4.650
196	-7.182	3.588	4.650
197	-7.182	3.588	4.649
240	-7.182	3.588	4.648
243	-7.182	3.588	5.482
244	-7.182	3.588	4.647
263	-7.182	3.588	5.471
264	-7.182	3.588	5.479
270	-7.182	3.588	5.485
275	-7.182	3.588	5.484
276	-7.182	3.588	5.485
300	-7.182	3.588	5.487
301	-7.182	3.588	5.486
303	-7.182	3.588	5.487
322	-7.182	3.588	4.164
323	-7.182	3.588	3.466
326	-7.182	3.588	3.506
333	-7.182	3.588	25.402
337	-7.182	3.588	3.616
345	-7.182	3.588	3.511
346	-7.182	3.588	3.593
350	-7.182	3.588	2.778
351	-7.182	3.588	2.690
361	-7.182	3.588	3.217
375	-7.182	3.588	3.628
376	-7.182	3.588	10.966
377	-7.182	3.588	10.966
378	-7.182	3.588	10.966
380	-7.182	3.588	10.966
384	-7.182	3.588	2.835
386	-7.182	3.588	3.241
396	-7.182	3.588	10.959
402	-7.180	3.588	3.241
414	-7.180	3.588	3.575
430	-7.180	3.588	3.120
460	-7.178	3.588	2.980
487	-7.178	3.588	10.920
12	-7.173	3.586	4.777
189	-7.165	3.585	10.526
190	-7.165	3.585	11.967
82	-7.164	3.585	12.219
116	-7.164	3.585	10.329
117	-7.164	3.585	10.329
126	-7.164	3.585	11.222
143	-7.164	3.585	10.437
144	-7.164	3.585	11.224
179	-7.164	3.585	11.221
181	-7.164	3.585	10.486
207	-7.164	3.585	12.191
286	-7.164	3.585	12.460
54	-7.163	3.585	11.223
62	-7.163	3.585	11.224
86	-7.163	3.585	11.223
123	-7.163	3.585	11.223
134	-7.163	3.585	11.223
184	-7.163	3.585	9.129
238	-7.163	3.585	11.395
289	-7.163	3.585	11.397
290	-7.163	3.585	11.222
293	-7.163	3.585	12.409
294	-7.163	3.585	9.161
91	-7.163	3.585	10.564
173	-7.163	3.585	12.160
199	-7.163	3.585	10.472
202	-7.163	3.585	12.734
218	-7.163	3.585	11.709
229	-7.163	3.585	10.547
250	-7.163	3.586	8.786
251	-7.163	3.585	11.722
252	-7.163	3.586	9.142
304	-7.163	3.585	11.728
316	-7.163	3.585	11.730
317	-7.163	3.586	9.134
318	-7.163	3.586	12.718
77	-7.162	3.585	12.565
78	-7.162	3.585	11.981
265	-7.162	3.585	10.357
355	-7.162	3.585	10.165
358	-7.162	3.585	10.328
39	-7.162	3.585	10.145
175	-7.162	3.586	10.327
212	-7.162	3.585	10.328
214	-7.162	3.585	12.141
267	-7.162	3.585	12.140
269	-7.162	3.585	10.279
320	-7.162	3.585	2.268
321	-7.162	3.585	9.337
324	-7.162	3.585	7.076
329	-7.162	3.586	9.266
334	-7.162	3.585	10.503
342	-7.162	3.585	9.254
344	-7.162	3.585	10.509
347	-7.162	3.585	11.420
379	-7.162	3.585	11.421
388	-7.162	3.585	10.359
389	-7.162	3.585	9.356
406	-7.161	3.585	11.431
424	-7.160	3.585	10.352
425	-7.160	3.585	10.352
432	-7.160	3.585	10.466
456	-7.158	3.585	10.480
401	-7.129	3.584	2.942
1249	-7.104	3.583	24.227
1273	-7.104	3.583	24.227
1344	-7.104	3.583	24.228
284	-6.869	0.941	2.734
156	-6.869	0.943	2.734
291	-6.868	0.925	2.736
306	-6.868	0.931	2.535
150	-6.868	0.939	2.480
49	-6.868	0.940	2.475
98	-6.868	0.938	2.538
96	-6.868	0.940	24.067
99	-6.868	0.940	2.731
139	-6.868	0.941	2.478
206	-6.868	0.940	2.478
210	-6.868	0.941	2.522
60	-6.868	0.941	2.524
68	-6.868	0.942	23.949
93	-6.868	0.942	2.485
115	-6.868	0.941	23.998
124	-6.868	0.941	23.998
148	-6.868	0.943	23.999
158	-6.868	0.941	0.028
180	-6.868	0.941	0.024
220	-6.868	0.942	0.005
272	-6.868	0.941	1.248
81	-6.868	0.941	0.158
41	-6.868	0.942	0.142
43	-6.868	0.942	4.695
65	-6.868	0.943	4.694
73	-6.868	0.943	4.989
119	-6.868	0.943	4.058
125	-6.868	0.943	4.060
145	-6.868	0.943	4.060
149	-6.868	0.943	4.059
160	-6.868	0.942	4.422
168	-6.868	0.942	24.242
178	-6.868	0.943	0.152
204	-6.868	0.943	24.243
232	-6.868	0.943	4.078
247	-6.868	0.942	5.008
40	-6.868	0.943	5.467
169	-6.868	0.944	5.467
185	-6.868	0.945	5.467
219	-6.868	0.943	5.467
233	-6.868	0.944	4.650
59	-6.868	0.945	4.649
142	-6.868	0.946	4.649
58	-6.868	0.947	4.648
15	-6.868	0.950	5.482
14	-6.868	0.951	4.647
254	-6.867	0.948	5.482
259	-6.867	0.952	5.485
92	-6.809	1.073	5.482
132	-6.809	1.076	5.485
11	-6.490	3.591	4.017
1	-6.482	3.592	4.272
2	-6.482	3.592	5.056
3	-6.482	3.592	5.055
4	-6.482	3.592	5.055
5	-6.482	3.592	5.055
6	-6.482	3.592	5.054
7	-6.482	3.592	5.054
8	-6.482	3.592	5.077
9	-6.482	3.592	5.076
10	-6.482	3.592	4.270
25	-6.476	3.593	5.147
26	-6.476	3.593	5.146
27	-6.476	3.593	4.441
28	-6.476	3.593	2.791
29	-6.476	3.593	2.736
30	-6.476	3.593	24.227
31	-6.476	3.593	24.227
32	-6.476	3.593	24.228
17	-6.474	3.593	2.734
18	-6.474	3.593	2.733
37	-6.474	3.593	3.382
46	-6.474	3.593	2.537
47	-6.474	3.593	2.574
48	-6.474	3.593	2.473
51	-6.474	3.593	24.068
52	-6.474	3.593	24.067
61	-6.474	3.593	24.068
63	-6.474	3.593	2.512
66	-6.474	3.593	2.528
67	-6.474	3.593	2.522
69	-6.474	3.593	2.541
70	-6.474	3.593	2.506
71	-6.474	3.593	2.485
74	-6.474	3.593	23.999
75	-6.474	3.593	23.999
83	-6.474	3.593	24.000
84	-6.474	3.593	0.028
85	-6.474	3.593	0.023
87	-6.474	3.593	1.251
100	-6.474	3.593	1.248
101	-6.474	3.593	0.156
102	-6.474	3.593	0.138
104	-6.474	3.593	1.244
105	-6.474	3.593	4.694
106	-6.474	3.593	4.989
120	-6.474	3.593	5.063
121	-6.474	3.593	5.029
122	-6.474	3.593	4.059
133	-6.474	3.593	4.059
135	-6.474	3.593	4.062
140	-6.474	3.593	24.242
141	-6.474	3.593	0.151
157	-6.474	3.593	24.243
161	-6.474	3.593	5.007
162	-6.474	3.593	5.008
183	-6.474	3.593	4.649
234	-6.474	3.593	5.467
235	-6.474	3.593	5.467
236	-6.474	3.593	5.467
287	-6.474	3.593	4.650
292	-6.474	3.593	4.650
310	-6.474	3.593	5.468
80	-6.473	3.593	4.651
89	-6.473	3.593	5.482
90	-6.473	3.593	4.647
138	-6.473	3.593	5.482
228	-6.473	3.593	5.470
296	-6.473	3.593	5.485
109	-6.472	3.593	5.485
110	-6.472	3.593	4.696
112	-6.472	3.593	5.487
113	-6.472	3.593	4.692
114	-6.472	3.593	4.163
130	-6.472	3.593	4.164
131	-6.472	3.593	1.843
176	-6.472	3.593	3.466
177	-6.472	3.593	25.403
198	-6.472	3.593	3.591
353	-6.472	3.593	3.511
392	-6.472	3.593	2.724
13	-6.470	3.590	2.735
20	-6.453	3.589	2.690
21	-6.453	3.589	3.621
22	-6.453	3.589	2.114
23	-6.453	3.589	10.966
24	-6.453	3.589	10.966
42	-6.451	3.589	10.966
44	-6.451	3.589	10.966
50	-6.451	3.589	2.835
55	-6.451	3.589	3.241
56	-6.451	3.589	10.959
64	-6.451	3.589	3.241
16	-6.451	3.589	3.574
45	-6.451	3.589	3.117
53	-6.451	3.589	3.120
146	-6.451	3.589	3.542
79	-6.450	3.589	5.086
19	-6.128	3.633	11.223
33	-6.128	3.632	11.223
188	-6.127	3.633	11.222
205	-6.127	3.633	11.395
225	-6.127	3.633	11.397
226	-6.127	3.633	11.397
279	-6.127	3.633	10.561
