1437	-6.528	0.000	11.224
1193	-6.528	0.017	11.221
1322	-6.528	0.013	10.486
1335	-6.528	0.012	12.190
1312	-6.528	0.018	11.225
1118	-6.528	0.013	11.223
1125	-6.528	0.011	11.223
1137	-6.528	0.011	11.223
1195	-6.528	0.008	11.223
1210	-6.528	0.010	11.223
1230	-6.528	0.011	11.222
1236	-6.528	0.010	11.395
1240	-6.528	0.011	11.397
1300	-6.528	0.011	12.176
1306	-6.528	0.010	10.561
1307	-6.528	0.010	9.161
1313	-6.528	0.011	10.564
1321	-6.528	0.011	12.160
1332	-6.528	0.009	8.042
1336	-6.528	0.011	12.734
1341	-6.528	0.011	11.709
1343	-6.528	0.011	10.547
1345	-6.528	0.011	8.786
1351	-6.528	0.011	9.140
1353	-6.528	0.011	9.142
1363	-6.528	0.011	12.319
1365	-6.528	0.012	11.730
1375	-6.528	0.011	10.445
1387	-6.528	0.011	12.718
1415	-6.528	0.011	12.565
1422	-6.528	0.011	7.254
1423	-6.528	0.011	10.357
1426	-6.528	0.012	10.165
1435	-6.528	0.012	10.165
1436	-6.528	0.011	12.569
1441	-6.528	0.011	10.327
1443	-6.528	0.011	10.328
1452	-6.528	0.011	12.141
1453	-6.528	0.011	12.142
1454	-6.528	0.011	10.290
1457	-6.528	0.011	2.268
1472	-6.528	0.011	9.336
1476	-6.528	0.011	7.076
1119	-6.528	0.011	9.266
1124	-6.528	0.011	10.502
1144	-6.528	0.011	2.652
1149	-6.528	0.012	10.509
1220	-6.528	0.012	11.420
1221	-6.528	0.011	10.115
1217	-6.528	0.008	10.358
1420	-6.528	0.016	9.356
1155	-6.527	0.010	9.966
1207	-6.527	0.010	10.352
1213	-6.527	0.007	10.351
1299	-6.527	0.040	10.466
1308	-6.527	0.010	10.480
1194	-6.527	0.040	10.395
1359	-6.526	0.087	10.158
1409	-6.525	0.063	10.455
1465	-6.525	0.072	9.867
1157	-6.524	0.076	12.278
1250	-6.509	0.137	6.694
1366	-6.501	0.142	6.728
1451	-6.494	0.256	1.981
1302	-6.430	0.457	10.526
1346	-6.327	0.696	11.967
1314	-6.325	0.871	10.516
1429	-6.321	0.820	10.328
1379	-6.302	0.857	10.329
1180	-6.274	1.064	11.224
1364	-6.265	1.037	11.221
1352	-6.264	1.076	10.486
1297	-6.257	1.073	12.190
1209	-6.251	1.114	11.225
1430	-6.247	1.122	11.223
1208	-6.210	1.231	11.223
1418	-4.759	2.151	12.243
1459	-4.759	2.151	9.983
1405	-4.711	2.709	9.835
1446	-4.711	2.705	9.695
