1927	-16.250	0.000	1.245
1931	-16.250	0.000	1.245
1932	-16.250	0.000	1.248
1937	-16.250	0.000	1.261
1942	-16.250	0.000	3.889
1948	-16.250	0.000	4.939
1949	-16.250	0.000	4.992
1961	-16.250	0.000	5.021
1969	-16.250	0.000	3.899
1972	-16.250	0.000	3.898
1973	-16.250	0.000	3.899
1922	-16.106	1.526	3.626
1923	-16.106	1.526	10.719
1924	-16.106	1.526	10.719
1925	-16.106	1.526	10.719
1926	-16.106	1.526	10.719
1928	-16.106	1.526	3.153
1929	-16.106	1.526	3.152
1930	-16.106	1.526	10.726
1933	-16.106	1.526	3.115
1934	-16.106	1.526	3.488
1935	-16.106	1.526	3.492
1936	-16.106	1.526	5.438
1938	-16.106	1.526	10.657
1939	-16.106	1.526	10.237
1940	-16.106	1.526	10.002
1941	-16.106	1.526	11.694
1943	-16.106	1.526	5.124
1944	-16.106	1.526	10.038
1945	-16.106	1.526	10.038
1946	-16.106	1.526	10.148
1947	-16.106	1.526	10.148
1951	-16.106	1.526	10.702
1953	-16.106	1.526	10.701
1957	-16.106	1.526	10.198
1959	-16.106	1.526	11.683
1962	-16.106	1.526	10.702
1975	-16.106	1.526	10.703
1950	-13.664	1.996	10.702
1952	-13.664	1.996	10.702
1954	-13.664	1.996	10.702
1958	-13.664	1.996	11.073
1970	-13.664	1.996	8.538
1974	-13.664	1.996	11.075
1965	-9.658	1.684	3.652
1956	-9.269	2.056	5.116
1971	-9.269	2.056	5.234
1964	-9.269	2.056	4.685
1967	-9.269	2.056	5.314
1968	-9.269	2.056	5.315
1960	-8.689	2.044	3.489
1963	-8.689	2.044	3.492
1966	-8.689	2.044	5.438
1976	-8.689	2.044	10.657
1977	-8.689	2.044	10.235
1955	-8.685	2.045	10.238
