914	-7.929	0.000	8.406
979	-7.929	0.000	8.764
734	-7.916	0.118	12.195
726	-7.915	0.007	9.831
887	-7.877	0.030	6.661
880	-7.876	0.030	8.818
1041	-7.852	0.028	9.834
996	-7.820	1.971	8.032
768	-7.820	0.027	8.730
790	-7.819	0.027	7.553
943	-7.819	0.027	7.905
944	-7.819	0.027	8.023
945	-7.819	0.027	7.576
831	-7.818	0.027	8.274
859	-7.818	0.027	5.694
923	-7.817	0.027	8.750
817	-7.816	0.027	8.275
852	-7.816	0.027	5.991
952	-7.816	0.027	13.446
962	-7.816	0.027	9.129
983	-7.816	0.027	13.441
913	-7.815	0.027	13.349
586	-7.815	0.029	13.917
1062	-7.811	1.971	15.709
676	-7.803	0.030	15.708
1017	-7.802	0.030	15.708
1028	-7.802	0.030	15.708
643	-7.801	0.030	15.707
659	-7.801	0.030	15.707
680	-7.801	0.030	15.493
681	-7.801	0.030	15.492
741	-7.801	0.030	14.818
1043	-7.801	0.030	14.969
706	-7.800	0.030	15.766
701	-7.798	0.030	15.766
954	-7.763	0.156	24.967
940	-7.761	0.153	12.742
716	-7.742	0.146	12.664
1001	-7.737	0.153	24.986
709	-7.724	0.044	10.972
1053	-7.718	1.967	15.238
858	-7.667	1.970	14.382
719	-7.665	1.970	13.349
654	-7.663	1.970	13.353
704	-7.663	1.970	25.162
834	-7.640	1.970	15.749
968	-7.450	1.458	0.000
1031	-7.431	1.459	12.865
1057	-7.430	1.448	0.027
974	-7.424	1.462	1.476
888	-7.395	1.451	2.235
973	-7.395	1.464	4.773
1008	-7.162	2.819	7.554
911	-7.161	2.820	8.274
810	-7.114	1.832	15.766
791	-7.023	1.971	11.142
789	-7.022	1.971	15.238
829	-7.022	1.971	15.236
750	-6.971	2.838	12.694
759	-6.970	2.838	12.706
770	-6.969	2.838	12.028
784	-6.968	2.838	12.218
793	-6.968	2.838	12.845
884	-6.968	2.838	12.718
871	-6.967	2.838	0.000
644	-6.967	2.837	0.000
646	-6.967	2.838	12.111
867	-6.967	2.838	12.865
728	-6.966	2.837	12.876
731	-6.966	2.837	12.644
660	-6.965	2.837	12.040
721	-6.965	2.838	1.476
1061	-6.929	1.967	2.292
1012	-6.891	1.716	8.584
616	-6.856	3.894	4.847
650	-6.848	3.885	8.595
775	-6.761	1.967	9.634
771	-6.718	2.883	9.583
995	-6.716	2.883	9.652
997	-6.716	2.883	5.059
786	-6.715	2.883	5.058
782	-6.714	2.883	7.092
851	-6.714	2.883	5.341
948	-6.714	2.883	7.447
814	-6.714	2.883	9.081
960	-6.714	2.883	2.358
895	-6.712	2.883	9.091
977	-6.712	2.883	2.322
633	-6.711	2.883	9.088
591	-6.691	1.972	8.819
1013	-6.690	1.972	8.708
668	-6.676	1.972	6.720
840	-6.670	1.967	8.032
907	-6.669	1.967	8.730
1021	-6.652	1.967	7.576
1037	-6.652	1.968	7.554
1055	-6.651	1.967	8.274
991	-6.628	2.062	9.121
1015	-6.616	2.062	15.708
841	-6.608	1.968	15.739
742	-6.606	2.061	15.738
897	-6.600	3.357	14.818
890	-6.598	2.063	14.969
832	-6.597	2.063	15.766
590	-6.586	2.065	24.967
1033	-6.585	2.063	24.967
777	-6.577	2.063	24.967
773	-6.577	2.065	12.742
939	-6.575	2.065	12.741
933	-6.573	1.762	12.743
874	-6.571	2.903	12.209
675	-6.567	2.065	12.631
619	-6.565	2.903	12.628
714	-6.565	2.063	12.212
599	-6.564	2.903	24.885
683	-6.563	2.903	12.366
928	-6.561	2.051	12.631
879	-6.555	2.035	12.664
842	-6.554	2.043	12.665
827	-6.543	2.048	12.634
778	-6.536	2.904	24.986
696	-6.526	2.905	10.947
1063	-6.522	1.749	10.950
1324	-6.522	1.740	10.963
811	-6.521	3.377	10.719
981	-6.488	3.411	11.058
902	-6.485	3.416	15.238
987	-6.462	3.357	15.147
1026	-6.394	1.852	13.355
844	-6.393	2.601	13.353
783	-6.392	2.601	13.353
970	-6.392	2.602	14.596
986	-6.391	2.601	25.162
1024	-6.390	2.601	11.060
1022	-6.390	2.600	25.163
1065	-6.390	1.851	13.387
1032	-6.388	2.601	15.450
989	-6.378	1.854	15.749
990	-6.358	2.823	14.150
1034	-6.344	1.854	14.150
957	-6.303	2.867	14.150
1029	-6.293	2.875	14.148
743	-6.282	2.899	15.781
746	-6.281	2.895	14.147
758	-6.270	2.894	15.790
878	-6.268	2.876	15.789
853	-6.267	2.898	15.775
971	-6.266	2.875	15.657
1018	-6.260	2.880	15.782
1045	-6.259	2.894	15.780
1064	-6.259	2.894	15.760
798	-6.257	2.800	13.539
908	-6.257	2.799	11.365
846	-6.256	2.800	12.696
959	-6.256	2.799	25.884
801	-6.255	2.800	12.694
812	-6.255	2.800	12.714
896	-6.255	2.800	12.020
927	-6.255	2.800	12.028
931	-6.255	2.800	12.217
605	-6.250	2.800	12.845
614	-6.250	2.800	12.040
645	-6.249	2.800	0.000
670	-6.249	2.799	0.000
710	-6.248	2.800	0.000
1376	-6.243	2.824	0.000
648	-6.234	2.603	12.111
779	-6.232	2.799	12.865
1445	-6.226	2.823	11.627
1246	-6.221	2.800	12.184
748	-6.214	2.584	12.856
942	-6.213	2.584	12.854
919	-6.213	2.585	14.152
947	-6.212	2.560	14.498
899	-6.171	2.826	2.232
849	-6.127	2.592	14.543
664	-6.105	2.591	2.165
738	-6.103	2.600	2.165
804	-6.086	3.470	8.588
949	-6.084	3.481	2.292
955	-6.083	3.474	8.585
891	-6.077	2.774	8.596
694	-6.074	3.443	8.582
691	-6.074	3.454	8.594
707	-6.073	3.458	8.594
1019	-6.058	2.858	8.594
752	-6.035	3.004	10.936
815	-6.035	3.049	5.364
717	-6.033	3.005	5.107
651	-6.033	3.005	9.205
1039	-6.031	3.005	9.583
1470	-6.028	2.773	9.654
838	-6.023	1.840	5.341
972	-6.023	1.844	10.313
993	-6.023	1.844	9.081
1005	-6.018	1.841	5.810
937	-6.017	1.873	8.419
649	-6.012	1.844	12.093
1007	-6.010	1.848	8.764
901	-6.009	1.687	9.831
788	-6.008	1.687	8.812
1011	-6.008	1.846	8.731
652	-6.004	3.052	11.905
662	-6.004	3.052	8.709
663	-6.004	3.052	6.720
825	-5.999	3.058	8.322
881	-5.999	3.058	8.032
835	-5.977	3.060	8.023
720	-5.966	3.061	7.554
1052	-5.962	3.058	8.274
602	-5.920	2.825	8.251
692	-5.914	2.729	8.695
978	-5.914	3.047	8.748
754	-5.910	2.730	5.989
794	-5.902	2.597	9.121
762	-5.902	2.597	9.127
843	-5.901	2.597	10.500
673	-5.897	2.597	13.246
828	-5.897	3.039	13.349
877	-5.897	3.038	15.710
912	-5.889	2.581	15.708
956	-5.873	2.719	15.708
642	-5.872	2.717	15.707
641	-5.872	2.580	15.707
745	-5.861	2.720	15.739
1010	-5.861	3.047	15.738
999	-5.830	2.685	14.818
903	-5.830	2.685	14.969
690	-5.822	2.684	14.904
930	-5.820	2.703	12.793
918	-5.819	2.704	12.735
845	-5.817	2.702	24.967
1044	-5.812	2.738	12.251
806	-5.772	2.927	24.886
854	-5.764	2.734	24.885
917	-5.754	2.593	24.885
861	-5.754	2.593	12.657
1000	-5.746	2.572	12.667
767	-5.746	2.572	12.664
906	-5.745	2.572	12.215
833	-5.744	2.572	12.653
802	-5.744	2.573	12.634
818	-5.743	2.573	24.986
857	-5.743	2.573	24.986
985	-5.742	2.573	24.987
617	-5.724	2.571	10.947
632	-5.724	2.572	10.950
624	-5.724	2.572	10.707
598	-5.723	2.572	10.719
597	-5.723	2.571	11.060
603	-5.723	2.572	11.055
607	-5.723	2.572	10.770
653	-5.722	2.572	15.237
666	-5.722	2.571	15.147
601	-5.721	2.572	15.204
708	-5.721	2.572	15.148
705	-5.721	2.571	13.353
688	-5.720	2.572	13.353
698	-5.719	2.571	13.358
665	-5.717	2.736	25.162
886	-5.717	2.659	11.060
626	-5.716	2.736	25.163
964	-5.716	2.736	15.429
967	-5.716	2.736	15.450
655	-5.716	2.736	14.148
769	-5.715	2.737	15.749
1014	-5.715	2.736	15.749
1036	-5.715	2.736	15.746
941	-5.714	2.737	14.150
946	-5.714	2.737	14.150
1060	-5.713	2.736	15.744
682	-5.713	2.663	14.152
713	-5.713	2.663	15.782
774	-5.692	2.789	14.147
780	-5.681	2.692	15.791
669	-5.675	2.692	15.733
623	-5.674	2.693	15.773
847	-5.673	2.577	15.771
625	-5.651	2.576	14.201
640	-5.651	2.576	15.781
634	-5.651	2.576	14.196
596	-5.651	2.576	13.537
733	-5.650	2.576	13.539
739	-5.649	2.576	11.365
689	-5.649	2.576	12.692
936	-5.631	2.989	12.701
848	-5.629	2.583	12.714
760	-5.628	2.583	12.019
822	-5.627	2.583	12.709
621	-5.608	2.583	12.182
1020	-5.605	2.583	2.232
938	-5.604	2.772	1.766
629	-5.581	2.575	4.941
805	-5.573	2.579	8.582
756	-5.566	2.772	8.594
980	-5.565	2.772	8.594
747	-5.538	2.576	2.244
883	-5.536	2.578	2.235
1030	-5.526	2.806	2.235
1004	-5.499	2.805	5.364
1046	-5.492	2.806	5.107
792	-5.481	2.804	9.582
807	-5.479	2.805	5.073
863	-5.477	2.804	5.374
677	-5.473	2.805	9.176
661	-5.471	2.805	9.407
697	-5.470	2.806	7.092
1049	-5.469	2.806	5.058
749	-5.453	3.091	2.444
764	-5.450	3.092	9.088
823	-5.450	3.092	9.086
1003	-5.450	3.092	5.821
744	-5.445	3.092	9.085
1016	-5.443	3.092	12.094
766	-5.440	3.091	8.764
636	-5.434	3.093	12.195
994	-5.389	2.772	8.812
737	-5.381	2.841	8.732
1002	-5.359	2.771	8.019
718	-5.264	2.679	8.709
735	-5.258	2.685	6.720
797	-5.238	2.832	7.553
787	-5.236	2.831	7.576
729	-5.220	2.834	7.554
1409	-4.451	3.571	13.353
781	-4.158	3.361	15.746
966	-4.158	3.361	14.150
703	-4.155	3.365	14.150
672	-4.155	3.363	15.743
674	-4.155	3.363	14.146
732	-4.155	3.362	14.147
796	-4.130	3.370	15.789
1156	-4.114	3.363	13.540
1417	-4.112	3.363	15.779
