140	-17.285	0.000	0.000
541	-17.284	0.000	8.764
121	-17.284	0.000	12.195
150	-17.284	0.000	8.811
189	-17.284	0.000	8.732
51	-17.274	0.001	8.019
98	-17.274	0.001	8.709
45	-17.273	0.001	6.720
54	-17.273	0.001	8.322
1	-17.245	0.001	8.032
327	-17.116	0.010	8.031
252	-17.073	0.010	8.032
173	-17.048	0.005	7.553
222	-17.048	0.005	8.023
238	-17.048	0.005	7.576
240	-17.048	0.005	7.554
244	-17.048	0.005	7.552
315	-17.048	0.005	8.027
347	-17.048	0.005	8.695
351	-17.048	0.005	8.275
372	-17.048	0.005	5.706
427	-17.048	0.005	13.134
131	-17.047	0.005	9.128
144	-17.047	0.005	13.302
145	-17.047	0.005	13.246
148	-17.047	0.005	13.348
162	-17.047	0.005	7.965
21	-17.037	0.005	15.708
49	-17.037	0.005	15.708
56	-17.037	0.005	15.708
69	-17.037	0.005	15.707
86	-17.037	0.005	15.707
90	-17.037	0.005	15.493
96	-17.037	0.005	15.493
111	-17.037	0.005	15.722
11	-17.025	0.004	14.969
9	-17.024	0.004	15.766
258	-17.018	0.004	15.766
323	-16.969	2.257	14.903
126	-16.968	2.257	12.793
242	-16.968	2.257	12.735
20	-16.961	2.257	24.967
89	-16.961	2.257	24.967
115	-16.960	2.257	12.738
287	-16.765	2.256	12.742
338	-16.765	2.256	12.741
360	-16.764	2.256	12.553
375	-16.764	2.256	12.210
377	-16.764	2.256	12.251
486	-16.764	2.256	12.627
493	-16.764	2.256	24.886
560	-16.764	2.256	24.885
160	-16.763	2.256	12.658
191	-16.763	2.256	12.630
221	-16.763	2.256	12.667
233	-16.763	2.256	12.664
234	-16.763	2.256	12.632
236	-16.763	2.256	12.653
429	-16.763	2.256	12.634
434	-16.763	2.256	10.943
464	-16.763	2.256	24.986
445	-16.763	2.256	24.987
454	-16.763	2.256	10.947
531	-16.756	2.256	10.672
52	-16.755	2.257	10.960
60	-16.755	2.257	10.719
281	-16.755	2.257	10.723
114	-16.754	2.257	11.059
502	-16.726	2.257	11.056
35	-16.665	1.760	15.237
47	-16.664	1.760	15.147
74	-16.664	1.760	13.349
381	-16.660	1.320	15.148
170	-16.659	1.320	13.353
322	-16.659	1.320	13.353
100	-16.654	1.320	13.353
58	-16.654	1.320	25.162
66	-16.654	1.320	13.076
183	-16.550	1.758	25.163
339	-16.493	1.764	15.429
300	-16.493	1.764	15.450
318	-16.493	1.764	15.577
138	-16.492	1.764	15.749
152	-16.491	1.764	15.749
153	-16.491	1.764	15.746
428	-16.491	1.764	14.150
78	-16.481	1.764	14.150
101	-16.480	1.764	15.743
265	-16.465	1.764	14.146
500	-16.447	1.764	14.147
259	-16.441	1.764	14.147
248	-16.427	1.764	15.791
350	-16.263	2.516	15.789
319	-16.260	2.518	15.773
218	-16.259	2.517	15.772
415	-16.259	2.518	14.196
431	-16.259	2.518	13.540
235	-16.259	2.518	15.779
139	-16.259	2.518	13.537
181	-16.258	2.518	13.540
291	-16.258	2.518	14.290
380	-16.258	2.518	12.693
182	-16.258	2.518	25.884
371	-16.258	2.518	12.688
128	-16.257	2.518	12.701
134	-16.257	2.518	12.019
133	-16.257	2.518	12.030
310	-16.257	2.518	0.025
159	-16.256	2.518	0.021
473	-16.256	2.518	12.845
209	-16.256	2.518	0.000
453	-16.255	2.518	0.000
120	-16.249	2.501	0.000
103	-16.249	2.517	0.000
48	-16.247	2.517	0.001
88	-16.246	2.518	12.865
507	-16.229	2.517	12.105
558	-16.222	2.484	12.240
141	-16.215	2.471	12.639
84	-16.205	2.489	12.169
254	-16.203	2.517	12.182
438	-16.072	2.306	14.136
485	-16.072	2.305	1.475
68	-16.062	2.304	2.232
99	-16.059	2.303	1.765
113	-16.056	2.302	2.170
294	-15.950	2.290	2.165
393	-15.804	2.474	2.165
177	-15.803	2.474	14.540
384	-15.803	2.474	2.292
403	-15.803	2.474	8.585
123	-15.802	2.473	8.596
132	-15.802	2.473	2.289
166	-15.802	2.473	4.941
119	-15.801	2.473	4.940
15	-15.797	2.474	8.594
34	-15.797	2.474	8.594
37	-15.797	2.474	8.594
38	-15.797	2.474	8.594
85	-15.797	2.474	8.594
104	-15.797	2.474	8.572
105	-15.797	2.474	2.244
53	-15.796	2.474	2.235
62	-15.796	2.474	2.235
41	-15.796	2.474	9.190
42	-15.796	2.474	14.291
6	-15.778	2.474	9.634
136	-15.771	2.290	4.898
151	-15.771	2.290	4.907
203	-15.747	1.746	5.364
80	-15.743	1.746	5.107
260	-15.710	1.746	9.581
171	-15.683	2.248	9.583
211	-15.683	2.248	9.582
297	-15.683	2.248	5.073
122	-15.682	2.248	5.336
24	-15.679	2.248	9.176
87	-15.679	2.248	9.084
94	-15.679	2.248	7.092
81	-15.679	2.248	5.058
91	-15.679	2.248	5.054
61	-15.678	2.248	9.081
108	-15.678	2.248	9.575
289	-15.512	2.471	2.358
331	-15.512	2.471	2.443
179	-15.512	2.471	9.089
202	-15.512	2.471	9.086
206	-15.512	2.471	5.821
388	-15.512	2.471	5.811
230	-15.511	2.471	9.085
229	-15.511	2.471	12.095
354	-15.511	2.471	8.764
361	-15.511	2.471	12.195
426	-15.511	2.471	8.812
124	-15.511	2.471	8.730
146	-15.511	2.471	8.019
147	-15.511	2.471	8.709
154	-15.511	2.471	6.721
468	-15.511	2.471	6.720
305	-15.511	2.249	8.322
325	-15.510	2.249	8.278
130	-15.508	2.249	8.032
163	-15.508	2.249	6.714
17	-15.505	2.471	8.023
18	-15.505	2.471	7.576
19	-15.505	2.471	7.554
29	-15.505	2.471	7.554
50	-15.505	2.471	12.222
75	-15.505	2.471	12.165
23	-15.505	2.248	6.188
31	-15.505	2.248	5.704
57	-15.505	2.248	12.387
278	-15.505	2.248	10.470
266	-15.492	2.471	13.302
267	-15.492	2.471	13.246
263	-15.491	2.249	13.349
270	-15.491	2.249	7.005
210	-15.249	2.486	15.708
463	-15.249	2.487	15.708
161	-15.248	2.487	15.708
92	-15.244	2.487	15.707
93	-15.244	2.487	15.707
110	-15.242	2.487	15.493
255	-15.201	2.486	15.493
284	-15.001	2.483	15.723
348	-14.231	2.720	14.969
156	-14.231	2.720	15.766
321	-14.228	2.720	15.766
223	-14.223	2.720	14.903
174	-14.220	2.720	12.793
246	-14.218	2.720	12.738
55	-14.212	2.720	24.967
46	-14.208	2.719	24.967
28	-14.205	2.720	12.542
268	-14.204	2.720	12.742
107	-14.199	2.719	12.740
298	-14.019	1.187	12.553
456	-14.019	1.187	16.033
436	-14.001	2.033	12.357
195	-13.927	1.186	12.238
480	-13.927	1.186	24.886
70	-13.427	2.613	24.885
219	-13.359	2.703	12.362
247	-13.359	2.703	12.630
295	-13.359	2.703	12.667
187	-13.358	2.703	12.630
188	-13.358	2.703	12.665
269	-13.337	2.703	12.653
395	-13.118	3.375	12.634
282	-13.117	3.375	12.637
117	-13.117	3.375	24.986
197	-13.116	3.375	10.942
367	-13.116	3.375	10.947
30	-12.655	3.366	10.949
43	-12.655	3.366	10.952
416	-12.633	3.214	10.712
362	-12.632	3.214	11.062
526	-12.629	3.215	11.056
1475	-11.459	3.610	15.609
1265	-11.452	3.603	15.450
1334	-11.438	3.602	15.624
1077	-11.432	3.602	15.749
1391	-11.428	3.608	15.748
1230	-11.391	3.601	14.150
1298	-11.320	3.611	15.744
1450	-11.308	3.604	14.150
1644	-11.306	3.604	14.147
1329	-11.305	3.610	15.737
1342	-11.304	3.611	15.791
1252	-11.301	3.611	15.774
106	-11.281	3.612	15.772
272	-11.277	3.603	15.770
1116	-11.275	3.582	13.540
25	-11.275	3.605	14.211
4	-11.258	3.611	13.537
324	-11.246	3.605	13.540
326	-11.213	3.605	25.022
398	-11.211	3.605	12.693
401	-11.211	3.605	25.884
176	-11.210	3.605	12.689
285	-11.210	3.605	11.475
290	-11.210	3.605	12.019
333	-11.210	3.605	12.030
158	-11.210	3.605	11.527
337	-11.210	3.605	0.021
356	-11.209	3.605	12.709
330	-11.208	3.605	0.000
452	-11.207	3.605	0.000
125	-11.206	3.605	0.000
239	-11.206	3.605	0.000
301	-11.201	3.593	0.001
72	-11.198	3.605	12.865
82	-11.197	3.605	0.027
44	-11.196	3.605	12.240
14	-11.193	3.605	12.639
112	-11.190	3.605	12.169
116	-11.190	3.605	12.182
201	-11.190	3.606	14.142
447	-11.189	3.606	1.476
478	-11.188	3.605	2.232
185	-11.186	3.606	1.765
1359	-11.173	3.605	1.766
519	-11.159	3.604	5.033
523	-11.159	3.604	2.165
496	-11.137	3.603	2.292
249	-11.128	3.603	2.292
1232	-10.823	2.738	2.289
1133	-10.804	2.737	4.941
1643	-10.776	2.733	4.898
1649	-10.776	2.732	4.901
1469	-10.664	2.739	2.198
467	-10.642	2.735	9.084
208	-10.639	2.735	7.093
553	-10.623	2.732	6.980
1600	-10.623	2.734	5.821
435	-10.613	2.735	8.812
36	-10.596	2.734	7.554
307	-10.501	2.732	15.766
308	-10.501	2.732	15.766
288	-10.498	2.732	14.903
378	-10.497	2.732	12.735
488	-10.496	2.732	12.738
363	-10.496	2.732	24.967
418	-10.496	2.732	24.967
409	-10.495	2.732	12.742
440	-10.494	2.732	12.548
390	-10.494	2.732	12.551
355	-10.493	2.732	16.034
406	-10.493	2.732	12.357
155	-10.493	2.732	12.211
207	-10.493	2.732	24.886
543	-10.492	2.732	24.885
293	-10.492	2.733	24.885
342	-10.492	2.732	12.657
205	-10.491	2.732	12.658
528	-10.491	2.730	12.630
196	-10.489	2.732	12.632
481	-10.488	2.732	12.637
33	-10.488	2.731	24.986
83	-10.488	2.731	12.656
71	-10.486	2.730	10.952
16	-10.482	2.731	11.053
97	-10.481	2.731	15.238
273	-10.481	2.730	15.147
7	-10.466	2.731	25.162
5	-10.465	2.731	25.162
503	-10.465	2.730	25.163
455	-10.463	2.731	14.591
470	-10.459	2.731	15.450
2	-10.446	2.729	14.147
253	-10.446	2.729	14.147
250	-10.445	2.730	15.787
1402	-10.443	2.730	15.770
227	-10.357	2.832	2.292
226	-10.357	2.831	2.292
575	-10.352	2.654	8.597
491	-10.352	2.654	2.289
306	-10.344	2.657	8.582
213	-10.342	2.657	8.594
383	-10.339	2.828	8.594
408	-10.339	2.656	8.594
542	-10.339	2.655	8.594
296	-10.337	2.659	8.594
489	-10.331	2.829	4.896
561	-10.331	2.829	2.235
425	-10.331	2.828	9.257
567	-10.331	2.650	14.291
578	-10.331	2.650	9.634
446	-10.330	2.650	4.901
449	-10.330	2.650	5.364
540	-10.330	2.650	9.375
414	-10.328	2.829	9.581
169	-10.328	2.829	9.583
387	-10.328	2.829	9.652
299	-10.328	2.656	5.073
459	-10.328	2.656	5.336
241	-10.327	2.830	9.177
444	-10.327	2.650	7.104
190	-10.326	2.830	7.093
368	-10.325	2.652	5.058
95	-10.321	2.827	4.572
1453	-10.319	2.665	9.080
328	-10.319	2.652	2.358
1384	-10.318	2.665	7.333
504	-10.317	2.652	9.089
412	-10.317	2.653	6.980
1413	-10.314	2.662	5.811
1425	-10.314	2.662	9.074
1451	-10.313	2.662	11.955
1434	-10.312	2.662	8.764
483	-10.307	2.653	12.195
457	-10.306	2.653	8.811
510	-10.305	2.653	8.025
1785	-10.303	2.828	8.728
1447	-10.301	2.662	7.607
1287	-10.283	2.657	6.721
1317	-10.283	2.657	8.322
1720	-10.283	2.657	8.032
498	-10.279	2.660	8.033
405	-10.173	3.349	10.471
550	-10.170	3.348	13.302
574	-10.169	3.348	13.247
441	-10.169	3.348	13.342
402	-10.142	1.740	6.674
1280	-10.140	3.329	15.710
1761	-10.127	3.343	15.708
1209	-10.116	2.977	15.708
509	-10.113	3.344	15.707
1380	-10.109	3.356	15.707
1226	-10.104	2.983	15.739
1455	-10.059	2.977	15.723
566	-10.058	1.752	15.766
571	-10.058	1.752	15.766
67	-10.055	1.752	12.547
462	-10.052	1.757	24.955
39	-10.051	1.755	12.551
275	-10.043	1.752	12.211
547	-10.031	2.995	24.886
340	-10.022	1.738	24.885
172	-10.021	1.738	24.886
165	-10.020	1.738	12.650
214	-10.020	1.738	12.651
385	-10.020	1.739	12.663
413	-10.020	1.739	12.236
580	-10.018	1.734	12.667
451	-10.017	1.733	24.960
22	-10.017	1.739	12.636
220	-10.017	1.740	24.987
65	-10.016	1.740	10.943
217	-10.013	1.735	12.639
511	-10.013	1.745	10.948
245	-10.012	1.735	10.953
225	-10.009	1.740	10.964
1681	-9.999	1.742	10.723
1629	-9.998	1.742	11.147
1555	-9.997	1.742	14.161
1563	-9.997	1.742	15.238
469	-9.995	2.472	13.351
1751	-9.989	1.739	15.148
359	-9.985	1.745	13.353
346	-9.980	1.742	14.593
554	-9.980	1.742	13.353
251	-9.979	1.731	25.162
536	-9.978	2.991	25.162
386	-9.977	2.976	25.163
1440	-9.974	1.729	25.163
1293	-9.974	1.729	15.450
1321	-9.974	1.729	15.624
1283	-9.971	1.750	15.749
1169	-9.964	1.742	15.749
1322	-9.964	1.742	15.746
1486	-9.958	1.742	14.150
1161	-9.950	1.742	14.150
1127	-9.945	1.742	15.790
1673	-9.945	1.741	15.733
1323	-9.942	1.735	15.754
1355	-9.941	1.736	13.536
492	-9.939	1.748	12.715
585	-9.939	1.748	12.701
192	-9.938	1.748	12.707
198	-9.936	1.749	12.834
479	-9.936	1.750	25.009
422	-9.936	1.750	0.021
437	-9.935	1.750	12.845
135	-9.934	1.750	12.639
164	-9.934	1.749	0.000
349	-9.934	1.756	0.000
231	-9.933	1.750	0.000
279	-9.933	1.750	0.001
1729	-9.931	1.740	12.213
534	-9.931	1.745	0.014
76	-9.931	1.751	12.613
109	-9.931	1.752	12.169
73	-9.931	1.752	12.184
460	-9.931	1.752	12.137
264	-9.925	1.748	1.476
271	-9.925	1.748	2.232
1240	-9.923	3.659	2.175
518	-9.922	1.748	1.765
524	-9.914	1.745	2.292
565	-9.912	1.750	8.597
442	-9.911	1.750	8.597
200	-9.910	1.751	2.289
559	-9.909	1.752	8.594
1662	-9.909	3.000	8.594
508	-9.894	1.741	8.594
1198	-9.893	1.727	8.594
256	-9.886	1.743	2.244
562	-9.845	2.848	2.235
137	-9.842	2.847	9.258
178	-9.841	2.848	4.770
461	-9.837	2.848	9.636
32	-9.835	2.846	4.899
27	-9.833	2.846	4.901
501	-9.820	2.847	5.363
1401	-9.800	2.484	5.365
1372	-9.710	2.501	9.178
404	-9.553	2.058	7.093
1682	-9.527	2.058	2.206
184	-9.469	3.849	4.877
1335	-9.322	3.778	8.025
1418	-9.319	3.778	8.254
389	-9.310	3.772	8.031
392	-9.310	3.773	8.322
430	-9.307	3.772	6.720
487	-9.307	3.773	8.032
570	-9.307	3.772	8.033
204	-9.305	3.772	6.714
216	-9.304	3.772	8.022
1269	-9.296	3.774	8.025
549	-9.295	3.773	7.576
1134	-9.294	3.774	7.553
1074	-9.291	3.812	8.685
1176	-9.283	3.777	5.715
1308	-9.283	3.777	13.334
1231	-9.282	3.777	10.471
1145	-9.282	3.777	13.201
1296	-9.281	3.777	13.247
1539	-9.280	3.777	13.351
1544	-9.279	3.777	11.744
1567	-9.279	3.777	15.709
1645	-9.279	3.777	15.708
175	-9.278	1.916	15.708
1388	-9.277	3.771	15.708
1415	-9.276	3.771	15.707
1328	-9.275	3.771	15.707
1460	-9.275	3.771	15.493
1337	-9.266	3.115	14.816
276	-9.256	3.772	15.766
529	-9.255	3.769	15.766
1320	-9.253	3.768	15.797
1431	-9.251	3.768	15.732
335	-9.246	2.692	24.967
329	-9.241	2.691	24.885
8	-9.220	2.691	24.986
3	-9.214	2.690	10.943
1489	-9.207	2.613	10.959
497	-9.196	2.695	10.966
1410	-9.190	2.885	11.145
527	-9.085	2.596	12.217
1456	-9.023	3.495	14.542
1360	-8.944	3.301	4.910
1461	-8.930	3.282	5.073
1344	-8.913	3.475	5.059
1488	-8.908	3.262	7.104
224	-8.901	2.879	7.093
317	-8.890	2.879	5.058
1256	-8.881	2.880	5.055
274	-8.880	2.879	4.542
379	-8.873	2.882	2.294
482	-8.847	3.399	8.729
475	-8.842	3.472	8.277
13	-8.842	3.399	8.032
410	-8.838	3.469	8.023
552	-8.838	3.468	7.576
127	-8.838	3.400	7.554
1569	-8.838	3.397	12.222
77	-8.829	3.397	9.132
1703	-8.822	3.467	15.707
1414	-8.820	3.193	15.707
1175	-8.812	3.486	15.493
465	-8.808	3.484	12.737
1759	-8.794	3.464	12.970
261	-8.770	3.477	10.947
391	-8.749	3.397	15.238
1478	-8.748	3.218	15.147
129	-8.745	3.398	15.152
1624	-8.744	3.218	13.354
1174	-8.744	3.451	14.591
1608	-8.743	3.219	25.162
1171	-8.743	3.450	13.370
1239	-8.742	3.442	25.162
1770	-8.741	3.216	15.304
10	-8.721	3.395	14.150
212	-8.715	2.874	14.150
309	-8.714	2.874	14.147
396	-8.713	2.873	15.739
1642	-8.713	3.389	15.736
180	-8.710	2.874	15.733
1757	-8.709	3.389	15.774
1738	-8.709	3.389	15.770
443	-8.708	2.874	15.774
194	-8.706	2.874	13.541
142	-8.704	2.874	12.701
477	-8.704	2.874	12.714
186	-8.702	2.874	0.000
59	-8.702	2.874	0.000
26	-8.702	2.874	0.001
40	-8.701	2.874	12.651
1071	-8.701	3.458	12.168
63	-8.699	2.874	12.182
64	-8.699	2.874	14.506
1609	-8.698	2.874	1.476
1394	-8.686	3.390	1.766
1211	-8.686	3.391	14.513
1184	-8.680	3.422	2.291
1242	-8.679	3.422	2.292
1157	-8.679	3.424	8.597
1207	-8.679	3.430	8.596
1189	-8.678	3.424	2.289
1111	-8.678	3.424	4.940
1104	-8.650	3.516	9.258
1411	-8.648	3.038	9.634
1186	-8.640	3.398	4.712
1397	-8.624	3.354	5.364
1479	-8.623	3.367	9.180
1492	-8.609	3.414	9.584
545	-8.589	2.658	2.358
563	-8.588	3.388	2.294
539	-8.586	3.388	9.089
1159	-8.552	3.243	8.729
366	-8.551	3.242	8.819
365	-8.551	3.241	8.032
1124	-8.551	3.243	6.720
369	-8.550	3.241	8.032
353	-8.548	3.242	5.694
1092	-8.541	2.567	5.993
1383	-8.514	2.660	15.708
199	-8.458	1.857	24.967
1536	-8.437	3.262	24.886
1262	-8.436	3.215	24.885
1218	-8.435	3.213	12.630
1781	-8.422	3.258	12.632
1462	-8.378	3.248	25.162
1274	-8.375	3.241	13.370
448	-8.311	2.934	14.147
417	-8.311	2.931	15.781
357	-8.307	2.931	15.761
411	-8.307	2.931	15.733
292	-8.304	2.931	15.781
193	-8.303	2.930	15.773
262	-8.294	2.930	12.692
302	-8.279	2.568	12.701
1270	-8.262	3.702	12.706
1780	-8.258	2.563	12.028
1669	-8.254	2.563	0.021
499	-8.250	2.562	12.845
1304	-8.238	3.360	12.858
1081	-8.219	2.997	0.000
474	-8.198	2.644	0.000
1753	-8.012	2.410	4.773
1408	-8.004	2.926	9.634
1085	-7.991	2.830	9.188
332	-7.974	2.941	9.584
1551	-7.973	2.942	9.203
1561	-7.972	2.942	5.073
1606	-7.972	2.942	9.652
564	-7.971	2.941	5.059
118	-7.969	2.938	5.032
343	-7.969	2.941	9.667
495	-7.967	2.942	5.341
573	-7.964	2.938	2.350
581	-7.964	2.938	9.081
143	-7.964	2.938	2.358
517	-7.962	2.938	7.335
1483	-7.888	3.159	8.811
215	-7.773	2.900	15.733
1665	-7.769	2.900	12.793
1605	-7.768	2.900	12.738
167	-7.767	2.900	24.967
582	-7.763	2.900	24.967
257	-7.760	2.900	12.740
419	-7.758	2.909	12.237
374	-7.756	2.910	12.363
286	-7.756	2.909	24.886
352	-7.755	2.910	12.213
1378	-7.721	3.439	11.140
1217	-7.604	2.256	14.150
1351	-7.591	2.227	14.146
1464	-7.502	3.633	0.021
1331	-7.426	3.666	12.876
1306	-7.425	3.666	12.265
1446	-7.424	3.666	14.506
1706	-7.420	3.666	14.505
1430	-7.419	3.666	2.232
538	-7.394	3.027	4.771
1739	-7.388	3.664	4.898
1694	-7.106	2.984	12.793
168	-7.099	2.979	24.866
1354	-7.078	3.026	24.885
407	-7.063	3.007	12.630
1405	-6.562	3.189	12.630
1442	-6.370	3.437	15.749
1379	-6.264	3.287	15.775
1705	-5.628	3.937	12.030
1625	-5.628	3.911	12.217
1549	-5.627	3.908	11.718
1704	-5.627	3.953	0.000
484	-5.624	3.843	0.000
548	-5.621	3.932	0.000
522	-5.620	3.972	0.000
572	-5.620	3.952	12.111
313	-5.620	3.877	12.865
490	-5.620	3.905	0.027
1800	-5.619	3.961	12.876
512	-5.611	3.978	12.168
