1733	-9.452	0.000	5.125
1532	-9.392	0.039	2.292
1511	-9.390	0.038	9.089
1513	-9.390	0.038	6.981
1786	-9.389	0.038	9.055
1787	-9.389	0.038	5.811
1494	-9.385	0.038	5.799
1501	-9.385	0.038	11.955
1556	-9.270	0.203	15.724
1627	-9.246	0.108	12.738
1596	-9.245	0.107	24.967
1584	-9.245	0.107	24.967
1603	-9.245	0.107	12.739
1708	-9.245	0.108	12.551
1796	-9.244	0.107	16.034
1797	-9.244	0.107	12.235
1519	-9.244	0.107	12.627
1522	-9.243	0.107	24.886
1745	-9.238	0.107	24.885
1728	-9.180	0.098	14.161
1784	-9.154	0.081	13.355
1727	-9.153	0.081	13.353
1589	-9.152	0.081	13.356
1498	-9.147	0.081	13.353
1724	-9.146	0.115	12.853
1641	-9.146	0.115	25.162
1717	-9.146	0.115	15.382
1581	-9.146	0.115	25.163
1564	-9.145	0.111	15.241
1554	-9.145	0.115	15.609
1766	-9.139	0.115	15.749
382	-9.139	0.112	15.749
283	-9.139	0.112	15.747
312	-9.138	0.112	14.150
551	-9.138	0.112	14.150
1749	-9.138	0.115	14.150
1499	-9.137	0.049	14.150
1657	-9.111	0.121	12.692
1515	-9.110	0.121	11.547
1497	-9.105	0.121	12.859
1503	-9.104	0.121	0.000
1495	-9.100	0.197	0.000
1510	-9.054	0.133	0.014
1547	-9.051	0.133	12.200
1585	-9.034	0.167	1.476
1688	-9.029	0.167	2.175
1684	-9.028	0.166	1.766
1764	-9.019	0.166	2.165
1626	-8.973	0.215	2.289
1621	-8.972	0.193	4.940
1552	-8.972	0.209	8.596
1577	-8.971	0.210	8.594
1715	-8.970	0.209	8.594
1756	-8.969	0.209	8.594
1742	-8.968	0.209	8.594
1651	-8.963	0.241	9.623
1557	-8.958	0.110	2.235
1491	-8.958	0.205	9.258
1493	-8.958	0.205	4.771
1537	-8.954	0.125	4.712
1177	-8.931	0.195	9.203
1114	-8.877	0.214	9.080
1423	-8.874	0.281	2.358
1139	-8.869	0.276	8.764
1299	-8.851	0.279	7.671
1458	-8.834	0.191	7.985
1315	-8.833	0.189	9.240
1422	-8.833	0.192	5.677
1353	-8.830	0.222	5.997
1671	-8.827	0.323	13.351
1520	-8.823	0.323	15.708
1526	-8.823	0.323	15.708
1529	-8.823	0.323	15.708
1146	-8.811	0.320	15.737
397	-8.791	0.313	12.540
1583	-8.790	0.182	12.249
1640	-8.790	0.182	24.886
1652	-8.790	0.182	24.885
1572	-8.790	0.182	12.654
1514	-8.789	0.180	12.650
1523	-8.788	0.180	12.663
1524	-8.788	0.180	12.664
1122	-8.781	0.311	12.632
1347	-8.774	0.178	24.959
556	-8.773	0.125	12.637
1768	-8.764	0.060	10.966
1760	-8.758	0.060	10.745
1311	-8.729	0.058	14.136
1290	-8.724	0.058	15.772
1282	-8.724	0.058	13.846
1349	-8.719	0.072	14.150
1103	-8.709	0.055	15.609
506	-8.708	0.121	15.783
1634	-8.707	0.099	15.780
1777	-8.704	0.099	12.704
1614	-8.703	0.099	12.834
1594	-8.702	0.099	12.845
1661	-8.702	0.099	12.858
1655	-8.701	0.099	12.233
1620	-8.701	0.099	12.168
1711	-8.701	0.099	12.860
1740	-8.694	0.099	2.233
1695	-8.674	0.133	8.596
1568	-8.664	0.137	8.594
1144	-8.490	0.107	12.738
1648	-8.451	0.092	24.967
1687	-8.445	0.091	24.967
1628	-8.391	2.258	10.678
1646	-8.391	2.258	10.963
450	-8.389	2.260	10.966
439	-8.388	2.260	10.737
537	-8.388	2.260	14.154
316	-8.388	2.259	15.238
345	-8.388	2.259	15.158
583	-8.388	2.259	15.163
1737	-8.387	2.258	15.152
1746	-8.386	2.258	15.149
228	-8.386	2.259	13.092
1457	-8.362	0.097	15.607
421	-8.360	2.257	15.749
1743	-8.306	0.106	15.608
1783	-8.303	0.105	15.770
1576	-8.301	2.272	13.528
1534	-8.300	2.272	15.780
1505	-8.297	2.272	13.545
1736	-8.295	2.272	13.539
1579	-8.284	0.104	12.703
1613	-8.281	0.104	25.884
1732	-8.278	0.101	12.694
373	-8.186	2.322	0.001
364	-8.186	2.322	12.232
472	-8.186	2.322	12.865
525	-8.186	2.323	12.105
520	-8.186	2.323	12.645
424	-8.186	2.323	12.179
1611	-8.156	2.289	12.182
1722	-8.156	2.289	14.506
1775	-8.081	2.321	8.587
1748	-8.075	2.321	2.292
341	-8.071	2.298	8.597
303	-8.070	2.299	8.596
1691	-8.028	2.293	8.594
494	-8.025	2.294	2.245
533	-8.025	2.294	2.244
458	-8.024	2.294	2.235
514	-8.006	2.293	4.771
1545	-7.988	2.315	4.898
1571	-7.985	2.316	5.364
1680	-7.951	2.231	10.298
577	-7.945	2.232	5.833
1471	-7.819	2.335	7.554
1667	-7.754	2.688	12.213
1580	-7.753	2.688	12.630
1615	-7.753	2.688	12.668
1635	-7.740	2.438	24.959
1670	-7.740	2.452	24.960
1570	-7.737	2.437	24.987
1540	-7.737	2.443	10.947
1747	-7.735	1.645	10.952
1744	-7.734	1.645	10.963
1521	-7.733	2.436	10.966
1622	-7.548	1.696	15.775
1755	-7.540	1.697	15.770
1792	-7.527	1.670	12.696
1509	-7.525	1.670	25.884
1502	-7.520	1.670	12.701
1566	-7.518	2.705	12.694
1586	-7.518	2.705	12.201
1791	-7.515	2.267	12.029
1630	-7.448	2.562	0.000
1685	-7.424	2.276	12.184
1750	-7.395	1.700	2.244
1723	-7.343	2.858	4.485
1702	-7.343	2.858	9.205
1562	-7.342	2.858	9.203
1602	-7.342	2.858	5.073
1632	-7.342	2.858	9.652
1633	-7.342	2.858	5.059
1707	-7.342	2.858	9.585
1647	-7.341	2.858	4.537
1565	-7.340	2.858	5.056
1689	-7.340	2.858	5.341
1558	-7.340	1.660	4.999
1560	-7.340	1.660	9.081
1542	-7.340	1.660	2.358
1639	-7.340	1.660	2.357
1590	-7.339	1.660	10.345
1679	-7.339	1.660	9.088
1636	-7.339	1.660	10.298
1546	-7.339	1.660	5.832
1574	-7.338	1.660	5.815
1631	-7.338	1.660	8.407
1735	-7.335	2.858	12.093
1518	-7.334	1.660	8.764
1752	-7.276	1.638	9.831
1778	-7.195	2.844	6.720
1799	-7.195	2.844	8.322
1504	-7.193	2.716	8.730
1591	-7.193	2.843	7.554
1507	-7.192	2.716	8.266
1788	-7.184	1.743	8.023
1527	-7.183	1.743	7.576
1573	-7.131	2.734	5.694
1793	-7.131	2.735	8.695
1617	-7.130	2.734	8.275
1650	-7.130	2.734	5.992
1559	-7.129	2.734	13.291
1607	-7.129	2.734	9.129
1653	-7.129	2.734	13.437
1660	-7.129	2.734	7.976
1697	-7.129	2.735	11.971
1516	-7.128	2.734	15.709
1718	-7.128	2.735	15.708
1656	-7.127	2.737	15.708
1758	-7.123	2.734	15.708
1654	-7.118	2.735	15.707
1789	-7.116	2.872	15.492
1543	-7.115	2.872	14.818
1553	-7.115	2.872	14.969
1550	-7.112	2.873	15.793
399	-7.107	2.733	14.784
1776	-7.106	1.742	12.738
466	-7.105	2.737	24.967
370	-7.103	2.725	24.967
1592	-7.103	2.732	24.967
1533	-7.103	2.732	12.742
1578	-7.102	2.731	12.740
505	-7.099	2.736	12.743
1701	-7.096	2.889	12.632
1541	-7.095	2.711	12.211
1597	-7.053	2.746	24.960
1598	-7.053	2.746	24.986
1709	-7.053	2.746	24.986
1719	-7.052	2.746	24.987
1686	-7.025	1.669	10.719
1664	-7.024	1.670	11.062
1196	-6.992	2.367	14.147
1779	-6.971	1.665	12.714
1802	-6.968	1.665	0.000
1803	-6.968	1.665	0.000
1716	-6.967	1.664	0.027
1772	-6.966	1.665	12.184
1618	-6.964	1.665	14.506
1155	-6.885	0.926	8.597
1365	-6.868	1.785	2.289
1361	-6.830	1.787	8.594
1782	-6.741	2.774	5.107
1690	-6.716	2.767	5.073
1713	-6.714	2.766	9.667
1696	-6.710	3.178	9.085
1699	-6.705	3.181	5.833
1795	-6.703	2.693	8.407
1668	-6.703	2.693	12.093
1693	-6.699	3.200	8.764
1712	-6.699	3.179	9.831
1616	-6.699	3.173	8.812
1700	-6.699	3.178	8.731
1362	-6.685	3.178	6.720
1676	-6.647	3.102	11.987
1731	-6.639	3.124	8.696
1763	-6.631	3.138	8.275
1637	-6.623	3.155	13.288
1496	-6.614	1.214	15.708
1517	-6.610	1.807	15.707
1767	-6.545	2.612	24.959
1112	-6.542	1.224	24.986
1604	-6.502	1.847	11.061
1234	-6.462	1.711	15.236
1805	-6.436	2.718	13.349
1658	-6.373	2.068	15.749
1588	-5.967	3.475	8.023
1663	-5.144	2.797	8.275
1773	-5.143	2.797	5.705
1734	-5.142	2.799	13.134
1672	-5.036	2.758	13.302
1595	-5.032	2.758	13.246
1741	-5.028	2.758	13.348
1730	-5.010	2.779	15.708
