1870	-10.453	0.000	15.624
736	-10.323	0.040	2.206
900	-9.689	0.068	7.104
1862	-9.537	1.472	516615040925696.000
1048	-9.401	1.472	2.358
915	-9.352	1.478	8.764
826	-9.341	1.484	12.195
1027	-9.320	1.690	8.729
865	-9.293	1.631	12.222
932	-9.292	1.631	8.367
839	-9.247	1.629	12.737
821	-9.234	1.606	12.376
872	-9.233	1.607	12.658
593	-9.233	1.685	12.663
715	-9.233	1.685	12.664
1035	-9.229	1.688	12.667
1023	-9.228	1.690	24.959
588	-9.223	1.684	12.636
776	-9.213	1.629	12.639
864	-9.211	1.627	10.946
982	-9.210	1.626	10.953
803	-9.176	1.627	15.238
725	-9.164	1.654	15.147
1054	-9.161	1.657	15.155
870	-9.134	1.798	14.147
893	-9.134	1.797	15.740
630	-9.132	1.817	15.736
613	-9.132	1.817	15.733
627	-9.131	1.817	15.785
1006	-9.130	1.817	15.772
992	-9.126	1.791	15.770
998	-9.125	1.802	15.774
905	-9.125	1.805	15.779
824	-9.121	1.537	15.774
1047	-9.114	1.760	14.277
1050	-9.090	1.803	0.000
667	-9.089	0.090	0.001
678	-9.049	1.721	12.168
700	-9.039	1.763	12.182
587	-9.037	1.720	14.504
836	-9.018	1.850	2.165
892	-9.018	1.850	2.292
856	-9.017	1.850	2.292
1059	-8.991	1.824	8.597
628	-8.991	1.827	8.597
925	-8.966	1.851	8.594
855	-8.964	1.843	2.244
620	-8.957	1.825	9.636
693	-8.955	1.824	9.188
1042	-8.940	1.822	9.383
1056	-8.939	1.825	5.235
594	-8.937	1.820	9.583
873	-8.872	1.867	9.089
862	-8.871	1.866	6.979
869	-8.871	1.867	10.296
889	-8.871	1.867	8.688
950	-8.871	1.867	5.799
699	-8.869	1.734	8.223
799	-8.860	1.863	12.195
819	-8.860	1.867	8.024
1051	-8.843	1.841	8.819
609	-8.843	1.843	8.031
656	-8.842	1.844	6.721
722	-8.841	1.843	8.730
926	-8.838	1.864	6.714
929	-8.838	1.864	8.022
757	-8.827	1.861	9.129
763	-8.827	1.861	11.833
785	-8.826	1.861	10.593
809	-8.826	1.861	15.709
618	-8.809	1.842	15.766
647	-8.809	1.842	15.798
679	-8.807	1.840	12.737
702	-8.807	1.841	24.967
595	-8.807	1.841	24.967
600	-8.807	1.841	24.967
727	-8.807	1.841	12.739
920	-8.801	1.861	12.741
795	-8.789	1.858	12.630
638	-8.772	1.840	24.986
686	-8.770	1.838	24.988
711	-8.770	1.838	12.639
610	-8.769	1.868	10.678
1875	-8.583	3.486	12.155
1928	-8.583	3.486	8.764
1881	-8.525	3.489	13.351
1933	-8.525	3.489	8.019
984	-8.032	3.553	8.594
935	-8.031	3.553	8.594
885	-7.981	3.499	9.376
898	-7.975	3.497	9.183
866	-7.969	3.560	5.056
684	-7.957	3.498	6.980
1025	-7.936	3.500	5.801
1845	-7.534	2.990	15.773
1897	-7.534	3.003	15.782
910	-7.531	3.638	15.780
965	-7.531	3.645	15.786
1009	-7.529	3.675	13.539
1866	-7.528	3.019	12.692
1058	-7.490	3.065	12.709
1878	-7.484	2.962	12.858
1868	-7.468	3.015	0.000
1908	-7.436	2.992	0.000
882	-7.432	3.054	12.111
755	-7.122	3.608	15.707
658	-6.232	3.973	0.027
