1244	-7.403	0.000	8.308
1226	-6.971	0.117	3.394
1233	-6.971	0.117	7.799
1219	-6.971	0.117	3.571
1220	-6.971	0.117	3.423
1018	-6.966	0.117	7.602
1083	-6.966	0.117	8.380
1080	-6.963	0.118	3.384
1243	-6.784	0.151	8.327
1224	-6.783	0.151	3.368
1230	-6.783	0.151	3.367
1238	-6.783	0.151	8.342
1116	-6.773	0.152	5.184
1170	-6.773	0.152	3.517
1175	-6.773	0.152	5.659
1178	-6.773	0.152	7.528
1024	-6.773	0.152	2.345
1025	-6.773	0.152	7.544
1074	-6.773	0.152	2.378
1085	-6.757	0.153	12.392
906	-6.618	0.179	9.285
919	-6.618	0.179	9.284
935	-6.618	0.179	9.285
835	-6.601	0.184	8.708
836	-6.601	0.184	9.308
838	-6.601	0.184	9.307
845	-6.601	0.184	8.711
1190	-6.601	0.184	30.387
1191	-6.601	0.184	8.723
1214	-6.601	0.184	9.307
1215	-6.601	0.184	9.308
807	-6.598	0.184	9.320
809	-6.598	0.184	9.321
812	-6.598	0.184	30.288
815	-6.598	0.184	9.306
816	-6.598	0.184	30.304
887	-6.591	0.185	30.304
912	-6.590	0.185	30.305
936	-6.590	0.185	9.134
988	-6.590	0.185	9.133
1001	-6.590	0.185	9.134
1044	-6.590	0.185	8.538
1068	-6.590	0.185	9.100
1096	-6.590	0.185	9.111
1097	-6.590	0.185	11.174
1098	-6.590	0.185	11.172
1112	-6.590	0.185	10.407
1130	-6.590	0.185	8.582
1153	-6.590	0.185	8.588
1158	-6.590	0.185	8.586
1159	-6.590	0.185	8.586
972	-6.590	0.185	10.315
983	-6.590	0.185	30.540
984	-6.590	0.185	9.105
1002	-6.590	0.185	30.541
1005	-6.590	0.185	8.605
1013	-6.590	0.185	10.984
1033	-6.590	0.185	10.796
1034	-6.590	0.185	10.796
826	-6.585	0.184	10.796
956	-6.382	0.167	16.241
962	-6.382	0.167	16.241
1237	-6.380	0.163	16.276
1186	-6.368	0.169	16.275
1188	-6.368	0.169	15.639
1199	-6.357	0.173	16.260
1201	-6.357	0.173	16.260
1207	-6.357	0.173	15.288
1208	-6.357	0.173	13.362
1236	-6.357	0.173	13.308
1241	-6.357	0.173	28.448
1242	-6.357	0.173	28.448
1249	-6.357	0.173	28.448
894	-6.348	0.175	13.315
1062	-6.347	0.174	12.816
1090	-6.347	0.174	12.636
1091	-6.347	0.174	12.668
1092	-6.347	0.174	13.193
1094	-6.347	0.174	28.347
1162	-6.347	0.174	28.346
986	-6.347	0.174	28.346
1010	-6.347	0.174	13.216
1065	-6.347	0.174	13.223
1082	-6.347	0.174	13.220
1087	-6.347	0.174	12.639
1222	-6.342	0.174	13.212
1223	-6.342	0.174	13.196
1209	-6.339	0.176	28.400
930	-6.332	0.176	28.400
1089	-6.332	0.176	28.401
1111	-6.332	0.176	12.163
1119	-6.332	0.176	12.165
1122	-6.332	0.176	11.657
1136	-6.332	0.176	11.668
1137	-6.332	0.176	12.214
1138	-6.332	0.176	12.217
1143	-6.332	0.176	11.705
1144	-6.332	0.176	15.775
1145	-6.332	0.176	15.279
1154	-6.332	0.176	15.316
1167	-6.332	0.176	15.255
1171	-6.332	0.176	13.428
1180	-6.332	0.176	13.428
1017	-6.332	0.176	13.433
1019	-6.332	0.176	28.573
1022	-6.332	0.176	12.217
1041	-6.332	0.176	28.574
1132	-6.328	0.177	15.720
1151	-6.328	0.177	15.757
1155	-6.328	0.177	14.126
1088	-6.328	0.177	15.909
1120	-6.328	0.177	15.909
796	-6.159	0.203	14.128
797	-6.159	0.203	14.128
798	-6.159	0.203	15.899
799	-6.159	0.203	14.130
800	-6.159	0.203	15.951
