699	-3.200	0.000	11.762
703	-3.200	0.001	8.347
704	-3.200	0.001	12.270
688	-3.199	0.001	12.271
1197	-3.193	2.102	12.271
1130	-3.157	0.025	12.262
917	-3.140	0.013	30.421
957	-3.140	2.106	8.933
838	-3.136	0.012	9.087
882	-3.131	0.013	30.270
806	-3.131	0.013	30.269
849	-3.129	2.107	9.661
1020	-3.124	2.107	9.668
657	-2.925	2.093	12.080
633	-2.855	0.068	11.530
686	-2.826	2.075	11.529
1072	-2.825	2.090	11.524
976	-2.820	2.100	9.807
800	-2.813	2.079	9.807
856	-2.601	1.911	12.017
678	-2.600	1.912	8.812
913	-2.597	1.911	8.812
927	-2.594	1.911	8.812
