627	-12.405	0.000	11.529
903	-12.399	0.001	11.524
919	-12.290	0.007	11.517
626	-12.183	0.011	9.808
767	-12.180	0.012	11.574
707	-12.176	0.012	9.803
970	-12.093	0.014	11.592
885	-12.085	0.015	11.491
926	-12.069	0.014	11.546
929	-12.066	0.014	9.826
881	-11.816	0.906	10.645
1012	-11.815	0.906	12.029
621	-11.812	0.905	31.360
855	-11.812	0.906	12.087
617	-11.809	0.906	12.054
677	-11.803	0.905	11.478
670	-11.797	1.002	11.491
632	-11.760	0.049	11.454
940	-11.751	0.905	12.105
611	-11.748	0.905	10.954
761	-11.745	0.049	8.812
716	-11.712	0.899	8.812
789	-11.711	0.899	8.812
872	-11.707	0.899	11.586
1430	-11.646	0.051	11.974
1425	-11.646	0.051	12.054
753	-11.569	0.049	11.760
756	-11.568	0.049	11.765
682	-11.567	0.049	11.975
645	-11.562	0.049	12.798
687	-11.501	0.090	2.881
637	-11.500	0.090	2.870
918	-11.365	1.002	2.873
1196	-11.361	1.086	2.873
689	-11.350	1.085	2.873
697	-11.349	1.085	2.885
698	-11.349	1.084	7.577
655	-11.342	1.084	7.587
652	-11.342	1.084	7.587
647	-11.342	1.084	2.291
622	-11.323	1.494	11.004
717	-11.323	1.494	2.293
877	-11.323	1.494	6.173
676	-11.313	1.493	6.182
613	-11.300	0.941	6.325
739	-11.165	1.492	5.719
1004	-11.164	1.491	1.382
612	-11.162	1.492	1.383
614	-11.162	1.492	1.381
949	-11.162	1.491	5.755
1477	-11.149	3.183	6.219
1478	-11.149	3.183	2.294
1473	-11.148	3.183	2.178
1482	-11.148	3.183	5.463
1562	-11.148	3.183	5.760
1501	-11.147	3.183	3.765
1540	-11.147	3.183	1.379
1465	-11.144	3.184	1.379
1449	-11.140	3.183	7.769
1546	-11.128	3.060	7.965
683	-11.101	1.570	2.263
1106	-11.100	1.570	5.507
690	-11.097	1.570	5.508
691	-11.097	1.570	2.259
702	-11.097	1.570	9.880
650	-11.089	1.569	0.103
658	-11.089	1.570	11.161
661	-11.088	1.570	0.000
662	-11.088	1.570	2.553
644	-11.088	1.569	2.018
969	-11.082	1.511	2.557
895	-11.079	1.511	3.722
1549	-11.044	3.067	1.996
1565	-11.044	3.067	1.996
1510	-11.044	3.067	1.655
1518	-11.043	3.067	2.246
1532	-11.043	3.067	1.987
1575	-11.042	3.067	2.218
1459	-11.040	3.068	2.249
1460	-11.040	3.068	1.648
1463	-11.039	3.068	2.566
1424	-11.037	3.067	5.898
1442	-11.036	3.067	11.523
1444	-11.036	3.067	10.818
1448	-11.036	3.067	11.603
1452	-11.036	3.067	11.622
1454	-11.036	3.067	11.767
654	-11.028	1.552	4.867
1582	-11.004	3.071	12.272
1570	-10.881	1.858	12.271
1471	-10.865	3.197	12.271
1525	-10.865	3.197	12.262
1426	-10.862	3.196	12.142
1427	-10.862	3.196	11.444
1433	-10.862	3.196	12.285
1435	-10.861	3.196	12.286
1436	-10.861	3.196	11.277
1439	-10.861	3.196	9.718
1456	-10.861	3.197	9.668
684	-10.857	0.080	30.421
1451	-10.857	3.197	30.421
1089	-10.850	1.651	9.671
1407	-10.849	3.201	9.674
1409	-10.849	3.201	9.672
1410	-10.849	3.201	8.939
1416	-10.849	3.201	9.032
1422	-10.849	3.201	9.056
1154	-10.847	1.655	9.651
659	-10.841	1.650	30.270
1488	-10.828	3.070	30.269
1545	-10.828	3.070	9.666
1524	-10.827	3.070	9.652
1526	-10.827	3.070	9.671
1504	-10.826	3.070	9.669
1428	-10.825	3.070	9.652
1429	-10.825	3.070	9.664
1431	-10.825	3.070	9.651
1438	-10.823	3.070	9.265
1446	-10.820	3.070	30.255
1453	-10.820	3.070	30.256
641	-10.811	1.654	9.265
642	-10.811	1.654	8.641
643	-10.811	1.654	9.265
1412	-10.800	3.074	8.656
1413	-10.800	3.074	8.658
1152	-10.795	1.851	9.245
1535	-10.791	1.866	9.246
1437	-10.787	1.866	11.690
1464	-10.782	1.867	11.044
1506	-10.781	0.092	9.316
1441	-10.779	1.868	9.316
1447	-10.779	1.868	9.316
1408	-10.759	1.879	30.420
1411	-10.759	1.879	9.989
1414	-10.759	1.879	30.421
1415	-10.759	1.879	11.612
1417	-10.759	1.879	11.656
1418	-10.759	1.879	11.902
1420	-10.759	1.879	11.530
1421	-10.759	1.879	11.529
1450	-10.736	1.567	11.524
1495	-10.662	1.564	9.807
1479	-10.661	1.564	9.807
1432	-10.659	1.564	11.517
1461	-10.651	1.565	9.802
1462	-10.651	1.565	9.803
1443	-10.647	1.566	9.804
679	-10.644	0.930	11.592
1419	-10.615	1.574	11.588
1179	-10.608	1.506	11.550
1484	-10.538	3.045	9.822
1543	-10.538	3.045	9.431
1577	-10.538	3.045	11.561
1555	-10.537	3.045	9.428
938	-10.511	1.539	9.432
1466	-10.472	2.960	9.872
1480	-10.472	2.960	12.029
1509	-10.472	2.960	31.360
1533	-10.472	2.960	12.097
1537	-10.472	2.960	12.088
616	-10.463	1.171	11.478
730	-10.460	1.171	11.491
737	-10.460	1.171	8.804
765	-10.458	1.171	8.805
1550	-10.454	3.082	11.959
1566	-10.454	3.082	8.812
1505	-10.452	3.082	8.812
1508	-10.451	3.082	8.812
1519	-10.400	3.042	8.812
1081	-10.328	3.048	8.812
1088	-10.328	3.048	11.972
1475	-10.326	2.958	11.595
1046	-10.290	3.034	11.464
822	-10.288	3.033	12.054
823	-10.288	3.033	11.760
848	-10.284	3.034	11.765
1060	-10.267	2.951	11.975
908	-10.265	3.036	9.203
775	-10.265	2.951	9.162
944	-10.258	3.036	8.881
1164	-10.250	2.997	9.089
936	-10.244	2.952	9.096
941	-10.240	2.952	9.095
700	-10.179	1.180	12.101
635	-10.178	1.180	8.699
638	-10.177	1.179	2.881
1490	-10.109	2.988	2.870
781	-9.846	2.999	8.713
681	-9.726	2.962	6.185
648	-9.712	2.962	6.185
660	-9.712	2.962	2.872
1434	-9.671	1.205	2.872
709	-9.669	2.953	2.872
774	-9.669	2.953	2.872
819	-9.669	2.953	2.872
744	-9.668	2.953	2.884
805	-9.668	2.953	7.577
618	-9.661	2.953	7.586
694	-9.629	3.066	7.586
998	-9.547	3.051	2.014
712	-9.545	3.051	6.173
879	-9.545	3.051	6.182
675	-9.534	3.051	6.325
1013	-9.260	2.966	5.719
746	-8.532	1.706	2.294
651	-7.848	1.707	5.507
1486	-6.259	3.464	2.872
1457	-6.257	3.464	2.873
1458	-6.257	3.464	2.873
1445	-6.252	3.464	2.872
1172	-3.836	2.339	11.591
1094	-3.833	2.339	11.494
1095	-3.833	2.338	11.583
1124	-3.779	2.255	9.431
1139	-3.760	2.340	9.428
1055	-3.704	3.088	11.444
1083	-3.686	2.419	11.450
1578	-3.677	3.776	11.956
1568	-3.677	3.776	30.313
975	-3.590	3.086	11.655
1469	-3.562	3.762	9.204
1086	-3.550	2.823	9.162
1087	-3.550	2.823	8.881
1099	-3.545	2.823	8.881
1539	-3.532	3.226	9.095
1554	-3.532	3.226	9.095
1556	-3.532	3.226	8.701
1557	-3.475	3.681	2.262
1514	-3.475	3.679	11.057
1523	-3.475	3.672	2.014
1470	-3.475	3.678	6.173
1528	-3.464	3.695	6.175
1581	-3.463	3.650	6.325
878	-3.444	3.083	1.382
868	-3.442	3.083	1.383
897	-3.442	3.083	2.028
966	-3.442	3.083	5.755
902	-3.440	3.083	6.321
1015	-3.440	3.084	2.294
1064	-3.427	3.109	5.460
1049	-3.422	3.110	5.760
1183	-3.416	3.454	7.769
1195	-3.402	3.438	12.692
1178	-3.400	3.258	5.514
1162	-3.398	3.258	2.266
1167	-3.398	3.258	10.652
1115	-3.386	3.455	0.101
1144	-3.383	3.266	0.001
1176	-3.382	2.814	2.040
921	-3.317	3.087	3.721
1192	-3.315	2.806	1.644
1173	-3.314	2.807	1.996
750	-3.299	2.455	1.996
1515	-3.283	3.218	1.989
1163	-3.275	3.644	2.247
1048	-3.247	3.596	11.154
1157	-3.227	2.714	11.621
1551	-3.184	3.376	12.271
1567	-3.184	3.376	12.271
1187	-3.174	2.705	12.297
1168	-3.126	3.149	9.662
1573	-3.111	3.155	9.046
1522	-3.110	3.156	9.652
1114	-3.018	3.621	9.316
1574	-2.934	3.359	11.655
1193	-2.782	2.432	12.029
812	-2.733	2.465	12.089
1199	-2.719	2.531	11.956
790	-2.718	2.467	30.313
