1821	-8.111	0.000	9.019
1822	-8.111	0.000	24.850
1823	-8.111	0.000	24.850
1824	-8.111	0.000	24.851
1825	-8.111	0.000	6.704
1826	-8.111	0.000	6.709
1827	-8.111	0.000	6.723
1828	-8.111	0.000	6.730
1829	-8.111	0.000	6.845
1830	-8.111	0.000	6.834
1831	-8.111	0.000	10.339
1832	-8.111	0.000	10.338
1833	-8.111	0.000	11.033
1834	-8.111	0.000	10.059
1835	-8.111	0.000	10.063
1836	-8.111	0.000	10.062
1837	-8.111	0.000	10.061
1838	-8.111	0.000	10.615
1839	-8.111	0.000	25.178
1840	-8.111	0.000	6.840
1841	-8.111	0.000	25.179
1842	-8.111	0.000	10.079
1843	-8.111	0.000	10.937
1844	-8.111	0.000	11.103
1845	-8.111	0.000	11.103
1846	-8.111	0.000	11.103
1847	-8.111	0.000	11.105
1848	-8.111	0.000	10.701
1849	-8.111	0.000	10.701
1850	-8.111	0.000	10.701
1851	-8.111	0.000	10.698
1852	-8.111	0.000	11.111
1853	-8.111	0.000	10.698
1854	-8.111	0.000	11.106
1855	-8.111	0.000	11.110
1856	-8.111	0.000	11.115
1857	-8.111	0.000	11.133
1858	-8.111	0.000	11.115
1859	-8.111	0.000	11.114
1860	-8.111	0.000	11.114
1861	-8.111	0.000	11.113
1862	-8.111	0.000	10.163
1863	-8.111	0.000	6.243
1864	-8.111	0.000	6.420
1865	-8.111	0.000	26.213
1866	-8.111	0.000	6.271
1867	-8.111	0.000	6.431
1868	-8.111	0.000	6.377
1869	-8.111	0.000	6.312
1870	-8.111	0.000	6.800
1871	-8.111	0.000	6.978
1872	-8.111	0.000	6.298
1873	-8.111	0.000	9.127
1874	-8.111	0.000	9.127
1875	-8.111	0.000	9.127
1876	-8.111	0.000	9.127
1877	-8.111	0.000	6.279
1878	-8.111	0.000	6.956
1879	-8.111	0.000	9.108
1880	-8.111	0.000	6.374
1881	-8.111	0.000	5.951
1882	-8.111	0.000	6.760
1883	-8.111	0.000	6.761
1884	-8.111	0.000	9.525
1885	-8.111	0.000	7.091
1886	-8.111	0.000	8.064
1887	-8.111	0.000	9.824
1888	-8.111	0.000	7.535
1889	-8.111	0.000	8.085
1890	-8.111	0.000	8.085
1891	-8.111	0.000	12.043
1892	-8.111	0.000	8.124
1893	-8.111	0.000	12.040
1894	-8.111	0.000	12.050
1895	-8.111	0.000	8.156
1896	-8.111	0.000	11.843
1897	-8.111	0.000	12.038
1898	-8.111	0.000	12.047
1899	-8.111	0.000	12.047
1900	-8.111	0.000	12.046
1901	-8.111	0.000	12.046
1902	-8.111	0.000	12.046
1903	-8.111	0.000	12.029
1904	-8.111	0.000	9.900
1905	-8.111	0.000	9.895
1906	-8.111	0.000	11.807
1907	-8.111	0.000	11.594
1908	-8.111	0.000	11.123
1909	-8.111	0.000	11.595
