829	-3.982	0.000	11.328
1114	-3.977	0.002	11.526
1115	-3.977	0.002	11.138
1116	-3.977	0.002	11.387
1128	-3.975	0.002	11.387
1129	-3.975	0.002	11.078
1130	-3.975	0.002	11.529
1131	-3.975	0.002	11.373
1132	-3.975	0.002	11.371
1133	-3.975	0.002	11.282
1134	-3.975	0.002	11.282
1135	-3.975	0.002	6.139
1136	-3.975	0.002	11.240
1137	-3.975	0.002	10.753
1138	-3.975	0.002	11.028
1139	-3.975	0.002	6.118
1140	-3.975	0.002	5.362
1141	-3.975	0.002	6.387
1142	-3.975	0.002	6.298
1143	-3.975	0.002	6.273
1144	-3.975	0.002	3.237
1145	-3.975	0.002	10.822
1146	-3.975	0.002	10.824
1147	-3.975	0.002	10.824
1148	-3.975	0.002	10.824
1149	-3.975	0.002	10.824
1152	-3.939	0.009	10.830
1158	-3.939	0.009	10.686
1159	-3.939	0.009	10.884
830	-3.368	0.122	24.804
831	-3.368	0.122	9.027
832	-3.368	0.122	24.853
838	-3.368	0.122	6.704
840	-3.368	0.122	9.030
844	-3.368	0.122	6.705
1150	-3.352	0.126	6.717
1151	-3.352	0.126	6.732
821	-3.341	0.122	6.740
822	-3.341	0.122	6.951
823	-3.341	0.122	10.100
824	-3.341	0.122	10.343
825	-3.341	0.122	11.037
826	-3.341	0.122	10.065
827	-3.341	0.122	11.074
828	-3.341	0.122	10.066
1088	-3.340	0.122	10.614
1089	-3.340	0.122	10.066
1090	-3.340	0.122	25.181
1091	-3.340	0.122	25.181
1092	-3.340	0.122	25.182
1093	-3.340	0.122	25.182
1094	-3.340	0.122	10.942
1095	-3.340	0.122	10.789
1096	-3.340	0.122	11.107
1097	-3.340	0.122	11.107
1098	-3.340	0.122	11.109
1107	-3.340	0.122	10.706
767	-3.339	0.122	10.706
957	-3.329	0.122	10.706
958	-3.329	0.122	10.706
959	-3.329	0.122	11.115
960	-3.329	0.122	11.112
961	-3.329	0.122	11.110
962	-3.329	0.122	11.116
963	-3.329	0.122	11.113
964	-3.329	0.122	11.119
965	-3.329	0.122	10.753
777	-3.325	0.121	10.167
778	-3.325	0.121	11.123
779	-3.325	0.121	11.117
780	-3.325	0.121	10.165
781	-3.325	0.121	25.066
782	-3.325	0.121	6.480
783	-3.325	0.121	6.311
784	-3.325	0.121	6.491
785	-3.325	0.121	6.311
786	-3.325	0.121	6.315
787	-3.325	0.121	6.973
788	-3.325	0.121	25.101
789	-3.325	0.121	9.128
790	-3.325	0.121	6.982
791	-3.325	0.121	6.371
792	-3.325	0.121	9.129
793	-3.325	0.121	9.129
794	-3.325	0.121	9.129
795	-3.325	0.121	9.130
796	-3.325	0.121	6.952
797	-3.325	0.121	6.790
798	-3.325	0.121	9.131
799	-3.325	0.121	6.944
800	-3.325	0.121	5.975
801	-3.325	0.121	5.983
802	-3.325	0.121	5.942
803	-3.325	0.121	8.827
804	-3.325	0.121	8.066
805	-3.325	0.121	8.068
806	-3.325	0.121	9.826
807	-3.325	0.121	11.930
808	-3.325	0.121	8.088
809	-3.325	0.121	8.088
810	-3.325	0.121	8.131
811	-3.325	0.121	8.127
812	-3.325	0.121	12.054
813	-3.325	0.121	12.053
814	-3.325	0.121	8.158
815	-3.325	0.121	11.846
816	-3.325	0.121	12.050
817	-3.325	0.121	12.050
818	-3.325	0.121	12.049
819	-3.325	0.121	12.049
820	-3.325	0.121	12.049
834	-3.324	0.121	12.049
835	-3.324	0.121	9.902
836	-3.324	0.121	11.806
837	-3.324	0.121	9.897
1015	-3.324	0.121	11.612
1018	-3.324	0.121	11.884
1021	-3.324	0.121	11.128
1075	-3.324	0.121	11.794
833	-3.324	0.121	11.797
1016	-3.324	0.121	12.175
1017	-3.324	0.121	12.179
1019	-3.324	0.121	11.512
1020	-3.324	0.121	10.939
1022	-3.324	0.121	11.598
1023	-3.324	0.121	11.342
1024	-3.324	0.121	12.134
1025	-3.324	0.121	11.586
1026	-3.324	0.121	11.585
1027	-3.324	0.121	11.590
1028	-3.324	0.121	11.319
1029	-3.324	0.121	8.369
1030	-3.324	0.121	11.994
1031	-3.324	0.121	11.391
1032	-3.324	0.121	8.395
1033	-3.324	0.121	8.293
1034	-3.324	0.121	11.219
1035	-3.324	0.121	11.617
1036	-3.324	0.121	11.433
1037	-3.324	0.121	11.736
1038	-3.324	0.121	11.732
1039	-3.324	0.121	6.304
1040	-3.324	0.121	10.852
1041	-3.324	0.121	6.174
1042	-3.324	0.121	11.425
1043	-3.324	0.121	11.425
1044	-3.324	0.121	11.226
1045	-3.324	0.121	10.968
1046	-3.324	0.121	11.388
1047	-3.324	0.121	11.137
1048	-3.324	0.121	11.526
1050	-3.324	0.121	11.387
1051	-3.324	0.121	11.078
1052	-3.324	0.121	11.528
1053	-3.324	0.121	11.372
1054	-3.324	0.121	11.369
1055	-3.324	0.121	11.279
1056	-3.324	0.121	11.281
1057	-3.324	0.121	6.139
1058	-3.324	0.121	11.239
1059	-3.324	0.121	11.160
1060	-3.324	0.121	11.060
1061	-3.324	0.121	6.349
1062	-3.324	0.121	5.362
1063	-3.324	0.121	6.313
1064	-3.324	0.121	6.298
1065	-3.324	0.121	6.157
1066	-3.324	0.121	4.920
1067	-3.324	0.121	5.452
1068	-3.324	0.121	5.456
1069	-3.324	0.121	5.456
1070	-3.324	0.121	5.455
1071	-3.324	0.121	5.455
1072	-3.324	0.121	5.455
1073	-3.324	0.121	5.392
1074	-3.324	0.121	5.572
1076	-3.324	0.121	5.335
846	-3.323	0.123	5.600
847	-3.323	0.123	5.600
848	-3.323	0.123	5.596
997	-3.323	0.123	5.616
998	-3.323	0.123	5.288
999	-3.323	0.123	25.335
1000	-3.323	0.123	5.291
1001	-3.323	0.123	25.336
1002	-3.323	0.123	25.336
1003	-3.323	0.123	5.289
1004	-3.323	0.123	5.762
1005	-3.323	0.123	5.940
1006	-3.323	0.123	5.128
1007	-3.323	0.123	4.956
1008	-3.323	0.123	25.173
1009	-3.323	0.123	25.173
1010	-3.323	0.123	25.174
1011	-3.323	0.123	5.348
1012	-3.323	0.123	4.975
1013	-3.323	0.123	4.982
1014	-3.323	0.123	4.982
1117	-3.323	0.126	4.985
1118	-3.323	0.126	25.091
1120	-3.323	0.126	4.965
1122	-3.323	0.126	25.151
1123	-3.323	0.126	3.921
1124	-3.323	0.126	4.966
1111	-3.323	0.126	3.922
1119	-3.323	0.126	3.922
1121	-3.323	0.126	3.922
1125	-3.323	0.126	3.922
1126	-3.323	0.126	3.933
850	-3.314	0.128	5.587
857	-3.314	0.128	4.710
858	-3.314	0.128	6.063
859	-3.314	0.128	6.115
860	-3.314	0.128	5.947
861	-3.314	0.128	5.946
862	-3.314	0.128	5.945
863	-3.314	0.128	5.946
864	-3.314	0.129	4.930
865	-3.314	0.128	25.517
866	-3.314	0.128	5.779
867	-3.314	0.128	25.518
868	-3.314	0.128	6.118
869	-3.314	0.128	5.463
870	-3.314	0.128	5.818
871	-3.314	0.128	5.818
872	-3.314	0.128	5.820
873	-3.314	0.128	6.025
874	-3.314	0.128	6.025
875	-3.314	0.128	6.025
876	-3.314	0.128	6.025
877	-3.314	0.128	6.023
878	-3.314	0.128	5.828
879	-3.314	0.128	5.829
880	-3.314	0.128	5.833
881	-3.314	0.128	5.810
882	-3.314	0.128	5.827
883	-3.314	0.128	5.826
884	-3.314	0.128	5.826
885	-3.314	0.128	5.822
886	-3.314	0.128	5.821
887	-3.314	0.128	5.932
888	-3.314	0.128	6.078
889	-3.314	0.128	2.969
890	-3.314	0.128	3.592
891	-3.314	0.128	2.953
892	-3.314	0.128	2.874
893	-3.314	0.128	2.876
894	-3.314	0.129	3.186
895	-3.314	0.128	3.425
1079	-3.309	1.372	13.193
1080	-3.309	1.372	3.182
1081	-3.309	1.372	3.140
1082	-3.309	1.372	13.200
1083	-3.309	1.372	13.200
1084	-3.309	1.372	13.200
1085	-3.309	1.372	13.201
1086	-3.309	1.372	3.517
1087	-3.309	1.372	3.516
1153	-3.308	0.125	13.206
1154	-3.308	0.125	3.528
1155	-3.308	0.125	3.092
1156	-3.308	0.125	3.081
1157	-3.308	0.125	2.384
852	-3.299	0.127	13.015
853	-3.299	0.127	12.455
854	-3.299	0.127	12.263
855	-3.299	0.127	14.016
856	-3.299	0.127	2.411
920	-3.298	0.132	12.292
921	-3.298	0.132	12.292
922	-3.298	0.132	12.328
923	-3.298	0.132	12.328
924	-3.298	0.132	13.376
925	-3.298	0.132	13.376
926	-3.298	0.132	12.372
927	-3.298	0.132	14.748
928	-3.298	0.132	13.375
929	-3.298	0.132	13.376
930	-3.298	0.132	13.376
931	-3.298	0.132	13.376
932	-3.298	0.132	13.376
933	-3.298	0.132	13.376
934	-3.298	0.132	13.630
935	-3.298	0.132	11.308
936	-3.298	0.132	13.631
937	-3.298	0.132	12.508
938	-3.298	0.132	14.908
939	-3.298	0.132	11.333
940	-3.298	0.132	12.551
941	-3.298	0.132	14.858
942	-3.298	0.132	14.733
943	-3.298	0.132	6.306
944	-3.298	0.132	14.315
945	-3.298	0.132	11.124
899	-3.280	0.133	12.539
900	-3.280	0.133	14.188
902	-3.280	0.133	15.030
905	-3.280	0.133	14.189
906	-3.280	0.133	14.452
908	-3.280	0.133	14.483
909	-3.280	0.133	14.172
910	-3.280	0.133	14.173
911	-3.280	0.133	14.849
912	-3.280	0.133	12.248
913	-3.280	0.133	12.274
914	-3.280	0.133	12.106
915	-3.280	0.133	12.212
916	-3.280	0.133	14.480
917	-3.280	0.133	8.869
918	-3.280	0.133	12.541
919	-3.280	0.133	14.458
956	-3.280	0.133	12.745
768	-3.268	1.472	11.632
769	-3.268	1.472	1.968
770	-3.268	1.472	12.796
771	-3.268	1.472	12.652
772	-3.268	1.472	12.417
773	-3.268	1.472	11.546
774	-3.268	1.472	12.757
775	-3.268	1.472	13.736
776	-3.268	1.472	11.925
839	-3.266	1.471	12.756
841	-3.266	1.471	11.645
842	-3.266	1.471	13.748
843	-3.266	1.471	12.748
845	-3.266	1.471	12.746
897	-3.203	1.502	12.854
898	-3.203	1.502	12.870
901	-3.203	1.502	1.908
903	-3.203	1.502	12.461
904	-3.203	1.502	11.477
907	-3.203	1.502	14.285
851	-3.183	1.481	14.191
849	-3.116	0.195	6.284
1101	-3.016	2.917	6.313
1102	-3.016	2.917	2.305
1105	-3.016	2.917	0.940
1099	-3.016	2.917	8.201
1103	-3.016	2.917	5.449
1100	-3.016	2.918	5.453
1104	-3.016	2.918	5.453
968	-3.006	2.948	5.452
969	-3.006	2.948	5.452
970	-3.006	2.948	5.452
977	-3.006	2.948	5.399
979	-3.006	2.948	5.446
986	-3.006	2.948	5.361
990	-3.006	2.948	5.596
1049	-3.006	2.948	5.596
1077	-3.006	2.948	5.592
1078	-3.006	2.948	5.610
981	-3.006	2.947	5.342
971	-3.006	2.948	5.346
974	-3.006	2.948	25.450
975	-3.006	2.949	25.451
978	-3.006	2.949	25.451
980	-3.006	2.948	5.343
982	-3.006	2.948	5.346
988	-3.006	2.948	5.770
1106	-3.006	2.948	5.820
1112	-2.995	2.996	5.197
1113	-2.995	2.997	25.287
1160	-2.995	2.997	25.287
1161	-2.995	2.997	5.018
947	-2.982	3.061	5.001
949	-2.982	3.061	5.013
946	-2.982	3.061	5.024
948	-2.982	3.060	5.024
950	-2.982	3.060	5.002
951	-2.982	3.060	25.205
952	-2.982	3.061	5.008
953	-2.982	3.061	25.264
954	-2.982	3.060	25.265
955	-2.982	3.060	5.008
966	-2.542	3.461	4.373
