1695	-11.917	0.000	19.122
1697	-11.917	0.000	19.138
1698	-11.917	0.000	19.138
1741	-11.901	0.001	19.138
1753	-11.901	0.001	19.138
1701	-11.897	0.001	19.089
1709	-11.897	0.001	19.090
1712	-11.897	0.001	19.090
1715	-11.897	0.001	19.090
1720	-11.897	0.001	19.090
1721	-11.897	0.001	20.010
1726	-11.897	0.001	20.007
1635	-11.722	0.292	20.006
1759	-11.318	1.925	23.308
1735	-11.318	1.925	23.307
1794	-11.318	1.925	23.307
1791	-11.315	1.925	23.307
1764	-11.312	1.926	23.149
1704	-11.311	1.926	23.310
1739	-11.311	1.926	23.308
1799	-11.310	1.424	23.308
1808	-11.310	1.424	23.310
1815	-11.309	1.424	23.310
1743	-11.307	1.926	23.149
1769	-11.263	1.423	23.657
1776	-11.263	1.423	23.681
1795	-11.263	1.423	21.955
1798	-11.263	1.423	21.961
1784	-11.253	0.047	21.961
1745	-11.249	0.048	21.961
1724	-11.246	0.048	21.961
1758	-11.238	1.421	21.961
1774	-11.238	1.421	21.961
1792	-11.238	1.421	21.961
1736	-11.237	1.421	21.961
1744	-11.237	1.421	21.961
1748	-11.237	1.421	21.961
1751	-11.237	1.421	21.961
1756	-11.237	1.421	21.961
1811	-11.237	1.421	21.961
1768	-11.235	1.421	21.961
1771	-11.235	1.421	21.961
1708	-11.234	1.421	21.961
1714	-11.234	1.421	21.961
1718	-11.234	1.421	21.961
1719	-11.234	1.421	21.961
1723	-11.234	1.421	21.961
1733	-11.234	1.421	21.961
1787	-11.223	1.936	21.961
1789	-11.222	1.936	21.961
1746	-11.169	0.162	21.961
1679	-9.818	1.961	15.029
1576	-9.743	1.922	19.138
1549	-9.743	1.922	19.138
1584	-9.743	1.922	19.138
1813	-9.686	2.755	19.090
1632	-9.678	1.930	20.007
1512	-9.677	1.930	20.006
1586	-9.660	1.921	20.007
1511	-9.660	1.920	20.006
1544	-9.660	1.920	20.006
1713	-9.647	2.759	20.005
1725	-9.647	2.759	20.005
1728	-9.647	2.759	20.005
1731	-9.647	2.759	20.388
1780	-9.643	2.759	20.485
1816	-9.553	2.755	23.310
1818	-9.553	2.755	23.310
1767	-9.552	2.755	23.310
1775	-9.551	2.755	23.310
1802	-9.551	2.755	23.310
1786	-9.550	2.755	23.310
1800	-9.550	2.755	23.310
1790	-9.547	2.755	23.310
1729	-9.495	3.516	23.307
1699	-9.377	3.521	23.638
1722	-9.377	3.521	23.638
1703	-9.377	3.521	23.681
1706	-9.377	3.521	23.971
1766	-9.377	3.522	21.956
1696	-9.366	1.921	21.961
1737	-9.361	1.922	21.961
1747	-9.361	1.922	21.961
1763	-9.360	1.922	21.961
1707	-9.359	1.922	21.961
1710	-9.359	1.922	21.961
1727	-9.359	1.922	21.961
1730	-9.359	1.922	21.961
1702	-9.359	1.922	21.961
1793	-9.315	1.892	21.961
1804	-9.315	1.892	21.961
1757	-9.276	1.920	21.663
1819	-9.101	3.472	22.828
1807	-9.095	3.471	22.828
1732	-8.985	3.480	23.307
1716	-8.984	3.480	23.149
1762	-8.984	3.480	23.310
1817	-8.981	3.480	23.308
1754	-8.972	3.481	23.308
1742	-8.971	3.481	23.310
1765	-8.848	1.963	23.681
1788	-8.848	1.963	21.955
1740	-8.804	1.966	21.961
1773	-8.767	2.934	21.961
1568	-8.730	1.957	21.961
1519	-8.606	1.910	21.961
1809	-8.494	3.953	21.954
1781	-8.492	3.953	21.664
1805	-8.491	3.953	21.699
1801	-8.431	2.623	0.053
1803	-8.371	3.969	0.953
1594	-8.287	2.325	0.809
1814	-8.176	3.293	15.014
1778	-8.176	3.293	15.029
1821	-8.175	3.293	15.029
1782	-8.174	3.290	15.029
1806	-8.167	3.188	15.029
1760	-8.157	2.197	15.029
1779	-8.157	2.202	15.029
1796	-8.157	2.211	15.039
1750	-8.156	2.193	19.122
1772	-8.156	2.191	19.122
1785	-8.155	2.196	19.138
1717	-8.117	3.262	20.005
1700	-8.115	3.256	20.485
1810	-8.043	3.292	23.310
1705	-8.041	3.293	23.310
1738	-8.041	3.293	23.310
1755	-8.041	3.293	23.310
1711	-8.039	3.292	23.310
1777	-8.029	3.286	23.309
1752	-8.014	3.237	21.961
1749	-8.013	3.215	21.961
1820	-8.013	3.230	21.961
1783	-8.013	3.181	21.961
1734	-8.012	3.173	21.961
1599	-7.220	2.771	21.956
1572	-6.406	3.271	20.013
