1811	-21.064	0.000	12.020
1803	-21.060	0.001	11.992
1793	-21.059	0.000	11.992
1816	-21.052	0.001	11.990
1792	-21.015	1.372	3.898
1790	-20.971	0.005	12.556
1808	-20.520	0.020	3.225
1843	-20.486	0.020	10.917
1849	-20.486	0.020	4.890
1857	-20.449	0.020	15.293
1853	-20.416	0.016	4.873
1807	-20.382	1.369	7.575
1835	-20.382	1.369	7.372
1855	-20.366	1.369	6.479
1830	-20.325	1.369	6.491
1822	-20.307	1.369	14.176
1824	-20.307	1.369	12.231
1834	-20.143	1.368	15.127
1826	-20.143	1.368	12.266
1828	-18.651	0.647	4.515
1831	-18.651	0.647	9.388
1819	-18.641	0.647	13.383
1845	-18.621	0.647	11.372
1846	-18.621	0.647	12.121
1814	-18.522	1.616	11.241
1795	-18.521	1.616	12.127
1791	-18.056	1.007	7.097
1806	-17.831	1.001	10.771
1836	-17.831	1.001	10.780
1827	-17.831	1.001	6.521
1844	-17.811	1.002	8.102
1805	-17.635	1.178	24.985
1841	-17.539	1.463	24.982
1829	-17.510	1.011	25.015
1798	-17.507	1.011	25.808
1800	-17.507	1.011	25.807
1817	-17.503	1.011	25.807
1833	-17.500	1.011	25.807
1840	-17.500	1.011	25.712
1847	-17.491	1.011	26.035
1801	-17.424	1.011	26.192
1812	-16.924	1.464	24.982
1813	-16.872	1.464	26.839
1818	-16.858	1.464	0.000
1851	-16.858	1.464	0.000
1821	-16.853	1.464	0.000
1823	-16.853	1.464	25.336
1804	-16.716	1.463	25.313
1815	-14.842	2.933	31.660
1852	-14.522	2.930	29.081
1820	-13.692	2.912	24.901
1794	-11.394	2.987	31.429
1796	-11.393	2.987	24.893
1797	-11.393	2.987	31.429
1799	-11.393	2.987	25.039
1802	-11.390	2.986	25.568
1842	-11.376	2.985	29.187
1809	-10.589	3.016	30.572
1810	-10.589	3.016	30.869
1856	-10.585	3.016	30.871
1825	-10.570	3.015	30.428
1850	-10.535	3.012	31.398
1854	-10.478	3.040	25.206
1837	-10.465	3.040	30.942
1838	-10.465	3.040	25.286
1848	-10.464	3.041	25.488
1832	-10.247	1.654	30.072
1839	-10.247	1.654	23.602
