1319	-4.268	0.000	8.464
1353	-4.236	0.053	5.231
1389	-4.235	0.052	4.136
1365	-3.721	2.966	9.182
1298	-3.720	2.945	9.181
1130	-3.713	2.981	3.428
1134	-3.712	2.955	10.754
1207	-3.712	2.979	3.721
1284	-3.712	3.066	0.001
1149	-3.711	3.070	11.193
1174	-3.711	3.066	11.193
1387	-3.708	2.902	10.682
1690	-3.700	3.062	10.686
1804	-3.696	3.076	10.695
1761	-3.696	3.071	9.187
1816	-3.696	3.074	7.161
1710	-3.695	3.064	9.189
1379	-3.641	3.411	3.670
1876	-3.630	3.523	3.400
1279	-3.596	2.962	6.840
1108	-3.596	2.954	9.158
1252	-3.580	2.952	4.306
1248	-3.571	2.954	13.080
1376	-3.571	3.066	6.991
1765	-3.566	3.110	10.247
1075	-3.557	3.041	12.842
1316	-3.554	3.069	7.064
1095	-3.552	3.024	13.365
1748	-3.543	3.682	12.892
1375	-3.520	3.350	8.532
1749	-3.487	3.194	11.766
1699	-3.363	3.046	9.181
1306	-3.276	3.678	12.843
1863	-2.856	3.179	8.012
