1084	-8.651	0.000	0.000
1086	-8.651	0.000	0.000
1093	-8.651	0.000	0.000
1076	-8.552	0.008	0.000
1081	-8.552	0.008	0.000
1082	-8.552	0.008	0.000
1085	-8.552	0.008	0.000
1106	-8.552	0.008	0.000
1116	-8.552	0.008	0.000
1124	-8.552	0.008	0.000
1129	-8.552	0.008	0.000
1133	-8.552	0.009	0.000
1170	-8.552	0.009	0.000
1178	-8.552	0.008	0.000
1179	-8.552	0.009	0.000
1184	-8.552	0.008	0.000
1198	-8.552	0.008	0.000
1225	-8.552	0.008	0.000
1236	-8.552	0.008	0.000
1213	-8.546	0.008	0.000
1069	-8.498	2.441	0.000
1079	-8.498	2.441	0.000
1074	-8.218	2.460	0.000
93	-8.214	2.457	0.000
236	-8.214	2.460	0.000
61	-8.214	2.460	0.000
66	-8.214	2.460	0.000
68	-8.214	2.460	0.000
92	-8.214	2.460	0.000
683	-8.214	2.461	0.000
104	-8.213	2.460	0.000
105	-8.213	2.460	0.000
158	-8.213	2.460	0.000
180	-8.213	2.460	0.000
189	-8.213	2.460	0.000
195	-8.213	2.459	0.000
198	-8.213	2.460	0.000
199	-8.213	2.460	0.000
430	-8.213	2.461	0.000
347	-8.211	2.461	0.000
354	-8.211	2.461	0.000
780	-8.208	2.476	0.000
1071	-8.204	2.459	0.000
1073	-8.204	2.459	0.000
1089	-8.203	2.458	0.000
1090	-8.203	2.458	0.000
1095	-8.203	2.458	0.000
1096	-8.203	2.458	0.000
1105	-8.203	2.458	0.000
1107	-8.203	2.458	0.000
1110	-8.203	2.458	0.000
1120	-8.203	2.458	0.000
1131	-8.203	2.458	0.000
1150	-8.203	2.458	0.000
1152	-8.203	2.458	0.000
875	-8.201	2.458	0.000
881	-8.201	2.458	0.000
196	-8.200	2.458	0.000
237	-8.200	2.458	0.000
629	-8.200	2.459	0.000
678	-8.200	2.459	0.000
580	-8.199	2.459	0.000
729	-8.199	2.459	0.000
784	-8.199	2.459	0.000
1064	-8.199	2.459	0.000
1065	-8.199	2.459	0.000
1066	-8.199	2.459	0.000
1067	-8.199	2.459	0.000
1068	-8.199	2.459	0.000
1197	-8.199	2.459	0.000
1201	-8.199	2.459	0.000
1204	-8.199	2.459	0.000
1205	-8.199	2.459	0.000
1207	-8.199	2.459	0.000
1209	-8.199	2.459	0.000
1223	-8.199	2.459	0.000
1229	-8.199	2.459	0.000
1233	-8.199	2.459	0.000
1243	-8.199	2.459	0.000
333	-8.198	2.459	0.000
1386	-8.192	2.459	0.000
1274	-8.191	2.459	0.000
1323	-8.191	2.459	0.000
293	-7.988	3.956	0.000
330	-7.988	3.957	0.000
435	-7.988	3.957	0.000
447	-7.988	3.957	0.000
575	-7.988	3.957	0.000
676	-7.988	3.957	0.000
640	-7.988	3.957	0.000
654	-7.988	3.956	0.000
483	-7.987	3.955	0.000
20	-7.987	3.957	0.000
242	-7.986	3.957	0.000
114	-7.986	3.955	0.000
156	-7.986	3.955	0.000
364	-7.980	3.908	0.000
99	-7.980	3.910	0.000
103	-7.980	3.909	0.000
111	-7.980	3.909	0.000
121	-7.980	3.909	0.000
134	-7.980	3.909	0.000
169	-7.980	3.909	0.000
184	-7.980	3.909	0.000
185	-7.980	3.909	0.000
339	-7.980	3.910	0.000
350	-7.980	3.910	0.000
382	-7.980	3.910	0.000
695	-7.980	3.912	0.000
273	-7.979	3.908	0.000
312	-7.979	3.910	0.000
36	-7.979	3.910	0.000
151	-7.979	3.909	0.000
235	-7.979	3.909	0.000
896	-7.979	3.909	0.000
289	-7.979	3.911	0.000
480	-7.979	3.908	0.000
56	-7.978	3.909	0.000
74	-7.978	3.909	0.000
78	-7.978	3.909	0.000
85	-7.978	3.909	0.000
95	-7.978	3.910	0.000
252	-7.978	3.910	0.000
502	-7.975	3.913	0.000
715	-7.952	3.907	0.000
569	-7.939	3.948	0.000
446	-7.939	3.946	0.000
494	-7.938	3.952	0.000
504	-7.938	3.949	0.000
672	-7.938	3.948	0.000
162	-7.937	3.947	0.000
272	-7.937	3.948	0.000
1147	-7.935	3.948	0.000
1192	-7.931	3.946	0.000
1237	-7.931	3.946	0.000
1267	-7.931	3.946	0.000
1380	-7.923	3.949	0.000
1083	-7.846	1.532	0.000
482	-7.786	3.883	0.000
563	-7.785	3.881	0.000
456	-7.784	3.881	0.000
604	-7.783	3.876	0.000
83	-7.782	3.881	0.000
909	-7.782	3.880	0.000
1287	-7.781	1.524	0.000
1291	-7.781	1.524	0.000
1310	-7.781	1.524	0.000
1319	-7.781	1.524	0.000
1072	-7.780	3.881	0.000
1303	-7.779	1.527	0.000
971	-7.778	1.524	0.000
440	-7.771	1.525	0.000
1195	-7.770	1.525	0.000
1206	-7.770	1.525	0.000
1218	-7.770	1.525	0.000
1226	-7.770	1.525	0.000
1241	-7.770	1.525	0.000
1270	-7.770	1.525	0.000
1394	-7.770	1.513	0.000
423	-7.769	1.525	0.000
601	-7.769	1.525	0.000
1077	-7.767	1.525	0.000
1172	-7.767	1.525	0.000
1087	-7.767	1.525	0.000
1091	-7.767	1.525	0.000
1097	-7.767	1.525	0.000
1099	-7.767	1.525	0.000
1100	-7.767	1.525	0.000
1101	-7.767	1.525	0.000
1102	-7.767	1.525	0.000
1104	-7.767	1.525	0.000
1108	-7.767	1.525	0.000
1111	-7.767	1.525	0.000
1112	-7.767	1.525	0.000
1113	-7.767	1.525	0.000
1114	-7.767	1.525	0.000
1119	-7.767	1.525	0.000
1121	-7.767	1.525	0.000
1125	-7.767	1.525	0.000
1127	-7.767	1.525	0.000
1144	-7.767	1.525	0.000
1146	-7.767	1.525	0.000
1148	-7.767	1.525	0.000
1151	-7.767	1.525	0.000
1159	-7.767	1.525	0.000
1160	-7.767	1.525	0.000
1163	-7.767	1.525	0.000
1895	-7.746	1.580	0.000
377	-7.740	3.048	0.000
457	-7.740	3.048	0.000
475	-7.740	3.048	0.000
555	-7.740	3.048	0.000
161	-7.739	3.048	0.000
187	-7.739	3.048	0.000
222	-7.739	3.048	0.000
319	-7.738	3.048	0.000
500	-7.738	3.048	0.000
263	-7.736	3.048	0.000
265	-7.736	3.048	0.000
1396	-7.734	1.573	0.000
700	-7.731	1.578	0.000
943	-7.729	1.568	0.000
127	-7.727	3.047	0.000
323	-7.727	3.048	0.000
1171	-7.723	3.048	0.000
1191	-7.709	1.570	0.000
1298	-7.709	1.570	0.000
1312	-7.709	1.570	0.000
1346	-7.709	1.570	0.000
1354	-7.709	1.570	0.000
1208	-7.708	2.588	0.000
1242	-7.708	2.588	0.000
1344	-7.708	2.588	0.000
1347	-7.708	2.588	0.000
1186	-7.707	2.587	0.000
1175	-7.705	1.570	0.000
1182	-7.705	1.570	0.000
1420	-7.703	3.904	0.000
597	-7.699	1.578	0.000
1240	-7.692	1.569	0.000
1247	-7.692	1.569	0.000
1251	-7.692	1.569	0.000
1193	-7.690	2.587	0.000
1214	-7.690	2.587	0.000
1220	-7.690	2.587	0.000
1221	-7.690	2.587	0.000
1228	-7.690	2.587	0.000
1264	-7.690	2.587	0.000
203	-7.689	1.570	0.000
1167	-7.689	2.586	0.000
1115	-7.689	2.586	0.000
1123	-7.689	2.586	0.000
1126	-7.689	2.586	0.000
1136	-7.689	2.586	0.000
1138	-7.689	2.586	0.000
1139	-7.689	2.586	0.000
1140	-7.689	2.586	0.000
1157	-7.689	2.586	0.000
1158	-7.689	2.586	0.000
1181	-7.689	2.586	0.000
1183	-7.689	2.586	0.000
1185	-7.689	2.586	0.000
1128	-7.687	1.569	0.000
1135	-7.687	1.569	0.000
1141	-7.687	1.569	0.000
1149	-7.687	1.569	0.000
1164	-7.687	1.569	0.000
53	-7.599	3.666	0.000
132	-7.507	3.068	0.000
82	-7.505	3.068	0.000
1075	-7.502	3.067	0.000
691	-7.434	3.472	0.000
842	-7.386	3.465	0.000
138	-7.352	3.959	0.000
498	-7.352	3.442	0.000
577	-7.351	3.467	0.000
610	-7.351	3.467	0.000
760	-7.350	3.467	0.000
437	-7.349	3.958	0.000
352	-7.348	3.958	0.000
403	-7.348	3.958	0.000
60	-7.348	3.959	0.000
84	-7.348	3.959	0.000
90	-7.348	3.959	0.000
800	-7.348	3.466	0.000
653	-7.346	3.958	0.000
1235	-7.346	3.466	0.000
1260	-7.346	3.466	0.000
1271	-7.346	3.466	0.000
1281	-7.346	3.466	0.000
1286	-7.346	3.466	0.000
1295	-7.346	3.466	0.000
1300	-7.346	3.466	0.000
1324	-7.346	3.466	0.000
1334	-7.346	3.466	0.000
1338	-7.346	3.466	0.000
1356	-7.346	3.466	0.000
1365	-7.346	3.466	0.000
1366	-7.346	3.466	0.000
1398	-7.346	3.466	0.000
23	-7.345	3.958	0.000
30	-7.345	3.958	0.000
43	-7.345	3.958	0.000
511	-7.345	3.467	0.000
731	-7.345	3.466	0.000
244	-7.342	3.958	0.000
262	-7.342	3.958	0.000
730	-7.342	3.958	0.000
722	-7.342	3.958	0.000
914	-7.329	3.464	0.000
662	-7.328	3.941	0.000
614	-7.327	3.464	0.000
693	-7.327	3.464	0.000
294	-7.326	3.464	0.000
297	-7.326	3.464	0.000
311	-7.326	3.464	0.000
414	-7.326	3.465	0.000
749	-7.325	3.464	0.000
776	-7.325	3.464	0.000
212	-7.323	3.464	0.000
809	-7.322	2.120	0.000
497	-7.322	3.464	0.000
1393	-7.322	3.464	0.000
1199	-7.321	3.464	0.000
1212	-7.321	3.463	0.000
1245	-7.321	3.464	0.000
455	-7.320	3.464	0.000
581	-7.320	3.464	0.000
451	-7.320	3.464	0.000
375	-7.319	2.128	0.000
341	-7.319	2.133	0.000
419	-7.319	2.127	0.000
200	-7.318	2.131	0.000
337	-7.318	2.125	0.000
673	-7.317	2.130	0.000
305	-7.317	2.120	0.000
209	-7.317	2.126	0.000
1130	-7.317	3.464	0.000
1088	-7.317	3.464	0.000
1103	-7.317	3.464	0.000
1156	-7.317	3.464	0.000
1174	-7.317	3.464	0.000
1188	-7.317	3.464	0.000
400	-7.316	2.125	0.000
1070	-7.315	2.130	0.000
1080	-7.315	2.130	0.000
409	-7.315	2.085	0.000
444	-7.310	2.125	0.000
98	-7.310	2.124	0.000
636	-7.309	2.061	0.000
522	-7.309	2.084	0.000
553	-7.308	2.088	0.000
572	-7.246	2.053	0.000
666	-7.245	3.346	0.000
1378	-7.239	3.346	0.000
1367	-7.239	3.352	0.000
1330	-7.239	3.347	0.000
1336	-7.239	3.348	0.000
1331	-7.239	3.349	0.000
1305	-7.239	3.347	0.000
1328	-7.239	3.348	0.000
1349	-7.239	3.350	0.000
1299	-7.239	3.348	0.000
1332	-7.239	3.347	0.000
1337	-7.239	3.347	0.000
1342	-7.239	3.347	0.000
1350	-7.239	3.352	0.000
1374	-7.239	3.347	0.000
1376	-7.239	3.348	0.000
1369	-7.239	3.353	0.000
1370	-7.239	3.352	0.000
1277	-7.239	3.345	0.000
1280	-7.238	3.350	0.000
975	-7.238	3.348	0.000
1355	-7.238	3.349	0.000
1880	-7.238	3.348	0.000
1382	-7.238	3.346	0.000
1390	-7.238	3.347	0.000
1395	-7.238	3.347	0.000
1387	-7.238	3.346	0.000
1871	-7.238	3.348	0.000
1899	-7.238	3.345	0.000
1383	-7.238	3.347	0.000
1388	-7.238	3.346	0.000
1879	-7.238	3.343	0.000
1375	-7.237	3.333	0.000
658	-7.237	3.347	0.000
1272	-7.237	3.366	0.000
1384	-7.237	3.344	0.000
1898	-7.237	3.350	0.000
1881	-7.236	3.341	0.000
1314	-7.235	3.343	0.000
1372	-7.231	3.343	0.000
1361	-7.230	3.333	0.000
270	-7.215	3.343	0.000
207	-7.215	3.342	0.000
175	-7.214	3.335	0.000
406	-7.213	3.362	0.000
531	-7.209	3.343	0.000
1341	-7.209	3.402	0.000
163	-7.209	3.342	0.000
285	-7.209	3.342	0.000
381	-7.209	3.342	0.000
561	-7.209	3.342	0.000
567	-7.209	3.346	0.000
611	-7.209	3.342	0.000
1224	-7.208	3.341	0.000
243	-7.208	3.341	0.000
1268	-7.208	3.342	0.000
1238	-7.208	3.342	0.000
1248	-7.208	3.344	0.000
1196	-7.208	3.342	0.000
1216	-7.208	3.342	0.000
1231	-7.208	3.342	0.000
1276	-7.208	3.342	0.000
1279	-7.208	3.342	0.000
250	-7.207	3.342	0.000
281	-7.207	3.322	0.000
471	-7.207	3.343	0.000
1056	-7.207	3.342	0.000
1011	-7.207	3.341	0.000
1222	-7.206	3.353	0.000
1189	-7.204	3.349	0.000
1187	-7.204	3.342	0.000
1078	-7.204	3.342	0.000
1173	-7.204	3.343	0.000
1117	-7.204	3.342	0.000
1143	-7.204	3.342	0.000
1145	-7.204	3.342	0.000
1165	-7.204	3.342	0.000
1190	-7.204	3.342	0.000
1253	-7.204	3.325	0.000
177	-7.203	3.361	0.000
1092	-7.203	3.345	0.000
1169	-7.203	3.351	0.000
1168	-7.203	3.352	0.000
1176	-7.203	3.344	0.000
1134	-7.203	3.357	0.000
1142	-7.201	3.362	0.000
481	-7.198	3.340	0.000
1153	-7.195	3.324	0.000
1202	-7.191	3.351	0.000
1244	-7.186	3.365	0.000
34	-7.154	2.273	0.000
1054	-7.112	3.339	0.000
1296	-7.057	3.521	0.000
1122	-7.055	3.197	0.000
1391	-6.991	3.464	0.000
883	-6.975	3.472	0.000
747	-6.973	3.475	0.000
1900	-6.970	3.467	0.000
808	-6.969	3.470	0.000
492	-6.969	3.470	0.000
627	-6.969	3.474	0.000
692	-6.969	3.472	0.000
1234	-6.968	3.467	0.000
1217	-6.968	3.469	0.000
399	-6.968	3.468	0.000
1232	-6.968	3.475	0.000
1333	-6.968	3.470	0.000
1211	-6.968	3.469	0.000
1200	-6.968	3.470	0.000
626	-6.967	3.450	0.000
756	-6.967	3.471	0.000
1266	-6.966	3.447	0.000
1098	-6.964	3.465	0.000
1180	-6.964	3.470	0.000
1094	-6.964	3.472	0.000
1109	-6.963	3.466	0.000
1132	-6.963	3.456	0.000
1155	-6.962	3.447	0.000
1154	-6.962	3.458	0.000
1219	-6.954	2.808	0.000
1252	-6.954	2.808	0.000
1255	-6.954	2.808	0.000
1262	-6.954	2.808	0.000
1265	-6.954	2.808	0.000
1283	-6.954	2.808	0.000
1307	-6.954	2.808	0.000
1309	-6.954	2.808	0.000
1329	-6.954	2.808	0.000
1362	-6.954	2.808	0.000
886	-6.952	2.809	0.000
327	-6.923	2.800	0.000
1210	-6.923	2.801	0.000
1227	-6.923	2.801	0.000
1239	-6.923	2.801	0.000
1246	-6.923	2.801	0.000
1254	-6.923	2.801	0.000
1261	-6.923	2.800	0.000
1284	-6.923	2.801	0.000
1290	-6.923	2.801	0.000
1318	-6.923	2.801	0.000
1137	-6.919	2.801	0.000
1161	-6.919	2.801	0.000
1162	-6.919	2.801	0.000
1166	-6.919	2.801	0.000
1177	-6.919	2.801	0.000
813	-6.842	3.068	0.000
397	-6.840	3.068	0.000
1194	-6.835	3.067	0.000
1118	-6.811	3.067	0.000
1257	-6.809	3.052	0.000
131	-6.148	3.168	0.000
