1935	-3.392	0.000	0.000
1936	-3.392	0.000	0.000
1957	-3.392	0.000	0.000
1958	-3.392	0.000	0.000
1959	-3.392	0.000	0.000
1960	-3.392	0.000	0.000
1931	-3.347	2.847	0.000
1932	-3.347	2.847	0.000
1933	-3.347	2.848	0.000
1934	-3.347	2.847	0.000
1937	-3.347	2.847	0.000
1938	-3.347	2.847	0.000
1939	-3.347	2.847	0.000
1940	-3.347	2.847	0.000
1941	-3.347	2.847	0.000
1942	-3.347	2.847	0.000
1943	-3.347	2.847	0.000
1944	-3.347	2.847	0.000
1945	-3.347	2.847	0.000
1956	-3.347	2.847	0.000
1961	-3.347	2.847	0.000
1962	-3.347	2.847	0.000
1963	-3.347	2.847	0.000
1946	-3.347	2.890	0.000
1947	-3.347	2.890	0.000
1948	-3.347	2.890	0.000
1949	-3.347	2.890	0.000
1950	-3.347	2.890	0.000
1951	-3.347	2.890	0.000
1952	-3.347	2.890	0.000
1953	-3.347	2.890	0.000
1954	-3.347	2.890	0.000
1955	-3.347	2.890	0.000
