1493	-4.061	0.000	0.000
1494	-4.061	0.000	0.000
1495	-4.061	0.000	0.000
1496	-4.061	0.000	0.000
1497	-4.061	0.000	0.000
1498	-4.061	0.000	0.000
1507	-4.061	0.000	0.000
1508	-4.061	0.000	0.000
1509	-4.061	0.000	0.000
1510	-4.061	0.000	0.000
1519	-4.005	3.034	0.000
1520	-4.005	3.034	0.000
1522	-4.005	3.034	0.000
1524	-4.005	3.034	0.000
1558	-4.005	3.034	0.000
1559	-4.005	3.034	0.000
1426	-3.748	3.930	0.000
1427	-3.748	3.930	0.000
1305	-3.747	3.930	0.000
1518	-3.747	3.930	0.000
1300	-3.735	3.973	0.000
1511	-3.734	3.974	0.000
1512	-3.734	3.974	0.000
1513	-3.734	3.974	0.000
1514	-3.734	3.974	0.000
1515	-3.734	3.974	0.000
1540	-3.659	2.177	0.000
1560	-3.659	2.177	0.000
1561	-3.659	2.177	0.000
1562	-3.659	2.177	0.000
1563	-3.659	2.177	0.000
1564	-3.659	2.177	0.000
1521	-3.553	1.627	0.000
1523	-3.553	1.627	0.000
1553	-3.553	1.627	0.000
1277	-3.505	2.005	0.000
1369	-3.380	2.434	0.000
1377	-3.380	2.434	0.000
1378	-3.380	2.434	0.000
1379	-3.380	2.435	0.000
1380	-3.380	2.434	0.000
1381	-3.380	2.435	0.000
1382	-3.380	2.434	0.000
1383	-3.380	2.435	0.000
1384	-3.380	2.434	0.000
1386	-3.380	2.435	0.000
1387	-3.380	2.434	0.000
1399	-3.380	2.434	0.000
1408	-3.380	2.434	0.000
1409	-3.380	2.434	0.000
1413	-3.380	2.434	0.000
1414	-3.380	2.434	0.000
1418	-3.380	2.435	0.000
1420	-3.380	2.434	0.000
1450	-3.380	2.435	0.000
1451	-3.380	2.434	0.000
1452	-3.380	2.434	0.000
1453	-3.380	2.434	0.000
1454	-3.380	2.435	0.000
1455	-3.380	2.435	0.000
1458	-3.380	2.435	0.000
1459	-3.380	2.434	0.000
1460	-3.380	2.434	0.000
1461	-3.380	2.434	0.000
1462	-3.380	2.434	0.000
1307	-3.379	2.435	0.000
1308	-3.379	2.435	0.000
1309	-3.379	2.435	0.000
1312	-3.379	2.435	0.000
1525	-3.379	2.435	0.000
1526	-3.379	2.435	0.000
1551	-3.379	2.435	0.000
1552	-3.379	2.435	0.000
1554	-3.379	2.435	0.000
1556	-3.379	2.435	0.000
1557	-3.379	2.435	0.000
1204	-3.371	2.481	0.000
1236	-3.370	2.483	0.000
1279	-3.370	2.483	0.000
1299	-3.370	2.483	0.000
