112	-5.769	0.000	0.000
171	-5.769	0.000	0.000
1883	-5.726	0.025	0.000
1888	-5.726	0.025	0.000
1340	-5.725	0.023	0.000
1683	-5.725	0.023	0.000
1255	-5.724	0.023	0.000
1324	-5.724	0.023	0.000
1336	-5.724	0.024	0.000
1534	-5.724	0.023	0.000
1537	-5.724	0.023	0.000
1629	-5.723	0.025	0.000
894	-5.716	0.023	0.000
475	-5.715	0.023	0.000
565	-5.715	0.023	0.000
678	-5.715	0.023	0.000
796	-5.715	0.023	0.000
262	-5.715	0.023	0.000
1132	-5.715	0.023	0.000
1134	-5.715	0.023	0.000
1138	-5.715	0.023	0.000
1158	-5.715	0.023	0.000
1164	-5.715	0.023	0.000
1182	-5.715	0.023	0.000
1190	-5.715	0.023	0.000
1206	-5.715	0.023	0.000
337	-5.714	0.023	0.000
338	-5.714	0.023	0.000
339	-5.714	0.023	0.000
340	-5.714	0.023	0.000
341	-5.714	0.023	0.000
342	-5.714	0.023	0.000
344	-5.714	0.023	0.000
345	-5.714	0.023	0.000
346	-5.714	0.023	0.000
802	-5.713	0.024	0.000
1043	-5.713	0.024	0.000
522	-5.693	0.021	0.000
578	-5.693	0.021	0.000
608	-5.693	0.021	0.000
672	-5.693	0.021	0.000
695	-5.693	0.021	0.000
877	-5.693	0.021	0.000
930	-5.693	0.021	0.000
28	-5.693	0.021	0.000
29	-5.693	0.021	0.000
30	-5.693	0.021	0.000
31	-5.693	0.021	0.000
32	-5.693	0.021	0.000
247	-5.693	0.021	0.000
254	-5.693	0.021	0.000
257	-5.693	0.021	0.000
258	-5.693	0.021	0.000
302	-5.693	0.021	0.000
303	-5.693	0.021	0.000
333	-5.693	0.021	0.000
360	-5.693	0.021	0.000
361	-5.693	0.021	0.000
367	-5.693	0.021	0.000
369	-5.693	0.021	0.000
370	-5.693	0.021	0.000
381	-5.693	0.021	0.000
414	-5.693	0.021	0.000
415	-5.693	0.021	0.000
416	-5.693	0.021	0.000
441	-5.693	0.021	0.000
498	-5.693	0.021	0.000
762	-5.693	0.021	0.000
777	-5.693	0.021	0.000
841	-5.693	0.021	0.000
985	-5.693	0.021	0.000
1014	-5.693	0.021	0.000
1038	-5.693	0.021	0.000
1121	-5.693	0.021	0.000
40	-5.691	0.021	0.000
41	-5.691	0.021	0.000
43	-5.691	0.021	0.000
44	-5.691	0.021	0.000
45	-5.691	0.021	0.000
46	-5.691	0.021	0.000
109	-5.691	0.021	0.000
110	-5.691	0.021	0.000
111	-5.691	0.021	0.000
114	-5.691	0.021	0.000
139	-5.691	0.021	0.000
144	-5.691	0.021	0.000
156	-5.691	0.021	0.000
200	-5.691	0.021	0.000
201	-5.691	0.021	0.000
202	-5.691	0.021	0.000
203	-5.691	0.021	0.000
204	-5.691	0.021	0.000
205	-5.691	0.021	0.000
243	-5.691	0.021	0.000
244	-5.691	0.021	0.000
245	-5.691	0.021	0.000
246	-5.691	0.021	0.000
534	-5.691	0.022	0.000
702	-5.691	0.022	0.000
716	-5.691	0.022	0.000
422	-5.615	3.151	0.000
1	-5.615	3.150	0.000
3	-5.615	3.150	0.000
8	-5.615	3.150	0.000
18	-5.615	3.150	0.000
20	-5.615	3.150	0.000
21	-5.615	3.150	0.000
22	-5.615	3.150	0.000
25	-5.615	3.150	0.000
26	-5.615	3.150	0.000
27	-5.615	3.150	0.000
248	-5.615	3.150	0.000
253	-5.615	3.150	0.000
255	-5.615	3.150	0.000
256	-5.615	3.150	0.000
261	-5.615	3.150	0.000
263	-5.615	3.150	0.000
264	-5.615	3.150	0.000
265	-5.615	3.150	0.000
269	-5.615	3.150	0.000
280	-5.615	3.150	0.000
285	-5.615	3.150	0.000
286	-5.615	3.150	0.000
287	-5.615	3.150	0.000
288	-5.615	3.150	0.000
289	-5.615	3.150	0.000
290	-5.615	3.150	0.000
291	-5.615	3.150	0.000
292	-5.615	3.150	0.000
293	-5.615	3.150	0.000
305	-5.615	3.150	0.000
306	-5.615	3.150	0.000
308	-5.615	3.150	0.000
309	-5.615	3.150	0.000
320	-5.615	3.150	0.000
351	-5.615	3.150	0.000
352	-5.615	3.150	0.000
355	-5.615	3.150	0.000
356	-5.615	3.150	0.000
357	-5.615	3.150	0.000
358	-5.615	3.150	0.000
359	-5.615	3.150	0.000
495	-5.615	3.150	0.000
497	-5.615	3.150	0.000
503	-5.615	3.150	0.000
507	-5.615	3.150	0.000
508	-5.615	3.151	0.000
510	-5.615	3.151	0.000
544	-5.615	3.151	0.000
545	-5.615	3.151	0.000
553	-5.615	3.151	0.000
554	-5.615	3.151	0.000
560	-5.615	3.151	0.000
561	-5.615	3.151	0.000
562	-5.615	3.151	0.000
577	-5.615	3.150	0.000
579	-5.615	3.151	0.000
580	-5.615	3.151	0.000
584	-5.615	3.151	0.000
615	-5.615	3.151	0.000
616	-5.615	3.151	0.000
621	-5.615	3.151	0.000
622	-5.615	3.151	0.000
649	-5.615	3.151	0.000
683	-5.615	3.150	0.000
708	-5.615	3.151	0.000
725	-5.615	3.151	0.000
730	-5.615	3.150	0.000
754	-5.615	3.150	0.000
755	-5.615	3.150	0.000
756	-5.615	3.150	0.000
874	-5.615	3.151	0.000
888	-5.615	3.151	0.000
939	-5.615	3.151	0.000
949	-5.615	3.150	0.000
954	-5.615	3.150	0.000
962	-5.615	3.151	0.000
978	-5.615	3.151	0.000
389	-5.615	3.150	0.000
399	-5.615	3.150	0.000
401	-5.615	3.150	0.000
418	-5.615	3.150	0.000
419	-5.615	3.150	0.000
420	-5.615	3.151	0.000
425	-5.615	3.150	0.000
426	-5.615	3.150	0.000
427	-5.615	3.150	0.000
434	-5.615	3.150	0.000
435	-5.615	3.150	0.000
436	-5.615	3.150	0.000
437	-5.615	3.150	0.000
438	-5.615	3.150	0.000
449	-5.615	3.150	0.000
451	-5.615	3.150	0.000
452	-5.615	3.150	0.000
454	-5.615	3.150	0.000
456	-5.615	3.151	0.000
457	-5.615	3.150	0.000
461	-5.615	3.150	0.000
462	-5.615	3.150	0.000
489	-5.615	3.150	0.000
774	-5.615	3.150	0.000
782	-5.615	3.150	0.000
783	-5.615	3.150	0.000
817	-5.615	3.150	0.000
818	-5.615	3.150	0.000
822	-5.615	3.150	0.000
823	-5.615	3.150	0.000
824	-5.615	3.150	0.000
825	-5.615	3.150	0.000
828	-5.615	3.150	0.000
860	-5.615	3.150	0.000
861	-5.615	3.150	0.000
36	-5.613	3.151	0.000
63	-5.613	3.151	0.000
80	-5.613	3.151	0.000
81	-5.613	3.151	0.000
82	-5.613	3.151	0.000
83	-5.613	3.151	0.000
103	-5.613	3.151	0.000
105	-5.613	3.151	0.000
118	-5.613	3.151	0.000
119	-5.613	3.151	0.000
120	-5.613	3.151	0.000
122	-5.613	3.151	0.000
138	-5.613	3.151	0.000
150	-5.613	3.151	0.000
151	-5.613	3.151	0.000
152	-5.613	3.151	0.000
154	-5.613	3.151	0.000
155	-5.613	3.151	0.000
159	-5.613	3.151	0.000
160	-5.613	3.151	0.000
161	-5.613	3.151	0.000
162	-5.613	3.151	0.000
163	-5.613	3.151	0.000
164	-5.613	3.151	0.000
165	-5.613	3.151	0.000
175	-5.613	3.151	0.000
183	-5.613	3.151	0.000
184	-5.613	3.151	0.000
193	-5.613	3.151	0.000
213	-5.613	3.151	0.000
214	-5.613	3.151	0.000
222	-5.613	3.151	0.000
230	-5.613	3.151	0.000
231	-5.613	3.151	0.000
233	-5.613	3.151	0.000
810	-5.610	3.151	0.000
34	-5.601	1.482	0.000
35	-5.601	1.482	0.000
1854	-5.462	1.292	0.000
1929	-5.462	1.292	0.000
1835	-5.461	1.290	0.000
1836	-5.461	1.290	0.000
1837	-5.461	1.290	0.000
1838	-5.461	1.290	0.000
395	-5.455	1.301	0.000
396	-5.455	1.302	0.000
397	-5.455	1.302	0.000
398	-5.455	1.302	0.000
412	-5.455	1.302	0.000
504	-5.455	1.302	0.000
505	-5.455	1.302	0.000
590	-5.455	1.302	0.000
591	-5.455	1.302	0.000
592	-5.455	1.302	0.000
614	-5.455	1.302	0.000
640	-5.455	1.302	0.000
679	-5.455	1.302	0.000
680	-5.455	1.302	0.000
681	-5.455	1.302	0.000
709	-5.455	1.302	0.000
732	-5.455	1.302	0.000
733	-5.455	1.302	0.000
734	-5.455	1.302	0.000
735	-5.455	1.302	0.000
785	-5.455	1.302	0.000
858	-5.455	1.302	0.000
875	-5.455	1.302	0.000
880	-5.455	1.302	0.000
904	-5.455	1.302	0.000
911	-5.455	1.302	0.000
914	-5.455	1.302	0.000
371	-5.455	1.302	0.000
372	-5.455	1.302	0.000
373	-5.455	1.302	0.000
374	-5.455	1.302	0.000
375	-5.455	1.302	0.000
376	-5.455	1.302	0.000
377	-5.455	1.302	0.000
378	-5.455	1.302	0.000
379	-5.455	1.302	0.000
380	-5.455	1.302	0.000
386	-5.455	1.302	0.000
387	-5.455	1.302	0.000
424	-5.455	1.302	0.000
458	-5.455	1.302	0.000
766	-5.455	1.302	0.000
767	-5.455	1.302	0.000
797	-5.455	1.302	0.000
832	-5.455	1.302	0.000
1070	-5.455	1.302	0.000
1071	-5.455	1.302	0.000
494	-5.455	1.300	0.000
496	-5.455	1.300	0.000
284	-5.454	1.301	0.000
821	-5.454	1.302	0.000
847	-5.454	1.302	0.000
848	-5.454	1.302	0.000
1050	-5.454	1.302	0.000
1051	-5.454	1.302	0.000
1103	-5.454	1.302	0.000
1110	-5.454	1.302	0.000
266	-5.454	1.300	0.000
283	-5.454	1.301	0.000
296	-5.454	1.300	0.000
297	-5.454	1.300	0.000
298	-5.454	1.300	0.000
299	-5.454	1.300	0.000
300	-5.454	1.300	0.000
301	-5.454	1.300	0.000
343	-5.454	1.300	0.000
349	-5.454	1.300	0.000
350	-5.454	1.300	0.000
1853	-5.452	1.267	0.000
1856	-5.452	1.266	0.000
1866	-5.452	1.267	0.000
1867	-5.452	1.267	0.000
1868	-5.452	1.267	0.000
1869	-5.452	1.266	0.000
1870	-5.452	1.266	0.000
1871	-5.452	1.266	0.000
1872	-5.452	1.267	0.000
1873	-5.452	1.266	0.000
1877	-5.452	1.266	0.000
1878	-5.452	1.266	0.000
1879	-5.452	1.267	0.000
1880	-5.452	1.267	0.000
1881	-5.452	1.266	0.000
1882	-5.452	1.267	0.000
1885	-5.452	1.266	0.000
1908	-5.452	1.267	0.000
1909	-5.452	1.266	0.000
1917	-5.452	1.267	0.000
1918	-5.452	1.266	0.000
1919	-5.452	1.266	0.000
1921	-5.452	1.267	0.000
1922	-5.452	1.266	0.000
1927	-5.452	1.267	0.000
1928	-5.452	1.267	0.000
1930	-5.452	1.267	0.000
1633	-5.450	1.270	0.000
1605	-5.449	1.268	0.000
887	-5.446	1.319	0.000
979	-5.446	1.319	0.000
697	-5.446	1.279	0.000
698	-5.446	1.279	0.000
699	-5.446	1.279	0.000
368	-5.445	1.319	0.000
831	-5.445	1.319	0.000
798	-5.445	1.279	0.000
799	-5.445	1.279	0.000
800	-5.445	1.279	0.000
988	-5.445	1.279	0.000
1066	-5.445	1.279	0.000
1492	-5.442	3.165	0.000
835	-5.435	3.152	0.000
994	-5.435	3.152	0.000
1072	-5.435	3.152	0.000
1153	-5.435	3.152	0.000
252	-5.432	2.143	0.000
268	-5.432	2.143	0.000
279	-5.432	2.143	0.000
321	-5.432	2.143	0.000
322	-5.432	2.143	0.000
460	-5.432	2.143	0.000
509	-5.432	2.143	0.000
511	-5.432	2.143	0.000
566	-5.432	2.143	0.000
593	-5.432	2.143	0.000
605	-5.432	2.143	0.000
606	-5.432	2.143	0.000
610	-5.432	2.143	0.000
625	-5.432	2.143	0.000
829	-5.432	2.143	0.000
830	-5.432	2.143	0.000
947	-5.432	2.143	0.000
948	-5.432	2.143	0.000
950	-5.432	2.143	0.000
980	-5.432	2.143	0.000
1105	-5.432	2.143	0.000
1106	-5.432	2.143	0.000
37	-5.428	2.144	0.000
126	-5.428	2.144	0.000
157	-5.428	2.144	0.000
166	-5.428	2.144	0.000
167	-5.428	2.144	0.000
168	-5.428	2.144	0.000
169	-5.428	2.144	0.000
170	-5.428	2.144	0.000
206	-5.428	2.144	0.000
220	-5.428	2.144	0.000
223	-5.428	2.144	0.000
224	-5.428	2.144	0.000
599	-5.403	2.139	0.000
881	-5.403	2.139	0.000
464	-5.403	2.139	0.000
465	-5.403	2.139	0.000
469	-5.403	2.139	0.000
470	-5.403	2.139	0.000
471	-5.403	2.139	0.000
473	-5.403	2.139	0.000
838	-5.403	2.139	0.000
839	-5.403	2.139	0.000
1069	-5.403	2.139	0.000
1907	-5.390	2.139	0.000
1841	-5.361	2.617	0.000
1850	-5.361	2.617	0.000
1874	-5.361	2.617	0.000
1875	-5.361	2.617	0.000
1876	-5.361	2.617	0.000
1889	-5.361	2.617	0.000
1897	-5.361	2.617	0.000
1898	-5.361	2.617	0.000
1899	-5.361	2.617	0.000
1911	-5.361	2.617	0.000
500	-5.359	2.618	0.000
501	-5.359	2.618	0.000
567	-5.359	2.618	0.000
568	-5.359	2.618	0.000
569	-5.359	2.618	0.000
570	-5.359	2.618	0.000
571	-5.359	2.618	0.000
631	-5.359	2.618	0.000
692	-5.359	2.618	0.000
693	-5.359	2.618	0.000
694	-5.359	2.618	0.000
696	-5.359	2.618	0.000
925	-5.359	2.618	0.000
982	-5.359	2.618	0.000
365	-5.358	2.618	0.000
366	-5.358	2.618	0.000
801	-5.358	2.618	0.000
806	-5.358	2.618	0.000
807	-5.358	2.618	0.000
808	-5.358	2.618	0.000
1077	-5.358	2.618	0.000
524	-5.354	2.619	0.000
525	-5.354	2.619	0.000
526	-5.354	2.619	0.000
528	-5.354	2.619	0.000
529	-5.354	2.619	0.000
530	-5.354	2.619	0.000
531	-5.354	2.619	0.000
532	-5.354	2.619	0.000
533	-5.354	2.619	0.000
535	-5.354	2.619	0.000
536	-5.354	2.619	0.000
555	-5.354	2.619	0.000
594	-5.354	2.619	0.000
700	-5.354	2.619	0.000
701	-5.354	2.619	0.000
703	-5.354	2.619	0.000
811	-5.353	2.619	0.000
989	-5.353	2.619	0.000
1844	-5.346	2.617	0.000
1855	-5.346	2.617	0.000
1239	-5.345	2.617	0.000
539	-5.344	2.617	0.000
641	-5.344	2.617	0.000
728	-5.344	2.617	0.000
918	-5.344	2.617	0.000
324	-5.343	2.617	0.000
325	-5.343	2.617	0.000
450	-5.343	2.617	0.000
463	-5.343	2.617	0.000
466	-5.343	2.617	0.000
467	-5.343	2.617	0.000
468	-5.343	2.617	0.000
472	-5.343	2.617	0.000
487	-5.343	2.617	0.000
758	-5.343	2.617	0.000
850	-5.343	2.617	0.000
851	-5.343	2.617	0.000
1095	-5.343	2.617	0.000
1565	-5.342	2.617	0.000
1619	-5.342	2.617	0.000
1631	-5.342	2.617	0.000
1647	-5.342	2.617	0.000
1664	-5.342	2.618	0.000
104	-5.339	2.618	0.000
125	-5.339	2.618	0.000
141	-5.339	2.618	0.000
142	-5.339	2.618	0.000
174	-5.339	2.618	0.000
178	-5.339	2.618	0.000
516	-5.339	2.618	0.000
585	-5.339	2.618	0.000
586	-5.339	2.618	0.000
600	-5.339	2.618	0.000
601	-5.339	2.618	0.000
602	-5.339	2.618	0.000
603	-5.339	2.618	0.000
607	-5.339	2.618	0.000
609	-5.339	2.618	0.000
658	-5.339	2.618	0.000
688	-5.339	2.618	0.000
729	-5.339	2.618	0.000
383	-5.338	2.618	0.000
385	-5.338	2.618	0.000
413	-5.338	2.618	0.000
803	-5.338	2.618	0.000
804	-5.338	2.618	0.000
1839	-5.303	2.630	0.000
1840	-5.303	2.630	0.000
1846	-5.303	2.630	0.000
1847	-5.303	2.630	0.000
1849	-5.303	2.630	0.000
1860	-5.303	2.630	0.000
1862	-5.303	2.630	0.000
1864	-5.303	2.630	0.000
1865	-5.303	2.630	0.000
1884	-5.303	2.630	0.000
1887	-5.303	2.630	0.000
1892	-5.303	2.630	0.000
1893	-5.303	2.630	0.000
1894	-5.303	2.630	0.000
1895	-5.303	2.630	0.000
1896	-5.303	2.630	0.000
1900	-5.303	2.630	0.000
1901	-5.303	2.630	0.000
1902	-5.303	2.630	0.000
1903	-5.303	2.630	0.000
1904	-5.303	2.630	0.000
1905	-5.303	2.630	0.000
1910	-5.303	2.630	0.000
1912	-5.303	2.630	0.000
1913	-5.303	2.630	0.000
1914	-5.303	2.630	0.000
1915	-5.303	2.630	0.000
1916	-5.303	2.630	0.000
1920	-5.303	2.630	0.000
1923	-5.303	2.630	0.000
1924	-5.303	2.630	0.000
1925	-5.303	2.630	0.000
1926	-5.303	2.630	0.000
624	-5.300	2.630	0.000
645	-5.300	2.630	0.000
892	-5.300	2.630	0.000
920	-5.300	2.630	0.000
921	-5.300	2.630	0.000
951	-5.300	2.630	0.000
492	-5.299	2.630	0.000
815	-5.299	2.630	0.000
816	-5.299	2.630	0.000
854	-5.299	2.630	0.000
855	-5.299	2.630	0.000
1027	-5.299	2.630	0.000
1067	-5.299	2.630	0.000
1078	-5.299	2.630	0.000
1621	-5.299	2.630	0.000
1622	-5.299	2.630	0.000
1623	-5.299	2.630	0.000
1624	-5.299	2.630	0.000
1630	-5.299	2.630	0.000
1632	-5.299	2.630	0.000
1640	-5.299	2.630	0.000
1646	-5.299	2.630	0.000
1690	-5.299	2.630	0.000
1691	-5.299	2.630	0.000
1692	-5.299	2.630	0.000
1693	-5.299	2.630	0.000
1578	-5.299	2.630	0.000
1603	-5.299	2.630	0.000
1609	-5.299	2.630	0.000
1610	-5.299	2.630	0.000
1612	-5.299	2.630	0.000
556	-5.294	2.631	0.000
809	-5.294	2.631	0.000
990	-5.294	2.631	0.000
527	-5.294	2.631	0.000
1842	-5.293	2.631	0.000
1843	-5.293	2.631	0.000
1857	-5.293	2.631	0.000
1858	-5.293	2.631	0.000
1859	-5.293	2.631	0.000
502	-5.290	2.631	0.000
506	-5.290	2.631	0.000
512	-5.290	2.631	0.000
538	-5.290	2.631	0.000
540	-5.290	2.631	0.000
541	-5.290	2.631	0.000
542	-5.290	2.631	0.000
543	-5.290	2.631	0.000
558	-5.290	2.631	0.000
559	-5.290	2.631	0.000
642	-5.290	2.631	0.000
670	-5.290	2.631	0.000
675	-5.290	2.631	0.000
676	-5.290	2.631	0.000
677	-5.290	2.631	0.000
917	-5.290	2.631	0.000
393	-5.290	2.631	0.000
760	-5.290	2.631	0.000
779	-5.290	2.631	0.000
1645	-5.290	2.631	0.000
1694	-5.290	2.632	0.000
1699	-5.290	2.631	0.000
294	-5.289	2.631	0.000
295	-5.289	2.631	0.000
304	-5.289	2.631	0.000
314	-5.289	2.631	0.000
326	-5.289	2.631	0.000
327	-5.289	2.631	0.000
328	-5.289	2.631	0.000
329	-5.289	2.631	0.000
330	-5.289	2.631	0.000
331	-5.289	2.631	0.000
332	-5.289	2.631	0.000
75	-5.285	2.631	0.000
97	-5.285	2.631	0.000
121	-5.285	2.631	0.000
128	-5.285	2.631	0.000
129	-5.285	2.631	0.000
130	-5.285	2.631	0.000
131	-5.285	2.631	0.000
132	-5.285	2.631	0.000
133	-5.285	2.631	0.000
140	-5.285	2.631	0.000
143	-5.285	2.631	0.000
179	-5.285	2.631	0.000
180	-5.285	2.631	0.000
181	-5.285	2.631	0.000
182	-5.285	2.631	0.000
208	-5.285	2.631	0.000
209	-5.285	2.631	0.000
225	-5.285	2.631	0.000
226	-5.285	2.631	0.000
227	-5.285	2.631	0.000
228	-5.285	2.631	0.000
238	-5.285	2.631	0.000
239	-5.285	2.631	0.000
240	-5.285	2.631	0.000
241	-5.285	2.631	0.000
242	-5.285	2.631	0.000
518	-5.285	2.633	0.000
687	-5.285	2.633	0.000
689	-5.285	2.633	0.000
736	-5.285	2.633	0.000
737	-5.285	2.633	0.000
738	-5.285	2.633	0.000
382	-5.284	2.632	0.000
384	-5.284	2.632	0.000
490	-5.284	2.632	0.000
1123	-5.284	2.632	0.000
219	-5.279	2.632	0.000
221	-5.279	2.632	0.000
1261	-5.095	1.884	0.000
604	-5.087	3.861	0.000
408	-5.061	3.727	0.000
1323	-5.051	3.509	0.000
1325	-5.051	3.509	0.000
1327	-5.051	3.509	0.000
1329	-5.051	3.509	0.000
1527	-5.051	3.509	0.000
1528	-5.051	3.509	0.000
1531	-5.051	3.509	0.000
1343	-5.051	3.508	0.000
1345	-5.051	3.508	0.000
1390	-5.051	3.508	0.000
1405	-5.051	3.508	0.000
1429	-5.051	3.508	0.000
1436	-5.051	3.508	0.000
1342	-5.050	3.547	0.000
984	-5.031	3.496	0.000
1232	-5.031	3.496	0.000
1254	-5.031	3.496	0.000
1256	-5.031	3.496	0.000
1258	-5.031	3.502	0.000
1505	-5.028	3.475	0.000
1500	-5.028	3.499	0.000
1501	-5.028	3.499	0.000
1114	-5.024	3.676	0.000
1018	-5.024	3.676	0.000
1023	-5.024	3.676	0.000
1113	-5.024	3.676	0.000
1115	-5.024	3.676	0.000
1111	-5.024	3.690	0.000
1041	-5.024	3.695	0.000
945	-5.024	3.696	0.000
946	-5.024	3.696	0.000
1109	-5.024	3.696	0.000
1094	-5.023	3.655	0.000
1001	-5.023	3.678	0.000
991	-5.022	3.674	0.000
1065	-5.022	3.675	0.000
1131	-5.022	3.675	0.000
1137	-5.022	3.675	0.000
1141	-5.022	3.675	0.000
1145	-5.022	3.675	0.000
1149	-5.022	3.675	0.000
1155	-5.022	3.675	0.000
1156	-5.022	3.675	0.000
1165	-5.022	3.675	0.000
1166	-5.022	3.675	0.000
1183	-5.022	3.675	0.000
1189	-5.022	3.675	0.000
1191	-5.022	3.675	0.000
1192	-5.022	3.675	0.000
1193	-5.022	3.675	0.000
1194	-5.022	3.675	0.000
1196	-5.022	3.675	0.000
1197	-5.022	3.675	0.000
1202	-5.022	3.675	0.000
1205	-5.022	3.675	0.000
1207	-5.022	3.675	0.000
1212	-5.022	3.675	0.000
1228	-5.022	3.675	0.000
1107	-5.022	3.676	0.000
127	-5.005	1.838	0.000
207	-5.005	1.838	0.000
764	-4.973	3.398	0.000
998	-4.535	3.001	0.000
520	-3.749	3.799	0.000
521	-3.749	3.799	0.000
598	-3.749	3.799	0.000
659	-3.749	3.799	0.000
682	-3.749	3.799	0.000
707	-3.749	3.799	0.000
1090	-3.745	3.797	0.000
388	-3.745	3.797	0.000
390	-3.745	3.797	0.000
391	-3.745	3.797	0.000
423	-3.745	3.797	0.000
443	-3.745	3.797	0.000
444	-3.745	3.797	0.000
445	-3.745	3.797	0.000
446	-3.745	3.797	0.000
447	-3.745	3.797	0.000
448	-3.745	3.797	0.000
478	-3.745	3.797	0.000
813	-3.745	3.797	0.000
481	-3.745	3.797	0.000
482	-3.745	3.797	0.000
483	-3.745	3.797	0.000
499	-3.739	3.797	0.000
741	-3.735	3.795	0.000
742	-3.735	3.795	0.000
743	-3.735	3.795	0.000
744	-3.735	3.795	0.000
745	-3.735	3.795	0.000
746	-3.735	3.795	0.000
617	-3.676	3.786	0.000
618	-3.676	3.786	0.000
619	-3.676	3.786	0.000
479	-3.672	3.785	0.000
491	-3.672	3.785	0.000
757	-3.672	3.785	0.000
765	-3.672	3.785	0.000
