1805	-6.746	0.000	0.000
1808	-6.746	0.000	0.000
1809	-6.746	0.000	0.000
1812	-6.746	0.000	0.000
1813	-6.746	0.000	0.000
1821	-6.746	0.000	0.000
1822	-6.746	0.000	0.000
1823	-6.746	0.000	0.000
1829	-6.746	0.000	0.000
1844	-6.746	0.000	0.000
1845	-6.746	0.000	0.000
1824	-6.669	0.015	0.000
1826	-6.669	0.015	0.000
1818	-6.668	0.015	0.000
1833	-5.421	2.052	0.000
1807	-5.383	2.065	0.000
1810	-5.383	2.065	0.000
1811	-5.383	2.065	0.000
1820	-5.383	2.065	0.000
1839	-5.383	2.065	0.000
1814	-5.339	1.954	0.000
1816	-5.339	1.954	0.000
1825	-5.339	1.954	0.000
1830	-5.339	1.954	0.000
1831	-5.339	1.954	0.000
1832	-5.339	1.954	0.000
1834	-5.339	1.954	0.000
1837	-5.339	1.954	0.000
1838	-5.339	1.954	0.000
1846	-5.339	1.954	0.000
1847	-5.339	1.954	0.000
1815	-5.273	1.953	0.000
1840	-5.272	1.954	0.000
1843	-5.272	1.953	0.000
1806	-5.144	2.617	0.000
1804	-5.086	1.777	0.000
1817	-5.086	1.777	0.000
1819	-5.086	1.777	0.000
1827	-5.086	1.777	0.000
1828	-5.086	1.777	0.000
1835	-5.086	1.777	0.000
1836	-5.086	1.777	0.000
1841	-5.086	1.777	0.000
1842	-5.086	1.777	0.000
