1756	-6.902	0.000	0.000
1766	-6.902	0.000	0.000
1772	-6.902	0.000	0.000
1773	-6.902	0.000	0.000
1779	-6.902	0.000	0.000
1174	-6.898	0.001	0.000
1776	-6.190	2.011	0.000
1054	-6.071	0.197	0.000
1099	-6.071	0.197	0.000
962	-5.649	0.211	0.000
1061	-5.594	1.570	0.000
1062	-5.594	1.570	0.000
1068	-5.594	1.570	0.000
1084	-5.594	1.570	0.000
1129	-5.594	1.570	0.000
1177	-5.594	1.556	0.000
1178	-5.590	1.569	0.000
1786	-5.586	2.284	0.000
1144	-5.427	0.216	0.000
1102	-5.427	1.641	0.000
1103	-5.427	1.641	0.000
1133	-5.427	1.642	0.000
1134	-5.427	1.642	0.000
1139	-5.427	1.642	0.000
1143	-5.427	1.642	0.000
1145	-5.427	1.642	0.000
985	-5.425	1.635	0.000
1147	-4.984	1.970	0.000
1095	-4.937	1.978	0.000
1011	-4.915	1.977	0.000
1081	-4.797	1.824	0.000
1128	-4.796	1.825	0.000
1041	-4.778	1.825	0.000
1050	-4.778	1.825	0.000
1080	-4.707	2.169	0.000
1040	-4.700	2.170	0.000
1055	-4.696	3.428	0.000
1071	-4.696	3.429	0.000
1073	-4.696	3.429	0.000
1074	-4.696	3.429	0.000
1016	-4.694	3.422	0.000
1049	-4.693	3.422	0.000
1180	-4.692	3.438	0.000
1184	-4.692	3.438	0.000
971	-4.692	3.435	0.000
844	-4.673	3.425	0.000
929	-4.670	3.435	0.000
947	-4.670	3.435	0.000
1172	-4.670	3.434	0.000
919	-4.621	1.846	0.000
1173	-4.615	1.845	0.000
