1712	-12.019	0.000	0.000
1613	-11.982	0.010	0.000
1578	-11.981	0.010	0.000
1605	-11.981	0.010	0.000
1616	-11.981	0.010	0.000
1673	-11.981	0.012	0.000
1555	-11.974	0.014	0.000
1547	-11.964	0.011	0.000
1548	-11.964	0.011	0.000
1594	-11.851	0.015	0.000
1595	-11.851	0.015	0.000
1596	-11.851	0.015	0.000
1597	-11.851	0.015	0.000
1644	-11.851	0.015	0.000
1707	-11.850	0.014	0.000
1708	-11.850	0.014	0.000
1716	-11.850	0.014	0.000
1724	-11.850	0.014	0.000
1749	-11.850	0.014	0.000
1659	-11.850	0.013	0.000
1678	-11.850	0.013	0.000
1570	-11.844	0.014	0.000
1657	-11.844	0.014	0.000
1661	-11.844	0.014	0.000
1695	-11.844	0.014	0.000
1696	-11.844	0.014	0.000
1699	-11.844	0.014	0.000
1729	-11.844	0.014	0.000
1664	-11.844	0.015	0.000
1636	-11.838	0.013	0.000
1631	-11.837	0.013	0.000
1640	-11.794	0.008	0.000
1575	-11.464	0.890	0.000
1641	-11.464	0.890	0.000
1645	-11.464	0.890	0.000
1585	-11.463	0.890	0.000
1586	-11.463	0.890	0.000
1614	-11.463	0.890	0.000
1607	-11.463	0.890	0.000
1608	-11.463	0.890	0.000
1609	-11.463	0.890	0.000
1658	-11.463	0.890	0.000
1572	-11.462	0.890	0.000
1563	-11.462	0.890	0.000
1564	-11.462	0.890	0.000
1567	-11.462	0.890	0.000
1568	-11.462	0.890	0.000
1666	-11.462	0.890	0.000
1668	-11.462	0.890	0.000
1683	-11.462	0.890	0.000
1686	-11.462	0.890	0.000
1710	-11.462	0.890	0.000
1598	-11.456	0.889	0.000
1552	-11.455	0.890	0.000
1553	-11.455	0.890	0.000
1558	-11.455	0.890	0.000
1628	-11.455	0.890	0.000
1633	-11.455	0.890	0.000
1638	-11.455	0.890	0.000
1639	-11.455	0.890	0.000
1623	-11.455	0.890	0.000
1688	-11.455	0.889	0.000
1753	-11.454	0.889	0.000
1622	-11.454	0.890	0.000
1627	-11.447	0.889	0.000
1573	-11.391	0.888	0.000
1687	-11.317	0.959	0.000
1725	-11.316	0.959	0.000
1733	-11.316	0.959	0.000
1750	-11.315	0.959	0.000
1752	-11.315	0.959	0.000
1671	-11.315	0.960	0.000
1744	-11.315	0.960	0.000
1745	-11.315	0.960	0.000
1746	-11.315	0.960	0.000
1738	-11.315	0.960	0.000
1747	-11.315	0.960	0.000
1748	-11.315	0.960	0.000
1706	-11.314	0.960	0.000
1701	-11.314	0.960	0.000
1702	-11.314	0.960	0.000
1735	-11.275	0.961	0.000
1719	-11.267	0.960	0.000
1571	-11.137	2.053	0.000
1751	-10.890	0.922	0.000
1549	-10.064	2.216	0.000
1755	-10.052	2.220	0.000
1615	-9.958	2.211	0.000
1646	-9.958	2.211	0.000
1660	-9.957	2.211	0.000
1705	-9.956	2.203	0.000
1619	-9.945	2.212	0.000
1665	-9.942	2.212	0.000
1717	-9.925	2.216	0.000
1642	-9.864	2.099	0.000
1651	-9.864	2.099	0.000
1606	-9.864	2.099	0.000
1601	-9.863	2.099	0.000
1655	-9.863	2.099	0.000
1670	-9.863	2.099	0.000
1677	-9.863	2.099	0.000
1685	-9.863	2.099	0.000
1632	-9.856	2.099	0.000
1694	-9.671	2.008	0.000
1582	-9.670	2.008	0.000
1560	-9.581	2.140	0.000
1654	-9.581	2.140	0.000
1574	-9.577	2.142	0.000
1583	-9.577	2.142	0.000
1587	-9.577	2.142	0.000
1591	-9.577	2.142	0.000
1592	-9.577	2.142	0.000
1610	-9.577	2.142	0.000
1550	-9.555	2.003	0.000
1551	-9.555	2.003	0.000
1554	-9.555	2.003	0.000
1556	-9.555	2.003	0.000
1557	-9.555	2.003	0.000
1626	-9.554	2.003	0.000
1629	-9.554	2.003	0.000
1754	-9.553	2.003	0.000
1561	-9.553	2.003	0.000
1565	-9.553	2.003	0.000
1566	-9.553	2.003	0.000
1690	-9.553	2.003	0.000
1576	-9.552	2.003	0.000
1588	-9.552	2.003	0.000
1593	-9.552	2.003	0.000
1647	-9.552	2.003	0.000
1602	-9.551	2.003	0.000
1603	-9.551	2.003	0.000
1618	-9.542	2.003	0.000
1693	-9.533	2.029	0.000
1684	-9.532	2.029	0.000
1691	-9.532	2.029	0.000
1697	-9.531	2.029	0.000
1698	-9.531	2.029	0.000
1713	-9.531	2.029	0.000
1714	-9.531	2.029	0.000
1630	-9.528	2.007	0.000
1703	-9.527	2.007	0.000
1679	-9.527	2.007	0.000
1682	-9.486	2.012	0.000
1559	-9.474	2.113	0.000
1562	-9.474	2.113	0.000
1653	-9.474	2.113	0.000
1689	-9.474	2.113	0.000
1656	-9.465	2.188	0.000
1569	-9.465	2.188	0.000
1727	-9.461	2.188	0.000
1728	-9.461	2.188	0.000
1692	-9.460	2.115	0.000
1722	-9.460	2.115	0.000
1624	-9.460	2.116	0.000
1652	-9.455	2.115	0.000
1704	-9.452	2.007	0.000
1732	-9.451	2.007	0.000
1669	-9.416	2.185	0.000
1700	-9.415	2.186	0.000
1721	-9.415	2.186	0.000
1580	-9.412	2.187	0.000
1589	-9.408	2.187	0.000
1590	-9.408	2.187	0.000
1737	-9.386	2.027	0.000
1718	-9.386	2.027	0.000
1742	-9.385	2.027	0.000
1743	-9.385	2.027	0.000
1625	-9.339	2.146	0.000
1604	-8.758	2.030	0.000
1581	-8.758	2.030	0.000
1600	-8.758	2.030	0.000
1643	-8.758	2.030	0.000
1726	-8.758	2.030	0.000
1734	-8.758	2.030	0.000
1680	-8.757	2.030	0.000
1715	-8.757	2.030	0.000
1584	-8.752	2.030	0.000
1611	-8.752	2.030	0.000
1612	-8.752	2.030	0.000
1635	-8.752	2.030	0.000
1648	-8.752	2.030	0.000
1650	-8.752	2.030	0.000
1620	-8.752	2.031	0.000
1621	-8.752	2.030	0.000
1649	-8.752	2.030	0.000
1667	-8.751	2.030	0.000
1674	-8.751	2.030	0.000
1711	-8.751	2.030	0.000
1723	-8.751	2.030	0.000
1637	-8.745	2.030	0.000
1741	-8.677	2.050	0.000
1676	-8.677	2.050	0.000
1579	-8.589	2.015	0.000
1672	-8.586	2.023	0.000
1634	-8.481	3.144	0.000
1675	-8.481	3.143	0.000
1681	-8.481	3.143	0.000
1709	-8.481	3.143	0.000
1577	-8.215	3.388	0.000
1599	-8.159	3.395	0.000
1736	-8.158	3.395	0.000
1617	-8.157	3.395	0.000
1662	-8.157	3.395	0.000
1663	-8.157	3.395	0.000
1740	-8.157	3.395	0.000
1739	-7.737	3.382	0.000
1720	-7.689	3.388	0.000
1730	-7.689	3.389	0.000
1731	-6.566	3.646	0.000
