708	-5.728	0.000	11.519
1136	-5.728	0.001	11.519
1142	-5.728	0.001	11.519
1143	-5.728	0.001	11.519
762	-5.726	0.002	11.519
798	-5.726	0.002	11.519
886	-5.726	0.002	11.519
893	-5.726	0.002	11.519
929	-5.726	0.002	3.750
937	-5.726	0.002	11.397
963	-5.726	0.002	10.460
970	-5.726	0.002	11.399
974	-5.726	0.002	11.401
1385	-5.726	0.002	11.400
1455	-5.726	0.002	11.400
1460	-5.726	0.002	11.401
1470	-5.726	0.002	11.400
1481	-5.726	0.002	11.399
1490	-5.726	0.002	11.399
1499	-5.726	0.002	10.239
1507	-5.726	0.002	10.239
1510	-5.726	0.002	10.239
1530	-5.726	0.002	10.239
1546	-5.726	0.002	10.233
1554	-5.726	0.002	3.729
1568	-5.726	0.002	15.120
814	-5.725	0.002	9.839
848	-5.725	0.002	9.838
858	-5.725	0.002	9.837
1851	-5.684	0.029	9.764
1861	-5.684	0.029	9.764
1863	-5.684	0.029	9.764
1874	-5.684	0.029	9.761
1878	-5.684	0.029	9.761
1880	-5.684	0.029	9.763
1881	-5.684	0.029	9.762
1885	-5.684	0.029	9.764
1887	-5.684	0.029	9.749
1890	-5.684	0.029	11.552
1894	-5.684	0.029	11.552
1827	-5.678	0.032	11.552
1834	-5.678	0.032	11.552
1824	-5.678	0.032	11.552
1830	-5.678	0.032	11.552
1840	-5.678	0.032	11.552
1472	-5.674	0.032	11.552
1480	-5.674	0.032	11.552
1485	-5.674	0.032	11.552
1521	-5.674	0.032	11.552
1526	-5.674	0.032	11.552
1532	-5.674	0.032	11.554
1533	-5.674	0.032	11.553
1538	-5.674	0.032	11.553
1542	-5.674	0.032	11.553
1545	-5.674	0.032	11.553
1548	-5.674	0.032	11.553
1550	-5.674	0.032	11.553
1552	-5.674	0.032	11.553
1553	-5.674	0.032	11.553
1556	-5.674	0.032	11.553
1856	-5.236	2.250	11.520
1857	-5.236	2.250	11.520
1870	-5.236	2.250	11.520
1872	-5.236	2.250	11.519
1876	-5.236	2.250	11.519
1879	-5.236	2.250	11.519
1788	-5.230	2.249	11.519
1789	-5.230	2.249	11.519
1790	-5.230	2.249	11.519
1792	-5.230	2.249	11.519
1793	-5.230	2.249	11.519
1794	-5.230	2.249	11.519
1796	-5.230	2.249	11.519
1799	-5.230	2.249	11.397
1800	-5.230	2.249	11.397
1803	-5.230	2.249	3.758
1804	-5.230	2.249	11.399
1805	-5.230	2.249	11.400
1806	-5.230	2.249	11.400
1807	-5.230	2.249	11.400
1809	-5.230	2.249	11.401
1810	-5.230	2.249	11.400
1813	-5.230	2.249	11.399
1816	-5.230	2.249	11.399
1819	-5.230	2.249	10.239
1821	-5.230	2.249	10.239
1823	-5.230	2.249	10.239
1842	-5.230	2.249	10.239
1844	-5.230	2.249	10.233
1845	-5.230	2.249	3.729
1850	-5.229	2.251	15.120
1516	-5.227	2.248	9.839
1524	-5.227	2.248	9.838
1531	-5.227	2.248	9.838
1543	-5.227	2.248	13.108
1559	-5.227	2.248	19.742
1820	-5.226	2.175	9.761
