1904	-7.370	0.000	4.961
1905	-7.297	0.009	8.036
1906	-7.297	0.009	8.255
1909	-7.297	0.009	8.133
1895	-7.297	0.009	8.133
1896	-7.297	0.009	8.185
1897	-7.297	0.009	9.069
1898	-7.297	0.009	13.630
1901	-7.297	0.009	13.646
1902	-7.297	0.009	13.503
1912	-7.293	0.009	6.234
1914	-7.293	0.009	9.537
1915	-7.293	0.009	9.532
1916	-7.293	0.009	9.532
1917	-7.293	0.009	9.836
1920	-7.293	0.009	9.836
1922	-7.293	0.009	9.836
1924	-7.293	0.009	9.890
1929	-7.293	0.009	9.890
1931	-7.293	0.009	11.062
1937	-7.293	0.009	10.321
1939	-7.293	0.009	10.651
1940	-7.293	0.009	10.481
1941	-7.293	0.009	10.505
1942	-7.293	0.009	0.002
1943	-7.293	0.009	0.001
1945	-7.293	0.009	0.001
1948	-7.293	0.009	0.001
1950	-7.293	0.009	0.001
997	-7.259	0.011	0.001
1016	-7.259	0.011	0.000
1017	-7.259	0.011	0.000
1048	-7.259	0.011	0.000
1089	-7.259	0.011	0.000
1106	-7.259	0.011	0.000
1148	-7.259	0.011	10.776
1152	-7.259	0.011	10.491
1154	-7.259	0.011	3.272
1165	-7.259	0.011	3.272
1167	-7.259	0.011	3.269
1171	-7.259	0.011	3.274
1172	-7.259	0.011	3.274
1208	-7.259	0.011	3.274
1211	-7.259	0.011	0.024
1225	-7.259	0.011	2.386
1227	-7.259	0.011	3.015
604	-7.259	0.011	3.011
996	-7.259	0.011	10.133
999	-7.259	0.011	10.132
1052	-7.259	0.011	3.113
1053	-7.259	0.011	3.101
1176	-7.259	0.011	3.101
1188	-7.259	0.011	3.101
1197	-7.259	0.011	3.100
626	-7.257	0.011	3.100
912	-7.257	0.011	3.100
975	-7.257	0.011	3.100
989	-7.257	0.011	4.960
501	-7.256	0.011	4.960
862	-7.256	0.011	4.960
863	-7.256	0.011	4.960
1930	-7.024	1.611	11.038
1913	-6.858	1.887	10.213
1918	-6.858	1.887	10.211
1921	-6.858	1.887	10.211
1923	-6.858	1.887	10.211
1925	-6.858	1.887	10.212
1928	-6.858	1.887	10.213
1932	-6.858	1.887	20.209
1935	-6.858	1.887	12.103
1936	-6.858	1.887	12.102
1938	-6.858	1.887	12.103
1946	-6.858	1.887	12.103
1947	-6.858	1.887	12.103
1953	-6.858	1.887	12.103
1955	-6.858	1.887	12.103
1956	-6.858	1.887	12.103
1957	-6.858	1.887	12.103
1907	-6.854	1.888	12.103
1908	-6.854	1.888	12.103
1899	-6.853	1.888	12.103
1900	-6.853	1.888	12.101
1903	-6.853	1.888	12.104
1135	-6.832	1.887	12.104
588	-6.826	1.887	12.104
593	-6.826	1.887	12.104
802	-6.826	1.887	12.104
978	-6.826	1.887	12.104
1091	-6.826	1.887	12.104
1910	-6.330	1.746	10.764
1934	-6.318	1.744	10.764
