1614	-10.004	0.000	0.000
1694	-10.004	0.000	9.532
1625	-9.911	0.025	9.836
1768	-9.911	0.025	9.836
1775	-9.911	0.025	9.835
1596	-9.911	0.025	9.890
1598	-9.911	0.025	10.706
1629	-9.911	0.025	10.322
1641	-9.911	0.025	10.650
1661	-9.911	0.025	10.481
1662	-9.911	0.025	10.482
1744	-9.911	0.025	10.506
1759	-9.911	0.025	0.001
1734	-9.907	0.026	0.001
1756	-9.888	0.022	0.001
1586	-9.888	0.022	0.001
1588	-9.888	0.022	0.001
1602	-9.888	0.022	0.001
1609	-9.888	0.022	0.001
1613	-9.888	0.022	0.001
1621	-9.888	0.022	0.001
1630	-9.888	0.022	0.001
1635	-9.888	0.022	0.001
1652	-9.888	0.022	0.001
1656	-9.888	0.022	0.001
1665	-9.888	0.022	0.001
1676	-9.888	0.022	0.000
1701	-9.888	0.022	0.000
1740	-9.888	0.022	0.000
1742	-9.888	0.022	0.000
1743	-9.888	0.022	10.764
1615	-9.888	0.022	3.300
1716	-9.887	0.022	10.622
1707	-9.885	0.022	3.272
1760	-9.885	0.022	0.025
1731	-9.881	0.022	3.273
1578	-9.878	0.022	3.274
1579	-9.878	0.022	3.273
1580	-9.878	0.022	3.273
1684	-9.844	0.835	2.403
1583	-9.742	0.856	3.014
1590	-9.742	0.856	3.013
1595	-9.742	0.856	3.008
1600	-9.742	0.856	3.111
1610	-9.742	0.856	10.132
1611	-9.742	0.856	3.101
1612	-9.742	0.856	3.101
1619	-9.742	0.856	3.101
1674	-9.742	0.856	3.100
1692	-9.742	0.856	3.100
1762	-9.742	0.856	3.100
1719	-9.742	0.856	3.100
1626	-9.742	0.856	3.122
1732	-9.738	0.856	4.960
1714	-9.734	1.712	4.960
1688	-9.733	1.712	4.960
1718	-9.699	1.718	4.961
1675	-9.698	1.718	4.961
1695	-9.643	1.714	4.960
1697	-9.422	1.998	4.960
1640	-9.415	1.997	4.961
1627	-9.409	2.334	4.956
1683	-9.409	2.334	4.956
1739	-9.409	2.334	4.956
1785	-9.409	2.334	4.956
1589	-9.408	2.335	4.956
1592	-9.408	2.335	4.956
1597	-9.408	2.335	4.956
1599	-9.408	2.335	4.956
1606	-9.408	2.335	4.956
1637	-9.408	2.335	4.956
1644	-9.408	2.335	4.110
1653	-9.408	2.335	4.112
1658	-9.408	2.335	10.580
1659	-9.408	2.335	4.108
1660	-9.408	2.335	4.375
1663	-9.408	2.335	4.374
1666	-9.408	2.335	4.376
1679	-9.408	2.335	4.106
1689	-9.408	2.335	4.374
1690	-9.408	2.335	4.370
1708	-9.408	2.335	4.370
1711	-9.408	2.335	1.643
1715	-9.408	2.335	1.643
1677	-9.360	1.720	1.643
1712	-9.360	1.720	1.643
1670	-9.307	1.725	1.674
1671	-9.307	1.725	10.575
1696	-9.307	1.725	11.657
1698	-9.307	1.725	2.722
1724	-9.307	1.725	2.723
1725	-9.307	1.725	2.728
1728	-9.307	1.725	9.077
1730	-9.307	1.725	13.797
1764	-9.307	1.725	11.803
1779	-9.307	1.725	6.259
1784	-9.307	1.725	6.259
1605	-9.306	1.725	6.257
1628	-9.306	1.725	6.257
1631	-9.306	1.725	6.257
1664	-9.306	1.725	6.252
1668	-9.306	1.725	6.252
1680	-9.306	1.725	6.261
1681	-9.306	1.725	6.254
1682	-9.306	1.725	6.261
1691	-9.306	1.725	6.194
1787	-9.306	1.725	5.160
1687	-9.306	1.725	5.160
1673	-9.306	1.725	5.158
1748	-9.306	1.725	5.158
1717	-9.305	1.713	5.158
1777	-9.305	1.725	5.158
1765	-9.299	1.974	5.158
1737	-9.298	1.974	5.158
1582	-9.289	1.974	5.157
1587	-9.289	1.974	5.157
1594	-9.289	1.974	5.156
1601	-9.289	1.974	5.157
1603	-9.289	1.974	5.155
1617	-9.289	1.974	5.162
1622	-9.289	1.974	5.162
1623	-9.289	1.974	5.162
1633	-9.289	1.974	5.162
1634	-9.289	1.974	5.162
1645	-9.289	1.974	5.162
1647	-9.289	1.974	5.162
1678	-9.289	1.974	5.162
1726	-9.289	1.974	5.161
1757	-9.289	1.974	3.570
1772	-9.289	1.974	3.570
1773	-9.289	1.974	8.195
1774	-9.289	1.974	8.196
1733	-9.287	1.975	8.197
1780	-9.280	1.393	7.914
1723	-9.240	1.374	8.230
1751	-9.238	2.335	9.999
1584	-9.195	2.327	7.781
1585	-9.195	2.327	9.988
1593	-9.195	2.326	7.797
1604	-9.195	2.326	7.798
1607	-9.195	2.326	7.797
1608	-9.195	2.326	7.797
1618	-9.195	2.327	7.945
1620	-9.195	2.327	7.799
1632	-9.195	2.326	7.364
1636	-9.195	2.326	7.364
1639	-9.195	2.326	7.364
1649	-9.195	2.327	7.364
1650	-9.195	2.327	7.369
1651	-9.195	2.327	7.369
1654	-9.195	2.326	7.369
1667	-9.195	2.326	3.461
1685	-9.195	2.326	7.976
1702	-9.195	2.327	7.976
1752	-9.194	2.326	10.574
1753	-9.194	2.326	8.035
1754	-9.194	2.326	5.538
1755	-9.194	2.326	8.125
1766	-9.191	2.326	8.133
1767	-9.191	2.327	8.311
1769	-9.191	2.327	13.156
1782	-9.191	2.327	13.149
1783	-9.191	2.327	13.630
1699	-9.190	2.327	13.503
1721	-9.189	2.327	4.348
1722	-9.189	2.327	6.226
1727	-9.189	2.327	6.219
1738	-9.189	2.326	9.538
1746	-9.188	2.732	9.532
1770	-9.188	2.732	9.533
1648	-9.187	2.731	9.836
1705	-9.187	2.731	9.836
1741	-9.187	2.731	9.835
1710	-9.160	1.517	9.890
1657	-9.160	1.517	9.883
1747	-9.107	2.726	10.321
1729	-9.106	2.726	10.650
1655	-9.072	1.515	10.481
1720	-9.072	1.515	10.482
1771	-9.072	1.515	10.485
1581	-8.959	2.128	0.001
1591	-8.956	2.128	0.001
1616	-8.956	2.128	0.001
1646	-8.956	2.128	0.001
1672	-8.956	2.128	0.001
1700	-8.956	2.128	0.001
1704	-8.956	2.128	0.001
1706	-8.956	2.128	0.001
1709	-8.956	2.128	0.001
1786	-8.956	2.128	0.001
1642	-8.936	2.133	0.001
1693	-8.936	2.132	0.001
1781	-8.933	2.133	0.001
1643	-8.882	2.153	0.001
1638	-8.867	2.163	0.000
1686	-8.867	2.163	0.000
1703	-8.867	2.162	0.000
1776	-8.864	2.163	0.000
1778	-8.864	2.163	10.493
1736	-8.864	2.164	10.491
1749	-8.863	2.164	3.270
1750	-8.863	2.164	3.272
1758	-8.802	2.826	3.272
1713	-8.756	2.807	3.273
1745	-8.756	2.807	3.274
1763	-8.756	2.807	3.273
1624	-8.739	2.808	3.274
1669	-8.739	2.808	2.403
1735	-8.723	2.812	3.014
1761	-7.296	2.514	4.349
