493	-6.213	0.000	11.038
581	-6.213	0.000	11.038
308	-6.209	0.002	11.038
338	-6.209	0.002	11.038
380	-6.209	0.002	11.817
390	-6.209	0.002	11.817
396	-6.209	0.002	11.817
424	-6.209	0.002	11.817
1042	-6.107	0.166	10.764
1210	-6.107	0.166	10.764
1212	-6.107	0.166	10.764
1012	-6.106	0.173	10.764
1040	-6.106	0.173	0.000
1045	-6.106	0.173	1.306
1057	-6.106	0.173	1.333
1101	-6.106	0.173	10.770
1105	-6.106	0.173	11.194
1120	-6.106	0.173	11.194
1153	-6.106	0.173	11.194
1157	-6.106	0.173	11.194
1183	-6.106	0.173	11.194
1195	-6.106	0.173	11.094
1196	-6.106	0.173	11.094
1201	-6.106	0.173	11.510
1204	-6.106	0.173	11.510
1205	-6.106	0.173	2.214
1209	-6.106	0.173	2.214
1217	-6.106	0.173	11.038
1219	-6.106	0.173	11.038
1221	-6.106	0.173	11.038
1228	-6.106	0.173	11.038
1175	-6.106	0.173	11.038
1178	-6.106	0.173	11.038
667	-6.090	0.164	11.038
676	-6.090	0.164	11.028
684	-6.090	0.164	11.817
694	-6.090	0.164	11.817
704	-6.090	0.164	11.817
705	-6.090	0.164	11.817
707	-6.090	0.164	11.817
713	-6.090	0.164	11.817
724	-6.090	0.164	11.817
1008	-6.090	0.164	11.817
1010	-6.090	0.164	11.816
1036	-6.090	0.164	11.816
1124	-6.090	0.164	11.816
1180	-6.090	0.164	11.816
638	-6.089	0.172	11.816
648	-6.089	0.172	11.816
649	-6.089	0.172	11.816
650	-6.089	0.172	11.816
651	-6.089	0.172	11.816
655	-6.089	0.172	11.816
670	-6.089	0.172	3.570
680	-6.089	0.172	11.699
682	-6.089	0.172	11.700
683	-6.089	0.172	11.701
685	-6.089	0.172	11.702
692	-6.089	0.172	11.734
695	-6.089	0.172	11.734
1005	-6.089	0.172	11.702
1019	-6.089	0.172	11.734
1021	-6.089	0.172	11.733
1022	-6.089	0.172	11.733
1031	-6.089	0.172	10.596
1038	-6.089	0.172	10.596
1039	-6.089	0.172	10.596
1043	-6.089	0.172	10.596
1044	-6.089	0.172	10.589
1046	-6.089	0.172	3.480
1055	-6.089	0.172	15.823
1056	-6.089	0.172	10.273
1058	-6.089	0.172	10.272
1059	-6.089	0.172	10.272
1061	-6.089	0.172	10.272
1062	-6.089	0.172	20.201
1064	-6.089	0.172	10.312
1069	-6.089	0.172	10.211
1072	-6.089	0.172	10.211
1075	-6.089	0.172	10.213
1084	-6.089	0.172	10.213
1086	-6.089	0.172	10.213
1087	-6.089	0.172	10.211
1092	-6.089	0.172	10.211
1093	-6.089	0.172	10.213
1096	-6.089	0.172	10.212
1097	-6.089	0.172	10.213
1100	-6.089	0.172	10.199
1109	-6.089	0.172	12.103
1110	-6.089	0.172	12.102
1116	-6.089	0.172	12.103
1118	-6.089	0.172	12.103
1128	-6.089	0.172	12.103
1132	-6.089	0.172	12.103
1140	-6.089	0.172	12.103
1145	-6.089	0.172	12.103
1149	-6.089	0.172	12.103
1169	-6.089	0.172	12.103
1179	-6.089	0.172	12.103
1187	-6.089	0.172	12.103
1190	-6.089	0.172	12.105
1199	-6.089	0.172	12.104
592	-6.087	0.165	12.104
585	-6.087	0.172	12.104
586	-6.087	0.172	12.104
613	-6.085	0.165	12.104
616	-6.085	0.165	12.104
617	-6.085	0.173	12.104
618	-6.085	0.173	12.104
371	-6.082	0.171	12.104
392	-6.082	0.171	11.501
399	-6.082	0.171	11.501
321	-6.080	0.172	7.611
323	-6.080	0.172	9.259
336	-6.080	0.172	9.259
242	-6.079	0.172	8.315
906	-6.070	0.173	9.225
985	-6.070	0.173	13.188
1949	-6.070	0.183	8.937
1958	-6.070	0.183	8.937
918	-6.053	0.172	9.606
933	-6.053	0.172	8.920
934	-6.053	0.172	8.920
942	-6.053	0.172	8.920
959	-6.053	0.172	11.519
971	-6.053	0.172	8.919
902	-6.053	0.180	9.629
919	-6.053	0.180	8.418
940	-6.053	0.180	8.418
946	-6.053	0.180	8.418
947	-6.053	0.180	8.414
952	-6.053	0.180	8.414
961	-6.053	0.180	8.414
965	-6.053	0.180	9.601
966	-6.053	0.180	11.526
968	-6.053	0.180	11.526
977	-6.053	0.180	13.292
986	-6.053	0.180	10.439
784	-6.052	0.172	10.367
877	-6.052	0.172	12.963
878	-6.052	0.172	8.994
879	-6.052	0.172	10.458
889	-6.052	0.172	12.898
778	-6.052	0.180	19.411
779	-6.052	0.180	19.641
884	-6.052	0.180	19.818
623	-6.047	0.173	9.808
627	-6.047	0.173	13.877
485	-6.047	0.181	10.967
486	-6.047	0.181	2.193
745	-6.047	0.173	2.182
746	-6.047	0.173	2.182
749	-6.047	0.173	1.901
750	-6.047	0.173	1.902
755	-6.047	0.173	1.902
757	-6.047	0.173	1.898
761	-6.047	0.173	1.899
769	-6.047	0.173	2.304
770	-6.047	0.173	1.813
763	-6.047	0.181	1.796
764	-6.047	0.181	1.798
991	-6.047	0.181	1.843
736	-6.046	0.181	10.493
793	-6.046	0.181	10.493
797	-6.046	0.181	10.493
803	-6.045	0.173	10.493
578	-6.035	0.175	2.403
579	-6.035	0.175	10.783
864	-6.035	0.175	10.783
867	-6.035	0.183	10.783
870	-6.035	0.183	10.783
572	-6.034	0.184	10.783
728	-6.034	0.184	10.783
808	-6.034	0.184	10.783
818	-6.034	0.184	10.774
824	-6.034	0.184	11.519
731	-6.033	0.175	11.519
839	-6.033	0.175	11.520
844	-6.033	0.175	11.520
538	-6.029	0.176	11.520
543	-6.029	0.176	11.520
553	-6.029	0.176	11.520
555	-6.029	0.176	11.519
556	-6.029	0.176	11.519
568	-6.029	0.176	11.519
492	-5.671	1.464	11.067
606	-5.671	1.464	11.067
217	-5.664	1.463	8.959
293	-5.664	1.463	8.959
300	-5.664	1.463	8.958
309	-5.664	1.463	7.588
316	-5.664	1.463	8.924
319	-5.664	1.463	12.500
412	-5.664	1.463	8.598
642	-5.654	1.487	8.598
646	-5.654	1.487	9.134
652	-5.654	1.487	8.582
653	-5.654	1.487	8.582
658	-5.654	1.487	8.582
1137	-5.654	1.487	11.299
1163	-5.654	1.487	8.581
1126	-5.653	1.487	7.734
596	-5.651	1.487	7.734
468	-5.648	1.419	7.733
340	-5.643	1.484	7.733
344	-5.643	1.484	7.729
394	-5.643	1.484	7.729
395	-5.643	1.484	7.729
328	-5.641	1.484	9.125
329	-5.641	1.484	11.307
414	-5.641	1.484	11.307
671	-5.618	1.472	12.615
674	-5.618	1.472	10.170
1133	-5.618	1.472	10.123
881	-5.617	1.488	13.455
890	-5.617	1.488	8.612
601	-5.616	1.472	10.133
747	-5.613	1.488	12.219
748	-5.613	1.488	19.022
580	-5.600	1.488	19.229
865	-5.600	1.488	19.424
828	-5.599	1.488	9.315
910	-5.582	1.472	13.137
911	-5.582	1.472	10.374
783	-5.581	1.473	2.193
788	-5.581	1.473	2.182
897	-5.581	1.473	2.181
765	-5.577	1.472	1.901
632	-5.576	1.473	1.902
735	-5.575	1.473	1.901
791	-5.575	1.473	1.898
795	-5.575	1.473	1.588
871	-5.564	1.473	1.689
873	-5.564	1.473	0.751
575	-5.563	1.473	1.796
810	-5.563	1.473	1.798
480	-5.543	2.029	1.843
620	-5.543	2.029	10.493
535	-5.525	1.584	10.493
552	-5.525	1.584	10.493
577	-5.519	1.405	10.493
859	-5.519	1.405	10.493
471	-5.513	1.405	10.493
502	-5.513	1.405	10.493
569	-5.505	1.618	10.493
726	-5.505	1.618	10.493
804	-5.505	1.618	10.493
462	-5.496	1.618	10.493
525	-5.472	1.654	10.493
528	-5.472	1.654	10.493
898	-5.472	1.654	10.493
464	-5.459	1.655	10.493
510	-5.459	1.655	10.493
518	-5.459	1.655	10.493
775	-5.402	1.116	10.493
874	-5.402	1.116	1.008
