815	-6.325	0.000	2.882
104	-6.325	0.002	2.888
128	-6.325	0.002	10.645
202	-6.325	0.002	10.644
206	-6.325	0.002	2.691
225	-6.325	0.002	2.705
231	-6.325	0.002	2.705
272	-6.325	0.002	2.705
287	-6.325	0.002	2.706
288	-6.325	0.002	2.706
290	-6.325	0.002	2.706
291	-6.325	0.002	2.706
305	-6.325	0.002	0.008
327	-6.325	0.002	0.008
350	-6.325	0.002	0.008
352	-6.325	0.002	0.008
355	-6.325	0.002	0.008
356	-6.325	0.002	0.008
361	-6.325	0.002	0.007
411	-6.325	0.002	0.007
444	-6.325	0.002	0.008
477	-6.325	0.002	0.000
88	-6.324	0.002	0.001
109	-6.324	0.002	0.000
113	-6.324	0.002	0.000
136	-6.324	0.002	0.000
140	-6.324	0.002	0.000
153	-6.324	0.002	0.001
158	-6.324	0.002	0.001
160	-6.324	0.002	0.001
161	-6.324	0.002	0.001
162	-6.324	0.002	1.393
165	-6.324	0.002	10.359
172	-6.324	0.002	10.359
179	-6.324	0.002	1.399
183	-6.324	0.002	1.503
236	-6.324	0.002	1.503
391	-6.324	0.002	1.504
262	-6.323	0.002	1.401
556	-6.322	0.002	1.504
579	-6.322	0.002	1.499
580	-6.322	0.002	4.473
599	-6.322	0.002	4.473
605	-6.322	0.002	4.473
618	-6.322	0.002	4.474
636	-6.322	0.002	4.474
637	-6.322	0.002	3.817
655	-6.322	0.002	12.958
676	-6.322	0.002	5.003
682	-6.322	0.002	5.002
690	-6.322	0.002	5.006
706	-6.322	0.002	5.015
769	-6.322	0.002	9.569
784	-6.322	0.002	17.559
809	-6.322	0.002	3.620
814	-6.322	0.002	3.621
837	-6.322	0.002	3.620
882	-6.322	0.002	3.620
957	-6.322	0.002	3.620
250	-6.320	0.002	3.615
534	-6.320	0.002	3.614
536	-6.320	0.002	3.623
1397	-6.320	0.002	3.624
1105	-6.319	0.002	3.624
1109	-6.319	0.002	17.568
1114	-6.319	0.002	12.043
1241	-6.319	0.002	5.310
1255	-6.280	0.009	0.007
378	-5.961	1.004	10.874
1457	-5.936	1.006	10.895
