1956	-5.518	0.000	5.236
1957	-5.518	0.000	5.238
1959	-5.518	0.000	9.720
1960	-5.518	0.000	5.286
1963	-5.518	0.000	12.144
1966	-5.518	0.000	5.098
1968	-5.518	0.000	5.098
1969	-5.518	0.000	5.545
1683	-5.514	0.001	5.121
1946	-5.514	0.001	5.121
1947	-5.514	0.001	4.052
1948	-5.514	0.001	5.579
1949	-5.514	0.001	5.580
1950	-5.514	0.001	9.026
1951	-5.514	0.001	9.026
1952	-5.514	0.001	9.026
1953	-5.514	0.001	9.028
311	-5.488	0.005	9.028
540	-5.487	0.005	9.029
804	-5.487	0.005	5.124
1958	-5.478	0.009	4.084
1964	-5.478	0.009	4.084
1965	-5.478	0.009	12.080
738	-5.425	0.022	0.000
1973	-5.425	0.029	0.000
1974	-5.425	0.029	0.002
1975	-5.425	0.029	0.001
424	-5.391	0.029	1.499
989	-5.390	0.032	4.473
619	-5.390	0.029	4.474
879	-5.390	0.029	4.474
577	-5.385	0.029	4.397
662	-5.385	0.029	10.345
926	-5.385	0.029	12.958
947	-5.385	0.029	5.003
953	-5.385	0.029	5.002
972	-5.385	0.029	5.006
985	-5.385	0.029	5.015
1684	-5.385	0.029	17.559
1685	-5.385	0.029	5.261
1686	-5.385	0.029	3.620
1687	-5.385	0.029	3.620
1688	-5.385	0.029	3.620
1689	-5.385	0.029	3.620
1695	-5.385	0.029	3.620
1697	-5.385	0.029	3.614
1698	-5.385	0.029	3.614
1700	-5.385	0.029	3.624
1701	-5.385	0.029	3.624
1702	-5.385	0.029	3.624
1705	-5.385	0.029	3.584
1706	-5.385	0.029	5.310
1707	-5.385	0.029	5.310
1708	-5.385	0.029	5.308
1710	-5.385	0.029	5.308
1711	-5.385	0.029	5.308
1714	-5.385	0.029	5.308
1733	-5.385	0.029	5.308
1736	-5.385	0.029	5.308
1753	-5.385	0.029	5.307
1754	-5.385	0.029	5.307
1755	-5.385	0.029	5.305
1756	-5.385	0.029	5.305
1767	-5.385	0.029	5.292
1771	-5.385	0.029	5.308
1779	-5.385	0.029	5.308
1780	-5.385	0.029	5.308
1782	-5.385	0.029	5.308
1784	-5.385	0.029	5.308
1786	-5.385	0.029	5.308
1787	-5.385	0.029	5.308
862	-5.384	0.029	5.308
894	-5.384	0.029	5.307
1616	-5.380	0.029	4.874
1617	-5.380	0.029	9.208
1618	-5.380	0.029	5.237
1626	-5.380	0.029	5.238
1627	-5.380	0.029	9.720
1629	-5.380	0.029	5.286
1631	-5.380	0.029	12.144
1632	-5.380	0.029	5.098
1635	-5.380	0.029	5.098
1641	-5.380	0.029	5.545
1642	-5.380	0.029	5.121
1643	-5.380	0.029	5.121
1646	-5.380	0.029	5.121
1647	-5.380	0.029	4.053
1648	-5.380	0.029	5.123
1654	-5.380	0.029	5.580
1657	-5.380	0.029	9.026
1663	-5.380	0.029	9.026
1667	-5.380	0.029	9.026
1669	-5.380	0.029	9.028
1670	-5.380	0.029	9.028
1671	-5.380	0.029	9.029
1672	-5.380	0.029	5.581
1675	-5.380	0.029	4.084
1677	-5.380	0.029	4.084
1681	-5.380	0.029	12.081
1682	-5.380	0.029	4.299
764	-5.366	0.025	4.587
995	-5.362	0.028	8.630
1014	-5.362	0.028	5.612
1738	-5.362	0.028	4.309
1742	-5.194	0.784	11.693
1717	-5.156	0.778	2.544
1614	-5.124	0.775	2.544
612	-5.117	0.781	3.499
1954	-5.115	0.769	2.883
1955	-5.115	0.769	2.885
1967	-5.115	0.769	2.891
1970	-5.115	0.769	2.694
1971	-5.115	0.769	10.644
1972	-5.115	0.769	2.705
1962	-5.108	0.770	2.705
1690	-5.080	0.775	2.705
1691	-5.080	0.775	2.706
1692	-5.080	0.775	2.706
1694	-5.080	0.775	2.706
1712	-5.080	0.775	2.706
1720	-5.080	0.775	2.684
1745	-5.080	0.775	0.008
1746	-5.080	0.775	0.008
1747	-5.080	0.775	0.007
1750	-5.080	0.775	0.008
1758	-5.080	0.775	0.008
1772	-5.080	0.775	0.007
1774	-5.080	0.775	0.007
1729	-5.079	0.775	0.008
1730	-5.079	0.775	0.000
1731	-5.079	0.775	0.001
1785	-5.079	0.775	0.001
911	-5.078	0.774	0.000
937	-5.078	0.774	0.000
977	-5.078	0.774	0.000
1640	-5.069	0.773	0.000
1653	-5.069	0.773	0.001
1655	-5.069	0.773	0.001
1659	-5.069	0.773	0.001
1662	-5.069	0.773	1.395
1664	-5.069	0.773	1.393
1666	-5.069	0.773	10.359
1668	-5.069	0.773	1.398
1673	-5.069	0.773	1.503
1674	-5.069	0.773	1.503
1676	-5.069	0.773	1.504
1679	-5.069	0.773	1.401
1000	-5.046	0.773	5.308
453	-3.292	2.856	9.206
