1160	-7.305	0.000	0.000
1207	-7.305	0.000	11.519
1237	-7.305	0.000	11.514
1238	-7.305	0.000	2.544
1291	-7.305	0.000	2.544
1317	-7.305	0.000	4.964
1381	-7.305	0.000	2.544
1390	-7.305	0.000	2.544
1426	-7.305	0.000	0.000
1433	-7.305	0.000	2.544
1478	-7.305	0.000	3.499
1479	-7.305	0.000	2.879
1058	-7.300	0.004	2.885
1059	-7.300	0.004	2.695
1077	-7.300	0.004	10.644
1078	-7.300	0.004	10.644
1083	-7.296	0.296	2.705
1088	-7.258	0.497	2.705
1247	-7.258	0.497	2.705
1244	-7.208	0.105	2.706
1504	-7.207	0.105	2.706
1542	-7.207	0.106	2.706
1548	-7.207	0.105	2.706
1573	-7.207	0.105	10.655
1582	-7.207	0.105	0.008
1586	-7.207	0.105	0.008
1606	-7.207	0.105	0.008
1227	-7.204	0.101	0.008
1283	-7.204	0.102	0.008
1287	-7.204	0.102	0.007
1404	-7.204	0.101	0.007
1141	-7.204	0.101	0.008
1146	-7.204	0.101	0.000
1089	-7.204	0.102	0.001
1092	-7.204	0.102	0.001
1248	-7.204	0.102	0.000
1249	-7.204	0.102	0.000
1250	-7.204	0.102	0.000
1254	-7.204	0.102	0.000
1118	-7.203	0.102	0.001
1126	-7.203	0.102	0.001
1151	-7.203	0.101	0.001
1156	-7.203	0.101	1.393
1162	-7.203	0.101	1.393
1164	-7.203	0.101	10.359
1167	-7.203	0.101	1.395
1168	-7.203	0.101	1.503
1179	-7.203	0.101	1.503
1183	-7.203	0.101	1.504
1184	-7.203	0.101	1.401
1200	-7.203	0.101	1.504
1202	-7.203	0.101	1.499
1208	-7.203	0.101	1.504
1217	-7.203	0.101	4.473
1235	-7.203	0.101	4.473
1259	-7.203	0.101	4.474
1263	-7.203	0.101	4.474
1265	-7.203	0.101	0.000
1304	-7.203	0.102	12.941
1318	-7.203	0.101	5.015
1321	-7.203	0.101	5.002
1338	-7.203	0.102	5.006
1340	-7.203	0.102	5.007
1399	-7.203	0.101	9.569
1449	-7.203	0.101	17.559
1465	-7.203	0.101	3.620
1470	-7.203	0.101	3.621
1481	-7.203	0.101	3.620
1489	-7.203	0.101	3.620
1189	-7.203	0.102	3.620
1069	-7.199	0.100	3.620
1073	-7.199	0.100	3.614
1313	-7.148	0.501	3.623
1099	-7.148	0.501	3.624
1102	-7.148	0.501	3.624
1111	-7.148	0.501	3.624
1180	-7.148	0.501	3.588
1198	-7.148	0.501	5.310
1220	-7.148	0.501	5.310
1298	-7.148	0.501	5.308
1299	-7.148	0.501	5.308
1308	-7.148	0.501	0.000
1316	-7.148	0.501	5.308
1322	-7.148	0.501	5.308
1335	-7.148	0.501	5.308
1246	-7.144	0.501	5.307
1273	-7.112	0.774	5.305
1185	-7.111	0.774	5.306
525	-7.086	0.502	5.306
1521	-7.085	0.502	12.050
1533	-7.085	0.502	5.308
1545	-7.085	0.502	5.308
1592	-7.085	0.502	5.308
1512	-7.084	0.502	5.308
1524	-7.084	0.502	5.308
1528	-7.084	0.502	5.308
1537	-7.084	0.502	5.308
1555	-7.084	0.502	5.308
1556	-7.084	0.502	5.292
1557	-7.084	0.502	4.874
1571	-7.084	0.502	4.874
1578	-7.084	0.502	5.235
1579	-7.084	0.502	5.237
1581	-7.084	0.502	9.720
1583	-7.084	0.502	12.132
1596	-7.084	0.502	0.000
1601	-7.084	0.502	9.591
1123	-7.080	0.502	5.098
1187	-7.080	0.502	9.026
1288	-7.079	0.502	3.743
1153	-7.078	0.502	5.121
1155	-7.078	0.502	5.579
1169	-7.078	0.502	4.052
1171	-7.078	0.502	4.053
1257	-7.078	0.502	4.054
1296	-7.078	0.502	9.026
1355	-7.078	0.502	9.026
1364	-7.078	0.502	9.026
1374	-7.078	0.502	9.026
1389	-7.078	0.502	9.028
1411	-7.078	0.502	9.029
1436	-7.078	0.502	9.029
1439	-7.078	0.502	5.581
1446	-7.078	0.502	4.084
1454	-7.078	0.502	4.084
1464	-7.078	0.502	4.639
1469	-7.078	0.502	4.299
1475	-7.078	0.502	5.716
1483	-7.078	0.502	5.615
1484	-7.078	0.502	5.615
1103	-7.078	0.502	0.000
1113	-7.078	0.502	5.089
1182	-7.078	0.502	17.545
1186	-7.078	0.502	4.340
1205	-7.078	0.502	17.352
1224	-7.078	0.502	5.973
1230	-7.078	0.502	7.608
1303	-7.078	0.502	9.207
1307	-7.078	0.502	10.775
1311	-7.078	0.502	10.776
1312	-7.078	0.502	10.776
1330	-7.078	0.502	10.874
1331	-7.078	0.502	10.873
1539	-7.073	0.764	10.873
1128	-7.067	0.767	10.895
1203	-7.067	0.767	11.756
1351	-7.067	0.767	10.921
1441	-7.067	0.767	11.541
1136	-7.066	0.767	11.178
1460	-7.066	0.768	11.178
1350	-6.512	2.535	0.001
1100	-6.511	2.535	0.001
1110	-6.511	2.535	0.000
1140	-6.511	2.535	0.000
1261	-6.511	2.535	0.000
1039	-6.510	2.535	0.001
43	-6.467	2.537	0.001
44	-6.467	2.537	0.001
65	-6.467	2.537	1.393
85	-6.467	2.537	1.393
105	-6.467	2.537	10.359
121	-6.467	2.537	1.399
123	-6.467	2.537	1.503
125	-6.467	2.537	1.503
133	-6.467	2.537	1.504
159	-6.467	2.537	1.401
163	-6.467	2.537	1.504
188	-6.467	2.537	1.499
191	-6.467	2.537	4.473
207	-6.467	2.537	4.473
208	-6.467	2.537	4.473
209	-6.467	2.537	4.474
234	-6.467	2.537	4.474
238	-6.467	2.537	4.399
264	-6.467	2.537	12.958
270	-6.467	2.537	0.000
276	-6.467	2.537	5.002
285	-6.467	2.537	5.007
295	-6.467	2.537	5.017
306	-6.467	2.537	9.569
910	-6.467	2.537	17.559
958	-6.467	2.537	3.620
257	-6.466	2.537	3.621
312	-6.466	2.537	3.620
341	-6.466	2.537	3.620
357	-6.466	2.537	3.620
369	-6.466	2.537	3.620
392	-6.466	2.537	3.615
399	-6.466	2.537	3.623
449	-6.466	2.537	3.624
466	-6.466	2.537	3.624
531	-6.466	2.537	3.624
535	-6.466	2.537	10.133
623	-6.466	2.537	5.310
629	-6.466	2.537	5.310
634	-6.466	2.537	5.308
638	-6.466	2.537	5.308
707	-6.466	2.537	5.308
725	-6.466	2.537	5.308
727	-6.466	2.537	5.308
730	-6.466	2.537	0.000
845	-6.466	2.537	5.307
994	-6.466	2.537	5.306
1094	-6.464	2.537	5.305
1095	-6.464	2.537	5.306
1107	-6.463	2.537	5.308
1119	-6.463	2.537	5.308
1121	-6.463	2.537	5.308
1144	-6.463	2.537	5.308
1154	-6.463	2.537	5.308
1163	-6.463	2.537	5.308
1197	-6.463	2.537	5.308
1204	-6.463	2.537	5.308
1240	-6.463	2.537	5.308
1046	-6.463	2.537	5.292
1048	-6.463	2.537	4.874
1052	-6.463	2.537	9.207
1054	-6.463	2.537	5.236
1071	-6.463	2.537	5.237
436	-6.458	2.535	9.720
517	-6.458	2.535	9.722
582	-6.458	2.535	5.288
778	-6.458	2.535	9.591
779	-6.458	2.535	5.098
852	-6.458	2.535	0.000
1020	-6.458	2.534	5.579
1023	-6.458	2.534	5.121
1024	-6.458	2.534	5.579
1026	-6.458	2.534	4.052
1027	-6.458	2.534	4.053
1028	-6.458	2.534	4.054
1243	-6.458	2.535	9.026
1501	-6.458	2.534	9.026
1553	-6.458	2.534	9.026
1269	-6.456	2.534	9.026
1274	-6.456	2.534	9.028
1275	-6.456	2.534	9.029
1276	-6.456	2.534	9.029
1277	-6.456	2.534	5.581
1279	-6.456	2.534	4.084
1286	-6.456	2.534	4.086
1289	-6.456	2.534	4.639
1294	-6.456	2.534	4.299
1295	-6.456	2.534	8.628
1300	-6.456	2.534	5.615
1326	-6.456	2.534	5.615
1329	-6.456	2.534	8.560
1333	-6.456	2.534	5.089
1334	-6.456	2.534	0.000
1345	-6.456	2.534	4.814
1349	-6.456	2.534	17.352
1354	-6.456	2.534	5.971
1358	-6.456	2.534	7.608
1365	-6.456	2.534	9.210
1366	-6.456	2.534	10.775
1367	-6.456	2.534	10.775
1369	-6.456	2.534	10.873
1372	-6.456	2.534	10.874
1373	-6.456	2.534	10.873
1375	-6.456	2.534	10.872
1377	-6.456	2.534	10.895
1385	-6.456	2.534	11.758
1386	-6.456	2.534	10.921
1392	-6.456	2.534	11.541
1393	-6.456	2.534	11.179
1395	-6.456	2.534	11.176
1398	-6.456	2.534	4.955
1400	-6.456	2.534	4.956
1402	-6.456	2.534	4.956
1403	-6.456	2.534	4.956
1405	-6.456	2.534	4.956
1406	-6.456	2.534	4.956
1407	-6.456	2.534	4.956
1408	-6.456	2.534	0.000
1412	-6.456	2.534	4.956
1413	-6.456	2.534	4.956
1416	-6.456	2.534	4.956
1417	-6.456	2.534	4.956
1419	-6.456	2.534	4.956
1421	-6.456	2.534	4.956
1422	-6.456	2.534	11.179
1428	-6.456	2.534	4.956
1429	-6.456	2.534	4.956
1431	-6.456	2.534	4.956
1435	-6.456	2.534	4.956
1437	-6.456	2.534	11.518
1438	-6.456	2.534	11.515
1442	-6.456	2.534	2.544
1444	-6.456	2.534	2.545
1445	-6.456	2.534	2.547
1451	-6.456	2.534	2.544
1455	-6.456	2.534	2.544
1456	-6.456	2.534	2.544
1459	-6.456	2.534	4.963
1463	-6.456	2.534	3.500
1471	-6.456	2.534	2.882
1472	-6.456	2.534	2.888
1605	-6.456	2.535	0.000
1610	-6.456	2.535	10.644
1096	-6.455	2.535	2.691
1097	-6.455	2.535	2.705
1104	-6.455	2.535	2.705
1108	-6.455	2.535	2.705
1112	-6.455	2.535	2.706
1116	-6.455	2.535	2.706
1117	-6.455	2.535	2.706
1127	-6.455	2.535	2.706
1133	-6.455	2.535	10.670
1134	-6.455	2.535	0.008
1137	-6.455	2.535	0.008
1138	-6.455	2.535	0.008
1143	-6.455	2.535	0.008
1145	-6.455	2.535	0.008
1148	-6.455	2.535	0.007
1157	-6.455	2.535	0.008
1166	-6.455	2.535	0.008
1170	-6.455	2.535	0.000
1174	-6.455	2.535	0.001
1175	-6.455	2.535	0.001
1176	-6.455	2.535	0.000
1177	-6.455	2.535	0.000
1192	-6.455	2.535	0.000
1196	-6.455	2.535	0.001
1199	-6.455	2.535	0.001
1209	-6.455	2.535	0.001
1212	-6.455	2.535	0.001
1213	-6.455	2.535	1.393
1215	-6.455	2.535	1.400
1219	-6.455	2.535	10.359
1221	-6.455	2.535	1.399
1232	-6.455	2.535	1.503
1233	-6.455	2.535	1.503
1234	-6.455	2.535	1.504
1239	-6.455	2.535	1.401
1264	-6.455	2.535	1.504
1032	-6.455	2.535	1.499
1033	-6.455	2.535	4.473
1035	-6.455	2.535	4.473
1038	-6.455	2.535	4.473
1042	-6.455	2.535	4.474
1043	-6.455	2.535	4.474
1051	-6.455	2.535	4.399
1060	-6.455	2.535	12.958
1061	-6.455	2.535	5.003
1064	-6.455	2.535	5.002
1067	-6.455	2.535	5.006
1068	-6.455	2.535	0.000
1070	-6.455	2.535	9.569
1079	-6.455	2.535	17.559
1080	-6.455	2.535	3.620
1081	-6.455	2.535	3.621
1150	-6.365	2.794	4.956
1194	-6.365	2.794	4.956
1195	-6.365	2.794	4.956
1029	-6.364	2.794	4.956
1037	-6.364	2.794	4.956
1072	-6.364	2.794	4.956
1075	-6.364	2.794	4.956
624	-6.296	2.804	5.310
635	-6.296	2.804	5.308
669	-6.296	2.804	5.308
688	-6.296	2.804	5.308
802	-6.296	2.804	5.308
878	-6.296	2.804	5.308
909	-6.296	2.804	5.306
353	-6.296	2.804	5.307
122	-6.295	2.804	5.305
187	-6.295	2.804	5.305
379	-6.295	2.804	5.305
380	-6.295	2.804	5.308
452	-6.295	2.804	5.308
458	-6.295	2.804	5.308
459	-6.295	2.804	5.308
499	-6.295	2.804	5.308
1062	-6.293	2.805	5.308
1066	-6.293	2.804	5.308
1090	-6.293	2.804	5.308
1091	-6.293	2.804	5.307
1101	-6.293	2.804	13.027
1120	-6.293	2.804	4.874
1122	-6.293	2.804	9.208
1124	-6.293	2.804	5.236
1129	-6.293	2.804	5.237
1130	-6.293	2.804	9.720
1131	-6.293	2.804	10.088
1159	-6.293	2.804	12.152
1161	-6.293	2.804	5.098
1172	-6.293	2.804	5.097
1206	-6.293	2.804	9.028
1260	-6.293	2.804	5.121
1030	-6.292	2.804	5.121
1031	-6.292	2.804	5.581
1036	-6.292	2.805	4.052
1045	-6.292	2.804	5.579
1049	-6.292	2.804	4.054
1053	-6.292	2.804	9.026
1055	-6.292	2.804	9.026
1056	-6.292	2.804	9.026
1057	-6.292	2.804	9.026
1074	-6.292	2.804	9.028
1085	-6.292	2.804	9.029
1087	-6.292	2.805	9.029
927	-6.291	2.802	4.084
1021	-6.289	2.802	4.086
1022	-6.289	2.802	9.594
1025	-6.289	2.802	5.417
1278	-6.287	2.802	8.628
1324	-6.287	2.802	5.615
1332	-6.287	2.802	5.615
1337	-6.287	2.802	8.560
1342	-6.287	2.802	5.088
1034	-6.287	2.802	17.545
1040	-6.287	2.802	17.562
1044	-6.287	2.802	17.352
1047	-6.287	2.802	9.245
1063	-6.287	2.802	7.613
1093	-6.287	2.802	10.778
1098	-6.287	2.802	10.775
1115	-6.287	2.802	10.775
1125	-6.287	2.802	10.873
1135	-6.287	2.802	10.874
1173	-6.287	2.802	10.873
1178	-6.287	2.802	10.895
1181	-6.287	2.802	10.896
1188	-6.287	2.802	11.758
1190	-6.287	2.802	10.921
1191	-6.287	2.802	11.541
1201	-6.287	2.802	11.178
1226	-6.287	2.802	11.181
1236	-6.287	2.802	4.954
1272	-6.287	2.802	4.956
1297	-6.287	2.802	4.956
1394	-6.287	2.802	4.956
1396	-6.287	2.802	4.956
1423	-6.287	2.802	4.956
1086	-6.287	2.802	4.956
169	-6.258	3.764	4.383
293	-6.258	3.764	1.399
488	-6.258	3.768	1.503
166	-6.256	3.597	4.473
170	-6.256	3.596	4.473
289	-6.256	3.597	4.474
321	-6.256	3.598	4.474
333	-6.256	3.599	3.817
446	-6.256	3.598	12.958
1306	-6.254	3.763	5.003
1142	-6.252	3.596	5.002
1158	-6.252	3.597	5.006
1222	-6.252	3.596	5.015
1281	-6.252	3.596	5.404
1567	-6.230	3.580	2.705
1132	-6.027	1.946	5.239
1139	-6.027	1.946	9.720
1076	-6.025	1.945	5.286
1082	-6.025	1.945	12.144
462	-5.919	2.768	10.896
1050	-5.916	2.769	11.757
1065	-5.916	2.769	10.921
1084	-5.916	2.769	11.178
277	-5.684	3.924	4.956
613	-5.683	3.924	4.956
705	-5.672	2.733	4.956
1498	-5.672	2.732	4.956
1500	-5.672	2.732	4.956
1505	-5.672	2.732	4.956
1506	-5.672	2.732	4.956
1507	-5.672	2.732	4.956
1509	-5.672	2.732	4.956
1513	-5.672	2.732	4.956
1515	-5.672	2.732	4.956
1516	-5.672	2.732	4.956
1522	-5.672	2.732	4.956
1525	-5.672	2.732	4.956
1529	-5.672	2.732	4.956
1535	-5.672	2.732	11.816
1540	-5.672	2.732	11.827
1541	-5.672	2.732	11.179
1551	-5.672	2.732	4.964
1554	-5.672	2.732	2.544
1561	-5.672	2.732	2.544
1562	-5.672	2.732	2.544
1566	-5.672	2.732	2.544
1570	-5.672	2.732	2.544
1574	-5.672	2.732	3.499
1575	-5.672	2.732	3.500
1576	-5.672	2.732	2.885
1591	-5.672	2.732	2.888
1593	-5.672	2.732	10.645
1594	-5.672	2.732	10.644
1595	-5.672	2.732	2.705
1598	-5.672	2.732	2.705
1599	-5.672	2.732	2.705
1600	-5.672	2.732	10.644
1604	-5.672	2.732	2.706
1608	-5.672	2.732	2.706
1609	-5.672	2.732	2.706
1491	-5.672	2.732	2.703
1492	-5.672	2.732	0.008
1218	-5.670	2.733	0.008
1268	-5.670	2.732	0.008
1430	-5.670	2.732	0.008
1476	-5.670	2.732	0.008
1527	-5.668	2.733	0.008
1532	-5.668	2.733	0.007
1211	-5.666	2.733	0.008
1228	-5.666	2.733	0.008
1229	-5.666	2.733	0.000
1231	-5.666	2.733	0.001
1271	-5.666	2.733	0.000
1290	-5.666	2.733	0.000
1292	-5.666	2.733	0.000
1309	-5.666	2.733	0.000
1323	-5.666	2.733	0.002
1325	-5.666	2.733	0.001
1327	-5.666	2.733	0.001
1353	-5.666	2.733	10.186
1361	-5.666	2.733	1.393
1363	-5.666	2.733	1.396
1376	-5.666	2.733	1.398
1378	-5.666	2.733	1.399
1387	-5.666	2.733	1.503
1391	-5.666	2.733	1.499
1410	-5.666	2.733	1.399
1414	-5.666	2.733	1.504
1415	-5.666	2.733	1.499
1452	-5.666	2.733	1.499
1480	-5.666	2.733	4.473
1485	-5.666	2.733	4.473
1223	-5.660	3.919	4.474
1383	-5.623	2.985	4.474
1530	-5.622	2.985	4.397
1536	-5.622	2.985	15.026
1549	-5.622	2.985	12.958
1550	-5.622	2.985	5.003
1552	-5.622	2.985	5.002
1584	-5.622	2.985	5.007
1587	-5.622	2.985	5.015
1589	-5.622	2.985	17.559
1590	-5.622	2.985	5.261
1432	-5.620	2.985	3.620
694	-5.620	2.984	3.620
539	-5.620	2.984	3.620
648	-5.620	2.984	3.620
684	-5.618	2.984	3.620
1242	-5.618	2.984	3.615
1193	-5.615	2.984	3.615
1210	-5.615	2.984	3.623
1251	-5.615	2.984	3.624
1253	-5.615	2.984	3.624
1258	-5.615	2.984	3.586
1262	-5.615	2.984	5.310
1266	-5.615	2.984	5.310
1267	-5.615	2.984	5.308
1280	-5.615	2.985	5.308
1282	-5.615	2.984	5.308
1305	-5.615	2.985	5.308
1310	-5.615	2.984	5.308
1319	-5.615	2.984	5.308
1320	-5.615	2.984	5.307
1328	-5.615	2.985	5.307
1339	-5.615	2.984	5.306
1343	-5.615	2.984	5.305
1347	-5.615	2.985	5.292
1348	-5.615	2.984	5.308
1352	-5.615	2.985	5.308
1420	-5.615	2.985	5.308
1424	-5.615	2.985	5.308
1427	-5.615	2.985	5.308
1434	-5.615	2.985	5.308
1256	-5.418	2.181	10.186
1409	-5.418	2.181	1.393
1577	-5.347	2.188	1.401
1503	-5.343	2.184	3.620
1520	-5.343	2.184	3.620
1344	-5.340	2.185	5.308
1346	-5.340	2.185	5.308
1487	-5.340	2.185	5.308
