1283	-10.754	0.000	4.926
106	-10.735	0.004	3.021
261	-10.735	0.004	3.021
1302	-10.526	3.199	3.025
438	-10.518	1.007	3.025
481	-10.518	1.007	3.025
336	-10.517	1.007	3.025
307	-10.517	1.007	2.220
361	-10.517	1.007	2.221
1267	-10.516	3.230	7.434
1218	-10.491	0.049	6.910
1219	-10.491	0.049	6.910
1265	-10.490	0.049	6.910
1286	-10.489	0.995	6.910
1307	-10.488	0.995	5.075
1309	-10.488	0.996	5.075
1246	-10.480	0.996	5.079
1247	-10.480	0.996	5.080
1205	-10.479	0.996	5.080
1180	-10.479	0.996	1.831
1198	-10.478	0.996	7.855
1229	-10.475	0.996	7.595
152	-10.473	0.995	7.275
170	-10.473	0.995	7.281
140	-10.472	0.996	7.860
272	-10.472	0.996	12.877
284	-10.472	0.996	12.875
519	-10.472	0.996	13.239
547	-10.472	0.996	13.157
128	-10.472	0.995	2.500
356	-10.472	0.996	3.849
389	-10.472	0.995	3.842
390	-10.472	0.996	9.260
451	-10.472	0.996	9.251
452	-10.472	0.995	9.252
463	-10.472	0.995	9.367
544	-10.472	0.996	9.368
556	-10.472	0.995	9.367
562	-10.472	0.995	9.414
337	-10.472	0.995	9.415
401	-10.472	0.996	9.642
235	-10.472	0.995	10.012
534	-10.470	0.992	10.124
515	-10.468	0.997	10.127
1210	-10.440	1.006	2.984
1204	-10.438	1.006	2.984
243	-10.438	0.989	2.984
190	-10.423	1.006	2.984
1285	-10.419	0.996	2.984
1303	-10.419	0.996	2.984
1244	-10.412	0.997	4.609
216	-10.395	0.997	4.604
271	-10.393	0.996	3.800
111	-10.392	0.995	9.727
427	-10.203	0.192	4.544
1165	-10.108	3.687	1.156
1173	-10.108	3.688	1.156
1327	-10.042	3.699	4.979
1333	-10.039	3.693	4.978
1216	-10.032	3.700	4.986
1257	-10.030	3.704	4.982
1183	-10.029	3.695	4.982
1188	-10.029	3.694	4.926
1191	-10.029	3.696	3.021
1193	-10.029	3.694	3.022
1230	-10.029	3.678	3.021
1182	-10.029	3.699	3.021
1189	-10.029	3.702	3.021
1175	-10.028	3.703	3.021
1186	-10.028	3.706	3.021
1171	-10.027	3.710	3.021
1176	-10.027	3.729	3.021
1185	-10.025	3.698	3.021
1234	-10.025	3.692	3.020
1248	-10.025	3.721	3.021
1260	-10.024	3.682	8.241
164	-10.023	3.697	3.025
419	-10.002	1.451	3.025
1314	-9.901	3.689	13.239
1266	-9.899	3.717	13.157
1268	-9.894	2.009	2.504
1178	-9.892	2.008	3.848
103	-9.882	0.193	9.252
1297	-9.882	2.009	9.252
1299	-9.880	2.011	9.368
1224	-9.869	2.009	2.984
1225	-9.869	2.009	2.984
1174	-9.867	2.009	2.984
1271	-9.867	2.009	2.984
1272	-9.867	2.009	2.984
1275	-9.867	2.009	2.984
1277	-9.867	2.009	2.984
1197	-9.867	2.009	2.984
1170	-9.867	2.009	2.984
1184	-9.867	2.009	2.984
1187	-9.867	2.009	2.984
1192	-9.867	2.009	2.984
1195	-9.867	2.009	2.984
1226	-9.867	2.001	2.984
1242	-9.866	3.236	2.984
176	-9.865	2.008	9.843
80	-9.865	2.009	4.324
86	-9.865	2.009	4.324
115	-9.865	2.009	2.994
125	-9.865	2.009	4.325
179	-9.865	2.009	4.325
1235	-9.865	2.009	4.325
1236	-9.865	2.009	4.325
246	-9.864	2.009	4.003
332	-9.864	2.009	4.609
340	-9.864	2.009	4.607
374	-9.864	2.009	3.799
475	-9.864	2.009	9.727
469	-9.864	2.010	9.727
1241	-9.863	2.009	3.789
1240	-9.863	2.009	3.789
460	-9.862	2.007	3.789
217	-9.861	1.995	9.743
238	-9.859	2.019	5.263
64	-9.855	2.016	5.264
94	-9.853	2.024	5.264
381	-9.850	2.027	5.263
417	-9.843	2.009	5.264
424	-9.843	2.009	5.261
222	-9.843	2.037	5.261
448	-9.841	2.032	5.261
1311	-9.840	2.033	5.261
198	-9.840	2.051	5.261
394	-9.831	2.036	5.261
321	-9.831	2.039	4.437
219	-9.818	2.075	4.437
182	-9.761	2.008	3.025
1243	-9.760	2.010	3.025
4	-9.754	2.010	7.467
10	-9.754	2.010	6.715
323	-9.719	2.135	5.075
296	-9.687	2.057	1.831
262	-9.681	0.954	7.855
1316	-9.658	0.981	3.100
1282	-9.656	3.371	7.275
1209	-9.607	3.602	10.013
1166	-9.606	3.601	10.124
1322	-9.604	3.602	10.125
1249	-9.602	3.603	10.128
177	-9.602	3.602	2.984
1306	-9.602	3.588	2.984
339	-9.601	3.602	2.984
283	-9.601	3.600	2.984
173	-9.601	3.598	2.984
1181	-9.601	3.579	2.984
322	-9.600	3.600	2.984
531	-9.600	3.602	2.984
533	-9.600	3.602	2.984
43	-9.599	3.602	2.984
100	-9.598	3.607	2.984
72	-9.598	3.599	2.984
58	-9.598	3.594	2.984
437	-9.597	3.602	2.984
154	-9.552	3.620	2.984
159	-9.535	3.610	4.323
1220	-9.530	3.621	2.996
1163	-9.523	3.588	4.607
1221	-9.517	3.642	9.728
119	-9.513	3.583	9.727
161	-9.506	1.907	3.789
144	-9.504	3.664	3.789
1259	-9.503	3.616	3.788
545	-9.492	3.650	3.789
396	-9.491	3.573	3.789
1238	-9.490	3.616	5.263
1296	-9.406	3.584	5.261
1258	-9.400	3.583	4.544
1252	-9.398	3.583	4.435
338	-9.397	1.890	4.544
285	-9.395	3.584	4.544
1318	-9.367	3.715	1.154
352	-9.349	2.114	4.984
480	-9.348	2.217	4.979
1201	-9.299	1.058	3.022
458	-9.288	2.010	3.021
55	-9.280	2.133	3.021
1310	-9.272	3.956	3.021
1208	-9.256	3.958	7.434
1179	-9.247	3.365	5.849
1329	-9.236	3.847	6.894
462	-9.233	3.367	5.081
553	-9.233	3.367	1.824
248	-9.233	3.366	6.910
482	-9.233	3.361	1.824
137	-9.232	3.368	7.822
298	-9.232	3.366	7.822
341	-9.232	3.366	7.823
436	-9.230	3.367	5.075
201	-9.193	2.310	13.157
373	-9.133	2.022	15.325
1278	-9.043	3.232	16.527
1273	-8.957	3.146	11.803
305	-8.882	3.406	11.803
443	-8.799	2.676	13.156
453	-8.732	3.251	13.421
347	-8.695	2.901	15.853
191	-8.679	3.236	12.795
123	-8.679	3.233	12.795
329	-8.677	3.262	15.147
518	-8.677	3.244	13.114
404	-8.677	3.225	13.114
468	-8.677	3.238	13.114
504	-8.677	3.233	13.115
455	-8.677	3.226	13.115
456	-8.677	3.219	13.114
449	-8.677	3.230	13.115
52	-8.676	3.224	13.114
295	-8.676	3.217	13.114
550	-8.676	3.211	13.114
548	-8.676	3.224	13.114
432	-8.673	3.227	13.114
249	-8.671	3.536	13.114
549	-8.661	3.096	13.115
157	-8.636	3.217	12.705
105	-8.627	3.814	16.880
368	-8.609	3.885	12.706
143	-8.592	3.035	12.631
399	-8.589	3.989	12.631
275	-8.586	3.841	12.631
1262	-8.579	2.552	12.630
1270	-8.576	2.538	12.633
502	-8.563	2.920	11.005
498	-8.563	2.936	11.005
363	-8.563	2.920	11.005
36	-8.562	2.940	11.005
66	-8.560	2.913	11.005
441	-8.546	3.110	9.728
250	-8.543	3.118	9.731
386	-8.533	3.109	9.693
530	-8.481	2.203	11.670
16	-8.429	3.521	8.115
124	-8.302	2.975	4.705
175	-8.302	2.974	13.613
281	-8.300	2.973	13.613
555	-8.278	3.047	10.013
158	-8.126	3.143	4.324
233	-8.126	3.140	4.326
148	-8.126	3.142	4.326
1323	-8.126	2.795	4.326
410	-8.125	3.146	2.996
378	-8.125	3.141	3.999
325	-7.479	3.941	3.026
563	-7.479	3.941	3.026
546	-7.477	3.946	8.931
53	-7.475	3.934	2.221
304	-7.474	3.913	5.559
1304	-7.331	3.912	6.263
478	-6.940	2.571	5.074
