998	-9.633	0.000	7.282
1016	-9.632	0.013	6.693
1125	-9.630	0.016	8.899
938	-9.551	0.028	2.984
946	-9.550	0.039	9.844
1075	-9.548	0.023	9.843
1096	-9.531	0.037	4.325
1009	-9.470	1.306	5.263
1034	-9.468	1.291	5.263
1062	-9.467	1.291	5.264
1105	-9.467	1.310	5.261
1156	-9.451	1.288	5.261
999	-9.263	0.990	3.020
972	-9.263	0.992	3.021
966	-9.263	0.992	3.025
993	-9.262	0.988	3.025
961	-9.261	0.984	3.025
1107	-9.261	0.990	3.025
1087	-9.261	0.991	3.025
1141	-9.261	0.991	3.025
1140	-9.261	0.990	3.025
1148	-9.261	0.992	3.025
1054	-9.259	0.997	3.025
986	-9.259	0.990	3.031
1095	-9.259	0.994	2.220
1094	-9.257	0.987	5.559
1132	-9.255	0.989	5.844
923	-9.202	0.994	5.080
924	-9.202	0.993	5.080
1025	-9.202	0.995	1.831
975	-9.202	0.995	7.855
971	-9.202	0.995	7.857
967	-9.201	0.993	8.461
1072	-9.200	0.993	7.595
1139	-9.200	0.994	5.786
1131	-9.200	0.995	7.275
1055	-9.200	0.995	7.282
1149	-9.199	0.997	5.714
1035	-9.194	0.991	8.759
1157	-9.183	0.997	2.504
995	-8.965	3.749	16.125
1101	-8.960	3.638	11.802
965	-8.959	3.789	11.803
1146	-8.958	3.700	11.803
1074	-8.956	3.718	11.803
1028	-8.193	3.850	2.983
1158	-8.193	3.849	2.983
1153	-8.193	3.848	2.983
1142	-8.192	3.848	2.983
1112	-8.192	3.849	2.983
1135	-8.192	3.849	2.983
1160	-8.190	3.849	2.983
1047	-8.123	3.794	4.607
1082	-8.123	3.794	9.728
1159	-7.449	3.792	7.435
1118	-7.113	3.458	7.823
1057	-7.110	3.458	1.823
1046	-6.970	3.016	7.824
1042	-6.775	3.214	7.282
1088	-6.730	2.938	9.379
