1389	-14.732	0.000	13.282
1399	-14.732	0.000	13.281
1349	-14.732	0.001	13.834
1353	-14.732	0.000	13.834
1355	-14.732	0.001	13.834
1365	-14.732	0.001	19.866
1367	-14.732	0.001	13.838
1373	-14.732	0.001	13.838
1374	-14.731	0.010	13.838
1468	-14.731	0.011	20.818
1429	-14.727	0.032	20.819
1435	-14.698	0.009	13.798
1368	-14.697	0.006	13.798
1433	-14.682	0.008	13.798
1466	-14.667	0.041	13.797
1395	-14.625	0.144	17.562
1465	-14.605	0.169	16.939
1413	-14.582	0.210	16.729
1404	-14.466	0.264	11.131
1388	-14.460	0.280	13.381
1376	-14.392	0.382	13.377
1487	-14.372	3.500	13.365
1490	-14.372	3.486	0.000
1476	-14.368	3.511	13.299
1383	-14.363	3.489	17.879
1340	-14.361	3.489	17.874
1343	-14.361	3.489	17.874
1356	-14.361	3.489	17.874
1361	-14.361	3.489	17.875
1381	-14.361	3.489	17.875
1379	-14.360	3.481	17.882
1440	-14.357	0.973	17.880
1448	-14.357	0.973	17.875
1405	-14.354	0.973	17.836
1351	-14.353	0.973	13.703
1480	-14.334	0.225	13.703
1408	-14.331	3.974	13.704
1352	-14.331	3.974	13.704
1397	-14.331	3.974	13.704
1339	-14.331	3.974	13.704
1358	-14.331	3.972	13.704
1362	-14.331	3.973	13.704
1396	-14.331	3.972	13.704
1354	-14.331	3.972	13.704
1371	-14.331	3.972	13.704
1377	-14.331	3.972	13.705
1369	-14.331	3.972	13.714
1364	-14.331	3.970	13.707
921	-14.329	0.977	13.707
1384	-14.328	3.994	13.707
1410	-14.323	0.971	13.707
1484	-14.321	0.971	13.707
1453	-14.321	0.972	13.707
1456	-14.320	3.971	13.707
977	-14.318	0.356	13.707
1416	-14.318	0.972	13.708
1409	-14.318	0.971	13.463
1117	-14.261	0.950	13.463
1065	-14.252	0.982	20.357
1424	-14.243	3.471	13.725
1414	-14.243	3.471	20.384
956	-14.237	1.031	10.016
1461	-14.231	3.476	19.849
1432	-14.223	3.474	19.849
904	-14.215	3.474	13.311
906	-14.215	3.473	19.864
1154	-14.204	0.973	19.864
127	-14.173	3.428	19.864
130	-14.166	3.387	20.782
187	-14.130	3.964	13.282
1485	-14.114	3.963	13.281
1363	-14.107	0.479	13.834
1380	-14.032	0.639	1.954
1391	-13.965	0.676	13.864
1467	-13.939	2.135	12.841
1494	-13.935	2.169	12.646
1341	-13.934	2.135	19.437
1345	-13.934	2.134	19.423
1346	-13.934	2.127	19.422
1372	-13.934	2.132	19.577
1342	-13.933	2.153	19.577
1387	-13.929	2.209	19.578
1360	-13.925	2.008	19.638
1472	-13.916	2.210	19.642
1462	-13.906	2.131	20.839
186	-13.905	2.071	20.521
1113	-13.905	1.070	20.508
1457	-13.902	1.826	20.509
987	-13.861	1.100	13.798
958	-13.859	1.078	13.798
913	-13.818	1.164	13.798
1418	-13.802	3.525	13.797
984	-13.795	0.976	13.797
922	-13.733	1.266	13.797
1086	-13.722	3.664	20.201
1041	-13.708	3.659	20.516
1049	-13.691	3.658	20.552
968	-13.655	1.375	13.797
912	-13.648	1.366	16.351
915	-13.614	1.499	16.353
1051	-13.597	3.641	16.353
991	-13.597	1.237	16.353
1486	-13.364	2.008	17.563
1393	-13.364	2.008	17.563
1400	-13.364	2.008	17.563
1357	-13.363	2.008	17.562
1366	-13.363	2.008	17.563
1378	-13.363	2.008	17.559
932	-13.271	3.616	17.559
1412	-13.202	1.366	16.936
955	-13.192	1.124	13.742
1441	-13.169	1.303	13.810
1123	-13.151	1.573	21.739
1061	-13.141	1.511	13.381
1071	-13.091	3.183	13.704
945	-13.074	1.594	13.704
1386	-13.059	3.181	13.704
1392	-13.059	3.181	13.704
1402	-13.059	3.182	13.704
1350	-13.055	3.181	13.704
1010	-13.042	2.416	13.704
1454	-13.041	3.182	13.704
1423	-13.034	3.196	13.705
1436	-13.030	2.414	13.714
1438	-13.027	2.416	13.707
1070	-13.002	1.722	13.311
1098	-13.001	1.884	19.864
898	-12.873	3.357	20.838
949	-12.873	3.351	13.181
892	-12.872	3.353	20.252
926	-12.869	3.371	20.600
1052	-12.869	3.368	13.183
919	-12.869	3.352	2.065
1048	-12.867	3.348	1.954
1027	-12.864	3.337	1.777
1056	-12.858	2.136	13.403
1450	-12.850	3.168	19.641
950	-12.848	3.291	20.845
1422	-12.837	3.166	13.798
1370	-12.836	3.167	13.798
1375	-12.835	3.174	13.798
1085	-12.834	3.290	13.798
1475	-12.833	3.374	13.798
1059	-12.832	3.305	13.798
1045	-12.830	3.329	13.798
23	-12.820	3.141	13.798
910	-12.818	3.297	13.798
905	-12.813	3.285	13.798
1038	-12.810	3.293	13.798
1006	-12.807	3.728	13.798
1092	-12.786	3.257	13.798
1066	-12.780	3.240	13.797
1491	-12.767	3.254	20.517
933	-12.766	1.646	20.552
1102	-12.706	3.319	17.559
1161	-12.677	3.690	17.559
1398	-12.598	2.823	16.729
1155	-12.564	3.702	13.741
211	-12.551	3.505	11.131
1079	-12.518	2.639	13.382
1001	-12.466	2.694	0.000
1007	-12.462	2.717	13.299
1452	-12.454	2.705	17.880
982	-12.453	2.750	17.879
896	-12.441	2.725	17.875
899	-12.436	2.776	13.703
927	-12.336	2.030	13.704
1017	-12.253	3.804	13.707
952	-12.234	3.756	13.707
1126	-12.191	3.746	13.707
459	-12.109	3.454	20.357
1077	-12.074	2.582	20.359
978	-11.959	3.732	19.849
1023	-11.876	3.851	13.311
954	-11.659	3.787	10.167
1394	-11.575	3.818	20.567
1084	-11.486	2.128	11.958
1382	-11.419	3.830	13.183
1111	-11.412	2.228	2.065
1032	-11.411	3.877	1.954
1458	-11.315	3.486	1.777
909	-11.303	3.973	13.403
121	-11.286	3.485	11.994
976	-11.242	3.798	3.789
948	-11.235	3.777	5.263
1417	-11.234	3.483	5.263
1489	-11.228	3.484	5.263
1018	-11.103	3.890	5.261
1127	-10.982	3.976	5.261
1419	-10.961	3.698	5.261
1470	-10.958	3.698	5.261
1420	-10.939	3.702	4.544
1444	-10.937	3.701	4.544
1493	-10.937	3.702	4.435
32	-10.923	3.700	4.544
1481	-10.848	3.688	2.091
1482	-10.848	3.688	2.091
1483	-10.848	3.688	2.129
1478	-10.848	3.688	10.330
1464	-10.848	3.688	9.349
980	-10.846	3.688	1.158
1005	-10.837	3.668	6.655
928	-10.837	3.919	13.299
1003	-10.825	2.527	9.502
260	-10.817	3.653	4.984
34	-10.811	3.705	4.979
1011	-10.782	3.778	4.978
1134	-10.782	3.746	4.982
357	-10.731	3.551	3.021
301	-10.602	3.574	3.021
1428	-10.574	3.095	3.025
937	-10.267	3.907	5.261
