1562	-8.668	0.000	13.114
1576	-8.668	0.001	13.115
1534	-8.549	3.761	11.037
1519	-8.549	3.756	0.164
1504	-8.530	3.753	4.049
1506	-8.529	3.764	11.125
1502	-8.529	3.762	11.677
1599	-8.460	3.763	11.677
1549	-8.460	3.757	11.676
1546	-8.459	3.761	11.675
1510	-8.459	3.752	11.669
1634	-8.458	3.755	11.128
1553	-8.458	3.758	2.047
1526	-8.458	3.759	8.113
1563	-8.458	3.756	8.113
1636	-8.458	3.755	8.115
1565	-8.458	3.753	8.115
1624	-8.458	3.755	8.115
1518	-8.458	3.746	8.115
1558	-8.458	3.751	8.115
1590	-8.458	3.747	8.117
1607	-8.458	3.744	8.116
1638	-8.457	3.745	8.118
1591	-8.457	3.764	8.118
1515	-8.456	3.245	8.116
1551	-8.456	3.245	8.115
1538	-8.454	3.246	8.115
1596	-8.451	3.710	8.115
1567	-8.443	3.759	8.115
1513	-8.376	0.143	8.108
1585	-8.376	0.177	8.127
1545	-8.371	0.254	8.971
1542	-8.366	3.241	8.571
1573	-8.366	3.241	13.752
1605	-8.366	3.241	13.752
1543	-8.366	3.241	7.972
1593	-8.365	3.241	2.933
1622	-8.365	3.241	13.770
1578	-8.365	3.241	13.328
1511	-8.365	3.241	13.328
1527	-8.365	3.241	7.811
1547	-8.365	3.241	9.405
1597	-8.365	3.241	13.340
1557	-8.364	3.241	9.405
1584	-8.364	3.241	14.860
1611	-8.364	3.241	9.402
1625	-8.364	3.241	14.861
1554	-8.364	3.236	7.804
1497	-8.357	0.138	7.804
1507	-8.357	0.148	7.804
1495	-8.357	0.147	7.804
1496	-8.357	0.149	7.807
1595	-8.353	0.351	7.807
1514	-8.352	0.330	7.807
1571	-8.346	0.384	3.361
1544	-8.291	0.112	4.765
1569	-8.291	0.113	15.621
1627	-8.291	0.118	11.527
1570	-8.291	0.136	11.526
1517	-8.290	0.115	11.429
1535	-8.289	0.113	8.411
1630	-8.289	0.113	6.239
1522	-8.289	0.105	9.258
1609	-8.288	0.155	9.251
1568	-8.281	3.252	9.251
1531	-8.280	3.252	9.367
1540	-8.280	3.252	9.368
1580	-8.280	3.252	9.368
1629	-8.280	3.252	9.414
1637	-8.280	3.252	9.414
1639	-8.264	0.220	10.125
1633	-8.211	0.792	10.153
1524	-8.205	3.271	2.982
1598	-8.198	0.162	2.983
1594	-8.198	0.170	2.983
1572	-8.196	0.220	2.983
1516	-8.167	0.887	10.339
1541	-8.165	0.565	9.843
1509	-8.095	3.827	9.728
1523	-8.094	3.831	3.802
1525	-8.093	3.816	3.790
1501	-8.078	3.645	3.790
1500	-8.077	3.641	3.790
1601	-8.019	3.641	5.262
1592	-7.982	3.830	5.262
1602	-7.981	3.812	5.262
1561	-7.981	3.807	4.438
1548	-7.977	3.009	4.545
1539	-7.975	3.011	2.091
1574	-7.974	1.556	2.620
1508	-7.974	1.543	9.348
1587	-7.973	1.607	1.159
1528	-7.972	1.625	1.156
1619	-7.970	1.430	1.151
1626	-7.884	3.727	4.980
1530	-7.760	1.871	3.022
1586	-7.732	1.849	3.022
1520	-7.691	1.905	3.021
1512	-7.641	1.123	3.021
1503	-7.614	1.128	3.021
1498	-7.614	1.130	3.021
1499	-7.614	1.132	3.018
1550	-7.554	1.103	3.022
1575	-7.553	1.107	3.020
1521	-7.552	1.103	3.020
1532	-7.552	1.104	3.021
1560	-7.551	1.100	3.026
1566	-7.551	1.103	3.026
1613	-7.551	1.103	3.026
1623	-7.551	1.103	3.026
1621	-7.551	1.104	3.026
1606	-7.527	3.105	3.026
1505	-7.525	1.106	3.026
1620	-7.171	2.584	6.911
1577	-6.549	2.741	9.325
1588	-6.533	2.780	9.325
1631	-6.391	2.696	9.076
1604	-6.362	2.949	9.754
1582	-6.169	3.959	9.708
