1853	-6.833	0.000	8.034
1854	-6.833	0.000	8.034
1855	-6.833	0.000	8.035
1856	-6.833	0.000	8.035
1857	-6.833	0.000	7.430
1858	-6.833	0.000	3.511
1859	-6.833	0.000	3.511
1860	-6.833	0.000	12.489
1861	-6.833	0.000	2.509
1862	-6.833	0.000	2.490
1863	-6.833	0.000	11.344
1864	-6.833	0.000	0.002
1865	-6.833	0.000	2.507
1866	-6.833	0.000	9.079
1867	-6.833	0.000	19.944
1868	-6.833	0.000	20.192
1869	-6.833	0.000	20.110
1870	-6.833	0.000	7.104
1871	-6.833	0.000	10.948
1872	-6.833	0.000	8.240
1873	-6.833	0.000	8.235
1874	-6.833	0.000	8.232
1875	-6.833	0.000	8.232
1876	-6.833	0.000	8.126
1877	-6.833	0.000	8.126
1878	-6.833	0.000	8.126
1879	-6.833	0.000	8.126
1880	-6.833	0.000	9.169
1881	-6.833	0.000	7.855
1882	-6.833	0.000	8.550
1883	-6.833	0.000	8.383
1884	-6.833	0.000	8.383
1885	-6.833	0.000	8.373
1886	-6.833	0.000	8.134
1887	-6.833	0.000	8.134
1888	-6.833	0.000	8.134
1889	-6.833	0.000	8.134
1890	-6.833	0.000	8.134
1891	-6.833	0.000	8.134
1895	-6.833	0.000	8.134
1896	-6.833	0.000	8.134
1898	-6.833	0.000	8.134
1899	-6.833	0.000	8.134
1900	-6.833	0.000	8.134
1902	-6.833	0.000	8.134
1903	-6.833	0.000	8.134
1892	-6.739	0.026	6.480
1893	-6.739	0.026	6.480
1894	-6.739	0.026	6.480
1897	-6.739	0.026	6.480
1901	-6.739	0.026	6.465
1904	-6.739	0.026	5.612
