1044	-17.033	0.000	0.000
1104	-16.925	0.009	0.007
1298	-16.848	0.007	0.007
1303	-16.847	0.007	0.007
1213	-16.839	0.007	0.007
1220	-16.839	0.007	0.007
1076	-16.834	0.007	0.007
1112	-16.834	0.007	0.007
1113	-16.834	0.007	0.007
1081	-16.833	0.007	0.007
1094	-16.833	0.007	0.007
1051	-16.767	2.159	0.038
1178	-16.764	2.163	0.036
1292	-16.446	1.626	0.013
1304	-16.445	1.626	0.020
1305	-16.445	1.626	0.019
1316	-16.445	1.626	0.034
1331	-16.445	1.626	0.013
1278	-16.445	1.626	0.015
1212	-16.443	1.626	0.021
1247	-16.443	1.626	0.021
1040	-16.438	1.625	0.021
1049	-16.438	1.625	0.020
1092	-16.438	1.625	0.025
1102	-16.438	1.625	0.025
1121	-16.438	1.625	0.052
1111	-16.438	1.625	0.009
1114	-16.438	1.625	0.018
1289	-16.438	0.051	0.020
1324	-16.437	0.051	0.021
1343	-16.436	0.051	0.022
1345	-16.436	0.051	0.032
1272	-16.436	0.052	0.039
1241	-16.431	0.051	0.014
1383	-16.420	0.064	0.033
1306	-16.389	0.051	0.035
1299	-16.389	0.050	0.035
1254	-16.387	0.051	0.034
1226	-16.382	0.050	0.034
1221	-16.380	0.050	0.034
1217	-16.377	0.051	0.034
1188	-16.368	0.065	0.034
1191	-16.367	0.065	0.035
1172	-16.326	0.063	0.020
1189	-16.326	0.063	0.025
1192	-16.326	0.063	0.051
1204	-16.326	0.063	0.023
1077	-16.268	0.041	0.059
1082	-16.268	0.041	0.091
1238	-16.261	0.045	0.102
1050	-16.255	0.045	0.116
1079	-16.253	0.045	0.035
1043	-16.249	0.046	0.033
1185	-16.242	0.059	0.034
1125	-16.241	0.059	0.126
1073	-16.238	0.048	0.181
1231	-16.190	1.625	0.251
1300	-16.190	1.625	0.325
1320	-16.189	1.625	0.363
1246	-16.187	1.625	0.425
1219	-16.185	1.625	0.390
1139	-16.185	1.624	0.951
1353	-16.185	1.624	0.571
1388	-16.185	1.624	1.190
1195	-16.184	1.623	1.356
1197	-16.181	1.623	1.818
1155	-16.180	1.623	3.263
1157	-16.180	1.623	3.257
1160	-16.180	1.623	3.258
1163	-16.180	1.623	3.259
1167	-16.176	1.623	3.236
1179	-16.175	1.622	6.170
1380	-16.141	0.066	3.901
1101	-16.140	0.054	3.901
1136	-16.136	0.066	3.901
1332	-16.110	0.052	3.901
1210	-16.077	0.068	10.200
1302	-16.071	1.622	10.200
1237	-16.070	1.622	10.200
1127	-16.064	1.620	3.901
1137	-16.064	1.620	6.179
1176	-16.064	1.620	6.179
1351	-16.064	1.620	6.179
1352	-16.064	1.620	6.179
1386	-16.064	1.620	3.899
1387	-16.064	1.620	6.180
1395	-16.064	1.620	6.180
1296	-16.035	1.622	3.899
1232	-16.034	1.621	3.899
1223	-16.033	1.621	3.899
1377	-16.028	1.620	3.899
1187	-16.027	1.620	3.899
1161	-16.027	1.620	3.899
1385	-16.027	1.620	6.181
1171	-15.083	1.639	15.148
1372	-15.083	1.639	8.729
1201	-15.083	1.639	7.481
1068	-15.082	1.641	6.624
1120	-15.082	1.641	6.624
1361	-15.082	1.639	6.624
1126	-15.081	1.639	7.492
1182	-15.080	1.639	6.694
1152	-15.080	1.639	6.696
1153	-15.080	1.639	6.696
1374	-15.048	1.641	6.696
1323	-15.044	1.640	10.015
1342	-15.042	1.640	10.006
1196	-15.040	1.639	10.006
1199	-15.040	1.639	10.006
1143	-15.039	1.639	10.006
1154	-15.039	1.639	10.006
1038	-15.037	1.639	10.006
1039	-15.037	1.639	10.006
1047	-15.031	1.638	10.006
1083	-15.031	1.638	10.006
1260	-15.030	1.640	10.006
1262	-15.030	1.640	10.006
1060	-15.030	1.638	10.016
1063	-15.018	1.640	10.018
1215	-15.018	1.640	10.018
1055	-15.016	1.640	10.018
1389	-15.011	1.642	10.018
1203	-15.006	1.642	10.018
1174	-15.005	1.642	10.018
1258	-14.988	1.640	10.018
1267	-14.988	1.640	10.018
1283	-14.986	1.640	10.018
1290	-14.986	1.640	10.016
1294	-14.986	1.640	10.016
1312	-14.986	1.640	10.016
1315	-14.986	1.640	10.018
1319	-14.986	1.640	10.018
1337	-14.984	1.640	10.018
1058	-14.976	1.640	10.018
1234	-14.976	1.640	10.016
1222	-14.975	1.640	10.014
1109	-14.974	1.640	10.022
1273	-14.954	1.643	10.024
1252	-14.944	1.643	0.006
1240	-14.941	1.643	0.008
1214	-14.941	1.643	0.009
1384	-14.903	1.642	0.009
1365	-14.899	1.642	0.040
1330	-14.845	1.642	0.022
1170	-14.363	1.923	10.018
1205	-14.363	1.923	10.018
1369	-14.363	1.923	10.018
1271	-14.349	1.924	10.018
1229	-14.336	1.924	10.016
1100	-14.299	1.925	10.014
1103	-14.299	1.925	10.022
1129	-14.290	1.926	10.024
1177	-14.290	1.926	0.006
1194	-14.290	1.926	0.009
1200	-14.290	1.926	0.008
1141	-14.288	1.926	0.007
1147	-14.288	1.926	0.007
1164	-14.288	1.926	0.008
1364	-14.288	1.926	0.007
1274	-14.276	1.927	0.007
1291	-14.275	1.927	0.007
1297	-14.275	1.927	0.007
1309	-14.275	1.927	0.008
1326	-14.275	1.927	0.008
1338	-14.273	1.927	0.008
1249	-14.262	1.926	0.008
1378	-14.198	1.927	0.010
1354	-13.476	2.279	3.901
1368	-13.474	2.279	3.901
1183	-13.473	2.279	3.901
1265	-13.469	2.279	3.901
1268	-13.468	2.279	3.909
1128	-13.463	2.280	7.851
1135	-13.461	2.281	7.851
1169	-13.459	2.281	15.135
1279	-13.456	2.281	15.135
1339	-13.456	2.281	15.135
1041	-13.425	2.273	15.135
1150	-13.414	2.276	15.135
1367	-13.414	2.276	8.772
1130	-13.414	2.276	8.772
1193	-13.414	2.276	8.733
1358	-13.414	2.276	7.481
1264	-13.408	2.276	6.625
1269	-13.408	2.276	6.628
1281	-13.408	2.276	6.627
1282	-13.408	2.276	7.492
1310	-13.408	2.276	6.697
1325	-13.408	2.276	6.699
1333	-13.408	2.276	6.699
1301	-13.407	2.276	6.699
1341	-13.407	2.276	10.017
1239	-13.404	2.276	10.008
1248	-13.404	2.276	10.008
1244	-13.403	2.276	10.008
1245	-13.403	2.276	10.008
1048	-13.402	2.276	10.008
1084	-13.402	2.276	10.008
1042	-13.402	2.276	10.008
1046	-13.402	2.276	10.008
1070	-13.402	2.276	10.008
1071	-13.402	2.276	10.008
1075	-13.402	2.276	10.008
1088	-13.402	2.276	10.019
1089	-13.402	2.276	10.021
1054	-13.401	2.276	10.021
1078	-13.401	2.276	10.021
1349	-13.375	2.286	10.021
1277	-13.369	2.287	10.021
1348	-13.247	2.288	10.021
1334	-12.960	3.275	0.028
1052	-12.933	2.384	0.029
1065	-12.932	2.384	0.029
1096	-12.932	2.384	0.029
1107	-12.932	2.384	0.029
1366	-12.919	3.274	0.029
1266	-12.909	3.276	0.029
1379	-12.901	3.273	0.029
1381	-12.901	3.273	0.035
1140	-12.894	3.273	0.012
1146	-12.892	3.273	0.016
1184	-12.892	3.273	0.029
1202	-12.892	3.273	0.036
1363	-12.892	3.273	0.062
1093	-12.887	3.276	0.033
1053	-12.885	3.276	0.028
1108	-12.885	3.276	0.028
1080	-12.883	3.276	0.033
1263	-12.881	3.276	0.171
1340	-12.881	3.276	0.143
1218	-12.872	3.276	0.301
1242	-12.869	3.276	0.205
1253	-12.867	3.279	0.450
1118	-12.859	3.275	10.204
1198	-12.788	2.390	10.204
1133	-12.788	2.390	3.902
1144	-12.788	2.390	6.176
1317	-12.787	2.390	6.176
1370	-12.787	2.390	6.176
1275	-12.786	2.390	6.176
1287	-12.786	2.390	3.899
1362	-12.786	2.390	6.177
1392	-12.786	2.390	6.177
1062	-12.783	2.390	3.899
1086	-12.783	2.390	3.899
1209	-12.767	2.389	3.899
1318	-12.765	2.389	3.899
1321	-12.765	2.389	3.899
1142	-12.765	2.389	3.899
1356	-12.765	2.389	3.895
1359	-12.765	2.389	7.853
1251	-12.762	2.389	7.853
1216	-12.756	2.462	15.137
1256	-12.756	2.462	15.137
1069	-12.754	2.462	15.137
1045	-12.753	2.462	15.137
1056	-12.753	2.462	15.137
1057	-12.753	2.462	8.771
1059	-12.753	2.462	8.771
1064	-12.753	2.462	8.732
1066	-12.753	2.462	8.732
1067	-12.753	2.462	6.605
1072	-12.753	2.462	6.627
1085	-12.753	2.462	6.627
1105	-12.753	2.462	6.627
1115	-12.753	2.462	6.697
1116	-12.753	2.462	6.699
1119	-12.753	2.462	6.699
1095	-12.753	2.462	6.699
1097	-12.753	2.462	10.017
1099	-12.753	2.462	10.007
1211	-12.540	2.468	10.007
1208	-12.539	2.468	10.007
1350	-12.538	2.468	10.007
1393	-12.538	2.468	10.007
1148	-12.538	2.468	10.007
1149	-12.538	2.468	10.018
1175	-12.538	2.468	10.020
1190	-12.538	2.468	10.020
1375	-12.538	2.468	10.020
1382	-12.538	2.468	10.020
1181	-12.537	2.468	10.020
1131	-12.530	2.468	10.020
1132	-12.530	2.468	10.020
1206	-12.530	2.468	10.020
1134	-12.530	2.468	10.020
1165	-12.530	2.468	10.018
1186	-12.530	2.468	10.018
1357	-12.530	2.468	10.018
1390	-12.530	2.468	10.020
1123	-12.529	2.468	10.019
1151	-12.529	2.468	10.020
1156	-12.529	2.468	10.020
1158	-12.529	2.468	10.018
1391	-12.529	2.468	10.016
1145	-12.529	2.468	10.023
1162	-12.529	2.468	10.025
1394	-12.529	2.468	0.006
1122	-12.529	2.468	0.003
1347	-12.529	2.468	0.002
1257	-12.514	2.482	0.002
1327	-12.514	2.483	0.002
1280	-12.513	2.483	0.003
1284	-12.513	2.483	0.002
1329	-12.513	2.483	0.002
1255	-12.513	2.483	0.002
1090	-12.512	2.482	0.002
1091	-12.512	2.482	0.002
1225	-12.512	2.484	0.002
1227	-12.512	2.484	0.003
1230	-12.512	2.484	0.002
1233	-12.512	2.484	0.004
1074	-12.511	2.482	0.007
1098	-12.511	2.482	0.002
1261	-12.506	2.482	0.002
1276	-12.506	2.483	0.002
1328	-12.505	2.483	0.002
1295	-12.505	2.483	0.002
1311	-12.505	2.483	0.002
1322	-12.505	2.483	0.002
1335	-12.504	2.483	0.002
1344	-12.504	2.483	0.002
1117	-12.503	2.482	0.002
1087	-12.503	2.482	0.002
1228	-12.503	2.484	0.002
1235	-12.503	2.484	0.002
1355	-12.324	3.237	0.002
1376	-12.318	3.230	0.002
1250	-12.314	3.233	0.002
1138	-12.312	3.230	0.002
1173	-12.312	3.230	0.002
1168	-12.310	3.230	0.002
1159	-12.310	3.230	0.002
1293	-12.299	3.232	0.002
1285	-12.299	3.232	0.002
1288	-12.299	3.232	0.002
1313	-12.299	3.232	0.053
1270	-12.298	3.233	0.110
1236	-12.289	3.232	0.013
1124	-12.289	3.233	0.016
1224	-12.287	3.233	0.020
1307	-12.285	3.239	0.004
1110	-12.277	3.232	0.012
1061	-12.168	3.231	0.012
1106	-12.168	3.231	0.017
1259	-12.077	2.474	0.030
1371	-11.918	2.461	0.285
1360	-11.917	2.461	0.145
1314	-11.887	2.479	0.541
1308	-11.878	2.477	0.665
1243	-11.876	2.478	0.600
1346	-11.819	2.445	1.426
1286	-11.166	2.888	10.019
1373	-11.111	2.887	10.019
1336	-9.934	3.300	6.627
1166	-9.934	3.300	6.702
1180	-9.934	3.300	6.699
