590	-8.694	0.000	0.206
957	-7.480	2.918	0.006
964	-7.480	2.918	0.006
976	-7.480	2.918	0.006
977	-7.480	2.918	0.006
952	-7.480	2.918	0.006
985	-7.480	2.918	0.006
992	-7.480	2.918	0.006
1004	-7.480	2.918	0.004
1006	-7.480	2.918	0.007
1009	-7.480	2.918	0.036
1011	-7.480	2.918	0.006
1017	-7.480	2.918	0.006
1018	-7.480	2.918	0.006
1019	-7.480	2.918	0.006
1027	-7.480	2.918	0.006
1037	-7.480	2.918	0.006
723	-7.473	2.920	0.006
724	-7.473	2.920	0.006
729	-7.473	2.920	0.006
753	-7.473	2.920	0.006
823	-7.473	2.920	0.006
841	-7.473	2.920	0.006
867	-7.473	2.920	0.006
881	-7.473	2.920	0.006
887	-7.473	2.920	0.006
894	-7.473	2.920	0.005
903	-7.465	2.917	0.006
919	-7.464	2.917	0.006
938	-7.464	2.917	0.006
782	-7.458	2.919	0.006
792	-7.453	2.920	0.005
