1428	-10.126	0.000	0.030
1430	-10.126	0.000	0.030
1432	-10.126	0.000	0.030
1434	-10.126	0.000	0.030
1435	-10.126	0.000	0.031
1442	-10.126	0.000	0.030
1445	-10.126	0.001	0.029
1446	-10.126	0.000	0.013
1452	-10.126	0.000	0.016
1454	-10.126	0.000	0.024
1458	-10.126	0.000	0.168
1459	-10.126	0.000	0.049
1463	-10.126	0.000	0.093
1477	-10.126	0.001	0.081
1478	-10.126	0.000	0.104
1480	-10.126	0.000	0.027
1483	-10.126	0.000	0.029
1487	-10.126	0.000	0.029
1488	-10.126	0.001	0.032
1498	-10.126	0.001	0.171
1507	-10.126	0.000	0.219
1508	-10.126	0.000	0.281
1514	-10.126	0.000	0.346
1524	-10.126	0.000	0.433
1537	-10.126	0.000	0.646
1542	-10.126	0.000	0.698
1545	-10.126	0.000	1.020
1559	-10.126	0.001	1.268
1567	-10.126	0.000	1.346
1398	-10.120	0.001	1.537
1581	-10.120	0.004	3.259
1595	-10.120	0.004	3.261
1601	-10.120	0.004	3.256
1407	-10.117	0.003	3.257
1408	-10.117	0.003	3.257
1409	-10.117	0.003	6.167
1412	-10.117	0.003	10.213
1415	-10.117	0.003	3.902
1416	-10.117	0.003	3.902
1418	-10.117	0.003	3.902
1491	-9.916	0.068	10.007
1523	-9.916	0.068	10.007
1525	-9.916	0.068	10.007
1528	-9.916	0.068	10.007
1558	-9.916	0.068	10.007
1560	-9.916	0.068	10.007
1562	-9.916	0.068	10.018
1461	-9.915	0.068	10.020
1471	-9.915	0.068	10.020
1502	-9.915	0.068	10.020
1504	-9.915	0.068	10.020
1547	-9.915	0.068	10.020
1549	-9.915	0.068	10.020
1600	-9.910	0.065	10.020
1612	-9.910	0.065	10.020
1617	-9.910	0.065	10.020
1635	-9.910	0.065	10.020
1636	-9.910	0.065	10.017
1655	-9.910	0.065	10.017
1658	-9.910	0.065	10.019
1662	-9.910	0.065	10.019
1707	-9.910	0.065	10.019
1712	-9.910	0.065	10.019
1715	-9.910	0.065	10.016
1719	-9.910	0.065	10.017
1582	-9.909	0.065	10.025
1590	-9.909	0.065	10.025
1675	-9.909	0.065	0.004
1677	-9.909	0.065	0.005
1678	-9.909	0.065	0.003
1689	-9.909	0.065	0.003
1691	-9.909	0.065	0.003
1695	-9.909	0.065	0.003
1403	-9.901	0.072	0.003
1703	-9.844	0.079	0.003
1397	-9.513	1.458	0.013
1401	-9.510	1.458	0.029
1402	-9.510	1.458	0.023
1410	-9.510	1.458	0.070
1419	-9.510	1.458	0.061
1457	-9.500	1.988	0.084
1506	-9.500	1.988	0.095
1555	-9.500	1.988	0.083
1556	-9.500	1.988	0.032
1573	-9.497	1.988	0.029
1587	-9.497	1.988	0.029
1599	-9.497	1.988	0.036
1439	-9.472	2.871	0.165
1497	-9.472	2.871	0.291
1551	-9.472	2.871	0.144
1414	-9.467	2.871	0.446
1462	-9.325	1.459	6.176
1464	-9.325	1.460	6.176
1596	-9.321	1.460	6.176
1688	-9.305	2.875	6.176
1426	-9.278	1.997	3.898
1438	-9.278	1.997	6.177
1440	-9.278	1.997	6.177
1444	-9.278	1.997	6.177
1472	-9.278	1.997	3.898
1485	-9.278	1.997	3.898
1521	-9.278	1.997	3.898
1706	-7.988	3.948	0.011
1713	-7.988	3.948	0.018
1632	-7.987	3.494	0.016
1639	-7.987	3.494	0.016
1649	-7.987	3.494	0.016
1657	-7.987	3.494	0.016
1716	-7.987	3.494	0.019
1576	-7.986	3.494	0.027
1578	-7.986	3.494	0.031
1593	-7.986	3.494	0.012
1665	-7.986	3.494	0.014
1679	-7.986	3.494	0.014
1682	-7.986	3.495	0.016
1683	-7.986	3.494	0.020
1694	-7.986	3.494	0.025
1400	-7.968	3.496	0.033
1433	-7.967	3.496	0.025
1449	-7.967	3.496	0.027
1466	-7.967	3.496	0.029
1474	-7.967	3.496	0.029
1490	-7.967	3.496	0.029
1494	-7.967	3.496	0.030
1513	-7.967	3.496	0.030
1515	-7.967	3.496	0.030
1522	-7.967	3.496	0.029
1535	-7.967	3.496	0.011
1541	-7.967	3.496	0.017
1557	-7.967	3.496	0.019
1565	-7.967	3.496	0.062
1586	-7.964	3.497	0.017
1673	-7.964	3.497	0.076
1690	-7.964	3.497	0.093
1614	-7.910	3.208	0.030
1630	-7.910	3.208	0.028
1520	-7.851	3.209	0.240
1493	-7.825	3.231	0.417
1421	-7.753	3.174	3.257
1422	-7.753	3.174	3.256
1423	-7.753	3.174	6.167
1427	-7.753	3.174	6.167
1437	-7.753	3.174	3.901
1447	-7.753	3.174	3.901
1455	-7.753	3.174	3.901
1460	-7.753	3.174	3.901
1469	-7.753	3.174	10.204
1470	-7.753	3.174	10.204
1475	-7.753	3.174	10.204
1481	-7.753	3.174	3.902
1526	-7.753	3.174	6.176
1536	-7.753	3.174	6.176
1538	-7.753	3.174	6.176
1540	-7.753	3.174	6.176
1543	-7.753	3.174	3.899
1546	-7.753	3.174	6.177
1550	-7.753	3.174	6.177
1552	-7.753	3.174	3.903
1561	-7.753	3.174	3.899
1563	-7.753	3.174	3.899
1510	-7.752	3.174	3.899
1511	-7.752	3.174	3.899
1602	-7.751	3.174	3.899
1611	-7.751	3.174	3.848
1618	-7.751	3.174	7.852
1619	-7.751	3.174	7.852
1628	-7.751	3.174	15.137
1631	-7.751	3.174	15.137
1640	-7.751	3.174	15.137
1644	-7.751	3.174	15.137
1659	-7.751	3.174	8.771
1660	-7.751	3.174	8.771
1674	-7.751	3.174	15.153
1693	-7.751	3.174	8.732
1710	-7.751	3.174	7.478
1711	-7.751	3.174	6.627
1714	-7.751	3.174	6.626
1572	-7.750	3.174	6.627
1575	-7.750	3.174	7.809
1577	-7.750	3.173	6.697
1585	-7.750	3.174	6.699
1666	-7.750	3.174	6.699
1667	-7.750	3.174	6.699
1669	-7.750	3.174	10.016
1700	-7.750	3.174	10.007
1701	-7.750	3.174	10.007
1574	-7.750	3.168	10.007
1411	-7.735	3.172	10.007
1456	-7.733	3.167	10.007
1468	-7.733	3.167	10.007
1489	-7.733	3.167	10.007
1492	-7.733	3.167	10.019
1499	-7.733	3.167	10.019
1503	-7.733	3.167	10.019
1505	-7.733	3.167	10.019
1519	-7.733	3.167	10.019
1529	-7.733	3.167	10.019
1531	-7.733	3.167	10.019
1564	-7.733	3.167	10.019
1566	-7.733	3.167	10.019
1569	-7.733	3.167	10.019
1501	-7.733	3.167	10.017
1533	-7.733	3.167	10.017
1544	-7.733	3.167	10.019
1568	-7.733	3.167	10.019
1570	-7.731	3.167	10.019
1583	-7.731	3.167	10.019
1584	-7.731	3.167	10.019
1588	-7.731	3.167	10.017
1664	-7.731	3.167	10.023
1699	-7.731	3.167	10.025
1425	-7.156	2.911	0.011
1473	-7.156	2.911	0.018
1484	-7.156	2.911	0.022
1539	-7.155	2.266	0.043
1527	-6.796	2.751	0.036
1591	-6.796	2.750	0.027
1627	-6.796	2.751	0.032
1465	-6.509	3.098	0.033
1479	-6.509	3.098	0.032
1534	-6.509	3.098	0.033
1431	-6.463	2.745	0.014
1443	-6.463	2.745	0.016
1687	-6.462	2.745	0.020
1580	-6.455	3.572	0.045
1516	-6.452	2.754	0.007
1548	-6.132	2.673	0.162
