1791	-6.300	0.000	10.682
1817	-6.246	0.739	10.682
1824	-5.174	0.111	10.345
1831	-5.174	0.111	10.376
1834	-5.174	0.111	10.348
1838	-5.174	0.111	10.348
1841	-5.174	0.111	10.348
1792	-5.172	0.111	10.349
1803	-5.172	0.111	0.016
1804	-5.172	0.111	0.001
1805	-5.172	0.111	0.000
1806	-5.172	0.111	0.001
1807	-5.172	0.111	10.559
1808	-5.172	0.111	10.559
1810	-5.172	0.111	10.559
1815	-5.172	0.111	12.229
1820	-5.156	2.169	12.227
1821	-5.156	2.169	12.227
1822	-5.156	2.169	12.227
1826	-5.156	2.169	2.194
1832	-5.156	2.169	2.881
1835	-5.156	2.169	2.884
1836	-5.156	2.169	12.227
1837	-5.156	2.169	2.194
1840	-5.156	2.169	2.194
1844	-5.156	2.169	2.324
1846	-5.156	2.169	2.324
1847	-5.156	2.169	2.323
1848	-5.156	2.169	2.324
1794	-5.154	2.169	2.323
1796	-5.154	2.169	2.325
1797	-5.154	2.169	2.325
1799	-5.154	2.169	2.836
1812	-5.154	2.169	2.837
1790	-5.125	2.172	9.683
1829	-5.049	0.739	9.683
1833	-5.049	0.739	9.683
1843	-5.049	0.739	15.986
1800	-5.048	0.739	13.844
1801	-5.048	0.739	14.032
1813	-5.048	0.739	13.576
1786	-5.014	0.739	13.577
1818	-4.845	1.918	11.641
1819	-4.845	1.918	12.756
1823	-4.845	1.918	13.996
1825	-4.845	1.918	12.752
1827	-4.845	1.918	12.748
1828	-4.845	1.918	12.748
1830	-4.845	1.918	12.748
1839	-4.845	1.918	10.126
1842	-4.845	1.918	10.144
1845	-4.845	1.918	13.994
1849	-4.845	1.918	12.754
1793	-4.843	1.918	12.741
1795	-4.843	1.918	9.834
1798	-4.843	1.918	12.555
1802	-4.843	1.918	12.555
1809	-4.843	1.918	12.555
1811	-4.843	1.918	12.555
1814	-4.843	1.918	12.553
1816	-4.843	1.918	12.553
1784	-4.814	1.922	12.553
1785	-4.814	1.922	12.553
1787	-4.814	1.922	12.553
1788	-4.814	1.922	12.551
1789	-4.814	1.922	12.551
