1674	-10.619	0.000	9.696
1720	-10.619	0.000	9.696
630	-8.445	3.784	10.143
1673	-8.351	3.202	13.994
1677	-8.351	3.202	12.754
1685	-8.351	3.202	12.740
1686	-8.351	3.202	9.834
1705	-8.351	3.202	12.555
1711	-8.351	3.202	12.555
1715	-8.351	3.202	12.555
1721	-8.351	3.202	12.555
1737	-8.351	3.202	12.553
1766	-8.351	3.202	12.553
1782	-8.351	3.202	12.553
1689	-8.348	3.770	12.553
1690	-8.348	3.770	12.553
1716	-8.348	3.770	12.551
1717	-8.348	3.770	12.551
1719	-8.348	3.770	15.915
1722	-8.348	3.770	8.963
1726	-8.348	3.770	8.963
1727	-8.348	3.770	8.966
1728	-8.348	3.770	9.963
1738	-8.348	3.770	9.961
1743	-8.348	3.770	9.962
1744	-8.348	3.770	12.296
1745	-8.348	3.770	8.915
1746	-8.348	3.770	8.918
1750	-8.348	3.770	8.917
1751	-8.348	3.770	12.593
1753	-8.348	3.770	12.289
1758	-8.348	3.770	12.289
1765	-8.348	3.770	21.139
1768	-8.348	3.770	5.352
1769	-8.348	3.770	21.126
1770	-8.348	3.770	9.921
1772	-8.348	3.770	11.116
1780	-8.348	3.770	11.190
