903	-9.073	0.000	12.766
783	-9.073	0.032	12.752
790	-9.073	0.032	9.845
791	-9.073	0.032	12.567
794	-9.073	0.032	12.567
797	-9.073	0.032	12.567
803	-9.073	0.032	12.567
804	-9.073	0.032	12.565
805	-9.073	0.032	12.565
820	-9.073	0.032	12.565
821	-9.073	0.032	12.565
822	-9.073	0.032	12.565
835	-9.073	0.032	12.563
837	-9.073	0.032	12.563
838	-9.073	0.032	15.925
847	-9.073	0.032	8.973
851	-9.073	0.032	8.973
854	-9.073	0.032	8.976
855	-9.073	0.032	9.977
867	-9.073	0.032	9.974
868	-9.073	0.032	9.975
870	-9.073	0.032	12.307
871	-9.073	0.032	8.926
872	-9.073	0.032	8.928
874	-9.073	0.032	8.928
880	-9.073	0.032	12.605
881	-9.073	0.032	12.300
882	-9.073	0.032	12.300
888	-9.073	0.032	21.146
889	-9.073	0.032	5.352
891	-9.073	0.032	21.134
895	-9.073	0.032	9.934
896	-9.073	0.032	11.127
897	-9.073	0.032	11.201
898	-9.073	0.032	8.780
899	-9.073	0.032	9.702
906	-9.073	0.032	10.997
908	-9.073	0.032	10.997
912	-9.073	0.032	9.703
914	-9.073	0.032	9.703
918	-9.073	0.032	9.703
919	-9.073	0.032	11.552
934	-9.073	0.032	11.545
936	-9.073	0.032	11.540
938	-9.073	0.032	11.552
942	-9.073	0.032	11.546
943	-9.073	0.032	9.554
944	-9.073	0.032	9.553
945	-9.073	0.032	19.981
948	-9.073	0.032	11.282
950	-9.073	0.032	20.008
956	-9.073	0.032	9.986
959	-9.073	0.032	9.985
966	-9.073	0.032	9.982
967	-9.073	0.032	9.984
968	-9.073	0.032	9.992
974	-9.073	0.032	9.992
975	-9.073	0.032	9.988
981	-9.073	0.032	9.993
982	-9.073	0.032	20.013
983	-9.073	0.032	10.393
986	-9.073	0.032	10.390
989	-9.073	0.032	10.391
990	-9.073	0.032	10.776
994	-9.073	0.032	21.836
997	-9.073	0.032	10.717
999	-9.073	0.032	10.717
1004	-9.073	0.032	10.717
1008	-9.073	0.032	10.717
1010	-9.073	0.032	12.019
1011	-9.073	0.032	10.715
1013	-9.073	0.032	10.715
1017	-9.073	0.032	9.382
1018	-9.073	0.032	9.382
1019	-9.073	0.032	9.382
1030	-9.073	0.031	11.150
1033	-9.073	0.032	13.426
1035	-9.073	0.032	20.664
1037	-9.073	0.032	11.034
1041	-9.073	0.032	12.682
1047	-9.073	0.032	2.281
1050	-9.073	0.032	2.600
1058	-9.073	0.032	2.266
1059	-9.073	0.032	2.266
1062	-9.073	0.032	2.264
1064	-9.073	0.032	2.583
1068	-9.073	0.032	2.262
1075	-9.073	0.032	2.581
1076	-9.073	0.032	10.608
1077	-9.073	0.032	1.470
970	-9.065	0.241	1.476
705	-9.060	0.043	1.471
706	-9.060	0.043	1.471
707	-9.060	0.043	10.693
709	-9.060	0.043	10.595
711	-9.060	0.043	10.693
714	-9.060	0.043	10.693
722	-9.060	0.043	10.693
723	-9.060	0.043	10.693
731	-9.060	0.043	10.693
734	-9.060	0.043	10.693
736	-9.060	0.043	10.693
743	-9.060	0.043	10.693
756	-9.060	0.043	10.693
770	-9.060	0.043	10.694
771	-9.060	0.043	10.694
932	-9.060	0.042	10.694
828	-8.857	0.166	2.842
781	-8.857	0.167	9.696
784	-8.857	0.167	9.696
786	-8.857	0.167	9.696
787	-8.857	0.167	15.997
788	-8.857	0.167	13.854
792	-8.857	0.167	14.042
793	-8.857	0.167	13.586
795	-8.857	0.167	13.587
796	-8.857	0.167	11.653
798	-8.857	0.167	12.768
799	-8.857	0.167	14.006
800	-8.857	0.167	12.764
801	-8.857	0.167	12.760
802	-8.857	0.167	12.760
806	-8.857	0.167	12.760
807	-8.857	0.167	10.140
808	-8.857	0.167	10.158
810	-8.857	0.167	14.004
811	-8.857	0.167	12.767
812	-8.857	0.167	12.753
813	-8.857	0.167	9.845
815	-8.857	0.167	12.568
816	-8.857	0.167	12.567
817	-8.857	0.167	12.567
818	-8.857	0.167	12.567
819	-8.857	0.167	12.565
823	-8.857	0.167	12.565
824	-8.857	0.167	12.565
825	-8.857	0.167	12.566
826	-8.857	0.167	12.565
827	-8.857	0.167	12.564
832	-8.857	0.167	12.564
836	-8.857	0.167	15.926
839	-8.857	0.167	8.974
840	-8.857	0.167	8.974
841	-8.857	0.167	8.976
842	-8.857	0.167	9.977
843	-8.857	0.167	9.974
844	-8.857	0.167	9.975
846	-8.857	0.167	12.307
848	-8.857	0.167	8.926
850	-8.857	0.167	8.928
852	-8.857	0.167	8.928
853	-8.857	0.167	12.606
856	-8.857	0.167	12.300
857	-8.857	0.167	12.300
858	-8.857	0.167	21.146
859	-8.857	0.167	5.351
861	-8.857	0.167	21.134
862	-8.857	0.167	9.934
864	-8.857	0.167	11.128
869	-8.857	0.167	11.202
873	-8.857	0.167	8.780
875	-8.857	0.167	9.703
876	-8.857	0.167	10.998
883	-8.857	0.167	10.998
884	-8.857	0.167	9.703
885	-8.857	0.167	9.703
886	-8.857	0.167	9.704
890	-8.857	0.167	11.552
893	-8.857	0.167	11.546
894	-8.857	0.167	11.540
902	-8.857	0.167	11.552
904	-8.857	0.167	0.000
905	-8.857	0.167	9.554
907	-8.857	0.167	9.553
909	-8.857	0.167	19.982
910	-8.857	0.167	11.283
911	-8.857	0.167	20.009
913	-8.857	0.167	9.986
917	-8.857	0.167	9.985
920	-8.857	0.167	9.983
921	-8.857	0.167	9.984
922	-8.857	0.167	9.993
924	-8.857	0.167	9.992
925	-8.857	0.167	9.988
935	-8.857	0.167	9.993
937	-8.857	0.167	20.013
939	-8.857	0.167	10.393
940	-8.857	0.167	10.390
941	-8.857	0.167	10.391
946	-8.857	0.167	10.776
947	-8.857	0.167	21.836
949	-8.857	0.167	10.717
951	-8.857	0.167	10.717
952	-8.857	0.167	10.717
953	-8.857	0.167	10.717
954	-8.857	0.167	12.020
955	-8.857	0.167	10.715
957	-8.857	0.167	10.715
958	-8.857	0.167	9.382
960	-8.857	0.167	9.382
961	-8.857	0.167	9.382
962	-8.857	0.167	11.150
963	-8.857	0.167	13.426
964	-8.857	0.167	20.664
965	-8.857	0.167	11.034
969	-8.857	0.167	12.682
972	-8.857	0.167	2.273
973	-8.857	0.167	2.586
976	-8.857	0.167	2.258
977	-8.857	0.167	2.258
978	-8.857	0.168	2.256
979	-8.857	0.167	2.568
980	-8.857	0.167	2.254
988	-8.857	0.167	2.567
991	-8.857	0.167	10.589
992	-8.857	0.167	1.455
993	-8.857	0.167	1.461
995	-8.857	0.167	1.456
996	-8.857	0.167	1.456
998	-8.857	0.167	10.674
1000	-8.857	0.167	10.575
1001	-8.857	0.167	10.674
1002	-8.857	0.167	10.674
1003	-8.857	0.167	10.675
1005	-8.857	0.167	10.674
1006	-8.857	0.167	10.674
1007	-8.857	0.167	10.674
1009	-8.857	0.167	10.674
1012	-8.857	0.167	10.674
1014	-8.857	0.167	10.674
1015	-8.857	0.167	10.675
1016	-8.857	0.167	10.675
1020	-8.857	0.167	10.675
1021	-8.857	0.167	10.675
1022	-8.857	0.167	1.365
1023	-8.857	0.167	1.368
1024	-8.857	0.167	10.337
1025	-8.857	0.167	10.337
1026	-8.857	0.167	10.392
1027	-8.857	0.167	10.337
1028	-8.857	0.167	10.368
1029	-8.857	0.167	10.340
1031	-8.857	0.167	10.340
1032	-8.857	0.167	10.340
1034	-8.857	0.167	10.341
1036	-8.857	0.167	0.024
1038	-8.857	0.167	0.010
1039	-8.857	0.167	0.010
1042	-8.857	0.167	0.009
1043	-8.857	0.167	10.550
1044	-8.857	0.167	10.550
1045	-8.857	0.167	10.550
1046	-8.857	0.167	12.221
1048	-8.857	0.167	12.219
1049	-8.857	0.167	12.219
1051	-8.857	0.167	12.218
1053	-8.857	0.167	2.190
1055	-8.857	0.167	2.881
1056	-8.857	0.167	2.883
1057	-8.857	0.167	12.219
1060	-8.857	0.167	2.190
1061	-8.857	0.167	2.190
1063	-8.857	0.162	2.321
1065	-8.857	0.167	2.321
1066	-8.857	0.167	2.320
1067	-8.857	0.167	2.321
1069	-8.857	0.167	2.320
1070	-8.857	0.167	2.322
1071	-8.857	0.167	2.322
1072	-8.857	0.167	2.835
1073	-8.857	0.167	2.837
1074	-8.857	0.167	9.674
1078	-8.857	0.167	9.674
1079	-8.857	0.167	9.675
1080	-8.857	0.167	15.979
700	-8.835	0.180	13.838
701	-8.835	0.180	14.025
702	-8.835	0.180	13.570
703	-8.835	0.180	13.570
704	-8.835	0.180	11.633
708	-8.835	0.180	12.747
710	-8.835	0.180	13.990
712	-8.835	0.180	12.744
713	-8.835	0.180	12.740
715	-8.835	0.180	12.740
717	-8.835	0.180	12.740
718	-8.835	0.180	10.118
719	-8.835	0.180	10.135
720	-8.835	0.182	13.987
721	-8.835	0.180	12.746
724	-8.835	0.180	12.732
725	-8.835	0.180	9.826
726	-8.835	0.180	12.547
727	-8.835	0.180	12.547
728	-8.835	0.180	12.547
729	-8.835	0.180	12.547
730	-8.835	0.180	12.545
732	-8.835	0.180	12.545
733	-8.835	0.180	12.545
735	-8.835	0.180	12.545
737	-8.835	0.180	12.544
738	-8.835	0.180	12.543
739	-8.835	0.180	12.543
740	-8.835	0.180	15.908
741	-8.835	0.180	8.956
742	-8.835	0.180	8.956
744	-8.835	0.180	8.959
745	-8.835	0.180	9.955
746	-8.835	0.180	9.952
747	-8.835	0.180	9.954
748	-8.835	0.180	12.289
749	-8.835	0.180	8.908
753	-8.835	0.180	8.911
754	-8.835	0.180	8.910
755	-8.835	0.180	12.585
757	-8.835	0.180	12.282
758	-8.835	0.180	12.282
759	-8.835	0.180	21.133
760	-8.835	0.180	5.354
761	-8.835	0.180	21.120
762	-8.835	0.180	9.915
763	-8.835	0.180	11.107
764	-8.835	0.180	11.181
765	-8.835	0.180	8.760
766	-8.835	0.180	9.686
767	-8.835	0.180	10.977
768	-8.835	0.180	10.977
769	-8.835	0.180	9.686
772	-8.835	0.180	9.687
773	-8.835	0.180	9.687
774	-8.835	0.180	11.532
775	-8.835	0.180	11.526
776	-8.835	0.180	11.520
777	-8.835	0.180	11.532
778	-8.835	0.180	11.526
779	-8.835	0.180	9.538
927	-8.835	0.180	9.537
928	-8.835	0.180	19.969
929	-8.835	0.180	11.262
931	-8.835	0.180	19.996
971	-8.811	1.274	20.001
780	-8.810	0.184	9.975
789	-8.810	0.184	9.974
809	-8.810	0.184	9.972
814	-8.810	0.184	9.973
845	-8.810	0.184	9.982
878	-8.810	0.184	9.981
933	-8.810	0.184	9.977
1052	-8.556	1.164	9.374
985	-8.556	1.159	11.139
916	-7.330	2.573	20.006
877	-7.329	2.573	10.381
887	-7.329	2.573	10.378
900	-7.329	2.573	10.379
923	-7.329	2.573	10.764
984	-7.329	2.573	21.828
1081	-7.329	2.573	10.706
987	-7.137	2.603	12.229
1054	-7.137	2.603	12.227
782	-7.136	2.603	12.227
785	-7.136	2.603	12.226
829	-7.136	2.603	2.194
830	-7.136	2.603	2.882
831	-7.136	2.603	2.884
833	-7.136	2.603	12.227
834	-7.136	2.603	2.194
849	-7.136	2.603	2.194
860	-7.136	2.603	2.324
863	-7.136	2.603	2.324
865	-7.136	2.603	2.323
866	-7.136	2.603	2.324
879	-7.136	2.603	2.323
892	-7.136	2.603	2.325
901	-7.136	2.603	2.325
915	-7.136	2.603	2.836
716	-7.123	2.606	2.838
750	-7.123	2.606	9.683
751	-7.123	2.606	9.683
752	-7.123	2.606	9.683
926	-7.123	2.606	15.986
930	-7.123	2.606	13.844
1040	-6.416	3.928	10.682
