432	-7.657	0.000	6.901
440	-7.657	0.001	6.900
444	-7.657	0.002	13.382
447	-7.657	0.002	3.694
466	-7.657	0.000	3.694
377	-7.657	0.003	3.718
388	-7.657	0.000	3.701
430	-7.657	0.011	8.091
663	-7.656	0.003	13.385
637	-7.656	0.001	13.387
669	-7.656	0.002	2.519
672	-7.656	0.001	13.358
681	-7.656	0.001	4.111
362	-7.656	0.001	4.103
366	-7.656	0.002	4.103
651	-7.656	0.002	4.103
680	-7.656	0.002	4.083
667	-7.656	0.002	4.083
403	-7.654	0.072	4.081
316	-7.654	0.001	4.081
334	-7.654	0.001	5.014
340	-7.654	0.001	5.083
353	-7.654	0.001	5.083
357	-7.654	0.001	5.079
343	-7.654	0.003	5.439
347	-7.654	0.002	6.938
322	-7.654	0.009	5.804
1818	-7.648	0.005	5.804
303	-7.648	0.013	5.804
1755	-7.647	0.006	5.804
1756	-7.647	0.006	6.944
1758	-7.647	0.006	5.813
47	-7.645	0.013	5.814
190	-7.645	0.013	7.160
266	-7.644	0.043	6.962
197	-7.644	0.017	6.959
206	-7.644	0.018	13.300
212	-7.644	0.016	8.668
89	-7.644	0.012	7.361
269	-7.644	0.012	7.025
128	-7.644	0.013	5.222
164	-7.644	0.013	11.613
276	-7.644	0.013	11.080
505	-7.644	0.006	11.080
509	-7.644	0.012	11.645
598	-7.644	0.006	11.645
607	-7.644	0.006	11.106
139	-7.643	0.021	11.107
293	-7.643	0.017	11.107
153	-7.643	0.012	11.107
156	-7.643	0.012	12.250
302	-7.643	0.011	12.253
155	-7.643	0.014	12.248
138	-7.643	0.010	12.253
535	-7.643	0.009	12.261
97	-7.643	0.008	3.855
568	-7.643	0.006	4.751
546	-7.643	0.004	4.751
551	-7.643	0.003	4.754
552	-7.643	0.005	4.750
557	-7.643	0.003	4.750
517	-7.643	0.005	4.750
521	-7.643	0.006	4.750
532	-7.643	0.006	4.750
534	-7.643	0.007	4.750
559	-7.643	0.006	4.751
561	-7.643	0.006	4.751
572	-7.643	0.006	4.751
595	-7.643	0.005	4.750
549	-7.643	0.012	12.686
558	-7.643	0.030	12.684
53	-7.642	0.012	4.579
256	-7.641	0.012	4.429
43	-7.641	0.014	4.429
253	-7.641	0.011	4.429
248	-7.641	0.011	4.429
492	-7.641	0.005	4.512
474	-7.638	0.004	4.429
236	-7.632	0.007	4.429
499	-6.734	3.069	0.046
497	-6.733	3.058	0.019
636	-6.666	3.188	7.689
649	-6.607	2.764	0.875
326	-6.606	2.766	0.875
421	-6.606	2.767	0.875
308	-6.604	2.770	2.254
298	-6.493	2.655	3.969
213	-6.482	2.735	12.421
603	-6.056	3.949	5.814
679	-6.056	3.948	7.160
677	-6.056	3.948	6.962
475	-6.020	3.960	6.959
