796	-11.033	0.000	5.281
1390	-11.031	0.022	5.294
1578	-11.031	0.016	5.294
1216	-11.030	0.018	5.294
1084	-11.030	0.006	5.377
1118	-11.029	0.002	11.661
949	-11.029	0.002	11.649
1095	-11.022	0.089	11.649
188	-11.021	0.074	11.677
899	-11.020	0.008	2.120
734	-11.018	0.009	2.120
714	-11.018	0.004	6.061
787	-11.018	0.008	6.061
1136	-11.017	0.008	6.061
1183	-11.017	0.014	6.061
738	-11.017	0.034	10.725
1163	-11.016	0.016	11.849
961	-11.016	0.012	11.851
940	-11.014	0.011	6.063
1075	-11.006	0.163	10.731
1147	-10.994	0.180	10.731
494	-10.926	2.679	3.018
1469	-10.921	2.674	3.018
1421	-10.921	2.678	4.534
1439	-10.921	2.678	3.017
1442	-10.921	2.678	5.933
1509	-10.921	2.678	3.019
1541	-10.921	2.678	3.047
1414	-10.921	2.677	4.315
1447	-10.921	2.677	2.786
1464	-10.921	2.677	2.786
1487	-10.921	2.677	2.786
1488	-10.921	2.677	2.788
1499	-10.921	2.677	2.788
1540	-10.921	2.677	2.788
1545	-10.921	2.676	1.073
1561	-10.921	2.677	2.787
1563	-10.921	2.677	2.779
1566	-10.921	2.677	2.778
1577	-10.921	2.678	7.258
1458	-10.921	2.678	8.885
399	-10.920	2.679	8.885
446	-10.920	2.679	8.886
1519	-10.920	2.676	2.433
1417	-10.920	2.679	2.433
1418	-10.920	2.678	2.433
1449	-10.920	2.679	11.353
1462	-10.920	2.679	8.893
1466	-10.920	2.679	8.892
1486	-10.920	2.677	8.892
1536	-10.920	2.678	3.347
1568	-10.920	2.680	3.708
1573	-10.920	2.679	3.711
1582	-10.920	2.679	12.433
1587	-10.920	2.679	12.434
1468	-10.920	2.683	12.405
1426	-10.920	2.679	8.863
1537	-10.919	2.671	10.029
472	-10.919	2.679	3.080
866	-10.918	2.677	8.865
930	-10.918	2.677	3.423
1443	-10.918	2.675	3.030
1438	-10.918	2.681	3.030
1429	-10.918	2.682	4.882
1456	-10.918	2.676	4.882
1463	-10.918	2.681	4.881
804	-10.917	2.679	11.651
813	-10.917	2.679	2.035
844	-10.917	2.679	2.035
845	-10.917	2.679	2.059
876	-10.917	2.679	2.041
887	-10.917	2.679	5.815
895	-10.917	2.679	11.653
912	-10.917	2.679	11.654
914	-10.917	2.679	2.997
918	-10.917	2.679	11.647
919	-10.917	2.679	3.622
737	-10.916	2.679	3.620
780	-10.916	2.679	3.620
1501	-10.916	2.685	3.620
1378	-10.915	2.675	3.613
1368	-10.915	2.678	3.613
1400	-10.915	2.678	3.611
1083	-10.915	2.677	3.634
1284	-10.915	2.678	3.988
1302	-10.915	2.678	6.426
1306	-10.915	2.678	6.426
1314	-10.915	2.677	6.421
1334	-10.915	2.678	6.276
1351	-10.915	2.677	4.986
1363	-10.915	2.679	7.315
1371	-10.915	2.680	7.315
1348	-10.915	2.679	7.315
1350	-10.915	2.679	7.315
1281	-10.914	2.674	4.990
1303	-10.914	2.675	7.324
1386	-10.914	2.674	7.325
1054	-10.914	2.677	5.226
1129	-10.914	2.678	5.373
1160	-10.914	2.678	5.371
1227	-10.914	2.678	12.266
1242	-10.914	2.678	7.639
1256	-10.914	2.678	8.933
1268	-10.914	2.678	8.572
1273	-10.914	2.678	4.436
942	-10.914	2.678	10.455
1004	-10.914	2.678	9.856
1026	-10.914	2.677	9.856
1037	-10.914	2.677	10.480
1135	-10.914	2.677	10.482
1138	-10.914	2.678	9.882
1140	-10.914	2.678	9.883
1157	-10.914	2.678	9.884
1397	-10.914	2.687	9.884
1293	-10.914	2.683	11.080
1217	-10.914	2.680	11.083
1279	-10.914	2.680	11.077
1280	-10.914	2.679	11.083
1327	-10.914	2.680	11.094
1332	-10.914	2.680	2.144
945	-10.914	2.679	5.671
1065	-10.914	2.679	5.672
1089	-10.914	2.679	5.680
1145	-10.914	2.679	5.671
1159	-10.914	2.679	5.671
1205	-10.914	2.679	5.671
1282	-10.914	2.680	5.671
1312	-10.914	2.680	5.671
1352	-10.913	2.677	5.671
1358	-10.913	2.677	5.671
1359	-10.913	2.678	5.671
1392	-10.913	2.678	5.671
250	-10.913	2.679	5.671
979	-10.913	2.679	11.460
1106	-10.913	2.679	11.457
1107	-10.913	2.679	5.460
176	-10.913	2.679	5.295
184	-10.913	2.679	5.295
1403	-10.912	2.673	5.294
1301	-10.912	2.679	5.295
1318	-10.912	2.684	5.281
1362	-10.912	2.696	5.294
1292	-10.912	2.677	5.294
1294	-10.912	2.678	5.294
1299	-10.912	2.678	5.377
1304	-10.912	2.677	11.662
1329	-10.912	2.678	11.650
1331	-10.912	2.677	11.649
1333	-10.912	2.678	11.678
1338	-10.912	2.677	2.120
1277	-10.912	2.677	2.120
1285	-10.912	2.676	6.061
1385	-10.912	2.682	6.061
111	-10.912	2.682	6.061
1482	-10.912	2.693	6.061
215	-10.910	2.678	10.726
824	-10.909	2.681	11.849
841	-10.909	2.681	11.852
843	-10.909	2.681	6.063
881	-10.909	2.681	10.731
901	-10.909	2.681	10.732
902	-10.909	2.681	10.567
934	-10.909	2.681	10.567
779	-10.908	2.681	10.570
1213	-10.906	0.758	10.572
1008	-10.906	2.679	10.572
972	-10.905	2.681	10.576
1042	-10.905	2.681	10.578
1076	-10.905	2.681	11.805
1120	-10.905	2.681	11.807
944	-10.905	2.681	3.088
953	-10.905	2.681	3.088
964	-10.905	2.681	3.088
1033	-10.905	2.681	10.592
1046	-10.905	2.681	6.195
1047	-10.905	2.681	6.282
1051	-10.905	2.681	5.993
1071	-10.905	2.681	5.927
1072	-10.905	2.681	3.023
1079	-10.905	2.681	11.854
1104	-10.905	2.681	5.922
1111	-10.905	2.681	3.029
1113	-10.905	2.681	3.018
1121	-10.905	2.681	3.018
1126	-10.905	2.681	3.018
1152	-10.905	2.681	3.018
1186	-10.905	2.681	4.534
1193	-10.905	2.681	3.016
1394	-10.904	2.656	5.933
1172	-10.904	2.681	3.019
1180	-10.904	2.681	3.047
1575	-10.894	2.731	4.316
1427	-10.864	2.737	2.785
449	-10.860	0.367	2.787
1310	-10.846	2.740	2.778
1435	-10.816	2.795	8.886
1532	-10.781	2.572	8.893
1391	-10.771	1.504	8.893
1272	-10.770	1.490	8.893
1024	-10.471	2.018	10.029
1190	-10.471	2.019	3.080
826	-10.468	2.024	8.865
917	-10.468	2.023	3.423
1322	-10.467	2.020	3.031
1218	-10.467	2.025	3.031
769	-10.466	2.022	4.882
985	-10.465	2.024	4.883
1043	-10.465	2.024	4.882
1064	-10.465	2.024	11.651
978	-10.465	2.024	2.034
1019	-10.465	2.024	2.034
1383	-10.437	2.013	2.059
1224	-10.437	2.014	2.040
1291	-10.437	2.014	5.815
884	-10.436	2.011	11.653
1251	-10.436	2.014	11.654
1263	-10.436	2.013	2.997
1264	-10.436	2.014	11.647
971	-10.434	2.012	3.622
1130	-10.434	2.011	3.620
1117	-10.433	2.012	3.620
1169	-10.433	2.012	3.620
968	-10.433	2.013	3.613
984	-10.433	2.012	3.613
896	-10.231	1.240	6.061
795	-10.231	1.242	6.061
802	-10.231	1.242	6.061
799	-10.231	1.244	6.061
871	-10.231	1.247	10.726
815	-10.231	1.244	11.850
827	-10.231	1.244	11.852
878	-10.231	1.244	6.063
935	-10.231	1.245	10.732
870	-10.231	1.245	10.732
872	-10.231	1.249	10.567
740	-10.230	1.241	10.567
725	-10.230	1.243	10.571
746	-10.230	1.244	10.572
718	-10.230	1.244	10.572
732	-10.230	1.244	10.577
754	-10.230	1.244	10.579
758	-10.230	1.244	11.806
759	-10.230	1.244	11.808
770	-10.230	1.244	3.088
736	-10.230	1.244	3.088
750	-10.230	1.245	3.088
898	-10.230	1.251	10.592
821	-10.229	1.240	6.195
733	-10.229	1.244	6.282
777	-10.228	1.237	5.993
1041	-10.227	1.242	5.926
1141	-10.227	1.244	3.023
1187	-10.227	1.246	11.854
957	-10.227	1.248	5.922
743	-10.211	1.630	3.028
1014	-10.194	1.244	3.017
859	-10.186	1.646	3.017
891	-10.186	1.646	4.534
1150	-10.173	1.244	3.016
1231	-10.173	1.822	5.932
1155	-10.167	1.888	3.018
1173	-10.164	1.901	3.048
1355	-10.141	1.766	2.785
1407	-10.140	1.699	2.785
1243	-10.132	1.880	2.785
1416	-10.099	2.976	8.886
1370	-10.023	3.119	12.433
1525	-9.787	3.273	6.063
830	-9.771	3.172	10.567
932	-9.771	3.172	10.571
768	-9.769	3.172	10.572
782	-9.769	3.172	10.572
929	-9.764	3.174	10.577
745	-9.762	3.174	11.806
763	-9.762	3.174	11.808
1479	-9.743	3.177	5.926
1367	-9.739	3.177	3.023
1337	-9.738	3.177	11.854
1249	-9.738	3.177	5.922
1261	-9.738	3.177	3.029
1265	-9.738	3.177	3.018
1524	-9.597	3.450	12.434
1384	-9.595	3.460	12.405
1319	-9.594	3.456	8.863
1222	-9.594	3.450	10.029
1246	-9.594	3.450	3.080
1288	-9.594	3.449	8.865
1546	-9.591	3.463	3.423
1257	-9.573	3.386	3.031
219	-9.570	3.385	3.031
1110	-9.569	3.385	4.882
225	-9.567	3.379	4.883
146	-9.565	3.385	4.882
1423	-9.565	3.386	11.650
1496	-9.565	3.385	2.033
339	-9.557	3.382	2.033
1494	-9.549	2.639	2.040
1483	-9.548	2.665	5.815
1349	-9.546	2.641	11.653
1289	-9.545	2.644	11.654
1431	-9.542	3.280	2.998
1539	-9.532	2.626	11.646
1415	-9.532	2.629	3.622
1508	-9.528	2.560	3.620
1235	-9.527	2.630	3.620
1239	-9.527	2.631	3.621
1203	-9.523	2.628	3.613
1502	-9.523	2.740	3.613
1343	-9.513	3.164	3.634
1360	-9.497	2.795	6.421
1522	-9.476	3.438	6.276
1574	-9.432	3.498	4.986
1342	-9.252	3.906	1.073
789	-9.058	3.462	4.739
869	-9.058	3.462	4.739
1067	-9.056	3.463	4.739
1073	-9.056	3.463	4.739
973	-9.053	3.463	4.740
956	-9.051	3.465	4.741
1017	-9.051	3.465	4.740
1034	-9.051	3.465	12.691
1143	-9.051	3.465	12.690
1206	-9.051	3.465	4.571
1556	-8.722	2.720	3.918
1433	-8.557	3.463	7.177
1325	-8.326	2.892	11.645
