803	-5.393	0.000	9.922
818	-5.393	0.000	9.921
819	-5.393	0.000	9.936
820	-5.393	0.000	8.723
821	-5.393	0.000	8.723
835	-5.393	0.000	5.528
844	-5.393	0.000	5.527
847	-5.393	0.000	5.527
850	-5.393	0.000	5.527
851	-5.393	0.000	8.428
852	-5.393	0.000	8.428
855	-5.393	0.000	8.428
856	-5.393	0.000	5.529
857	-5.393	0.000	9.197
858	-5.393	0.000	9.197
859	-5.393	0.000	9.022
860	-5.393	0.000	9.022
861	-5.393	0.000	9.022
862	-5.393	0.000	9.022
863	-5.393	0.000	9.022
867	-5.393	0.000	9.009
870	-5.393	0.000	9.007
871	-5.393	0.000	8.423
872	-5.393	0.000	8.422
873	-5.393	0.000	7.143
874	-5.393	0.000	7.143
876	-5.393	0.000	7.143
878	-5.393	0.000	8.997
880	-5.393	0.000	13.864
881	-5.393	0.000	13.900
765	-5.393	0.000	13.872
780	-5.393	0.000	13.500
784	-5.393	0.000	13.499
789	-5.393	0.000	9.161
797	-5.393	0.000	7.896
799	-5.393	0.000	7.889
800	-5.393	0.000	7.901
805	-5.393	0.000	7.901
809	-5.393	0.000	7.901
810	-5.393	0.000	7.901
827	-5.393	0.000	5.102
831	-5.393	0.000	7.902
838	-5.393	0.000	6.476
839	-5.393	0.000	9.165
896	-5.393	0.000	6.950
897	-5.393	0.000	11.875
898	-5.393	0.000	8.003
899	-5.393	0.000	8.003
900	-5.393	0.000	8.003
733	-5.383	0.005	7.999
734	-5.383	0.005	7.999
739	-5.383	0.005	7.999
740	-5.383	0.005	8.954
741	-5.383	0.005	7.999
742	-5.383	0.005	8.005
743	-5.383	0.005	8.005
744	-5.383	0.005	6.251
745	-5.383	0.005	1.988
750	-5.383	0.005	1.988
752	-5.383	0.005	1.988
753	-5.383	0.005	8.070
766	-5.383	0.005	8.925
769	-5.383	0.005	8.069
770	-5.383	0.005	9.709
771	-5.383	0.005	2.031
772	-5.383	0.005	2.031
778	-5.383	0.005	2.029
785	-5.383	0.005	2.038
801	-5.383	0.005	11.266
812	-5.383	0.005	11.266
826	-5.383	0.005	21.344
837	-5.383	0.005	21.346
853	-5.383	0.005	21.316
616	-5.383	0.005	1.453
617	-5.383	0.005	2.087
621	-5.383	0.005	7.421
632	-5.383	0.005	7.467
670	-5.383	0.005	0.024
671	-5.383	0.005	7.261
700	-5.383	0.005	7.261
722	-5.383	0.005	10.657
725	-5.383	0.005	10.659
726	-5.383	0.005	10.658
731	-5.383	0.005	20.350
1031	-5.382	0.002	9.296
1048	-5.382	0.002	9.296
1049	-5.382	0.002	9.317
1051	-5.382	0.002	11.599
1052	-5.382	0.002	11.584
1055	-5.382	0.002	20.352
1056	-5.382	0.002	11.581
1057	-5.382	0.002	7.371
1059	-5.382	0.002	11.212
1061	-5.382	0.002	7.380
1065	-5.382	0.002	7.388
1006	-5.382	0.002	7.387
1008	-5.382	0.002	7.387
1009	-5.382	0.002	7.368
1010	-5.382	0.002	7.368
1017	-5.382	0.002	7.373
1018	-5.382	0.002	7.396
1026	-5.382	0.002	8.117
1027	-5.382	0.002	3.909
1029	-5.382	0.002	3.427
1033	-5.382	0.002	3.430
1034	-5.382	0.002	3.540
1035	-5.382	0.002	11.964
1037	-5.382	0.002	3.032
1038	-5.382	0.002	3.032
1039	-5.382	0.002	3.032
1041	-5.382	0.002	3.032
1043	-5.382	0.002	11.961
1069	-5.382	0.002	3.025
1071	-5.382	0.002	3.024
1072	-5.382	0.002	10.777
1077	-5.382	0.002	9.991
1079	-5.382	0.002	9.988
1080	-5.382	0.002	9.987
1085	-5.382	0.002	21.371
911	-5.380	0.002	1.919
912	-5.380	0.002	2.151
914	-5.380	0.002	1.951
915	-5.380	0.002	9.649
930	-5.380	0.002	9.484
964	-5.380	0.002	9.483
977	-5.380	0.002	9.683
981	-5.380	0.002	9.676
983	-5.380	0.002	9.498
984	-5.380	0.002	9.498
985	-5.380	0.002	9.497
986	-5.380	0.002	9.497
987	-5.380	0.002	9.803
992	-5.380	0.002	9.806
993	-5.380	0.002	9.806
994	-5.380	0.002	9.806
917	-5.380	0.002	9.804
926	-5.380	0.002	8.756
927	-5.380	0.002	5.476
934	-5.380	0.002	5.476
940	-5.380	0.002	5.454
947	-5.380	0.002	5.474
948	-5.380	0.002	5.474
949	-5.380	0.002	5.474
950	-5.380	0.002	5.474
953	-5.380	0.002	5.474
955	-5.380	0.002	5.452
956	-5.380	0.002	5.479
957	-5.380	0.002	5.478
959	-5.380	0.002	5.478
988	-5.380	0.002	5.477
967	-5.380	0.002	10.213
905	-5.379	0.002	10.218
906	-5.379	0.002	10.222
907	-5.379	0.002	5.063
908	-5.379	0.002	5.063
909	-5.379	0.002	5.062
1068	-5.372	0.003	5.062
516	-5.370	0.004	5.171
539	-5.370	0.004	5.069
685	-5.370	0.004	5.069
686	-5.370	0.004	5.069
687	-5.370	0.004	5.284
688	-5.370	0.004	9.934
689	-5.370	0.004	9.922
691	-5.370	0.004	9.921
921	-5.370	0.004	9.936
931	-5.370	0.004	8.723
933	-5.370	0.004	8.723
937	-5.370	0.004	5.528
971	-5.370	0.004	5.527
817	-5.347	1.142	5.527
834	-5.347	1.142	5.527
848	-5.347	1.142	8.428
849	-5.347	1.142	8.428
865	-5.347	1.142	8.428
868	-5.347	1.142	5.529
869	-5.347	1.142	9.197
877	-5.347	1.142	9.197
904	-5.346	1.142	9.022
775	-5.346	1.141	9.022
776	-5.346	1.141	9.022
779	-5.346	1.141	9.022
781	-5.346	1.141	9.022
788	-5.346	1.141	9.009
791	-5.346	1.141	9.007
824	-5.346	1.141	8.423
825	-5.346	1.141	8.422
842	-5.346	1.141	7.143
883	-5.346	1.141	7.143
893	-5.346	1.141	7.143
1050	-5.340	1.143	8.997
1053	-5.340	1.143	13.864
1054	-5.340	1.143	13.900
1060	-5.340	1.143	13.872
1063	-5.340	1.143	13.500
1064	-5.340	1.143	13.499
1067	-5.340	1.143	9.161
1014	-5.339	1.142	7.896
1028	-5.339	1.142	7.889
1042	-5.339	1.142	7.901
1044	-5.339	1.142	7.901
1045	-5.339	1.142	7.901
1070	-5.339	1.142	7.901
1078	-5.339	1.142	5.102
1081	-5.339	1.142	7.902
1082	-5.339	1.142	6.476
1083	-5.339	1.142	9.165
969	-5.338	1.143	6.950
929	-5.338	1.143	11.875
980	-5.338	1.143	8.003
990	-5.338	1.143	8.003
991	-5.338	1.143	8.003
995	-5.338	1.143	7.999
997	-5.338	1.143	7.999
922	-5.337	1.143	7.999
924	-5.337	1.143	8.954
942	-5.337	1.143	7.999
943	-5.337	1.143	8.005
960	-5.337	1.143	8.005
961	-5.337	1.143	6.251
972	-5.337	1.143	1.988
973	-5.337	1.143	1.988
975	-5.337	1.143	1.988
732	-5.336	0.012	8.070
749	-5.336	0.012	8.925
757	-5.336	0.012	8.069
761	-5.336	0.012	9.709
762	-5.336	0.012	2.031
763	-5.336	0.012	2.031
796	-5.336	0.012	2.029
804	-5.336	0.012	2.038
828	-5.336	0.012	11.266
1187	-5.336	0.012	11.266
1188	-5.336	0.012	21.344
735	-5.328	1.138	21.346
736	-5.328	1.138	21.316
737	-5.328	1.138	1.453
748	-5.328	1.138	2.087
751	-5.328	1.138	7.421
755	-5.328	1.138	7.467
760	-5.328	1.138	0.024
764	-5.328	1.138	7.261
774	-5.328	1.138	7.261
783	-5.328	1.138	10.657
798	-5.328	1.138	10.659
806	-5.328	1.138	10.658
807	-5.328	1.138	20.350
808	-5.328	1.138	9.296
811	-5.328	1.138	9.296
822	-5.328	1.138	9.317
823	-5.328	1.138	11.599
840	-5.328	1.138	11.584
841	-5.328	1.138	20.352
882	-5.328	1.138	11.581
885	-5.328	1.138	7.371
886	-5.328	1.138	11.212
892	-5.328	1.138	7.380
622	-5.328	1.138	7.388
629	-5.328	1.138	7.387
631	-5.328	1.138	7.387
651	-5.328	1.138	7.368
654	-5.328	1.138	7.368
657	-5.328	1.138	7.373
660	-5.328	1.138	7.396
721	-5.328	1.138	8.117
724	-5.328	1.138	3.909
728	-5.328	1.138	3.427
729	-5.328	1.138	3.430
901	-5.328	1.138	3.540
1012	-5.321	1.139	11.964
1015	-5.321	1.139	3.032
1032	-5.321	1.139	3.032
1046	-5.321	1.139	3.032
325	-5.319	1.139	3.032
340	-5.319	1.139	11.961
343	-5.319	1.139	3.025
370	-5.319	1.139	3.024
371	-5.319	1.139	10.777
381	-5.319	1.139	9.991
387	-5.319	1.139	9.988
388	-5.319	1.139	9.987
401	-5.319	1.139	21.371
428	-5.319	1.139	1.919
435	-5.319	1.139	2.151
498	-5.319	1.139	1.951
500	-5.319	1.139	9.649
538	-5.319	1.139	9.484
540	-5.319	1.139	9.483
555	-5.319	1.139	9.683
690	-5.319	1.139	9.676
928	-5.319	1.139	9.498
963	-5.319	1.139	9.498
976	-5.319	1.139	9.497
979	-5.319	1.139	9.497
1002	-5.319	1.139	9.803
830	-5.281	1.133	9.806
723	-5.213	1.821	9.806
727	-5.213	1.821	9.806
747	-5.213	1.820	9.804
768	-5.213	1.821	8.756
887	-5.213	1.821	5.476
902	-5.213	1.821	5.476
790	-5.173	1.143	5.527
1003	-5.058	3.899	20.350
1004	-5.058	3.899	9.296
1024	-4.808	3.821	9.022
846	-4.523	1.742	9.161
875	-4.523	1.741	7.896
777	-4.517	1.751	7.889
815	-4.517	1.751	7.901
813	-4.390	2.128	7.901
836	-4.390	2.128	5.102
923	-4.387	2.133	7.902
