1394	-5.176	0.000	5.474
1396	-5.176	0.000	5.474
1401	-5.176	0.000	5.474
1408	-5.176	0.000	5.474
1409	-5.176	0.000	5.474
1410	-5.176	0.000	5.452
1415	-5.176	0.000	5.479
1421	-5.176	0.000	5.478
1422	-5.176	0.000	5.478
1427	-5.176	0.000	5.477
1428	-5.176	0.000	10.213
1435	-5.176	0.000	10.218
1436	-5.176	0.000	10.222
1458	-5.176	0.000	5.063
1462	-5.176	0.000	5.063
1464	-5.176	0.000	5.062
1473	-5.176	0.000	5.062
1474	-5.176	0.000	5.171
1482	-5.176	0.000	5.069
1493	-5.176	0.000	5.069
1500	-5.176	0.000	5.069
1501	-5.176	0.000	5.284
1507	-5.176	0.000	9.934
1508	-5.176	0.000	9.922
1517	-5.176	0.000	9.921
1523	-5.176	0.000	9.936
1551	-5.176	0.000	8.723
1553	-5.176	0.000	8.723
1554	-5.176	0.000	5.528
1556	-5.110	0.028	5.527
1562	-5.110	0.028	5.527
1395	-5.109	0.028	8.428
1416	-5.109	0.028	8.428
1417	-5.109	0.028	8.428
1418	-5.109	0.028	5.529
1434	-5.109	0.028	9.197
1445	-5.109	0.028	9.197
1446	-5.109	0.028	9.022
1447	-5.109	0.028	9.022
1448	-5.109	0.028	9.022
1454	-5.109	0.028	9.022
1460	-5.109	0.028	9.022
1461	-5.109	0.028	9.009
1465	-5.109	0.028	9.007
1467	-5.109	0.028	8.423
1486	-5.109	0.028	8.422
1489	-5.109	0.028	7.143
1491	-5.109	0.028	7.143
1492	-5.109	0.028	7.143
1525	-5.109	0.028	8.997
1527	-5.109	0.028	13.864
1543	-5.109	0.028	13.900
1547	-5.109	0.028	13.872
1552	-5.109	0.028	13.500
1557	-5.084	1.763	13.499
1558	-5.084	1.763	9.161
1559	-5.084	1.763	7.896
1560	-5.084	1.763	7.889
1561	-5.084	1.763	7.901
1563	-5.084	1.763	7.901
1565	-5.084	1.763	7.901
1567	-5.084	1.763	7.901
1568	-5.084	1.763	5.102
1397	-5.083	1.763	7.902
1398	-5.083	1.763	6.476
1403	-5.083	1.763	9.165
1404	-5.083	1.763	6.950
1413	-5.083	1.763	11.875
1419	-5.083	1.762	8.003
1420	-5.083	1.763	8.003
1423	-5.083	1.763	8.003
1426	-5.083	1.763	7.999
1429	-5.083	1.763	7.999
1431	-5.083	1.763	7.999
1432	-5.083	1.763	8.954
1438	-5.083	1.763	7.999
1439	-5.083	1.763	8.005
1440	-5.083	1.763	8.005
1441	-5.083	1.763	6.251
1455	-5.083	1.762	1.988
1456	-5.083	1.763	1.988
1457	-5.083	1.763	1.988
1459	-5.083	1.763	8.070
1466	-5.083	1.763	8.925
1468	-5.083	1.763	8.069
1469	-5.083	1.763	9.709
1481	-5.083	1.763	2.031
1484	-5.083	1.763	2.031
1485	-5.083	1.762	2.029
1488	-5.083	1.763	2.038
1498	-5.083	1.763	11.266
1502	-5.083	1.763	11.266
1503	-5.083	1.763	21.344
1506	-5.083	1.763	21.346
1511	-5.083	1.763	21.316
1514	-5.083	1.762	1.453
1515	-5.083	1.763	2.087
1516	-5.083	1.763	7.421
1521	-5.083	1.763	7.467
1522	-5.083	1.763	0.024
1535	-5.083	1.763	7.261
1536	-5.083	1.763	7.261
1542	-5.083	1.762	10.657
1545	-5.083	1.763	10.659
1548	-5.083	1.763	10.658
1430	-5.042	1.767	9.317
1449	-5.042	1.767	11.599
1463	-5.042	1.767	11.584
1513	-5.042	1.767	20.352
1499	-4.543	1.945	13.900
1537	-4.543	1.945	13.872
1538	-4.543	1.945	13.500
1539	-4.543	1.945	13.499
