7	-7.979	0.000	22.242
1405	-7.920	0.019	14.503
1452	-7.920	0.019	14.503
1505	-7.920	0.019	14.503
1133	-7.919	0.019	20.416
5	-7.917	0.021	9.986
6	-7.917	0.021	10.083
236	-7.917	0.021	9.986
249	-7.917	0.021	10.126
262	-7.917	0.021	10.128
294	-7.917	0.021	12.408
306	-7.917	0.020	14.097
311	-7.917	0.021	14.105
359	-7.917	0.021	14.087
383	-7.917	0.021	14.087
456	-7.917	0.020	14.087
523	-7.917	0.021	14.087
581	-7.917	0.021	16.503
696	-7.917	0.021	14.085
277	-7.913	0.018	15.067
389	-7.913	0.018	12.406
1145	-7.913	0.018	14.583
12	-7.913	0.021	10.905
15	-7.913	0.021	13.851
17	-7.913	0.021	13.851
18	-7.913	0.021	13.851
22	-7.913	0.021	13.854
26	-7.913	0.021	13.855
39	-7.913	0.021	13.855
42	-7.913	0.021	12.710
47	-7.913	0.021	13.854
48	-7.913	0.021	13.847
54	-7.913	0.021	13.847
55	-7.913	0.021	15.256
60	-7.913	0.021	20.990
61	-7.913	0.021	20.990
63	-7.913	0.021	20.991
64	-7.913	0.021	13.635
79	-7.913	0.021	12.743
84	-7.913	0.021	13.635
99	-7.913	0.021	20.996
100	-7.913	0.021	20.992
101	-7.913	0.021	20.992
102	-7.913	0.021	20.992
109	-7.913	0.021	20.992
112	-7.913	0.021	11.305
116	-7.913	0.021	11.305
118	-7.913	0.021	0.062
123	-7.913	0.021	0.066
124	-7.913	0.021	0.004
128	-7.913	0.021	20.985
135	-7.913	0.021	22.096
137	-7.913	0.021	14.468
138	-7.913	0.021	14.480
191	-7.913	0.021	21.333
194	-7.913	0.021	14.514
201	-7.913	0.021	14.514
97	-7.909	0.018	13.182
108	-7.909	0.018	13.182
162	-7.909	0.018	13.182
20	-7.909	0.018	3.061
38	-7.909	0.018	12.655
1296	-7.907	0.019	12.655
1	-7.855	3.541	12.643
4	-7.855	3.541	13.001
227	-7.855	3.541	13.000
229	-7.855	3.541	3.063
230	-7.855	3.541	13.001
231	-7.855	3.541	14.443
233	-7.855	3.541	12.969
234	-7.855	3.541	14.646
235	-7.855	3.541	14.642
241	-7.855	3.541	14.642
242	-7.855	3.541	14.642
243	-7.855	3.541	14.651
245	-7.855	3.541	14.651
248	-7.855	3.541	14.648
250	-7.855	3.541	14.629
251	-7.855	3.541	14.362
256	-7.855	3.541	18.093
258	-7.855	3.541	18.556
260	-7.855	3.541	18.551
263	-7.855	3.541	18.498
264	-7.855	3.541	11.274
265	-7.855	3.541	19.285
266	-7.855	3.541	19.285
269	-7.855	3.541	19.285
273	-7.855	3.541	19.285
274	-7.855	3.541	11.282
275	-7.855	3.541	19.294
278	-7.855	3.541	19.295
279	-7.855	3.541	13.107
280	-7.855	3.541	13.919
283	-7.855	3.541	13.920
286	-7.855	3.541	13.921
287	-7.855	3.541	1.799
288	-7.855	3.541	21.161
291	-7.855	3.541	20.805
297	-7.855	3.541	22.298
298	-7.855	3.541	19.989
301	-7.855	3.541	19.385
302	-7.855	3.541	19.385
303	-7.855	3.541	20.000
307	-7.855	3.541	20.007
308	-7.855	3.541	19.407
309	-7.855	3.541	19.409
310	-7.855	3.541	19.410
313	-7.855	3.541	19.411
314	-7.855	3.541	20.516
315	-7.855	3.541	20.518
316	-7.855	3.541	20.519
317	-7.855	3.541	20.518
318	-7.855	3.541	20.532
324	-7.855	3.541	13.017
326	-7.855	3.541	16.939
327	-7.855	3.541	16.939
329	-7.855	3.541	16.948
334	-7.855	3.541	16.940
336	-7.855	3.541	16.940
337	-7.855	3.541	16.940
338	-7.855	3.541	16.940
339	-7.855	3.541	16.940
342	-7.855	3.541	16.940
348	-7.855	3.541	16.937
349	-7.855	3.541	16.938
351	-7.855	3.541	16.938
353	-7.855	3.541	16.938
361	-7.855	3.541	20.755
366	-7.855	3.541	20.748
368	-7.855	3.541	20.750
369	-7.855	3.541	16.941
372	-7.855	3.541	16.941
373	-7.855	3.541	16.941
377	-7.855	3.541	16.941
378	-7.855	3.541	16.849
379	-7.855	3.541	16.938
380	-7.855	3.541	16.938
382	-7.855	3.541	16.938
384	-7.855	3.541	16.868
385	-7.855	3.541	21.133
386	-7.855	3.541	21.126
391	-7.855	3.541	21.125
392	-7.855	3.541	21.147
395	-7.855	3.541	13.123
398	-7.855	3.541	13.123
399	-7.855	3.541	17.376
402	-7.855	3.541	17.376
403	-7.855	3.541	17.376
404	-7.855	3.541	17.376
405	-7.855	3.541	22.294
406	-7.855	3.541	22.292
410	-7.855	3.541	22.295
412	-7.855	3.541	17.377
413	-7.855	3.541	20.478
414	-7.855	3.541	20.478
415	-7.855	3.541	20.364
416	-7.855	3.541	20.364
417	-7.855	3.541	20.367
418	-7.855	3.541	20.370
425	-7.855	3.541	20.369
426	-7.855	3.541	20.383
427	-7.855	3.541	20.387
429	-7.855	3.541	22.243
431	-7.855	3.541	22.242
432	-7.855	3.541	14.503
436	-7.855	3.541	14.503
437	-7.855	3.541	14.503
438	-7.855	3.541	20.416
439	-7.855	3.541	9.986
440	-7.855	3.541	10.083
441	-7.855	3.541	9.986
442	-7.855	3.541	10.126
443	-7.855	3.541	10.128
445	-7.855	3.541	12.408
446	-7.855	3.541	14.097
448	-7.855	3.541	14.105
449	-7.855	3.541	14.087
450	-7.855	3.541	14.087
451	-7.855	3.541	14.087
455	-7.855	3.541	14.087
458	-7.855	3.541	16.503
459	-7.855	3.541	14.086
460	-7.855	3.541	15.067
465	-7.855	3.541	12.406
466	-7.855	3.541	14.583
467	-7.855	3.541	10.905
468	-7.855	3.541	13.851
469	-7.855	3.541	13.851
470	-7.855	3.541	13.851
471	-7.855	3.541	13.854
472	-7.855	3.541	13.855
474	-7.855	3.541	13.855
475	-7.855	3.541	12.711
476	-7.855	3.541	13.854
477	-7.855	3.541	13.847
479	-7.855	3.541	13.847
480	-7.855	3.541	15.257
483	-7.855	3.541	20.990
484	-7.855	3.541	20.990
485	-7.855	3.541	20.991
486	-7.855	3.541	13.635
487	-7.855	3.541	12.743
488	-7.855	3.541	13.635
489	-7.855	3.541	20.996
491	-7.855	3.541	20.992
492	-7.855	3.541	20.992
495	-7.855	3.541	20.992
496	-7.855	3.541	20.992
497	-7.855	3.541	11.305
499	-7.855	3.541	11.305
504	-7.855	3.541	0.062
505	-7.855	3.541	0.067
509	-7.855	3.541	0.004
512	-7.855	3.541	20.985
513	-7.855	3.541	22.096
514	-7.855	3.541	14.468
515	-7.855	3.541	14.480
520	-7.855	3.541	21.333
524	-7.855	3.541	14.515
525	-7.855	3.541	14.515
526	-7.855	3.541	13.182
529	-7.855	3.541	13.182
530	-7.855	3.541	13.182
534	-7.855	3.541	3.061
545	-7.855	3.541	12.655
546	-7.855	3.541	12.655
547	-7.855	3.541	12.643
548	-7.855	3.541	13.001
549	-7.855	3.541	13.000
550	-7.855	3.541	3.063
553	-7.855	3.541	13.001
556	-7.855	3.541	14.443
563	-7.855	3.541	12.969
565	-7.855	3.541	14.646
566	-7.855	3.541	14.642
568	-7.855	3.541	14.642
569	-7.855	3.541	14.642
570	-7.855	3.541	14.651
573	-7.855	3.541	14.651
574	-7.855	3.541	14.648
577	-7.855	3.541	14.629
578	-7.855	3.541	14.362
580	-7.855	3.541	18.093
582	-7.855	3.541	18.556
584	-7.855	3.541	18.551
585	-7.855	3.541	18.498
587	-7.855	3.541	11.274
588	-7.855	3.541	19.285
589	-7.855	3.541	19.285
591	-7.855	3.541	19.285
592	-7.855	3.541	19.285
593	-7.855	3.541	11.282
596	-7.855	3.541	19.294
598	-7.855	3.541	19.295
602	-7.855	3.541	13.107
603	-7.855	3.541	13.919
604	-7.855	3.541	13.920
605	-7.855	3.541	13.921
607	-7.855	3.541	1.799
609	-7.855	3.541	21.161
611	-7.855	3.541	20.805
612	-7.855	3.541	22.298
613	-7.855	3.541	8.613
618	-7.855	3.541	8.367
619	-7.855	3.541	8.366
624	-7.855	3.541	8.645
626	-7.855	3.541	8.639
627	-7.855	3.541	8.379
630	-7.855	3.541	8.380
634	-7.855	3.541	8.379
635	-7.855	3.541	8.378
636	-7.855	3.541	8.727
638	-7.855	3.541	8.730
640	-7.855	3.541	8.729
642	-7.855	3.541	8.730
644	-7.855	3.541	8.729
645	-7.855	3.541	8.474
648	-7.855	3.541	5.857
650	-7.855	3.541	5.857
652	-7.855	3.541	5.835
653	-7.855	3.541	5.855
655	-7.855	3.541	5.855
656	-7.855	3.541	5.855
658	-7.855	3.541	5.855
663	-7.855	3.541	5.855
665	-7.855	3.541	5.831
667	-7.855	3.541	5.860
669	-7.855	3.541	5.859
672	-7.855	3.541	5.859
673	-7.855	3.541	5.858
674	-7.855	3.541	9.131
675	-7.855	3.541	9.135
679	-7.855	3.541	9.139
680	-7.855	3.541	5.299
682	-7.855	3.541	5.299
683	-7.855	3.541	5.298
684	-7.855	3.541	5.298
695	-7.855	3.541	5.438
698	-7.855	3.541	5.306
701	-7.855	3.541	5.306
702	-7.855	3.541	5.306
703	-7.855	3.541	5.614
704	-7.855	3.541	8.797
707	-7.855	3.541	8.785
708	-7.855	3.541	8.785
711	-7.855	3.541	8.800
712	-7.855	3.541	8.476
713	-7.855	3.541	8.476
714	-7.855	3.541	6.142
715	-7.855	3.541	6.141
718	-7.855	3.541	6.141
719	-7.855	3.541	6.141
720	-7.855	3.541	7.437
730	-7.855	3.541	7.437
738	-7.855	3.541	7.437
746	-7.855	3.541	6.143
754	-7.855	3.541	8.048
756	-7.855	3.541	8.048
758	-7.855	3.541	7.882
759	-7.855	3.541	7.882
773	-7.855	3.541	7.881
793	-7.855	3.541	7.881
794	-7.855	3.541	7.881
795	-7.855	3.541	7.866
802	-7.855	3.541	7.864
816	-7.855	3.541	7.426
832	-7.855	3.541	7.425
843	-7.855	3.541	6.857
854	-7.855	3.541	6.857
864	-7.855	3.541	6.857
866	-7.855	3.541	7.858
889	-7.855	3.541	13.142
894	-7.855	3.541	13.184
903	-7.855	3.541	13.148
910	-7.855	3.541	12.785
918	-7.855	3.541	12.784
919	-7.855	3.541	8.860
920	-7.855	3.541	7.939
932	-7.855	3.541	7.932
935	-7.855	3.541	7.942
978	-7.855	3.541	7.942
1011	-7.855	3.541	7.942
1030	-7.855	3.541	7.942
1047	-7.855	3.541	5.143
1066	-7.855	3.541	7.942
536	-7.855	3.540	6.317
1058	-7.855	3.536	8.863
966	-7.855	3.528	6.631
8	-7.854	3.541	11.219
10	-7.854	3.541	7.990
11	-7.854	3.541	7.990
14	-7.854	3.541	7.990
21	-7.854	3.541	7.987
27	-7.854	3.541	7.987
28	-7.854	3.541	7.987
31	-7.854	3.541	8.718
32	-7.854	3.541	7.987
33	-7.854	3.541	7.992
34	-7.854	3.541	7.992
40	-7.854	3.541	6.167
41	-7.854	3.541	1.458
43	-7.854	3.541	1.458
44	-7.854	3.541	1.458
45	-7.854	3.541	7.729
49	-7.854	3.541	8.692
50	-7.854	3.541	7.728
51	-7.854	3.541	8.484
52	-7.854	3.541	1.472
53	-7.854	3.541	1.472
56	-7.854	3.541	1.471
57	-7.854	3.541	1.475
58	-7.854	3.541	10.637
59	-7.854	3.541	10.637
62	-7.854	3.541	21.010
66	-7.854	3.541	21.011
67	-7.854	3.541	20.984
68	-7.854	3.541	0.001
69	-7.854	3.541	3.239
70	-7.854	3.541	7.413
71	-7.854	3.541	7.478
72	-7.854	3.541	1.465
74	-7.854	3.541	7.250
77	-7.854	3.541	7.250
78	-7.854	3.541	9.728
85	-7.854	3.541	9.729
86	-7.854	3.541	9.728
87	-7.854	3.541	20.093
88	-7.854	3.541	8.820
91	-7.854	3.541	8.820
92	-7.854	3.541	8.838
95	-7.854	3.541	10.612
96	-7.854	3.541	10.598
98	-7.854	3.541	20.095
103	-7.854	3.541	10.595
106	-7.854	3.541	7.387
110	-7.854	3.541	10.727
113	-7.854	3.541	6.764
114	-7.854	3.541	6.770
115	-7.854	3.541	6.769
119	-7.854	3.541	6.770
120	-7.854	3.541	6.755
122	-7.854	3.541	6.755
125	-7.854	3.541	6.759
126	-7.854	3.541	6.781
127	-7.854	3.541	7.335
129	-7.854	3.541	3.998
131	-7.854	3.541	3.500
132	-7.854	3.541	3.502
133	-7.854	3.541	3.179
134	-7.854	3.541	11.195
136	-7.854	3.541	3.256
139	-7.854	3.541	3.256
140	-7.854	3.541	3.256
141	-7.854	3.541	3.256
143	-7.854	3.541	11.190
144	-7.854	3.541	3.249
145	-7.854	3.541	3.249
146	-7.854	3.541	9.838
147	-7.854	3.541	9.023
148	-7.854	3.541	9.021
149	-7.854	3.541	9.020
150	-7.854	3.541	20.988
152	-7.854	3.541	2.874
155	-7.854	3.541	2.859
156	-7.854	3.541	2.608
157	-7.854	3.541	8.612
158	-7.854	3.541	8.366
159	-7.854	3.541	8.365
160	-7.854	3.541	8.644
161	-7.854	3.541	8.638
163	-7.854	3.541	8.378
164	-7.854	3.541	8.379
168	-7.854	3.541	8.378
169	-7.854	3.541	8.377
170	-7.854	3.541	8.726
171	-7.854	3.541	8.729
172	-7.854	3.541	8.728
175	-7.854	3.541	8.729
176	-7.854	3.541	8.728
177	-7.854	3.541	8.474
179	-7.854	3.541	5.858
180	-7.854	3.541	5.858
182	-7.854	3.541	5.835
183	-7.854	3.541	5.856
187	-7.854	3.541	5.856
188	-7.854	3.541	5.856
189	-7.854	3.541	5.856
192	-7.854	3.541	5.856
193	-7.854	3.541	5.832
195	-7.854	3.541	5.860
196	-7.854	3.541	5.860
197	-7.854	3.541	5.860
205	-7.854	3.541	5.859
206	-7.854	3.541	9.130
207	-7.854	3.541	9.134
208	-7.854	3.541	9.138
209	-7.854	3.541	5.299
213	-7.854	3.541	5.299
214	-7.854	3.541	5.299
217	-7.854	3.541	5.299
220	-7.854	3.541	5.438
221	-7.854	3.541	5.306
222	-7.854	3.541	5.306
223	-7.854	3.541	5.306
224	-7.854	3.541	5.615
225	-7.854	3.541	8.796
936	-7.619	3.516	8.784
941	-7.616	3.517	8.783
1019	-7.616	3.517	8.799
954	-7.615	3.517	8.476
2	-7.466	0.879	8.476
3	-7.466	0.879	6.143
246	-7.466	0.879	6.142
271	-7.466	0.879	6.142
276	-7.466	0.879	6.142
293	-7.466	0.879	7.436
295	-7.466	0.879	7.435
352	-7.466	0.879	7.436
397	-7.466	0.879	6.144
407	-7.466	0.879	8.046
411	-7.466	0.879	8.047
528	-7.466	0.879	7.881
590	-7.466	0.879	7.881
9	-7.461	0.880	7.880
13	-7.461	0.880	7.880
16	-7.461	0.880	7.880
19	-7.461	0.880	7.865
23	-7.461	0.880	7.863
24	-7.461	0.880	7.425
30	-7.461	0.880	7.424
35	-7.461	0.880	6.857
46	-7.461	0.880	6.857
65	-7.461	0.880	6.857
73	-7.461	0.880	7.857
75	-7.461	0.880	13.142
76	-7.461	0.880	13.184
81	-7.461	0.880	13.148
82	-7.461	0.880	12.785
83	-7.461	0.880	12.784
105	-7.461	0.880	8.860
153	-7.461	0.880	7.939
154	-7.461	0.880	7.933
165	-7.461	0.880	7.942
166	-7.461	0.880	7.942
167	-7.461	0.880	7.942
184	-7.461	0.880	7.942
190	-7.461	0.880	5.144
204	-7.461	0.880	7.943
215	-7.461	0.880	6.317
218	-7.461	0.880	8.863
219	-7.461	0.880	6.631
1073	-7.461	0.881	11.218
181	-7.456	0.881	7.991
1185	-7.456	0.880	7.991
1203	-7.456	0.880	7.991
1215	-7.456	0.880	7.987
1122	-7.456	0.880	7.987
1402	-7.002	1.979	7.987
1424	-7.002	1.979	8.718
1478	-7.002	1.979	7.987
1479	-7.002	1.979	7.993
1497	-7.002	1.979	7.993
1504	-7.002	1.979	6.167
1528	-7.002	1.979	1.458
1530	-7.002	1.979	1.458
1544	-7.002	1.979	1.458
1546	-7.002	1.979	7.729
1131	-6.999	1.967	8.692
676	-6.997	1.988	7.727
786	-6.997	1.988	8.482
1159	-6.997	1.988	1.472
1163	-6.997	1.987	1.472
1170	-6.997	1.987	1.471
610	-6.996	2.004	1.475
615	-6.996	2.005	10.637
620	-6.996	2.004	10.637
623	-6.996	2.004	21.010
628	-6.996	2.004	21.011
641	-6.996	2.004	20.984
649	-6.996	2.004	0.000
659	-6.996	2.004	3.240
662	-6.996	2.004	7.413
664	-6.996	2.004	7.478
666	-6.996	2.004	1.467
694	-6.996	2.004	7.251
716	-6.996	2.004	7.251
717	-6.996	2.004	9.727
228	-6.996	1.980	9.728
237	-6.996	1.980	9.727
238	-6.996	1.980	20.093
239	-6.996	1.980	8.820
255	-6.996	1.980	8.820
272	-6.996	1.980	8.838
290	-6.996	1.980	10.611
296	-6.996	1.980	10.597
299	-6.996	1.980	20.095
312	-6.996	1.980	10.594
321	-6.996	1.980	7.388
322	-6.996	1.980	10.727
323	-6.996	1.980	6.764
328	-6.996	1.980	6.770
350	-6.996	1.980	6.769
357	-6.996	1.980	6.769
358	-6.996	1.980	6.755
364	-6.996	1.980	6.755
365	-6.996	1.980	6.759
375	-6.996	1.980	6.781
421	-6.996	1.980	7.335
434	-6.996	1.980	3.998
457	-6.996	1.980	3.500
522	-6.996	1.980	3.502
541	-6.996	1.980	3.179
576	-6.996	1.980	11.195
583	-6.996	1.980	3.257
599	-6.996	1.980	3.257
606	-6.996	1.980	3.257
925	-6.996	1.980	3.257
938	-6.996	1.980	11.190
944	-6.996	1.980	3.250
958	-6.996	1.980	3.250
965	-6.996	1.980	9.838
968	-6.996	1.980	9.023
974	-6.996	1.980	9.020
982	-6.996	1.980	9.019
1016	-6.996	1.980	20.988
1076	-6.996	1.980	2.875
1084	-6.996	1.980	2.860
1087	-6.996	1.980	2.609
1088	-6.996	1.980	8.612
1089	-6.996	1.980	8.366
1099	-6.996	1.980	8.365
1102	-6.996	1.980	8.644
1103	-6.996	1.980	8.638
1104	-6.996	1.980	8.378
1105	-6.996	1.980	8.379
1108	-6.996	1.980	8.378
1111	-6.996	1.980	8.377
1112	-6.996	1.980	8.726
1113	-6.996	1.980	8.729
1114	-6.996	1.980	8.728
232	-6.995	1.997	8.729
244	-6.995	1.997	8.728
261	-6.995	1.997	8.474
267	-6.995	1.997	5.858
281	-6.995	1.997	0.000
284	-6.995	1.997	5.835
319	-6.995	1.997	5.856
320	-6.995	1.997	5.856
393	-6.995	1.997	5.856
394	-6.995	1.997	5.856
420	-6.995	1.997	5.856
444	-6.995	1.997	5.832
454	-6.995	1.997	5.860
490	-6.995	1.997	5.860
503	-6.995	1.997	5.860
506	-6.995	1.997	5.859
507	-6.995	1.997	9.130
510	-6.995	1.997	9.134
567	-6.995	1.997	9.138
572	-6.995	1.997	5.299
575	-6.995	1.997	5.299
579	-6.995	1.997	5.299
681	-6.995	1.997	5.299
240	-6.995	1.997	5.438
282	-6.995	1.997	5.306
285	-6.995	1.997	5.306
335	-6.995	1.997	5.306
360	-6.995	1.997	5.615
422	-6.995	1.997	8.796
423	-6.995	1.997	8.784
453	-6.995	1.997	8.783
531	-6.995	1.997	8.799
543	-6.995	1.997	8.476
586	-6.995	1.997	8.476
1384	-6.992	1.905	6.143
1388	-6.992	1.905	6.142
1389	-6.992	1.905	6.142
1399	-6.992	1.905	6.142
1400	-6.992	1.905	7.436
1412	-6.992	1.905	7.435
1442	-6.992	1.905	7.436
1453	-6.992	1.905	6.144
1470	-6.992	1.905	8.046
1483	-6.992	1.905	8.047
1490	-6.992	1.905	7.881
1510	-6.992	1.905	7.881
1524	-6.992	1.905	7.880
1534	-6.992	1.905	7.880
1549	-6.992	1.905	7.880
1550	-6.992	1.905	7.865
1566	-6.992	1.906	7.863
117	-6.991	1.983	7.425
130	-6.991	1.983	7.424
142	-6.991	1.983	6.857
173	-6.991	1.983	6.857
210	-6.991	1.983	6.857
211	-6.991	1.983	7.857
25	-6.990	2.000	13.142
29	-6.990	2.000	13.184
36	-6.990	2.000	13.148
37	-6.990	2.000	12.785
80	-6.990	2.000	12.784
89	-6.990	2.000	8.860
90	-6.990	2.000	7.939
93	-6.990	2.000	7.933
94	-6.990	2.000	7.942
111	-6.990	2.000	7.942
121	-6.990	2.000	7.942
151	-6.990	2.000	7.942
174	-6.990	2.000	5.144
186	-6.990	2.000	7.943
202	-6.990	2.000	6.317
203	-6.990	2.000	8.863
1132	-6.990	1.897	6.631
1137	-6.990	1.897	11.218
1357	-6.990	1.897	7.991
1359	-6.990	1.897	7.991
1362	-6.990	1.897	7.991
1366	-6.990	1.897	7.987
1367	-6.990	1.897	7.987
1371	-6.990	1.897	7.987
1372	-6.990	1.897	8.718
1374	-6.990	1.897	7.987
1288	-6.989	1.922	7.993
1258	-6.989	1.923	7.993
1262	-6.989	1.923	6.167
1267	-6.989	1.923	1.458
1270	-6.989	1.923	1.458
1274	-6.989	1.923	1.458
1275	-6.989	1.924	7.729
1276	-6.989	1.923	8.692
1278	-6.989	1.923	7.727
1283	-6.989	1.923	8.482
1285	-6.989	1.923	1.472
1290	-6.989	1.923	1.472
1295	-6.989	1.923	1.471
1303	-6.989	1.923	1.475
1304	-6.989	1.923	10.637
1306	-6.989	1.923	10.637
1308	-6.989	1.923	21.010
1311	-6.989	1.923	21.011
1313	-6.989	1.923	20.984
1322	-6.989	1.923	0.000
1323	-6.989	1.923	3.240
1324	-6.989	1.923	7.413
1325	-6.989	1.923	7.478
1329	-6.989	1.924	1.467
1331	-6.989	1.924	7.251
1340	-6.989	1.923	7.251
1342	-6.989	1.923	9.727
1344	-6.989	1.923	9.728
1345	-6.989	1.923	9.727
1346	-6.989	1.924	20.093
1356	-6.989	1.923	8.820
608	-6.987	1.913	8.820
693	-6.987	1.913	8.838
895	-6.987	1.913	10.611
1124	-6.987	1.913	10.597
1127	-6.987	1.913	20.095
1128	-6.987	1.913	10.594
1146	-6.987	1.913	7.388
1174	-6.987	1.913	10.727
1177	-6.987	1.913	6.764
1179	-6.987	1.913	6.770
1181	-6.987	1.913	6.769
1192	-6.987	1.913	6.769
1198	-6.987	1.913	6.755
1201	-6.987	1.913	6.755
1205	-6.987	1.913	6.759
1212	-6.987	1.913	6.781
1213	-6.987	1.913	7.335
1216	-6.987	1.913	3.998
1223	-6.987	1.913	3.500
1226	-6.987	1.913	3.502
1229	-6.987	1.913	3.179
1235	-6.987	1.913	11.195
1236	-6.987	1.913	3.257
1244	-6.987	1.913	3.257
1245	-6.987	1.913	3.257
1247	-6.987	1.913	3.257
1252	-6.987	1.913	11.190
1302	-6.986	1.908	3.250
1143	-6.985	1.930	3.250
1148	-6.985	1.930	9.838
1149	-6.985	1.931	9.023
1151	-6.985	1.930	9.020
1160	-6.985	1.931	9.019
1161	-6.985	1.931	20.988
1164	-6.985	1.931	2.875
1169	-6.985	1.931	2.860
1172	-6.985	1.931	2.609
1173	-6.985	1.931	8.612
1180	-6.985	1.931	8.366
1184	-6.985	1.931	8.365
1186	-6.985	1.931	8.644
1195	-6.985	1.930	8.638
1204	-6.985	1.931	8.378
1564	-6.984	2.395	8.379
1437	-6.983	2.395	8.378
1443	-6.983	2.395	8.377
1450	-6.983	2.395	8.726
1451	-6.983	2.395	8.729
1471	-6.983	2.395	8.728
1472	-6.983	2.395	8.729
1487	-6.983	2.395	8.728
1494	-6.983	2.395	8.474
1495	-6.983	2.395	5.858
1496	-6.983	2.395	5.858
1518	-6.983	2.395	5.835
1519	-6.983	2.395	5.856
1520	-6.983	2.395	5.856
1526	-6.983	2.395	5.856
1529	-6.983	2.395	5.856
1531	-6.983	2.395	5.856
1533	-6.983	2.395	5.832
1134	-6.982	2.394	5.860
1135	-6.982	2.394	5.860
1136	-6.982	2.394	5.860
1139	-6.982	2.394	5.859
1140	-6.982	2.394	9.130
1141	-6.982	2.394	9.134
1142	-6.982	2.394	9.138
1300	-6.981	2.396	5.299
1379	-6.981	1.842	5.299
637	-6.979	2.395	5.299
845	-6.979	2.395	5.299
884	-6.979	2.395	5.438
890	-6.979	2.395	5.306
1130	-6.979	2.395	5.306
1156	-6.979	2.395	5.306
1162	-6.979	2.395	5.615
1165	-6.979	2.395	8.796
1167	-6.979	2.395	8.784
1168	-6.979	2.395	8.783
1189	-6.979	2.395	8.799
254	-6.977	2.394	8.476
257	-6.977	2.394	8.476
259	-6.977	2.394	6.143
270	-6.977	2.394	6.142
292	-6.977	2.394	6.142
300	-6.977	2.394	6.142
304	-6.977	2.394	7.436
305	-6.977	2.394	7.435
330	-6.977	2.394	7.436
331	-6.977	2.394	6.144
341	-6.977	2.394	8.046
345	-6.977	2.394	8.047
346	-6.977	2.394	7.881
354	-6.977	2.394	7.881
355	-6.977	2.394	7.880
356	-6.977	2.394	7.880
374	-6.977	2.394	7.880
390	-6.977	2.394	7.865
396	-6.977	2.394	7.863
400	-6.977	2.394	7.425
424	-6.977	2.394	7.424
463	-6.977	2.394	6.857
464	-6.977	2.394	6.857
478	-6.977	2.394	6.857
481	-6.977	2.394	7.857
482	-6.977	2.394	13.142
493	-6.977	2.394	13.184
494	-6.977	2.394	13.148
508	-6.977	2.394	12.785
518	-6.977	2.394	12.784
519	-6.977	2.394	8.860
527	-6.977	2.394	7.939
537	-6.977	2.394	7.933
597	-6.977	2.394	7.942
962	-6.977	2.394	7.942
1086	-6.977	2.394	7.942
1090	-6.977	2.394	7.942
1091	-6.977	2.394	5.144
1092	-6.977	2.394	7.943
1093	-6.977	2.394	6.317
1100	-6.977	2.394	8.863
1106	-6.977	2.394	6.631
1110	-6.977	2.394	11.218
1115	-6.977	2.394	7.991
1116	-6.977	2.394	7.991
1117	-6.977	2.394	7.991
1119	-6.977	2.394	7.987
1121	-6.977	2.394	7.987
639	-6.973	2.397	7.987
647	-6.973	2.397	8.718
661	-6.973	2.397	7.987
697	-6.973	2.397	7.993
814	-6.973	2.397	7.993
888	-6.973	2.397	6.167
107	-6.972	2.394	1.458
178	-6.972	2.394	1.458
198	-6.972	2.394	1.458
199	-6.972	2.394	7.729
200	-6.972	2.394	8.692
362	-6.971	2.395	7.727
433	-6.971	2.395	8.482
452	-6.971	2.395	1.472
462	-6.971	2.395	1.472
511	-6.971	2.395	1.471
517	-6.971	2.395	1.475
542	-6.971	2.395	10.637
544	-6.971	2.395	10.637
559	-6.971	2.395	21.010
560	-6.971	2.395	21.011
185	-6.966	2.396	20.984
1376	-6.965	2.376	0.000
1377	-6.965	2.376	3.240
1378	-6.965	2.376	7.413
1380	-6.965	2.376	7.478
1383	-6.965	2.376	1.467
1385	-6.965	2.376	7.251
1386	-6.965	2.376	7.251
1387	-6.965	2.376	9.727
1390	-6.965	2.376	9.728
1391	-6.965	2.376	9.727
1393	-6.965	2.376	20.093
1406	-6.965	2.376	8.820
1407	-6.965	2.376	8.820
1411	-6.965	2.376	8.838
1414	-6.965	2.376	10.611
1425	-6.965	2.376	10.597
1433	-6.965	2.376	20.095
1444	-6.965	2.376	10.594
1475	-6.965	2.376	7.388
1476	-6.965	2.376	10.727
1477	-6.965	2.376	6.764
1509	-6.965	2.376	6.770
1512	-6.965	2.376	6.769
1532	-6.965	2.376	6.769
1540	-6.965	2.376	6.755
1541	-6.965	2.376	6.755
1256	-6.964	2.378	6.759
1257	-6.964	2.378	6.781
1259	-6.964	2.378	7.335
1260	-6.964	2.378	3.998
1261	-6.964	2.378	3.500
1263	-6.964	2.378	3.502
1264	-6.964	2.378	3.179
1265	-6.964	2.378	11.195
1266	-6.964	2.378	3.257
1268	-6.964	2.378	3.257
1269	-6.964	2.378	3.257
1271	-6.964	2.378	3.257
1272	-6.964	2.378	11.190
1273	-6.964	2.378	3.250
1279	-6.964	2.378	3.250
1280	-6.964	2.378	9.838
1281	-6.964	2.378	9.023
1282	-6.964	2.378	9.020
1284	-6.964	2.378	9.019
1286	-6.964	2.378	20.988
1287	-6.964	2.378	2.875
1289	-6.964	2.378	2.860
1292	-6.964	2.378	2.609
1293	-6.964	2.378	8.612
1294	-6.964	2.378	8.366
1297	-6.964	2.378	8.365
1299	-6.964	2.378	8.644
1301	-6.964	2.378	8.638
1327	-6.964	2.378	8.378
1328	-6.964	2.378	8.379
1332	-6.964	2.378	8.378
1333	-6.964	2.378	8.377
1334	-6.964	2.378	8.726
1338	-6.964	2.378	8.729
1339	-6.964	2.378	8.728
1349	-6.964	2.378	8.729
1351	-6.964	2.378	8.728
1352	-6.964	2.378	8.474
1353	-6.964	2.378	5.858
1354	-6.964	2.378	5.858
1355	-6.964	2.378	5.835
1291	-6.964	2.378	5.856
1305	-6.964	2.378	5.856
1307	-6.964	2.378	5.856
1309	-6.964	2.378	5.856
1310	-6.964	2.378	5.856
1312	-6.964	2.378	5.832
1314	-6.964	2.378	5.860
1315	-6.964	2.378	5.860
1316	-6.964	2.378	5.860
1317	-6.964	2.378	5.859
1318	-6.964	2.378	9.130
1321	-6.964	2.378	9.134
1330	-6.964	2.378	9.138
1335	-6.964	2.378	5.299
1336	-6.964	2.378	5.299
1343	-6.964	2.378	5.299
1347	-6.964	2.378	5.299
1348	-6.964	2.378	5.438
1350	-6.964	2.378	5.306
1138	-6.963	2.375	5.306
1358	-6.963	2.375	5.306
1360	-6.963	2.375	5.615
1361	-6.963	2.375	8.796
1363	-6.963	2.375	8.784
1364	-6.963	2.375	8.783
1365	-6.963	2.375	8.799
1368	-6.963	2.375	8.476
1369	-6.963	2.375	8.476
1370	-6.963	2.375	6.143
1373	-6.963	2.375	6.142
1152	-6.961	2.376	6.142
1153	-6.961	2.376	6.142
1154	-6.961	2.376	7.436
1175	-6.961	2.376	7.435
1182	-6.961	2.376	7.436
1183	-6.961	2.376	6.144
1190	-6.961	2.376	8.046
1191	-6.961	2.376	8.047
1193	-6.961	2.376	7.881
1194	-6.961	2.376	7.881
1196	-6.961	2.376	7.880
1206	-6.961	2.376	7.880
1207	-6.961	2.376	7.880
1209	-6.961	2.376	7.865
1211	-6.961	2.376	7.863
1214	-6.961	2.376	7.425
1217	-6.961	2.376	7.424
1218	-6.961	2.376	6.857
1219	-6.961	2.376	6.857
1220	-6.961	2.376	6.857
1221	-6.961	2.376	7.857
1222	-6.961	2.376	13.142
1224	-6.961	2.376	13.184
1225	-6.961	2.376	13.148
1227	-6.961	2.376	12.785
1228	-6.961	2.376	12.784
1230	-6.961	2.376	8.860
1231	-6.961	2.376	7.939
1232	-6.961	2.376	7.933
1233	-6.961	2.376	7.942
1234	-6.961	2.376	7.942
1237	-6.961	2.376	7.942
1238	-6.961	2.376	7.942
1240	-6.961	2.376	5.144
1241	-6.961	2.376	7.943
1242	-6.961	2.376	6.317
1243	-6.961	2.376	8.863
1246	-6.961	2.376	6.631
1248	-6.961	2.376	11.218
1249	-6.961	2.376	7.991
1250	-6.961	2.376	7.991
1251	-6.961	2.376	7.991
1253	-6.961	2.376	7.987
1254	-6.961	2.376	7.987
1158	-6.960	2.376	7.987
1178	-6.960	2.376	8.718
1200	-6.960	2.376	7.987
1202	-6.960	2.376	7.993
1381	-6.960	2.373	7.993
1392	-6.960	2.373	6.167
1480	-6.960	2.373	1.458
1255	-6.959	2.375	1.458
1298	-6.959	2.375	1.458
1320	-6.959	2.375	7.729
1341	-6.959	2.375	8.692
1319	-6.957	2.380	7.727
1129	-6.954	2.378	8.482
1144	-6.954	2.378	1.472
1155	-6.954	2.378	1.472
1197	-6.954	2.378	1.471
833	-6.951	2.555	1.475
1123	-6.951	2.555	10.637
1126	-6.951	2.555	10.637
347	-6.948	2.555	21.010
939	-6.948	2.555	21.011
996	-6.948	2.555	20.984
1096	-6.948	2.555	0.000
1097	-6.948	2.555	3.240
1098	-6.948	2.555	7.413
1101	-6.948	2.555	7.478
1107	-6.948	2.555	1.467
1109	-6.948	2.555	7.251
1118	-6.948	2.555	7.251
1375	-6.946	2.363	9.727
614	-6.945	2.556	9.728
677	-6.945	2.556	9.727
678	-6.945	2.556	20.093
706	-6.945	2.556	8.820
709	-6.945	2.556	8.820
710	-6.945	2.556	8.838
782	-6.945	2.556	10.611
792	-6.945	2.556	10.597
363	-6.942	2.556	20.095
408	-6.942	2.556	10.594
409	-6.942	2.556	7.388
447	-6.942	2.556	10.727
461	-6.942	2.556	6.764
501	-6.942	2.556	6.770
533	-6.942	2.556	6.769
535	-6.942	2.556	6.769
551	-6.942	2.556	6.755
561	-6.942	2.556	6.755
564	-6.942	2.556	6.759
571	-6.942	2.556	6.781
594	-6.942	2.556	7.335
595	-6.942	2.556	3.998
916	-6.942	2.556	3.500
952	-6.942	2.556	3.502
625	-6.940	2.439	3.179
633	-6.940	2.439	11.195
643	-6.940	2.439	3.257
668	-6.940	2.439	3.257
699	-6.940	2.439	3.257
705	-6.940	2.439	3.257
767	-6.940	2.439	11.190
1157	-6.938	2.441	3.250
1166	-6.938	2.441	3.250
1125	-6.937	2.440	9.838
252	-6.936	2.439	9.023
253	-6.936	2.439	9.020
289	-6.936	2.439	9.019
332	-6.936	2.439	20.988
367	-6.936	2.439	2.875
419	-6.936	2.439	2.860
430	-6.936	2.439	2.609
473	-6.936	2.439	9.649
502	-6.936	2.439	9.484
521	-6.936	2.439	9.483
532	-6.936	2.439	9.683
554	-6.936	2.439	9.676
557	-6.936	2.439	9.498
558	-6.936	2.439	9.498
562	-6.936	2.439	9.497
600	-6.936	2.439	9.497
601	-6.936	2.439	9.803
692	-6.936	2.439	9.806
247	-6.934	2.440	9.806
268	-6.934	2.440	9.806
333	-6.934	2.440	9.804
344	-6.934	2.440	8.756
376	-6.934	2.440	5.476
552	-6.934	2.440	5.476
946	-6.934	2.440	5.454
970	-6.934	2.440	5.474
1094	-6.934	2.441	5.474
1095	-6.934	2.441	5.474
1120	-6.934	2.441	5.474
216	-6.932	2.439	5.474
104	-6.930	2.440	5.452
212	-6.930	2.440	5.479
226	-6.930	2.440	5.478
1382	-6.916	2.554	5.478
1277	-6.916	2.555	5.477
1326	-6.916	2.555	10.213
1337	-6.916	2.555	10.218
1199	-6.910	2.555	10.222
1208	-6.910	2.555	5.063
1210	-6.910	2.555	5.063
1239	-6.910	2.555	5.062
1147	-6.904	2.556	5.062
1150	-6.904	2.556	5.171
1171	-6.904	2.556	5.069
1176	-6.904	2.556	5.069
829	-6.610	3.686	5.069
646	-5.442	3.698	5.284
787	-5.433	3.822	9.934
