1387	-11.132	0.000	9.416
97	-11.123	0.002	9.416
133	-11.123	0.002	9.418
75	-11.122	0.002	9.418
118	-11.122	0.002	9.419
67	-11.122	0.001	9.409
60	-11.121	0.002	9.409
109	-11.121	0.002	9.669
29	-11.118	0.002	9.669
41	-11.118	0.002	5.014
361	-11.109	0.002	5.014
446	-11.107	0.002	5.015
1442	-11.105	0.001	11.426
1495	-11.105	0.001	11.266
1506	-11.105	0.001	11.378
1513	-11.104	0.001	10.972
1430	-11.103	0.002	10.973
1433	-11.103	0.002	6.301
7	-11.074	0.007	4.705
157	-11.073	0.007	11.416
215	-11.073	0.007	4.696
231	-11.073	0.007	4.711
58	-11.070	0.007	4.711
1042	-11.062	0.007	4.711
473	-11.061	0.007	3.105
549	-11.059	0.008	3.114
1483	-11.059	0.003	11.416
349	-11.057	0.008	4.690
252	-11.057	0.008	4.718
257	-11.057	0.008	4.639
293	-11.057	0.008	4.803
304	-11.057	0.008	4.802
318	-11.057	0.008	4.802
320	-11.057	0.008	4.802
380	-11.057	0.008	4.798
392	-11.057	0.008	4.798
429	-11.057	0.008	4.798
526	-11.057	0.008	4.797
1406	-11.053	0.007	4.797
1414	-11.053	0.007	4.805
1403	-10.975	0.010	4.805
1415	-10.959	0.009	11.441
1423	-10.959	0.009	3.825
165	-10.207	1.229	5.181
203	-10.207	1.229	5.185
212	-10.207	1.229	5.189
217	-10.207	1.229	5.187
227	-10.207	1.229	5.162
112	-10.207	2.118	5.163
135	-10.207	2.118	5.173
21	-10.206	1.229	5.158
771	-10.206	2.118	17.530
959	-10.204	2.118	0.909
603	-10.203	2.118	0.908
30	-10.201	1.229	0.907
1516	-10.199	2.118	0.001
1471	-10.199	2.118	17.501
1530	-10.199	2.118	1.496
1533	-10.199	2.118	1.496
1437	-10.197	2.118	1.496
250	-10.190	1.229	1.496
366	-10.190	1.229	9.699
292	-10.189	1.229	1.503
308	-10.189	1.229	1.504
464	-10.170	1.038	8.132
713	-10.161	1.039	8.132
676	-10.159	1.040	8.129
556	-10.157	1.040	2.592
1451	-10.155	1.040	11.168
1475	-10.155	1.040	18.758
1524	-10.155	1.040	2.791
1460	-10.155	1.040	7.642
1465	-10.155	1.040	9.957
1427	-10.153	1.039	9.552
1439	-10.153	1.039	9.992
161	-10.131	1.040	9.991
171	-10.131	1.040	9.991
189	-10.131	1.040	9.573
205	-10.131	1.040	10.005
220	-10.131	1.040	9.572
103	-10.128	1.040	6.287
128	-10.128	1.040	10.433
51	-10.128	1.040	10.430
138	-10.128	1.040	10.433
1596	-10.124	2.118	10.433
179	-10.123	2.120	3.896
180	-10.123	2.120	6.278
186	-10.123	2.120	3.894
153	-10.122	2.120	3.894
175	-10.122	2.120	3.858
213	-10.122	2.120	3.892
85	-10.120	2.120	3.892
86	-10.120	2.120	3.892
115	-10.120	2.120	3.892
131	-10.120	2.120	3.892
134	-10.120	2.120	3.892
478	-10.118	1.039	3.896
535	-10.117	1.039	3.896
537	-10.117	1.039	3.897
266	-10.116	1.039	3.895
548	-10.115	2.120	10.886
652	-10.115	2.120	10.887
5	-10.115	2.119	3.348
290	-10.115	1.039	3.347
312	-10.115	1.039	3.468
313	-10.115	1.039	3.347
352	-10.115	1.039	3.433
376	-10.115	1.039	3.353
379	-10.115	1.039	3.352
400	-10.115	1.039	3.353
410	-10.115	1.039	3.354
435	-10.115	1.039	10.775
340	-10.114	2.120	10.764
346	-10.114	2.120	10.764
280	-10.113	2.120	10.763
282	-10.113	2.120	6.206
315	-10.113	2.120	6.206
326	-10.113	2.120	6.206
327	-10.113	2.120	2.973
359	-10.113	2.120	2.972
383	-10.113	2.120	2.972
384	-10.113	2.120	2.972
387	-10.113	2.120	9.598
459	-10.113	2.120	9.690
1405	-9.988	1.042	9.418
1443	-9.383	3.294	9.418
1388	-9.312	3.631	4.803
1389	-9.312	3.631	4.802
1441	-9.285	3.629	4.802
1431	-9.283	3.629	4.802
1436	-9.283	3.629	4.798
1452	-9.283	3.629	4.798
1458	-9.283	3.629	4.798
1480	-9.283	3.629	4.797
225	-9.268	3.633	4.797
1466	-9.240	1.841	4.805
1554	-9.217	3.625	4.805
1555	-9.217	3.625	11.441
1587	-9.217	3.625	3.825
1510	-9.213	3.625	3.825
450	-9.176	1.849	3.823
1384	-9.158	3.254	5.791
1401	-9.157	3.254	5.791
1404	-9.145	3.254	5.788
1446	-9.137	3.255	8.725
1447	-9.137	3.255	3.856
1408	-9.135	3.254	3.854
1412	-9.135	3.254	3.854
1416	-9.135	3.254	4.168
1422	-9.135	3.254	8.718
345	-9.086	3.256	8.720
441	-8.776	2.103	18.392
445	-8.437	3.347	3.678
1438	-8.436	3.347	4.409
1393	-8.379	2.330	17.536
348	-8.373	2.331	4.655
494	-8.373	2.331	17.500
551	-8.373	2.331	5.181
650	-8.373	2.331	5.185
484	-8.373	2.331	5.189
515	-8.372	2.331	5.187
1428	-8.364	2.331	5.161
1429	-8.364	2.331	5.163
1435	-8.364	2.331	5.173
1450	-8.364	2.331	5.158
1455	-8.364	2.331	17.530
1461	-8.364	2.331	0.909
1476	-8.364	2.331	0.908
1484	-8.364	2.331	0.907
49	-8.335	2.334	3.896
876	-8.334	2.335	3.894
453	-8.333	2.335	3.858
1655	-8.328	2.335	3.892
1703	-8.328	2.335	3.892
716	-8.326	2.334	3.892
1537	-8.320	2.335	3.892
1558	-8.320	2.335	3.896
1561	-8.320	2.335	3.896
1571	-8.320	2.335	3.897
1576	-8.320	2.335	3.895
1584	-8.320	2.335	10.886
1601	-8.320	2.335	10.887
1606	-8.320	2.335	3.348
1608	-8.320	2.335	3.347
1610	-8.320	2.335	3.468
1453	-8.317	2.335	6.206
1454	-8.317	2.335	6.206
1528	-8.317	2.335	6.206
1659	-8.297	2.337	4.690
1534	-8.282	2.337	4.168
474	-8.275	4.000	5.163
476	-8.275	4.000	5.173
487	-8.275	4.000	5.158
1638	-8.228	3.979	4.642
1676	-8.228	3.979	4.642
1678	-8.228	3.979	4.642
1721	-8.228	3.979	8.506
1730	-8.228	3.979	8.689
1691	-8.227	3.979	8.272
1694	-8.227	3.979	8.263
1642	-8.227	3.979	8.263
1696	-8.227	3.979	8.663
1700	-8.227	3.979	8.663
1713	-8.227	3.979	4.818
1543	-8.222	3.980	11.092
1546	-8.222	3.980	10.783
1563	-8.222	3.980	10.778
1574	-8.222	3.980	10.431
1578	-8.222	3.980	10.432
1580	-8.222	3.980	6.275
1589	-8.222	3.980	5.433
1590	-8.222	3.980	10.809
1591	-8.222	3.980	5.426
1594	-8.222	3.980	5.435
1600	-8.222	3.980	5.435
1602	-8.222	3.980	5.435
709	-8.217	3.978	5.518
1063	-8.217	3.978	5.517
1491	-8.216	3.978	5.517
1552	-7.909	3.717	9.329
1531	-7.906	3.717	9.571
1481	-7.658	2.583	9.302
1419	-7.654	2.582	9.200
1724	-7.264	3.971	11.183
566	-7.261	3.969	11.182
528	-7.261	3.969	11.185
685	-7.261	3.969	11.185
840	-7.260	3.969	11.189
1391	-7.260	3.972	11.192
1392	-7.260	3.972	12.981
1394	-7.260	3.972	12.982
1399	-7.260	3.972	6.565
247	-7.258	3.973	6.565
357	-7.258	3.973	6.565
398	-7.258	3.973	4.607
417	-7.258	3.973	2.515
419	-7.258	3.973	2.482
420	-7.258	3.973	2.225
425	-7.258	3.973	2.226
421	-7.258	3.973	4.996
579	-7.258	3.973	6.962
614	-7.258	3.973	2.466
285	-7.257	3.973	6.970
524	-7.257	3.973	6.952
851	-7.257	3.973	6.952
1493	-7.256	3.962	6.952
1440	-7.256	3.970	8.324
1535	-7.256	3.970	8.332
1539	-7.256	3.970	2.465
1540	-7.256	3.970	6.980
1541	-7.256	3.970	6.938
1542	-7.256	3.970	6.454
1550	-7.256	3.970	6.643
1551	-7.256	3.970	6.645
1559	-7.256	3.970	6.645
1565	-7.256	3.970	6.645
1586	-7.256	3.970	6.646
1588	-7.256	3.970	6.646
1593	-7.256	3.970	6.646
1597	-7.256	3.970	6.647
1607	-7.256	3.970	6.647
1486	-7.256	3.970	6.643
1487	-7.256	3.970	6.643
1488	-7.256	3.970	4.523
1499	-7.256	3.970	11.302
1508	-7.256	3.970	11.302
1511	-7.256	3.970	11.304
1518	-7.256	3.970	5.879
1520	-7.256	3.970	5.876
1522	-7.256	3.970	5.874
1523	-7.256	3.970	1.950
1525	-7.256	3.970	11.288
1526	-7.256	3.970	11.289
1532	-7.256	3.970	11.288
729	-7.256	3.973	7.628
481	-7.256	3.973	1.953
1448	-7.252	3.974	1.951
1456	-7.252	3.973	11.279
1467	-7.252	3.973	16.183
1468	-7.252	3.974	11.273
1472	-7.252	3.973	11.964
1494	-7.252	3.973	7.576
1497	-7.252	3.974	7.669
1501	-7.252	3.973	11.190
1503	-7.252	3.973	2.920
1507	-7.252	3.974	7.385
1529	-7.252	3.973	7.385
1411	-7.252	3.973	2.920
1413	-7.252	3.973	2.920
1421	-7.252	3.973	2.920
1426	-7.252	3.973	3.786
1432	-7.252	3.973	3.809
1477	-7.252	3.974	3.818
1478	-7.252	3.973	3.780
1521	-7.252	3.973	3.803
1385	-7.249	3.968	3.269
1386	-7.249	3.968	3.270
1527	-7.002	3.299	12.981
258	-6.350	3.421	2.465
271	-6.350	3.421	6.980
272	-6.350	3.421	6.938
284	-6.350	3.421	6.454
595	-6.350	3.421	6.643
903	-6.348	3.421	6.645
648	-6.332	3.515	6.645
516	-6.332	3.508	6.645
488	-6.330	3.576	6.646
1490	-6.139	3.723	9.202
546	-6.125	3.718	9.201
