1849	-11.150	0.000	3.896
1834	-10.807	2.436	8.725
1838	-10.807	2.436	3.856
1839	-10.807	2.436	3.854
1841	-10.807	2.436	3.854
1843	-10.807	2.436	4.168
1846	-10.807	2.436	8.718
1847	-10.807	2.436	8.720
1828	-10.805	2.436	18.392
1832	-10.805	2.436	11.759
1844	-10.800	2.436	18.363
1827	-10.798	2.436	4.409
1808	-10.782	2.436	4.471
1817	-10.782	2.436	3.928
1820	-10.782	2.436	8.625
1821	-10.782	2.436	4.743
1840	-10.416	2.420	4.655
1837	-10.402	2.420	17.500
1813	-10.051	2.580	9.690
1814	-10.051	2.580	2.977
1818	-10.051	2.580	9.600
1822	-10.039	2.580	9.601
1826	-10.039	2.580	9.416
1831	-10.039	2.580	9.416
1835	-9.764	2.274	9.418
