1332	-4.965	0.000	14.873
1333	-4.965	0.000	13.512
1337	-4.965	0.000	13.512
1344	-4.965	0.000	14.873
1351	-4.965	0.000	14.873
1352	-4.965	0.000	14.873
1358	-4.965	0.000	13.174
1308	-4.956	0.010	13.174
1309	-4.956	0.010	13.178
1312	-4.956	0.010	13.176
908	-4.955	0.003	13.176
909	-4.955	0.003	15.045
923	-4.955	0.003	15.046
969	-4.955	0.003	4.482
981	-4.955	0.003	13.397
1000	-4.955	0.003	4.295
1007	-4.955	0.003	15.140
1028	-4.955	0.003	15.142
1043	-4.955	0.003	15.143
1046	-4.955	0.003	15.144
1062	-4.955	0.003	15.140
1296	-4.955	0.009	15.141
1301	-4.955	0.009	15.141
1216	-4.949	0.003	15.138
1231	-4.949	0.003	4.328
1233	-4.949	0.003	17.864
1244	-4.949	0.003	17.860
1251	-4.949	0.003	17.859
1256	-4.949	0.003	17.505
1258	-4.949	0.003	0.010
1264	-4.949	0.003	18.579
1265	-4.949	0.003	18.579
1269	-4.949	0.003	18.579
1270	-4.949	0.003	18.579
1279	-4.949	0.003	13.345
1281	-4.949	0.003	18.589
