1374	-7.479	0.000	5.399
1375	-7.479	0.000	5.398
1437	-7.479	0.000	5.399
1438	-7.479	0.000	5.399
1439	-7.479	0.000	5.398
1451	-7.479	0.000	5.853
1452	-7.479	0.000	5.399
1453	-7.479	0.000	5.399
1454	-7.479	0.000	5.399
1455	-7.479	0.000	5.853
1456	-7.479	0.000	5.993
1457	-7.479	0.000	5.993
1558	-7.479	0.001	5.993
1559	-7.479	0.001	5.993
1591	-7.479	0.001	6.109
1596	-7.479	0.001	5.620
1597	-7.479	0.001	5.397
1598	-7.479	0.001	5.397
1599	-7.479	0.001	5.398
1376	-7.390	0.020	7.230
1377	-7.390	0.019	5.994
1378	-7.390	0.019	5.994
1379	-7.390	0.019	5.987
1380	-7.390	0.019	6.111
1381	-7.390	0.019	6.111
1382	-7.390	0.019	3.180
1383	-7.390	0.019	3.188
1386	-7.390	0.020	3.188
1387	-7.390	0.020	6.114
1388	-7.390	0.020	7.231
1389	-7.390	0.020	6.108
1391	-7.390	0.020	6.111
1392	-7.390	0.020	7.456
1393	-7.390	0.020	7.004
1394	-7.390	0.020	7.004
1395	-7.390	0.019	7.004
1397	-7.390	0.019	5.521
1401	-7.390	0.019	7.004
1402	-7.390	0.019	6.997
1403	-7.390	0.019	6.998
1404	-7.390	0.019	5.238
1407	-7.390	0.019	5.237
1408	-7.390	0.019	5.519
1409	-7.390	0.019	5.519
1410	-7.390	0.019	5.042
1413	-7.390	0.019	4.620
1414	-7.390	0.019	9.495
1419	-7.390	0.019	6.642
1420	-7.390	0.019	6.643
1421	-7.390	0.019	6.641
1424	-7.390	0.020	6.641
1425	-7.390	0.020	6.642
1426	-7.390	0.020	6.642
1427	-7.390	0.020	5.873
1428	-7.390	0.020	3.141
1430	-7.390	0.020	9.500
1431	-7.390	0.020	2.321
1432	-7.390	0.020	3.401
1433	-7.390	0.020	4.134
1435	-7.390	0.020	2.326
1436	-7.390	0.020	2.326
1449	-7.390	0.019	3.142
1450	-7.390	0.019	6.885
1458	-7.390	0.019	3.570
1459	-7.390	0.019	3.568
1460	-7.390	0.019	3.568
1461	-7.390	0.020	2.330
1462	-7.390	0.020	3.573
1463	-7.390	0.020	2.125
1464	-7.390	0.020	3.009
1465	-7.390	0.020	9.864
1466	-7.390	0.020	9.864
1467	-7.390	0.020	3.010
1468	-7.390	0.020	3.010
1469	-7.390	0.020	3.003
1470	-7.390	0.020	3.008
1471	-7.390	0.020	3.007
1472	-7.390	0.020	3.008
1473	-7.390	0.020	3.007
1474	-7.390	0.020	5.227
1475	-7.390	0.020	4.066
1476	-7.390	0.020	4.876
1477	-7.390	0.020	4.876
1478	-7.390	0.020	4.877
1479	-7.390	0.020	4.879
1480	-7.390	0.020	4.879
1481	-7.390	0.020	4.878
1482	-7.390	0.020	3.136
1483	-7.390	0.020	3.136
1484	-7.390	0.020	3.338
1485	-7.390	0.020	9.687
1486	-7.390	0.020	5.604
1487	-7.390	0.020	11.303
1488	-7.390	0.020	5.616
1489	-7.390	0.020	5.614
1490	-7.390	0.020	3.101
1491	-7.390	0.020	4.592
1492	-7.390	0.020	4.748
1493	-7.390	0.020	4.700
1494	-7.390	0.020	4.750
1495	-7.390	0.020	3.958
1496	-7.390	0.020	5.585
1497	-7.390	0.020	5.583
1498	-7.390	0.020	6.182
1499	-7.390	0.020	5.248
1500	-7.390	0.020	5.244
1560	-7.390	0.019	6.267
1561	-7.390	0.019	6.302
1562	-7.390	0.020	7.093
1563	-7.390	0.020	7.096
1564	-7.390	0.019	7.107
1565	-7.390	0.019	2.696
1566	-7.390	0.019	4.521
1567	-7.390	0.019	4.521
1568	-7.390	0.019	4.520
1569	-7.390	0.019	4.966
1570	-7.390	0.019	5.242
1571	-7.390	0.019	5.254
1572	-7.390	0.019	6.203
1573	-7.390	0.019	5.459
1574	-7.390	0.019	5.394
1575	-7.390	0.019	5.125
1577	-7.390	0.019	5.395
1578	-7.390	0.019	5.126
1579	-7.390	0.020	5.368
1580	-7.390	0.020	12.186
1581	-7.390	0.020	12.183
1582	-7.390	0.020	14.501
1583	-7.390	0.020	1.575
1584	-7.390	0.020	1.576
1585	-7.390	0.020	1.575
1586	-7.390	0.020	1.058
1587	-7.390	0.020	1.061
1588	-7.390	0.020	1.574
1589	-7.390	0.020	1.012
1590	-7.390	0.020	1.012
1592	-7.390	0.019	0.000
1593	-7.390	0.019	6.017
1594	-7.390	0.019	6.018
1595	-7.390	0.019	6.018
1600	-7.390	0.019	6.017
1601	-7.390	0.019	4.818
1602	-7.390	0.019	4.819
1297	-7.385	0.021	4.820
1298	-7.385	0.021	4.819
1299	-7.385	0.021	6.977
1300	-7.385	0.021	6.009
1301	-7.385	0.021	5.903
1302	-7.385	0.021	5.110
1303	-7.385	0.021	4.634
1304	-7.385	0.021	4.639
1305	-7.385	0.021	5.109
1306	-7.385	0.021	5.112
1307	-7.385	0.021	4.639
1308	-7.385	0.021	5.113
1312	-7.385	0.021	6.649
1313	-7.385	0.021	3.849
1317	-7.385	0.021	3.848
1319	-7.385	0.021	7.699
1320	-7.385	0.021	5.751
1322	-7.385	0.021	6.027
1323	-7.385	0.021	5.917
1324	-7.385	0.021	5.686
1325	-7.385	0.021	5.686
1327	-7.385	0.021	5.992
1328	-7.385	0.021	5.992
1330	-7.385	0.021	5.993
1331	-7.385	0.021	5.688
1332	-7.385	0.021	5.399
1335	-7.385	0.021	5.399
1336	-7.385	0.021	5.398
1337	-7.385	0.021	5.399
1341	-7.385	0.021	5.398
1342	-7.385	0.021	5.853
1343	-7.385	0.020	5.399
1344	-7.385	0.020	6.109
1345	-7.385	0.020	5.399
1346	-7.385	0.020	6.109
1347	-7.385	0.020	5.993
1348	-7.385	0.020	5.993
1349	-7.385	0.020	5.993
1350	-7.385	0.020	5.993
1351	-7.385	0.020	6.109
1352	-7.385	0.020	7.239
1353	-7.385	0.020	5.397
1354	-7.385	0.020	5.397
1355	-7.385	0.020	5.398
1356	-7.385	0.020	7.230
1357	-7.385	0.020	5.994
1358	-7.385	0.020	5.994
1359	-7.385	0.020	5.994
1360	-7.385	0.020	6.111
1361	-7.385	0.020	6.111
1362	-7.385	0.020	3.180
1363	-7.385	0.020	3.188
1364	-7.385	0.020	3.188
1365	-7.385	0.020	6.114
1366	-7.385	0.020	7.231
1367	-7.385	0.020	6.108
1368	-7.385	0.020	6.111
1369	-7.385	0.020	7.227
1370	-7.385	0.020	7.004
1371	-7.385	0.020	7.004
1372	-7.385	0.020	7.002
1373	-7.385	0.020	6.112
1501	-7.385	0.021	7.004
1502	-7.385	0.021	6.998
1503	-7.385	0.021	6.998
1504	-7.385	0.021	5.238
1505	-7.385	0.021	5.521
1506	-7.385	0.020	5.519
1507	-7.385	0.020	5.519
1508	-7.385	0.020	5.234
1509	-7.385	0.020	4.620
1510	-7.385	0.020	4.617
1511	-7.385	0.020	6.642
1512	-7.385	0.020	6.642
1513	-7.385	0.020	6.641
1514	-7.385	0.020	6.641
1515	-7.385	0.020	6.643
1516	-7.385	0.020	6.642
1517	-7.385	0.020	6.642
1518	-7.385	0.020	3.141
1519	-7.385	0.020	9.500
1520	-7.385	0.020	2.321
1521	-7.385	0.020	3.402
1522	-7.385	0.020	5.873
1523	-7.385	0.020	2.326
1524	-7.385	0.020	2.326
1525	-7.385	0.020	3.142
1526	-7.385	0.020	6.885
1527	-7.385	0.020	3.570
1528	-7.385	0.020	3.568
1529	-7.385	0.020	3.568
1530	-7.385	0.020	2.330
1531	-7.385	0.020	6.775
1532	-7.385	0.020	4.140
1533	-7.385	0.020	3.009
1534	-7.385	0.020	3.009
1535	-7.385	0.020	9.864
1536	-7.385	0.020	3.010
1537	-7.385	0.020	3.010
1538	-7.385	0.020	2.776
1539	-7.385	0.020	3.007
1540	-7.385	0.020	6.300
1541	-7.385	0.020	3.008
1542	-7.385	0.020	3.007
1543	-7.385	0.020	5.625
1544	-7.385	0.020	4.066
1545	-7.385	0.020	4.876
1546	-7.385	0.020	4.876
1547	-7.385	0.020	4.877
1548	-7.385	0.020	4.879
1549	-7.385	0.020	4.879
1550	-7.385	0.020	4.878
1551	-7.385	0.020	3.136
1552	-7.385	0.020	3.136
1553	-7.385	0.020	6.029
1554	-7.385	0.020	9.687
1555	-7.385	0.020	7.949
1280	-7.378	0.019	5.607
1281	-7.378	0.019	5.637
1282	-7.378	0.019	5.616
1283	-7.378	0.019	3.101
1284	-7.378	0.019	3.101
1285	-7.378	0.019	4.748
1286	-7.378	0.019	4.700
1287	-7.378	0.019	4.750
1292	-7.378	0.019	3.958
1293	-7.378	0.019	5.585
1294	-7.378	0.019	5.583
1295	-7.378	0.019	6.182
1296	-7.378	0.019	11.432
1288	-7.230	1.406	5.244
1289	-7.230	1.406	6.267
1290	-7.230	1.406	6.303
1291	-7.230	1.406	7.095
1384	-7.129	1.395	7.095
1385	-7.129	1.395	7.107
1390	-7.129	1.395	7.086
1429	-7.129	1.395	4.521
1434	-7.129	1.395	4.520
1440	-7.129	1.395	4.520
1441	-7.129	1.395	4.966
1442	-7.129	1.395	5.246
1443	-7.129	1.395	5.254
1444	-7.129	1.395	9.220
1445	-7.129	1.395	5.458
1446	-7.129	1.395	5.394
1447	-7.129	1.395	5.125
1448	-7.129	1.395	5.395
1396	-7.127	1.395	5.126
1398	-7.127	1.395	5.369
1399	-7.127	1.395	12.183
1400	-7.127	1.395	12.183
1405	-7.127	1.395	14.395
1406	-7.127	1.395	1.575
1411	-7.127	1.395	1.576
1412	-7.127	1.395	1.576
1415	-7.127	1.395	1.058
1416	-7.127	1.395	1.061
1417	-7.127	1.395	1.574
1418	-7.127	1.395	1.574
1422	-7.127	1.395	1.012
1423	-7.127	1.395	0.000
1576	-7.127	1.395	6.017
1309	-7.125	1.396	6.018
1310	-7.125	1.396	6.018
1311	-7.125	1.396	6.016
1314	-7.125	1.396	4.818
1315	-7.125	1.396	4.819
1316	-7.125	1.396	4.820
1318	-7.125	1.396	4.819
1321	-7.125	1.396	6.977
1326	-7.125	1.396	6.978
1329	-7.125	1.396	5.903
1333	-7.125	1.396	4.634
1334	-7.125	1.396	4.634
1338	-7.125	1.396	4.638
1339	-7.125	1.396	4.638
1340	-7.125	1.396	5.112
1556	-7.123	1.396	4.639
1557	-7.123	1.396	5.113
