1267	-17.111	0.000	0.000
1276	-17.111	0.000	0.536
1284	-17.111	0.000	6.072
1294	-17.111	0.000	6.071
1338	-17.111	0.000	6.069
1353	-17.111	0.000	6.070
1423	-17.111	0.000	11.930
1469	-17.111	0.000	11.931
1498	-17.111	0.000	1.024
1394	-17.111	0.000	6.220
1395	-17.111	0.000	5.729
1401	-17.111	0.000	5.756
1287	-17.110	0.000	5.756
1281	-17.081	0.002	5.728
1299	-17.081	0.002	5.728
1363	-17.081	0.002	5.728
1412	-17.081	0.002	11.731
1375	-17.081	0.002	5.744
1380	-17.081	0.002	5.743
1426	-17.081	0.002	5.743
1465	-17.081	0.002	6.160
1314	-17.080	0.002	5.940
1296	-16.945	0.489	0.567
1541	-16.493	0.022	1.084
1522	-16.454	0.019	5.673
1507	-16.320	0.519	1.085
1445	-16.311	0.501	1.084
1435	-16.278	0.495	1.084
1461	-16.278	0.495	0.566
1480	-16.232	0.535	5.667
1479	-16.222	0.539	5.666
1319	-16.222	0.539	5.694
1416	-16.222	0.539	5.694
1476	-16.222	0.539	5.694
1452	-16.212	0.532	1.083
1383	-16.211	0.532	5.687
1457	-16.211	0.532	0.004
1402	-16.211	0.532	5.686
1283	-15.114	1.616	5.686
1295	-15.114	1.616	1.086
1368	-15.114	1.616	1.086
1278	-15.114	1.616	1.085
1310	-15.114	1.616	1.085
1317	-15.114	1.616	0.002
1324	-15.114	1.616	0.002
1327	-15.114	1.616	9.351
1334	-15.114	1.616	0.000
1335	-15.114	1.616	9.351
1358	-15.114	1.616	5.672
1369	-15.114	1.616	1.083
1386	-15.114	1.616	1.087
1397	-15.114	1.616	1.088
1424	-15.114	1.616	0.006
1473	-15.114	1.616	0.006
1499	-15.114	1.616	0.005
1305	-15.114	1.616	0.008
1308	-15.114	1.616	5.755
1517	-15.114	1.616	5.755
1292	-15.112	1.615	0.010
1388	-15.112	1.615	0.006
1415	-15.112	1.615	1.091
1367	-15.070	2.773	0.008
1417	-15.070	2.773	0.009
1265	-15.065	2.772	3.857
1289	-15.065	2.772	3.860
1291	-15.065	2.772	0.010
1320	-15.065	2.772	3.856
1378	-15.065	2.772	5.855
1385	-15.038	2.773	3.870
1500	-14.925	2.771	3.871
1512	-14.925	2.771	5.751
1481	-14.655	1.619	5.743
1487	-14.655	1.619	5.850
1449	-14.653	1.619	5.733
1467	-14.653	1.620	5.318
1472	-14.650	1.619	4.159
1444	-14.650	1.619	4.171
1539	-14.633	1.622	4.167
1484	-14.598	1.619	4.171
1492	-14.597	1.619	4.171
1526	-14.595	1.618	4.171
1389	-14.595	1.618	4.166
1535	-14.574	1.621	4.166
1508	-14.571	1.616	6.113
1346	-14.569	1.615	11.220
1464	-14.569	1.616	11.221
1264	-13.739	2.622	5.197
1277	-13.570	2.621	6.103
1313	-13.568	2.621	4.517
1349	-13.566	2.621	4.517
1285	-13.565	2.621	4.592
1340	-13.565	2.621	8.827
1365	-13.565	2.621	5.289
1306	-13.565	2.621	4.431
1307	-13.565	2.621	4.431
1344	-13.562	2.621	4.432
1504	-13.553	2.398	8.369
1381	-13.533	2.396	8.202
1431	-13.533	2.396	5.210
1531	-13.526	2.621	5.093
1355	-13.521	2.621	11.642
1341	-13.520	2.621	4.813
1370	-13.520	2.621	4.813
1497	-13.520	2.621	3.606
1390	-13.520	2.621	4.972
1493	-13.520	2.621	4.971
1519	-13.520	2.621	4.970
1521	-13.520	2.621	4.971
1345	-13.517	2.621	3.951
1411	-13.517	2.621	5.484
1436	-13.517	2.621	8.679
1462	-13.517	2.621	8.679
1329	-13.516	2.621	8.681
1400	-13.516	2.621	4.178
1425	-13.516	2.621	8.681
1485	-13.516	2.621	8.680
1523	-13.516	2.621	8.680
1409	-13.516	2.621	4.175
1428	-13.516	2.621	4.176
1439	-13.516	2.621	7.238
1418	-13.515	2.621	7.252
1419	-13.515	2.621	7.248
1509	-13.515	2.621	5.195
1495	-13.515	2.621	5.174
1373	-13.514	2.621	4.923
1545	-13.504	2.625	4.919
1309	-13.502	2.621	6.942
1538	-13.500	2.625	6.137
1405	-13.498	2.626	6.144
1456	-13.498	2.626	2.596
1336	-13.497	2.626	5.032
1459	-13.497	2.626	8.243
1300	-13.493	2.625	8.295
1434	-13.493	2.625	8.292
1450	-13.493	2.625	7.429
1347	-13.492	2.624	12.933
1382	-13.492	2.625	4.690
1330	-13.492	2.626	4.686
1331	-13.492	2.626	5.294
1490	-13.492	2.626	5.308
1357	-13.492	2.625	5.292
1328	-13.492	2.626	5.869
1408	-13.492	2.625	5.869
1393	-13.491	2.625	5.871
1298	-13.490	2.626	4.956
1354	-13.459	2.390	6.789
1544	-13.373	2.405	3.978
1546	-13.356	2.623	3.978
1536	-13.355	2.623	3.980
1537	-13.355	2.623	3.977
1455	-13.349	2.624	11.600
1266	-12.817	3.438	2.674
1268	-12.817	3.438	5.484
1271	-12.817	3.438	5.483
1274	-12.817	3.438	5.483
1282	-12.817	3.438	3.756
1288	-12.817	3.438	4.287
1301	-12.817	3.438	5.672
1540	-12.712	3.443	5.784
1530	-12.711	3.443	5.860
1302	-12.710	3.445	5.859
1321	-12.710	3.445	5.673
1348	-12.710	3.445	2.369
1351	-12.710	3.445	5.859
1364	-12.710	3.444	0.044
1377	-12.710	3.444	0.044
1413	-12.710	3.444	0.043
1433	-12.710	3.444	5.782
1332	-12.709	3.445	5.782
1337	-12.709	3.445	2.371
1359	-12.709	3.445	0.032
1360	-12.709	3.445	0.032
1510	-12.709	3.445	0.031
1520	-12.709	3.445	5.860
1525	-12.709	3.445	5.860
1503	-12.707	3.445	5.860
1505	-12.707	3.445	5.673
1273	-12.521	3.159	0.001
1286	-12.521	3.159	5.860
1488	-12.510	3.444	5.781
1478	-12.506	3.444	5.673
1272	-12.445	3.156	5.673
1280	-12.445	3.156	5.672
1534	-12.423	3.159	5.807
1463	-12.416	3.160	5.806
1350	-12.415	3.160	5.807
1379	-12.414	3.160	5.673
1529	-12.410	3.160	5.782
1532	-12.410	3.160	5.783
1430	-12.403	3.161	5.670
1438	-12.403	3.161	5.670
1440	-12.403	3.161	3.831
1446	-12.403	3.161	3.831
1361	-12.402	3.161	5.670
1494	-12.402	3.161	0.474
1511	-12.402	3.161	3.831
1514	-12.402	3.161	3.821
1515	-12.402	3.161	3.820
1518	-12.402	3.161	0.952
1524	-12.402	3.161	0.953
1303	-12.402	3.161	0.471
1311	-12.401	3.161	0.949
1376	-12.389	3.167	10.894
1407	-12.389	3.167	3.481
1443	-12.389	3.167	3.718
1491	-12.388	3.167	3.720
1477	-12.387	3.167	3.717
1421	-12.386	3.167	3.717
1527	-12.260	3.162	2.372
1427	-12.243	3.164	8.509
1470	-12.243	3.164	15.558
1471	-12.243	3.164	15.573
1506	-12.241	3.164	3.978
1528	-12.171	3.446	5.823
1270	-12.169	3.146	4.267
1275	-12.169	3.146	2.676
1279	-12.169	3.146	3.213
1293	-12.169	3.146	3.213
1403	-12.149	3.146	2.674
1468	-12.149	3.146	3.213
1458	-12.149	3.146	2.674
1343	-12.148	3.146	5.484
1374	-12.148	3.146	5.483
1399	-12.148	3.146	5.483
1297	-12.148	3.146	4.327
1304	-12.148	3.146	4.287
1325	-12.148	3.146	5.672
1326	-12.148	3.146	5.672
1516	-12.148	3.146	2.367
1366	-12.148	3.146	5.784
1447	-12.148	3.146	5.859
1437	-12.148	3.146	5.859
1316	-12.148	3.146	2.370
1420	-12.145	3.146	2.369
1290	-12.145	3.146	5.859
1496	-12.116	3.147	0.031
1269	-12.104	3.451	0.000
1312	-12.104	3.451	0.002
1542	-12.032	3.452	5.672
1533	-12.032	3.452	5.807
1384	-12.030	3.453	5.806
1404	-12.030	3.453	5.807
1432	-12.030	3.453	5.673
1442	-12.030	3.453	5.782
1453	-12.030	3.453	5.783
1315	-12.030	3.453	5.670
1372	-12.029	3.453	5.670
1318	-12.029	3.453	3.831
1475	-12.029	3.453	3.831
1486	-12.029	3.453	5.670
1501	-12.029	3.453	0.474
1429	-12.029	3.453	3.831
1387	-12.028	3.452	0.953
1356	-12.028	3.452	3.820
1352	-12.028	3.452	0.952
1339	-12.028	3.452	0.953
1414	-12.028	3.452	0.471
1441	-12.028	3.452	0.471
1466	-12.028	3.452	10.895
1392	-12.027	3.452	3.488
1482	-12.027	3.452	3.717
1322	-12.027	3.452	3.720
1391	-12.025	3.424	3.717
1371	-11.862	2.954	3.720
1489	-11.710	2.980	12.980
1474	-11.710	2.980	7.195
1502	-11.709	2.989	2.030
1451	-11.682	2.912	3.200
1483	-11.664	3.146	4.350
1406	-11.662	3.309	15.602
1422	-11.658	3.146	8.973
1398	-11.655	3.146	2.389
1410	-11.654	3.146	2.372
1454	-11.482	3.462	4.352
1396	-11.471	2.937	7.271
1333	-11.470	3.464	7.114
1460	-11.468	2.939	9.036
1362	-11.467	3.462	9.645
1543	-11.466	2.908	8.587
1513	-9.380	3.867	5.483
