563	-13.011	0.000	3.213
558	-12.983	0.003	2.675
665	-12.968	0.004	2.674
720	-12.347	1.480	3.717
719	-12.347	1.478	3.720
682	-12.347	1.477	3.720
810	-12.346	1.503	2.031
643	-12.346	1.481	6.606
603	-12.346	1.478	12.980
552	-12.346	1.479	7.195
619	-12.346	1.476	2.030
554	-12.346	1.472	5.403
639	-12.346	1.473	5.403
627	-12.346	1.467	6.605
632	-12.346	1.461	7.183
606	-12.346	1.461	10.385
565	-12.132	0.923	0.044
618	-12.132	0.923	0.044
785	-12.132	0.926	0.045
731	-12.132	0.929	5.783
835	-12.130	0.891	5.782
722	-12.126	0.921	0.034
1203	-12.118	0.906	0.032
820	-12.116	0.918	0.032
784	-12.111	0.925	5.860
795	-12.111	0.923	5.860
781	-12.111	0.926	5.860
762	-12.111	0.925	5.860
819	-12.111	0.926	5.672
771	-12.111	0.931	11.435
816	-12.110	0.948	5.672
787	-12.093	1.486	0.002
847	-12.093	1.447	5.860
843	-12.093	1.443	5.783
705	-12.090	1.553	5.673
653	-12.083	1.408	5.673
663	-11.740	2.629	15.548
1177	-11.704	2.405	7.184
1006	-11.697	2.406	5.403
1017	-11.697	2.405	6.609
1153	-11.690	2.675	7.183
1035	-11.689	2.696	15.416
1078	-11.689	2.695	4.048
734	-11.685	2.394	4.048
845	-11.685	2.394	4.048
733	-11.685	2.387	5.399
707	-11.685	2.396	7.099
717	-11.685	2.396	5.040
739	-11.685	2.396	3.274
725	-11.685	2.397	13.237
605	-11.684	2.391	13.238
620	-11.684	2.391	3.277
622	-11.684	2.390	9.600
1087	-11.683	2.665	3.202
936	-11.680	2.396	3.203
716	-11.679	2.396	3.203
683	-11.679	2.397	2.950
732	-11.679	2.395	2.002
587	-11.678	2.390	8.093
581	-11.678	2.390	8.093
634	-11.678	2.391	7.117
1016	-11.675	2.483	8.092
132	-11.674	2.346	8.097
1049	-11.672	2.572	8.096
1050	-11.670	2.579	8.096
676	-11.664	2.696	4.350
797	-11.662	2.675	8.977
629	-11.652	2.693	5.313
566	-11.652	2.694	3.329
577	-11.652	2.694	7.807
349	-11.635	2.734	7.807
1245	-11.580	2.603	7.812
1176	-11.359	2.315	8.580
576	-11.215	2.890	2.853
614	-11.215	2.900	2.866
556	-11.215	2.912	3.186
564	-11.215	2.906	3.199
638	-11.215	2.911	3.195
589	-11.215	2.919	4.696
636	-11.215	2.915	4.696
333	-11.213	2.892	4.697
758	-11.205	2.908	2.915
765	-11.205	2.883	8.251
666	-11.205	2.897	4.358
709	-11.205	2.899	4.358
792	-11.205	2.909	4.326
799	-11.205	2.902	3.933
756	-11.205	2.918	4.388
743	-11.205	2.909	4.388
1175	-11.205	2.893	4.395
664	-11.204	2.895	8.500
842	-11.203	2.887	8.509
1105	-11.203	2.910	15.558
1104	-11.201	2.965	15.558
749	-11.196	2.892	5.689
686	-11.196	2.893	5.689
862	-11.196	2.887	5.689
697	-11.196	2.899	5.754
692	-11.195	2.883	5.754
715	-11.195	2.890	5.684
1075	-11.195	2.906	5.684
1019	-11.193	2.896	5.738
1086	-11.164	2.680	5.737
701	-11.131	2.202	5.398
857	-11.055	2.501	5.771
1255	-11.035	3.401	5.771
1132	-11.034	3.407	5.771
1103	-11.033	3.380	3.978
1170	-11.033	3.409	3.978
1215	-11.032	3.384	3.977
779	-11.030	3.389	3.977
1065	-11.029	3.395	5.375
791	-11.029	3.414	11.600
1046	-11.028	3.405	5.900
1184	-11.025	3.430	4.267
1084	-11.025	3.371	2.676
1026	-11.025	3.361	3.213
1034	-11.025	3.419	3.213
1113	-11.024	3.472	2.675
1042	-11.021	3.394	3.213
774	-11.020	3.438	3.213
1125	-11.016	3.435	2.674
1038	-11.014	3.463	4.303
798	-11.012	3.422	5.483
1226	-11.011	3.333	5.483
1062	-11.011	3.462	4.331
1122	-11.007	3.494	4.287
1135	-10.998	3.507	4.356
818	-10.995	3.512	5.672
729	-10.992	3.380	5.784
667	-10.992	3.386	5.859
613	-10.991	3.384	5.859
626	-10.989	3.355	2.369
658	-10.989	3.388	5.859
659	-10.989	3.386	0.044
1015	-10.986	3.372	0.044
763	-10.984	3.401	0.045
822	-10.969	3.431	5.783
844	-10.966	3.077	0.034
703	-10.966	3.484	0.032
988	-10.964	3.473	5.860
641	-10.946	3.490	5.670
1233	-10.928	3.568	0.474
806	-10.914	3.566	3.820
860	-10.912	3.596	3.820
998	-10.906	3.126	0.953
1237	-10.889	3.313	0.471
1230	-10.859	3.041	3.717
114	-10.851	3.576	3.720
1140	-10.848	3.631	2.031
361	-10.815	3.377	6.607
1053	-10.809	2.787	12.980
1185	-10.804	2.764	5.411
1157	-10.800	1.919	7.188
992	-10.783	2.728	7.187
1256	-10.777	2.699	5.403
975	-10.751	3.170	5.403
1240	-10.732	2.745	6.605
1061	-10.685	2.846	15.184
1037	-10.681	2.699	4.048
1183	-10.636	2.610	4.048
1232	-10.617	2.613	5.400
852	-10.600	3.482	7.099
742	-10.597	3.483	5.040
1008	-10.597	3.482	3.274
678	-10.596	3.484	13.237
567	-10.585	3.484	13.238
646	-10.585	3.484	3.277
561	-10.585	3.483	7.064
1186	-10.575	3.490	3.200
1055	-10.553	3.443	3.203
834	-10.551	3.475	2.950
1137	-10.545	2.863	2.002
1032	-10.532	3.493	7.110
196	-10.435	3.160	7.115
724	-10.410	3.517	8.097
849	-10.371	2.005	8.095
247	-10.345	3.867	8.096
259	-10.163	3.957	3.199
814	-9.868	3.898	5.684
744	-9.772	3.239	4.025
1003	-9.676	3.320	7.812
788	-9.507	3.938	5.689
809	-9.502	3.939	5.754
839	-9.294	2.553	0.044
991	-9.044	3.735	3.277
782	-8.878	3.307	11.445
778	-8.805	2.881	2.369
1180	-8.617	3.852	3.720
