293	-9.259	0.000	5.782
44	-9.121	0.005	5.860
51	-9.121	0.005	5.673
94	-9.121	0.005	5.673
108	-9.121	0.005	5.807
150	-9.121	0.005	5.806
183	-9.121	0.005	5.807
206	-9.121	0.005	5.673
236	-9.121	0.005	10.810
283	-9.120	0.005	5.856
498	-9.120	0.005	5.670
512	-9.120	0.005	5.670
390	-9.119	0.014	3.831
28	-9.114	0.006	0.474
34	-9.114	0.006	3.832
473	-9.113	0.006	3.820
2	-9.105	0.007	3.821
40	-9.090	1.558	0.953
406	-9.089	1.561	0.471
298	-9.089	1.558	0.471
330	-9.089	1.558	2.078
380	-9.089	1.557	7.075
427	-9.089	1.558	15.544
324	-9.089	1.556	3.720
249	-9.073	1.559	3.717
9	-9.072	1.560	3.720
23	-9.072	1.559	3.720
26	-9.072	1.560	2.031
33	-9.072	1.559	6.607
39	-9.072	1.560	12.979
21	-9.072	1.560	5.411
32	-9.072	1.559	3.520
61	-9.072	1.559	2.031
64	-9.072	1.559	5.403
74	-9.072	1.558	7.184
92	-9.072	1.559	6.605
113	-9.072	1.559	15.184
131	-9.072	1.559	7.063
203	-9.072	1.559	4.048
243	-9.072	1.561	4.048
54	-9.071	1.553	4.024
162	-9.065	1.590	5.040
1	-9.058	1.561	3.274
4	-9.058	1.561	13.237
322	-8.568	2.588	9.645
432	-8.568	2.588	8.587
506	-8.546	2.588	4.354
526	-8.546	2.588	3.002
539	-8.546	2.588	3.627
59	-8.545	2.588	3.933
154	-8.545	2.588	4.388
446	-8.540	2.588	3.933
454	-8.540	2.588	4.392
907	-8.528	2.587	15.560
955	-8.528	2.587	15.558
291	-8.519	2.591	5.716
226	-8.513	1.406	5.715
50	-8.495	1.408	6.109
19	-8.489	1.408	1.024
30	-8.489	1.409	5.729
46	-8.376	2.215	1.084
296	-8.190	2.508	4.166
418	-8.174	2.508	4.167
342	-8.174	2.508	4.166
505	-8.167	2.509	4.523
255	-8.151	2.508	5.093
481	-8.151	2.509	5.093
492	-8.151	2.509	11.642
360	-7.897	2.781	11.560
422	-7.897	2.781	1.520
266	-7.878	2.781	12.227
500	-7.878	2.781	12.228
95	-7.877	2.781	12.228
133	-7.877	2.781	12.226
178	-7.877	2.781	12.230
355	-7.868	3.269	12.209
414	-7.829	3.254	6.866
425	-7.829	3.255	10.247
326	-7.829	3.255	11.659
365	-7.829	3.254	7.046
429	-7.828	3.253	7.046
353	-7.822	3.257	5.942
321	-7.819	3.249	14.100
107	-7.809	3.255	8.666
188	-7.809	3.255	8.664
507	-7.809	3.256	12.836
517	-7.809	3.255	8.662
522	-7.809	3.255	8.662
214	-7.809	3.255	8.995
263	-7.809	3.255	8.893
529	-7.809	3.255	8.889
482	-7.809	3.256	8.892
217	-7.808	3.253	11.438
70	-7.806	3.255	6.210
465	-7.805	3.255	5.311
448	-7.804	3.255	5.311
440	-7.803	3.253	5.306
417	-7.783	3.286	12.475
485	-7.775	3.062	10.253
542	-7.775	3.062	8.526
469	-7.769	3.064	8.526
527	-7.763	3.286	4.000
447	-7.758	3.287	6.812
292	-7.668	3.173	7.319
208	-6.701	3.280	5.673
382	-6.659	3.714	5.860
474	-6.652	3.715	2.372
306	-6.420	3.445	5.861
379	-6.420	3.452	5.861
402	-6.420	3.454	5.861
229	-6.402	3.473	5.673
300	-6.118	2.837	5.673
352	-6.118	2.836	5.673
371	-6.118	2.837	5.785
486	-6.115	2.837	5.674
489	-6.115	2.838	5.808
431	-6.114	2.865	5.808
