550	-13.394	0.000	2.598
551	-13.394	0.000	2.600
569	-13.394	0.000	3.498
570	-13.394	0.000	3.267
572	-13.394	0.000	3.064
573	-13.394	0.000	3.267
574	-13.394	0.000	3.064
579	-13.394	0.000	6.803
601	-13.394	0.000	6.813
607	-13.394	0.000	13.557
623	-13.394	0.000	11.460
624	-13.394	0.000	5.689
625	-13.394	0.000	5.689
628	-13.394	0.000	5.689
640	-13.394	0.000	5.754
670	-13.387	0.001	5.754
677	-13.387	0.001	5.684
693	-13.387	0.001	5.684
695	-13.387	0.001	5.738
708	-13.387	0.001	5.397
757	-13.387	0.001	5.771
850	-13.387	0.001	5.771
853	-13.387	0.001	5.771
873	-13.386	0.002	5.771
139	-13.201	0.012	11.600
72	-13.201	0.012	5.823
946	-13.164	0.015	4.267
910	-13.161	0.013	2.676
223	-13.108	0.102	3.212
794	-12.724	0.823	5.860
800	-12.724	0.823	2.367
109	-12.687	0.839	5.672
880	-12.661	0.836	11.435
920	-12.661	0.836	5.672
963	-12.659	0.836	5.672
964	-12.659	0.836	0.002
571	-12.270	3.529	4.048
575	-12.270	3.529	4.048
583	-12.270	3.529	4.048
600	-12.270	3.529	5.399
602	-12.270	3.529	7.099
616	-12.270	3.529	3.274
644	-12.270	3.529	3.274
652	-12.270	3.529	13.237
555	-12.270	3.529	7.064
578	-12.270	3.529	3.277
631	-12.270	3.529	4.411
726	-12.270	3.529	3.201
738	-12.270	3.529	3.200
668	-12.269	3.529	3.203
690	-12.269	3.529	3.203
711	-12.269	3.529	2.950
761	-12.269	3.529	2.002
826	-12.269	3.529	8.093
828	-12.269	3.529	8.093
829	-12.269	3.529	7.115
833	-12.269	3.529	8.097
865	-12.269	3.529	8.097
669	-12.269	3.529	8.096
825	-12.269	3.529	8.096
656	-12.268	3.529	4.350
661	-12.268	3.529	4.350
877	-12.268	3.530	2.012
655	-12.268	3.529	8.977
662	-12.268	3.529	8.973
875	-12.268	3.529	2.389
689	-12.257	3.536	3.331
727	-12.257	3.536	3.329
750	-12.257	3.536	5.741
786	-12.257	3.536	7.807
790	-12.257	3.536	7.812
934	-12.257	3.536	4.352
776	-12.255	3.537	7.271
588	-12.249	3.839	7.114
591	-12.249	3.837	7.113
553	-12.249	3.838	9.646
562	-12.249	3.837	8.587
596	-12.249	3.837	8.582
568	-12.249	3.839	2.853
560	-12.249	3.836	2.865
593	-12.249	3.837	3.186
651	-12.249	3.837	3.197
599	-12.249	3.835	3.195
611	-12.249	3.835	4.696
869	-12.248	3.849	4.696
680	-12.247	2.240	4.697
699	-12.247	2.240	2.915
713	-12.247	2.240	8.251
730	-12.247	2.241	4.358
741	-12.247	2.241	4.356
783	-12.247	2.240	3.629
848	-12.247	2.240	3.933
753	-12.246	2.251	4.388
710	-12.246	2.247	4.382
951	-12.246	2.251	4.395
691	-12.245	2.244	8.499
557	-12.242	2.243	5.689
559	-12.242	2.243	5.689
580	-12.242	2.243	5.689
585	-12.242	2.243	5.754
592	-12.242	2.243	5.754
604	-12.242	2.243	5.684
610	-12.242	2.243	5.684
615	-12.242	2.243	5.738
630	-12.242	2.243	5.737
633	-12.242	2.243	5.393
642	-12.242	2.243	5.771
650	-12.242	2.243	5.771
609	-12.242	2.244	5.771
745	-12.238	3.839	3.978
747	-12.238	3.838	3.977
645	-12.238	3.839	3.977
789	-12.238	3.839	5.375
768	-12.226	2.221	5.369
755	-12.150	2.397	2.675
906	-11.983	2.250	3.717
1205	-11.977	1.472	3.717
331	-11.922	2.256	3.720
764	-11.746	2.934	2.031
1097	-10.993	3.878	2.368
767	-10.989	3.937	2.370
660	-10.967	3.698	5.782
801	-10.965	2.071	0.032
635	-10.965	3.688	0.031
608	-10.965	3.691	5.860
590	-10.965	3.702	5.860
584	-10.965	3.701	5.860
595	-10.965	3.705	5.860
597	-10.965	3.711	5.672
582	-10.965	3.712	11.435
647	-10.965	3.713	5.672
594	-10.965	3.721	0.000
93	-10.965	3.723	0.002
863	-10.965	3.863	0.002
694	-10.961	3.710	5.783
941	-10.960	3.701	5.673
916	-10.960	3.708	5.673
736	-10.960	3.719	5.672
917	-10.960	3.723	5.807
698	-10.960	3.729	5.806
899	-10.960	3.787	5.807
945	-10.960	3.811	5.673
823	-10.960	3.916	5.782
854	-10.959	3.649	5.856
752	-10.959	3.701	5.670
714	-10.959	3.718	5.670
866	-10.959	3.731	3.831
871	-10.947	3.561	0.474
735	-10.942	2.374	0.474
295	-10.897	2.037	0.953
821	-10.889	2.071	0.471
612	-10.886	2.071	11.579
617	-10.886	2.071	3.488
648	-10.880	2.046	3.721
673	-10.864	2.067	3.720
882	-10.859	2.067	3.715
893	-10.859	2.067	3.717
423	-10.856	3.908	3.720
170	-10.669	2.814	4.048
770	-10.557	2.117	3.201
317	-10.557	3.856	3.203
179	-10.519	2.157	8.093
812	-10.452	2.225	7.117
294	-10.244	3.829	2.872
925	-10.202	2.255	3.187
374	-10.119	3.128	3.203
285	-10.111	3.137	4.696
928	-10.064	3.772	4.697
881	-10.058	2.256	4.697
209	-10.044	2.253	8.251
681	-9.853	2.276	3.978
598	-9.850	2.345	4.267
827	-9.847	2.336	2.675
700	-9.847	2.347	3.214
878	-9.846	2.335	3.213
858	-9.846	2.360	2.674
856	-9.845	2.368	5.483
867	-9.845	2.364	5.483
909	-9.843	2.357	4.331
892	-9.842	2.363	4.287
769	-9.842	2.376	4.356
864	-9.840	2.375	2.370
886	-9.837	2.385	0.044
851	-9.797	2.351	0.474
938	-9.791	2.337	3.821
831	-9.790	2.380	0.953
929	-9.790	2.373	0.953
953	-9.789	2.391	0.471
939	-9.784	2.411	5.560
29	-9.782	2.354	15.543
45	-9.781	2.355	3.720
67	-9.781	2.365	3.720
102	-9.781	2.366	3.717
81	-9.781	2.372	3.717
205	-9.781	2.361	3.720
256	-9.780	2.364	3.720
49	-9.780	2.386	2.031
543	-9.779	2.382	12.979
160	-9.779	2.385	5.411
156	-9.779	2.380	7.188
163	-9.779	2.387	2.031
421	-9.778	2.391	5.403
356	-9.777	2.273	5.403
437	-9.774	2.392	6.605
151	-9.774	2.404	15.184
350	-9.774	2.403	4.048
891	-9.773	2.372	4.048
42	-9.773	2.403	4.048
63	-9.771	2.418	7.099
5	-9.769	2.413	5.040
118	-9.766	2.432	13.237
455	-9.763	2.416	13.238
111	-9.761	2.450	3.277
351	-9.760	2.421	3.277
269	-9.759	2.337	3.205
116	-9.757	2.412	3.200
889	-9.755	3.800	3.203
898	-9.755	3.800	2.950
415	-9.752	2.407	2.002
123	-9.749	2.443	8.093
89	-9.739	2.317	8.096
143	-9.737	2.413	8.097
159	-9.733	2.385	4.350
105	-9.713	2.402	13.210
216	-9.700	2.461	0.000
130	-9.687	2.509	2.385
265	-9.677	2.420	5.299
248	-9.673	2.377	6.728
157	-9.655	2.403	9.036
136	-9.637	2.445	8.587
261	-9.618	2.483	2.872
141	-9.614	2.501	3.199
389	-9.604	2.390	3.211
901	-9.587	3.812	4.697
956	-9.576	3.805	4.353
68	-9.567	2.491	4.358
98	-9.561	2.236	4.388
302	-9.528	2.612	8.501
1022	-9.515	3.847	15.558
112	-9.513	2.547	15.558
31	-9.505	2.658	5.689
488	-9.503	2.623	5.689
386	-9.491	2.344	5.684
1259	-9.461	3.859	5.737
1093	-9.461	3.848	5.397
1160	-9.459	3.835	5.771
1149	-9.458	3.860	5.771
1043	-9.457	3.851	5.771
58	-9.456	2.254	3.979
1130	-9.456	3.841	3.978
1027	-9.452	3.846	3.977
311	-9.451	2.536	3.977
1063	-9.449	3.868	5.375
1014	-9.448	3.814	11.600
1206	-9.447	3.836	5.900
1138	-9.447	3.840	11.615
1099	-9.447	3.852	2.676
1039	-9.446	3.839	3.214
1187	-9.445	3.913	3.213
1174	-9.426	3.817	2.675
1239	-9.409	3.821	3.214
1192	-9.406	3.953	3.213
894	-9.404	3.844	2.674
1073	-9.380	3.992	4.331
1074	-9.378	3.861	4.287
149	-9.375	2.678	5.673
1070	-9.353	3.812	5.672
24	-9.334	2.377	2.367
274	-9.330	3.312	5.784
384	-9.320	2.481	5.859
238	-9.319	2.882	5.859
191	-9.309	3.882	2.369
1045	-9.277	3.930	0.045
464	-9.269	2.790	0.044
164	-9.237	2.751	5.860
1048	-9.231	3.758	5.860
804	-9.208	3.535	0.000
927	-9.158	3.548	0.002
990	-9.102	3.712	0.953
36	-9.081	2.731	3.720
444	-9.070	2.890	7.062
126	-9.057	2.790	13.238
341	-8.951	3.856	4.388
278	-8.950	3.864	3.631
103	-8.949	3.854	4.387
166	-8.949	3.856	8.504
161	-8.949	3.864	15.558
213	-8.949	3.868	15.558
128	-8.949	3.859	5.773
146	-8.949	3.860	5.689
134	-8.949	3.875	5.689
115	-8.949	3.870	5.754
184	-8.949	3.871	5.754
289	-8.948	3.818	5.684
439	-8.948	3.850	5.684
470	-8.948	3.900	5.738
957	-8.942	3.865	5.771
887	-8.942	3.868	5.771
940	-8.940	3.818	5.771
902	-8.940	3.858	3.978
905	-8.940	3.860	3.977
220	-8.940	3.856	3.977
227	-8.939	3.892	5.375
408	-8.921	3.665	11.600
125	-8.913	3.682	5.900
872	-8.839	3.480	2.366
888	-8.830	3.482	5.859
483	-8.822	3.874	5.859
16	-8.803	2.960	0.046
250	-8.791	3.746	0.045
922	-8.776	3.918	0.036
441	-8.772	3.856	0.032
251	-8.754	3.177	5.860
335	-8.701	3.494	0.002
245	-8.689	3.475	10.808
252	-8.649	3.316	3.832
167	-8.631	3.338	3.720
932	-8.611	3.489	2.031
137	-8.602	3.394	5.411
912	-8.601	3.489	3.524
147	-8.596	3.397	5.403
225	-8.578	3.368	7.062
88	-8.575	3.457	5.040
117	-8.566	3.338	2.853
7	-8.556	3.439	3.186
53	-8.556	3.439	3.197
212	-8.554	3.467	3.466
60	-8.500	3.595	5.718
367	-8.431	3.845	0.566
153	-8.416	3.995	5.673
284	-8.399	3.598	1.084
375	-8.302	3.982	5.694
514	-7.888	3.845	7.197
338	-7.728	3.602	6.264
395	-7.589	3.003	5.178
381	-7.535	3.928	5.684
78	-7.454	3.145	11.601
