1164	-8.496	0.000	5.674
1145	-8.496	0.005	5.674
1211	-8.495	0.007	0.537
1214	-8.495	0.005	0.536
1069	-8.495	0.003	0.536
1236	-8.495	0.004	0.536
1242	-8.495	0.003	6.072
1068	-8.495	0.009	6.070
1235	-8.495	0.017	6.069
981	-8.495	0.051	6.075
978	-8.493	0.085	11.930
989	-8.490	0.094	1.064
1009	-8.487	0.175	6.220
1064	-8.485	0.195	5.756
1107	-8.484	0.120	5.728
999	-8.481	0.144	5.728
979	-8.477	0.154	5.756
1124	-8.463	0.098	11.732
1168	-8.461	0.169	5.744
987	-8.439	0.237	5.730
1147	-8.428	0.277	5.673
1056	-8.382	0.214	1.084
1129	-8.367	0.362	5.667
1028	-8.364	0.202	5.695
1111	-8.311	0.966	5.695
1249	-8.243	0.936	0.004
1207	-8.242	0.930	1.086
1112	-8.242	0.933	1.085
1166	-8.242	0.931	1.085
1209	-8.242	0.932	1.085
986	-8.241	0.943	0.001
1152	-8.241	0.930	8.638
1004	-8.241	0.932	5.672
1005	-8.241	0.929	5.672
1158	-8.241	0.933	5.672
1119	-8.241	0.933	8.623
1123	-8.241	0.934	1.087
1142	-8.241	0.931	1.087
1021	-8.241	0.933	1.088
1169	-8.240	0.934	0.005
1172	-8.240	0.948	5.755
1225	-8.239	0.931	0.009
1196	-8.235	0.992	8.627
1210	-8.213	0.371	5.732
968	-8.206	2.257	9.030
1057	-8.183	1.870	4.170
1044	-8.181	1.878	4.171
1222	-8.174	0.588	4.172
1204	-8.150	2.288	5.093
982	-8.149	2.286	5.135
1040	-8.147	2.267	4.972
1227	-8.147	2.315	3.816
1231	-8.128	2.155	8.678
1213	-8.110	2.039	7.422
995	-8.103	1.868	4.688
1117	-8.102	1.851	5.293
1261	-8.101	1.880	5.293
1247	-8.100	1.835	5.309
1202	-8.098	1.889	5.877
1193	-8.078	1.896	2.604
1141	-8.072	2.100	3.498
993	-8.071	2.100	3.267
969	-8.068	2.102	3.064
1109	-8.019	2.070	7.603
1190	-8.018	2.075	7.738
1054	-8.017	2.063	9.096
1114	-7.996	2.112	12.048
1251	-7.996	2.112	12.048
1094	-7.995	2.113	6.769
1095	-7.995	2.112	6.769
1121	-7.995	2.112	8.843
1155	-7.995	2.113	11.741
1171	-7.994	2.111	10.631
1133	-7.994	2.113	10.631
1189	-7.994	2.113	14.071
1221	-7.994	2.113	14.066
985	-7.994	2.113	13.705
994	-7.994	2.113	9.013
997	-7.994	2.113	12.441
1007	-7.994	2.113	12.440
1101	-7.994	2.113	8.874
1219	-7.994	2.113	8.874
1010	-7.993	2.113	8.719
1011	-7.993	2.113	11.429
1023	-7.993	2.113	9.350
1066	-7.993	2.113	11.430
1079	-7.993	2.113	11.430
1081	-7.993	2.113	8.873
1241	-7.993	2.113	8.714
1217	-7.944	1.048	9.350
1178	-7.919	1.166	1.459
1059	-7.912	1.392	12.304
1220	-7.910	1.424	12.309
1029	-7.909	1.215	12.308
1118	-7.895	1.316	11.073
1188	-7.894	1.240	7.210
1024	-7.815	2.097	9.932
1090	-7.815	2.103	9.933
1060	-7.797	3.425	10.888
1083	-7.797	3.427	8.864
1223	-7.716	2.836	10.615
1260	-7.547	2.727	5.754
1234	-7.546	2.727	5.684
1102	-7.441	2.738	3.213
1052	-7.440	2.738	3.214
1194	-7.201	2.945	5.671
1116	-7.156	2.911	15.413
1106	-7.122	2.908	6.608
1115	-7.108	2.931	9.593
1161	-7.055	2.935	3.204
1212	-7.054	2.828	3.204
1163	-7.020	3.419	4.351
1200	-7.017	2.913	3.375
1252	-7.013	2.908	8.977
1139	-7.012	2.842	8.973
1179	-7.004	2.890	5.741
1198	-7.003	2.905	7.807
1159	-6.984	2.926	2.895
1096	-6.980	2.923	4.354
1144	-6.975	2.928	4.353
1131	-6.426	3.137	5.861
1248	-6.305	3.306	11.435
1126	-6.301	3.310	5.672
1077	-6.301	3.308	0.000
1182	-5.960	3.064	5.671
