230	-6.527	0.000	12.784
626	-6.524	0.001	9.905
339	-6.524	0.001	9.177
884	-6.524	0.001	9.202
892	-6.524	0.001	9.124
898	-6.524	0.001	13.881
910	-6.524	0.001	9.190
32	-6.518	0.004	13.335
36	-6.517	0.005	13.334
1028	-6.516	0.028	9.156
1040	-6.516	0.028	11.757
1131	-6.516	0.028	8.005
1140	-6.516	0.028	13.038
1200	-6.516	0.028	13.038
1243	-6.516	0.028	13.048
1014	-6.038	3.554	8.942
1057	-6.038	3.554	8.098
1126	-6.038	3.554	8.190
1132	-6.038	3.554	8.199
1135	-6.038	3.554	10.357
1182	-6.038	3.554	8.173
736	-6.032	3.557	10.971
757	-6.032	3.557	20.523
773	-6.032	3.557	20.345
779	-6.032	3.557	8.984
795	-6.032	3.557	9.490
809	-6.032	3.557	9.490
811	-6.032	3.557	20.310
814	-6.032	3.557	8.989
816	-6.032	3.557	9.017
822	-6.032	3.557	10.805
854	-6.032	3.557	8.678
1091	-5.809	1.361	10.458
1134	-5.809	1.361	10.003
