1793	-7.481	0.000	8.200
1806	-7.481	0.000	8.199
1812	-7.481	0.000	8.215
1815	-6.334	2.984	10.247
1817	-6.334	2.984	10.247
1799	-6.321	1.056	1.185
1800	-6.321	1.056	10.790
1805	-6.321	1.056	10.790
1831	-6.292	2.995	10.328
1808	-6.195	2.176	13.038
1828	-6.195	2.176	13.043
1835	-6.195	2.176	9.058
1803	-6.090	2.039	9.687
1827	-6.090	2.039	12.311
1794	-5.950	3.260	9.702
1830	-5.950	3.260	9.699
1833	-5.950	3.260	1.412
1790	-5.946	1.657	1.409
1797	-5.946	1.657	1.409
1804	-5.946	1.657	1.401
1818	-5.946	1.657	2.578
1816	-5.875	1.657	10.251
1832	-5.875	1.657	10.505
1837	-5.875	1.657	10.454
1809	-5.874	1.657	10.454
1807	-5.860	2.713	10.793
1798	-5.573	3.155	10.354
1822	-5.573	3.155	10.373
1825	-5.573	3.155	8.601
1834	-5.573	3.155	9.438
1840	-5.573	3.155	10.457
1789	-5.536	1.917	9.638
1792	-5.536	1.917	13.971
1796	-5.536	1.917	13.762
1813	-5.536	1.917	8.003
1824	-5.536	1.917	7.990
1838	-5.485	2.471	9.713
1814	-5.429	3.220	7.939
1836	-5.429	3.222	7.950
1795	-5.427	3.039	9.235
1819	-5.427	3.039	8.140
1820	-5.427	3.039	8.133
1826	-5.427	3.039	9.191
1791	-5.346	2.577	13.333
1801	-5.346	2.577	8.003
1811	-5.346	2.577	11.757
1802	-5.291	2.462	8.005
1821	-5.291	2.462	9.423
1829	-5.291	2.462	13.038
1839	-5.248	2.485	13.493
1810	-5.213	3.068	9.636
1823	-5.020	2.237	13.450
