140	-9.458	0.000	13.653
148	-9.391	3.977	20.299
1624	-9.391	3.977	20.338
1626	-9.391	3.977	20.331
1629	-9.391	3.977	9.492
120	-9.390	3.977	8.986
202	-9.389	3.977	20.384
304	-9.388	3.977	20.522
341	-9.388	3.977	10.395
377	-9.388	3.977	9.757
233	-9.388	3.978	9.897
245	-9.385	3.978	3.453
255	-9.385	3.978	3.452
155	-9.369	3.866	3.039
209	-9.369	3.866	3.042
267	-9.368	3.866	3.041
288	-9.368	3.866	9.702
295	-9.368	3.866	9.702
312	-9.368	3.866	9.703
326	-9.368	3.866	11.000
354	-9.368	3.866	9.282
394	-9.368	3.866	1.398
415	-9.368	3.866	9.278
469	-9.368	3.866	2.577
519	-9.368	3.866	2.575
658	-9.368	3.866	2.564
181	-9.366	3.867	10.634
219	-9.366	3.867	10.250
1638	-9.366	3.867	10.250
1641	-9.366	3.867	10.250
1644	-9.366	3.867	10.509
1645	-9.366	3.867	10.454
351	-9.365	3.867	2.571
432	-9.364	3.867	10.456
320	-9.364	3.867	1.186
330	-9.364	3.867	1.188
364	-9.364	3.867	10.795
417	-9.364	3.867	10.794
1677	-9.349	3.871	0.000
1684	-9.349	3.871	0.011
1692	-9.349	3.871	2.670
216	-9.348	3.871	10.355
1699	-9.348	3.871	10.355
1719	-9.348	3.871	1.191
1726	-9.348	3.871	2.450
1756	-9.348	3.871	9.996
1761	-9.348	3.871	10.009
1776	-9.348	3.871	10.005
268	-9.347	3.871	10.046
1648	-9.346	3.871	9.991
1665	-9.346	3.871	9.873
92	-9.345	3.871	9.806
159	-9.345	3.871	10.099
217	-9.345	3.871	9.813
290	-9.344	3.872	8.832
346	-9.344	3.872	9.938
407	-9.344	3.872	9.945
412	-9.344	3.872	9.532
425	-9.344	3.872	10.199
441	-9.344	3.872	16.536
442	-9.344	3.872	9.524
452	-9.344	3.872	9.371
475	-9.344	3.872	9.045
507	-9.344	3.872	10.156
532	-9.344	3.872	10.259
533	-9.344	3.872	11.204
555	-9.344	3.872	11.205
500	-9.344	3.872	8.911
318	-9.343	3.872	8.949
386	-9.343	3.872	10.235
1672	-9.335	3.981	10.302
1676	-9.335	3.981	10.338
1680	-9.335	3.981	10.366
1714	-9.333	3.981	10.301
86	-9.327	3.982	10.411
1642	-9.327	3.982	8.585
1646	-9.327	3.982	11.230
300	-9.326	3.982	9.196
456	-9.326	3.982	9.232
525	-9.326	3.982	9.233
605	-9.326	3.982	10.492
1551	-9.321	3.982	8.002
1695	-9.318	3.982	9.904
1772	-9.318	3.982	9.183
114	-9.255	0.738	9.665
133	-9.255	0.738	9.428
59	-9.238	0.737	3.453
60	-9.238	0.737	3.452
1484	-8.879	3.857	9.273
1513	-8.879	3.857	9.370
1599	-8.879	3.857	8.992
1681	-8.877	3.857	10.306
1718	-8.877	3.857	8.937
1463	-8.877	3.858	11.205
1712	-8.871	3.858	11.189
1746	-8.871	3.858	11.196
1760	-8.871	3.858	10.331
1764	-8.871	3.858	10.321
1765	-8.871	3.858	9.658
1768	-8.871	3.858	11.229
732	-8.286	0.125	7.990
735	-8.286	0.125	13.767
590	-8.285	0.125	13.771
722	-8.285	0.125	13.773
728	-8.285	0.125	13.732
749	-8.285	0.125	10.543
751	-8.285	0.125	10.573
765	-8.285	0.125	10.376
766	-8.285	0.125	8.327
774	-8.285	0.125	10.498
787	-8.285	0.125	10.639
798	-8.285	0.125	11.071
799	-8.285	0.125	9.717
804	-8.285	0.125	9.715
817	-8.285	0.125	8.633
818	-8.285	0.125	12.783
819	-8.285	0.125	12.783
821	-8.285	0.125	12.783
825	-8.285	0.125	12.772
827	-8.285	0.125	8.268
837	-8.285	0.125	7.940
845	-8.285	0.125	9.904
846	-8.285	0.125	9.182
856	-8.285	0.125	9.183
857	-8.285	0.125	8.272
858	-8.285	0.125	13.874
860	-8.285	0.125	9.197
865	-8.285	0.125	13.334
867	-8.285	0.125	13.339
869	-8.285	0.125	8.001
660	-8.284	0.125	11.758
666	-8.284	0.125	9.544
667	-8.284	0.125	13.037
669	-8.284	0.125	9.759
673	-8.284	0.125	12.994
674	-8.284	0.125	8.989
689	-8.284	0.125	13.465
740	-8.284	0.125	13.039
747	-8.284	0.125	13.447
548	-8.283	0.125	9.693
606	-8.283	0.125	13.451
687	-8.283	0.125	13.445
1007	-8.282	0.125	9.570
1020	-8.282	0.125	8.983
1024	-8.282	0.125	14.084
1029	-8.282	0.125	8.197
1032	-8.282	0.125	8.199
1035	-8.282	0.125	8.200
1076	-8.282	0.125	20.186
1088	-8.282	0.125	12.642
1101	-8.282	0.125	20.586
1109	-8.282	0.125	12.948
1119	-8.282	0.125	20.253
1129	-8.282	0.125	20.343
1145	-8.282	0.125	12.206
1148	-8.282	0.125	20.356
1150	-8.282	0.125	8.899
1183	-8.281	0.125	11.598
1185	-8.281	0.125	11.020
1211	-8.281	0.125	12.142
1221	-8.281	0.125	10.907
1240	-8.281	0.125	10.769
1257	-8.281	0.125	9.005
1261	-8.281	0.125	8.413
1270	-8.281	0.125	9.492
1157	-8.268	0.126	9.492
1160	-8.268	0.126	20.308
1153	-8.268	0.126	8.979
1154	-8.268	0.126	8.981
1155	-8.268	0.126	20.366
588	-8.243	0.129	20.548
594	-8.243	0.129	10.325
596	-8.243	0.129	11.884
748	-8.243	0.129	3.452
786	-8.243	0.129	3.451
807	-8.243	0.129	3.411
285	-8.242	0.129	2.983
301	-8.242	0.129	2.983
403	-8.242	0.129	2.835
416	-8.242	0.129	2.982
454	-8.242	0.129	2.979
502	-8.242	0.129	3.930
512	-8.242	0.129	3.039
513	-8.242	0.129	3.038
524	-8.242	0.129	3.041
542	-8.242	0.129	3.041
545	-8.242	0.129	9.701
563	-8.242	0.129	9.701
571	-8.242	0.129	3.041
575	-8.242	0.129	1.412
608	-8.242	0.129	1.409
615	-8.242	0.129	1.409
616	-8.242	0.129	2.578
329	-8.242	0.129	2.578
360	-8.242	0.129	2.578
627	-8.242	0.129	10.628
628	-8.242	0.129	10.247
630	-8.242	0.129	10.247
668	-8.242	0.129	10.247
675	-8.242	0.129	10.251
682	-8.242	0.129	10.506
248	-8.225	0.130	2.574
693	-8.225	0.130	10.446
702	-8.225	0.130	1.185
161	-8.213	0.133	10.352
182	-8.213	0.133	10.350
189	-8.213	0.133	10.351
190	-8.213	0.133	1.196
194	-8.213	0.133	2.411
195	-8.213	0.133	10.010
218	-8.213	0.133	9.976
136	-8.181	0.138	10.211
91	-8.180	0.138	10.058
99	-8.180	0.138	9.990
713	-8.171	0.137	10.088
80	-8.164	0.138	9.807
390	-8.130	0.140	10.037
485	-8.130	0.140	16.613
493	-8.130	0.140	16.541
497	-8.130	0.140	11.564
587	-8.130	0.140	9.360
104	-8.068	0.149	9.190
1506	-7.915	3.559	13.321
1539	-7.915	3.559	8.097
1754	-7.910	3.560	8.098
1565	-7.909	3.560	9.471
1732	-7.905	3.560	8.200
1766	-7.904	3.560	9.373
1767	-7.904	3.560	12.871
790	-7.654	0.771	10.626
830	-7.654	0.771	0.011
681	-7.653	0.771	0.000
844	-7.653	0.771	10.687
861	-7.653	0.771	10.351
871	-7.653	0.771	10.351
714	-7.652	0.771	1.195
597	-7.651	0.771	10.326
721	-7.651	0.771	10.000
752	-7.651	0.771	9.996
796	-7.651	0.771	10.012
468	-7.650	0.771	10.027
473	-7.650	0.771	9.992
552	-7.650	0.771	10.043
572	-7.650	0.771	9.878
324	-7.650	0.771	9.806
444	-7.650	0.771	9.870
476	-7.650	0.771	10.084
506	-7.650	0.771	9.839
562	-7.650	0.771	10.082
566	-7.650	0.771	9.594
580	-7.650	0.771	9.630
581	-7.650	0.771	16.542
600	-7.650	0.771	16.431
607	-7.650	0.771	9.145
633	-7.650	0.771	9.368
635	-7.650	0.771	11.202
636	-7.650	0.771	11.202
655	-7.650	0.771	11.200
661	-7.650	0.771	11.201
676	-7.650	0.771	11.201
679	-7.650	0.771	11.178
1180	-7.647	0.770	8.785
1263	-7.647	0.770	10.292
698	-7.639	0.771	10.321
708	-7.637	0.771	10.396
1169	-7.637	0.771	10.413
1175	-7.637	0.771	10.438
700	-7.636	0.771	8.685
154	-7.627	0.769	8.604
166	-7.627	0.769	9.242
260	-7.532	0.775	9.687
622	-7.532	0.775	13.451
783	-7.450	1.083	20.188
829	-7.450	1.083	22.032
754	-7.449	1.083	8.207
756	-7.449	1.083	20.404
758	-7.449	1.083	12.196
762	-7.449	1.083	9.816
763	-7.449	1.083	11.114
823	-7.449	1.083	20.356
847	-7.449	1.083	8.894
863	-7.449	1.083	11.601
870	-7.449	1.083	11.058
678	-7.449	1.083	12.141
1061	-7.447	1.082	10.896
1062	-7.447	1.082	8.987
1083	-7.447	1.082	8.937
1084	-7.447	1.082	20.295
1089	-7.447	1.082	9.490
1096	-7.447	1.082	9.490
1105	-7.447	1.082	9.486
1112	-7.447	1.082	8.978
1123	-7.447	1.082	8.990
1136	-7.447	1.082	20.370
1253	-7.447	1.082	10.860
1262	-7.447	1.082	20.232
1256	-7.447	1.085	10.327
1190	-7.447	1.081	10.645
1194	-7.447	1.081	3.452
1197	-7.447	1.081	3.451
1176	-7.442	1.086	2.983
705	-7.438	1.085	3.041
706	-7.438	1.085	9.701
711	-7.438	1.085	9.702
712	-7.438	1.085	3.041
305	-7.419	1.106	1.185
355	-7.419	1.106	10.790
451	-7.419	1.106	10.789
526	-7.419	1.106	0.011
543	-7.419	1.106	0.011
570	-7.419	1.106	2.155
592	-7.419	1.106	10.353
625	-7.419	1.106	10.351
629	-7.419	1.106	10.351
601	-7.419	1.106	1.196
657	-7.419	1.106	0.031
659	-7.419	1.106	9.999
665	-7.419	1.106	10.000
271	-7.386	0.795	10.009
784	-7.361	0.649	9.997
832	-7.361	0.648	10.045
833	-7.361	0.648	9.806
862	-7.360	0.649	9.807
1027	-7.354	0.645	8.832
1177	-7.353	0.645	10.089
1228	-7.353	0.645	9.594
1234	-7.353	0.645	9.610
1235	-7.353	0.645	16.607
1239	-7.353	0.645	16.527
371	-7.324	0.663	10.366
531	-7.324	0.663	10.418
1573	-7.053	3.635	6.558
1128	-6.565	3.855	10.457
551	-6.491	2.790	13.458
768	-6.480	2.779	8.198
745	-6.463	2.813	20.349
584	-6.344	2.453	3.041
593	-6.341	2.417	9.701
466	-6.340	2.417	3.041
508	-6.340	2.417	10.994
528	-6.340	2.417	1.410
529	-6.340	2.417	1.409
640	-6.339	2.418	9.277
760	-6.339	2.418	2.580
1033	-6.338	2.424	2.578
1147	-6.338	2.424	10.626
709	-6.330	2.421	10.453
