1010	-4.267	0.000	9.715
996	-4.265	0.012	4.667
531	-4.265	0.004	4.673
1085	-4.264	0.005	4.678
1263	-4.264	0.004	10.062
1124	-4.264	0.009	9.725
1232	-4.263	0.005	4.290
621	-4.262	0.015	4.294
979	-4.259	0.089	4.753
364	-4.259	0.041	3.878
239	-4.258	0.015	3.899
1227	-4.252	0.121	3.810
1001	-4.249	0.174	3.800
995	-4.245	0.168	3.625
636	-4.229	2.276	4.356
814	-4.181	0.336	3.352
1201	-4.118	2.238	3.499
1203	-4.118	2.246	11.327
1138	-3.933	1.801	3.308
1804	-3.804	3.780	5.865
1950	-3.749	3.620	6.092
1849	-3.665	3.547	15.192
1050	-3.491	3.418	3.542
1119	-3.418	3.041	10.144
468	-3.410	2.976	10.144
1226	-3.407	3.022	10.248
1095	-3.406	2.994	10.114
1191	-3.405	1.809	10.113
1258	-3.405	2.985	10.381
695	-3.405	2.990	10.120
1245	-3.404	2.986	10.462
1212	-3.403	2.985	10.468
1217	-3.403	2.985	10.468
1019	-3.403	2.984	10.468
1200	-3.403	2.987	10.483
1168	-3.402	2.995	10.483
1146	-3.401	2.974	4.279
415	-3.272	1.957	4.274
1209	-3.159	2.673	5.092
946	-3.030	3.445	5.086
1156	-3.028	3.429	5.084
1099	-3.028	3.454	4.994
1235	-2.995	3.595	5.094
