1042	-7.777	0.000	0.000
1102	-7.777	0.000	0.000
921	-7.737	0.010	0.000
929	-7.737	0.010	0.000
945	-7.737	0.010	0.000
954	-7.737	0.010	0.000
957	-7.737	0.010	0.000
958	-7.737	0.010	0.000
889	-7.737	0.010	0.000
971	-7.737	0.010	0.000
985	-7.737	0.010	0.000
1002	-7.737	0.010	0.000
1039	-7.737	0.010	0.000
1043	-7.737	0.010	0.000
1070	-7.737	0.010	0.000
1103	-7.737	0.010	0.000
1137	-7.737	0.010	0.000
955	-7.723	0.007	0.000
1089	-7.723	0.007	0.000
1047	-7.683	0.014	0.000
927	-7.682	0.026	0.000
1469	-7.570	3.295	0.000
1472	-7.570	3.292	0.000
1475	-7.570	3.292	0.000
1476	-7.570	3.292	0.000
1477	-7.570	3.292	0.000
1482	-7.570	3.292	0.000
1484	-7.570	3.292	0.000
1495	-7.570	3.292	0.000
1500	-7.570	3.292	0.000
1503	-7.570	3.292	0.000
1504	-7.570	3.292	0.000
1523	-7.570	3.292	0.000
1526	-7.570	3.292	0.000
1507	-7.569	3.291	0.000
949	-7.567	3.290	0.000
450	-7.552	3.294	0.000
455	-7.552	3.294	0.000
522	-7.552	3.294	0.000
405	-7.545	3.294	0.000
1512	-7.543	3.290	0.000
1458	-7.543	3.290	0.000
1467	-7.543	3.290	0.000
1468	-7.543	3.290	0.000
1479	-7.543	3.290	0.000
1489	-7.543	3.290	0.000
1498	-7.543	3.290	0.000
1501	-7.543	3.290	0.000
1524	-7.543	3.290	0.000
1527	-7.543	3.290	0.000
1529	-7.543	3.290	0.000
1530	-7.543	3.290	0.000
1531	-7.543	3.290	0.000
1541	-7.543	3.290	0.000
323	-7.542	3.290	0.000
1539	-7.542	3.290	0.000
1011	-7.541	3.293	0.000
1065	-7.541	3.293	0.000
1087	-7.541	3.293	0.000
1024	-7.540	3.293	0.000
278	-7.540	3.291	0.000
132	-7.540	3.290	0.000
931	-7.540	3.288	0.000
1060	-7.033	3.174	0.000
1122	-7.033	3.174	0.000
1121	-7.032	3.176	0.000
1086	-7.009	3.181	0.000
1064	-7.008	3.177	0.000
1117	-7.008	3.177	0.000
928	-7.001	2.355	0.000
951	-7.001	2.355	0.000
1013	-7.001	2.355	0.000
1097	-7.001	2.355	0.000
989	-7.001	2.355	0.000
1005	-7.001	2.355	0.000
975	-6.999	2.355	0.000
976	-6.999	2.355	0.000
981	-6.999	2.355	0.000
984	-6.999	2.355	0.000
1083	-6.924	2.372	0.000
901	-6.922	2.372	0.000
967	-6.920	2.372	0.000
552	-6.919	2.563	0.000
1031	-6.919	2.556	0.000
1513	-6.917	2.555	0.000
1483	-6.916	2.563	0.000
1499	-6.916	2.555	0.000
938	-6.911	2.554	0.000
487	-6.907	2.558	0.000
1506	-6.901	2.572	0.000
73	-6.897	2.560	0.000
1010	-6.896	2.557	0.000
1115	-6.895	2.557	0.000
1517	-6.895	2.558	0.000
1473	-6.894	2.565	0.000
1457	-6.893	2.559	0.000
1518	-6.893	2.555	0.000
1461	-6.892	2.557	0.000
1481	-6.892	2.556	0.000
1459	-6.892	2.556	0.000
1493	-6.892	2.556	0.000
1508	-6.892	2.555	0.000
1516	-6.892	2.555	0.000
1522	-6.892	2.556	0.000
1528	-6.892	2.555	0.000
1532	-6.892	2.555	0.000
1462	-6.892	2.553	0.000
283	-6.890	2.556	0.000
1465	-6.890	2.554	0.000
1460	-6.889	2.552	0.000
214	-6.888	2.556	0.000
939	-6.888	2.555	0.000
156	-6.887	2.556	0.000
918	-6.887	2.555	0.000
926	-6.887	2.555	0.000
962	-6.878	0.609	0.000
923	-6.877	0.613	0.000
935	-6.877	0.609	0.000
1016	-6.877	0.612	0.000
902	-6.877	0.609	0.000
909	-6.877	0.609	0.000
936	-6.877	0.609	0.000
1053	-6.877	0.609	0.000
1130	-6.877	0.609	0.000
1120	-6.861	0.609	0.000
960	-6.829	0.612	0.000
1023	-6.829	0.629	0.000
905	-6.828	0.637	0.000
1474	-6.812	3.373	0.000
1494	-6.808	3.350	0.000
952	-6.803	3.350	0.000
276	-6.791	3.354	0.000
995	-6.791	3.350	0.000
998	-6.791	3.350	0.000
136	-6.790	3.352	0.000
1466	-6.781	3.350	0.000
1471	-6.781	3.350	0.000
1478	-6.781	3.350	0.000
1505	-6.781	3.350	0.000
1510	-6.781	3.350	0.000
1511	-6.781	3.350	0.000
429	-6.777	3.351	0.000
1001	-6.764	3.349	0.000
986	-6.763	1.822	0.000
1067	-6.760	1.820	0.000
482	-6.758	3.345	0.000
1027	-6.756	1.464	0.000
920	-6.755	1.463	0.000
1035	-6.755	3.658	0.000
974	-6.754	1.463	0.000
978	-6.754	1.463	0.000
888	-6.752	1.463	0.000
890	-6.752	1.463	0.000
1009	-6.749	3.658	0.000
1141	-6.749	3.658	0.000
1006	-6.746	3.669	0.000
287	-6.741	3.308	0.000
977	-6.740	3.658	0.000
1133	-6.739	1.821	0.000
1114	-6.739	1.821	0.000
558	-6.736	3.385	0.000
1062	-6.729	3.664	0.000
1056	-6.725	3.662	0.000
1020	-6.724	3.662	0.000
1078	-6.720	1.826	0.000
946	-6.719	1.821	0.000
1139	-6.719	1.822	0.000
1007	-6.719	1.822	0.000
1069	-6.719	1.821	0.000
1093	-6.719	1.822	0.000
965	-6.719	1.821	0.000
1138	-6.719	1.822	0.000
1008	-6.702	3.759	0.000
1182	-6.694	3.666	0.000
1154	-6.693	3.666	0.000
1266	-6.690	3.663	0.000
972	-6.687	3.664	0.000
979	-6.672	1.579	0.000
1101	-6.672	1.580	0.000
1068	-6.672	1.580	0.000
1066	-6.571	3.751	0.000
913	-6.562	3.932	0.000
898	-6.550	2.142	0.000
1040	-6.533	2.142	0.000
1111	-6.533	2.141	0.000
1112	-6.533	2.142	0.000
1113	-6.533	2.143	0.000
1012	-6.532	2.142	0.000
1076	-6.532	2.143	0.000
983	-6.532	2.141	0.000
970	-6.515	1.416	0.000
1126	-6.512	0.750	0.000
1029	-6.511	2.839	0.000
1033	-6.511	2.839	0.000
1048	-6.511	2.839	0.000
1095	-6.500	2.138	0.000
1109	-6.499	2.136	0.000
1000	-6.499	2.137	0.000
1094	-6.492	2.155	0.000
1014	-6.492	2.155	0.000
999	-6.491	2.155	0.000
1003	-6.491	2.155	0.000
1134	-6.491	2.156	0.000
914	-6.437	2.863	0.000
1084	-6.427	3.867	0.000
1088	-6.401	1.987	0.000
1038	-6.390	1.967	0.000
401	-6.386	3.645	0.000
1443	-6.373	3.940	0.000
1446	-6.373	3.940	0.000
1450	-6.373	3.940	0.000
1442	-6.373	3.941	0.000
1046	-6.371	1.928	0.000
1135	-6.366	2.888	0.000
892	-6.366	2.882	0.000
988	-6.366	2.888	0.000
990	-6.366	2.889	0.000
948	-6.365	2.886	0.000
969	-6.365	2.888	0.000
950	-6.365	2.886	0.000
997	-6.365	2.885	0.000
895	-6.365	2.885	0.000
942	-6.365	2.885	0.000
891	-6.364	2.887	0.000
1049	-6.359	2.809	0.000
1041	-6.358	2.822	0.000
1032	-6.358	2.822	0.000
1018	-6.354	2.894	0.000
170	-6.340	3.936	0.000
1439	-6.340	3.938	0.000
1441	-6.340	3.937	0.000
176	-6.337	3.939	0.000
893	-6.315	1.474	0.000
915	-6.314	1.995	0.000
944	-6.314	1.465	0.000
897	-6.314	1.470	0.000
919	-6.314	1.473	0.000
932	-6.314	1.473	0.000
916	-6.310	2.039	0.000
1071	-6.309	2.835	0.000
1077	-6.309	2.835	0.000
1004	-6.306	3.031	0.000
1110	-6.303	2.831	0.000
1061	-6.301	3.635	0.000
907	-6.301	3.637	0.000
987	-6.301	1.647	0.000
1470	-6.294	3.459	0.000
1542	-6.293	3.460	0.000
1544	-6.293	3.460	0.000
505	-6.290	3.928	0.000
941	-6.273	2.957	0.000
1488	-6.269	3.934	0.000
1520	-6.269	3.934	0.000
1491	-6.269	3.933	0.000
1534	-6.269	3.933	0.000
1515	-6.269	3.934	0.000
1059	-6.268	2.994	0.000
1082	-6.267	3.062	0.000
1063	-6.267	3.656	0.000
991	-6.265	3.070	0.000
1074	-6.264	3.068	0.000
1119	-6.261	1.996	0.000
906	-6.260	3.759	0.000
535	-6.258	3.921	0.000
1127	-6.254	3.673	0.000
1118	-6.254	3.671	0.000
937	-6.246	1.965	0.000
1123	-6.242	1.975	0.000
964	-6.241	2.724	0.000
232	-6.241	3.939	0.000
963	-6.240	1.955	0.000
1129	-6.238	1.936	0.000
1045	-6.238	2.045	0.000
1521	-6.237	3.930	0.000
953	-6.237	2.045	0.000
1535	-6.236	3.926	0.000
1492	-6.236	3.928	0.000
896	-6.236	2.045	0.000
578	-6.235	3.930	0.000
1085	-6.234	1.824	0.000
1081	-6.234	1.838	0.000
368	-6.233	3.934	0.000
1036	-6.224	2.425	0.000
1142	-6.222	3.705	0.000
947	-6.217	3.703	0.000
961	-6.217	3.704	0.000
968	-6.217	3.705	0.000
1058	-6.215	3.710	0.000
1183	-6.186	3.707	0.000
940	-6.181	3.240	0.000
894	-6.165	2.636	0.000
933	-6.164	2.637	0.000
956	-6.164	2.635	0.000
973	-6.164	2.636	0.000
1092	-6.164	2.635	0.000
1091	-6.145	3.565	0.000
1107	-6.145	3.560	0.000
1136	-6.145	3.563	0.000
147	-6.099	3.379	0.000
1259	-6.088	3.708	0.000
452	-6.072	3.614	0.000
1143	-6.052	2.758	0.000
111	-6.050	3.658	0.000
996	-6.041	2.447	0.000
1026	-6.041	2.426	0.000
943	-6.018	1.792	0.000
980	-6.017	1.792	0.000
1090	-6.015	3.924	0.000
930	-6.000	2.853	0.000
903	-5.985	2.783	0.000
904	-5.985	2.783	0.000
1261	-5.937	3.937	0.000
1224	-5.936	3.937	0.000
1144	-5.935	3.936	0.000
1159	-5.935	3.936	0.000
994	-5.897	2.476	0.000
1105	-5.887	2.476	0.000
1028	-5.887	2.476	0.000
1073	-5.887	2.476	0.000
1030	-5.886	2.478	0.000
934	-5.869	2.721	0.000
1249	-5.844	2.036	0.000
1015	-5.832	1.856	0.000
908	-5.832	1.854	0.000
924	-5.832	1.855	0.000
925	-5.832	1.858	0.000
911	-5.831	1.851	0.000
917	-5.831	1.854	0.000
959	-5.831	1.857	0.000
1052	-5.828	1.852	0.000
1050	-5.828	1.851	0.000
922	-5.828	1.851	0.000
1486	-5.803	3.054	0.000
910	-5.785	1.865	0.000
1116	-5.785	1.868	0.000
912	-5.783	3.406	0.000
1128	-5.783	3.406	0.000
1021	-5.777	3.403	0.000
899	-5.772	3.289	0.000
1057	-5.770	2.695	0.000
1273	-5.740	2.802	0.000
1125	-5.738	3.284	0.000
1079	-5.738	3.283	0.000
224	-5.734	3.558	0.000
1019	-5.717	2.500	0.000
1100	-5.712	3.639	0.000
900	-5.522	2.005	0.000
1106	-5.160	3.670	0.000
1437	-5.143	3.563	0.000
1440	-5.143	3.563	0.000
1454	-5.143	3.563	0.000
1055	-5.130	3.563	0.000
