13	-5.633	0.000	0.000
339	-5.583	0.030	0.000
340	-5.583	0.030	0.000
14	-5.575	0.032	0.000
15	-5.575	0.032	0.000
16	-5.575	0.032	0.000
17	-5.575	0.032	0.000
18	-5.575	0.032	0.000
19	-5.575	0.032	0.000
20	-5.575	0.032	0.000
50	-5.575	0.032	0.000
56	-5.575	0.032	0.000
57	-5.575	0.032	0.000
58	-5.575	0.032	0.000
190	-5.574	0.033	0.000
191	-5.574	0.033	0.000
29	-5.569	0.036	0.000
136	-5.544	1.236	0.000
137	-5.544	1.236	0.000
138	-5.544	1.236	0.000
139	-5.544	1.236	0.000
105	-5.484	1.256	0.000
106	-5.484	1.256	0.000
107	-5.484	1.256	0.000
566	-5.484	1.256	0.000
567	-5.484	1.256	0.000
568	-5.484	1.256	0.000
1	-5.473	0.072	0.000
3	-5.473	0.072	0.000
378	-5.386	1.186	0.000
379	-5.386	1.186	0.000
385	-5.386	1.186	0.000
386	-5.386	1.186	0.000
387	-5.386	1.186	0.000
388	-5.386	1.186	0.000
390	-5.386	1.186	0.000
391	-5.386	1.186	0.000
392	-5.386	1.186	0.000
393	-5.386	1.186	0.000
394	-5.386	1.186	0.000
395	-5.386	1.186	0.000
396	-5.386	1.186	0.000
397	-5.386	1.186	0.000
398	-5.386	1.186	0.000
28	-5.381	1.189	0.000
47	-5.381	1.189	0.000
48	-5.381	1.189	0.000
49	-5.381	1.189	0.000
565	-5.379	1.189	0.000
30	-5.379	1.188	0.000
31	-5.379	1.188	0.000
32	-5.379	1.188	0.000
33	-5.379	1.188	0.000
34	-5.379	1.188	0.000
645	-5.378	1.189	0.000
212	-5.378	1.189	0.000
213	-5.378	1.189	0.000
214	-5.378	1.189	0.000
235	-5.377	1.188	0.000
236	-5.377	1.188	0.000
237	-5.377	1.188	0.000
242	-5.377	1.188	0.000
243	-5.377	1.188	0.000
51	-5.375	1.181	0.000
569	-5.366	1.181	0.000
401	-5.358	1.180	0.000
402	-5.358	1.180	0.000
403	-5.358	1.180	0.000
40	-5.357	1.190	0.000
52	-5.356	1.190	0.000
53	-5.356	1.190	0.000
21	-5.355	1.189	0.000
77	-5.354	1.190	0.000
78	-5.354	1.190	0.000
164	-5.354	1.190	0.000
82	-5.353	1.180	0.000
87	-5.351	1.180	0.000
65	-5.349	1.179	0.000
66	-5.349	1.179	0.000
67	-5.349	1.179	0.000
380	-5.326	1.212	0.000
188	-5.319	1.214	0.000
384	-5.306	2.342	0.000
389	-5.306	2.341	0.000
442	-5.306	2.345	0.000
186	-5.305	2.340	0.000
564	-5.305	2.342	0.000
634	-5.305	2.338	0.000
635	-5.305	2.338	0.000
636	-5.305	2.338	0.000
637	-5.305	2.340	0.000
730	-5.305	2.342	0.000
234	-5.304	2.336	0.000
24	-5.304	2.339	0.000
25	-5.304	2.339	0.000
26	-5.304	2.341	0.000
39	-5.304	2.339	0.000
41	-5.304	2.337	0.000
42	-5.304	2.337	0.000
44	-5.304	2.337	0.000
45	-5.304	2.336	0.000
46	-5.304	2.337	0.000
55	-5.304	2.336	0.000
74	-5.304	2.342	0.000
75	-5.304	2.340	0.000
35	-5.304	2.334	0.000
43	-5.304	2.337	0.000
54	-5.304	2.336	0.000
161	-5.289	3.479	0.000
207	-5.253	3.598	0.000
144	-5.253	3.593	0.000
146	-5.253	3.590	0.000
148	-5.253	3.594	0.000
205	-5.253	3.597	0.000
206	-5.253	3.595	0.000
102	-5.246	3.638	0.000
169	-5.246	3.634	0.000
528	-5.246	3.634	0.000
530	-5.246	3.636	0.000
168	-5.246	3.630	0.000
529	-5.246	3.629	0.000
196	-5.242	2.248	0.000
189	-5.241	2.252	0.000
239	-5.241	2.251	0.000
171	-5.241	2.256	0.000
356	-5.241	2.257	0.000
368	-5.241	2.255	0.000
375	-5.241	2.255	0.000
332	-5.241	2.257	0.000
334	-5.241	2.257	0.000
357	-5.241	2.254	0.000
369	-5.241	2.254	0.000
370	-5.241	2.254	0.000
371	-5.241	2.254	0.000
373	-5.241	2.253	0.000
103	-5.240	2.250	0.000
149	-5.240	2.254	0.000
162	-5.240	2.254	0.000
163	-5.240	2.255	0.000
170	-5.240	2.255	0.000
172	-5.240	2.254	0.000
173	-5.240	2.254	0.000
174	-5.240	2.255	0.000
176	-5.240	2.254	0.000
177	-5.240	2.254	0.000
178	-5.240	2.254	0.000
179	-5.240	2.254	0.000
180	-5.240	2.254	0.000
181	-5.240	2.256	0.000
182	-5.240	2.254	0.000
183	-5.240	2.254	0.000
216	-5.240	2.252	0.000
217	-5.240	2.252	0.000
218	-5.240	2.252	0.000
219	-5.240	2.252	0.000
231	-5.240	2.250	0.000
232	-5.240	2.250	0.000
233	-5.240	2.250	0.000
238	-5.240	2.249	0.000
244	-5.240	2.249	0.000
245	-5.240	2.248	0.000
175	-5.240	2.255	0.000
329	-5.240	2.256	0.000
330	-5.240	2.256	0.000
331	-5.240	2.256	0.000
333	-5.240	2.256	0.000
372	-5.240	2.253	0.000
108	-5.239	2.252	0.000
109	-5.239	2.253	0.000
346	-5.231	3.554	0.000
347	-5.231	3.558	0.000
301	-5.224	3.598	0.000
309	-5.224	3.597	0.000
310	-5.224	3.597	0.000
311	-5.224	3.598	0.000
427	-5.224	3.595	0.000
302	-5.224	3.595	0.000
426	-5.224	3.594	0.000
96	-5.150	1.136	0.000
230	-5.144	1.138	0.000
81	-5.144	1.138	0.000
60	-5.144	1.138	0.000
121	-5.144	1.138	0.000
88	-5.143	1.138	0.000
89	-5.143	1.138	0.000
95	-5.141	1.199	0.000
741	-5.138	1.209	0.000
743	-5.138	1.209	0.000
744	-5.138	1.209	0.000
68	-5.129	1.199	0.000
59	-5.083	3.493	0.000
64	-5.083	3.494	0.000
165	-5.069	3.544	0.000
434	-5.068	1.209	0.000
435	-5.068	1.209	0.000
405	-5.067	1.209	0.000
224	-5.045	1.216	0.000
225	-5.045	1.216	0.000
226	-5.045	1.216	0.000
227	-5.045	1.216	0.000
92	-5.024	1.187	0.000
93	-5.024	1.187	0.000
94	-5.024	1.187	0.000
61	-5.022	1.190	0.000
62	-5.022	1.190	0.000
69	-5.022	1.190	0.000
122	-5.022	1.190	0.000
123	-5.022	1.190	0.000
124	-5.022	1.190	0.000
125	-5.022	1.190	0.000
130	-5.022	1.190	0.000
131	-5.022	1.190	0.000
132	-5.022	1.190	0.000
150	-5.018	1.188	0.000
151	-5.018	1.189	0.000
152	-5.018	1.189	0.000
153	-5.018	1.189	0.000
154	-5.018	1.189	0.000
155	-5.018	1.189	0.000
255	-5.018	1.189	0.000
256	-5.018	1.189	0.000
120	-5.007	1.197	0.000
707	-5.005	1.197	0.000
429	-4.990	1.207	0.000
430	-4.990	1.207	0.000
431	-4.990	1.207	0.000
432	-4.990	1.207	0.000
211	-4.722	2.168	0.000
247	-4.722	2.168	0.000
248	-4.722	2.168	0.000
249	-4.722	2.168	0.000
187	-4.609	2.218	0.000
439	-4.572	3.044	0.000
223	-4.497	3.092	0.000
419	-4.246	2.833	0.000
420	-4.246	2.833	0.000
383	-4.180	2.854	0.000
591	-4.175	2.855	0.000
532	-4.173	2.856	0.000
377	-4.158	2.783	0.000
731	-4.156	2.785	0.000
406	-4.151	2.846	0.000
669	-4.149	2.851	0.000
668	-4.149	2.851	0.000
670	-4.149	2.851	0.000
594	-4.148	2.848	0.000
598	-4.148	2.848	0.000
599	-4.148	2.848	0.000
547	-4.147	2.849	0.000
254	-4.147	2.849	0.000
572	-4.147	2.847	0.000
573	-4.147	2.847	0.000
574	-4.147	2.847	0.000
575	-4.147	2.847	0.000
576	-4.147	2.847	0.000
577	-4.147	2.847	0.000
578	-4.147	2.847	0.000
579	-4.147	2.847	0.000
588	-4.147	2.847	0.000
455	-4.146	2.848	0.000
456	-4.146	2.848	0.000
457	-4.146	2.848	0.000
458	-4.146	2.848	0.000
459	-4.146	2.848	0.000
460	-4.146	2.848	0.000
667	-4.112	2.779	0.000
399	-4.110	2.774	0.000
400	-4.110	2.774	0.000
438	-4.109	2.774	0.000
593	-4.108	2.776	0.000
595	-4.108	2.776	0.000
552	-4.105	2.776	0.000
553	-4.105	2.776	0.000
556	-4.105	2.776	0.000
557	-4.105	2.776	0.000
558	-4.105	2.776	0.000
559	-4.105	2.776	0.000
560	-4.105	2.776	0.000
561	-4.105	2.776	0.000
562	-4.105	2.776	0.000
563	-4.105	2.776	0.000
470	-4.104	2.777	0.000
471	-4.104	2.777	0.000
1579	-4.056	2.869	0.000
1580	-4.056	2.869	0.000
1604	-4.056	2.869	0.000
263	-4.053	3.559	0.000
265	-4.053	3.562	0.000
262	-4.053	3.618	0.000
708	-4.042	2.166	0.000
570	-4.040	2.791	0.000
99	-4.027	2.215	0.000
678	-4.013	2.593	0.000
261	-4.012	2.590	0.000
264	-4.012	2.590	0.000
269	-4.012	2.590	0.000
408	-3.990	2.777	0.000
454	-3.979	2.394	0.000
444	-3.974	2.820	0.000
445	-3.974	2.820	0.000
735	-3.824	2.005	0.000
511	-3.822	2.005	0.000
512	-3.822	2.005	0.000
510	-3.822	2.005	0.000
316	-3.820	2.006	0.000
317	-3.820	2.006	0.000
318	-3.820	2.006	0.000
319	-3.820	2.006	0.000
320	-3.820	2.006	0.000
321	-3.820	2.006	0.000
322	-3.820	2.006	0.000
323	-3.820	2.006	0.000
324	-3.820	2.006	0.000
440	-3.805	2.007	0.000
222	-3.673	2.011	0.000
587	-3.635	3.547	0.000
