1270	-3.633	0.000	0.000
1342	-3.594	0.309	0.000
1346	-3.594	0.309	0.000
1347	-3.594	0.309	0.000
1348	-3.594	0.309	0.000
1349	-3.594	0.309	0.000
1350	-3.594	0.309	0.000
1352	-3.594	0.309	0.000
1353	-3.594	0.309	0.000
1354	-3.594	0.309	0.000
1355	-3.594	0.309	0.000
1351	-3.594	0.308	0.000
1410	-3.590	0.360	0.000
1419	-3.590	0.361	0.000
1424	-3.590	0.361	0.000
1430	-3.590	0.362	0.000
1394	-3.587	0.314	0.000
1395	-3.587	0.314	0.000
1396	-3.587	0.316	0.000
1397	-3.587	0.314	0.000
1398	-3.587	0.316	0.000
1399	-3.587	0.314	0.000
1400	-3.587	0.314	0.000
1401	-3.587	0.315	0.000
1402	-3.587	0.315	0.000
1403	-3.587	0.316	0.000
1404	-3.587	0.314	0.000
1463	-3.587	0.316	0.000
1464	-3.587	0.315	0.000
1521	-3.587	0.315	0.000
1522	-3.587	0.315	0.000
1523	-3.587	0.316	0.000
1524	-3.587	0.316	0.000
1525	-3.587	0.316	0.000
1476	-3.586	0.316	0.000
1460	-3.553	0.240	0.000
1457	-3.553	0.240	0.000
1746	-3.356	2.492	0.000
