1188	-7.274	0.000	5.623
1209	-7.274	0.000	5.623
1213	-7.274	0.000	5.623
1220	-7.274	0.000	5.623
1297	-7.274	0.000	1.796
1170	-7.272	0.001	7.892
1174	-7.272	0.001	20.916
1175	-7.272	0.001	20.916
1146	-7.272	0.001	14.785
1147	-7.272	0.001	5.611
1159	-7.272	0.001	10.350
1160	-7.272	0.001	6.319
1179	-7.272	0.001	6.319
1180	-7.272	0.001	3.344
1359	-7.268	0.003	6.285
1132	-7.255	0.003	7.045
1133	-7.255	0.003	10.968
1139	-7.101	0.220	1.981
1187	-7.101	0.220	2.004
1140	-7.101	0.251	2.004
1152	-7.100	0.220	5.754
1144	-7.100	0.220	5.755
1432	-7.096	0.220	5.754
1135	-7.086	0.217	4.575
1130	-7.083	0.219	16.237
1122	-7.069	0.225	5.629
1126	-7.069	0.224	5.624
1156	-7.005	1.289	4.482
1157	-7.005	1.289	4.483
1448	-7.001	1.289	3.537
1468	-7.001	1.289	3.530
1128	-6.995	1.290	7.891
565	-6.967	1.867	3.475
1398	-6.966	1.868	5.785
1293	-6.965	1.868	5.787
1296	-6.965	1.868	5.793
1217	-6.965	1.868	5.552
1266	-6.965	1.868	5.616
1267	-6.965	1.868	21.019
1275	-6.965	1.868	5.615
1276	-6.965	1.868	6.952
1288	-6.965	1.868	5.578
1289	-6.965	1.868	5.573
1343	-6.965	1.868	4.792
1351	-6.965	1.868	5.567
1362	-6.965	1.868	5.562
1370	-6.965	1.868	5.567
1374	-6.965	1.868	13.552
1376	-6.965	1.868	3.340
1438	-6.965	1.868	1.319
1445	-6.965	1.868	5.315
1454	-6.965	1.868	6.261
1347	-6.965	1.868	3.966
1418	-6.964	1.868	6.260
1426	-6.964	1.868	3.386
1467	-6.964	1.868	3.504
1476	-6.964	1.868	4.313
1477	-6.964	1.868	4.308
1207	-6.964	1.868	3.305
1235	-6.964	1.868	2.419
1236	-6.964	1.868	4.257
1240	-6.964	1.868	4.263
1247	-6.964	1.868	4.265
1249	-6.964	1.868	4.263
1256	-6.964	1.868	4.163
1260	-6.964	1.868	5.803
1261	-6.964	1.868	2.847
1262	-6.964	1.868	8.890
1270	-6.964	1.868	2.423
1279	-6.964	1.868	2.847
1282	-6.964	1.868	4.188
1301	-6.964	1.868	8.848
1391	-6.964	1.868	5.152
1457	-6.964	1.868	14.197
1331	-6.964	1.867	11.189
1435	-6.963	1.868	8.064
1189	-6.963	1.868	4.502
1214	-6.963	1.868	6.089
1230	-6.963	1.868	6.066
1231	-6.963	1.868	4.069
1336	-6.963	1.868	6.049
1337	-6.963	1.868	6.441
1309	-6.962	1.868	6.055
287	-6.962	1.868	6.445
333	-6.962	1.868	18.448
346	-6.961	1.868	18.449
347	-6.961	1.868	18.449
383	-6.961	1.868	17.592
476	-6.960	1.868	17.589
504	-6.960	1.868	17.592
1371	-6.893	1.875	2.008
1191	-6.892	1.875	5.755
1192	-6.892	1.875	5.754
1193	-6.892	1.875	4.573
1194	-6.892	1.875	16.237
1196	-6.892	1.875	4.575
1197	-6.892	1.875	4.569
1198	-6.892	1.875	5.731
1211	-6.892	1.875	4.577
1223	-6.892	1.875	4.577
1244	-6.892	1.875	4.577
1285	-6.892	1.875	4.577
1299	-6.892	1.875	4.577
1402	-6.892	1.875	16.223
1436	-6.892	1.875	16.233
1441	-6.892	1.875	0.097
1452	-6.892	1.875	0.035
1394	-6.892	1.875	0.019
1410	-6.892	1.875	8.716
1422	-6.892	1.875	15.676
1425	-6.892	1.875	0.027
1427	-6.892	1.875	0.087
1473	-6.892	1.875	17.489
1474	-6.892	1.875	6.623
1172	-6.891	1.875	6.777
1184	-6.891	1.875	16.624
1141	-6.891	1.875	16.624
1177	-6.891	1.875	6.777
1182	-6.891	1.875	6.777
1314	-6.890	1.876	6.760
1319	-6.882	1.876	3.487
1178	-6.875	0.101	4.141
1242	-6.870	0.102	4.436
1243	-6.870	0.102	4.430
1164	-6.869	0.102	4.375
1167	-6.869	0.102	1.760
1400	-6.865	0.105	1.761
1383	-6.830	1.880	3.391
1354	-6.829	1.881	9.521
1355	-6.829	1.881	5.574
1381	-6.829	1.881	4.791
1458	-6.828	1.880	5.562
1186	-6.828	1.881	5.562
1154	-6.828	1.881	5.563
1326	-6.827	1.880	5.563
1328	-6.827	1.880	5.312
1310	-6.825	1.881	5.553
1311	-6.825	1.881	5.315
1153	-6.795	1.884	6.172
1131	-6.783	1.224	4.265
1125	-6.773	1.225	6.203
1469	-6.744	0.214	6.089
1367	-6.744	0.213	8.189
1219	-6.744	0.211	4.054
1443	-6.742	0.214	6.052
1229	-6.737	0.212	6.052
1304	-6.737	0.212	6.064
1405	-6.734	0.215	18.449
359	-6.696	3.527	0.212
1361	-6.694	3.526	0.000
1377	-6.694	3.527	2.019
1378	-6.694	3.526	1.995
1195	-6.693	3.526	2.018
1199	-6.693	3.526	2.019
1200	-6.693	3.526	5.758
1208	-6.693	3.526	5.759
1286	-6.693	3.526	4.573
1479	-6.693	3.526	4.578
219	-6.691	3.527	4.578
414	-6.687	3.525	4.578
327	-6.686	3.526	4.579
339	-6.686	3.525	4.581
206	-6.686	3.525	4.581
296	-6.686	3.526	4.581
465	-6.685	3.527	4.581
466	-6.685	3.526	4.581
291	-6.685	3.526	16.227
215	-6.684	3.525	16.234
316	-6.684	3.525	16.220
332	-6.684	3.525	0.089
350	-6.684	3.525	0.000
274	-6.683	3.525	15.668
224	-6.683	3.525	15.678
230	-6.683	3.525	0.012
238	-6.683	3.525	6.169
242	-6.683	3.525	0.093
246	-6.683	3.525	6.172
247	-6.683	3.525	0.066
260	-6.683	3.525	6.779
1369	-6.673	3.533	16.626
1360	-6.673	3.533	20.872
1470	-6.673	3.520	6.779
1202	-6.672	3.533	16.627
1222	-6.672	3.533	6.763
1386	-6.672	3.533	7.036
1387	-6.672	3.534	5.632
1413	-6.672	3.533	5.632
1416	-6.672	3.533	5.632
1423	-6.672	3.533	5.630
1424	-6.672	3.534	7.181
1327	-6.671	3.534	17.893
1148	-6.671	3.533	6.368
1218	-6.671	3.533	3.483
1245	-6.671	3.533	4.146
1169	-6.671	3.534	4.143
1280	-6.671	3.533	2.910
1145	-6.671	3.533	4.431
1168	-6.671	3.531	3.487
1232	-6.671	3.532	4.386
1183	-6.668	3.547	1.796
1203	-6.668	3.547	1.776
1226	-6.668	3.547	5.626
1302	-6.668	3.547	5.627
1281	-6.667	3.539	5.627
1397	-6.667	3.547	5.628
1137	-6.666	3.547	4.245
1142	-6.666	3.547	2.938
1143	-6.666	3.547	20.923
1155	-6.666	3.547	20.923
1163	-6.666	3.547	2.352
1166	-6.666	3.547	5.617
1379	-6.666	3.547	1.993
1357	-6.638	3.852	10.977
1480	-6.638	3.852	10.977
1151	-6.635	3.853	3.460
569	-6.616	1.868	4.482
543	-6.615	1.868	6.385
544	-6.615	1.868	4.329
545	-6.615	1.868	4.330
1439	-6.615	1.868	4.337
1428	-6.614	1.868	3.372
1227	-6.610	2.701	3.567
1265	-6.610	2.701	7.639
1290	-6.610	2.702	7.320
1294	-6.610	2.702	5.592
1225	-6.610	2.701	5.599
1271	-6.610	2.701	21.021
1274	-6.610	2.702	3.548
1303	-6.610	2.699	3.549
1252	-6.609	2.701	4.803
1257	-6.609	2.702	4.804
1258	-6.609	2.702	5.569
1283	-6.609	2.701	5.871
1308	-6.609	2.701	5.570
1205	-6.609	2.701	5.324
1206	-6.609	2.701	5.561
1238	-6.609	2.701	5.323
419	-6.608	1.869	6.269
1356	-6.608	2.704	6.274
1165	-6.608	2.701	6.274
1210	-6.608	2.701	4.073
1221	-6.608	2.702	4.138
1298	-6.608	2.702	4.321
494	-6.607	1.869	4.322
515	-6.607	1.869	14.022
275	-6.607	2.703	1.312
1352	-6.607	2.704	4.268
1384	-6.607	2.704	4.268
1342	-6.607	2.704	4.273
1483	-6.607	2.704	4.272
464	-6.606	1.869	2.125
1461	-6.606	2.708	5.570
1389	-6.606	2.704	2.858
1368	-6.606	2.704	2.860
1417	-6.606	2.704	4.097
1451	-6.606	2.704	2.881
1330	-6.605	2.704	4.190
1325	-6.605	2.704	5.849
1123	-6.603	3.541	2.431
1124	-6.603	3.541	8.206
1127	-6.603	3.541	5.806
1320	-6.599	2.706	4.054
1321	-6.599	2.706	7.765
1318	-6.565	3.844	4.578
1385	-6.556	1.874	4.577
1375	-6.554	1.873	4.573
1407	-6.554	1.874	4.581
1463	-6.554	1.873	4.581
1399	-6.553	1.873	4.581
1475	-6.553	1.873	4.580
1317	-6.552	1.875	4.581
1190	-6.551	2.705	16.226
1201	-6.551	2.704	16.234
1149	-6.550	2.705	16.220
1158	-6.550	2.705	0.089
1171	-6.550	2.705	0.020
1239	-6.550	2.704	15.669
1250	-6.550	2.704	0.008
1251	-6.550	2.704	0.011
1253	-6.550	2.704	6.169
1278	-6.550	2.704	0.093
1162	-6.550	2.705	17.491
1234	-6.550	2.704	0.065
1365	-6.548	2.707	6.779
1444	-6.548	2.706	16.626
1455	-6.548	2.707	16.626
1472	-6.548	2.706	20.872
1335	-6.547	2.707	6.779
1313	-6.541	2.708	16.628
1134	-6.532	2.448	5.632
1269	-6.518	2.710	3.493
1173	-6.518	2.710	8.613
1395	-6.516	2.712	8.584
1396	-6.516	2.712	4.386
1471	-6.516	2.712	1.775
1334	-6.515	2.712	1.776
1348	-6.515	2.712	5.626
1349	-6.515	2.712	5.628
1324	-6.514	2.712	4.230
1284	-6.476	2.710	3.359
1338	-6.474	2.712	7.303
1181	-6.453	3.802	10.977
1456	-6.450	1.161	3.460
1459	-6.448	1.161	2.559
1401	-6.448	1.163	11.853
1406	-6.446	1.163	1.981
1420	-6.446	1.163	21.088
1333	-6.442	3.798	3.488
362	-6.414	3.509	3.537
276	-6.413	3.508	3.752
193	-6.413	3.508	5.599
245	-6.413	3.509	21.021
285	-6.412	3.509	3.548
226	-6.412	3.509	3.549
324	-6.411	3.508	5.571
406	-6.411	3.509	5.572
442	-6.401	3.514	5.711
1392	-6.352	2.481	21.355
1447	-6.345	2.614	5.806
1449	-6.345	2.614	6.426
1450	-6.345	2.614	6.021
1373	-6.344	2.615	4.066
1322	-6.338	2.500	7.766
1350	-6.325	2.430	6.040
1414	-6.323	2.432	6.081
1415	-6.323	2.433	18.449
1446	-6.322	2.432	18.451
1429	-6.321	2.432	18.451
1216	-6.271	3.579	0.258
1233	-6.269	3.580	0.191
1263	-6.269	3.580	2.008
1272	-6.269	3.579	1.996
1150	-6.269	3.579	2.030
1176	-6.269	3.579	2.018
1323	-6.264	3.885	5.757
1403	-6.257	3.882	4.580
1161	-6.255	3.882	0.001
1339	-6.254	3.881	7.028
1138	-6.254	3.882	0.014
1273	-6.192	1.180	6.778
1129	-6.178	3.861	16.930
1204	-6.141	2.431	7.892
1291	-6.119	3.603	14.791
1315	-6.112	3.613	4.487
1430	-6.092	2.474	4.483
1332	-6.091	2.475	3.686
1228	-6.091	2.475	5.792
1224	-6.090	2.475	5.800
1264	-6.090	2.475	5.599
1300	-6.090	2.475	5.541
1248	-6.090	2.475	3.545
373	-6.081	2.480	5.558
1316	-6.075	2.474	12.183
1346	-6.009	2.488	4.581
1390	-5.608	2.684	16.626
1341	-5.437	2.657	1.996
1412	-5.436	2.657	1.995
1353	-5.399	2.651	4.579
1372	-5.399	2.651	4.581
1344	-5.398	2.651	4.581
1453	-5.398	2.651	4.581
1393	-5.398	2.651	4.581
1404	-5.398	2.651	4.581
1411	-5.398	2.651	16.226
1419	-5.398	2.651	16.234
1437	-5.398	2.651	0.080
1440	-5.398	2.651	0.089
1434	-5.397	2.651	0.000
1312	-5.394	2.660	8.706
1306	-5.393	2.647	15.678
1268	-5.273	3.406	1.774
1277	-5.273	3.406	1.775
1259	-5.272	3.406	5.626
1305	-5.272	3.415	5.627
1366	-5.270	3.411	5.628
1380	-5.270	3.411	4.245
1388	-5.270	3.412	2.939
1433	-5.270	3.412	20.923
1329	-5.269	3.412	20.923
1464	-5.079	2.565	1.988
1292	-4.944	3.489	4.578
1358	-4.941	3.493	4.573
1482	-4.941	3.493	4.581
1345	-4.940	3.493	4.581
1363	-4.940	3.493	4.581
1241	-4.925	3.465	4.581
1442	-4.917	3.470	16.226
1465	-4.916	3.470	16.234
1481	-4.909	3.485	16.220
