634	-15.655	0.000	0.000
830	-4.967	2.250	19.078
696	-4.967	3.206	14.951
883	-4.941	2.276	17.521
892	-4.941	2.276	3.098
772	-4.938	2.102	7.466
788	-4.938	2.102	8.990
812	-4.938	2.102	19.050
814	-4.938	2.103	18.902
820	-4.938	2.102	20.945
898	-4.933	2.097	18.642
848	-4.932	2.098	20.912
781	-4.929	2.256	20.915
782	-4.929	2.255	20.197
803	-4.928	2.256	11.104
805	-4.928	2.256	11.104
821	-4.928	2.256	11.102
847	-4.903	2.281	11.101
950	-4.903	2.281	11.103
853	-4.903	2.281	6.708
859	-4.903	2.281	6.688
860	-4.903	2.281	7.135
868	-4.903	2.281	7.139
876	-4.903	2.281	7.140
918	-4.903	2.281	7.161
1680	-4.600	2.227	11.316
909	-4.448	2.686	2.665
917	-4.448	2.686	7.050
829	-4.448	2.692	7.170
875	-4.425	3.335	7.556
879	-4.425	3.335	9.974
881	-4.425	3.335	6.679
887	-4.425	3.335	6.714
