1461	-5.617	0.000	6.741
1462	-5.617	0.000	16.068
1463	-5.617	0.000	9.947
1509	-5.617	0.000	8.734
1524	-5.617	0.001	3.558
1539	-5.617	0.001	2.669
1541	-5.617	0.000	10.222
1479	-5.616	0.000	7.560
1556	-5.614	0.003	7.603
1439	-5.610	0.001	7.231
1441	-5.610	0.001	8.316
1442	-5.610	0.001	7.178
1447	-5.610	0.001	7.198
1448	-5.610	0.001	7.503
1455	-5.610	0.001	7.503
1456	-5.610	0.001	7.506
1459	-5.610	0.001	10.003
1460	-5.610	0.001	7.265
1486	-5.610	0.001	7.488
1514	-5.610	0.001	7.265
1515	-5.610	0.001	8.663
1526	-5.610	0.001	8.664
1527	-5.610	0.001	8.663
1533	-5.610	0.001	6.526
1534	-5.610	0.001	8.760
1536	-5.610	0.001	8.738
1551	-5.610	0.001	8.731
1476	-5.608	0.002	7.761
1480	-5.577	0.991	5.578
1482	-5.577	0.991	5.561
1485	-5.577	0.991	5.986
1512	-5.577	0.991	6.004
1472	-5.575	0.991	6.016
1435	-5.570	0.990	2.263
1436	-5.570	0.990	2.263
1437	-5.570	0.990	2.263
1438	-5.570	0.990	1.748
1496	-5.570	0.990	2.262
1483	-5.570	0.990	2.262
1499	-5.570	0.990	2.262
1504	-5.570	0.990	2.262
1505	-5.570	0.990	10.831
1506	-5.570	0.990	10.816
1508	-5.570	0.990	10.826
1511	-5.570	0.990	5.647
1519	-5.570	0.990	5.617
1525	-5.570	0.990	5.632
1451	-5.569	0.990	9.031
1452	-5.569	0.990	10.266
1453	-5.569	0.990	5.639
1457	-5.569	0.990	5.596
1458	-5.569	0.990	12.179
1464	-5.569	0.990	2.244
1531	-5.569	0.990	2.003
1542	-5.569	0.990	2.003
1545	-5.569	0.990	11.313
1468	-5.568	1.261	11.313
1552	-5.567	0.998	2.001
1558	-5.566	0.990	2.001
1446	-5.559	1.260	10.243
1543	-5.559	1.260	6.412
1484	-5.559	1.260	7.559
1493	-5.559	1.260	7.198
1474	-5.557	1.260	7.173
1528	-5.556	0.995	7.602
1495	-5.430	1.001	15.963
1489	-5.400	0.042	9.716
1478	-5.399	0.042	6.826
1554	-5.397	1.234	1.229
1432	-5.364	0.746	8.460
1471	-5.361	1.011	8.461
1433	-5.348	1.842	12.480
1467	-5.336	0.733	11.342
1538	-5.336	0.733	13.943
1540	-5.336	0.733	8.672
1535	-5.329	0.733	6.114
1434	-5.329	0.733	7.819
1440	-5.329	0.733	8.213
1510	-5.329	0.733	14.786
1557	-5.328	0.734	9.023
1445	-5.328	0.733	6.326
1450	-5.328	0.733	14.888
1454	-5.328	0.733	8.360
1444	-5.324	0.996	9.021
1470	-5.324	0.996	9.021
1492	-5.323	0.996	8.176
1555	-5.322	0.996	8.179
1477	-5.321	0.997	8.421
1487	-5.276	1.835	0.859
1549	-5.276	1.835	7.132
1481	-5.198	1.925	11.296
1498	-5.198	1.925	11.294
1553	-5.086	2.101	16.630
