1394	-4.811	0.000	9.796
1331	-4.810	0.001	5.023
1327	-4.807	0.876	8.342
1330	-4.807	0.876	8.000
1376	-4.807	0.875	15.087
964	-4.701	0.892	9.821
1254	-4.653	1.743	11.239
1291	-4.652	1.744	8.198
1314	-4.652	1.744	7.635
1334	-4.652	1.744	5.720
1348	-4.652	1.744	12.374
1367	-4.652	1.743	11.189
1368	-4.652	1.744	8.393
1375	-4.652	1.744	12.654
1387	-4.652	1.744	8.750
1393	-4.652	1.744	12.655
1422	-4.652	1.744	11.295
1424	-4.652	1.744	11.296
1431	-4.652	1.744	11.283
1341	-4.636	1.490	6.020
1343	-4.636	1.490	1.750
1344	-4.636	1.490	1.750
1345	-4.636	1.490	6.031
1353	-4.636	1.490	2.258
1421	-4.636	1.490	2.258
1288	-4.635	1.490	2.259
1290	-4.635	1.490	2.258
1315	-4.635	1.490	2.257
1318	-4.635	1.489	2.257
1325	-4.635	1.490	2.257
1336	-4.635	1.490	2.257
1351	-4.484	1.839	12.379
1372	-4.484	1.839	7.153
1380	-4.484	1.839	10.163
1381	-4.484	1.839	9.964
1382	-4.484	1.839	7.220
1384	-4.484	1.839	11.421
1418	-4.484	1.839	5.574
1296	-4.484	1.839	7.036
1402	-4.419	0.936	7.226
952	-4.221	1.726	7.227
953	-4.221	1.726	7.227
1209	-4.093	3.629	5.955
