1363	-12.131	0.000	9.933
1411	-11.900	0.049	14.939
1407	-11.899	0.049	15.695
1423	-11.899	0.049	12.707
1424	-11.899	0.049	14.498
910	-11.884	0.044	12.913
688	-11.814	0.050	4.141
854	-11.685	0.061	9.065
856	-11.685	0.061	5.095
841	-11.685	0.062	9.060
824	-11.651	2.659	1.711
1400	-11.648	0.071	1.712
1339	-11.632	0.071	22.405
1354	-11.614	0.078	22.405
1350	-11.613	0.078	22.405
905	-11.366	2.581	8.573
721	-11.362	1.889	8.571
728	-11.361	1.849	7.493
792	-11.325	2.745	5.827
871	-11.325	2.744	5.809
1372	-11.275	3.222	6.734
864	-11.103	2.671	14.106
825	-11.074	1.951	1.828
916	-11.062	1.957	4.290
1444	-11.055	1.802	4.234
684	-11.053	2.679	4.255
691	-11.053	2.664	3.721
1428	-10.950	3.255	6.872
1341	-10.936	3.090	5.886
1387	-10.855	3.260	5.986
1383	-10.855	3.261	5.986
1335	-10.851	3.262	5.986
1378	-10.809	3.278	4.691
1413	-10.795	3.273	0.129
1438	-10.752	3.274	3.764
1359	-10.710	3.253	2.551
914	-10.710	3.658	7.384
1459	-10.708	3.277	4.897
1356	-10.704	3.218	7.351
680	-10.692	3.568	19.501
682	-10.692	3.568	18.228
1453	-10.675	3.223	5.196
1386	-10.624	3.275	16.789
1381	-10.620	3.222	16.794
1406	-10.609	3.220	5.316
698	-10.600	3.280	16.218
795	-10.600	3.280	3.145
888	-10.600	3.279	5.315
1457	-10.587	3.275	5.319
919	-10.587	3.276	17.578
1410	-10.587	3.279	22.124
1451	-10.552	3.210	4.046
701	-10.514	3.529	1.713
1390	-10.514	3.076	9.083
1355	-10.513	3.077	2.214
1329	-10.506	3.229	2.194
1374	-10.468	3.235	4.056
900	-10.468	3.652	22.383
1364	-10.465	3.077	2.244
840	-10.460	3.645	4.142
793	-10.460	3.648	3.582
879	-10.460	3.649	3.159
836	-10.459	3.672	1.834
897	-10.459	3.645	1.838
1368	-10.453	3.232	8.835
1398	-10.450	3.567	8.775
1346	-10.444	3.274	3.376
733	-10.437	3.645	8.791
1373	-10.418	3.279	1.706
1375	-10.418	3.279	1.706
855	-10.418	3.624	0.003
1440	-10.417	3.279	2.198
829	-10.380	3.946	2.348
814	-10.344	3.397	5.874
686	-10.336	3.719	19.500
1367	-10.269	3.568	4.169
925	-10.265	3.045	4.119
874	-10.228	3.037	5.666
1361	-10.179	3.938	5.321
1369	-10.177	3.939	16.213
752	-10.019	3.700	5.570
843	-10.018	3.828	3.468
706	-9.957	3.833	3.264
756	-9.852	3.806	8.825
716	-9.849	3.803	8.785
743	-9.849	3.803	3.376
800	-9.848	3.803	8.788
813	-9.747	3.895	7.241
776	-9.729	3.809	18.228
865	-9.728	3.810	18.228
1389	-9.714	1.134	4.167
1405	-9.714	1.144	4.166
1385	-9.711	1.126	5.664
1328	-9.708	1.155	5.666
1370	-9.672	1.148	5.321
1324	-9.672	1.275	8.951
703	-9.669	3.812	16.213
794	-9.668	3.807	5.317
715	-9.667	3.811	5.311
699	-9.142	3.292	1.707
884	-7.728	3.193	5.078
822	-7.662	3.398	3.197
