1249	-12.436	0.000	0.000
1261	-12.432	0.000	0.000
1178	-12.419	2.661	0.000
1176	-12.418	2.661	0.000
1260	-12.414	2.665	0.000
1281	-12.413	2.649	0.000
1179	-12.403	0.027	0.000
1230	-12.274	0.013	12.913
1217	-12.272	0.013	12.912
1184	-12.241	0.021	19.226
1245	-12.237	0.021	14.588
1219	-12.236	0.021	14.596
1309	-12.226	0.022	19.245
1287	-12.226	0.022	11.849
1220	-12.219	2.653	11.851
1274	-12.218	2.653	10.935
1279	-12.217	2.653	10.935
1214	-12.216	2.653	10.928
1270	-12.215	2.653	10.925
1318	-12.209	2.653	10.941
1298	-12.208	2.653	11.852
1300	-12.208	2.653	13.449
1321	-12.208	2.653	13.413
1215	-12.183	2.650	12.992
1256	-12.183	2.651	12.983
1263	-12.180	2.650	9.852
1315	-12.173	2.651	9.852
1168	-12.091	0.048	13.562
1288	-12.042	0.036	10.003
1297	-12.041	0.036	10.003
1257	-12.016	0.044	11.538
1323	-12.004	0.044	14.106
1206	-11.967	3.623	14.918
1311	-11.914	3.555	17.751
1174	-11.722	3.404	8.311
1208	-11.664	3.538	1.712
1195	-11.543	3.195	2.183
1213	-11.279	3.481	22.540
1231	-11.179	3.535	8.138
1310	-11.168	3.534	9.194
1303	-11.168	3.534	15.143
1180	-11.146	3.548	8.130
1282	-11.054	3.531	3.394
1193	-10.649	3.745	16.802
1222	-10.618	3.748	16.777
1198	-10.493	3.726	4.604
1244	-8.168	2.194	11.329
1293	-8.154	2.260	2.482
1284	-8.129	2.222	2.465
1278	-7.341	2.531	7.238
1304	-7.341	2.505	3.068
1239	-7.333	2.530	7.237
1267	-7.182	2.358	3.902
1183	-7.182	2.370	19.499
