1419	-9.126	0.000	5.824
1369	-9.126	0.004	5.367
1374	-9.126	0.003	5.813
1292	-9.126	0.002	10.878
1289	-9.126	0.004	15.923
1293	-9.126	0.003	9.154
1296	-9.126	0.002	15.068
1360	-9.126	0.002	3.671
1361	-9.126	0.003	3.597
1364	-9.126	0.002	3.845
1368	-9.126	0.002	3.592
1371	-9.126	0.002	3.592
1372	-9.126	0.002	3.840
1409	-9.126	0.003	11.711
1415	-9.126	0.003	0.024
1435	-9.126	0.002	0.001
1436	-9.126	0.002	13.672
1333	-9.126	0.003	12.717
1288	-9.126	0.003	12.884
1290	-9.126	0.003	2.460
1294	-9.126	0.003	2.942
1295	-9.126	0.003	2.463
1297	-9.126	0.003	17.690
1298	-9.126	0.003	2.941
1299	-9.126	0.003	2.941
1300	-9.126	0.003	11.058
1301	-9.126	0.003	11.061
1302	-9.126	0.003	11.570
1303	-9.126	0.003	11.573
1304	-9.126	0.003	2.459
1305	-9.126	0.003	17.724
1306	-9.126	0.002	11.057
1349	-9.126	0.003	11.061
1350	-9.126	0.003	18.157
1420	-9.126	0.004	2.939
1367	-9.126	0.003	2.935
1443	-9.126	0.003	18.196
1291	-9.126	0.004	3.573
1351	-9.126	0.004	8.244
1401	-9.125	0.009	18.103
1329	-9.125	0.002	18.103
1342	-9.125	0.002	2.982
1308	-9.125	0.003	1.707
1309	-9.125	0.002	10.509
1310	-9.125	0.002	4.088
1311	-9.125	0.002	2.981
1312	-9.125	0.002	10.346
1314	-9.125	0.002	1.775
1331	-9.125	0.003	4.121
1337	-9.125	0.003	6.008
1347	-9.125	0.003	12.957
1357	-9.125	0.002	2.443
1378	-9.125	0.003	17.853
1315	-9.125	0.003	17.809
1317	-9.125	0.001	12.676
1343	-9.125	0.003	2.327
1348	-9.125	0.003	6.238
1379	-9.125	0.002	7.432
1332	-9.125	0.004	3.606
1334	-9.125	0.004	17.130
1377	-9.125	0.004	16.611
1313	-9.125	0.003	16.550
1316	-9.125	0.003	1.920
1322	-9.125	0.003	8.063
1328	-9.125	0.002	16.605
1385	-9.096	0.061	16.605
1366	-9.096	0.044	15.106
1382	-9.096	0.046	1.907
1403	-9.096	0.044	1.931
1318	-9.096	0.041	12.404
1319	-9.096	0.041	12.397
1321	-9.096	0.041	8.592
1325	-9.096	0.041	8.109
1326	-9.096	0.042	7.420
1327	-9.096	0.040	20.050
1330	-9.096	0.041	2.670
1338	-9.096	0.042	16.384
1340	-9.096	0.042	16.385
1346	-9.096	0.041	6.703
1353	-9.096	0.041	16.196
1355	-9.096	0.040	19.671
1356	-9.096	0.043	19.683
1359	-9.096	0.041	16.495
1363	-9.096	0.042	15.286
1365	-9.096	0.041	20.218
1370	-9.096	0.041	14.823
1386	-9.096	0.042	14.840
1387	-9.096	0.041	14.786
1389	-9.096	0.042	7.695
1396	-9.096	0.042	7.695
1398	-9.096	0.040	1.416
1405	-9.096	0.040	15.638
1414	-9.096	0.039	15.624
1416	-9.096	0.039	15.203
1418	-9.096	0.042	14.832
1424	-9.096	0.041	8.962
1428	-9.096	0.040	7.957
1433	-9.096	0.041	8.476
1426	-9.096	0.042	11.696
1307	-9.096	0.040	8.291
1320	-9.096	0.040	6.168
1323	-9.096	0.040	7.332
1324	-9.096	0.040	7.366
1335	-9.096	0.040	6.133
1339	-9.096	0.039	8.485
1341	-9.096	0.039	21.259
1344	-9.096	0.040	7.057
1345	-9.096	0.040	5.871
1352	-9.096	0.040	5.531
1362	-9.096	0.040	7.093
1388	-9.096	0.040	17.248
1394	-9.096	0.041	18.625
1395	-9.096	0.038	18.731
1397	-9.096	0.039	18.732
1404	-9.096	0.040	14.755
1423	-9.096	0.037	18.707
1380	-9.096	0.031	21.768
1432	-9.096	0.027	18.618
1430	-9.056	0.038	16.258
1358	-9.056	0.034	12.305
1390	-9.056	0.034	5.679
1399	-9.056	0.034	20.865
1402	-9.056	0.034	14.714
1410	-9.056	0.034	16.640
1429	-9.056	0.034	8.258
1431	-9.056	0.033	5.680
1434	-9.056	0.034	7.108
1375	-8.955	0.906	15.631
1373	-8.955	0.901	14.809
1393	-8.954	0.919	15.202
1391	-8.954	0.917	7.562
1392	-8.954	0.916	7.956
1446	-8.954	0.916	11.697
1354	-8.954	0.919	15.645
1447	-8.954	0.915	8.286
1411	-8.954	0.915	6.166
1381	-8.954	0.914	7.332
1384	-8.954	0.913	8.464
1336	-8.954	0.907	14.151
1400	-8.953	0.917	14.761
1444	-8.953	0.912	7.111
1427	-8.953	0.912	3.928
1383	-8.952	0.900	5.869
1376	-8.872	0.868	20.804
1449	-8.399	1.060	17.671
1417	-7.820	2.428	5.651
1421	-7.820	2.428	5.683
1437	-7.820	2.428	21.190
1440	-7.820	2.428	20.160
1448	-7.820	2.428	5.687
1406	-7.818	2.427	14.886
1407	-7.818	2.427	8.119
1408	-7.818	2.427	20.795
1412	-7.506	2.491	0.006
1413	-7.506	2.491	0.030
1445	-7.506	2.491	11.656
1425	-7.506	2.490	11.595
1422	-7.504	2.491	11.059
1438	-7.504	2.491	2.452
1441	-7.504	2.491	2.455
1442	-7.504	2.491	2.457
1439	-7.504	2.491	2.935
