1267	-9.646	0.000	8.252
1249	-9.629	0.019	16.850
1264	-9.629	0.018	6.123
1265	-9.629	0.019	12.497
1166	-9.629	0.018	5.404
1201	-9.629	0.018	6.403
1214	-9.629	0.018	5.821
1215	-9.629	0.018	5.737
1240	-9.629	0.018	5.366
1244	-9.629	0.019	4.150
1275	-9.629	0.018	5.456
1281	-9.615	0.008	6.584
1282	-9.615	0.008	11.738
1283	-9.615	0.008	9.344
1284	-9.615	0.008	12.953
1285	-9.615	0.008	3.597
1225	-9.615	0.007	3.596
1263	-9.615	0.007	15.023
1231	-9.613	0.027	3.592
1247	-9.613	0.027	3.845
1269	-9.613	0.028	17.001
1180	-9.599	0.005	3.772
1196	-9.599	0.005	0.024
1197	-9.599	0.005	13.697
1216	-9.599	0.005	0.030
1217	-9.599	0.005	11.058
1221	-9.599	0.006	2.459
1233	-9.599	0.005	2.460
1238	-9.599	0.005	2.465
1250	-9.599	0.006	2.940
1251	-9.599	0.004	2.943
1266	-9.599	0.004	2.940
1273	-9.599	0.005	17.002
1274	-9.599	0.005	13.634
1286	-9.599	0.004	11.570
1287	-9.599	0.005	11.575
1174	-9.599	0.004	2.459
1175	-9.599	0.005	17.722
1178	-9.599	0.004	17.727
1179	-9.599	0.004	5.456
1182	-9.599	0.005	18.153
1193	-9.599	0.005	11.129
1194	-9.599	0.004	2.939
1195	-9.599	0.004	18.101
1200	-9.599	0.004	11.130
1210	-9.599	0.004	8.244
1211	-9.599	0.005	8.248
1218	-9.599	0.004	17.852
1220	-9.599	0.004	17.436
1229	-9.599	0.004	1.701
1230	-9.599	0.004	4.121
1232	-9.599	0.004	4.113
1235	-9.599	0.004	2.981
1236	-9.599	0.004	8.253
1237	-9.599	0.004	8.253
1239	-9.599	0.004	4.122
1252	-9.599	0.005	4.119
1253	-9.599	0.005	12.957
1254	-9.599	0.005	10.301
1108	-9.579	0.107	17.851
1006	-9.563	0.115	17.844
1007	-9.563	0.115	4.162
1008	-9.563	0.115	2.326
1009	-9.563	0.115	6.239
1010	-9.563	0.115	15.298
1011	-9.563	0.114	16.418
1012	-9.563	0.115	17.915
1013	-9.563	0.115	15.277
1014	-9.563	0.116	6.290
1015	-9.563	0.115	1.911
1016	-9.563	0.115	1.911
1017	-9.563	0.114	16.605
1018	-9.563	0.115	16.604
1019	-9.563	0.116	18.281
1020	-9.563	0.115	1.906
1021	-9.563	0.115	15.201
1022	-9.563	0.115	12.407
1023	-9.563	0.115	15.095
1024	-9.563	0.115	7.419
1025	-9.563	0.116	13.363
1026	-9.563	0.115	7.689
1027	-9.563	0.116	7.420
1028	-9.563	0.115	3.212
1031	-9.563	0.115	16.375
1032	-9.563	0.115	16.380
1033	-9.563	0.115	8.432
1034	-9.563	0.116	16.210
1035	-9.563	0.115	16.204
1036	-9.563	0.115	1.642
1041	-9.563	0.116	16.416
1042	-9.563	0.115	5.650
1043	-9.563	0.116	20.225
1044	-9.563	0.116	20.237
1045	-9.563	0.116	1.418
1051	-9.563	0.115	2.994
1052	-9.563	0.115	5.811
1053	-9.563	0.114	7.698
1054	-9.563	0.116	7.695
1055	-9.563	0.115	15.204
1059	-9.563	0.115	15.637
1060	-9.563	0.116	15.629
1064	-9.563	0.114	15.613
1065	-9.563	0.115	14.808
1067	-9.563	0.115	15.200
1077	-9.563	0.115	8.476
1078	-9.563	0.115	8.288
1079	-9.563	0.115	7.327
1080	-9.563	0.115	6.192
1081	-9.563	0.115	3.214
1082	-9.563	0.116	7.350
1092	-9.563	0.115	17.142
1093	-9.563	0.115	8.470
1098	-9.563	0.116	8.207
1099	-9.563	0.115	8.275
1100	-9.563	0.116	14.766
1101	-9.563	0.115	8.483
1102	-9.563	0.115	13.170
1103	-9.563	0.115	7.426
1104	-9.563	0.115	18.621
1105	-9.563	0.115	16.235
1106	-9.563	0.115	18.733
1117	-9.563	0.115	14.756
1126	-9.563	0.116	18.760
1127	-9.563	0.115	21.769
1128	-9.563	0.116	7.107
1129	-9.563	0.115	16.821
1130	-9.563	0.115	7.112
1131	-9.563	0.115	5.646
1140	-9.563	0.115	5.678
1142	-9.563	0.115	21.200
1147	-9.563	0.115	20.169
1148	-9.563	0.115	5.682
1149	-9.563	0.115	14.897
1150	-9.563	0.115	8.115
1151	-9.563	0.116	20.805
1152	-9.563	0.115	12.362
1160	-9.563	0.115	15.095
1161	-9.563	0.116	5.399
1164	-9.563	0.115	15.274
1165	-9.563	0.115	5.822
1163	-9.563	0.113	5.823
1245	-9.519	1.561	5.365
1168	-9.505	1.559	5.725
1184	-9.505	1.558	10.846
1185	-9.505	1.558	6.585
1186	-9.505	1.558	11.743
1187	-9.505	1.558	15.071
1188	-9.505	1.559	11.975
1189	-9.505	1.558	3.596
1190	-9.505	1.559	3.846
1191	-9.505	1.559	11.993
1192	-9.505	1.559	3.592
1203	-9.505	1.558	3.840
1204	-9.505	1.558	12.773
1205	-9.505	1.559	0.026
1206	-9.505	1.558	0.001
1207	-9.505	1.558	11.647
1212	-9.505	1.559	11.595
1213	-9.505	1.558	11.059
1224	-9.505	1.558	2.460
1255	-9.505	1.559	2.463
1258	-9.505	1.559	2.465
1268	-9.505	1.559	2.941
1278	-9.505	1.559	2.943
1280	-9.505	1.559	2.941
1257	-9.505	1.559	11.058
1277	-9.505	1.559	13.634
1088	-9.500	1.575	11.571
1119	-9.500	1.575	12.962
1139	-9.500	1.575	2.459
1146	-9.500	1.575	17.727
1154	-9.500	1.575	17.724
1037	-9.500	1.575	5.455
1038	-9.500	1.575	18.155
1039	-9.500	1.575	18.157
1040	-9.500	1.575	2.939
1046	-9.500	1.575	18.156
1047	-9.500	1.575	11.130
1048	-9.500	1.575	8.245
1049	-9.500	1.575	18.113
1061	-9.500	1.575	17.814
1062	-9.500	1.575	2.658
1066	-9.500	1.575	1.710
1069	-9.500	1.575	14.916
1070	-9.500	1.575	11.129
1071	-9.500	1.575	2.981
1072	-9.500	1.575	3.084
1073	-9.500	1.575	17.098
1074	-9.500	1.575	4.122
1075	-9.500	1.575	6.009
1094	-9.500	1.575	12.958
1095	-9.500	1.575	12.958
1096	-9.500	1.575	17.854
1097	-9.500	1.575	4.098
1109	-9.500	1.575	12.676
1110	-9.500	1.575	2.328
1120	-9.500	1.575	6.240
1121	-9.500	1.575	15.292
1122	-9.500	1.575	16.415
1144	-9.500	1.575	11.617
1145	-9.500	1.575	15.276
1141	-9.497	1.578	12.474
1155	-9.497	1.578	1.912
1156	-9.497	1.577	14.606
1157	-9.497	1.578	16.607
1158	-9.497	1.578	16.607
1159	-9.497	1.578	15.106
1788	-9.471	1.603	1.908
1183	-9.464	1.541	1.929
1198	-9.464	1.541	12.404
1208	-9.464	1.541	15.097
1209	-9.464	1.541	7.421
1259	-9.462	1.545	8.135
1260	-9.462	1.545	7.688
1261	-9.462	1.545	20.164
1276	-9.462	1.544	9.597
1176	-9.461	1.544	16.373
1243	-9.461	1.544	16.380
1167	-9.461	1.544	16.278
1795	-9.415	1.576	5.874
1770	-9.415	1.585	12.685
1794	-9.415	1.584	6.406
1796	-9.415	1.584	5.825
1116	-9.022	1.466	14.359
1029	-9.022	1.464	3.587
1030	-9.022	1.464	18.947
1050	-9.022	1.463	5.755
1056	-9.022	1.464	6.395
1057	-9.022	1.463	5.825
1058	-9.022	1.464	20.026
1076	-9.022	1.463	5.300
1089	-9.022	1.464	5.811
1090	-9.022	1.464	6.851
1091	-9.022	1.464	15.923
1111	-9.022	1.464	9.159
1112	-9.022	1.463	15.074
1113	-9.022	1.464	3.672
1114	-9.022	1.464	3.597
1115	-9.022	1.464	17.109
1133	-9.022	1.464	3.592
1134	-9.022	1.463	3.592
1135	-9.022	1.464	3.809
1136	-9.022	1.464	17.116
1143	-9.022	1.463	0.025
1125	-9.010	1.465	6.007
1153	-9.010	1.461	12.955
1063	-9.004	1.518	13.234
1107	-9.004	1.518	17.851
1137	-9.004	1.518	18.244
1138	-9.004	1.518	14.361
1222	-8.999	1.488	2.325
1234	-8.999	1.488	6.237
1246	-8.999	1.488	7.431
1256	-8.999	1.488	15.355
1271	-8.999	1.488	9.572
1272	-8.999	1.488	15.278
1279	-8.999	1.488	1.105
1068	-8.992	1.518	1.909
1083	-8.992	1.518	1.909
1084	-8.992	1.518	16.604
1085	-8.992	1.518	16.604
1086	-8.992	1.518	15.106
1087	-8.992	1.518	1.904
1118	-8.992	1.518	18.273
1123	-8.992	1.518	12.404
1124	-8.992	1.518	7.805
1132	-8.992	1.518	18.482
1162	-8.992	1.518	8.121
1169	-8.987	1.489	6.451
1170	-8.987	1.488	15.245
1171	-8.987	1.489	20.125
1172	-8.987	1.489	16.381
1173	-8.987	1.488	12.766
1177	-8.987	1.489	15.225
1181	-8.987	1.489	16.194
1199	-8.987	1.489	3.215
1202	-8.987	1.488	19.683
1219	-8.987	1.489	16.474
1223	-8.987	1.489	16.242
1226	-8.987	1.489	20.226
1227	-8.987	1.489	14.686
1228	-8.987	1.489	14.836
1241	-8.987	1.489	7.713
1242	-8.987	1.489	7.694
1248	-8.987	1.489	20.190
1262	-8.987	1.489	7.134
1270	-8.987	1.489	1.567
