565	-17.106	0.000	0.024
201	-17.105	0.001	3.530
153	-16.949	0.020	15.766
128	-16.948	0.021	6.327
158	-16.948	0.021	2.777
425	-16.948	0.020	2.777
352	-16.944	0.019	16.995
332	-16.944	0.020	16.994
476	-16.921	0.021	18.561
255	-16.838	0.009	5.219
114	-16.770	0.040	15.730
356	-16.768	0.007	6.039
463	-16.742	0.040	11.616
197	-16.346	2.087	13.944
517	-16.296	2.086	3.361
232	-16.280	2.092	16.650
102	-16.267	2.085	6.005
148	-16.267	2.085	6.052
335	-16.267	2.085	6.051
79	-16.266	2.085	5.288
318	-16.266	2.085	6.035
136	-16.265	2.085	10.991
48	-16.264	2.085	15.663
58	-16.264	2.085	9.470
131	-16.264	2.085	14.970
178	-16.264	2.085	3.296
180	-16.264	2.085	3.189
322	-16.264	2.085	3.441
61	-16.264	2.085	3.181
164	-16.264	2.085	3.181
175	-16.264	2.085	3.437
327	-16.264	2.085	11.584
330	-16.264	2.085	1.713
226	-16.263	2.085	1.710
227	-16.263	2.085	13.684
215	-16.262	2.085	3.453
422	-16.216	2.085	18.089
389	-16.188	2.091	3.363
295	-16.182	2.091	0.009
387	-16.174	2.084	10.179
371	-16.173	2.084	3.639
296	-16.169	2.084	3.530
95	-16.166	2.084	13.261
31	-16.164	2.084	1.438
32	-16.164	2.084	18.160
15	-16.115	2.084	7.365
432	-15.949	2.677	5.083
21	-15.909	2.678	5.643
586	-15.867	2.476	5.644
200	-15.860	2.476	7.109
12	-15.828	2.679	5.986
98	-15.786	2.475	15.665
112	-15.786	2.475	9.485
345	-15.784	2.475	14.977
138	-15.783	2.475	3.298
143	-15.783	2.475	3.191
60	-15.725	2.475	12.831
458	-15.725	2.475	3.453
38	-15.721	2.475	3.667
113	-15.699	2.477	11.639
145	-15.699	2.477	1.703
77	-15.698	2.477	4.740
91	-15.698	2.477	17.743
333	-15.697	2.477	3.541
117	-15.681	2.475	13.266
118	-15.681	2.475	13.557
122	-15.681	2.475	18.164
261	-15.679	2.475	18.632
203	-15.674	2.477	1.886
1	-15.644	2.474	2.775
445	-15.607	2.621	20.740
449	-15.607	2.621	15.018
76	-15.604	2.621	15.168
276	-15.597	2.477	8.273
14	-15.570	2.475	1.314
500	-15.567	2.788	15.972
753	-15.567	2.788	15.205
687	-15.567	2.788	15.565
417	-15.564	2.621	7.766
3	-15.554	2.477	8.444
5	-15.541	2.477	8.414
11	-15.541	2.477	5.478
16	-15.541	2.477	7.390
18	-15.540	2.477	8.628
19	-15.540	2.477	13.856
652	-15.439	2.784	15.171
655	-15.439	2.784	14.830
611	-15.300	2.786	14.954
715	-15.179	2.743	0.074
489	-15.178	2.743	3.526
401	-15.060	2.739	3.535
450	-15.059	2.739	3.899
661	-15.055	2.739	5.882
465	-15.029	2.738	3.586
265	-14.954	2.740	-0.003
616	-14.916	2.742	0.803
518	-14.809	2.077	16.718
183	-14.779	2.076	16.718
440	-14.778	2.076	15.255
604	-14.756	2.077	2.836
703	-14.739	2.698	8.332
557	-14.738	2.698	6.602
558	-14.738	2.698	18.478
512	-14.737	2.698	7.174
526	-14.737	2.698	16.585
538	-14.737	2.698	15.248
534	-14.737	2.698	16.568
320	-14.727	2.075	19.677
105	-14.695	2.075	8.035
381	-14.695	2.075	19.671
741	-14.594	3.295	18.301
784	-14.594	3.295	6.262
786	-14.594	3.295	14.883
798	-14.594	3.295	14.912
824	-14.589	2.700	15.601
409	-14.493	2.693	15.106
566	-13.767	2.465	11.855
540	-13.752	2.467	17.991
547	-13.752	2.467	8.174
305	-13.676	2.467	7.574
444	-13.675	2.467	22.632
341	-13.673	2.467	21.369
750	-13.644	2.468	6.351
298	-13.577	2.466	13.498
289	-13.576	2.466	2.595
629	-13.556	2.466	4.383
251	-8.411	2.093	17.688
588	-8.408	2.091	10.326
279	-8.395	2.089	9.812
268	-8.393	2.089	16.703
408	-8.388	2.088	1.343
331	-8.256	2.374	6.272
274	-8.238	2.370	9.483
235	-7.693	2.019	11.382
563	-7.667	1.998	1.644
606	-7.667	1.997	1.642
290	-7.653	2.003	19.888
686	-7.651	1.920	4.331
195	-7.650	1.919	9.862
278	-7.649	2.003	16.656
301	-7.649	1.923	18.166
171	-7.649	1.916	19.171
228	-7.649	1.916	17.263
174	-7.551	2.349	16.192
324	-7.533	2.346	5.152
667	-7.468	2.332	9.830
608	-7.451	2.331	9.565
493	-6.944	1.857	6.738
552	-6.940	1.858	7.762
519	-6.937	1.881	21.653
263	-6.910	1.842	7.042
369	-6.905	1.871	17.290
376	-6.901	1.870	6.354
