106	-18.486	0.000	9.261
107	-18.486	0.000	9.403
638	-18.342	0.054	17.301
390	-18.272	0.010	6.685
294	-18.270	0.010	6.819
243	-18.268	0.010	7.135
1520	-18.120	0.046	20.008
1530	-18.093	0.043	20.016
1517	-18.093	0.043	16.914
1529	-18.093	0.043	20.904
1548	-18.076	0.088	20.908
1519	-18.063	0.082	15.510
1533	-18.063	0.082	22.920
7	-17.859	0.059	5.994
1514	-17.833	0.068	8.895
1534	-17.711	0.054	16.343
1516	-17.684	0.052	6.897
1518	-17.684	0.052	4.553
1523	-17.684	0.052	5.114
9	-17.425	0.656	3.460
2	-17.424	0.656	18.090
202	-16.919	1.277	2.772
33	-16.787	1.284	15.206
34	-16.787	1.284	15.560
104	-16.784	1.284	8.415
109	-16.784	1.284	7.382
110	-16.784	1.284	6.627
116	-16.783	1.284	2.553
375	-16.779	1.285	19.147
93	-16.779	1.284	15.219
361	-16.778	1.285	19.164
364	-16.778	1.285	22.221
311	-16.778	1.285	7.115
119	-16.778	1.284	17.153
123	-16.778	1.284	7.119
249	-16.776	1.285	5.619
275	-16.776	1.285	5.646
402	-16.775	1.285	21.694
354	-16.774	1.285	15.452
264	-16.772	1.285	21.175
41	-16.604	1.292	18.537
254	-16.600	1.293	18.536
23	-16.523	1.298	18.134
8	-16.518	1.298	15.396
406	-16.342	1.306	6.479
1537	-16.144	1.283	3.456
344	-14.937	1.928	12.633
188	-14.827	1.986	18.232
142	-14.826	1.986	4.947
535	-14.680	1.963	5.560
576	-14.658	2.647	14.837
100	-14.621	2.159	16.300
154	-14.620	2.160	8.568
59	-14.618	2.160	8.075
70	-14.618	2.160	14.847
192	-14.608	2.139	15.181
314	-14.597	2.161	5.046
169	-14.590	2.647	21.933
101	-14.585	1.964	14.617
165	-14.584	1.964	5.431
170	-14.584	1.964	5.450
49	-14.583	1.964	15.088
68	-14.582	1.964	15.032
72	-14.582	1.964	6.897
398	-14.581	1.964	5.453
662	-14.581	1.964	5.452
139	-14.575	1.964	19.034
316	-14.569	1.965	20.886
334	-14.561	1.965	4.157
87	-14.531	2.645	5.866
54	-14.530	2.645	18.725
156	-14.527	2.110	5.815
346	-14.517	2.645	17.980
20	-14.499	2.582	15.255
245	-14.494	1.398	10.400
94	-14.488	1.558	14.953
360	-14.488	1.557	14.970
392	-14.488	1.557	3.202
272	-14.486	1.557	3.078
286	-14.486	1.557	11.643
297	-14.486	1.557	3.065
159	-14.484	2.136	17.085
189	-14.484	2.136	1.905
253	-14.484	1.557	1.904
29	-14.483	2.136	1.909
47	-14.483	2.136	13.362
71	-14.482	2.136	11.523
73	-14.482	2.136	3.447
133	-14.482	2.136	3.453
230	-14.479	2.136	3.454
241	-14.479	2.136	3.634
146	-14.478	2.135	17.122
237	-14.478	2.136	3.456
656	-14.474	2.136	3.635
672	-14.471	1.970	11.484
673	-14.471	1.970	3.454
35	-14.450	2.584	2.062
479	-14.437	2.136	11.017
281	-14.420	2.634	18.212
291	-14.399	2.636	17.855
244	-14.370	2.633	16.681
22	-14.364	2.143	1.467
120	-14.361	2.633	3.034
258	-14.359	2.633	2.858
1525	-14.353	1.601	2.873
498	-14.334	2.775	7.149
307	-14.325	2.141	14.833
811	-14.323	1.550	2.149
30	-14.312	1.590	7.059
321	-14.309	2.143	7.170
358	-14.301	1.590	9.219
362	-14.301	1.590	17.333
391	-14.301	1.590	3.104
124	-14.299	2.740	5.225
42	-14.298	2.740	6.812
378	-14.286	1.401	15.138
24	-14.228	2.743	5.671
410	-14.224	2.743	14.810
69	-14.218	2.775	18.857
193	-14.216	2.767	14.853
194	-14.216	2.767	16.319
499	-14.213	2.767	21.894
582	-14.213	2.767	15.472
570	-14.212	2.767	14.581
501	-14.212	2.767	5.409
562	-14.212	2.767	5.435
513	-14.211	2.767	5.091
701	-14.207	2.767	5.654
691	-14.206	2.767	20.400
205	-14.202	2.642	5.434
6	-14.201	1.555	15.106
17	-14.201	1.555	19.000
337	-14.171	2.622	6.834
416	-14.171	2.779	6.164
531	-14.168	2.772	19.196
303	-14.152	2.743	4.923
583	-14.139	2.771	10.398
564	-14.137	2.771	12.907
177	-14.099	2.767	19.208
184	-14.099	2.767	2.589
424	-14.099	2.767	2.589
577	-14.099	2.769	19.430
50	-14.098	2.767	19.214
488	-14.098	2.768	4.120
550	-14.098	2.768	4.120
594	-14.098	2.768	4.121
601	-14.098	2.768	12.682
496	-14.097	2.768	11.221
530	-14.097	2.768	4.385
554	-14.097	2.768	4.393
607	-14.097	2.768	4.390
777	-14.093	2.768	4.397
216	-14.092	2.767	4.760
99	-14.091	2.766	19.414
214	-14.090	2.767	12.721
92	-14.089	2.766	4.759
191	-14.062	2.764	11.211
482	-14.054	2.766	4.382
155	-14.024	2.771	20.048
28	-14.018	1.652	11.381
224	-14.018	2.771	11.855
414	-14.017	2.769	4.768
13	-14.017	1.590	3.801
423	-14.016	1.653	3.802
4	-14.011	1.590	10.205
10	-14.011	1.590	20.498
365	-14.009	2.610	6.922
319	-14.005	2.771	10.205
277	-14.001	2.610	0.014
190	-13.985	2.767	18.178
46	-13.983	2.767	9.552
443	-13.983	2.767	0.023
44	-13.983	2.765	1.655
56	-13.982	2.767	1.653
57	-13.982	2.767	14.606
132	-13.982	2.767	14.866
137	-13.982	2.767	19.908
64	-13.982	2.767	20.606
309	-13.981	2.767	0.956
556	-13.979	2.768	2.234
306	-13.978	2.767	7.984
675	-13.975	2.767	17.225
125	-13.974	2.767	18.929
328	-13.965	2.768	17.664
37	-13.964	2.768	18.453
208	-13.943	2.171	18.449
747	-13.942	1.477	4.301
468	-13.940	2.767	5.158
792	-13.937	1.472	20.280
506	-13.926	1.479	17.230
522	-13.926	1.479	16.990
561	-13.926	1.479	17.139
831	-13.900	1.479	9.544
287	-13.891	2.792	12.553
90	-13.864	2.767	4.694
84	-13.864	2.767	10.897
229	-13.861	2.767	22.665
671	-13.839	1.479	16.593
660	-13.832	1.474	4.897
115	-13.824	1.481	16.827
242	-13.819	1.481	7.824
438	-13.818	1.476	5.124
462	-13.813	2.766	8.032
578	-13.812	2.159	16.696
504	-13.811	2.159	17.710
527	-13.810	2.158	16.697
532	-13.810	2.159	16.664
326	-13.809	1.475	14.065
568	-13.809	2.159	17.104
689	-13.808	2.159	19.283
514	-13.754	2.143	2.876
524	-13.754	2.143	23.734
149	-13.697	2.154	23.160
176	-13.696	2.154	20.811
182	-13.696	2.155	20.810
447	-13.696	2.155	20.808
448	-13.696	2.155	17.099
67	-13.695	2.155	18.725
451	-13.695	2.155	20.818
129	-13.694	2.155	17.097
239	-13.693	2.155	22.520
304	-13.692	2.155	16.687
147	-13.689	2.154	6.858
126	-13.687	2.154	6.871
127	-13.687	2.154	16.887
1613	-13.683	1.277	16.881
323	-13.683	2.158	6.873
329	-13.683	2.158	6.870
351	-13.679	2.159	23.193
695	-13.669	1.533	7.773
697	-13.669	1.533	7.760
477	-13.652	2.157	7.062
614	-13.644	2.722	6.769
433	-13.639	2.139	11.888
591	-13.634	1.515	11.019
502	-13.634	1.515	14.537
529	-13.634	1.515	12.682
453	-13.625	1.281	14.636
413	-13.619	2.166	2.202
317	-13.606	1.283	2.542
373	-13.594	2.782	1.530
355	-13.592	2.782	2.578
665	-13.591	1.310	2.578
619	-13.561	2.775	4.382
472	-13.526	1.299	4.752
825	-13.397	3.365	4.692
383	-13.337	3.353	11.381
386	-13.222	3.354	19.899
207	-13.189	3.348	7.980
632	-12.951	1.233	17.656
634	-12.951	1.233	18.443
475	-12.919	3.327	12.394
185	-12.870	3.327	11.230
78	-12.869	3.327	11.256
343	-12.861	3.327	20.271
592	-12.692	3.733	9.901
161	-12.676	3.733	10.414
179	-12.676	3.733	22.587
427	-12.674	3.733	18.700
222	-12.674	3.733	9.227
259	-12.570	3.330	2.876
620	-12.405	3.736	17.695
280	-12.401	3.736	17.689
368	-12.400	3.736	10.311
288	-12.380	3.737	5.422
299	-12.315	3.737	18.358
231	-12.062	3.289	8.918
539	-11.942	3.291	20.390
664	-11.923	3.290	22.622
45	-11.922	3.290	12.925
135	-11.637	3.704	7.764
40	-11.618	3.704	21.650
573	-11.586	3.704	7.045
484	-11.584	3.704	12.598
86	-11.573	3.704	13.088
395	-11.573	3.704	11.972
75	-11.572	3.704	11.028
51	-11.572	3.704	13.359
315	-11.568	3.704	12.680
471	-11.560	3.704	14.634
26	-11.472	3.705	2.539
826	-11.421	3.708	2.540
97	-11.297	3.704	4.113
111	-11.297	3.704	4.114
173	-11.297	3.704	4.114
393	-11.297	3.704	12.263
308	-11.295	3.704	11.257
144	-11.285	3.704	4.377
1577	-8.375	2.651	10.087
712	-8.268	2.534	13.941
55	-8.261	2.536	5.351
63	-8.261	2.536	9.257
426	-8.260	2.536	9.094
211	-8.259	2.536	10.869
212	-8.259	2.536	8.920
162	-8.229	2.885	8.192
310	-8.226	2.606	6.288
25	-8.209	2.887	10.303
27	-8.209	2.887	20.798
199	-8.181	2.548	20.798
293	-8.178	2.549	20.843
480	-8.178	2.550	17.051
338	-8.177	2.549	20.873
339	-8.177	2.549	16.601
430	-8.177	2.549	16.889
186	-8.176	2.549	24.161
421	-8.138	2.555	16.675
43	-8.120	2.576	20.391
83	-8.119	2.576	6.858
219	-8.117	2.576	16.841
1608	-8.093	2.617	8.679
494	-8.059	2.636	6.860
495	-8.059	2.636	6.860
585	-8.059	2.636	23.281
598	-8.059	2.636	18.827
363	-8.051	2.458	7.963
168	-8.050	2.636	22.618
181	-8.050	2.636	6.741
130	-8.050	2.636	7.763
429	-8.050	2.636	21.641
559	-8.008	2.520	7.042
571	-8.008	2.520	12.596
645	-8.004	2.521	20.346
150	-8.003	2.522	13.101
348	-7.998	2.522	11.032
349	-7.998	2.522	13.363
313	-7.994	2.673	12.679
53	-7.982	2.577	14.635
152	-7.982	2.857	2.546
437	-7.982	2.857	2.545
439	-7.982	2.857	18.174
80	-7.981	2.577	2.577
217	-7.981	2.857	2.575
431	-7.981	2.857	19.417
415	-7.961	2.859	4.115
418	-7.943	2.533	4.116
523	-7.866	2.698	4.115
579	-7.866	2.698	4.116
597	-7.866	2.698	12.327
52	-7.854	2.696	4.379
160	-7.854	2.696	4.385
658	-7.851	2.696	4.753
613	-7.850	2.868	4.740
633	-7.848	2.537	4.748
39	-7.848	2.696	4.747
121	-7.809	2.892	20.519
206	-7.707	2.711	3.842
213	-7.678	3.729	11.381
367	-7.669	2.732	10.200
252	-7.668	2.732	10.199
266	-7.667	2.732	0.046
541	-7.474	3.334	17.111
839	-7.440	3.510	18.702
167	-7.438	3.324	18.690
218	-7.438	3.324	10.034
435	-7.438	3.324	9.567
790	-7.433	3.502	10.797
411	-7.431	3.325	21.708
473	-7.430	3.324	4.738
210	-7.420	3.511	21.692
151	-7.410	3.502	22.669
233	-7.410	3.502	22.658
394	-7.410	3.502	16.417
436	-7.409	3.502	3.921
141	-7.406	3.502	7.811
572	-7.388	3.656	5.119
555	-7.388	3.656	19.164
469	-7.388	3.519	17.704
89	-7.385	3.659	17.703
446	-7.385	3.659	19.445
336	-7.384	3.661	10.122
302	-7.384	3.660	9.809
166	-7.384	3.659	17.704
221	-7.384	3.659	10.546
1603	-7.375	3.644	2.871
400	-7.374	3.672	9.255
627	-7.374	3.332	17.941
238	-7.373	3.672	8.910
325	-7.372	3.673	8.904
96	-7.366	3.328	1.369
704	-7.351	3.353	8.191
770	-7.351	3.353	8.963
1600	-7.340	3.345	9.567
382	-7.337	3.495	3.629
256	-7.337	3.496	20.798
285	-7.337	3.496	20.842
384	-7.337	3.496	17.073
388	-7.336	3.359	18.647
262	-7.334	3.496	17.231
729	-7.323	3.210	16.899
282	-7.320	3.690	9.126
269	-7.317	3.357	9.027
637	-7.301	3.378	20.388
88	-7.246	3.226	6.856
412	-7.239	3.226	16.842
478	-7.227	3.018	5.827
196	-7.194	3.384	6.858
603	-7.194	3.385	16.986
397	-7.193	3.390	16.599
66	-7.184	3.634	7.924
407	-7.132	3.247	11.591
