773	-17.801	0.000	16.094
710	-17.799	0.000	7.787
761	-17.799	0.000	22.363
723	-17.799	0.000	16.106
727	-17.799	0.000	9.800
491	-17.798	0.000	19.381
549	-17.798	0.001	16.068
509	-17.797	0.001	17.305
536	-17.797	0.001	17.126
815	-17.756	0.005	4.555
829	-17.618	0.008	16.888
762	-17.618	0.008	20.722
602	-17.617	0.008	5.096
525	-17.616	0.008	6.258
515	-17.616	0.008	6.268
706	-17.473	0.016	3.669
654	-17.383	0.014	18.095
428	-17.209	0.018	8.385
404	-17.164	0.016	18.161
653	-17.131	0.018	17.806
461	-17.101	2.693	3.523
487	-17.054	3.904	8.390
508	-17.054	3.904	8.390
511	-17.054	3.904	3.530
593	-17.054	3.904	3.528
456	-16.978	3.911	1.886
405	-16.880	3.910	16.828
357	-16.880	3.910	16.833
220	-16.879	3.913	8.599
247	-16.869	3.909	1.387
718	-16.833	1.030	20.736
419	-16.811	3.912	20.748
521	-16.648	1.030	3.460
700	-16.503	1.029	3.642
702	-16.503	1.029	2.889
738	-16.503	1.029	17.475
763	-16.503	1.029	3.532
728	-16.478	3.846	6.255
740	-16.478	3.846	15.791
783	-16.478	3.846	16.847
730	-16.477	3.846	11.641
760	-16.477	3.846	15.775
778	-16.477	3.846	12.318
497	-16.474	3.846	17.006
198	-16.474	3.847	17.006
103	-16.461	1.033	12.247
587	-16.459	3.846	15.532
759	-16.415	3.846	20.004
284	-16.413	1.033	20.751
725	-16.380	3.852	15.575
580	-16.377	3.852	12.453
589	-16.373	3.852	7.395
810	-16.322	2.637	7.539
584	-16.315	3.852	8.406
818	-16.314	3.841	8.358
647	-16.298	3.861	19.024
460	-16.282	3.860	5.907
474	-16.263	3.861	12.379
385	-16.230	1.033	11.058
312	-16.202	3.858	11.058
380	-16.202	3.859	18.524
455	-16.201	3.865	3.668
646	-16.200	3.865	3.668
267	-16.185	3.858	18.473
636	-16.172	3.858	10.815
651	-16.170	3.860	0.179
470	-16.167	3.866	5.759
678	-16.154	2.638	1.885
739	-16.130	2.628	2.785
766	-16.130	2.628	8.593
714	-16.129	2.628	16.991
716	-16.129	2.628	16.992
724	-16.129	2.628	15.528
757	-16.129	2.628	2.772
745	-16.128	2.628	12.236
490	-16.126	2.628	8.645
537	-16.124	2.628	20.560
510	-16.124	2.628	2.825
545	-16.124	2.628	16.834
631	-16.073	3.863	20.727
615	-16.037	3.862	1.968
801	-15.932	2.627	19.111
683	-15.930	2.627	16.604
755	-15.930	2.627	12.151
434	-15.896	2.639	15.266
618	-15.868	2.638	8.222
709	-15.810	2.713	6.039
775	-15.810	2.713	20.555
679	-15.740	2.713	5.040
684	-15.740	2.713	17.043
250	-15.692	2.640	18.478
809	-15.676	2.713	14.136
366	-15.624	2.640	15.535
650	-15.483	2.640	15.546
457	-14.909	2.711	6.360
273	-14.835	2.712	15.534
569	-14.012	3.931	11.252
590	-14.010	3.930	6.823
751	-13.740	3.862	8.929
771	-13.740	3.862	1.382
808	-13.740	3.862	10.082
481	-13.684	3.932	23.335
271	-13.273	3.860	0.021
283	-13.268	3.901	1.650
342	-13.206	3.861	12.392
625	-13.176	3.860	17.246
483	-6.822	3.009	14.671
581	-6.659	3.444	14.636
248	-6.531	2.695	2.542
