1852	-11.964	0.000	9.953
1855	-11.964	0.000	12.491
1870	-11.964	0.000	21.807
1878	-11.964	0.000	10.575
1905	-11.964	0.000	5.515
1851	-11.525	0.604	14.466
1864	-11.525	0.604	14.466
1869	-11.525	0.604	14.467
1877	-11.525	0.604	17.809
1880	-11.525	0.604	17.807
1857	-11.227	2.218	13.673
1859	-11.227	2.218	26.145
1860	-11.227	2.218	9.578
1887	-11.227	2.218	9.827
1896	-11.227	2.218	9.844
1900	-11.227	2.218	4.623
1850	-10.993	1.286	10.121
1858	-10.993	1.286	20.091
1867	-10.993	1.286	24.781
1879	-10.993	1.286	22.364
1897	-10.993	1.286	3.612
1899	-10.873	2.259	26.204
1903	-10.873	2.259	21.278
1875	-10.872	2.259	3.157
1883	-10.872	2.259	0.024
1889	-10.833	2.335	3.027
1895	-10.832	2.335	1.420
1854	-10.831	2.335	25.963
1872	-10.831	2.335	9.518
1873	-10.831	2.335	0.039
1892	-10.632	1.615	13.673
1848	-10.632	1.615	26.145
1856	-10.632	1.615	9.578
1902	-10.515	1.716	9.827
1849	-10.419	0.678	9.429
1894	-10.419	0.678	16.943
1891	-10.419	0.678	21.469
1901	-10.419	0.678	16.939
1904	-10.419	0.678	16.944
1885	-10.418	0.678	9.432
1853	-10.417	0.678	16.940
1868	-10.034	1.677	14.934
1881	-10.034	1.677	14.861
1886	-10.034	1.677	14.935
1898	-10.034	1.677	14.466
1871	-10.033	1.677	14.466
1874	-10.033	1.677	14.466
1876	-10.033	1.677	17.809
1862	-9.933	1.788	25.122
1863	-9.933	1.788	25.116
1861	-9.933	1.788	13.332
1890	-9.933	1.788	13.332
1888	-9.933	1.788	13.334
1893	-9.932	1.788	13.559
1865	-9.931	1.787	22.313
1882	-9.931	1.787	13.172
1884	-9.931	1.787	13.363
1866	-9.931	1.788	3.392
