1682	-10.813	0.000	6.133
1647	-10.812	0.003	15.780
1644	-10.682	3.951	11.987
1650	-10.676	3.952	6.030
1655	-10.676	3.952	6.892
1643	-10.601	3.900	15.711
1628	-10.458	3.912	11.444
1622	-10.448	3.916	13.605
1693	-10.223	2.809	5.942
1640	-10.213	2.809	16.923
1659	-10.207	2.810	12.005
1664	-10.188	2.812	11.987
1687	-10.111	2.814	3.285
1663	-10.101	2.814	4.080
1651	-10.098	2.814	4.477
1667	-10.028	1.675	3.309
1621	-9.589	0.700	4.481
1638	-9.565	0.507	4.175
1668	-9.564	0.508	3.567
1679	-9.564	0.508	2.704
1684	-9.564	0.508	2.694
1689	-9.513	0.817	13.246
1671	-9.072	2.896	4.702
1683	-9.054	2.879	4.672
1662	-9.053	2.879	2.835
1646	-9.052	2.879	4.522
