1587	-11.142	0.000	2.936
1548	-11.121	2.270	2.974
1542	-10.845	2.269	8.912
1554	-10.845	2.269	6.133
1553	-10.583	2.244	4.499
1545	-10.327	2.881	2.136
1598	-10.298	1.588	4.478
1592	-10.293	2.232	4.481
1559	-10.291	2.231	4.477
1569	-10.291	2.231	14.083
1601	-10.290	2.231	14.217
1588	-10.288	2.282	14.219
1614	-10.284	2.282	4.472
1619	-10.283	2.282	14.891
1599	-10.282	2.282	5.645
1540	-10.267	2.879	3.309
1572	-10.198	1.626	12.006
1574	-10.081	1.621	14.217
1581	-10.054	2.875	5.645
1618	-10.050	2.875	4.934
1571	-10.046	2.875	2.694
1580	-9.862	2.304	6.133
1603	-9.832	2.303	15.823
1560	-9.830	2.303	6.118
1563	-9.828	2.303	6.182
1536	-9.796	2.659	11.441
1583	-9.791	2.298	11.442
1613	-9.788	2.298	16.913
1557	-9.786	2.298	11.444
1555	-9.768	2.666	12.005
1539	-9.686	2.286	15.711
1549	-9.672	2.282	5.317
1582	-9.633	2.689	4.894
1591	-9.633	2.689	3.285
1546	-9.633	2.135	5.332
1564	-9.632	2.689	2.136
1532	-9.588	0.270	14.083
1556	-9.544	2.167	13.836
1620	-9.487	2.179	6.104
1533	-9.210	2.359	6.098
1550	-9.188	2.360	12.454
1575	-8.940	2.720	2.814
1608	-8.921	2.118	8.202
1578	-8.921	2.118	8.202
1602	-8.705	2.721	8.005
1561	-8.450	3.225	4.476
1547	-8.346	3.238	5.387
1611	-8.016	3.170	3.663
1558	-8.014	3.169	4.230
1562	-7.958	3.194	4.508
1570	-7.958	3.194	6.076
1535	-7.915	3.216	13.798
1543	-7.619	3.910	14.267
1579	-7.588	3.909	4.470
1593	-7.094	3.983	13.796
1615	-6.891	3.334	6.132
1567	-6.845	2.131	15.783
1568	-6.665	3.703	6.117
