227	-8.423	0.000	0.000
83	-8.403	0.016	0.000
84	-8.403	0.016	0.000
89	-8.401	0.016	0.000
290	-8.360	0.033	0.000
291	-8.360	0.033	0.000
337	-8.360	0.033	0.000
344	-8.360	0.033	0.000
345	-8.360	0.033	0.000
334	-8.350	0.030	0.000
229	-8.330	0.031	0.000
230	-8.330	0.031	0.000
231	-8.330	0.031	0.000
140	-8.329	0.030	0.000
141	-8.329	0.030	0.000
142	-8.329	0.030	0.000
143	-8.329	0.030	0.000
144	-8.329	0.030	0.000
151	-8.329	0.030	0.000
152	-8.329	0.030	0.000
167	-8.328	0.030	0.000
361	-8.326	0.029	0.000
137	-8.325	0.029	0.000
125	-8.324	0.029	0.000
127	-8.324	0.029	0.000
128	-8.324	0.029	0.000
129	-8.324	0.029	0.000
130	-8.324	0.029	0.000
131	-8.324	0.029	0.000
132	-8.324	0.029	0.000
134	-8.324	0.029	0.000
135	-8.324	0.029	0.000
178	-8.324	0.028	0.000
179	-8.324	0.028	0.000
180	-8.324	0.028	0.000
181	-8.324	0.029	0.000
185	-8.324	0.028	0.000
186	-8.324	0.029	0.000
187	-8.324	0.028	0.000
171	-8.324	0.029	0.000
172	-8.324	0.029	0.000
410	-8.322	0.028	0.000
176	-8.321	0.028	0.000
208	-8.320	0.027	0.000
209	-8.320	0.027	0.000
210	-8.320	0.028	0.000
223	-8.318	0.027	0.000
221	-8.318	0.027	0.000
222	-8.318	0.027	0.000
225	-8.317	0.027	0.000
254	-8.302	0.017	0.000
255	-8.302	0.017	0.000
256	-8.302	0.017	0.000
257	-8.302	0.017	0.000
258	-8.302	0.017	0.000
1038	-8.289	0.019	0.000
1039	-8.289	0.019	0.000
1040	-8.289	0.019	0.000
14	-8.278	0.017	0.000
15	-8.278	0.017	0.000
16	-8.278	0.017	0.000
17	-8.278	0.017	0.000
63	-8.278	0.017	0.000
65	-8.278	0.017	0.000
69	-8.278	0.017	0.000
70	-8.278	0.017	0.000
46	-8.276	0.018	0.000
47	-8.276	0.018	0.000
50	-8.276	0.018	0.000
31	-8.276	0.018	0.000
43	-8.276	0.018	0.000
51	-8.276	0.018	0.000
53	-8.276	0.018	0.000
8	-8.276	0.017	0.000
9	-8.276	0.017	0.000
74	-8.275	0.018	0.000
73	-8.275	0.018	0.000
75	-8.275	0.018	0.000
76	-8.275	0.018	0.000
77	-8.275	0.018	0.000
56	-8.272	0.018	0.000
57	-8.272	0.018	0.000
58	-8.272	0.018	0.000
59	-8.272	0.018	0.000
38	-8.270	0.019	0.000
82	-8.269	0.019	0.000
88	-8.267	0.019	0.000
90	-8.267	0.019	0.000
91	-8.267	0.019	0.000
92	-8.267	0.019	0.000
93	-8.267	0.019	0.000
228	-8.174	0.157	0.000
153	-8.174	0.157	0.000
145	-8.173	0.157	0.000
146	-8.173	0.157	0.000
166	-8.172	0.157	0.000
354	-8.170	0.157	0.000
357	-8.170	0.157	0.000
358	-8.170	0.157	0.000
359	-8.170	0.157	0.000
363	-8.170	0.157	0.000
136	-8.168	0.156	0.000
177	-8.168	0.157	0.000
188	-8.168	0.156	0.000
213	-8.168	0.156	0.000
405	-8.166	0.156	0.000
108	-8.165	0.156	0.000
207	-8.164	0.156	0.000
350	-8.164	0.156	0.000
336	-8.144	0.050	0.000
342	-8.144	0.050	0.000
338	-8.144	0.050	0.000
287	-8.140	0.047	0.000
275	-8.137	0.045	0.000
13	-8.077	0.021	0.000
18	-8.077	0.021	0.000
19	-8.077	0.021	0.000
20	-8.077	0.021	0.000
21	-8.077	0.021	0.000
22	-8.077	0.021	0.000
24	-8.077	0.021	0.000
25	-8.077	0.021	0.000
26	-8.077	0.021	0.000
27	-8.077	0.021	0.000
62	-8.076	0.021	0.000
5	-8.075	0.021	0.000
6	-8.075	0.021	0.000
7	-8.075	0.021	0.000
10	-8.075	0.021	0.000
11	-8.075	0.021	0.000
44	-8.074	0.021	0.000
45	-8.074	0.021	0.000
48	-8.074	0.021	0.000
49	-8.074	0.021	0.000
52	-8.074	0.021	0.000
60	-8.073	0.021	0.000
72	-8.073	0.021	0.000
97	-8.073	0.021	0.000
283	-8.072	0.046	0.000
288	-8.072	0.046	0.000
335	-8.072	0.046	0.000
295	-8.072	0.046	0.000
163	-8.072	0.034	0.000
138	-8.072	0.034	0.000
139	-8.072	0.034	0.000
147	-8.072	0.034	0.000
148	-8.072	0.034	0.000
149	-8.072	0.034	0.000
353	-8.069	0.034	0.000
252	-8.068	0.031	0.000
253	-8.068	0.031	0.000
39	-8.068	0.022	0.000
81	-8.067	0.022	0.000
85	-8.067	0.022	0.000
3	-7.905	0.059	5.432
477	-7.901	0.072	20.046
480	-7.901	0.072	22.967
482	-7.901	0.072	7.078
484	-7.901	0.072	6.713
481	-7.901	0.072	22.125
483	-7.901	0.072	22.124
530	-7.901	0.072	7.054
536	-7.900	0.073	7.055
233	-7.818	0.059	19.884
234	-7.818	0.059	9.365
150	-7.817	0.059	18.821
226	-7.809	0.062	9.359
23	-6.828	0.486	11.312
61	-6.828	0.486	17.758
32	-6.780	0.497	8.701
78	-6.780	0.497	17.996
4	-6.779	0.497	1.609
28	-6.619	0.561	19.130
235	-6.545	0.590	15.324
236	-6.545	0.590	15.388
12	-6.517	0.586	22.974
54	-6.516	0.587	16.887
86	-6.515	0.588	11.158
157	-6.498	0.583	14.505
1	-6.458	0.624	17.759
856	-6.266	0.757	11.265
716	-6.266	0.760	18.087
561	-6.225	1.116	18.894
579	-6.225	1.116	18.894
644	-6.225	1.116	11.096
691	-6.225	1.116	18.964
548	-6.224	1.130	18.896
549	-6.224	1.130	18.097
550	-6.224	1.130	23.694
562	-6.224	1.130	23.694
563	-6.224	1.130	11.109
569	-6.224	1.131	11.195
575	-6.224	1.130	9.359
602	-6.224	1.130	19.882
621	-6.224	1.131	19.884
622	-6.224	1.131	9.365
754	-6.218	0.689	18.821
885	-6.212	0.685	9.359
886	-6.212	0.684	9.359
706	-6.212	0.687	18.822
715	-6.212	0.687	3.825
776	-6.212	0.687	3.825
212	-6.207	0.901	19.806
33	-6.162	1.600	15.333
34	-6.162	1.600	15.324
35	-6.162	1.600	15.388
36	-6.162	1.600	22.974
41	-6.162	1.600	16.887
79	-6.162	1.600	11.157
80	-6.162	1.600	9.875
99	-6.162	1.600	17.460
100	-6.162	1.600	17.440
240	-6.159	1.605	0.668
247	-6.159	1.604	0.666
620	-6.153	1.006	17.454
628	-6.153	1.006	17.453
590	-6.153	1.006	13.861
249	-6.151	0.947	0.155
250	-6.151	0.947	2.484
87	-6.145	0.914	10.932
461	-6.142	0.913	11.419
431	-6.142	0.913	11.419
96	-6.142	0.947	15.161
301	-6.134	0.934	15.161
307	-6.134	0.949	11.417
320	-6.133	0.950	15.161
332	-6.133	0.952	15.160
160	-6.127	0.919	10.656
120	-6.125	0.945	10.653
183	-6.124	0.947	15.164
184	-6.124	0.947	15.152
196	-6.124	0.948	15.288
162	-6.124	0.948	15.291
112	-6.123	0.948	14.504
113	-6.123	0.948	11.311
114	-6.123	0.948	17.758
423	-6.123	0.952	1.949
445	-6.123	0.953	1.949
239	-6.117	0.963	22.360
501	-6.112	0.996	22.355
491	-6.110	0.984	7.093
506	-6.110	0.984	7.093
520	-6.110	0.984	7.095
121	-6.044	1.559	1.610
191	-6.044	1.559	11.296
199	-6.044	1.559	11.349
200	-6.044	1.559	8.651
201	-6.044	1.559	11.284
318	-6.040	1.564	10.576
426	-5.950	1.204	15.127
396	-5.950	1.205	15.115
399	-5.950	1.205	15.250
190	-5.949	1.201	11.268
193	-5.949	1.201	17.712
175	-5.949	1.200	1.962
204	-5.907	1.766	22.320
349	-5.906	1.766	7.059
206	-5.906	1.766	7.060
159	-5.895	1.764	7.061
271	-5.888	1.773	10.708
267	-5.886	2.684	11.132
424	-5.882	1.764	11.357
374	-5.882	1.764	17.949
219	-5.882	1.764	18.869
456	-5.882	1.764	8.665
458	-5.882	1.764	17.948
460	-5.882	1.764	1.630
538	-5.879	2.685	17.949
40	-5.878	2.686	18.452
64	-5.878	2.686	1.630
66	-5.878	2.686	1.630
98	-5.878	2.686	11.272
619	-5.873	1.350	11.319
297	-5.872	2.686	8.616
306	-5.872	2.686	11.260
339	-5.872	2.686	18.061
346	-5.872	2.686	9.353
319	-5.865	1.770	18.934
154	-5.864	2.688	11.241
126	-5.863	2.688	18.050
133	-5.863	2.688	18.856
161	-5.863	2.688	18.856
182	-5.863	2.688	11.075
189	-5.863	2.688	18.927
732	-5.842	2.868	18.858
709	-5.842	2.868	18.061
714	-5.842	2.868	23.655
770	-5.837	2.872	11.164
248	-5.836	1.352	9.348
269	-5.834	1.351	19.844
312	-5.833	1.346	19.846
331	-5.833	1.346	9.355
192	-5.822	1.347	2.694
197	-5.822	1.347	10.568
119	-5.820	1.346	14.039
170	-5.803	1.455	14.040
122	-5.803	1.454	15.136
123	-5.803	1.455	19.089
124	-5.803	1.454	19.072
158	-5.802	1.346	14.045
309	-5.774	2.306	19.086
382	-5.774	2.311	22.913
383	-5.774	2.311	19.085
384	-5.774	2.311	15.137
55	-5.773	1.488	19.081
117	-5.773	2.311	19.084
118	-5.773	2.311	18.424
115	-5.747	1.458	22.998
381	-5.747	1.458	18.421
688	-5.732	3.368	18.820
689	-5.732	3.368	16.601
690	-5.732	3.368	15.286
553	-5.732	3.368	15.277
560	-5.732	3.368	15.341
578	-5.732	3.368	22.933
583	-5.732	3.368	16.840
586	-5.732	3.368	11.122
587	-5.732	3.368	9.862
588	-5.732	3.368	17.418
1224	-5.726	2.330	17.396
1026	-5.725	2.330	0.727
672	-5.722	3.440	0.726
609	-5.722	3.440	17.412
618	-5.722	3.440	17.411
627	-5.722	3.440	13.815
667	-5.721	3.439	2.491
687	-5.721	3.439	14.446
551	-5.720	3.439	2.342
565	-5.720	3.439	14.743
566	-5.720	3.439	10.013
567	-5.720	3.439	18.874
581	-5.720	3.439	18.886
582	-5.720	3.439	17.252
600	-5.720	3.439	18.091
603	-5.720	3.439	18.114
604	-5.720	3.439	15.523
605	-5.720	3.439	16.874
606	-5.720	3.439	18.590
623	-5.720	3.439	18.939
626	-5.720	3.439	18.904
653	-5.720	3.439	18.908
654	-5.720	3.439	19.155
655	-5.720	3.439	18.903
656	-5.720	3.439	19.159
664	-5.720	3.439	18.449
665	-5.720	3.439	19.410
573	-5.716	2.913	11.429
584	-5.716	2.913	11.431
608	-5.716	2.913	11.431
610	-5.716	2.913	11.430
612	-5.716	2.913	10.899
631	-5.716	2.913	11.381
632	-5.716	2.913	11.381
636	-5.716	2.913	15.123
638	-5.716	2.913	15.123
639	-5.716	2.913	11.379
640	-5.716	2.913	15.123
676	-5.716	2.912	15.123
677	-5.716	2.912	10.607
678	-5.716	2.912	10.604
679	-5.716	2.912	15.127
693	-5.716	2.912	15.115
544	-5.715	2.912	15.250
545	-5.715	2.912	15.253
546	-5.715	2.912	14.465
547	-5.715	2.912	11.268
723	-5.711	2.921	17.712
244	-5.685	2.914	1.962
245	-5.685	2.914	1.962
246	-5.685	2.914	22.325
101	-5.684	1.696	22.320
102	-5.684	1.696	7.060
103	-5.684	1.696	7.060
104	-5.684	1.696	7.061
728	-5.680	3.421	11.133
729	-5.680	3.421	11.357
756	-5.680	3.421	17.950
712	-5.680	3.421	18.869
726	-5.678	2.920	8.665
801	-5.678	2.920	17.949
802	-5.678	2.920	1.630
803	-5.678	2.920	17.949
828	-5.678	2.920	18.452
829	-5.678	2.920	1.630
67	-5.678	2.915	1.630
503	-5.676	2.916	11.272
504	-5.676	2.916	11.319
237	-5.672	2.917	18.061
238	-5.672	2.917	9.353
799	-5.672	3.476	18.934
727	-5.671	3.474	18.051
772	-5.671	3.474	18.856
300	-5.670	2.917	18.858
314	-5.670	2.917	18.061
316	-5.670	2.917	23.655
317	-5.670	2.917	23.655
333	-5.670	2.917	11.088
580	-5.669	2.864	9.348
611	-5.669	2.864	19.844
630	-5.669	2.864	19.846
890	-5.669	3.473	9.355
554	-5.668	2.864	19.768
572	-5.668	2.864	3.802
574	-5.668	2.864	2.240
585	-5.668	2.864	2.240
596	-5.668	2.864	3.008
597	-5.668	2.864	3.034
598	-5.668	2.864	2.231
599	-5.668	2.864	3.016
616	-5.668	2.864	3.015
681	-5.668	2.864	3.932
700	-5.668	2.864	4.724
701	-5.668	2.864	19.896
243	-5.667	1.701	2.694
376	-5.665	2.918	18.576
377	-5.665	2.918	2.433
367	-5.664	2.918	14.042
156	-5.664	2.918	14.039
198	-5.664	2.918	14.039
205	-5.664	2.918	14.043
372	-5.664	2.918	14.040
373	-5.664	2.918	14.040
116	-5.664	2.918	15.136
637	-5.662	2.866	19.089
761	-5.654	2.859	18.425
762	-5.654	2.859	22.999
768	-5.654	2.858	18.421
810	-5.654	2.859	18.820
705	-5.653	2.859	16.601
707	-5.653	2.859	15.286
708	-5.653	2.859	15.277
725	-5.653	2.859	15.341
731	-5.653	2.858	22.933
753	-5.653	2.859	16.840
777	-5.653	2.858	11.122
251	-5.648	2.864	0.087
313	-5.633	2.866	14.446
315	-5.633	2.866	2.342
321	-5.633	2.866	14.744
304	-5.633	2.866	10.013
37	-5.632	1.720	18.875
105	-5.632	1.720	18.887
259	-5.630	2.923	18.904
260	-5.630	2.923	18.908
261	-5.630	2.923	19.155
262	-5.630	2.923	18.903
263	-5.630	2.923	19.159
264	-5.630	2.923	18.449
265	-5.630	2.923	19.410
266	-5.630	2.923	11.408
2	-5.629	1.679	11.410
107	-5.628	2.867	11.409
195	-5.628	2.867	10.887
202	-5.628	2.867	11.361
443	-5.628	2.867	11.361
444	-5.628	2.867	15.105
446	-5.628	2.867	15.105
447	-5.628	2.867	11.359
462	-5.628	2.867	15.104
492	-5.620	1.717	14.446
498	-5.620	1.717	11.247
505	-5.620	1.717	17.691
510	-5.620	1.717	1.966
529	-5.620	1.717	1.967
289	-5.618	2.853	22.307
276	-5.617	2.853	22.302
278	-5.617	2.853	7.042
279	-5.617	2.853	7.042
280	-5.617	2.853	7.043
281	-5.617	2.853	10.685
282	-5.617	2.853	11.109
1402	-5.615	2.361	11.351
1403	-5.615	2.361	17.927
589	-5.615	2.722	18.850
232	-5.613	2.854	8.647
355	-5.613	2.854	17.926
356	-5.613	2.854	1.638
164	-5.613	2.854	17.926
165	-5.613	2.854	18.433
411	-5.612	2.854	1.639
420	-5.612	2.854	1.639
347	-5.610	1.646	11.264
1049	-5.609	2.382	11.309
360	-5.609	2.927	8.598
241	-5.609	2.720	11.252
242	-5.609	2.720	18.042
169	-5.607	2.310	9.352
284	-5.607	2.301	18.915
214	-5.606	2.310	11.233
365	-5.606	2.310	18.032
366	-5.606	2.310	18.837
391	-5.602	1.662	18.837
392	-5.602	1.662	11.069
371	-5.602	1.661	18.908
434	-5.602	1.661	18.839
441	-5.602	1.661	18.042
455	-5.602	1.661	23.636
720	-5.602	2.730	23.636
751	-5.602	2.730	11.082
752	-5.602	2.730	11.153
68	-5.602	2.721	9.347
324	-5.594	2.722	19.824
325	-5.594	2.722	19.826
326	-5.594	2.722	9.354
327	-5.594	2.722	18.761
328	-5.594	2.722	9.347
329	-5.594	2.722	9.348
341	-5.594	2.722	18.762
218	-5.588	2.723	3.792
155	-5.588	2.723	3.792
110	-5.587	2.723	19.748
111	-5.587	2.723	3.790
174	-5.587	2.723	2.241
220	-5.587	2.723	2.240
285	-5.586	1.667	2.997
286	-5.586	1.667	3.023
303	-5.584	1.666	2.232
277	-5.583	2.721	3.005
30	-5.582	2.298	3.004
42	-5.582	2.298	3.918
71	-5.582	2.298	4.710
94	-5.582	2.298	19.876
95	-5.582	2.298	4.725
368	-5.581	1.659	2.703
629	-5.467	2.589	19.068
635	-5.467	2.589	19.051
659	-5.467	2.589	14.024
660	-5.467	2.589	19.064
661	-5.467	2.589	19.065
764	-5.456	2.596	19.063
792	-5.456	2.596	18.402
793	-5.456	2.596	22.978
809	-5.398	2.184	18.800
680	-5.382	3.349	22.913
422	-5.365	2.226	15.503
429	-5.365	2.226	16.853
432	-5.364	2.226	18.569
433	-5.364	2.226	18.919
442	-5.364	2.226	18.883
493	-5.364	3.356	18.887
494	-5.364	3.356	19.134
507	-5.364	3.356	18.882
508	-5.364	3.356	19.138
519	-5.364	3.356	18.428
305	-5.357	2.220	19.391
825	-5.356	3.371	11.386
340	-5.355	3.356	11.388
299	-5.354	3.356	11.388
274	-5.354	3.356	11.387
298	-5.354	3.356	10.873
386	-5.354	3.357	11.341
387	-5.354	3.357	11.341
388	-5.354	3.357	15.085
389	-5.354	3.357	15.085
390	-5.354	3.357	11.339
400	-5.354	3.357	15.085
401	-5.354	3.357	15.084
436	-5.353	3.357	10.560
440	-5.353	3.357	10.557
454	-5.353	3.357	15.089
296	-5.338	2.092	8.579
797	-5.329	3.385	11.243
767	-5.328	3.384	18.023
769	-5.328	3.384	9.349
806	-5.328	3.384	18.896
742	-5.327	3.384	11.224
724	-5.327	3.384	18.013
736	-5.327	3.384	18.817
737	-5.327	3.384	18.817
749	-5.326	3.383	11.061
946	-5.326	3.384	18.889
947	-5.326	3.384	18.819
959	-5.326	3.384	18.023
875	-5.324	3.381	23.616
883	-5.324	3.382	23.615
268	-5.320	2.101	11.074
29	-5.314	2.101	9.344
543	-5.297	2.114	9.344
521	-5.297	2.114	9.344
527	-5.297	2.114	18.742
509	-5.292	2.209	3.779
421	-5.289	2.221	3.779
402	-5.267	3.234	18.186
343	-5.267	3.410	18.532
292	-5.266	3.410	2.424
293	-5.266	3.410	13.999
364	-5.264	3.412	13.996
412	-5.264	3.412	13.997
311	-5.264	2.115	15.091
322	-5.264	2.116	19.046
323	-5.264	2.116	19.029
272	-5.264	2.116	14.002
273	-5.264	2.116	19.042
403	-5.262	2.117	19.043
404	-5.262	2.117	22.872
425	-5.262	2.116	19.041
194	-5.262	2.116	15.092
438	-5.262	2.117	19.038
778	-5.234	3.299	22.957
487	-5.228	2.199	18.376
470	-5.211	3.313	11.094
168	-5.187	3.927	17.370
478	-5.183	3.333	17.369
352	-5.175	3.327	13.771
469	-5.170	2.261	0.026
471	-5.170	2.261	2.499
734	-5.114	3.194	2.327
763	-5.114	3.194	14.699
773	-5.114	3.194	9.996
774	-5.114	3.194	18.832
775	-5.114	3.194	18.843
794	-5.114	3.194	17.208
805	-5.114	3.194	18.049
850	-5.113	3.194	18.072
