1630	-8.066	0.000	0.000
1508	-8.065	0.001	0.000
1512	-8.055	0.024	0.000
1639	-8.045	0.014	0.000
1644	-8.045	0.013	0.000
1645	-8.045	0.013	0.000
1647	-8.045	0.013	0.000
1648	-8.045	0.013	0.000
1649	-8.045	0.013	0.000
1428	-8.042	0.016	0.000
1519	-8.041	0.016	0.000
1521	-8.041	0.016	0.000
1522	-8.041	0.016	0.000
1523	-8.041	0.016	0.000
1524	-8.041	0.016	0.000
1526	-8.041	0.016	0.000
1535	-8.041	0.016	0.000
1537	-8.041	0.016	0.000
1541	-8.041	0.016	0.000
1544	-8.041	0.016	0.000
1545	-8.041	0.016	0.000
1546	-8.041	0.016	0.000
1553	-8.041	0.016	0.000
1554	-8.041	0.016	0.000
1559	-8.041	0.016	0.000
1568	-8.041	0.016	0.000
1569	-8.041	0.016	0.000
1570	-8.041	0.016	0.000
1572	-8.041	0.016	0.000
1573	-8.041	0.016	0.000
1582	-8.041	0.016	0.000
1583	-8.041	0.016	0.000
1584	-8.041	0.016	0.000
1588	-8.041	0.016	0.000
1589	-8.041	0.016	0.000
1600	-8.041	0.016	0.000
1601	-8.041	0.016	0.000
1602	-8.041	0.016	0.000
1603	-8.041	0.016	0.000
1607	-8.041	0.016	0.000
1609	-8.041	0.016	0.000
1614	-8.041	0.016	0.000
1615	-8.041	0.016	0.000
1617	-8.041	0.016	0.000
1632	-8.041	0.016	0.000
1634	-8.041	0.016	0.000
1638	-8.041	0.016	0.000
1440	-8.040	0.016	0.000
1441	-8.040	0.016	0.000
1449	-8.040	0.017	0.000
1450	-8.040	0.016	0.000
1451	-8.040	0.016	0.000
1458	-8.040	0.016	0.000
1462	-8.040	0.016	0.000
1463	-8.040	0.016	0.000
1466	-8.040	0.016	0.000
1467	-8.040	0.016	0.000
1468	-8.040	0.016	0.000
1474	-8.040	0.017	0.000
1479	-8.040	0.017	0.000
1480	-8.040	0.016	0.000
1492	-8.040	0.016	0.000
1493	-8.040	0.016	0.000
1494	-8.040	0.016	0.000
1505	-8.040	0.016	0.000
1506	-8.040	0.016	0.000
1511	-8.040	0.017	0.000
1642	-8.034	0.024	0.000
1643	-8.034	0.024	0.000
1426	-8.032	0.028	0.000
1560	-8.030	0.027	0.000
1590	-8.030	0.027	0.000
1626	-8.030	0.027	0.000
1627	-8.030	0.027	0.000
1628	-8.030	0.027	0.000
1636	-8.030	0.027	0.000
1637	-8.030	0.027	0.000
1430	-8.029	0.029	0.000
1433	-8.029	0.029	0.000
1436	-8.029	0.029	0.000
1438	-8.029	0.029	0.000
1457	-8.029	0.029	0.000
1465	-8.029	0.029	0.000
1475	-8.029	0.029	0.000
1483	-8.029	0.029	0.000
1488	-8.029	0.029	0.000
1489	-8.029	0.029	0.000
1490	-8.029	0.029	0.000
1510	-8.029	0.029	0.000
1657	-8.027	0.007	0.000
1651	-8.026	0.030	0.000
1641	-8.026	0.030	0.000
1650	-8.026	0.030	0.000
1658	-8.026	0.030	0.000
1660	-8.026	0.030	0.000
1514	-8.023	0.032	0.000
1516	-8.023	0.032	0.000
1517	-8.023	0.032	0.000
1518	-8.023	0.032	0.000
1527	-8.023	0.032	0.000
1528	-8.023	0.032	0.000
1530	-8.023	0.032	0.000
1547	-8.023	0.032	0.000
1548	-8.023	0.032	0.000
1549	-8.023	0.033	0.000
1550	-8.023	0.032	0.000
1551	-8.023	0.032	0.000
1556	-8.023	0.032	0.000
1566	-8.023	0.032	0.000
1571	-8.023	0.032	0.000
1579	-8.023	0.032	0.000
1585	-8.023	0.032	0.000
1586	-8.023	0.032	0.000
1587	-8.023	0.032	0.000
1591	-8.023	0.032	0.000
1592	-8.023	0.032	0.000
1597	-8.023	0.032	0.000
1620	-8.023	0.032	0.000
1624	-8.023	0.032	0.000
1513	-8.023	0.011	0.000
1525	-8.023	0.011	0.000
1531	-8.023	0.011	0.000
1532	-8.023	0.011	0.000
1533	-8.023	0.011	0.000
1534	-8.023	0.011	0.000
1536	-8.023	0.011	0.000
1539	-8.023	0.011	0.000
1542	-8.023	0.011	0.000
1543	-8.023	0.011	0.000
1563	-8.023	0.011	0.000
1574	-8.023	0.011	0.000
1575	-8.023	0.011	0.000
1576	-8.023	0.011	0.000
1580	-8.023	0.011	0.000
1595	-8.023	0.011	0.000
1596	-8.023	0.011	0.000
1599	-8.023	0.011	0.000
1612	-8.023	0.011	0.000
1621	-8.023	0.011	0.000
1629	-8.023	0.011	0.000
1631	-8.023	0.011	0.000
1435	-8.023	0.011	0.000
1444	-8.023	0.012	0.000
1477	-8.023	0.011	0.000
1478	-8.023	0.011	0.000
1429	-8.022	0.034	0.000
1445	-8.022	0.034	0.000
1454	-8.022	0.034	0.000
1459	-8.022	0.034	0.000
1460	-8.022	0.034	0.000
1461	-8.022	0.034	0.000
1464	-8.022	0.034	0.000
1469	-8.022	0.034	0.000
1470	-8.022	0.034	0.000
1471	-8.022	0.034	0.000
1472	-8.022	0.034	0.000
1473	-8.022	0.034	0.000
1481	-8.022	0.034	0.000
1482	-8.022	0.034	0.000
1484	-8.022	0.034	0.000
1485	-8.022	0.034	0.000
1498	-8.022	0.034	0.000
1499	-8.022	0.034	0.000
1500	-8.022	0.033	0.000
1501	-8.022	0.034	0.000
1503	-8.022	0.034	0.000
1504	-8.022	0.034	0.000
1507	-8.022	0.034	0.000
1509	-8.022	0.034	0.000
1427	-8.015	0.022	0.000
1529	-8.012	0.022	0.000
1431	-8.012	0.023	0.000
1432	-8.012	0.023	0.000
1434	-8.012	0.023	0.000
1437	-8.012	0.023	0.000
1439	-8.012	0.023	0.000
1442	-8.012	0.023	0.000
1443	-8.012	0.023	0.000
1446	-8.012	0.023	0.000
1447	-8.012	0.023	0.000
1448	-8.012	0.023	0.000
1452	-8.012	0.023	0.000
1453	-8.012	0.023	0.000
1455	-8.012	0.023	0.000
1456	-8.012	0.023	0.000
1476	-8.012	0.023	0.000
1486	-8.012	0.023	0.000
1487	-8.012	0.023	4.846
1491	-8.012	0.023	4.872
1495	-8.012	0.023	2.001
1496	-8.012	0.023	3.618
1497	-8.012	0.023	5.284
1502	-8.012	0.023	6.079
1646	-8.009	0.024	5.686
1652	-8.009	0.024	5.682
1653	-8.009	0.024	5.871
1654	-8.009	0.024	5.681
1655	-8.009	0.024	5.857
1659	-8.009	0.024	5.262
1540	-8.005	0.027	7.556
1552	-8.005	0.027	10.993
1555	-8.005	0.027	10.990
1557	-8.005	0.027	10.990
1558	-8.005	0.027	10.991
1561	-8.005	0.027	18.974
1562	-8.005	0.027	10.801
1567	-8.005	0.027	10.801
1577	-8.005	0.027	7.338
1578	-8.005	0.027	7.338
1581	-8.005	0.027	10.803
1593	-8.005	0.027	7.338
1594	-8.005	0.027	7.338
1598	-8.005	0.027	12.071
1604	-8.005	0.027	12.079
1605	-8.005	0.027	7.335
1606	-8.005	0.027	7.343
1608	-8.005	0.027	7.197
1610	-8.005	0.027	7.194
1611	-8.005	0.027	7.804
1618	-8.005	0.027	11.108
1619	-8.005	0.027	5.611
1623	-8.005	0.027	21.630
1625	-8.005	0.027	21.631
1633	-8.005	0.027	4.609
1635	-8.005	0.027	4.607
1421	-7.895	0.028	6.187
1422	-7.895	0.028	6.132
1423	-7.895	0.028	7.008
1424	-7.895	0.028	7.015
1425	-7.895	0.028	6.965
1520	-7.502	2.364	19.200
1538	-7.502	2.364	18.492
1564	-7.502	2.363	19.448
1565	-7.502	2.363	11.472
1622	-7.490	2.364	11.475
1656	-7.490	2.364	11.475
1775	-7.486	0.132	11.473
1776	-7.486	0.132	10.932
1616	-7.483	2.365	11.419
1640	-6.385	2.756	17.997
1515	-6.384	2.758	18.906
1613	-6.384	2.758	8.701
