487	-5.138	0.000	17.345
581	-5.138	0.001	17.345
631	-5.037	0.075	6.053
488	-4.969	1.956	6.053
489	-4.969	1.956	6.053
677	-4.968	1.956	6.053
573	-4.962	1.952	6.053
594	-4.961	1.364	6.053
447	-4.961	1.364	6.053
464	-4.961	1.955	6.739
511	-4.950	1.952	6.739
434	-4.940	1.358	6.739
430	-4.939	1.358	6.739
372	-4.939	1.364	6.743
397	-4.933	1.952	6.737
477	-4.932	1.357	18.819
571	-4.925	1.353	6.468
497	-4.924	1.353	0.476
472	-4.916	0.115	10.193
383	-4.911	1.357	21.713
462	-4.839	0.177	12.103
636	-4.761	0.556	1.606
393	-4.712	1.351	12.109
450	-4.705	1.325	0.909
426	-4.702	1.346	0.953
392	-4.689	1.945	5.086
445	-4.613	1.006	1.185
428	-4.603	1.023	1.770
559	-4.481	2.472	4.952
651	-4.467	1.820	4.952
656	-4.176	3.734	2.910
659	-4.176	3.733	3.461
