1394	-6.527	0.000	6.053
1401	-6.354	0.048	21.713
416	-6.343	0.049	21.713
423	-6.320	0.063	21.564
583	-6.316	0.064	12.137
1380	-5.960	0.923	5.085
1385	-5.217	3.877	0.002
1406	-5.217	3.876	0.167
1381	-5.217	3.877	0.059
1347	-5.216	3.877	0.013
1386	-5.214	3.878	0.013
1336	-5.213	3.878	0.024
1392	-5.196	3.881	17.332
1319	-5.192	3.881	17.343
1351	-5.016	2.658	6.053
1359	-4.783	2.702	12.150
1352	-4.780	2.701	12.150
1355	-4.780	2.701	12.150
1340	-4.721	2.750	12.109
1310	-4.234	2.405	2.902
499	-4.101	2.834	2.856
536	-4.068	2.850	2.855
490	-3.868	2.879	4.954
1420	-3.864	2.680	2.908
1361	-3.794	2.877	2.845
1362	-3.794	2.877	2.710
1368	-3.794	2.878	1.667
476	-3.785	2.014	2.711
1326	-3.782	2.876	2.302
1333	-3.782	2.876	5.412
1334	-3.782	2.876	2.581
1337	-3.782	2.876	6.356
1350	-3.782	2.876	6.355
1312	-3.781	2.877	6.355
676	-3.779	2.014	3.343
427	-3.774	2.889	3.344
417	-3.770	2.890	6.355
424	-3.770	2.889	6.355
437	-3.753	2.009	6.355
433	-3.751	2.008	3.370
671	-3.740	2.009	4.778
661	-3.736	2.009	5.034
1316	-3.546	3.360	6.923
1384	-3.400	2.913	6.924
1338	-3.390	2.912	5.733
1354	-3.390	2.912	3.185
1311	-3.389	2.913	6.309
