1211	-11.999	0.000	2.230
1221	-11.996	0.001	3.343
1228	-11.991	0.001	3.345
1245	-11.980	0.357	6.356
1259	-11.956	0.357	6.356
1197	-11.891	0.357	3.369
1198	-11.891	0.357	2.213
1199	-11.891	0.357	5.035
1223	-11.889	0.357	3.398
1193	-11.882	0.357	2.110
1194	-11.882	0.357	6.928
1195	-11.882	0.357	3.916
1305	-11.272	0.088	17.345
1170	-11.217	0.086	17.341
1233	-11.213	0.081	17.341
1234	-11.213	0.081	17.346
1235	-11.213	0.081	17.346
1262	-11.205	0.084	17.343
1265	-11.205	0.084	17.344
1222	-11.146	0.090	6.059
1240	-11.145	0.090	6.060
1229	-11.139	0.090	6.060
1171	-11.120	0.092	6.060
1279	-11.109	0.158	6.054
1255	-11.065	0.380	6.053
1218	-11.062	0.146	6.055
1263	-11.062	0.380	17.340
1268	-11.059	0.154	6.053
1254	-11.045	0.150	6.739
1231	-10.985	0.160	21.713
1251	-10.907	1.679	21.564
1252	-10.907	1.678	0.615
1206	-10.875	1.680	12.166
1207	-10.875	1.680	1.120
1208	-10.875	1.680	0.676
1213	-10.875	1.680	12.150
1244	-10.869	1.680	12.109
1239	-10.869	1.680	0.904
1266	-10.867	1.704	0.939
1230	-10.867	1.680	0.974
1249	-10.863	1.704	5.084
1214	-10.840	1.706	5.084
1215	-10.840	1.706	5.085
1178	-10.809	1.706	3.358
1241	-10.747	1.695	2.858
1226	-10.746	1.695	4.437
1189	-10.719	1.695	2.230
1216	-10.649	1.825	0.167
1269	-8.794	3.326	6.058
1270	-8.794	3.326	6.060
1261	-8.785	3.327	6.060
1184	-8.745	3.327	6.060
1186	-8.745	3.327	6.052
1190	-8.745	3.327	6.052
1187	-8.589	3.760	6.053
1296	-7.873	3.089	6.053
1280	-7.847	3.085	6.739
1272	-7.847	3.085	6.739
1253	-7.778	3.081	6.696
1232	-7.775	3.080	21.713
1173	-7.774	3.080	21.713
1188	-7.774	3.080	21.713
1257	-7.729	3.081	1.606
1246	-7.728	3.081	12.109
1247	-7.728	3.081	12.109
1267	-7.728	3.081	12.108
1236	-7.725	3.079	5.084
1237	-7.725	3.079	5.084
1181	-7.724	3.079	5.084
1183	-7.724	3.079	5.084
1177	-6.646	3.509	6.053
1180	-6.646	3.510	6.053
1182	-6.646	3.509	6.053
1284	-6.616	3.468	6.053
1289	-6.568	3.449	6.055
1293	-6.567	3.449	6.052
1179	-5.828	1.831	6.355
