681	-11.289	0.000	17.343
626	-11.096	0.012	6.053
628	-11.096	0.012	6.053
545	-10.998	0.019	0.488
432	-10.982	0.017	21.713
401	-10.938	0.023	0.580
516	-10.917	0.015	21.564
521	-10.917	0.015	21.564
211	-10.823	0.065	5.086
222	-10.823	0.065	5.086
225	-10.823	0.065	5.085
226	-10.823	0.065	5.086
276	-10.816	0.066	5.442
274	-10.815	0.066	5.428
306	-10.814	0.065	4.931
259	-10.813	0.067	1.770
312	-10.813	0.065	2.676
345	-10.813	0.064	4.957
126	-10.812	0.065	4.952
152	-10.811	0.064	4.952
153	-10.811	0.064	4.950
239	-10.767	0.053	4.951
78	-10.746	0.044	2.851
104	-10.743	0.043	2.858
234	-10.737	0.055	2.846
350	-10.737	0.052	2.315
310	-10.737	0.053	2.711
556	-10.735	0.077	2.714
162	-10.734	0.052	2.303
281	-10.670	0.052	3.369
282	-10.670	0.052	2.108
290	-10.670	0.052	6.307
279	-10.669	0.052	3.398
168	-10.669	0.051	2.109
231	-10.668	0.051	6.928
232	-10.668	0.051	5.723
285	-10.667	0.052	6.309
293	-10.667	0.052	6.382
322	-10.667	0.050	6.383
336	-10.667	0.050	6.352
338	-10.667	0.050	6.361
328	-10.666	0.050	0.042
329	-10.666	0.050	0.039
170	-10.666	0.051	0.038
121	-10.664	0.050	0.038
346	-10.652	0.066	0.001
201	-10.619	0.034	17.340
189	-10.476	0.024	17.343
502	-10.003	1.331	10.189
519	-9.943	1.316	21.713
348	-9.795	1.338	21.564
630	-9.650	1.349	0.904
419	-9.270	1.269	6.356
139	-8.751	1.269	6.060
400	-5.481	1.542	0.040
641	-5.132	1.567	17.341
566	-5.100	1.585	17.344
286	-5.096	1.572	17.344
127	-5.095	1.571	17.344
349	-5.095	1.571	6.058
470	-4.983	2.023	6.052
415	-4.282	3.961	2.903
1419	-3.848	3.973	4.424
