1059	-17.787	0.000	0.000
1068	-17.662	0.005	0.000
1165	-17.582	0.025	0.000
1028	-17.502	0.011	0.000
1018	-17.501	0.011	0.000
1036	-17.501	0.011	0.000
1153	-17.445	0.024	0.000
1154	-17.445	0.024	0.000
1090	-17.444	0.030	0.000
1096	-17.443	0.030	0.000
964	-17.441	0.012	0.000
961	-17.438	0.012	0.000
1139	-17.437	0.030	0.000
950	-17.433	0.012	0.000
992	-17.432	0.030	0.000
1077	-17.431	0.030	0.000
1127	-17.427	0.030	0.000
1128	-17.427	0.030	0.000
1125	-17.423	0.013	0.000
973	-17.419	0.013	0.000
974	-17.419	0.013	0.000
975	-17.419	0.013	0.000
1162	-17.416	0.013	0.000
957	-17.374	0.030	0.000
965	-17.369	0.030	0.000
1120	-17.368	0.010	0.000
1099	-17.368	0.025	0.000
1151	-17.366	0.019	0.000
1063	-17.358	0.028	0.000
719	-17.352	0.012	0.000
1057	-17.320	0.033	0.000
1010	-16.934	0.708	0.000
1013	-16.672	0.716	0.000
959	-16.558	0.714	0.000
1098	-16.557	0.721	0.000
1009	-16.550	2.087	0.000
951	-16.544	0.718	0.000
1159	-16.536	0.715	0.000
1042	-16.534	0.719	0.000
991	-16.533	0.719	0.000
1003	-16.478	0.786	0.000
880	-16.326	2.093	0.000
1032	-16.202	2.093	0.000
1023	-16.202	2.093	0.000
1024	-16.202	2.093	0.000
1082	-16.187	0.786	0.000
953	-16.170	2.091	0.000
956	-16.170	2.091	0.000
954	-16.158	2.093	0.000
948	-16.153	2.092	0.000
949	-16.153	2.093	0.000
1133	-16.153	2.091	0.000
979	-16.146	2.090	0.000
988	-16.146	2.090	0.000
1112	-16.135	2.092	0.000
996	-16.135	2.092	17.345
977	-16.134	2.092	17.345
981	-16.134	2.092	17.345
989	-16.134	2.092	17.341
990	-16.134	2.092	17.341
1041	-16.134	2.092	17.346
984	-16.101	0.787	17.344
987	-16.101	0.787	17.344
1000	-16.097	0.787	17.341
778	-16.066	2.093	17.344
813	-16.066	2.093	6.059
825	-16.066	2.093	6.060
883	-16.066	2.093	6.060
1105	-16.057	2.092	6.060
1106	-16.057	2.092	6.060
1017	-16.016	2.080	6.060
1037	-15.988	2.080	6.052
1043	-15.935	2.079	6.052
1044	-15.935	2.079	6.054
1047	-15.921	2.079	6.052
1156	-15.915	2.081	6.053
1149	-15.868	2.080	6.053
1108	-15.867	2.078	6.053
1016	-14.622	1.547	6.053
438	-14.562	1.546	0.046
966	-14.557	1.547	6.739
958	-14.556	1.547	6.739
1097	-14.553	1.546	6.739
245	-13.379	3.867	6.060
271	-13.379	3.867	6.060
272	-13.379	3.867	6.060
283	-13.379	3.867	6.060
324	-13.370	3.867	6.052
330	-13.370	3.867	6.052
333	-13.370	3.867	6.054
178	-13.370	3.867	6.052
302	-13.369	3.867	6.053
304	-13.369	3.867	6.053
315	-13.369	3.867	6.053
321	-13.369	3.867	6.053
167	-13.368	3.866	6.053
1034	-13.316	1.952	6.053
1015	-13.298	1.952	6.053
187	-13.243	3.863	6.053
1140	-13.243	1.952	0.046
980	-13.234	1.952	6.739
1157	-13.232	1.952	6.739
985	-13.231	1.952	6.739
986	-13.231	1.952	6.739
1046	-13.227	1.952	6.743
342	-13.065	3.841	10.195
1022	-12.973	1.883	21.713
963	-12.857	1.886	21.564
960	-12.855	1.886	21.564
1031	-12.551	2.100	5.084
967	-12.521	2.007	5.429
955	-12.521	2.008	1.772
952	-12.510	2.008	1.770
976	-12.503	2.008	4.956
982	-12.503	2.008	4.952
1132	-12.499	2.008	4.952
1054	-12.496	2.008	2.316
158	-10.810	2.757	2.311
323	-10.809	2.756	3.428
215	-10.809	2.755	3.426
224	-10.809	2.755	3.426
204	-10.734	2.739	5.414
180	-10.732	2.739	5.409
1040	-10.612	2.753	17.343
147	-10.525	2.728	17.343
541	-5.049	2.611	0.059
471	-5.046	2.610	6.052
431	-5.044	2.651	6.053
389	-4.995	2.645	6.053
1145	-4.890	2.566	21.564
1147	-4.875	2.568	21.564
1152	-4.869	2.566	21.564
1161	-4.867	2.560	21.564
1110	-4.809	2.633	12.147
