1395	-5.978	0.000	1.613
1396	-5.978	0.000	1.613
1397	-5.978	0.000	1.613
1398	-5.978	0.000	1.613
1399	-5.978	0.000	1.100
1400	-5.978	0.000	0.458
1401	-5.978	0.000	1.621
1402	-5.978	0.000	0.526
1403	-5.978	0.000	1.631
1404	-5.978	0.000	11.575
1405	-5.978	0.000	6.787
1406	-5.978	0.000	0.584
1407	-5.978	0.000	6.496
1408	-5.978	0.000	1.642
1409	-5.978	0.000	6.530
1410	-5.978	0.000	10.009
1411	-5.978	0.001	7.311
1412	-5.978	0.000	6.494
1413	-5.978	0.000	11.997
1414	-5.978	0.000	11.998
1415	-5.978	0.000	14.203
1416	-5.978	0.000	14.154
1417	-5.978	0.000	12.580
1418	-5.978	0.000	7.798
1419	-5.978	0.000	14.253
1420	-5.978	0.000	14.262
1421	-5.978	0.000	10.564
1422	-5.978	0.000	12.479
1423	-5.978	0.000	10.566
1424	-5.978	0.000	10.147
1425	-5.978	0.000	14.568
1426	-5.978	0.000	5.604
1427	-5.978	0.000	4.057
1428	-5.978	0.000	6.350
1429	-5.978	0.000	14.600
1430	-5.978	0.000	6.344
1431	-5.978	0.000	4.052
1432	-5.978	0.000	4.051
1433	-5.978	0.000	9.724
1434	-5.978	0.000	1.750
1435	-5.978	0.000	7.413
1436	-5.978	0.000	7.413
1437	-5.978	0.000	7.414
1438	-5.978	0.000	7.414
1439	-5.978	0.001	4.379
1440	-5.978	0.000	10.493
1441	-5.978	0.000	8.404
1442	-5.978	0.000	10.394
1443	-5.978	0.000	10.577
1444	-5.978	0.000	7.080
1445	-5.978	0.000	6.041
1446	-5.978	0.000	7.073
1447	-5.978	0.000	6.031
1448	-5.978	0.000	6.031
1449	-5.978	0.000	6.020
1450	-5.978	0.000	6.434
1451	-5.978	0.000	4.091
1452	-5.978	0.000	4.177
1490	-5.977	0.001	2.568
1491	-5.977	0.001	10.683
1492	-5.977	0.001	2.566
1527	-5.977	0.001	2.569
1528	-5.977	0.001	16.161
1529	-5.977	0.001	2.574
1530	-5.977	0.001	7.087
1531	-5.977	0.001	7.742
1532	-5.977	0.001	7.070
1533	-5.977	0.001	9.488
1534	-5.977	0.001	6.970
1535	-5.977	0.001	4.247
1536	-5.977	0.001	4.251
1537	-5.977	0.001	4.925
1538	-5.977	0.001	6.786
1539	-5.977	0.001	15.733
1540	-5.977	0.001	2.961
1541	-5.977	0.001	10.735
1542	-5.977	0.001	6.678
1546	-5.977	0.001	2.987
1547	-5.977	0.001	12.603
1610	-5.977	0.001	12.602
1611	-5.977	0.001	2.278
1612	-5.977	0.001	2.159
1613	-5.977	0.001	5.698
1614	-5.977	0.001	5.788
1615	-5.977	0.001	7.423
1616	-5.977	0.001	3.853
1617	-5.977	0.001	7.339
1618	-5.977	0.001	7.329
1619	-5.977	0.001	3.822
1620	-5.977	0.001	3.523
1621	-5.977	0.001	5.574
1622	-5.977	0.001	4.918
1623	-5.977	0.001	7.958
1624	-5.977	0.001	9.800
1625	-5.977	0.001	2.569
1626	-5.977	0.001	6.648
1627	-5.977	0.001	9.095
1628	-5.977	0.001	6.929
1629	-5.977	0.001	8.012
1630	-5.977	0.001	6.295
1631	-5.977	0.001	6.295
1632	-5.977	0.001	6.295
1633	-5.977	0.001	6.304
1634	-5.977	0.001	6.304
1635	-5.977	0.001	6.304
1636	-5.977	0.001	6.393
1637	-5.977	0.001	8.306
1638	-5.977	0.001	8.306
1639	-5.977	0.001	8.306
1582	-5.975	0.002	8.306
1583	-5.975	0.002	6.392
1453	-5.969	0.005	8.072
1454	-5.969	0.005	8.072
1455	-5.969	0.005	6.393
1456	-5.969	0.005	6.383
1457	-5.969	0.005	6.383
1458	-5.969	0.005	7.283
1459	-5.969	0.005	6.397
1460	-5.969	0.005	6.398
1461	-5.969	0.005	6.397
1462	-5.969	0.005	6.350
1463	-5.969	0.005	6.473
1464	-5.969	0.005	6.626
1465	-5.969	0.005	6.627
1466	-5.969	0.005	6.622
1467	-5.969	0.005	8.820
1468	-5.969	0.005	6.484
1469	-5.969	0.005	0.001
1470	-5.969	0.005	9.410
1471	-5.969	0.005	0.013
1472	-5.969	0.005	1.610
1473	-5.969	0.005	1.610
1474	-5.969	0.005	1.610
1475	-5.969	0.005	1.587
1476	-5.969	0.005	1.616
1477	-5.969	0.005	9.933
1478	-5.969	0.005	0.515
1479	-5.969	0.005	1.597
1480	-5.969	0.005	1.109
1481	-5.969	0.005	6.783
1482	-5.969	0.005	0.576
1483	-5.969	0.005	8.749
1484	-5.969	0.005	1.636
1485	-5.969	0.005	0.626
1486	-5.969	0.005	11.057
1487	-5.969	0.005	7.303
1488	-5.969	0.005	6.498
1489	-5.969	0.005	7.299
1493	-5.969	0.005	11.999
1494	-5.969	0.005	7.299
1495	-5.969	0.005	14.158
1496	-5.969	0.005	12.579
1497	-5.969	0.005	1.589
1498	-5.969	0.005	12.469
1499	-5.969	0.005	14.266
1500	-5.969	0.005	10.561
1501	-5.969	0.005	1.209
1502	-5.969	0.005	10.563
1503	-5.969	0.005	10.148
1504	-5.969	0.005	14.573
1505	-5.969	0.005	14.573
1506	-5.969	0.005	4.046
1507	-5.969	0.005	6.346
1508	-5.969	0.005	14.604
1509	-5.969	0.005	4.056
1510	-5.969	0.005	1.604
1511	-5.969	0.005	4.038
1512	-5.969	0.005	13.575
1513	-5.969	0.005	9.027
1514	-5.969	0.005	7.403
1515	-5.969	0.005	7.403
1516	-5.969	0.005	7.403
1517	-5.969	0.005	7.403
1518	-5.969	0.005	7.401
1519	-5.969	0.005	4.382
1520	-5.969	0.005	10.503
1521	-5.969	0.005	7.138
1522	-5.969	0.005	10.403
1523	-5.969	0.005	7.103
1524	-5.969	0.005	7.068
1525	-5.969	0.005	6.029
1526	-5.969	0.005	2.276
1543	-5.969	0.005	6.020
1544	-5.969	0.005	6.020
1545	-5.969	0.005	6.436
1548	-5.969	0.005	15.419
1549	-5.969	0.005	2.305
1550	-5.969	0.005	2.576
1551	-5.969	0.005	2.575
1552	-5.969	0.005	2.574
1553	-5.969	0.005	2.578
1554	-5.969	0.005	2.580
1555	-5.969	0.005	4.382
1556	-5.969	0.005	2.581
1557	-5.969	0.005	7.748
1558	-5.969	0.005	2.590
1559	-5.969	0.005	7.183
1560	-5.969	0.005	6.862
1561	-5.969	0.005	4.250
1562	-5.969	0.005	4.252
1563	-5.969	0.005	4.929
1564	-5.969	0.005	6.792
1565	-5.969	0.005	5.627
1566	-5.969	0.005	10.729
1567	-5.969	0.005	10.738
1568	-5.969	0.005	4.404
1569	-5.969	0.005	2.998
1570	-5.969	0.005	2.161
1571	-5.969	0.005	2.163
1572	-5.969	0.005	2.274
1573	-5.969	0.005	5.692
1574	-5.969	0.005	5.691
1575	-5.969	0.005	12.175
1576	-5.969	0.005	7.420
1577	-5.969	0.005	9.729
1578	-5.969	0.005	8.640
1579	-5.969	0.005	7.328
1580	-5.969	0.005	7.952
1581	-5.969	0.005	5.178
1584	-5.969	0.005	5.540
1585	-5.969	0.005	7.625
1586	-5.969	0.005	4.893
1587	-5.969	0.005	9.803
1588	-5.969	0.005	6.013
1589	-5.969	0.005	5.389
1590	-5.969	0.005	9.092
1591	-5.969	0.005	6.936
1592	-5.969	0.005	5.457
1593	-5.969	0.005	6.295
1594	-5.969	0.005	6.296
1595	-5.969	0.005	6.295
1596	-5.969	0.005	6.304
1597	-5.969	0.005	6.304
1598	-5.969	0.005	6.304
1599	-5.969	0.005	8.079
1600	-5.969	0.005	8.306
1601	-5.969	0.005	8.306
1602	-5.969	0.005	8.306
1603	-5.969	0.005	6.393
1604	-5.969	0.005	6.393
1605	-5.969	0.005	8.072
1606	-5.969	0.005	8.072
1607	-5.969	0.005	6.393
1608	-5.969	0.005	6.397
1609	-5.969	0.005	6.382
