848	-4.484	0.000	18.795
1026	-4.484	0.001	7.626
963	-4.461	0.012	13.196
964	-4.461	0.012	13.097
965	-4.461	0.012	13.903
966	-4.461	0.012	13.903
967	-4.461	0.012	13.903
968	-4.461	0.012	13.904
969	-4.461	0.012	13.095
970	-4.461	0.012	13.715
971	-4.461	0.012	13.715
972	-4.461	0.012	13.094
973	-4.461	0.012	13.079
974	-4.461	0.012	13.077
975	-4.461	0.012	14.903
976	-4.461	0.012	9.950
977	-4.461	0.012	9.950
978	-4.461	0.012	9.949
979	-4.461	0.012	9.871
980	-4.461	0.012	10.230
981	-4.461	0.012	11.438
982	-4.461	0.012	11.439
983	-4.461	0.013	11.423
984	-4.461	0.012	14.377
272	-4.459	0.013	9.109
273	-4.459	0.013	8.702
274	-4.459	0.013	8.702
275	-4.459	0.013	8.702
276	-4.459	0.013	8.730
277	-4.459	0.013	8.700
278	-4.459	0.013	1.361
279	-4.459	0.013	9.097
280	-4.459	0.013	8.726
281	-4.459	0.013	8.877
282	-4.459	0.013	7.285
283	-4.459	0.013	9.100
284	-4.459	0.013	3.924
285	-4.459	0.013	8.689
286	-4.459	0.013	9.109
287	-4.459	0.013	11.916
288	-4.459	0.013	6.688
289	-4.459	0.013	11.033
449	-4.459	0.013	6.689
450	-4.459	0.013	17.896
451	-4.459	0.013	6.674
452	-4.459	0.013	20.243
453	-4.459	0.013	18.503
458	-4.459	0.013	8.808
459	-4.459	0.013	18.256
460	-4.459	0.013	20.348
461	-4.459	0.013	17.773
462	-4.459	0.013	9.442
463	-4.459	0.013	17.774
464	-4.459	0.013	6.839
465	-4.459	0.013	20.774
466	-4.459	0.013	20.774
467	-4.459	0.013	5.803
468	-4.459	0.013	7.946
469	-4.459	0.013	20.809
470	-4.459	0.013	5.794
471	-4.459	0.013	8.942
472	-4.459	0.013	5.817
473	-4.459	0.013	19.774
474	-4.459	0.013	1.204
476	-4.459	0.013	7.032
477	-4.459	0.013	7.033
478	-4.459	0.013	7.034
651	-4.459	0.013	7.033
652	-4.459	0.013	7.033
653	-4.459	0.013	5.349
654	-4.459	0.013	10.291
655	-4.459	0.013	14.614
656	-4.459	0.013	10.411
657	-4.459	0.013	6.620
658	-4.459	0.013	6.628
659	-4.459	0.013	7.266
660	-4.459	0.013	9.050
661	-4.459	0.013	7.265
662	-4.459	0.013	7.263
663	-4.459	0.013	14.035
664	-4.459	0.013	21.562
665	-4.459	0.013	9.029
666	-4.459	0.013	8.434
667	-4.459	0.013	8.433
668	-4.459	0.013	8.421
669	-4.459	0.013	8.460
670	-4.459	0.013	8.405
671	-4.459	0.013	11.185
672	-4.459	0.013	8.771
673	-4.459	0.013	14.109
674	-4.459	0.013	8.756
675	-4.459	0.013	6.627
676	-4.459	0.013	4.079
677	-4.459	0.013	10.947
678	-4.459	0.013	10.947
679	-4.459	0.013	11.168
680	-4.459	0.013	3.813
681	-4.459	0.013	12.190
682	-4.459	0.013	16.970
683	-4.459	0.013	16.978
684	-4.459	0.013	11.114
685	-4.459	0.013	8.946
686	-4.459	0.013	7.791
687	-4.459	0.013	7.787
818	-4.459	0.013	7.627
849	-4.459	0.013	7.131
853	-4.459	0.013	7.132
854	-4.459	0.013	18.539
855	-4.459	0.013	3.289
856	-4.459	0.013	5.849
857	-4.459	0.013	1.873
858	-4.459	0.013	3.395
860	-4.459	0.013	4.118
862	-4.459	0.013	8.243
863	-4.459	0.013	6.595
870	-4.459	0.013	3.036
871	-4.459	0.013	9.368
872	-4.459	0.013	6.465
873	-4.459	0.013	8.929
874	-4.459	0.013	5.753
875	-4.459	0.013	6.307
876	-4.459	0.013	6.300
877	-4.459	0.013	4.860
878	-4.459	0.013	6.289
879	-4.459	0.013	6.290
889	-4.459	0.013	6.289
890	-4.459	0.013	6.298
891	-4.459	0.013	6.298
892	-4.459	0.013	6.298
893	-4.459	0.013	8.073
894	-4.459	0.013	8.300
895	-4.459	0.013	8.300
896	-4.459	0.013	8.300
897	-4.459	0.013	6.388
922	-4.459	0.013	6.388
923	-4.459	0.013	8.067
924	-4.459	0.013	8.067
925	-4.459	0.013	6.388
926	-4.459	0.013	6.392
927	-4.459	0.013	6.377
928	-4.459	0.013	7.276
929	-4.459	0.013	6.396
930	-4.459	0.013	6.396
931	-4.459	0.013	6.395
932	-4.459	0.013	6.346
933	-4.459	0.013	6.623
934	-4.459	0.013	6.622
935	-4.459	0.013	9.059
936	-4.459	0.013	6.619
937	-4.459	0.013	8.828
938	-4.459	0.013	6.481
939	-4.459	0.013	0.010
940	-4.459	0.013	8.731
941	-4.459	0.013	9.114
942	-4.459	0.013	1.609
943	-4.459	0.013	1.609
944	-4.459	0.013	1.609
1017	-4.459	0.013	1.610
1018	-4.459	0.013	0.447
1023	-4.459	0.013	0.448
785	-4.459	0.013	1.617
786	-4.459	0.013	1.595
787	-4.459	0.013	9.763
795	-4.459	0.013	6.783
796	-4.459	0.013	6.783
797	-4.459	0.013	6.496
798	-4.459	0.013	1.647
799	-4.459	0.013	0.623
800	-4.459	0.013	11.054
801	-4.459	0.013	7.305
802	-4.459	0.013	6.494
803	-4.459	0.013	7.302
804	-4.459	0.013	9.996
805	-4.459	0.013	11.992
806	-4.459	0.013	14.151
807	-4.459	0.013	5.619
808	-4.459	0.013	7.619
809	-4.459	0.013	12.463
810	-4.459	0.013	9.238
811	-4.459	0.013	4.004
812	-4.459	0.013	14.241
813	-4.459	0.013	10.558
814	-4.459	0.013	14.321
815	-4.459	0.013	18.200
816	-4.459	0.013	14.566
817	-4.459	0.013	4.054
820	-4.459	0.013	6.346
821	-4.459	0.013	1.550
822	-4.459	0.013	4.047
823	-4.459	0.013	1.547
824	-4.459	0.013	4.047
825	-4.459	0.013	12.489
827	-4.459	0.013	6.339
828	-4.459	0.013	7.406
829	-4.459	0.013	7.405
830	-4.459	0.013	7.406
831	-4.459	0.013	7.406
832	-4.459	0.013	7.405
833	-4.459	0.013	7.738
834	-4.459	0.013	10.502
835	-4.459	0.013	3.215
836	-4.459	0.013	7.324
837	-4.459	0.013	7.107
838	-4.459	0.013	6.032
839	-4.459	0.013	4.091
840	-4.459	0.013	2.273
841	-4.459	0.013	6.022
842	-4.459	0.013	6.022
843	-4.459	0.013	6.429
844	-4.459	0.013	6.439
845	-4.459	0.013	2.302
846	-4.459	0.013	9.222
847	-4.459	0.013	16.173
960	-4.459	0.013	16.152
961	-4.459	0.013	2.576
1019	-4.459	0.013	2.579
1020	-4.459	0.013	4.345
1021	-4.459	0.013	2.575
1022	-4.459	0.013	2.593
781	-4.457	0.014	9.503
782	-4.457	0.014	7.584
783	-4.457	0.014	6.867
986	-4.457	0.014	4.246
987	-4.457	0.014	4.246
988	-4.457	0.014	11.486
989	-4.457	0.014	7.745
990	-4.457	0.014	15.728
991	-4.457	0.014	10.723
992	-4.457	0.014	10.734
993	-4.457	0.014	4.397
994	-4.457	0.014	3.041
995	-4.457	0.014	12.162
996	-4.457	0.014	2.166
997	-4.457	0.014	2.278
998	-4.457	0.014	5.693
999	-4.457	0.014	5.692
1000	-4.457	0.014	12.168
1001	-4.457	0.014	1.988
1002	-4.457	0.014	9.728
1003	-4.457	0.014	6.446
1004	-4.457	0.014	4.298
1005	-4.457	0.014	6.478
1006	-4.457	0.014	5.177
1007	-4.457	0.014	5.579
1008	-4.457	0.014	5.583
1009	-4.457	0.014	9.267
1010	-4.457	0.014	5.615
1012	-4.457	0.014	9.807
586	-4.457	0.013	5.318
587	-4.457	0.013	6.926
588	-4.457	0.013	5.462
589	-4.457	0.013	5.455
590	-4.457	0.013	3.463
591	-4.457	0.013	3.461
592	-4.457	0.013	3.462
593	-4.457	0.013	3.459
594	-4.457	0.013	3.459
595	-4.457	0.013	3.458
596	-4.457	0.013	1.707
597	-4.457	0.013	1.712
598	-4.457	0.013	1.712
599	-4.457	0.013	1.712
600	-4.457	0.013	1.712
601	-4.457	0.013	2.978
602	-4.457	0.013	1.923
603	-4.457	0.013	1.923
604	-4.457	0.013	1.923
605	-4.457	0.013	1.923
819	-4.191	1.543	11.967
850	-4.191	1.543	11.968
851	-4.191	1.543	12.120
852	-4.191	1.543	12.120
859	-4.191	1.543	12.120
861	-4.191	1.543	12.120
864	-4.191	1.543	12.054
865	-4.191	1.543	11.941
866	-4.191	1.543	11.941
867	-4.191	1.543	11.941
868	-4.191	1.543	11.941
869	-4.191	1.543	12.037
1011	-4.188	1.541	11.898
