80	-14.078	0.000	8.637
92	-14.077	0.051	4.516
87	-14.075	0.041	5.096
293	-14.071	0.148	8.042
24	-13.970	1.131	8.137
51	-13.970	1.131	8.137
79	-13.943	1.133	7.927
19	-13.860	1.147	5.984
292	-13.859	1.149	8.396
7	-13.859	1.147	5.978
77	-13.812	1.306	8.690
101	-13.774	1.282	2.492
54	-13.756	1.367	2.492
687	-13.650	1.161	2.538
49	-13.637	1.323	9.784
22	-13.555	1.414	12.658
48	-13.197	1.975	5.931
14	-13.055	1.971	2.108
179	-13.048	1.971	4.417
244	-12.789	1.180	6.524
30	-12.788	1.180	1.322
307	-12.787	1.180	6.516
18	-12.763	1.194	6.467
146	-12.759	1.195	1.313
127	-12.759	1.195	7.814
286	-12.709	0.163	0.002
270	-12.630	1.548	4.327
366	-12.499	1.172	7.932
70	-12.449	0.324	4.162
64	-12.447	0.323	4.162
142	-12.418	0.325	11.462
371	-12.356	1.203	10.761
128	-12.351	1.188	4.291
418	-12.344	0.317	1.383
503	-12.337	1.182	12.739
513	-12.335	0.328	1.854
225	-12.328	0.333	1.978
568	-12.308	1.183	5.684
248	-12.304	1.204	5.682
525	-12.300	1.196	2.063
386	-12.300	0.292	8.430
60	-12.289	0.295	5.134
31	-12.282	1.192	3.910
34	-12.282	1.192	5.181
249	-12.282	1.192	4.082
339	-12.282	1.192	4.614
521	-12.274	1.165	4.619
108	-12.272	1.202	9.769
130	-12.258	1.193	8.639
113	-12.255	0.294	5.025
107	-12.255	0.294	5.767
58	-12.248	1.190	4.923
125	-12.246	1.200	4.922
603	-12.240	1.203	6.821
11	-12.240	1.200	6.821
190	-12.238	0.315	6.820
616	-12.237	1.202	8.143
622	-12.237	1.202	8.137
633	-12.237	1.203	8.137
641	-12.237	1.203	8.137
265	-12.233	1.200	8.137
168	-12.223	0.294	7.927
236	-12.213	1.187	7.926
241	-12.213	1.187	7.926
98	-12.202	1.187	6.814
163	-12.200	1.187	5.941
213	-12.194	1.186	5.945
621	-12.193	1.190	5.941
191	-12.088	1.178	7.186
443	-12.023	2.032	5.983
528	-12.010	2.032	5.867
448	-11.960	2.000	2.492
332	-11.948	3.389	2.475
336	-11.930	2.027	2.542
355	-11.929	2.027	6.272
280	-11.919	3.394	6.271
342	-11.919	3.392	5.690
302	-11.917	2.021	8.643
504	-11.888	3.397	14.459
601	-11.884	3.394	6.576
575	-11.881	3.432	4.423
422	-11.859	3.411	2.111
560	-11.835	3.396	0.095
350	-11.827	3.404	8.766
701	-11.806	3.405	4.160
97	-11.795	3.407	0.353
263	-11.795	3.405	0.345
444	-11.766	3.408	12.751
464	-11.766	3.408	1.368
465	-11.762	3.419	8.428
605	-11.762	3.410	3.932
606	-11.762	3.406	3.911
508	-11.759	3.386	4.062
632	-11.758	3.405	3.060
186	-11.746	3.431	5.129
1422	-11.724	3.406	6.823
1406	-11.723	3.408	7.927
1473	-11.717	3.405	7.927
545	-11.714	3.409	6.814
546	-11.714	3.408	7.878
550	-11.711	3.409	7.856
216	-11.699	0.258	8.460
654	-11.691	1.900	8.772
1442	-11.690	3.414	2.492
1395	-11.689	3.417	2.492
1375	-11.689	3.409	2.492
666	-11.587	3.423	12.670
659	-11.582	1.094	12.670
217	-11.240	2.238	2.570
9	-10.292	2.507	4.161
362	-10.230	2.148	5.683
1	-10.227	2.506	5.681
232	-10.210	2.151	4.610
4	-10.129	2.144	7.926
3	-10.124	2.176	8.136
61	-10.086	2.642	5.970
95	-10.085	2.111	5.983
141	-10.085	2.112	5.866
580	-10.082	2.076	8.598
172	-10.080	2.112	2.576
612	-10.071	2.697	2.546
565	-10.037	2.064	8.182
16	-10.035	2.488	9.921
604	-9.902	2.565	0.355
695	-9.896	2.589	1.808
694	-9.896	2.586	12.739
75	-9.883	2.584	1.853
25	-9.860	2.999	3.852
275	-9.859	2.999	8.430
340	-9.859	2.999	5.135
94	-9.852	2.999	4.038
115	-9.851	2.999	8.660
132	-9.851	2.999	5.252
148	-9.851	2.999	4.663
200	-9.848	2.999	8.640
210	-9.848	2.999	4.959
376	-9.823	2.999	6.820
262	-9.815	2.998	6.820
59	-9.810	2.069	6.819
28	-9.810	2.074	6.818
428	-9.808	2.999	8.136
154	-9.788	2.557	7.926
218	-9.774	2.999	5.973
574	-9.767	1.961	5.866
610	-9.761	2.553	5.979
706	-9.755	2.544	2.490
71	-9.754	2.546	2.490
203	-9.751	2.546	2.548
684	-9.750	2.137	2.545
170	-9.750	2.549	2.493
173	-9.750	2.550	2.473
617	-9.749	2.545	9.293
228	-9.736	2.998	2.523
27	-9.722	2.589	9.920
392	-9.713	2.604	12.237
257	-9.711	2.592	12.816
351	-9.711	2.592	7.394
322	-9.711	2.598	8.237
288	-9.708	2.592	14.074
661	-9.708	2.663	11.425
662	-9.708	2.663	2.494
530	-9.693	2.542	4.395
533	-9.693	2.543	6.574
395	-9.681	2.565	4.421
487	-9.660	2.540	6.570
450	-9.654	2.592	2.110
436	-9.644	2.587	4.417
439	-9.643	2.602	4.416
221	-9.641	2.588	4.404
321	-9.626	1.447	7.597
413	-9.624	2.590	7.599
240	-9.568	1.447	4.276
83	-9.536	2.845	8.764
668	-9.531	3.012	7.031
526	-9.523	2.485	7.938
174	-9.480	3.676	1.979
416	-9.479	2.495	1.796
514	-9.479	2.495	12.750
105	-9.454	3.013	4.061
597	-9.453	3.014	3.396
29	-9.437	3.014	6.661
303	-9.434	3.014	4.961
315	-9.428	3.015	5.511
631	-9.424	3.015	6.820
676	-9.422	3.006	8.136
382	-9.414	2.557	7.926
391	-9.414	2.569	7.926
57	-9.413	2.556	8.135
252	-9.413	2.558	6.813
273	-9.406	2.558	7.877
537	-9.389	3.013	5.940
329	-9.364	2.843	6.768
417	-9.355	3.013	5.866
549	-9.353	3.015	5.984
559	-9.353	3.015	5.984
195	-9.343	2.514	5.982
333	-9.342	1.442	8.600
430	-9.338	2.844	8.735
268	-9.328	2.904	2.569
647	-9.326	3.006	2.578
577	-9.324	3.014	8.771
305	-9.314	1.438	2.490
432	-9.313	3.007	2.490
510	-9.301	2.843	2.490
434	-9.294	3.324	2.548
529	-9.278	2.843	2.543
44	-9.276	2.906	6.270
43	-9.276	2.905	2.543
171	-9.269	1.458	2.529
290	-9.266	2.906	7.135
109	-9.261	2.905	12.236
491	-9.261	2.511	12.236
140	-9.255	2.906	7.394
158	-9.254	2.906	11.756
326	-9.252	2.908	11.426
166	-9.251	2.906	8.111
389	-9.235	2.911	6.504
421	-9.233	1.692	15.580
192	-9.224	2.908	7.934
304	-9.209	2.825	12.638
500	-9.207	2.905	8.429
449	-9.205	2.905	4.044
458	-9.205	2.906	4.610
281	-9.197	2.825	5.220
120	-9.197	2.825	8.639
517	-9.196	2.905	3.469
488	-9.186	2.905	5.601
135	-9.185	3.700	8.044
478	-9.160	2.825	6.808
403	-9.156	2.907	6.808
411	-9.156	2.907	6.802
272	-9.072	2.045	7.907
511	-9.064	2.827	6.801
1465	-9.039	1.411	7.855
1463	-9.038	1.409	5.898
1468	-9.038	1.410	5.895
1451	-9.038	1.405	5.899
349	-9.035	2.461	5.926
638	-9.008	2.265	2.580
189	-9.007	2.253	8.710
193	-9.007	2.250	2.472
543	-9.000	2.445	2.540
652	-8.999	1.421	2.474
274	-8.984	3.190	6.203
52	-8.980	2.529	5.660
56	-8.980	2.529	2.485
419	-8.972	2.453	5.720
338	-8.963	3.339	7.062
1458	-8.963	2.829	5.668
253	-8.962	3.339	12.222
300	-8.960	3.339	12.219
347	-8.957	3.339	14.016
68	-8.949	3.339	12.797
295	-8.948	2.530	8.122
133	-8.947	3.339	14.078
462	-8.940	3.345	5.861
405	-8.929	3.347	8.615
335	-8.923	3.311	7.524
472	-8.920	3.347	7.524
467	-8.912	3.317	8.904
282	-8.911	3.315	8.140
208	-8.911	3.319	8.808
283	-8.911	3.314	9.011
455	-8.910	3.322	7.296
237	-8.910	3.316	6.453
501	-8.907	3.323	6.484
159	-8.907	3.318	4.623
398	-8.900	3.311	7.303
372	-8.899	3.751	8.016
388	-8.898	3.312	7.076
383	-8.897	3.047	4.160
209	-8.895	3.046	5.827
180	-8.889	3.321	1.369
420	-8.886	3.753	12.763
256	-8.883	3.035	1.923
357	-8.882	3.752	1.781
312	-8.882	3.752	5.613
665	-8.882	2.830	5.687
451	-8.881	3.054	6.701
269	-8.881	3.752	3.860
214	-8.878	3.754	6.614
123	-8.878	3.754	6.603
522	-8.877	3.056	3.825
437	-8.876	3.754	2.965
223	-8.875	3.754	4.645
598	-8.873	3.754	6.591
1360	-8.872	3.754	2.971
466	-8.871	3.754	5.418
657	-8.871	3.333	8.029
1355	-8.868	3.764	6.799
499	-8.868	3.754	6.798
1386	-8.866	2.966	6.798
369	-8.864	2.502	6.808
359	-8.864	2.500	6.807
585	-8.864	3.756	6.803
33	-8.863	2.507	8.116
45	-8.863	2.507	8.116
32	-8.863	2.506	8.116
595	-8.855	2.510	6.801
12	-8.855	2.507	6.792
649	-8.855	3.755	5.897
65	-8.854	2.510	5.898
67	-8.854	2.509	5.897
247	-8.854	2.503	5.927
314	-8.854	2.503	5.827
23	-8.851	3.757	5.959
316	-8.851	2.796	5.952
397	-8.843	2.506	2.582
114	-8.841	2.519	2.471
106	-8.841	2.520	2.472
619	-8.840	2.520	2.472
143	-8.838	2.520	2.453
337	-8.837	2.511	9.243
1392	-8.833	3.354	2.542
1428	-8.832	3.354	2.456
460	-8.820	3.769	2.484
540	-8.817	3.770	9.782
198	-8.814	2.534	7.062
1407	-8.760	3.417	2.421
1411	-8.760	3.416	11.415
1413	-8.760	3.417	9.058
1430	-8.760	3.417	14.465
1377	-8.760	3.417	14.465
400	-8.745	3.269	5.867
261	-8.727	2.092	7.522
320	-8.715	3.281	6.453
613	-8.703	3.318	6.445
298	-8.702	3.294	6.444
370	-8.700	3.312	6.481
238	-8.699	3.279	15.572
319	-8.699	3.267	1.369
381	-8.693	3.319	0.024
415	-8.652	3.327	1.801
412	-8.649	3.795	5.614
112	-8.640	2.045	6.604
396	-8.619	2.813	8.026
266	-8.569	3.799	9.052
664	-8.520	2.476	22.427
1461	-8.412	3.086	2.956
572	-8.376	3.115	5.525
573	-8.376	3.113	14.869
311	-8.374	3.084	16.994
348	-8.344	2.209	17.586
446	-8.281	2.727	17.880
630	-8.178	2.663	5.911
693	-8.175	2.665	16.601
373	-8.161	3.323	16.210
409	-8.137	3.326	21.828
567	-8.002	3.099	10.240
271	-7.937	3.593	10.240
