874	-10.258	0.000	5.863
743	-10.252	0.015	10.761
810	-10.252	0.015	10.769
962	-10.244	0.018	4.290
1062	-10.244	0.010	1.809
1035	-10.238	0.013	5.734
934	-10.236	0.070	1.853
875	-10.136	0.013	6.820
999	-10.131	0.019	6.823
990	-10.071	0.017	2.493
754	-10.067	0.017	2.545
862	-10.066	0.017	2.494
923	-10.060	0.018	9.160
1047	-10.024	1.801	12.658
802	-10.022	1.797	11.429
888	-10.019	0.019	2.485
806	-10.019	0.019	4.418
721	-10.007	1.799	6.515
834	-10.007	1.739	6.515
731	-9.954	1.726	0.001
767	-9.945	1.728	16.264
948	-9.935	1.724	4.539
1022	-9.919	1.726	4.551
1000	-9.909	1.725	10.761
1043	-9.513	1.375	4.160
1032	-9.483	1.750	1.977
987	-9.450	1.746	4.084
917	-9.438	1.746	4.092
821	-9.434	1.745	5.515
880	-9.324	2.505	2.490
859	-9.253	2.505	14.081
849	-9.249	2.505	8.312
1046	-9.245	2.504	7.603
801	-9.231	2.493	4.257
992	-9.222	3.140	4.164
828	-9.221	3.140	4.547
933	-9.221	3.139	0.391
913	-9.209	3.825	5.681
994	-9.203	2.507	4.622
1064	-9.199	2.497	4.086
920	-9.183	2.506	5.514
1075	-9.161	3.132	6.808
1007	-9.103	3.733	8.116
993	-9.096	3.131	8.116
1044	-9.075	3.818	7.907
878	-9.056	3.451	6.792
976	-9.018	3.455	5.958
995	-9.017	3.455	5.959
989	-9.017	3.456	7.163
870	-9.015	3.456	8.741
904	-9.015	3.455	2.573
899	-9.005	3.466	2.471
943	-8.989	3.454	2.486
922	-8.983	3.464	2.536
928	-8.971	3.784	9.905
1020	-8.943	3.777	11.414
1040	-8.943	3.775	12.646
1070	-8.943	3.770	11.416
983	-8.943	3.776	9.058
978	-8.942	3.775	14.465
1050	-8.941	3.758	6.513
963	-8.941	3.765	4.364
1051	-8.941	3.781	5.866
1057	-8.940	3.779	14.500
824	-8.933	3.457	4.360
1031	-8.925	3.781	2.532
1013	-8.924	3.759	7.522
1066	-8.924	3.751	7.522
967	-8.909	3.781	7.282
832	-8.908	3.455	6.445
1063	-8.907	3.780	6.445
829	-8.907	3.779	6.435
991	-8.906	3.780	0.043
1011	-8.905	3.779	0.091
906	-8.904	3.779	7.321
782	-8.849	2.979	8.574
907	-8.849	2.979	5.683
769	-8.846	2.980	8.710
952	-8.818	3.458	2.529
1074	-8.742	3.991	4.359
864	-8.724	3.930	8.807
945	-8.660	3.473	7.214
893	-8.658	3.933	5.832
985	-8.634	3.479	5.019
950	-8.622	3.480	5.021
1010	-8.530	2.475	12.875
1028	-8.435	2.915	15.918
1034	-8.269	3.876	16.260
1053	-8.266	3.875	16.262
1232	-8.228	3.191	12.545
1021	-8.214	3.187	20.579
1025	-8.214	3.187	1.902
988	-8.214	3.187	6.129
1001	-8.212	3.188	6.119
1309	-8.098	3.885	17.578
984	-8.066	3.909	17.293
1041	-8.056	3.073	17.302
1059	-8.055	3.882	21.787
1068	-8.019	1.803	19.390
1072	-8.018	1.798	10.250
1014	-8.016	1.814	10.249
1033	-8.007	1.836	10.250
940	-7.422	2.873	12.514
965	-7.341	2.873	13.344
1048	-7.340	2.873	16.166
1049	-7.340	2.873	22.424
725	-7.339	2.873	20.590
909	-7.338	2.873	16.297
1018	-7.285	2.873	16.297
1004	-7.277	2.873	16.297
1065	-7.187	2.873	15.918
1058	-7.184	2.873	15.919
