1475	-11.130	0.000	6.576
41	-11.114	0.021	4.418
317	-11.114	0.030	4.418
38	-11.114	0.027	8.015
40	-11.114	0.028	8.532
46	-11.114	0.023	7.599
276	-11.114	0.026	7.598
287	-11.114	0.024	7.600
188	-11.113	0.025	7.605
184	-11.113	0.025	3.890
185	-11.113	0.026	4.294
118	-11.113	0.027	4.832
119	-11.113	0.026	8.880
134	-11.113	0.025	8.994
160	-11.113	0.029	6.524
212	-11.113	0.026	6.524
116	-11.113	0.025	7.361
104	-11.113	0.070	6.516
66	-11.112	0.025	6.516
155	-11.112	0.026	6.506
144	-11.112	0.021	6.463
99	-11.112	0.026	15.580
626	-11.112	0.026	4.258
1347	-11.109	0.013	0.051
1342	-11.107	0.010	0.053
482	-11.107	0.013	0.072
512	-11.107	0.015	0.092
1336	-11.106	0.013	16.262
1337	-11.106	0.012	4.400
531	-11.106	0.012	1.183
542	-11.105	0.013	7.209
578	-11.102	0.012	7.377
374	-10.964	2.487	1.292
1361	-10.960	1.682	1.378
1362	-10.960	1.682	1.852
260	-10.959	2.486	12.776
35	-10.959	2.486	1.978
47	-10.959	2.486	1.833
358	-10.958	2.486	4.242
131	-10.957	2.486	5.756
1352	-10.955	1.682	3.929
1353	-10.955	1.682	6.652
278	-10.955	2.486	6.641
150	-10.954	2.486	3.901
233	-10.954	2.486	4.087
194	-10.949	2.486	4.002
414	-10.948	2.486	6.626
402	-10.947	2.481	8.638
492	-10.944	2.486	8.881
50	-10.944	2.487	7.403
1343	-10.943	1.680	8.046
55	-10.942	2.487	5.513
90	-10.939	2.486	8.629
85	-10.938	2.486	6.811
21	-10.937	2.502	6.811
441	-10.926	1.671	8.137
334	-10.926	1.672	8.137
36	-10.926	1.672	6.823
169	-10.924	1.672	6.822
178	-10.924	1.672	7.926
74	-10.924	1.671	7.926
69	-10.924	1.671	6.823
117	-10.923	1.671	6.813
138	-10.923	1.671	6.813
201	-10.923	1.671	7.855
20	-10.917	1.673	5.984
78	-10.916	1.673	5.985
89	-10.915	1.673	5.977
91	-10.915	1.673	8.739
84	-10.914	1.673	2.570
1339	-10.896	1.670	8.773
431	-10.893	1.670	2.580
1373	-10.559	2.273	5.683
346	-10.552	2.276	6.738
110	-10.552	2.274	6.640
37	-10.552	2.274	6.652
222	-10.543	2.276	3.897
541	-10.543	2.276	4.960
429	-10.543	2.274	4.087
426	-10.539	2.269	6.900
596	-10.525	2.258	8.639
151	-10.522	2.260	4.503
1393	-10.519	1.724	5.119
1425	-10.519	1.724	8.047
1359	-10.511	1.724	4.925
330	-10.509	2.272	6.811
1437	-10.460	1.719	8.137
1388	-10.459	1.719	8.137
1472	-10.459	1.718	6.822
1396	-10.459	1.718	6.822
1398	-10.459	1.718	7.926
1400	-10.459	1.718	7.926
1404	-10.459	1.718	6.823
1427	-10.459	1.718	7.925
1431	-10.459	1.718	6.813
1454	-10.458	1.718	7.855
1383	-10.457	1.719	5.943
1469	-10.454	1.712	5.944
1358	-10.452	1.718	5.984
425	-10.415	1.711	2.578
136	-10.413	1.710	8.771
327	-10.413	1.711	2.580
463	-10.411	1.710	9.221
205	-10.411	1.710	2.492
231	-10.410	1.710	2.492
235	-10.410	1.710	2.549
297	-10.410	1.710	2.474
469	-10.409	1.711	-0.003
498	-10.409	1.711	6.271
153	-10.408	1.711	2.544
162	-10.408	1.711	2.086
285	-10.408	1.710	2.503
121	-10.407	1.710	2.537
485	-10.406	1.711	9.785
145	-10.406	1.710	7.137
586	-10.405	1.710	8.182
544	-10.405	1.711	7.134
532	-10.404	1.711	9.921
609	-10.404	1.710	7.129
564	-10.403	1.710	12.816
554	-10.403	1.710	7.395
1408	-10.401	0.130	12.657
255	-10.400	1.712	8.611
251	-10.400	1.710	4.386
259	-10.400	1.710	11.426
364	-10.399	1.710	11.427
474	-10.397	1.710	4.388
505	-10.396	1.710	14.463
509	-10.396	1.710	14.524
1364	-10.370	0.112	2.250
696	-10.367	1.711	4.427
165	-10.365	2.603	7.598
331	-10.342	2.308	4.303
126	-10.339	0.096	8.996
658	-10.339	1.709	7.414
644	-10.338	0.095	7.373
424	-10.337	0.104	6.523
608	-10.337	0.096	6.515
594	-10.337	0.096	6.515
343	-10.335	0.071	6.515
404	-10.333	0.109	6.460
566	-10.332	0.102	15.581
582	-10.331	0.105	1.313
629	-10.330	0.086	16.277
1372	-10.272	1.556	4.194
378	-10.164	2.493	6.812
1459	-10.144	2.490	6.811
1421	-10.142	2.477	6.820
527	-10.132	2.463	8.137
1444	-10.081	2.550	2.578
1356	-9.854	1.542	3.910
1415	-9.806	2.360	8.136
1384	-9.788	2.344	7.926
1452	-9.759	2.842	8.599
480	-9.755	2.842	2.490
614	-9.285	2.847	2.493
328	-9.277	2.847	10.216
1485	-9.277	2.847	2.498
1447	-9.275	2.847	8.629
1470	-9.274	2.847	2.523
183	-9.262	1.565	5.693
277	-9.260	1.565	13.984
435	-9.258	1.564	8.197
502	-9.254	1.561	14.071
1448	-9.243	2.846	4.786
461	-9.240	1.556	8.058
1455	-8.647	3.041	12.734
1346	-8.444	3.032	16.297
258	-8.432	3.041	15.917
354	-8.432	3.041	16.300
204	-8.431	3.040	21.020
1363	-8.425	3.025	12.407
1368	-8.425	3.026	16.330
1376	-8.424	3.026	15.818
1381	-8.424	3.026	15.859
181	-8.424	3.040	16.647
182	-8.424	3.040	11.887
246	-8.423	3.046	6.997
310	-8.422	3.045	5.425
313	-8.422	3.046	3.057
356	-8.422	3.045	16.194
301	-8.420	3.045	5.523
149	-8.418	3.044	2.950
152	-8.418	3.044	9.352
477	-8.412	3.043	2.968
483	-8.411	3.044	3.033
401	-8.397	3.043	18.764
1371	-8.295	3.161	16.787
489	-8.250	3.300	17.135
1399	-8.225	1.710	12.545
