1593	-13.975	0.000	9.924
1603	-13.693	0.036	5.423
1544	-13.684	0.036	5.115
1584	-13.430	1.444	6.913
1597	-12.376	3.488	8.965
1588	-12.056	1.461	4.264
1557	-11.639	3.453	1.562
1642	-11.637	3.454	8.012
1579	-11.634	3.453	5.962
1204	-11.471	3.551	18.038
1218	-11.471	3.551	17.477
1641	-11.458	3.455	3.878
1647	-11.458	3.455	3.877
1652	-11.458	3.455	3.912
1626	-11.457	3.455	3.910
1201	-11.358	3.453	5.415
1176	-11.357	3.453	10.312
1178	-11.357	3.453	10.318
1184	-11.357	3.453	5.698
1221	-11.357	3.453	4.088
1145	-11.356	3.453	6.910
1625	-11.303	3.457	6.911
1633	-11.303	3.457	7.341
1180	-11.194	3.455	4.677
1631	-10.201	3.637	12.536
1640	-10.201	3.637	11.773
1643	-10.201	3.637	11.772
1639	-10.115	3.627	8.564
1655	-10.113	3.627	8.564
1219	-9.940	0.306	18.644
1207	-9.873	3.630	17.297
1651	-9.861	0.307	7.572
1589	-9.850	1.051	18.810
1572	-9.850	1.051	16.820
1599	-9.828	1.507	5.221
1606	-9.766	1.080	7.500
1611	-9.760	1.080	7.501
1586	-9.692	3.535	12.173
1614	-9.691	0.301	20.987
1564	-9.690	3.535	20.965
1600	-9.690	3.535	6.642
1596	-9.689	3.535	9.684
1621	-9.688	3.535	6.600
1634	-9.688	3.535	6.758
1568	-9.666	3.527	9.382
1616	-9.665	3.527	20.670
1594	-9.043	3.378	7.527
1591	-8.513	1.568	18.750
1575	-8.513	1.568	16.817
1577	-8.513	1.568	17.306
1553	-8.511	1.569	16.818
1554	-8.511	1.569	5.323
1549	-8.506	1.569	19.132
1543	-8.494	1.568	7.245
1551	-8.461	1.218	5.455
1574	-8.395	1.234	6.625
1598	-8.392	1.236	7.442
1646	-8.390	1.236	6.617
1607	-8.369	1.244	9.181
1604	-8.367	2.488	9.378
1609	-8.365	1.246	1.893
1630	-8.365	1.244	20.665
1623	-8.365	1.245	6.369
1629	-8.365	1.245	15.597
1585	-8.288	3.116	3.749
1605	-8.272	3.119	13.653
1645	-8.271	3.119	13.651
1612	-8.270	3.119	13.661
1578	-8.264	3.119	13.661
1555	-8.160	1.126	9.950
1566	-8.158	1.126	9.052
1650	-8.144	1.129	18.093
1653	-8.144	1.129	9.167
1552	-8.078	0.909	10.008
1618	-8.075	0.910	19.103
1546	-8.074	0.909	3.883
1547	-8.074	0.909	19.641
1561	-7.971	0.907	4.877
1587	-7.678	3.711	8.842
1541	-7.674	1.701	8.929
1632	-7.515	2.531	10.156
1559	-7.271	2.344	4.877
1654	-7.270	2.344	10.450
1545	-6.907	1.491	4.969
1542	-6.895	1.491	4.913
1084	-6.868	3.563	2.774
1089	-6.868	3.563	9.705
1135	-6.868	3.564	9.694
1149	-6.867	3.564	6.758
1156	-6.867	3.564	2.644
1125	-6.813	3.534	11.044
1159	-6.808	3.533	11.045
1548	-6.765	1.511	6.463
1580	-6.765	1.511	9.925
1583	-6.765	1.511	4.053
1617	-6.763	1.511	4.968
1567	-6.750	1.511	6.745
1563	-6.748	1.511	6.749
1622	-6.220	1.856	6.462
1595	-6.219	1.856	6.462
1576	-5.641	3.431	5.433
1582	-5.641	3.431	6.083
1656	-5.524	3.460	4.083
1638	-5.521	3.454	6.462
1615	-5.520	3.454	7.307
1216	-5.425	2.982	5.297
1194	-5.424	2.983	5.297
1181	-5.423	2.982	4.572
1213	-5.130	3.587	2.663
1205	-5.130	3.594	2.662
1199	-5.105	3.201	9.721
