1304	-16.949	0.000	0.000
1100	-16.886	0.020	0.000
1108	-16.836	0.562	0.000
1091	-16.836	0.563	0.000
1255	-16.815	0.562	0.000
1199	-16.762	0.563	0.000
1187	-16.761	0.563	0.000
1277	-15.941	0.486	0.000
1137	-15.941	0.490	0.000
1286	-15.858	2.261	0.000
1242	-15.841	2.262	0.000
1149	-15.782	2.262	0.000
1185	-15.767	2.261	0.000
1258	-15.640	2.358	0.000
1263	-15.561	2.266	0.000
1184	-15.554	2.267	0.000
1135	-15.489	2.267	0.000
1180	-15.300	2.356	0.000
1245	-15.145	2.381	0.000
1136	-15.125	3.841	0.000
1197	-15.086	2.590	0.000
1066	-15.015	3.838	0.000
1156	-15.014	3.837	0.000
1145	-15.013	3.837	0.000
1150	-15.013	3.837	0.000
1146	-15.012	3.840	0.000
1082	-15.012	3.837	0.000
1198	-15.011	3.838	0.000
1079	-14.992	3.929	0.000
1243	-14.907	3.929	0.000
1096	-14.907	3.927	0.000
1167	-14.907	3.929	0.000
1223	-14.906	3.923	0.000
1288	-14.743	3.846	0.000
1193	-14.743	3.845	0.000
1324	-14.742	2.136	0.000
1188	-14.727	3.887	0.000
1249	-14.682	3.925	0.000
1060	-14.676	3.506	0.000
1127	-14.669	3.942	0.000
1128	-14.668	3.513	0.000
1077	-14.660	3.510	0.000
1186	-14.659	3.512	0.000
1256	-14.648	3.509	0.000
1241	-14.638	3.935	0.000
1265	-14.638	3.934	0.000
1292	-14.636	3.931	0.000
1089	-14.547	3.919	0.000
1228	-14.534	3.898	0.000
1118	-14.453	3.312	0.000
1177	-14.453	3.312	0.000
1166	-14.453	3.311	0.000
1122	-14.453	3.311	0.000
1234	-14.413	3.308	0.000
1205	-14.413	3.308	0.000
1129	-14.383	3.793	0.000
1065	-14.382	3.793	0.000
1093	-14.326	3.792	0.000
1221	-14.161	3.350	0.000
1131	-14.094	3.742	0.000
1175	-14.068	3.803	0.000
1211	-14.068	3.803	0.000
1313	-14.062	3.866	0.000
1064	-14.047	3.795	0.000
1067	-13.831	2.975	0.000
1071	-13.829	2.976	0.000
1069	-13.829	2.972	0.000
1058	-13.829	2.973	0.000
1158	-13.580	2.958	0.000
1293	-13.575	2.958	0.000
1285	-13.522	2.956	0.000
1305	-13.521	2.952	0.000
1268	-13.472	3.155	0.000
1312	-12.983	3.458	0.000
1112	-12.968	3.281	0.000
1140	-12.907	3.603	0.000
1174	-12.866	3.636	0.000
1141	-12.844	3.622	0.000
1275	-12.831	3.606	0.000
1139	-12.804	3.342	0.000
1264	-12.784	3.617	0.000
1280	-12.783	3.619	0.000
1244	-12.741	3.932	0.000
1310	-12.732	3.877	0.000
1289	-12.729	3.607	0.000
1176	-12.728	3.610	0.000
1159	-12.728	3.606	0.000
1248	-12.694	3.578	0.000
1182	-12.684	3.301	0.000
1326	-12.682	3.602	0.000
1194	-12.601	3.350	0.000
1318	-12.600	3.354	0.000
1291	-12.562	3.294	0.000
1325	-12.533	3.892	0.000
1120	-12.517	3.489	0.000
1124	-12.516	2.841	0.000
1102	-12.511	3.077	0.000
1189	-12.469	3.510	0.000
1073	-12.469	3.512	0.000
1190	-12.469	3.138	0.000
1059	-12.415	3.368	0.000
1301	-12.359	3.231	0.000
1272	-12.322	3.490	0.000
1088	-12.168	2.913	0.000
1323	-11.988	3.663	0.000
1274	-11.973	3.523	0.000
1115	-11.496	3.846	0.000
1121	-11.493	3.846	0.000
1279	-11.368	3.846	0.000
