201	-16.840	0.000	0.000
210	-16.664	0.007	0.000
221	-16.659	0.007	0.000
184	-16.656	0.008	0.000
350	-16.634	0.466	0.000
351	-16.633	0.092	0.000
427	-16.555	0.012	0.000
243	-16.534	0.471	0.000
191	-16.533	0.466	0.000
265	-16.503	0.061	0.000
145	-15.677	2.845	0.000
108	-15.667	2.842	0.000
316	-15.344	2.795	0.000
300	-15.343	2.790	0.000
354	-15.298	2.881	0.000
361	-15.298	2.881	0.000
344	-14.978	2.790	0.000
299	-14.973	2.833	0.000
328	-14.909	2.736	0.000
233	-14.890	2.976	0.000
383	-11.367	3.949	0.000
