892	-16.097	0.000	0.000
815	-15.657	1.339	0.000
944	-15.544	1.308	0.000
867	-15.501	1.282	0.000
226	-15.401	3.905	0.000
961	-15.387	1.331	0.000
942	-15.351	1.313	0.000
804	-15.349	1.307	0.000
1037	-15.346	1.326	0.000
1004	-15.344	3.907	0.000
843	-15.171	1.232	0.000
899	-15.170	1.239	0.000
1012	-14.985	3.879	0.000
800	-14.815	0.843	0.000
1014	-14.814	3.864	0.000
789	-14.785	3.768	0.000
836	-14.764	3.793	0.000
956	-14.754	3.805	0.000
783	-14.747	3.804	0.000
765	-14.696	3.934	0.000
967	-14.619	3.950	0.000
829	-14.605	3.933	0.000
895	-14.601	3.942	0.000
906	-14.593	3.936	0.000
827	-14.572	3.986	0.000
795	-14.558	3.933	0.000
905	-14.543	3.723	0.000
784	-14.542	3.996	0.000
1018	-14.519	1.522	0.000
936	-14.387	3.096	0.000
894	-14.385	0.911	0.000
890	-14.209	0.964	0.000
941	-13.964	3.991	0.000
983	-13.871	3.759	0.000
1045	-13.858	3.727	0.000
1020	-13.858	3.729	0.000
845	-13.808	2.248	0.000
1053	-13.764	2.375	0.000
819	-13.736	2.225	0.000
986	-13.667	2.222	0.000
1007	-13.653	2.481	0.000
801	-13.564	3.100	0.000
771	-13.564	3.100	0.000
1000	-13.543	3.098	0.000
874	-13.519	2.469	0.000
806	-13.498	3.074	0.000
912	-13.495	3.565	0.000
971	-13.488	3.840	0.000
963	-13.437	3.596	0.000
938	-13.431	3.564	0.000
965	-13.430	3.578	0.000
868	-13.430	3.567	0.000
769	-13.428	3.557	0.000
870	-13.415	3.568	0.000
873	-13.415	3.569	0.000
780	-13.414	3.566	0.000
851	-13.414	3.565	0.000
810	-13.404	3.608	0.000
1024	-13.392	3.564	0.000
919	-13.356	3.402	0.000
931	-13.346	3.365	0.000
1035	-13.345	3.365	0.000
921	-13.286	3.755	0.000
940	-13.274	3.802	0.000
864	-13.267	3.844	0.000
1050	-13.262	3.382	0.000
885	-13.244	3.394	0.000
808	-13.220	3.653	0.000
803	-13.207	3.309	0.000
1043	-13.137	2.383	0.000
855	-13.044	1.577	0.000
797	-13.038	3.823	0.000
982	-12.922	3.877	0.000
809	-12.909	3.845	0.000
998	-12.863	1.790	0.000
1056	-12.800	1.675	0.000
945	-12.650	3.463	0.000
891	-12.601	2.237	0.000
902	-12.557	1.730	0.000
872	-12.458	2.196	0.000
918	-12.415	2.286	0.000
903	-12.206	3.665	0.000
988	-12.000	2.133	0.000
1006	-11.762	2.640	0.000
997	-11.747	3.128	0.000
923	-11.577	2.488	0.000
1015	-11.446	2.586	0.000
805	-11.423	3.988	0.000
1044	-11.087	3.817	0.000
