1481	-14.072	0.000	0.000
1482	-14.071	0.023	0.000
1435	-14.070	3.577	0.000
1383	-14.068	0.017	0.000
1366	-14.067	0.014	0.000
1348	-14.067	3.578	0.000
1378	-14.042	3.572	0.000
1357	-13.715	3.586	0.000
1445	-13.649	3.588	0.000
1401	-13.642	3.590	0.000
1375	-13.641	3.589	0.000
1419	-13.641	3.588	0.000
164	-13.635	3.085	0.000
1382	-12.302	3.197	0.000
1414	-12.301	3.201	0.000
1339	-12.300	3.197	0.000
1453	-12.267	3.279	0.000
1391	-12.214	3.107	0.000
1379	-11.996	3.799	0.000
1426	-11.947	3.506	0.000
1438	-11.887	3.210	0.000
1355	-11.881	3.216	0.000
1448	-11.872	3.183	0.000
1397	-11.867	3.181	0.000
1354	-11.866	3.185	0.000
1392	-11.865	3.186	0.000
1340	-11.817	2.487	0.000
1347	-11.492	2.384	0.000
1420	-11.459	1.150	0.000
1443	-11.458	1.175	0.000
1402	-11.437	3.756	0.000
1459	-11.427	2.317	0.000
1432	-11.418	3.506	0.000
1338	-11.417	3.761	0.000
1387	-11.310	3.674	0.000
1371	-11.299	3.401	0.000
1353	-11.215	2.374	0.000
1431	-11.205	3.908	0.000
1451	-11.191	3.811	0.000
1351	-11.137	2.506	0.000
1430	-11.128	3.822	0.000
1376	-11.088	3.143	0.000
1437	-11.085	2.488	0.000
1455	-11.071	3.814	0.000
1440	-11.000	3.705	0.000
342	-10.903	2.955	0.000
1403	-10.777	3.719	0.000
1423	-10.709	3.686	0.000
1425	-10.659	2.287	0.000
1497	-10.646	2.290	0.000
1380	-10.331	3.753	0.000
1362	-10.265	2.583	0.000
1410	-10.032	3.584	0.000
1344	-9.948	3.766	0.000
1377	-9.939	3.379	0.000
1486	-9.742	3.221	0.000
1417	-9.705	3.804	0.000
1368	-9.352	3.543	0.000
1372	-9.338	3.733	0.000
1349	-9.209	3.899	0.000
1470	-9.174	3.618	0.000
1485	-7.170	2.934	0.000
