1070	-13.586	0.000	0.000
1092	-13.580	0.095	0.000
1114	-13.373	3.004	0.000
1287	-13.371	3.005	0.000
1306	-13.279	3.423	0.000
1267	-13.246	3.361	0.000
1074	-13.243	3.619	0.000
1126	-13.236	3.636	0.000
1171	-13.236	3.633	0.000
1062	-13.218	3.622	0.000
1094	-13.186	2.446	0.000
1179	-13.186	2.953	0.000
1269	-13.179	0.888	0.000
1075	-13.170	3.018	0.000
1090	-13.167	3.024	0.000
1125	-13.108	3.423	0.000
1061	-13.067	2.937	0.000
1254	-12.986	3.132	0.000
1314	-12.913	2.978	0.000
1081	-12.401	3.817	0.000
1283	-12.313	3.678	0.000
1230	-12.313	3.689	0.000
1153	-12.308	3.717	0.000
1238	-12.283	3.743	0.000
1222	-12.184	3.515	0.000
1109	-12.123	3.367	0.000
1320	-12.078	3.253	0.000
1181	-12.077	3.271	0.000
1196	-12.077	3.274	0.000
1133	-12.076	2.357	0.000
1210	-12.069	2.357	0.000
1259	-11.959	3.376	0.000
1106	-11.951	3.240	0.000
1160	-11.950	3.259	0.000
1085	-11.862	3.294	0.000
1095	-11.789	3.279	0.000
1308	-11.779	3.199	0.000
1111	-11.710	3.253	0.000
1076	-11.612	3.786	0.000
1110	-11.609	3.765	0.000
1220	-11.496	3.650	0.000
1273	-11.492	3.661	0.000
1246	-11.369	3.634	0.000
1218	-11.295	2.366	0.000
1276	-11.234	3.905	0.000
1214	-11.205	3.100	0.000
1169	-11.158	2.398	0.000
1132	-10.540	2.288	0.000
1143	-10.537	2.983	0.000
