357	-19.656	0.000	0.000
55	-19.610	0.009	0.000
379	-19.280	0.718	0.000
98	-19.263	1.004	0.000
49	-19.242	1.081	0.000
141	-19.192	1.139	0.000
60	-19.050	1.354	0.000
251	-19.019	1.253	0.000
417	-19.013	2.272	0.000
345	-18.988	1.284	0.000
111	-18.863	1.397	0.000
296	-18.427	1.242	0.000
138	-18.357	2.724	0.000
174	-18.346	3.506	0.000
176	-18.331	2.716	0.000
392	-18.250	2.823	0.000
389	-18.206	2.543	0.000
385	-17.967	2.735	0.000
428	-17.955	2.815	0.000
36	-17.945	3.280	0.000
115	-17.865	2.517	0.000
185	-17.840	2.515	0.000
262	-17.742	3.148	0.000
58	-17.741	3.521	0.000
32	-17.735	1.806	0.000
263	-17.706	1.948	0.000
211	-17.618	3.153	0.000
386	-17.560	2.975	0.000
429	-17.502	3.807	0.000
302	-17.490	3.289	0.000
281	-17.394	2.841	0.000
292	-17.394	2.839	0.000
437	-17.367	3.708	0.000
157	-17.356	3.190	0.000
271	-17.348	2.155	0.000
333	-17.333	2.519	0.000
205	-17.209	3.060	0.000
298	-17.159	3.175	0.000
291	-17.106	3.238	0.000
407	-17.075	3.820	0.000
330	-17.010	3.932	0.000
31	-17.002	3.310	0.000
190	-16.970	3.697	0.000
217	-16.964	3.363	0.000
449	-16.826	3.464	0.000
209	-16.722	3.255	0.000
362	-16.716	3.091	0.000
65	-16.679	2.811	0.000
73	-16.669	2.813	0.000
101	-16.667	2.807	0.000
46	-16.666	2.817	0.000
68	-16.613	2.775	0.000
93	-16.611	2.823	0.000
380	-16.608	2.796	0.000
9	-16.607	3.057	0.000
118	-16.600	2.801	0.000
451	-16.591	2.805	0.000
132	-16.530	3.935	0.000
270	-16.528	3.964	0.000
269	-16.509	2.864	0.000
44	-16.494	2.881	0.000
38	-16.457	2.683	0.000
162	-16.449	3.951	0.000
113	-16.446	3.951	0.000
42	-16.322	3.259	0.000
156	-16.243	2.906	0.000
329	-16.225	2.817	0.000
214	-16.213	3.275	0.000
121	-16.189	2.933	0.000
408	-16.184	3.335	0.000
186	-16.171	2.950	0.000
64	-16.137	2.981	0.000
208	-16.097	2.919	0.000
179	-16.083	3.701	0.000
454	-16.066	2.942	0.000
194	-16.026	2.942	0.000
26	-15.998	3.592	0.000
276	-15.968	3.087	0.000
170	-15.966	2.938	0.000
91	-15.962	3.963	0.000
426	-15.909	2.972	0.000
283	-15.907	2.945	0.000
367	-15.903	3.879	0.000
320	-15.900	3.961	0.000
323	-15.893	2.925	0.000
158	-15.886	3.959	0.000
935	-15.883	2.961	0.000
432	-15.866	3.356	0.000
363	-15.853	3.790	0.000
123	-15.852	3.743	0.000
343	-15.849	2.871	0.000
324	-15.803	3.733	0.000
396	-15.790	3.496	0.000
306	-15.784	3.898	0.000
356	-15.783	3.715	0.000
359	-15.783	3.899	0.000
305	-15.762	3.600	0.000
219	-15.690	2.941	0.000
70	-15.674	3.741	0.000
178	-15.672	2.819	0.000
149	-15.656	3.740	0.000
110	-15.654	3.939	0.000
817	-15.652	3.609	0.000
290	-15.651	3.536	0.000
140	-15.622	3.896	0.000
216	-15.519	3.855	0.000
247	-15.477	3.751	0.000
266	-15.475	3.761	0.000
1450	-15.442	2.875	0.000
279	-15.441	3.254	0.000
325	-15.432	3.809	0.000
422	-15.392	3.288	0.000
310	-15.369	3.049	0.000
405	-15.293	3.254	0.000
393	-15.290	3.397	0.000
377	-15.290	3.256	0.000
339	-15.290	3.220	0.000
358	-15.113	3.960	0.000
954	-15.104	3.173	0.000
423	-15.069	3.998	0.000
461	-15.067	3.833	0.000
282	-15.008	3.564	0.000
258	-14.960	3.468	0.000
388	-14.928	3.869	0.000
215	-14.925	3.875	0.000
387	-14.911	3.992	0.000
347	-14.687	3.290	0.000
268	-14.667	3.767	0.000
431	-14.645	3.999	0.000
453	-14.629	3.884	0.000
450	-14.562	2.532	0.000
446	-14.475	3.954	0.000
