798	-12.663	0.000	0.000
62	-12.601	0.017	0.000
20	-12.590	0.026	0.000
770	-12.562	0.660	0.000
418	-12.419	0.686	0.000
135	-12.345	0.662	0.000
948	-12.045	2.561	0.000
1057	-11.841	3.853	0.000
1022	-11.839	3.852	0.000
853	-11.837	3.859	0.000
838	-11.798	3.602	0.000
849	-11.795	3.555	0.000
1005	-11.794	3.592	0.000
852	-11.793	3.574	0.000
1055	-11.640	3.933	0.000
1038	-11.621	3.211	0.000
840	-11.611	3.932	0.000
882	-11.611	3.933	0.000
844	-11.611	3.933	0.000
909	-11.611	3.932	0.000
203	-11.531	1.779	0.000
378	-11.512	1.819	0.000
889	-11.468	3.824	0.000
222	-11.425	2.096	0.000
