736	-12.857	0.000	0.000
697	-12.850	0.057	0.000
1579	-12.128	1.833	0.000
1567	-12.128	1.826	0.000
695	-12.114	1.828	0.000
1541	-12.091	1.895	0.000
760	-11.819	0.662	0.000
731	-11.713	2.075	0.000
1614	-11.610	2.314	0.000
1604	-11.609	2.313	0.000
1569	-11.609	2.314	0.000
1537	-11.604	2.314	0.000
1576	-11.575	2.315	0.000
1598	-11.538	2.433	0.000
1599	-11.463	1.996	0.000
1616	-11.463	1.993	0.000
751	-11.448	1.994	0.000
1534	-11.446	1.997	0.000
1519	-11.446	1.992	0.000
1600	-11.367	2.445	0.000
553	-11.333	2.224	0.000
1607	-11.320	2.313	0.000
1608	-11.320	2.313	0.000
1592	-11.318	2.314	0.000
1586	-10.763	2.572	0.000
