559	-14.427	0.000	0.000
623	-13.765	3.315	0.000
466	-13.662	3.738	0.000
666	-13.646	2.576	0.000
563	-13.645	3.742	0.000
704	-13.640	2.573	0.000
705	-13.640	2.583	0.000
690	-13.640	2.582	0.000
587	-13.638	2.597	0.000
570	-13.637	2.588	0.000
565	-13.637	2.600	0.000
744	-13.630	2.576	0.000
575	-13.595	3.752	0.000
576	-13.595	3.753	0.000
733	-13.591	3.745	0.000
763	-13.591	3.752	0.000
691	-13.588	3.776	0.000
616	-13.583	3.749	0.000
600	-13.563	3.215	0.000
596	-13.545	3.699	0.000
646	-13.517	3.352	0.000
737	-13.517	3.263	0.000
642	-13.452	3.869	0.000
640	-13.369	3.121	0.000
465	-13.365	3.122	0.000
625	-13.364	3.126	0.000
514	-13.357	3.124	0.000
711	-13.357	3.116	0.000
558	-13.357	3.115	0.000
533	-13.356	3.114	0.000
537	-13.356	3.116	0.000
629	-13.354	3.123	0.000
473	-13.354	3.125	0.000
467	-13.354	3.125	0.000
569	-13.348	3.116	0.000
493	-13.345	3.107	0.000
698	-13.335	2.414	0.000
505	-13.188	3.129	0.000
583	-13.177	3.130	0.000
611	-13.010	1.559	0.000
529	-13.002	1.583	0.000
1575	-12.893	1.585	0.000
1564	-12.893	1.586	0.000
755	-12.884	1.581	0.000
1556	-12.882	1.580	0.000
1551	-12.871	1.540	0.000
545	-12.871	1.578	0.000
480	-12.866	1.576	0.000
483	-12.866	1.583	0.000
504	-12.866	1.584	0.000
524	-12.862	3.364	0.000
1587	-12.788	1.525	0.000
1528	-12.769	0.568	0.000
710	-12.759	1.920	0.000
680	-12.754	1.922	0.000
593	-12.748	1.923	0.000
1563	-12.747	1.440	0.000
526	-12.746	1.923	0.000
699	-12.739	3.101	0.000
1523	-12.728	1.405	0.000
1515	-12.658	2.098	0.000
1507	-12.640	1.564	0.000
749	-12.625	3.483	0.000
696	-12.614	2.088	0.000
1500	-12.609	2.092	0.000
1502	-12.608	2.086	0.000
472	-12.597	2.093	0.000
1626	-12.597	2.083	0.000
750	-12.569	0.700	0.000
724	-12.569	2.074	0.000
554	-12.568	2.075	0.000
636	-12.565	2.075	0.000
694	-12.557	2.071	0.000
673	-12.546	1.924	0.000
581	-12.545	2.035	0.000
685	-12.465	2.087	0.000
1568	-12.413	1.793	0.000
1547	-12.355	3.763	0.000
532	-12.334	2.581	0.000
1529	-12.135	2.451	0.000
1603	-11.983	3.245	0.000
571	-11.840	3.073	0.000
520	-11.839	3.070	0.000
1510	-11.838	3.079	0.000
669	-11.822	3.105	0.000
495	-11.815	3.110	0.000
1562	-11.784	1.301	0.000
752	-11.726	3.560	0.000
682	-11.724	3.545	0.000
1561	-11.686	3.087	0.000
1589	-11.683	3.118	0.000
561	-11.674	3.066	0.000
651	-11.673	3.079	0.000
547	-11.673	3.078	0.000
728	-11.669	3.338	0.000
478	-11.655	3.089	0.000
723	-11.653	3.192	0.000
550	-11.651	3.095	0.000
552	-11.643	3.358	0.000
606	-11.624	3.011	0.000
487	-11.620	3.143	0.000
586	-11.611	3.119	0.000
665	-11.576	2.794	0.000
660	-11.518	3.487	0.000
617	-11.452	2.723	0.000
653	-11.426	2.649	0.000
1610	-11.328	3.035	0.000
1550	-11.116	2.784	0.000
1520	-10.635	3.598	0.000
1573	-9.206	3.646	0.000
