819	-15.757	0.000	0.000
900	-15.757	0.002	0.000
984	-15.757	0.001	0.000
885	-15.756	0.002	0.000
1090	-15.115	0.698	0.000
1000	-15.068	0.922	0.000
939	-15.064	0.990	0.000
1071	-15.056	1.066	0.000
894	-14.991	1.624	0.000
961	-14.978	1.560	0.000
853	-14.760	1.427	0.000
1051	-14.624	2.224	0.000
1100	-14.435	3.918	0.000
820	-14.245	2.405	0.000
833	-14.245	2.406	0.000
1056	-14.173	2.350	0.000
203	-14.149	2.395	0.000
860	-14.142	2.396	0.000
824	-14.141	2.395	0.000
980	-14.140	2.400	0.000
937	-14.060	3.111	0.000
976	-14.028	2.531	0.000
931	-13.959	2.377	0.000
1008	-13.959	2.374	0.000
960	-13.912	2.544	0.000
270	-13.848	2.513	0.000
1082	-13.709	3.068	0.000
940	-13.702	3.067	0.000
878	-13.693	2.594	0.000
987	-13.666	2.595	0.000
842	-13.664	2.580	0.000
843	-13.664	2.594	0.000
1016	-13.641	2.591	0.000
1097	-13.614	3.518	0.000
869	-13.605	3.518	0.000
873	-13.605	3.518	0.000
949	-13.600	3.091	0.000
1067	-13.582	2.305	0.000
905	-13.577	3.519	0.000
837	-13.359	3.231	0.000
866	-13.213	3.314	0.000
867	-13.211	3.299	0.000
1094	-13.162	2.203	0.000
991	-13.128	3.259	0.000
1013	-13.088	3.136	0.000
958	-13.083	3.384	0.000
899	-13.073	3.249	0.000
865	-13.066	2.255	0.000
1047	-13.051	3.277	0.000
932	-13.051	3.268	0.000
849	-13.051	3.277	0.000
985	-13.032	2.476	0.000
88	-13.027	3.210	0.000
1028	-13.021	2.798	0.000
829	-13.014	3.113	0.000
1091	-12.975	2.301	0.000
1046	-12.934	3.227	0.000
1049	-12.921	3.426	0.000
877	-12.868	3.682	0.000
844	-12.863	3.854	0.000
1048	-12.841	3.202	0.000
1017	-12.815	3.680	0.000
817	-12.814	3.243	0.000
839	-12.810	3.689	0.000
1060	-12.800	3.756	0.000
963	-12.791	3.708	0.000
1088	-12.780	3.168	0.000
827	-12.769	3.353	0.000
43	-12.768	3.223	0.000
1043	-12.762	3.687	0.000
1021	-12.761	3.877	0.000
1089	-12.757	2.666	0.000
881	-12.750	3.904	0.000
944	-12.741	3.849	0.000
871	-12.740	3.848	0.000
924	-12.739	3.847	0.000
892	-12.728	3.883	0.000
1037	-12.722	3.934	0.000
1053	-12.704	3.693	0.000
1066	-12.698	3.684	0.000
926	-12.696	3.702	0.000
954	-12.645	3.925	0.000
906	-12.630	3.684	0.000
1055	-12.616	3.677	0.000
1029	-12.606	3.835	0.000
1002	-12.601	3.911	0.000
934	-12.601	3.914	0.000
928	-12.540	3.684	0.000
1033	-12.538	3.689	0.000
1012	-12.516	3.286	0.000
943	-12.479	3.909	0.000
914	-12.106	3.266	0.000
893	-12.046	3.277	0.000
187	-11.991	3.739	0.000
895	-11.962	3.685	0.000
884	-11.951	3.685	0.000
981	-11.940	3.810	0.000
880	-11.926	3.636	0.000
1099	-11.925	3.244	0.000
1054	-11.925	3.633	0.000
875	-11.921	3.633	0.000
1014	-11.758	2.723	0.000
902	-11.724	3.666	0.000
995	-11.624	3.365	0.000
1069	-11.620	3.343	0.000
1105	-11.375	3.954	0.000
1093	-11.334	3.730	0.000
897	-11.305	3.804	0.000
883	-11.204	3.878	0.000
1042	-11.166	3.902	0.000
986	-11.153	3.854	0.000
862	-11.097	3.674	0.000
967	-11.084	3.763	0.000
1036	-11.080	3.839	0.000
840	-10.958	3.876	0.000
957	-10.522	3.041	0.000
373	-10.432	3.799	0.000
1031	-9.846	3.030	0.000
1063	-9.835	3.674	0.000
930	-9.785	3.459	0.000
909	-9.546	3.824	0.000
1045	-9.452	3.853	0.000
1015	-9.421	3.055	0.000
