1166	-16.941	0.000	0.000
1293	-16.918	0.558	0.000
1329	-16.918	0.562	0.000
1218	-16.861	0.568	0.000
1355	-16.845	0.951	0.000
1108	-16.213	2.263	0.000
1226	-16.100	0.477	0.000
1295	-16.055	0.470	0.000
1271	-15.957	2.262	0.000
1221	-15.796	2.275	0.000
1180	-15.682	2.267	0.000
1253	-15.682	2.267	0.000
1330	-15.676	2.240	0.000
1259	-15.606	2.268	0.000
1351	-15.404	2.356	0.000
1128	-15.226	3.844	0.000
1125	-15.115	3.931	0.000
1151	-15.115	3.931	0.000
1217	-15.115	3.931	0.000
1114	-15.114	3.931	0.000
1187	-15.114	3.931	0.000
1184	-15.113	3.842	0.000
1302	-15.113	3.840	0.000
1239	-15.113	3.840	0.000
1323	-15.074	3.934	0.000
1211	-15.027	3.931	0.000
1119	-15.027	3.929	0.000
1179	-15.026	3.932	0.000
1150	-15.026	3.931	0.000
1115	-15.026	3.932	0.000
1185	-15.026	3.933	0.000
1157	-15.026	3.932	0.000
1196	-15.026	3.931	0.000
1198	-15.020	3.923	0.000
1313	-15.016	3.919	0.000
1353	-14.886	2.131	0.000
1244	-14.870	2.131	0.000
1268	-14.867	2.131	0.000
1312	-14.865	2.131	0.000
1230	-14.843	3.848	0.000
1246	-14.842	3.848	0.000
1354	-14.837	3.848	0.000
1124	-14.824	3.036	0.000
1214	-14.805	3.505	0.000
1220	-14.804	3.505	0.000
1250	-14.804	3.937	0.000
1144	-14.803	3.505	0.000
1146	-14.797	3.924	0.000
1331	-14.757	3.935	0.000
1237	-14.756	3.936	0.000
1194	-14.717	3.792	0.000
1273	-14.717	3.786	0.000
1131	-14.716	3.794	0.000
1232	-14.587	3.313	0.000
1219	-14.575	3.797	0.000
1367	-14.557	3.309	0.000
1370	-14.549	3.317	0.000
1325	-14.533	3.827	0.000
1299	-14.515	3.325	0.000
1366	-14.509	3.312	0.000
1298	-14.508	3.311	0.000
1149	-14.488	3.795	0.000
1171	-14.431	3.345	0.000
1116	-14.360	3.349	0.000
1117	-14.340	3.367	0.000
1279	-14.295	3.743	0.000
1186	-14.156	3.350	0.000
1256	-14.055	3.066	0.000
1281	-13.999	3.815	0.000
1164	-13.950	2.986	0.000
1182	-13.950	2.977	0.000
1121	-13.950	2.975	0.000
1276	-13.950	2.972	0.000
1309	-13.948	2.960	0.000
1342	-13.852	3.881	0.000
1269	-13.798	2.902	0.000
1264	-13.715	3.753	0.000
1270	-13.700	2.958	0.000
1172	-13.695	2.960	0.000
1139	-13.694	2.957	0.000
1326	-13.687	2.932	0.000
1382	-13.642	2.958	0.000
1191	-13.642	2.958	0.000
1361	-13.597	2.893	0.000
1113	-13.443	3.818	0.000
1251	-13.398	3.837	0.000
1142	-13.137	3.626	0.000
1207	-13.055	3.628	0.000
1130	-13.035	3.600	0.000
1243	-12.891	3.621	0.000
1311	-12.866	3.610	0.000
1202	-12.865	3.609	0.000
1109	-12.801	3.619	0.000
1358	-12.792	3.226	0.000
1212	-12.781	3.144	0.000
1266	-12.746	3.352	0.000
1148	-12.731	3.048	0.000
1319	-12.714	3.348	0.000
1343	-12.714	3.350	0.000
1267	-12.713	3.356	0.000
1262	-12.641	3.487	0.000
1282	-12.608	3.485	0.000
1110	-12.608	3.142	0.000
1352	-12.543	3.373	0.000
1368	-12.449	3.235	0.000
1372	-12.295	2.917	0.000
1380	-12.152	3.352	0.000
1315	-11.965	3.287	0.000
1305	-11.859	3.964	0.000
1255	-11.747	3.764	0.000
1170	-11.622	3.847	0.000
1322	-11.497	3.846	0.000
1347	-11.231	3.742	0.000
1300	-11.230	3.708	0.000
