1435	-12.556	0.000	0.000
338	-12.537	3.397	0.000
1398	-12.530	1.435	0.000
1415	-12.529	1.439	0.000
1461	-12.528	1.391	0.000
1419	-12.522	1.386	0.000
1502	-12.442	2.732	0.000
1429	-12.359	2.745	0.000
217	-12.327	1.785	0.000
1483	-12.269	1.207	0.000
227	-12.242	3.694	0.000
1469	-12.132	1.448	0.000
1540	-12.112	1.466	0.000
1516	-11.978	1.595	0.000
1446	-11.892	1.723	0.000
1498	-11.576	3.909	0.000
1518	-11.338	1.920	0.000
216	-10.934	3.857	0.000
254	-10.907	3.591	0.000
154	-10.782	3.613	0.000
317	-10.778	3.636	0.000
1534	-8.351	3.604	0.000
