14	-17.142	0.000	0.000
302	-16.037	2.261	0.000
31	-16.016	0.891	0.000
60	-15.953	0.816	0.000
26	-15.947	0.738	0.000
159	-15.937	0.551	0.000
135	-15.931	0.497	0.000
2	-15.919	2.515	0.000
6	-15.918	2.517	0.000
248	-15.868	0.508	0.000
168	-15.845	0.539	0.000
1	-15.821	2.518	0.000
194	-15.800	0.513	0.000
38	-15.211	2.490	0.000
63	-14.796	2.447	0.000
17	-14.754	3.853	0.000
103	-14.576	2.486	0.000
185	-14.554	2.481	0.000
128	-14.448	2.486	0.000
232	-14.113	2.373	0.000
252	-14.045	3.857	0.000
876	-13.689	2.602	0.000
174	-13.650	3.875	0.000
65	-13.605	3.884	0.000
69	-13.603	3.873	0.000
119	-13.600	3.828	0.000
56	-13.582	3.825	0.000
105	-12.239	3.168	0.000
144	-11.783	2.958	0.000
