491	-13.017	0.000	0.000
580	-13.016	0.002	0.000
615	-13.013	0.034	0.000
708	-12.984	0.536	0.000
674	-12.979	2.734	0.000
683	-12.957	0.535	0.000
451	-12.928	0.537	0.000
519	-12.926	0.538	0.000
549	-12.926	0.538	0.000
559	-12.926	0.538	0.000
620	-12.925	0.537	0.000
647	-12.900	0.371	0.000
497	-12.872	0.367	0.000
476	-12.872	0.366	0.000
485	-12.871	0.371	0.000
645	-12.870	0.361	0.000
766	-12.777	2.871	0.000
746	-12.536	2.735	0.000
787	-12.515	3.696	0.000
669	-12.466	3.415	0.000
783	-12.455	3.744	0.000
725	-12.405	3.409	0.000
772	-12.405	3.409	0.000
710	-12.379	2.786	0.000
784	-12.261	3.375	0.000
745	-12.213	2.498	0.000
455	-12.187	0.766	0.000
651	-12.167	2.799	0.000
782	-12.063	2.767	0.000
684	-12.062	2.768	0.000
618	-11.954	2.809	0.000
577	-11.253	2.780	0.000
490	-11.251	2.769	0.000
798	-11.206	2.609	0.000
466	-11.156	2.760	0.000
588	-11.155	2.941	0.000
612	-11.153	2.762	0.000
521	-11.148	2.779	0.000
523	-11.093	3.834	0.000
581	-11.093	3.828	0.000
691	-11.092	2.769	0.000
750	-11.092	2.779	0.000
675	-11.090	2.770	0.000
540	-11.058	2.964	0.000
650	-10.998	2.978	0.000
704	-10.988	2.971	0.000
733	-10.806	3.662	0.000
777	-10.793	3.721	0.000
643	-10.782	3.777	0.000
513	-10.780	3.784	0.000
736	-10.584	2.895	0.000
739	-10.439	2.054	0.000
592	-10.407	2.553	0.000
624	-9.832	3.465	0.000
