1509	-14.267	0.000	0.000
1493	-14.216	0.066	0.000
1485	-14.216	0.069	0.000
1566	-14.135	0.050	0.000
1550	-13.634	2.006	0.000
1496	-12.892	3.727	0.000
1563	-12.722	2.118	0.000
1436	-12.411	3.183	0.000
1466	-12.411	3.182	0.000
1453	-12.411	3.187	0.000
1418	-12.410	3.176	0.000
1472	-12.405	3.186	0.000
1546	-12.394	3.184	0.000
1562	-12.368	3.206	0.000
1484	-12.333	3.212	0.000
1448	-12.295	3.635	0.000
1443	-12.026	3.673	0.000
1470	-11.968	3.203	0.000
1403	-11.956	3.178	0.000
1467	-11.947	3.171	0.000
1405	-11.938	3.588	0.000
1438	-11.887	3.217	0.000
1394	-11.876	3.517	0.000
1492	-11.603	3.646	0.000
1457	-11.597	3.649	0.000
1437	-11.567	3.773	0.000
1420	-11.564	3.772	0.000
1476	-11.501	3.726	0.000
1565	-11.484	3.511	0.000
1517	-11.440	3.574	0.000
1447	-11.439	3.740	0.000
1477	-11.398	1.178	0.000
1559	-11.391	3.782	0.000
1427	-11.365	3.629	0.000
1410	-11.361	3.685	0.000
1440	-11.324	3.828	0.000
1539	-11.290	3.829	0.000
1414	-11.286	3.800	0.000
1515	-11.249	3.629	0.000
1458	-11.203	3.830	0.000
1560	-11.168	3.832	0.000
1424	-11.153	3.672	0.000
1531	-11.151	2.540	0.000
1441	-11.087	2.504	0.000
1459	-11.054	3.135	0.000
1478	-11.000	3.570	0.000
165	-10.956	3.474	0.000
1411	-10.951	2.883	0.000
1444	-10.926	3.772	0.000
1490	-10.827	3.407	0.000
1527	-10.803	2.266	0.000
1401	-10.534	3.622	0.000
1412	-10.471	3.306	0.000
1397	-10.456	3.787	0.000
1425	-10.446	3.686	0.000
1500	-10.267	3.823	0.000
1393	-10.074	3.411	0.000
1551	-9.801	3.913	0.000
1497	-9.754	3.217	0.000
1406	-9.632	3.694	0.000
1495	-9.230	3.106	0.000
1475	-9.125	3.983	0.000
