1203	-13.493	0.000	0.000
1227	-13.484	0.081	0.000
1163	-13.478	0.232	0.000
1126	-13.475	0.245	0.000
1204	-13.459	0.126	0.000
1254	-13.451	2.862	0.000
1205	-13.430	3.051	0.000
1155	-13.415	1.585	0.000
1129	-13.414	1.586	0.000
1112	-13.366	1.475	0.000
1143	-13.355	1.468	0.000
1154	-13.355	1.469	0.000
1277	-13.355	1.465	0.000
1348	-13.314	0.177	0.000
1189	-13.308	0.227	0.000
1193	-13.296	0.044	0.000
1341	-13.271	0.425	0.000
1332	-13.269	0.397	0.000
1140	-13.260	0.163	0.000
1291	-13.208	2.482	0.000
1201	-13.196	0.281	0.000
1107	-13.195	0.194	0.000
1127	-13.179	2.318	0.000
1345	-13.118	2.451	0.000
1132	-13.026	1.085	0.000
1307	-12.975	0.459	0.000
1120	-12.859	1.149	0.000
1208	-12.747	1.141	0.000
1225	-12.686	2.244	0.000
1257	-12.685	2.252	0.000
1294	-12.569	2.902	0.000
1328	-12.565	2.127	0.000
1386	-12.539	3.990	0.000
1176	-12.535	2.156	0.000
1274	-12.478	2.992	0.000
1374	-12.388	1.451	0.000
1188	-12.348	1.913	0.000
1320	-12.346	1.858	0.000
1156	-12.279	1.807	0.000
1296	-12.189	3.965	0.000
1371	-11.614	2.752	0.000
1195	-11.611	2.797	0.000
1275	-11.581	3.610	0.000
1137	-11.508	3.975	0.000
1308	-11.507	3.972	0.000
1283	-11.504	2.823	0.000
1160	-11.501	3.613	0.000
1324	-11.460	1.567	0.000
1318	-11.417	2.748	0.000
1360	-11.412	3.864	0.000
1301	-11.392	3.956	0.000
1304	-11.392	3.956	0.000
1340	-11.246	2.272	0.000
