1654	-18.727	0.000	0.000
1669	-18.455	0.189	0.000
1591	-17.459	1.357	0.000
1602	-17.453	1.321	0.000
1611	-17.438	1.347	0.000
1684	-17.394	1.368	0.000
1607	-17.274	0.848	0.000
1574	-16.784	0.582	0.000
1715	-16.758	0.843	0.000
1610	-16.678	2.072	0.000
1571	-16.618	2.428	0.000
1619	-16.584	2.948	0.000
1709	-16.463	0.874	0.000
1636	-16.366	3.479	0.000
1647	-16.364	3.476	0.000
1578	-16.321	2.056	0.000
1651	-16.104	0.521	0.000
1686	-16.001	0.996	0.000
1698	-15.989	0.803	0.000
1660	-15.979	1.071	0.000
1705	-15.785	3.397	0.000
1586	-15.768	2.210	0.000
1609	-15.645	3.686	0.000
1616	-15.180	2.362	0.000
1630	-15.140	2.368	0.000
1577	-15.034	2.096	0.000
1706	-15.033	2.441	0.000
1648	-14.951	2.444	0.000
1644	-14.916	2.458	0.000
1601	-14.912	2.370	0.000
1640	-14.902	2.372	0.000
1693	-14.846	2.444	0.000
1595	-14.758	2.448	0.000
1596	-14.758	2.448	0.000
1696	-14.731	2.070	0.000
1629	-14.711	2.452	0.000
1650	-14.707	2.451	0.000
1628	-14.583	3.585	0.000
1587	-14.494	2.332	0.000
1685	-14.483	3.593	0.000
1593	-14.376	2.463	0.000
1657	-14.306	2.463	0.000
1697	-14.289	2.288	0.000
1598	-14.220	2.400	0.000
1604	-14.219	2.399	0.000
1646	-14.058	2.231	0.000
1639	-13.917	2.313	0.000
1716	-13.834	2.392	0.000
1674	-13.332	2.728	0.000
1717	-13.140	2.664	0.000
1615	-13.057	2.467	0.000
1581	-12.984	3.288	0.000
1575	-12.788	2.462	0.000
1582	-12.767	3.692	0.000
1617	-12.749	2.448	0.000
1600	-12.693	2.439	0.000
1675	-12.686	2.657	0.000
1597	-12.683	2.657	0.000
1580	-12.664	2.437	0.000
1635	-12.656	2.452	0.000
1632	-12.617	2.416	0.000
1612	-12.611	3.923	0.000
1592	-12.459	2.448	0.000
1652	-12.397	2.348	0.000
1699	-12.365	2.167	0.000
1584	-12.253	3.094	0.000
1643	-12.223	2.804	0.000
1588	-12.214	3.207	0.000
1568	-12.208	3.081	0.000
1570	-12.148	2.956	0.000
1713	-12.123	3.151	0.000
1682	-12.035	3.045	0.000
1583	-11.987	2.202	0.000
1680	-11.940	2.899	0.000
1678	-11.882	2.926	0.000
1666	-11.881	2.927	0.000
1599	-11.693	3.605	0.000
1649	-11.241	3.337	0.000
1641	-11.151	3.564	0.000
1673	-11.132	3.563	0.000
1664	-11.129	3.563	0.000
1700	-11.014	3.276	0.000
1637	-10.930	3.333	0.000
1590	-10.757	3.948	0.000
1573	-10.351	3.745	0.000
1569	-10.351	3.739	0.000
1672	-10.335	3.419	0.000
1662	-9.598	3.134	0.000
1622	-9.131	3.136	0.000
