834	-13.704	0.000	0.000
825	-13.401	3.509	0.000
919	-13.397	3.543	0.000
874	-13.322	3.501	0.000
1101	-12.970	3.286	0.000
1001	-12.826	3.171	0.000
1052	-12.798	2.964	0.000
72	-12.767	2.050	0.000
888	-12.691	1.214	0.000
911	-12.691	1.214	0.000
822	-12.669	1.857	0.000
821	-12.668	1.838	0.000
818	-12.664	1.103	0.000
868	-12.648	1.989	0.000
823	-12.642	1.842	0.000
1026	-12.630	2.235	0.000
826	-12.600	1.955	0.000
74	-12.592	1.938	0.000
9	-12.574	1.776	0.000
200	-12.425	1.682	0.000
879	-12.343	3.968	0.000
903	-12.240	2.648	0.000
907	-12.037	3.782	0.000
886	-11.858	2.748	0.000
223	-11.703	2.777	0.000
993	-11.621	2.749	0.000
320	-11.519	3.093	0.000
831	-11.497	3.277	0.000
1081	-11.288	3.731	0.000
896	-11.244	2.654	0.000
841	-11.086	3.938	0.000
891	-11.086	3.939	0.000
1086	-11.086	2.744	0.000
910	-9.598	2.745	0.000
1010	-8.246	3.992	0.000
