50	-18.312	0.000	0.000
97	-18.312	0.001	0.000
98	-18.312	0.001	0.000
20	-18.034	2.083	0.000
11	-17.196	2.706	0.000
229	-17.189	2.714	0.000
224	-17.184	2.725	0.000
13	-17.178	2.714	0.000
3	-17.172	2.704	0.000
18	-17.169	2.705	0.000
15	-17.168	2.705	0.000
250	-17.168	2.010	0.000
279	-17.151	2.968	0.000
68	-16.914	2.717	0.000
405	-16.646	2.980	0.000
231	-16.618	2.977	0.000
214	-16.600	3.030	0.000
349	-16.600	3.030	0.000
188	-16.569	2.972	0.000
114	-16.418	2.697	0.000
84	-16.402	2.776	0.000
137	-16.401	2.768	0.000
242	-16.276	3.909	0.000
211	-16.173	2.186	0.000
91	-16.169	2.766	0.000
32	-16.167	2.766	0.000
394	-16.161	2.773	0.000
153	-16.160	2.750	0.000
124	-16.156	2.193	0.000
163	-16.154	2.738	0.000
112	-16.153	2.734	0.000
339	-16.152	2.739	0.000
379	-16.110	3.018	0.000
205	-16.108	3.018	0.000
234	-16.102	3.259	0.000
80	-16.081	2.766	0.000
244	-16.056	3.223	0.000
148	-16.049	2.732	0.000
288	-16.028	2.226	0.000
132	-16.004	2.218	0.000
87	-15.993	3.267	0.000
208	-15.966	2.200	0.000
376	-15.950	3.759	0.000
30	-15.934	3.238	0.000
318	-15.835	3.266	0.000
164	-15.766	2.553	0.000
210	-15.736	3.265	0.000
166	-15.729	3.233	0.000
398	-15.644	3.234	0.000
258	-15.580	2.710	0.000
342	-15.547	3.449	0.000
316	-15.347	3.252	0.000
221	-15.312	2.520	0.000
138	-15.263	3.266	0.000
47	-15.210	3.252	0.000
416	-15.183	3.256	0.000
366	-15.103	2.942	0.000
10	-15.093	3.589	0.000
344	-14.986	2.550	0.000
262	-14.811	2.882	0.000
100	-14.796	2.673	0.000
351	-14.749	2.559	0.000
182	-14.703	2.753	0.000
358	-14.679	3.199	0.000
212	-14.653	2.788	0.000
406	-14.621	2.615	0.000
37	-14.588	2.844	0.000
158	-14.555	2.574	0.000
192	-14.468	3.947	0.000
356	-14.462	2.931	0.000
130	-14.286	3.780	0.000
282	-14.224	3.973	0.000
241	-14.159	3.367	0.000
301	-14.153	2.576	0.000
278	-14.051	3.250	0.000
197	-13.870	2.883	0.000
292	-13.842	1.587	0.000
1006	-13.824	3.572	0.000
169	-13.806	2.608	0.000
382	-13.768	2.643	0.000
299	-13.689	2.997	0.000
863	-13.391	2.799	0.000
343	-13.366	3.388	0.000
327	-13.344	3.233	0.000
388	-13.033	2.529	0.000
397	-13.028	3.189	0.000
215	-12.962	3.540	0.000
870	-12.901	3.105	0.000
213	-12.894	1.768	0.000
41	-12.843	3.513	0.000
1078	-12.517	3.500	0.000
296	-12.333	3.578	0.000
384	-12.119	2.360	0.000
381	-11.995	3.480	0.000
113	-11.947	3.052	0.000
369	-11.762	2.244	0.000
