1336	-13.696	0.000	0.000
1241	-13.693	0.495	0.000
1278	-13.692	0.495	0.000
1111	-13.639	0.495	0.000
1292	-13.637	0.499	0.000
1177	-12.402	3.525	0.000
1373	-12.402	3.522	0.000
1209	-12.402	3.518	0.000
1173	-12.401	3.524	0.000
1310	-12.401	3.528	0.000
1147	-12.401	3.523	0.000
1222	-12.393	2.369	0.000
1223	-12.388	3.533	0.000
1288	-12.362	3.552	0.000
1247	-12.284	2.978	0.000
1167	-12.284	2.972	0.000
1123	-12.265	2.969	0.000
1178	-12.265	2.969	0.000
1162	-12.265	2.965	0.000
1285	-12.265	2.968	0.000
1378	-12.233	3.009	0.000
1252	-12.198	3.652	0.000
1365	-12.190	2.874	0.000
1260	-12.169	2.995	0.000
1265	-12.143	2.449	0.000
1181	-12.107	3.074	0.000
1215	-12.056	2.538	0.000
1375	-12.041	3.171	0.000
1363	-11.893	3.584	0.000
1289	-11.741	3.473	0.000
1383	-11.708	3.940	0.000
1213	-11.707	3.908	0.000
1316	-11.707	3.913	0.000
1349	-11.707	3.902	0.000
1297	-11.707	3.904	0.000
1174	-11.704	3.672	0.000
1381	-11.640	3.834	0.000
1197	-11.612	3.853	0.000
1229	-11.587	3.812	0.000
1168	-11.574	3.906	0.000
1384	-11.541	3.569	0.000
1233	-11.539	3.844	0.000
1153	-11.528	3.433	0.000
1280	-11.519	3.494	0.000
1286	-11.387	3.468	0.000
1263	-11.243	3.288	0.000
1379	-11.169	2.132	0.000
1317	-11.154	2.443	0.000
1333	-11.058	2.256	0.000
1135	-10.939	2.871	0.000
1364	-10.817	2.454	0.000
1339	-10.716	3.032	0.000
1234	-10.549	3.955	0.000
