936	-16.220	0.000	0.000
996	-15.761	1.338	0.000
938	-15.758	1.337	0.000
847	-15.670	1.309	0.000
854	-15.669	1.306	0.000
1103	-15.668	1.307	0.000
912	-15.666	1.301	0.000
988	-15.662	1.314	0.000
1087	-15.517	3.904	0.000
1041	-15.509	3.926	0.000
1080	-15.506	3.902	0.000
908	-15.479	1.467	0.000
950	-15.467	1.314	0.000
1050	-15.416	1.339	0.000
1032	-15.367	1.701	0.000
1019	-14.933	3.799	0.000
832	-14.932	3.795	0.000
861	-14.859	3.759	0.000
966	-14.789	0.838	0.000
236	-14.762	3.920	0.000
953	-14.746	3.934	0.000
1083	-14.735	3.940	0.000
846	-14.725	3.930	0.000
852	-14.724	3.929	0.000
858	-14.724	3.930	0.000
828	-14.679	3.931	0.000
979	-14.645	3.721	0.000
955	-14.093	1.104	0.000
935	-13.881	1.271	0.000
956	-13.862	3.836	0.000
851	-13.794	3.109	0.000
1030	-13.718	2.357	0.000
973	-13.713	2.400	0.000
916	-13.689	3.865	0.000
898	-13.659	2.452	0.000
889	-13.606	3.631	0.000
835	-13.590	3.585	0.000
890	-13.556	3.562	0.000
904	-13.556	3.565	0.000
941	-13.555	3.564	0.000
951	-13.542	3.565	0.000
857	-13.536	2.285	0.000
982	-13.514	3.549	0.000
929	-13.502	3.594	0.000
925	-13.457	3.365	0.000
918	-13.456	3.361	0.000
947	-13.456	3.362	0.000
917	-13.456	3.361	0.000
998	-13.441	3.648	0.000
920	-13.405	3.776	0.000
913	-13.402	3.784	0.000
971	-13.402	3.798	0.000
1009	-13.401	3.795	0.000
942	-13.398	3.805	0.000
901	-13.388	3.384	0.000
1018	-13.329	2.256	0.000
959	-13.318	3.680	0.000
1079	-13.156	1.984	0.000
1004	-13.038	2.263	0.000
921	-13.038	2.260	0.000
1038	-13.008	3.935	0.000
1084	-12.931	2.058	0.000
1085	-12.903	2.649	0.000
1068	-12.717	3.737	0.000
946	-12.699	1.965	0.000
978	-12.615	2.186	0.000
1092	-12.090	2.949	0.000
975	-12.072	2.322	0.000
1104	-11.632	2.895	0.000
969	-11.591	3.182	0.000
989	-11.561	3.117	0.000
945	-11.540	3.988	0.000
999	-11.540	3.991	0.000
1095	-11.526	3.556	0.000
970	-11.479	2.725	0.000
1077	-11.293	2.947	0.000
1072	-11.225	3.054	0.000
