1543	-14.647	0.000	0.000
1581	-14.551	0.037	0.000
1632	-14.340	3.340	0.000
1514	-14.313	3.340	0.000
1532	-14.238	2.902	0.000
1570	-14.184	1.892	0.000
1451	-14.120	3.722	0.000
1505	-13.985	3.686	0.000
1439	-13.940	2.509	0.000
1477	-13.881	2.897	0.000
1441	-13.856	2.900	0.000
1571	-13.830	2.330	0.000
1457	-13.766	2.574	0.000
1605	-13.761	2.574	0.000
1586	-13.737	2.336	0.000
1615	-13.716	3.729	0.000
1579	-13.676	2.327	0.000
1481	-13.673	3.736	0.000
1582	-13.630	3.726	0.000
1491	-13.624	1.338	0.000
1584	-13.574	3.668	0.000
1567	-13.558	3.684	0.000
1566	-13.545	3.690	0.000
1563	-13.437	2.901	0.000
1577	-13.339	3.735	0.000
1551	-13.029	3.093	0.000
1620	-13.027	1.358	0.000
1509	-12.966	3.056	0.000
1545	-12.823	3.071	0.000
1574	-12.808	3.131	0.000
1527	-12.601	1.586	0.000
1522	-12.536	3.587	0.000
1461	-12.448	3.930	0.000
1440	-12.409	3.088	0.000
1634	-12.395	3.596	0.000
1614	-12.390	3.593	0.000
1497	-12.372	3.071	0.000
1493	-12.219	3.925	0.000
1474	-12.215	3.841	0.000
1459	-12.214	3.840	0.000
1466	-12.120	3.027	0.000
1593	-12.103	3.017	0.000
1608	-12.031	1.914	0.000
1607	-11.995	1.959	0.000
1449	-11.971	3.930	0.000
1487	-11.857	3.846	0.000
1590	-11.813	2.653	0.000
351	-11.786	3.607	0.000
1508	-11.747	3.790	0.000
1550	-11.739	3.361	0.000
1599	-11.705	3.726	0.000
1557	-11.662	3.637	0.000
1495	-11.661	3.659	0.000
1628	-11.644	3.430	0.000
1469	-11.636	3.759	0.000
1578	-11.607	3.757	0.000
1524	-11.543	3.555	0.000
1520	-11.542	3.549	0.000
1472	-11.503	3.760	0.000
1629	-11.458	3.764	0.000
1455	-11.449	2.734	0.000
1489	-11.448	3.749	0.000
1538	-11.408	3.871	0.000
1502	-11.407	3.867	0.000
1642	-11.403	3.918	0.000
1539	-11.383	3.261	0.000
1606	-11.343	3.896	0.000
1595	-11.295	3.785	0.000
1553	-11.290	3.811	0.000
1536	-11.287	3.544	0.000
1526	-11.265	3.782	0.000
1611	-11.230	3.649	0.000
1564	-11.175	3.874	0.000
1479	-11.152	3.469	0.000
1537	-11.150	3.781	0.000
1565	-11.134	2.829	0.000
1534	-11.087	3.417	0.000
1604	-11.030	3.037	0.000
1525	-11.027	3.699	0.000
1482	-11.010	3.416	0.000
1641	-10.988	3.277	0.000
1562	-10.848	3.700	0.000
1478	-10.436	3.713	0.000
1511	-10.434	3.711	0.000
1569	-10.404	2.716	0.000
1588	-10.315	3.942	0.000
1625	-10.298	3.679	0.000
1587	-10.199	3.552	0.000
1528	-10.030	3.943	0.000
1510	-10.010	3.912	0.000
1573	-9.830	3.980	0.000
1575	-9.817	3.690	0.000
1471	-9.683	3.953	0.000
1475	-9.683	3.953	0.000
1556	-9.525	3.836	0.000
1535	-9.521	3.828	0.000
1555	-9.445	3.418	0.000
1462	-9.411	3.098	0.000
1490	-9.370	3.762	0.000
1465	-9.321	3.869	0.000
1533	-9.282	3.928	0.000
1506	-9.205	3.968	0.000
1541	-9.072	3.789	0.000
1540	-9.045	3.759	0.000
1496	-8.930	3.379	0.000
1501	-8.264	3.414	0.000
