1136	-16.026	0.000	0.000
939	-16.025	0.013	0.000
873	-16.025	0.012	0.000
895	-16.025	0.010	0.000
1018	-16.025	0.011	0.000
855	-16.025	0.028	0.000
986	-15.780	0.145	0.000
981	-15.750	0.564	0.000
1138	-15.603	0.939	0.000
941	-15.508	0.880	0.000
999	-15.389	0.912	0.000
870	-14.626	2.187	0.000
878	-14.585	2.192	0.000
997	-14.538	3.975	0.000
1102	-14.529	2.182	0.000
1137	-14.527	2.181	0.000
1109	-14.512	2.198	0.000
1132	-14.508	2.197	0.000
856	-14.493	2.167	0.000
947	-14.480	2.163	0.000
104	-14.459	2.162	0.000
137	-14.452	2.147	0.000
859	-14.400	2.172	0.000
871	-14.396	2.161	0.000
918	-14.383	2.159	0.000
931	-14.383	2.158	0.000
1042	-13.849	2.282	0.000
885	-13.758	2.951	0.000
1135	-13.556	2.952	0.000
966	-13.555	2.971	0.000
912	-13.509	2.923	0.000
948	-13.507	2.910	0.000
977	-13.496	2.812	0.000
910	-13.351	3.544	0.000
889	-13.331	3.884	0.000
961	-13.238	3.635	0.000
1071	-13.228	3.697	0.000
1114	-13.219	3.999	0.000
1103	-13.165	2.520	0.000
1016	-13.008	3.487	0.000
1098	-12.997	3.726	0.000
187	-12.985	3.487	0.000
1081	-12.932	2.205	0.000
924	-12.555	3.852	0.000
913	-12.545	3.059	0.000
900	-12.504	3.076	0.000
1090	-12.460	3.445	0.000
875	-12.451	2.945	0.000
1037	-12.443	3.020	0.000
978	-12.342	2.937	0.000
1124	-12.327	2.945	0.000
891	-12.273	2.699	0.000
1055	-12.198	2.482	0.000
1095	-12.182	3.980	0.000
1004	-12.171	2.981	0.000
1022	-12.134	2.501	0.000
893	-12.064	3.946	0.000
1143	-12.051	3.424	0.000
882	-12.035	3.199	0.000
954	-12.035	3.203	0.000
1040	-12.035	3.205	0.000
353	-12.024	3.206	0.000
960	-11.833	3.269	0.000
1147	-11.824	3.087	0.000
1110	-11.821	2.851	0.000
1017	-11.778	3.222	0.000
1106	-11.749	3.265	0.000
881	-11.699	3.531	0.000
967	-11.695	3.345	0.000
980	-11.695	3.998	0.000
975	-11.694	3.342	0.000
863	-11.622	3.188	0.000
867	-11.618	3.181	0.000
911	-11.613	3.720	0.000
872	-11.604	3.672	0.000
1029	-11.595	3.637	0.000
1052	-11.565	3.519	0.000
932	-11.541	3.940	0.000
1054	-11.515	3.425	0.000
1053	-11.501	3.662	0.000
1015	-11.402	3.272	0.000
974	-11.398	3.262	0.000
1094	-10.938	3.995	0.000
414	-9.770	3.941	0.000
318	-9.770	3.936	0.000
1123	-9.625	3.936	0.000
