1305	-15.795	0.000	0.000
1233	-15.759	0.028	0.000
1211	-15.705	0.023	0.000
1342	-15.449	1.271	0.000
1346	-15.438	0.729	0.000
1339	-15.257	1.605	0.000
1437	-15.220	0.386	0.000
1176	-15.080	2.608	0.000
1253	-15.075	3.953	0.000
1371	-15.065	3.953	0.000
1228	-15.064	3.942	0.000
1151	-15.036	3.945	0.000
1150	-15.024	3.917	0.000
1322	-15.009	1.053	0.000
1319	-14.958	1.524	0.000
1282	-14.938	3.796	0.000
1433	-14.921	2.829	0.000
1177	-14.734	2.787	0.000
1260	-14.733	2.783	0.000
1340	-14.481	3.984	0.000
1366	-14.440	2.612	0.000
1214	-14.194	1.587	0.000
1414	-14.150	2.675	0.000
1432	-14.068	1.911	0.000
1313	-14.010	1.985	0.000
1407	-13.987	3.261	0.000
1395	-13.854	3.245	0.000
1402	-13.841	3.147	0.000
1265	-13.828	2.032	0.000
1304	-13.800	3.148	0.000
1246	-13.551	2.933	0.000
1162	-13.427	3.421	0.000
1163	-13.357	3.414	0.000
1154	-13.344	3.295	0.000
1189	-13.343	3.320	0.000
1153	-13.340	3.258	0.000
1215	-13.276	3.497	0.000
1180	-13.209	3.546	0.000
1220	-13.193	3.815	0.000
1388	-13.082	3.918	0.000
1385	-13.047	3.196	0.000
1369	-12.947	1.916	0.000
1396	-12.664	3.195	0.000
1397	-12.541	2.406	0.000
1268	-12.362	3.727	0.000
1382	-12.315	3.719	0.000
1438	-12.107	3.642	0.000
1207	-12.089	3.154	0.000
1417	-11.598	2.174	0.000
1271	-11.487	2.028	0.000
