733	-12.529	0.000	0.000
525	-12.302	0.703	0.000
635	-12.026	0.074	0.000
654	-12.026	0.073	0.000
752	-12.025	0.074	0.000
754	-12.025	0.073	0.000
718	-12.024	0.059	0.000
533	-12.023	0.082	0.000
621	-12.012	3.256	0.000
571	-11.906	0.728	0.000
531	-11.726	3.071	0.000
592	-11.716	3.069	0.000
786	-11.583	2.802	0.000
622	-11.583	2.790	0.000
800	-11.553	2.669	0.000
793	-11.518	2.642	0.000
784	-11.516	2.662	0.000
490	-11.384	3.884	0.000
713	-11.337	3.946	0.000
595	-11.332	3.908	0.000
762	-11.097	3.907	0.000
