44	-18.177	0.000	0.000
30	-17.910	0.021	0.000
27	-17.804	0.068	0.000
57	-17.800	0.068	0.000
107	-17.799	0.068	0.000
10	-17.735	2.644	0.000
45	-17.654	2.944	0.000
28	-17.315	1.233	0.000
12	-17.226	2.596	0.000
105	-17.155	2.622	0.000
16	-17.066	2.706	0.000
34	-16.451	2.644	0.000
118	-16.437	2.814	0.000
178	-16.423	1.645	0.000
357	-16.358	3.940	0.000
148	-16.340	3.984	0.000
210	-16.339	3.982	0.000
130	-16.333	2.650	0.000
100	-16.332	2.648	0.000
153	-16.331	2.617	0.000
50	-16.328	2.618	0.000
301	-16.296	2.662	0.000
278	-16.292	3.930	0.000
133	-16.247	3.998	0.000
429	-16.243	2.751	0.000
337	-16.223	3.992	0.000
188	-16.222	3.983	0.000
169	-16.202	3.184	0.000
290	-16.193	2.627	0.000
225	-16.164	2.815	0.000
143	-16.132	3.977	0.000
292	-16.121	3.940	0.000
157	-16.114	3.179	0.000
217	-16.077	2.982	0.000
142	-15.974	3.038	0.000
159	-15.973	3.038	0.000
59	-15.871	2.737	0.000
230	-15.866	3.276	0.000
168	-15.837	2.651	0.000
91	-15.835	2.651	0.000
6	-15.796	3.262	0.000
317	-15.735	3.295	0.000
304	-15.733	0.486	0.000
1019	-15.713	3.947	0.000
136	-15.677	3.028	0.000
444	-15.644	3.526	0.000
313	-15.595	3.450	0.000
309	-15.585	3.004	0.000
161	-15.517	3.041	0.000
209	-15.506	2.941	0.000
332	-15.491	0.153	0.000
64	-15.480	1.544	0.000
378	-15.471	3.037	0.000
403	-15.213	3.671	0.000
52	-15.176	3.035	0.000
321	-15.123	3.287	0.000
232	-15.113	3.033	0.000
221	-15.105	0.572	0.000
193	-15.074	1.264	0.000
368	-15.018	2.095	0.000
156	-15.010	3.985	0.000
53	-14.982	3.323	0.000
113	-14.981	3.939	0.000
163	-14.958	1.460	0.000
275	-14.899	3.128	0.000
158	-14.643	3.915	0.000
189	-14.602	2.631	0.000
183	-14.482	2.820	0.000
63	-14.442	3.946	0.000
152	-14.418	1.037	0.000
307	-14.287	3.794	0.000
450	-14.268	3.141	0.000
47	-14.265	3.776	0.000
308	-14.239	3.647	0.000
346	-14.220	2.046	0.000
56	-14.191	3.532	0.000
115	-14.172	3.616	0.000
436	-13.935	3.803	0.000
243	-13.911	3.119	0.000
289	-13.881	3.784	0.000
443	-13.865	3.859	0.000
383	-13.860	3.841	0.000
172	-13.856	2.852	0.000
1559	-13.753	2.249	0.000
226	-13.668	2.635	0.000
441	-13.579	3.763	0.000
233	-13.577	3.987	0.000
38	-13.499	3.133	0.000
1512	-13.409	2.492	0.000
279	-13.286	3.282	0.000
401	-13.149	3.127	0.000
300	-13.136	3.899	0.000
296	-13.133	1.829	0.000
202	-13.112	2.329	0.000
1518	-13.082	1.720	0.000
340	-12.993	3.926	0.000
363	-12.868	3.615	0.000
396	-12.783	3.301	0.000
267	-12.684	1.280	0.000
324	-12.478	3.500	0.000
78	-12.260	2.656	0.000
330	-12.210	3.326	0.000
119	-12.151	3.797	0.000
241	-11.953	3.666	0.000
1463	-11.468	3.986	0.000
1448	-11.371	3.980	0.000
364	-11.269	3.024	0.000
1591	-11.258	3.029	0.000
127	-10.844	3.733	0.000
195	-10.834	3.667	0.000
1624	-10.689	2.722	0.000
430	-10.555	3.486	0.000
