702	-14.700	0.000	0.000
546	-14.590	0.008	0.000
558	-14.590	0.008	0.000
618	-14.590	0.008	0.000
655	-14.590	0.008	0.000
507	-14.587	0.008	0.000
823	-14.581	0.009	0.000
775	-14.578	0.009	0.000
500	-14.573	0.009	0.000
505	-14.573	0.009	0.000
465	-14.563	0.010	0.000
650	-14.511	3.854	0.000
557	-14.511	3.860	0.000
512	-14.495	3.842	0.000
675	-14.491	3.852	0.000
616	-14.192	3.859	0.000
852	-14.184	0.617	0.000
812	-14.184	0.618	0.000
698	-14.176	3.867	0.000
511	-13.850	3.261	0.000
456	-13.849	3.266	0.000
464	-13.846	3.264	0.000
555	-13.803	3.236	0.000
849	-13.802	3.234	0.000
656	-13.743	3.246	0.000
829	-13.704	3.236	0.000
803	-13.685	3.243	0.000
575	-13.666	3.268	0.000
666	-13.606	3.253	0.000
749	-13.604	3.255	0.000
817	-13.582	3.276	0.000
547	-13.575	1.496	0.000
487	-13.573	1.487	0.000
704	-13.566	3.997	0.000
502	-13.554	3.458	0.000
596	-13.517	3.458	0.000
726	-13.516	3.459	0.000
453	-13.500	3.479	0.000
458	-13.446	3.540	0.000
822	-13.446	3.469	0.000
711	-13.437	3.466	0.000
782	-13.430	3.474	0.000
766	-13.412	2.388	0.000
515	-13.352	3.514	0.000
688	-13.348	3.465	0.000
482	-13.333	3.560	0.000
699	-13.181	3.772	0.000
658	-13.055	3.999	0.000
588	-13.040	3.861	0.000
469	-13.024	3.950	0.000
646	-13.006	2.901	0.000
776	-13.001	3.965	0.000
598	-12.991	3.981	0.000
506	-12.944	3.944	0.000
715	-12.942	3.466	0.000
522	-12.931	3.467	0.000
519	-12.895	2.900	0.000
736	-12.881	2.902	0.000
703	-12.868	2.901	0.000
705	-12.859	1.539	0.000
513	-12.856	3.472	0.000
838	-12.851	3.472	0.000
735	-12.849	3.472	0.000
653	-12.826	3.439	0.000
722	-12.757	3.888	0.000
623	-12.755	3.937	0.000
614	-12.737	3.447	0.000
609	-12.732	3.298	0.000
725	-12.720	2.927	0.000
634	-12.676	2.946	0.000
583	-12.676	2.946	0.000
534	-12.671	2.970	0.000
504	-12.671	2.943	0.000
691	-12.668	2.937	0.000
501	-12.610	3.270	0.000
476	-12.608	3.272	0.000
768	-12.581	2.951	0.000
686	-12.550	3.001	0.000
642	-12.545	3.314	0.000
530	-12.459	2.405	0.000
564	-12.457	2.388	0.000
813	-12.453	2.364	0.000
846	-12.420	2.490	0.000
613	-12.399	3.279	0.000
491	-12.309	1.935	0.000
554	-12.253	2.756	0.000
548	-12.241	1.721	0.000
589	-12.239	1.820	0.000
587	-12.239	1.818	0.000
774	-12.237	1.783	0.000
679	-12.233	1.740	0.000
681	-12.200	1.534	0.000
717	-12.189	1.835	0.000
729	-12.157	2.808	0.000
475	-12.156	2.803	0.000
584	-11.985	2.397	0.000
780	-11.982	2.356	0.000
637	-11.935	2.387	0.000
816	-11.826	2.470	0.000
773	-11.770	2.290	0.000
783	-11.737	2.509	0.000
763	-11.557	3.853	0.000
649	-11.476	2.585	0.000
632	-11.321	2.443	0.000
802	-11.036	3.893	0.000
724	-10.965	2.857	0.000
734	-10.314	3.490	0.000
566	-10.251	3.722	0.000
758	-10.220	3.864	0.000
549	-10.220	3.863	0.000
785	-10.216	3.894	0.000
709	-10.200	3.970	0.000
659	-10.186	3.605	0.000
561	-9.617	2.936	0.000
