1485	-12.988	0.000	0.000
1467	-12.954	0.006	0.000
1464	-12.954	0.008	0.000
1554	-12.543	2.682	0.000
1630	-12.440	0.450	0.000
1597	-12.416	0.448	0.000
1635	-12.415	0.458	0.000
1454	-12.293	3.424	0.000
1600	-12.101	3.586	0.000
1492	-12.055	3.380	0.000
1568	-12.025	2.616	0.000
1473	-11.925	2.617	0.000
1443	-11.905	3.310	0.000
1519	-11.854	2.612	0.000
1530	-11.845	2.475	0.000
1447	-11.812	3.287	0.000
1549	-11.781	2.617	0.000
1444	-11.750	3.051	0.000
1548	-11.631	3.647	0.000
1515	-11.629	3.646	0.000
1613	-11.511	3.636	0.000
1488	-11.491	3.637	0.000
1446	-11.391	2.235	0.000
1486	-11.386	3.666	0.000
1521	-11.372	3.651	0.000
1483	-11.362	2.231	0.000
1576	-11.361	2.269	0.000
1609	-11.359	2.271	0.000
1513	-11.292	3.616	0.000
1504	-11.177	2.705	0.000
1594	-11.124	3.736	0.000
1580	-11.083	3.651	0.000
253	-11.014	3.130	0.000
1638	-10.996	3.970	0.000
1623	-10.878	2.351	0.000
1542	-10.842	3.801	0.000
1445	-10.839	2.911	0.000
1531	-10.699	2.972	0.000
1450	-10.696	3.240	0.000
1453	-10.626	3.021	0.000
1456	-10.600	3.289	0.000
1602	-10.422	2.638	0.000
1468	-10.272	2.837	0.000
1480	-10.235	3.659	0.000
1484	-10.039	3.216	0.000
1494	-8.874	3.830	0.000
1560	-8.871	3.863	0.000
1627	-8.717	3.571	0.000
