1	-16.715	0.000	0.000
18	-16.075	0.060	0.000
71	-15.938	0.180	0.000
228	-15.712	2.304	0.000
135	-15.703	2.285	0.000
288	-15.645	2.293	0.000
70	-15.613	2.286	0.000
419	-15.569	2.260	0.000
1065	-15.443	2.283	0.000
20	-15.375	2.425	0.000
1082	-15.279	2.248	0.000
23	-15.194	2.407	0.000
36	-14.906	2.495	0.000
223	-14.680	2.244	0.000
140	-14.680	2.246	0.000
89	-14.678	2.245	0.000
244	-14.644	2.485	0.000
121	-14.642	2.413	0.000
96	-14.617	2.443	0.000
222	-14.616	2.443	0.000
75	-14.614	2.443	0.000
39	-14.614	2.444	0.000
408	-14.592	2.431	0.000
251	-14.507	2.481	0.000
125	-14.505	2.410	0.000
207	-14.320	2.552	0.000
425	-14.293	2.543	0.000
213	-14.202	2.130	0.000
5	-14.049	2.618	0.000
31	-13.516	2.954	0.000
182	-13.458	3.988	0.000
238	-13.456	3.988	0.000
246	-13.446	3.335	0.000
1108	-13.424	3.855	0.000
306	-13.419	3.931	0.000
126	-13.415	3.996	0.000
9	-13.354	3.987	0.000
239	-13.248	3.601	0.000
227	-13.166	3.346	0.000
1073	-13.040	3.760	0.000
435	-12.854	3.370	0.000
263	-12.598	3.883	0.000
350	-12.483	3.992	0.000
208	-12.253	3.251	0.000
