541	-14.606	0.000	0.000
707	-14.586	0.003	0.000
591	-14.415	0.020	0.000
670	-14.409	0.017	0.000
831	-13.502	2.160	0.000
732	-13.350	3.852	0.000
461	-13.338	3.709	0.000
804	-13.224	0.636	0.000
741	-13.210	3.953	0.000
532	-12.992	3.721	0.000
827	-12.992	3.719	0.000
808	-12.991	3.725	0.000
668	-12.970	2.269	0.000
535	-12.816	3.782	0.000
608	-12.806	3.807	0.000
550	-12.778	3.829	0.000
676	-12.753	3.592	0.000
739	-12.402	3.789	0.000
573	-12.320	3.925	0.000
606	-12.320	3.923	0.000
510	-12.319	3.926	0.000
570	-12.319	3.924	0.000
582	-12.319	3.924	0.000
636	-12.318	3.928	0.000
641	-12.179	3.956	0.000
807	-11.802	2.221	0.000
792	-11.801	2.220	0.000
620	-11.745	2.920	0.000
661	-11.744	2.920	0.000
839	-11.744	2.920	0.000
778	-11.744	2.920	0.000
611	-11.744	2.920	0.000
685	-11.715	2.918	0.000
576	-11.475	2.904	0.000
731	-11.348	3.391	0.000
540	-10.967	3.598	0.000
796	-10.930	3.585	0.000
765	-10.929	3.596	0.000
556	-10.216	2.625	0.000
