315	-14.200	0.000	0.000
174	-14.176	0.046	0.000
220	-14.176	0.045	0.000
240	-14.176	0.049	0.000
358	-14.170	0.596	0.000
1112	-14.128	0.519	0.000
348	-14.076	0.520	0.000
369	-13.949	0.574	0.000
866	-13.685	3.565	0.000
972	-13.400	1.180	0.000
928	-13.252	3.752	0.000
265	-13.037	3.991	0.000
374	-12.982	3.942	0.000
326	-12.871	3.988	0.000
286	-12.835	1.347	0.000
995	-12.717	3.716	0.000
1105	-12.639	3.958	0.000
149	-12.568	3.766	0.000
339	-12.564	2.663	0.000
283	-12.536	2.631	0.000
1014	-12.513	3.559	0.000
69	-12.491	2.939	0.000
1056	-12.471	3.959	0.000
1051	-12.371	3.334	0.000
996	-12.333	2.938	0.000
1084	-12.332	2.931	0.000
1126	-12.312	3.979	0.000
868	-12.241	3.976	0.000
985	-12.236	3.034	0.000
1021	-12.227	3.542	0.000
956	-11.962	3.975	0.000
1072	-11.906	3.971	0.000
1061	-11.599	3.945	0.000
349	-11.471	2.821	0.000
1119	-10.924	3.614	0.000
384	-10.624	3.492	0.000
421	-9.361	3.818	0.000
