1165	-12.556	0.000	0.000
1166	-12.556	0.008	0.000
1221	-12.556	0.014	0.000
1420	-12.555	0.039	0.000
1237	-12.538	0.135	0.000
1416	-12.471	3.174	0.000
1295	-12.467	3.308	0.000
1236	-12.442	3.263	0.000
1375	-12.437	3.333	0.000
1222	-12.431	3.404	0.000
1412	-12.418	3.387	0.000
1338	-12.407	0.587	0.000
1384	-12.351	0.443	0.000
1173	-12.348	0.524	0.000
1431	-12.178	2.969	0.000
1248	-12.004	1.548	0.000
1294	-12.001	1.546	0.000
1277	-11.888	1.968	0.000
1348	-11.828	3.721	0.000
1182	-11.629	1.814	0.000
1362	-11.346	3.119	0.000
