1721	-16.764	0.000	0.000
1753	-16.762	0.002	0.000
1679	-16.761	0.002	0.000
1788	-16.694	0.486	0.000
1653	-16.372	3.994	0.000
1711	-15.513	0.136	0.000
1775	-14.558	2.883	0.000
1759	-13.601	2.415	0.000
1758	-13.313	2.397	0.000
1737	-13.152	2.629	0.000
1761	-12.731	2.443	0.000
1741	-12.413	2.609	0.000
1763	-12.364	3.693	0.000
1722	-11.859	3.821	0.000
1671	-11.811	3.971	0.000
1674	-11.811	3.971	0.000
1783	-11.589	3.979	0.000
1756	-11.589	3.982	0.000
1698	-11.516	3.960	0.000
1713	-11.385	3.898	0.000
1742	-11.382	2.384	0.000
