727	-15.909	0.000	0.000
770	-15.904	0.018	0.000
764	-15.903	0.039	0.000
467	-15.494	0.032	0.000
466	-15.494	0.031	0.000
496	-15.487	0.032	0.000
488	-15.487	0.032	0.000
503	-15.487	0.034	0.000
779	-15.469	0.029	0.000
537	-15.463	0.032	0.000
593	-15.463	0.029	0.000
577	-15.462	0.036	0.000
663	-14.499	1.067	0.000
468	-14.460	2.105	0.000
696	-14.459	2.082	0.000
660	-14.361	2.150	0.000
485	-14.275	2.318	0.000
457	-14.206	2.314	0.000
483	-14.188	1.260	0.000
477	-14.188	1.254	0.000
542	-14.135	2.314	0.000
568	-14.043	3.783	0.000
769	-14.001	1.343	0.000
810	-13.998	1.346	0.000
771	-13.990	3.027	0.000
579	-13.989	1.352	0.000
777	-13.964	2.652	0.000
619	-13.946	2.653	0.000
648	-13.946	2.653	0.000
462	-13.872	3.022	0.000
581	-13.792	2.960	0.000
544	-13.790	3.002	0.000
837	-13.774	3.668	0.000
601	-13.772	3.011	0.000
692	-13.768	1.331	0.000
630	-13.761	3.113	0.000
841	-13.696	3.096	0.000
836	-13.638	2.643	0.000
480	-13.481	3.465	0.000
484	-13.481	3.467	0.000
695	-13.481	3.465	0.000
553	-13.457	3.072	0.000
494	-13.410	2.993	0.000
473	-13.406	2.996	0.000
694	-13.402	3.925	0.000
798	-13.381	3.142	0.000
850	-13.334	3.265	0.000
833	-13.315	3.778	0.000
644	-13.268	2.716	0.000
536	-13.268	2.716	0.000
640	-13.268	2.716	0.000
665	-13.268	2.716	0.000
527	-13.249	3.545	0.000
755	-13.213	3.198	0.000
840	-13.154	3.876	0.000
569	-13.144	3.819	0.000
682	-13.141	3.845	0.000
797	-13.136	2.725	0.000
567	-13.112	3.547	0.000
700	-13.104	3.693	0.000
690	-13.098	3.630	0.000
508	-13.095	3.550	0.000
460	-13.092	3.556	0.000
848	-13.079	3.749	0.000
742	-13.076	3.764	0.000
562	-13.075	3.710	0.000
672	-13.064	3.782	0.000
821	-13.045	3.661	0.000
551	-13.044	3.610	0.000
657	-13.042	3.628	0.000
835	-13.040	3.403	0.000
518	-13.029	3.634	0.000
492	-13.029	3.587	0.000
479	-13.027	3.646	0.000
455	-13.020	3.593	0.000
708	-13.020	3.600	0.000
671	-13.020	3.472	0.000
639	-13.019	3.467	0.000
832	-13.019	3.471	0.000
612	-13.019	3.464	0.000
493	-12.985	3.467	0.000
474	-12.983	3.463	0.000
495	-12.983	3.461	0.000
687	-12.982	3.461	0.000
820	-12.945	3.180	0.000
830	-12.938	1.533	0.000
693	-12.919	2.708	0.000
819	-12.901	3.024	0.000
664	-12.900	2.710	0.000
600	-12.896	2.710	0.000
701	-12.893	2.203	0.000
669	-12.873	3.323	0.000
791	-12.869	3.333	0.000
716	-12.847	3.312	0.000
509	-12.837	2.406	0.000
678	-12.617	2.582	0.000
499	-12.607	2.582	0.000
756	-12.604	2.584	0.000
759	-12.602	3.384	0.000
825	-12.595	3.429	0.000
523	-12.594	2.585	0.000
677	-12.578	2.205	0.000
489	-12.572	2.201	0.000
809	-12.536	2.207	0.000
594	-12.526	2.202	0.000
629	-12.525	3.368	0.000
524	-12.470	1.751	0.000
667	-12.377	3.375	0.000
572	-12.377	3.371	0.000
517	-12.375	3.371	0.000
746	-12.361	3.327	0.000
498	-12.354	3.324	0.000
599	-12.350	3.966	0.000
714	-12.348	3.996	0.000
538	-12.341	3.269	0.000
683	-12.334	2.714	0.000
529	-12.326	3.778	0.000
520	-12.320	3.972	0.000
617	-12.320	3.997	0.000
528	-12.320	3.961	0.000
652	-12.320	3.945	0.000
516	-12.319	3.969	0.000
842	-12.310	3.901	0.000
697	-12.299	3.816	0.000
565	-12.296	3.766	0.000
787	-12.296	3.764	0.000
603	-12.279	3.739	0.000
597	-12.238	3.610	0.000
497	-12.234	2.203	0.000
590	-12.199	3.793	0.000
628	-12.191	3.088	0.000
643	-11.837	2.605	0.000
651	-11.819	2.594	0.000
552	-11.819	2.593	0.000
794	-11.652	3.395	0.000
720	-11.647	2.835	0.000
586	-11.289	2.584	0.000
545	-11.287	2.568	0.000
772	-11.200	3.533	0.000
625	-10.873	3.687	0.000
728	-10.562	2.995	0.000
788	-10.524	3.148	0.000
631	-10.449	2.923	0.000
