950	-14.619	0.000	0.000
1074	-14.598	1.741	0.000
1001	-14.582	2.460	0.000
988	-14.497	3.464	0.000
865	-14.497	3.463	0.000
908	-14.456	3.465	0.000
1117	-14.316	3.555	0.000
984	-14.067	2.507	0.000
946	-14.066	2.507	0.000
927	-13.995	2.510	0.000
1000	-13.971	2.535	0.000
869	-13.591	3.733	0.000
987	-13.464	3.574	0.000
921	-13.462	3.566	0.000
957	-13.457	3.571	0.000
971	-13.442	3.571	0.000
897	-12.977	3.511	0.000
1067	-12.337	2.300	0.000
1068	-12.248	3.646	0.000
982	-12.230	2.865	0.000
1146	-12.127	2.038	0.000
923	-12.122	2.034	0.000
1141	-12.109	2.086	0.000
935	-12.106	2.121	0.000
1101	-10.976	2.787	0.000
