8	-20.852	0.000	0.000
124	-20.513	1.260	0.000
77	-20.008	0.976	0.000
451	-19.620	1.182	0.000
249	-19.467	1.292	0.000
1069	-19.354	0.575	0.000
128	-19.163	1.286	0.000
144	-18.602	3.426	0.000
48	-18.526	3.587	0.000
170	-18.496	3.577	0.000
380	-18.489	3.582	0.000
424	-18.456	3.535	0.000
29	-18.432	3.540	0.000
437	-18.422	3.960	0.000
432	-18.390	3.437	0.000
312	-18.337	3.406	0.000
92	-18.316	3.066	0.000
66	-18.271	3.456	0.000
19	-18.240	3.064	0.000
270	-18.138	3.557	0.000
381	-18.136	3.583	0.000
409	-18.113	3.580	0.000
3	-17.874	3.229	0.000
72	-17.849	3.650	0.000
277	-17.836	3.029	0.000
256	-17.704	3.526	0.000
76	-17.652	2.763	0.000
94	-17.652	2.762	0.000
114	-17.650	3.526	0.000
190	-17.650	3.526	0.000
90	-17.648	3.526	0.000
85	-17.647	3.526	0.000
40	-17.644	3.535	0.000
203	-17.636	3.155	0.000
65	-17.627	3.156	0.000
147	-17.603	3.516	0.000
431	-17.602	3.096	0.000
185	-17.599	3.576	0.000
411	-17.478	3.536	0.000
320	-17.471	3.186	0.000
150	-17.454	3.666	0.000
200	-17.336	1.389	0.000
427	-17.299	3.338	0.000
176	-17.274	3.185	0.000
1045	-17.271	3.374	0.000
151	-17.243	3.180	0.000
106	-17.212	3.060	0.000
35	-17.210	3.053	0.000
26	-17.166	3.037	0.000
322	-17.141	3.244	0.000
211	-17.132	3.234	0.000
314	-17.117	3.277	0.000
336	-17.091	3.310	0.000
61	-16.965	2.985	0.000
416	-16.907	3.035	0.000
269	-16.893	3.816	0.000
445	-16.891	2.985	0.000
162	-16.858	3.027	0.000
418	-16.832	3.094	0.000
41	-16.719	3.027	0.000
452	-16.718	3.565	0.000
111	-16.701	3.041	0.000
2	-16.656	3.994	0.000
284	-16.641	3.542	0.000
11	-16.585	3.724	0.000
46	-16.564	3.280	0.000
198	-16.516	1.601	0.000
199	-16.454	3.238	0.000
171	-16.450	3.249	0.000
347	-16.408	3.066	0.000
365	-16.388	3.528	0.000
310	-16.314	3.285	0.000
24	-16.304	3.720	0.000
212	-16.303	3.723	0.000
82	-16.300	3.720	0.000
335	-16.281	3.461	0.000
376	-16.266	3.500	0.000
86	-16.196	3.804	0.000
285	-16.158	3.238	0.000
49	-16.157	3.699	0.000
262	-16.149	3.634	0.000
205	-16.145	3.257	0.000
214	-16.144	3.915	0.000
252	-16.142	3.920	0.000
237	-15.965	3.637	0.000
271	-15.961	3.708	0.000
116	-15.960	3.702	0.000
343	-15.960	3.707	0.000
398	-15.959	3.710	0.000
88	-15.959	3.710	0.000
186	-15.941	3.267	0.000
334	-15.940	3.679	0.000
264	-15.934	3.873	0.000
68	-15.925	3.354	0.000
229	-15.882	3.924	0.000
446	-15.851	3.159	0.000
338	-15.805	3.599	0.000
333	-15.753	3.431	0.000
1030	-15.750	3.986	0.000
281	-15.727	3.949	0.000
215	-15.698	3.968	0.000
327	-15.611	3.738	0.000
291	-15.610	3.521	0.000
417	-15.579	3.924	0.000
102	-15.539	2.629	0.000
254	-15.464	3.971	0.000
341	-15.425	3.689	0.000
261	-15.422	3.687	0.000
354	-15.412	3.599	0.000
412	-15.367	3.385	0.000
359	-15.345	3.595	0.000
196	-15.339	3.588	0.000
387	-15.336	3.485	0.000
25	-15.322	3.480	0.000
276	-15.282	2.803	0.000
272	-15.131	3.522	0.000
194	-15.113	3.966	0.000
311	-15.104	3.581	0.000
385	-15.066	3.589	0.000
406	-15.035	3.489	0.000
299	-14.554	3.842	0.000
415	-14.547	3.509	0.000
377	-14.513	3.560	0.000
393	-14.490	3.631	0.000
160	-14.464	3.777	0.000
305	-14.388	3.575	0.000
1048	-14.106	3.663	0.000
166	-13.301	3.923	0.000
