1379	-9.135	0.000	0.000
1384	-9.022	0.006	0.000
1407	-9.021	0.006	0.000
1397	-9.021	0.006	0.000
1417	-9.021	0.006	0.000
1432	-9.018	0.006	0.000
1439	-9.018	0.006	0.000
1448	-9.018	0.006	0.000
1512	-9.018	0.006	0.000
1535	-9.018	0.006	0.000
1541	-9.018	0.006	0.000
1497	-9.018	0.006	0.000
1524	-9.018	0.006	0.000
1567	-9.018	0.006	0.000
1595	-9.018	0.006	0.000
1594	-9.016	0.025	0.000
1598	-8.952	0.036	0.000
1454	-8.879	0.029	0.000
1556	-8.878	0.029	0.000
1401	-8.876	0.029	0.000
1423	-8.876	0.029	0.000
1438	-8.874	0.028	0.000
1440	-8.874	0.028	0.000
1504	-8.874	0.028	0.000
1505	-8.874	0.028	0.000
1569	-8.873	0.028	0.000
1477	-8.873	0.027	0.000
1478	-8.873	0.027	0.000
1479	-8.873	0.027	0.000
1552	-8.873	0.028	0.000
1554	-8.873	0.028	0.000
1562	-8.873	0.028	0.000
1484	-8.873	0.027	0.000
1495	-8.872	0.027	0.000
1519	-8.864	0.065	0.000
1395	-8.853	0.023	0.000
1587	-8.803	0.034	0.000
1560	-8.803	0.034	0.000
1597	-8.734	0.400	0.000
1502	-8.376	0.064	0.000
1517	-8.376	0.064	0.000
1605	-8.376	0.064	0.000
1510	-8.375	0.064	0.000
1550	-8.375	0.064	0.000
1436	-7.837	3.839	0.000
1474	-7.812	3.776	0.000
1470	-7.632	2.602	0.000
1465	-7.632	2.603	0.000
1450	-7.632	2.602	0.000
1475	-7.632	2.602	0.000
1421	-7.618	2.585	0.000
1547	-7.615	2.586	0.000
1612	-7.615	2.583	0.000
1459	-7.593	2.590	0.000
1489	-7.592	2.591	0.000
1500	-7.592	2.590	0.000
1582	-7.592	2.591	0.000
1599	-7.592	2.591	0.000
1508	-7.592	2.591	0.000
1509	-7.592	2.592	0.000
1570	-7.592	2.590	0.000
1386	-7.583	1.686	0.000
1416	-7.567	1.675	0.000
1540	-7.566	1.674	0.000
1498	-7.565	1.674	0.000
1608	-7.565	1.674	0.000
1603	-7.565	1.674	0.000
1521	-7.561	2.597	0.000
1486	-7.539	2.618	0.000
1515	-7.539	2.619	0.000
1557	-7.539	2.618	0.000
1531	-7.538	2.602	0.000
1606	-7.538	2.603	0.000
1494	-7.527	3.982	0.000
1452	-7.527	3.982	0.000
1488	-7.527	3.982	0.000
1589	-7.527	3.982	0.000
1586	-7.526	3.982	0.000
1412	-7.526	2.747	0.000
1455	-7.433	2.839	0.000
1530	-7.415	2.869	0.000
1461	-7.415	2.888	0.000
1529	-7.375	2.132	0.000
1585	-7.254	2.109	0.000
1383	-7.227	2.161	0.000
1549	-7.225	2.780	0.000
1390	-7.225	2.170	0.000
1394	-7.225	2.169	0.000
1590	-7.225	2.161	0.000
1578	-7.224	2.756	0.000
1400	-7.221	2.160	0.000
1462	-7.220	2.162	0.000
1406	-7.220	2.160	0.000
1573	-7.210	2.104	0.000
1445	-7.168	2.816	0.000
1491	-7.105	2.131	0.000
1466	-7.105	2.131	0.000
1483	-7.105	2.131	0.000
1579	-7.100	2.128	0.000
1581	-7.100	2.128	0.000
1388	-7.061	2.643	0.000
1396	-7.055	2.753	0.000
1382	-7.054	2.754	0.000
1419	-7.054	2.754	0.000
1447	-7.050	2.755	0.000
1449	-7.049	2.755	0.000
1543	-7.049	2.755	0.000
1428	-7.048	2.755	0.000
1409	-6.985	2.750	0.000
1380	-6.933	2.752	0.000
1381	-6.933	2.753	0.000
1402	-6.932	2.753	0.000
1481	-6.930	2.752	0.000
1463	-6.930	2.753	0.000
1545	-6.930	2.753	0.000
1469	-6.930	2.753	0.000
1539	-6.930	2.753	0.000
1611	-6.926	2.773	0.000
1518	-6.924	2.766	0.000
1525	-6.908	2.846	0.000
1418	-6.887	2.837	0.000
1471	-6.845	2.855	0.000
1446	-6.820	2.871	0.000
1574	-6.787	2.769	0.000
1464	-6.787	2.769	0.000
1536	-6.554	3.329	0.000
1506	-6.492	3.337	0.000
1548	-6.492	3.337	0.000
1602	-6.492	3.337	0.000
1415	-6.429	3.152	0.000
1410	-6.396	3.169	0.000
1514	-6.394	3.170	0.000
1453	-6.394	3.170	0.000
1458	-6.355	3.159	0.000
1576	-6.322	3.178	0.000
1431	-6.321	3.177	0.000
1580	-6.321	3.178	0.000
1411	-6.240	3.975	0.000
1414	-6.240	3.975	0.000
1426	-6.237	3.975	0.000
1442	-6.237	3.975	0.000
1457	-6.237	3.975	0.000
1513	-6.237	3.975	0.000
1565	-6.236	3.975	0.000
1583	-6.236	3.975	0.000
1499	-6.235	3.975	0.000
1393	-6.232	3.978	0.000
1422	-6.116	3.207	0.000
