1807	-8.665	0.000	0.000
1808	-8.665	0.000	0.000
1822	-8.062	1.911	0.000
1786	-8.053	3.904	0.000
1815	-8.053	3.904	0.000
1845	-7.993	3.910	0.000
1846	-7.993	3.910	0.000
1834	-7.977	3.911	0.000
1787	-7.977	3.911	0.000
1789	-7.977	3.911	0.000
1805	-7.977	3.911	0.000
1737	-7.955	3.912	0.000
1742	-7.955	3.912	0.000
1756	-7.951	3.912	0.000
1759	-7.951	3.912	0.000
1760	-7.951	3.912	0.000
1768	-7.951	3.912	0.000
1775	-7.951	3.912	0.000
1782	-7.951	3.912	0.000
1785	-7.951	3.912	0.000
1818	-7.785	3.834	0.000
1790	-7.759	3.834	0.000
1819	-7.759	3.834	0.000
1736	-7.757	3.837	0.000
1741	-7.757	3.837	0.000
1744	-7.757	3.837	0.000
1745	-7.757	3.837	0.000
1746	-7.757	3.837	0.000
1747	-7.757	3.837	0.000
1748	-7.757	3.837	0.000
1749	-7.757	3.837	0.000
1750	-7.757	3.837	0.000
1829	-7.754	3.837	0.000
1754	-7.753	3.837	0.000
1755	-7.753	3.837	0.000
1761	-7.753	3.837	0.000
1763	-7.753	3.837	0.000
1764	-7.753	3.837	0.000
1765	-7.753	3.837	0.000
1770	-7.753	3.837	0.000
1774	-7.753	3.837	0.000
1776	-7.753	3.837	0.000
1777	-7.753	3.837	0.000
1778	-7.753	3.837	0.000
1779	-7.753	3.837	0.000
1792	-7.724	3.840	0.000
1791	-7.698	3.839	0.000
1795	-7.698	3.839	0.000
1801	-7.698	3.839	0.000
1804	-7.698	3.839	0.000
1806	-7.698	3.839	0.000
1821	-7.696	3.839	0.000
1826	-7.696	3.839	0.000
1315	-7.465	2.376	0.000
1839	-7.430	1.442	0.000
1849	-7.229	2.643	0.000
1820	-7.229	2.644	0.000
1833	-7.101	2.666	0.000
1810	-7.075	2.651	0.000
1847	-7.075	2.649	0.000
1835	-7.075	2.648	0.000
1830	-7.040	2.638	0.000
1848	-6.839	3.497	0.000
1811	-6.786	3.440	0.000
1816	-6.786	3.435	0.000
1836	-6.783	3.550	0.000
