1155	-6.866	0.000	0.000
1265	-6.860	0.003	0.000
1325	-6.860	0.003	0.000
1240	-6.859	0.003	0.000
1289	-6.842	0.010	0.000
1368	-6.842	0.010	0.000
1309	-6.842	0.009	0.000
1376	-6.842	0.010	0.000
1327	-6.838	0.010	0.000
1354	-6.838	0.009	0.000
1219	-6.834	0.009	0.000
1828	-6.818	0.008	0.000
1210	-6.814	0.008	0.000
1313	-6.771	2.840	0.000
1276	-6.771	2.841	0.000
1280	-6.771	2.840	0.000
1281	-6.771	2.840	0.000
1283	-6.771	2.840	0.000
1295	-6.771	2.840	0.000
1296	-6.771	2.840	0.000
1264	-6.769	2.840	0.000
1268	-6.769	2.840	0.000
1339	-6.769	2.840	0.000
1241	-6.768	2.840	0.000
1249	-6.768	2.840	0.000
1293	-6.766	0.037	0.000
1290	-6.766	0.037	0.000
1169	-6.744	2.843	0.000
1171	-6.744	2.842	0.000
1181	-6.744	2.843	0.000
1203	-6.744	2.842	0.000
1207	-6.744	2.842	0.000
1212	-6.744	2.842	0.000
1213	-6.744	2.842	0.000
1226	-6.744	2.842	0.000
1233	-6.743	2.842	0.000
1220	-6.742	2.842	0.000
1367	-6.715	0.139	0.000
1269	-6.711	0.133	0.000
1364	-6.711	0.132	0.000
1358	-6.711	0.138	0.000
1308	-6.690	0.146	0.000
1303	-6.690	0.147	0.000
1334	-6.688	0.144	0.000
1259	-6.684	0.143	0.000
1256	-6.684	0.153	0.000
1357	-6.682	0.121	0.000
1340	-6.680	0.151	0.000
1193	-6.680	0.601	0.000
1359	-6.665	0.129	0.000
1263	-6.663	0.123	0.000
1194	-6.661	0.148	0.000
1252	-6.660	0.132	0.000
1335	-6.658	0.090	0.000
1187	-6.655	0.151	0.000
1189	-6.655	0.150	0.000
1227	-6.655	0.152	0.000
1201	-6.638	0.129	0.000
1314	-6.635	2.854	0.000
1238	-6.632	2.854	0.000
1239	-6.632	2.854	0.000
1204	-6.632	0.129	0.000
1228	-6.628	2.857	0.000
1186	-6.624	2.853	0.000
1270	-6.624	2.856	0.000
1225	-6.608	2.855	0.000
1167	-6.602	2.857	0.000
1202	-6.602	2.857	0.000
1317	-6.580	2.616	0.000
1267	-6.204	2.005	0.000
1282	-6.204	2.004	0.000
1345	-6.204	2.005	0.000
1350	-6.203	2.006	0.000
1310	-6.203	2.005	0.000
1355	-6.201	2.009	0.000
1312	-6.201	2.011	0.000
1218	-6.197	2.005	0.000
1813	-6.197	2.005	0.000
1753	-6.197	2.004	0.000
1352	-6.183	2.001	0.000
1343	-6.183	2.002	0.000
1229	-6.078	2.708	0.000
1326	-6.035	2.703	0.000
1299	-6.032	2.702	0.000
1371	-6.032	2.702	0.000
1197	-6.023	2.726	0.000
1200	-6.022	2.726	0.000
1177	-6.019	2.726	0.000
1192	-6.019	2.726	0.000
1242	-6.017	2.721	0.000
1330	-6.016	2.720	0.000
1260	-6.013	2.720	0.000
1274	-6.013	2.720	0.000
1248	-5.979	2.722	0.000
1261	-5.976	2.721	0.000
1329	-5.973	2.722	0.000
1331	-5.942	2.204	0.000
1287	-5.938	2.215	0.000
1294	-5.917	2.196	0.000
1301	-5.798	1.626	0.000
1378	-5.798	1.628	0.000
1363	-5.791	1.624	0.000
1369	-5.756	1.621	0.000
1362	-5.749	1.618	0.000
1332	-5.749	1.618	0.000
1346	-5.720	1.625	0.000
1307	-5.693	2.539	0.000
1247	-5.670	2.541	0.000
1237	-5.666	2.541	0.000
1356	-5.583	1.687	0.000
