1126	-4.572	0.000	0.000
1127	-4.572	0.001	0.000
1128	-4.572	0.001	0.000
1129	-4.572	0.001	0.000
1130	-4.572	0.001	0.000
1131	-4.572	0.001	0.000
1132	-4.572	0.000	0.000
1133	-4.572	0.001	0.000
1134	-4.572	0.001	0.000
1145	-4.572	0.001	0.000
1146	-4.572	0.000	0.000
1147	-4.572	0.001	0.000
1152	-4.572	0.000	0.000
1385	-4.571	0.008	0.000
1386	-4.571	0.008	0.000
1199	-4.569	0.009	0.000
1200	-4.569	0.009	0.000
1201	-4.569	0.008	0.000
1220	-4.569	0.009	0.000
1221	-4.569	0.009	0.000
1246	-4.569	0.009	0.000
1258	-4.569	0.009	0.000
1266	-4.569	0.009	0.000
1267	-4.569	0.009	0.000
1268	-4.569	0.009	0.000
1278	-4.569	0.009	0.000
1284	-4.569	0.008	0.000
1285	-4.569	0.009	0.000
1286	-4.569	0.009	0.000
1295	-4.569	0.009	0.000
1317	-4.569	0.009	0.000
1318	-4.569	0.009	0.000
1322	-4.569	0.009	0.000
1394	-4.569	0.009	0.000
1397	-4.569	0.009	0.000
1398	-4.569	0.008	0.000
1399	-4.569	0.009	0.000
1400	-4.569	0.009	0.000
1402	-4.569	0.009	0.000
1405	-4.569	0.008	0.000
1406	-4.569	0.009	0.000
1407	-4.569	0.009	0.000
1408	-4.569	0.009	0.000
1409	-4.569	0.008	0.000
1411	-4.569	0.009	0.000
1412	-4.569	0.009	0.000
1138	-4.536	0.009	0.000
1141	-4.536	0.009	0.000
1142	-4.536	0.009	0.000
1143	-4.536	0.009	0.000
1149	-4.536	0.009	0.000
1151	-4.536	0.009	0.000
1304	-4.535	0.003	0.000
1163	-4.534	0.003	0.000
1224	-4.534	0.003	0.000
1241	-4.534	0.003	0.000
1242	-4.534	0.003	0.000
1243	-4.534	0.003	0.000
1244	-4.534	0.003	0.000
1270	-4.534	0.003	0.000
1297	-4.534	0.003	0.000
1214	-4.533	0.003	0.000
1307	-4.533	0.003	0.000
1125	-4.529	0.017	0.000
1158	-4.528	0.011	0.000
1501	-4.515	0.437	0.000
1523	-4.515	0.437	0.000
1524	-4.515	0.437	0.000
1525	-4.515	0.437	0.000
1526	-4.515	0.437	0.000
1527	-4.515	0.437	0.000
1543	-4.515	0.437	0.000
1544	-4.515	0.437	0.000
1337	-4.514	0.437	0.000
1338	-4.514	0.437	0.000
1339	-4.514	0.437	0.000
1340	-4.514	0.437	0.000
1341	-4.514	0.437	0.000
1342	-4.514	0.437	0.000
1343	-4.514	0.437	0.000
1376	-4.514	0.437	0.000
1377	-4.514	0.437	0.000
1378	-4.514	0.437	0.000
1379	-4.514	0.437	0.000
1380	-4.514	0.437	0.000
1381	-4.514	0.437	0.000
1383	-4.514	0.437	0.000
1384	-4.514	0.437	0.000
1467	-4.514	0.437	0.000
1468	-4.514	0.437	0.000
1471	-4.514	0.437	0.000
1472	-4.514	0.437	0.000
1473	-4.514	0.437	0.000
1474	-4.514	0.437	0.000
1495	-4.514	0.437	0.000
1496	-4.514	0.437	0.000
1548	-4.514	0.437	0.000
1549	-4.514	0.437	0.000
1426	-4.489	0.452	0.000
1382	-4.473	0.439	0.000
1329	-4.472	0.440	0.000
1263	-4.447	0.474	0.000
1264	-4.447	0.474	0.000
1265	-4.447	0.474	0.000
1305	-4.443	0.449	0.000
1308	-4.443	0.451	0.000
1313	-4.443	0.450	0.000
1393	-4.443	0.451	0.000
1390	-4.440	0.448	0.000
1391	-4.440	0.448	0.000
1392	-4.440	0.448	0.000
1431	-4.429	0.552	0.000
1445	-4.420	0.565	0.000
1456	-4.420	0.565	0.000
1457	-4.420	0.565	0.000
1459	-4.420	0.565	0.000
1460	-4.420	0.565	0.000
1461	-4.420	0.565	0.000
1462	-4.420	0.565	0.000
1463	-4.420	0.565	0.000
1464	-4.420	0.565	0.000
1465	-4.420	0.565	0.000
1466	-4.420	0.565	0.000
1451	-4.420	0.565	0.000
1439	-4.416	0.555	0.000
1489	-4.416	0.555	0.000
1490	-4.416	0.555	0.000
1491	-4.416	0.555	0.000
1492	-4.416	0.555	0.000
1507	-4.416	0.555	0.000
1136	-4.391	0.455	0.000
1137	-4.391	0.455	0.000
1156	-4.357	0.452	0.000
1228	-4.350	0.459	0.000
1148	-4.350	0.457	0.000
1154	-4.350	0.457	0.000
1222	-4.349	0.460	0.000
1296	-4.349	0.460	0.000
1159	-4.343	0.465	0.000
1160	-4.343	0.466	0.000
1387	-4.297	0.132	0.000
1388	-4.297	0.132	0.000
1416	-4.294	0.576	0.000
1417	-4.294	0.575	0.000
1418	-4.294	0.575	0.000
1450	-4.237	0.615	0.000
1333	-4.235	0.609	0.000
1334	-4.235	0.609	0.000
1542	-4.235	0.609	0.000
1359	-4.233	0.607	0.000
1401	-4.087	2.669	0.000
1215	-4.087	2.669	0.000
1216	-4.087	2.669	0.000
1217	-4.087	2.669	0.000
1247	-4.087	2.669	0.000
1251	-4.087	2.669	0.000
1275	-4.087	2.669	0.000
1276	-4.087	2.669	0.000
1277	-4.087	2.669	0.000
1420	-4.025	2.684	0.000
1421	-4.025	2.684	0.000
1422	-4.025	2.684	0.000
1410	-4.024	2.684	0.000
1325	-4.000	2.677	0.000
1326	-4.000	2.678	0.000
1443	-3.999	3.123	0.000
1219	-3.998	2.678	0.000
1279	-3.998	2.678	0.000
1280	-3.998	2.678	0.000
1281	-3.998	2.678	0.000
1291	-3.998	2.678	0.000
1298	-3.998	2.678	0.000
1299	-3.998	2.678	0.000
1300	-3.998	2.678	0.000
1301	-3.998	2.678	0.000
1302	-3.998	2.678	0.000
1303	-3.998	2.678	0.000
1310	-3.998	2.678	0.000
1319	-3.998	2.678	0.000
1403	-3.998	2.678	0.000
1404	-3.998	2.678	0.000
1419	-3.998	2.678	0.000
1423	-3.998	2.678	0.000
1424	-3.998	2.678	0.000
1155	-3.997	3.123	0.000
1157	-3.997	3.123	0.000
1227	-3.997	3.123	0.000
1175	-3.997	3.123	0.000
1205	-3.997	3.123	0.000
1207	-3.997	3.123	0.000
1226	-3.997	3.123	0.000
1260	-3.997	3.123	0.000
1324	-3.997	3.123	0.000
1162	-3.997	3.123	0.000
1186	-3.997	3.123	0.000
1261	-3.997	3.123	0.000
1323	-3.997	3.123	0.000
1181	-3.997	3.123	0.000
1204	-3.997	3.123	0.000
1206	-3.997	3.123	0.000
1259	-3.997	3.123	0.000
1135	-3.991	3.124	0.000
1139	-3.991	3.124	0.000
1140	-3.991	3.123	0.000
1144	-3.991	3.123	0.000
1150	-3.991	3.124	0.000
1153	-3.991	3.124	0.000
1532	-3.940	3.121	0.000
1223	-3.930	3.123	0.000
1413	-3.861	3.804	0.000
1533	-3.821	2.752	0.000
1534	-3.821	2.752	0.000
1537	-3.821	2.752	0.000
1449	-3.821	2.747	0.000
1500	-3.820	2.747	0.000
1330	-3.820	2.747	0.000
1331	-3.820	2.747	0.000
1332	-3.820	2.747	0.000
1211	-3.807	3.881	0.000
1262	-3.807	3.881	0.000
1248	-3.806	3.881	0.000
1320	-3.806	3.881	0.000
1321	-3.806	3.881	0.000
1165	-3.806	3.881	0.000
1356	-3.759	2.760	0.000
1357	-3.759	2.760	0.000
1358	-3.759	2.760	0.000
1440	-3.759	2.760	0.000
1488	-3.759	2.760	0.000
1503	-3.759	2.760	0.000
1504	-3.759	2.760	0.000
1505	-3.759	2.760	0.000
1506	-3.759	2.760	0.000
1508	-3.759	2.760	0.000
1530	-3.759	2.760	0.000
1282	-3.752	1.710	0.000
1283	-3.752	1.710	0.000
1452	-3.735	2.759	0.000
1453	-3.735	2.759	0.000
1454	-3.735	2.759	0.000
1531	-3.734	2.759	0.000
1335	-3.733	2.759	0.000
1344	-3.733	2.759	0.000
1345	-3.733	2.759	0.000
1428	-3.733	2.759	0.000
1429	-3.733	2.759	0.000
1430	-3.733	2.759	0.000
1437	-3.733	2.759	0.000
1438	-3.733	2.759	0.000
1441	-3.733	2.759	0.000
1442	-3.733	2.759	0.000
1509	-3.674	2.772	0.000
1510	-3.674	2.772	0.000
1511	-3.674	2.772	0.000
1512	-3.674	2.772	0.000
1513	-3.674	2.772	0.000
1514	-3.674	2.772	0.000
1486	-3.673	2.772	0.000
1487	-3.673	2.772	0.000
1236	-3.659	1.686	0.000
1237	-3.659	1.686	0.000
1238	-3.659	1.686	0.000
1239	-3.659	1.686	0.000
1240	-3.659	1.686	0.000
1288	-3.658	1.686	0.000
1289	-3.658	1.686	0.000
1290	-3.658	1.686	0.000
1314	-3.658	1.686	0.000
1315	-3.658	1.686	0.000
1316	-3.658	1.686	0.000
1187	-3.651	3.938	0.000
1493	-3.605	2.779	0.000
1494	-3.605	2.779	0.000
1546	-3.573	2.376	0.000
1477	-3.476	2.393	0.000
1478	-3.476	2.393	0.000
1479	-3.476	2.393	0.000
1480	-3.476	2.393	0.000
1481	-3.476	2.393	0.000
1482	-3.476	2.393	0.000
1483	-3.476	2.393	0.000
1484	-3.476	2.393	0.000
1485	-3.476	2.393	0.000
1515	-3.476	2.393	0.000
1528	-3.476	2.393	0.000
1529	-3.476	2.393	0.000
1547	-3.476	2.393	0.000
