1757	-5.517	0.000	0.000
1772	-5.517	0.000	0.000
1042	-5.516	0.001	0.000
1043	-5.516	0.001	0.000
1044	-5.516	0.001	0.000
1045	-5.516	0.000	0.000
1076	-5.516	0.000	0.000
1105	-5.516	0.001	0.000
1106	-5.516	0.001	0.000
1107	-5.516	0.001	0.000
1108	-5.516	0.001	0.000
1759	-5.406	2.309	0.000
1758	-5.405	2.309	0.000
1709	-5.404	2.309	0.000
1710	-5.404	2.309	0.000
1726	-5.404	2.309	0.000
1727	-5.404	2.309	0.000
1728	-5.404	2.309	0.000
1729	-5.404	2.309	0.000
1714	-5.329	0.106	0.000
1715	-5.316	2.596	0.000
1716	-5.316	2.596	0.000
1712	-5.277	2.583	0.000
1717	-5.277	2.582	0.000
1718	-5.277	2.582	0.000
1719	-5.277	2.582	0.000
1720	-5.277	2.582	0.000
1721	-5.277	2.582	0.000
1722	-5.277	2.582	0.000
1723	-5.277	2.582	0.000
1724	-5.277	2.582	0.000
1725	-5.277	2.582	0.000
1730	-5.277	2.582	0.000
1731	-5.277	2.582	0.000
1732	-5.277	2.582	0.000
1733	-5.277	2.582	0.000
1734	-5.277	2.582	0.000
1735	-5.277	2.582	0.000
1736	-5.277	2.582	0.000
1739	-5.277	2.582	0.000
1740	-5.277	2.582	0.000
1741	-5.277	2.582	0.000
1764	-5.277	2.583	0.000
1765	-5.277	2.583	0.000
1766	-5.277	2.583	0.000
1767	-5.277	2.583	0.000
1768	-5.277	2.583	0.000
1769	-5.277	2.583	0.000
1770	-5.277	2.583	0.000
1771	-5.277	2.583	0.000
1707	-5.259	2.164	0.000
1708	-5.259	2.164	0.000
1711	-5.259	2.164	0.000
1713	-5.259	2.164	0.000
1047	-5.242	2.125	0.000
1079	-5.242	2.125	0.000
1743	-5.242	2.125	0.000
1744	-5.242	2.125	0.000
1749	-5.242	2.125	0.000
1750	-5.242	2.125	0.000
1751	-5.242	2.125	0.000
1774	-5.242	2.125	0.000
1775	-5.242	2.125	0.000
1776	-5.242	2.125	0.000
1777	-5.242	2.125	0.000
1778	-5.242	2.125	0.000
1779	-5.242	2.125	0.000
1780	-5.242	2.125	0.000
1781	-5.242	2.125	0.000
1782	-5.242	2.125	0.000
1783	-5.242	2.125	0.000
1745	-5.238	2.577	0.000
1746	-5.238	2.577	0.000
1773	-5.238	2.577	0.000
1784	-5.238	2.577	0.000
1785	-5.238	2.577	0.000
1111	-5.148	2.295	0.000
1760	-5.048	1.476	0.000
1737	-5.047	1.476	0.000
1738	-5.047	1.476	0.000
1742	-5.047	1.476	0.000
1747	-5.021	1.454	0.000
1748	-5.021	1.454	0.000
1755	-5.021	1.454	0.000
1756	-5.021	1.454	0.000
1761	-4.624	2.222	0.000
1762	-4.624	2.222	0.000
1763	-4.624	2.222	0.000
1696	-4.621	2.222	0.000
1697	-4.621	2.222	0.000
1698	-4.621	2.222	0.000
1699	-4.621	2.222	0.000
1700	-4.621	2.222	0.000
1701	-4.621	2.222	0.000
1702	-4.621	2.222	0.000
1703	-4.621	2.222	0.000
1704	-4.621	2.222	0.000
1705	-4.621	2.222	0.000
1706	-4.621	2.222	0.000
1754	-4.587	2.223	0.000
1109	-4.587	2.223	0.000
1110	-4.587	2.223	0.000
1112	-4.587	2.223	0.000
1113	-4.587	2.223	0.000
1114	-4.587	2.223	0.000
1115	-4.587	2.223	0.000
1116	-4.587	2.223	0.000
1117	-4.587	2.223	0.000
1752	-4.573	2.223	0.000
1753	-4.573	2.223	0.000
