336	-7.297	0.000	0.000
337	-7.297	0.001	0.000
442	-7.297	0.001	0.000
443	-7.297	0.002	0.000
1425	-6.905	0.406	0.000
543	-6.894	0.492	0.000
545	-6.894	0.511	0.000
16	-6.820	1.721	0.000
17	-6.820	1.721	0.000
18	-6.820	1.721	0.000
20	-6.820	1.721	0.000
21	-6.820	1.721	0.000
22	-6.820	1.721	0.000
620	-6.814	0.830	0.000
615	-6.814	0.801	0.000
579	-6.814	0.782	0.000
616	-6.814	0.791	0.000
617	-6.814	0.781	0.000
619	-6.814	0.782	0.000
612	-6.814	0.779	0.000
613	-6.813	0.768	0.000
622	-6.813	0.781	0.000
43	-6.811	0.780	0.000
44	-6.811	0.780	0.000
45	-6.811	0.780	0.000
46	-6.811	0.780	0.000
47	-6.811	0.780	0.000
48	-6.811	0.780	0.000
49	-6.811	0.780	0.000
307	-6.792	1.824	0.000
112	-6.786	1.823	0.000
312	-6.764	0.220	0.000
313	-6.764	0.220	0.000
319	-6.764	0.220	0.000
320	-6.764	0.220	0.000
321	-6.764	0.220	0.000
322	-6.764	0.220	0.000
323	-6.764	0.220	0.000
361	-6.764	0.220	0.000
362	-6.764	0.220	0.000
363	-6.764	0.220	0.000
411	-6.764	0.220	0.000
412	-6.764	0.220	0.000
413	-6.764	0.220	0.000
215	-6.689	1.717	0.000
216	-6.689	1.717	0.000
217	-6.689	1.717	0.000
218	-6.689	1.717	0.000
219	-6.689	1.717	0.000
220	-6.689	1.717	0.000
450	-6.689	1.717	0.000
188	-6.688	1.656	0.000
189	-6.688	1.656	0.000
190	-6.688	1.656	0.000
191	-6.688	1.656	0.000
192	-6.688	1.656	0.000
193	-6.688	1.656	0.000
194	-6.688	1.656	0.000
453	-6.687	1.656	0.000
454	-6.687	1.656	0.000
455	-6.687	1.656	0.000
229	-6.686	1.810	0.000
324	-6.683	2.337	0.000
325	-6.683	2.337	0.000
326	-6.683	2.338	0.000
446	-6.682	2.338	0.000
447	-6.682	2.338	0.000
224	-6.681	1.812	0.000
226	-6.681	1.812	0.000
227	-6.681	1.812	0.000
228	-6.681	1.812	0.000
430	-6.681	1.812	0.000
396	-6.680	1.812	0.000
153	-6.679	1.809	0.000
154	-6.679	1.809	0.000
155	-6.679	1.809	0.000
157	-6.679	1.809	0.000
167	-6.679	1.809	0.000
119	-6.676	2.337	0.000
120	-6.676	2.337	0.000
121	-6.676	2.337	0.000
122	-6.676	2.337	0.000
123	-6.676	2.337	0.000
124	-6.676	2.337	0.000
125	-6.676	2.337	0.000
126	-6.676	2.337	0.000
127	-6.676	2.337	0.000
187	-6.676	2.337	0.000
195	-6.676	2.337	0.000
156	-6.675	2.337	0.000
184	-6.675	1.811	0.000
185	-6.675	1.811	0.000
186	-6.675	1.811	0.000
145	-6.674	1.812	0.000
146	-6.674	1.812	0.000
147	-6.674	1.812	0.000
148	-6.674	1.812	0.000
149	-6.674	1.812	0.000
35	-6.666	1.806	0.000
299	-6.665	2.332	0.000
300	-6.665	2.332	0.000
301	-6.665	2.332	0.000
302	-6.665	2.332	0.000
303	-6.665	2.332	0.000
304	-6.665	2.332	0.000
305	-6.665	2.332	0.000
306	-6.665	2.332	0.000
3	-6.665	1.806	0.000
4	-6.665	1.806	0.000
7	-6.664	1.806	0.000
9	-6.664	1.806	0.000
10	-6.664	1.806	0.000
11	-6.664	1.806	0.000
233	-6.664	1.806	0.000
237	-6.664	1.806	0.000
294	-6.663	1.810	0.000
242	-6.660	1.808	0.000
243	-6.660	1.808	0.000
254	-6.660	1.808	0.000
255	-6.660	1.808	0.000
256	-6.660	1.808	0.000
257	-6.660	1.808	0.000
258	-6.660	1.808	0.000
271	-6.660	1.808	0.000
234	-6.659	1.808	0.000
266	-6.659	1.808	0.000
87	-6.658	1.809	0.000
104	-6.658	1.809	0.000
105	-6.658	1.809	0.000
67	-6.657	1.809	0.000
252	-6.654	1.779	0.000
253	-6.654	1.779	0.000
8	-6.650	2.323	0.000
238	-6.649	2.322	0.000
239	-6.649	2.322	0.000
240	-6.649	2.322	0.000
241	-6.649	2.322	0.000
244	-6.649	2.322	0.000
245	-6.649	2.322	0.000
246	-6.649	2.322	0.000
247	-6.649	2.322	0.000
248	-6.649	2.322	0.000
235	-6.640	0.221	0.000
39	-6.640	1.758	0.000
40	-6.640	1.758	0.000
41	-6.640	1.758	0.000
42	-6.640	1.758	0.000
36	-6.601	0.224	0.000
37	-6.601	0.224	0.000
1	-6.597	0.224	0.000
2	-6.597	0.224	0.000
5	-6.597	0.224	0.000
12	-6.597	0.224	0.000
583	-6.587	2.309	0.000
595	-6.587	2.309	0.000
596	-6.587	2.309	0.000
1815	-6.584	3.098	0.000
345	-6.582	3.104	0.000
435	-6.582	3.104	0.000
436	-6.582	3.104	0.000
437	-6.582	3.104	0.000
438	-6.582	3.104	0.000
439	-6.582	3.104	0.000
223	-6.581	3.104	0.000
377	-6.581	3.104	0.000
378	-6.581	3.104	0.000
379	-6.581	3.104	0.000
380	-6.581	3.104	0.000
381	-6.581	3.104	0.000
382	-6.581	3.104	0.000
383	-6.581	3.103	0.000
283	-6.581	2.309	0.000
1795	-6.577	3.102	0.000
625	-6.577	3.097	0.000
626	-6.577	3.097	0.000
627	-6.577	3.097	0.000
628	-6.577	3.097	0.000
630	-6.577	3.097	0.000
564	-6.577	3.098	0.000
567	-6.577	3.098	0.000
589	-6.577	3.098	0.000
633	-6.577	3.098	0.000
634	-6.577	3.098	0.000
1800	-6.577	3.101	0.000
1803	-6.577	3.101	0.000
1826	-6.577	3.101	0.000
196	-6.574	3.104	0.000
197	-6.574	3.104	0.000
198	-6.574	3.104	0.000
199	-6.574	3.104	0.000
205	-6.574	3.104	0.000
206	-6.574	3.104	0.000
207	-6.574	3.104	0.000
208	-6.574	3.104	0.000
209	-6.574	3.104	0.000
210	-6.574	3.104	0.000
401	-6.574	3.105	0.000
296	-6.560	3.097	0.000
297	-6.560	3.098	0.000
288	-6.553	3.100	0.000
289	-6.553	3.100	0.000
290	-6.553	3.100	0.000
1328	-6.529	2.284	0.000
937	-6.522	2.352	0.000
329	-6.515	1.771	0.000
330	-6.515	1.771	0.000
331	-6.515	1.771	0.000
344	-6.515	1.771	0.000
431	-6.515	1.771	0.000
432	-6.515	1.771	0.000
1475	-6.513	3.121	0.000
152	-6.503	1.750	0.000
178	-6.503	1.750	0.000
59	-6.501	1.752	0.000
60	-6.501	1.752	0.000
61	-6.501	1.752	0.000
62	-6.501	1.752	0.000
63	-6.501	1.752	0.000
64	-6.501	1.752	0.000
65	-6.501	1.752	0.000
92	-6.501	1.752	0.000
106	-6.501	1.752	0.000
359	-6.484	1.681	0.000
360	-6.484	1.681	0.000
364	-6.484	1.681	0.000
365	-6.484	1.681	0.000
414	-6.484	1.681	0.000
335	-6.474	1.680	0.000
366	-6.474	1.680	0.000
367	-6.474	1.680	0.000
368	-6.474	1.680	0.000
284	-6.474	1.680	0.000
285	-6.474	1.680	0.000
286	-6.474	1.680	0.000
287	-6.474	1.680	0.000
1164	-6.460	2.330	0.000
1167	-6.460	2.330	0.000
1168	-6.460	2.330	0.000
1169	-6.460	2.330	0.000
1172	-6.460	2.330	0.000
1184	-6.460	2.330	0.000
1213	-6.460	2.329	0.000
1292	-6.460	2.330	0.000
1306	-6.460	2.327	0.000
179	-6.447	0.295	0.000
180	-6.447	0.295	0.000
181	-6.447	0.295	0.000
68	-6.441	0.292	0.000
85	-6.441	0.292	0.000
94	-6.441	0.292	0.000
95	-6.441	0.292	0.000
291	-6.439	1.683	0.000
183	-6.438	1.682	0.000
203	-6.438	1.682	0.000
103	-6.437	1.682	0.000
441	-6.389	2.141	0.000
50	-6.371	2.142	0.000
200	-6.371	2.142	0.000
201	-6.371	2.142	0.000
202	-6.371	2.142	0.000
204	-6.371	2.142	0.000
1173	-6.337	1.838	0.000
1174	-6.337	1.838	0.000
1271	-6.337	1.838	0.000
1272	-6.337	1.838	0.000
1273	-6.337	1.838	0.000
1274	-6.337	1.838	0.000
1287	-6.337	1.838	0.000
1161	-6.337	1.837	0.000
1182	-6.337	1.837	0.000
1183	-6.337	1.837	0.000
1185	-6.337	1.837	0.000
1190	-6.337	1.837	0.000
1245	-6.337	1.837	0.000
1250	-6.337	1.837	0.000
1257	-6.337	1.837	0.000
1293	-6.337	1.837	0.000
1294	-6.337	1.837	0.000
1166	-6.335	1.836	0.000
1170	-6.335	1.836	0.000
1171	-6.335	1.836	0.000
1208	-6.335	1.836	0.000
1249	-6.335	1.836	0.000
1252	-6.335	1.836	0.000
1253	-6.335	1.836	0.000
1254	-6.335	1.836	0.000
1255	-6.335	1.836	0.000
1309	-6.335	1.836	0.000
523	-6.334	2.150	0.000
469	-6.329	2.802	0.000
490	-6.317	1.825	0.000
19	-6.315	2.151	0.000
511	-6.304	2.150	0.000
1786	-6.297	2.868	0.000
1787	-6.297	2.869	0.000
1788	-6.297	2.868	0.000
1789	-6.297	2.869	0.000
1790	-6.297	2.869	0.000
1791	-6.297	2.869	0.000
1792	-6.297	2.868	0.000
1793	-6.297	2.869	0.000
1794	-6.297	2.868	0.000
1796	-6.297	2.869	0.000
1797	-6.297	2.869	0.000
1798	-6.297	2.869	0.000
1799	-6.297	2.868	0.000
1804	-6.297	2.868	0.000
1810	-6.297	2.868	0.000
1820	-6.297	2.868	0.000
1821	-6.297	2.869	0.000
1822	-6.297	2.868	0.000
1823	-6.297	2.868	0.000
1824	-6.297	2.868	0.000
1825	-6.297	2.868	0.000
1827	-6.297	2.868	0.000
1841	-6.297	2.868	0.000
1842	-6.297	2.869	0.000
603	-6.287	2.869	0.000
604	-6.287	2.868	0.000
605	-6.287	2.868	0.000
606	-6.287	2.869	0.000
610	-6.287	2.868	0.000
445	-6.258	2.855	0.000
1801	-6.251	2.869	0.000
1802	-6.251	2.869	0.000
1805	-6.251	2.869	0.000
1806	-6.251	2.869	0.000
1807	-6.251	2.869	0.000
1808	-6.251	2.869	0.000
1809	-6.251	2.869	0.000
1811	-6.251	2.869	0.000
1829	-6.251	2.869	0.000
1830	-6.251	2.869	0.000
1831	-6.251	2.869	0.000
1832	-6.251	2.869	0.000
1838	-6.251	2.869	0.000
1839	-6.251	2.869	0.000
1840	-6.251	2.869	0.000
128	-6.249	2.855	0.000
166	-6.249	2.855	0.000
214	-6.249	2.864	0.000
410	-6.247	2.152	0.000
384	-6.244	2.152	0.000
292	-6.243	2.151	0.000
211	-6.241	2.152	0.000
212	-6.241	2.152	0.000
213	-6.241	2.152	0.000
169	-6.240	2.152	0.000
170	-6.240	2.152	0.000
171	-6.240	2.152	0.000
172	-6.240	2.152	0.000
93	-6.239	2.152	0.000
51	-6.238	2.152	0.000
52	-6.238	2.152	0.000
53	-6.238	2.152	0.000
54	-6.238	2.152	0.000
55	-6.238	2.152	0.000
56	-6.238	2.152	0.000
57	-6.238	2.152	0.000
58	-6.238	2.152	0.000
86	-6.237	2.152	0.000
1812	-6.235	2.863	0.000
1813	-6.235	2.862	0.000
1814	-6.235	2.863	0.000
1816	-6.235	2.863	0.000
1817	-6.235	2.863	0.000
1818	-6.235	2.863	0.000
1819	-6.235	2.863	0.000
1828	-6.235	2.863	0.000
1833	-6.235	2.863	0.000
1834	-6.235	2.863	0.000
1835	-6.235	2.863	0.000
1836	-6.235	2.863	0.000
1837	-6.235	2.863	0.000
1843	-6.235	2.863	0.000
1844	-6.235	2.863	0.000
96	-6.234	2.855	0.000
97	-6.234	2.855	0.000
98	-6.234	2.855	0.000
99	-6.234	2.855	0.000
100	-6.234	2.855	0.000
101	-6.234	2.855	0.000
102	-6.234	2.855	0.000
293	-6.234	2.864	0.000
259	-6.221	1.654	0.000
280	-6.221	1.654	0.000
317	-6.212	2.152	0.000
318	-6.212	2.152	0.000
327	-6.212	2.152	0.000
158	-6.211	2.152	0.000
159	-6.211	2.152	0.000
160	-6.211	2.152	0.000
161	-6.211	2.152	0.000
162	-6.211	2.152	0.000
163	-6.211	2.152	0.000
164	-6.211	2.152	0.000
114	-6.211	2.152	0.000
174	-6.211	2.152	0.000
175	-6.211	2.152	0.000
176	-6.211	2.152	0.000
66	-6.210	2.152	0.000
108	-6.209	2.152	0.000
109	-6.209	2.152	0.000
90	-6.208	2.152	0.000
13	-6.207	2.158	0.000
14	-6.207	2.158	0.000
15	-6.207	2.158	0.000
1427	-6.207	1.834	0.000
249	-6.205	2.158	0.000
408	-6.197	1.820	0.000
338	-6.195	1.813	0.000
268	-6.186	1.659	0.000
281	-6.186	1.659	0.000
260	-6.178	2.158	0.000
587	-6.175	2.840	0.000
1256	-6.161	2.833	0.000
499	-6.152	1.927	0.000
1389	-6.102	0.208	0.000
1327	-6.102	0.208	0.000
566	-6.071	2.143	0.000
602	-6.070	2.143	0.000
444	-6.029	1.932	0.000
1497	-6.025	2.140	0.000
1498	-6.025	2.140	0.000
466	-6.014	2.153	0.000
951	-6.012	2.153	0.000
1022	-6.012	2.152	0.000
1023	-6.012	2.152	0.000
1024	-6.012	2.152	0.000
805	-6.012	2.152	0.000
850	-6.012	2.153	0.000
860	-6.012	2.153	0.000
877	-6.012	2.152	0.000
878	-6.012	2.153	0.000
894	-6.012	2.152	0.000
895	-6.012	2.152	0.000
898	-6.012	2.152	0.000
988	-6.012	2.153	0.000
990	-6.012	2.153	0.000
991	-6.012	2.152	0.000
992	-6.012	2.153	0.000
993	-6.012	2.152	0.000
994	-6.012	2.152	0.000
1046	-6.012	2.152	0.000
1089	-6.012	2.153	0.000
1090	-6.012	2.153	0.000
1091	-6.012	2.152	0.000
910	-6.012	2.153	0.000
920	-6.012	2.153	0.000
931	-6.012	2.153	0.000
933	-6.012	2.153	0.000
935	-6.012	2.153	0.000
936	-6.012	2.153	0.000
943	-6.012	2.153	0.000
481	-5.993	2.153	0.000
530	-5.993	2.153	0.000
491	-5.992	2.153	0.000
493	-5.992	2.153	0.000
502	-5.992	2.153	0.000
503	-5.992	2.153	0.000
504	-5.992	2.153	0.000
505	-5.992	2.153	0.000
506	-5.992	2.153	0.000
507	-5.992	2.153	0.000
261	-5.992	2.153	0.000
262	-5.992	2.153	0.000
263	-5.992	2.153	0.000
264	-5.992	2.153	0.000
265	-5.992	2.153	0.000
1396	-5.991	1.904	0.000
1444	-5.986	1.859	0.000
1455	-5.986	1.859	0.000
1458	-5.986	1.859	0.000
1469	-5.986	1.859	0.000
1470	-5.986	1.859	0.000
1336	-5.984	1.858	0.000
1347	-5.984	1.858	0.000
1348	-5.984	1.858	0.000
1349	-5.984	1.858	0.000
1350	-5.984	1.858	0.000
1351	-5.984	1.858	0.000
1352	-5.984	1.858	0.000
1353	-5.984	1.858	0.000
1354	-5.984	1.858	0.000
1355	-5.984	1.858	0.000
1365	-5.984	1.859	0.000
1366	-5.984	1.858	0.000
1367	-5.984	1.858	0.000
1368	-5.984	1.858	0.000
1370	-5.984	1.858	0.000
1371	-5.984	1.858	0.000
1372	-5.984	1.858	0.000
1373	-5.984	1.858	0.000
1374	-5.984	1.858	0.000
1375	-5.984	1.858	0.000
1369	-5.983	1.859	0.000
1516	-5.982	1.858	0.000
1517	-5.982	1.858	0.000
1519	-5.982	1.858	0.000
1520	-5.982	1.858	0.000
1521	-5.982	1.858	0.000
1522	-5.982	1.858	0.000
959	-5.981	1.905	0.000
960	-5.981	1.905	0.000
501	-5.980	1.897	0.000
528	-5.979	1.899	0.000
328	-5.977	1.829	0.000
804	-5.975	1.901	0.000
863	-5.975	1.901	0.000
1053	-5.975	1.901	0.000
473	-5.973	1.888	0.000
339	-5.970	1.842	0.000
340	-5.970	1.842	0.000
341	-5.970	1.842	0.000
342	-5.970	1.842	0.000
343	-5.970	1.842	0.000
418	-5.967	1.842	0.000
419	-5.967	1.842	0.000
420	-5.967	1.842	0.000
581	-5.962	2.245	0.000
1212	-5.957	2.150	0.000
1210	-5.955	2.140	0.000
1209	-5.953	2.158	0.000
1414	-5.935	2.151	0.000
346	-5.923	2.153	0.000
347	-5.923	2.153	0.000
405	-5.921	2.152	0.000
608	-5.920	2.153	0.000
609	-5.920	2.153	0.000
298	-5.918	2.153	0.000
314	-5.916	2.153	0.000
315	-5.916	2.153	0.000
316	-5.916	2.153	0.000
599	-5.912	2.153	0.000
551	-5.902	2.153	0.000
553	-5.902	2.153	0.000
1346	-5.901	0.215	0.000
1446	-5.901	2.149	0.000
1362	-5.900	2.149	0.000
395	-5.899	2.153	0.000
1502	-5.898	2.149	0.000
1518	-5.897	2.149	0.000
621	-5.895	1.751	0.000
1476	-5.867	2.150	0.000
397	-5.866	2.060	0.000
1538	-5.863	2.153	0.000
1540	-5.863	2.150	0.000
1535	-5.862	2.154	0.000
400	-5.843	1.756	0.000
406	-5.843	1.756	0.000
355	-5.842	1.756	0.000
356	-5.842	1.756	0.000
357	-5.842	1.756	0.000
358	-5.842	1.756	0.000
600	-5.842	1.756	0.000
451	-5.840	1.754	0.000
452	-5.840	1.754	0.000
1541	-5.832	2.203	0.000
1551	-5.812	1.948	0.000
1552	-5.812	1.948	0.000
1553	-5.812	1.948	0.000
1554	-5.812	1.948	0.000
1555	-5.812	1.948	0.000
1556	-5.812	1.948	0.000
1550	-5.810	1.949	0.000
1447	-5.809	1.948	0.000
1448	-5.809	1.948	0.000
1432	-5.808	1.948	0.000
1433	-5.808	1.948	0.000
1434	-5.808	1.948	0.000
1536	-5.804	1.947	0.000
1539	-5.804	1.947	0.000
433	-5.803	1.921	0.000
434	-5.803	1.921	0.000
426	-5.797	1.920	0.000
151	-5.708	2.277	0.000
110	-5.707	2.277	0.000
334	-5.704	2.276	0.000
560	-5.703	2.276	0.000
561	-5.703	2.276	0.000
562	-5.703	2.276	0.000
575	-5.703	2.276	0.000
588	-5.703	2.276	0.000
407	-5.702	2.276	0.000
416	-5.702	2.276	0.000
417	-5.702	2.276	0.000
614	-5.682	2.277	0.000
463	-5.656	2.250	0.000
464	-5.656	2.250	0.000
457	-5.650	1.783	0.000
458	-5.650	1.783	0.000
459	-5.650	1.783	0.000
460	-5.650	1.783	0.000
461	-5.650	1.783	0.000
462	-5.650	1.783	0.000
232	-5.649	2.268	0.000
938	-5.649	2.268	0.000
691	-5.647	1.786	0.000
656	-5.646	1.786	0.000
657	-5.646	1.786	0.000
673	-5.646	1.786	0.000
386	-5.645	1.786	0.000
387	-5.645	1.786	0.000
388	-5.645	1.786	0.000
389	-5.645	1.786	0.000
390	-5.645	1.786	0.000
391	-5.645	1.786	0.000
392	-5.645	1.786	0.000
421	-5.645	1.786	0.000
422	-5.645	1.786	0.000
631	-5.645	1.786	0.000
472	-5.640	2.268	0.000
282	-5.638	2.252	0.000
475	-5.638	2.251	0.000
236	-5.638	2.252	0.000
6	-5.638	2.269	0.000
533	-5.635	2.269	0.000
534	-5.635	2.269	0.000
536	-5.635	2.269	0.000
537	-5.635	2.269	0.000
486	-5.635	2.269	0.000
487	-5.635	2.269	0.000
488	-5.635	2.269	0.000
489	-5.635	2.269	0.000
498	-5.634	2.269	0.000
465	-5.632	2.250	0.000
309	-5.632	2.278	0.000
310	-5.632	2.278	0.000
311	-5.632	2.278	0.000
398	-5.632	2.278	0.000
399	-5.632	2.278	0.000
269	-5.632	2.269	0.000
843	-5.629	2.252	0.000
882	-5.629	2.252	0.000
883	-5.629	2.252	0.000
884	-5.629	2.252	0.000
885	-5.629	2.252	0.000
886	-5.629	2.252	0.000
888	-5.629	2.252	0.000
975	-5.629	2.252	0.000
995	-5.629	2.252	0.000
996	-5.629	2.252	0.000
1027	-5.629	2.252	0.000
922	-5.629	2.251	0.000
923	-5.629	2.251	0.000
23	-5.627	2.269	0.000
24	-5.627	2.269	0.000
25	-5.627	2.269	0.000
26	-5.627	2.269	0.000
38	-5.625	2.269	0.000
28	-5.624	2.252	0.000
32	-5.624	2.252	0.000
34	-5.624	2.252	0.000
332	-5.620	2.277	0.000
333	-5.620	2.277	0.000
568	-5.619	2.278	0.000
569	-5.619	2.278	0.000
570	-5.619	2.278	0.000
571	-5.619	2.278	0.000
572	-5.619	2.278	0.000
573	-5.619	2.278	0.000
574	-5.619	2.278	0.000
576	-5.619	2.278	0.000
577	-5.619	2.278	0.000
578	-5.619	2.278	0.000
415	-5.618	2.277	0.000
449	-5.618	2.277	0.000
632	-5.618	2.278	0.000
669	-5.618	2.278	0.000
221	-5.617	2.278	0.000
222	-5.617	2.278	0.000
476	-5.616	2.252	0.000
477	-5.616	2.252	0.000
478	-5.616	2.252	0.000
480	-5.616	2.252	0.000
521	-5.616	2.252	0.000
524	-5.616	2.252	0.000
168	-5.616	2.278	0.000
150	-5.616	2.278	0.000
500	-5.615	2.252	0.000
508	-5.615	2.252	0.000
509	-5.615	2.252	0.000
510	-5.615	2.252	0.000
111	-5.615	2.279	0.000
71	-5.615	2.279	0.000
72	-5.615	2.279	0.000
73	-5.615	2.279	0.000
74	-5.615	2.279	0.000
75	-5.615	2.279	0.000
76	-5.615	2.279	0.000
77	-5.615	2.279	0.000
78	-5.615	2.279	0.000
80	-5.615	2.279	0.000
81	-5.615	2.279	0.000
82	-5.615	2.279	0.000
83	-5.615	2.279	0.000
84	-5.615	2.279	0.000
482	-5.615	2.270	0.000
483	-5.615	2.270	0.000
539	-5.611	2.635	0.000
369	-5.608	1.899	0.000
370	-5.608	1.899	0.000
371	-5.608	1.899	0.000
372	-5.608	1.899	0.000
373	-5.608	1.899	0.000
374	-5.608	1.899	0.000
375	-5.608	1.899	0.000
376	-5.608	1.899	0.000
747	-5.608	2.640	0.000
748	-5.608	2.640	0.000
921	-5.608	2.637	0.000
467	-5.608	2.636	0.000
468	-5.608	2.636	0.000
774	-5.607	2.640	0.000
840	-5.607	2.640	0.000
864	-5.607	2.640	0.000
865	-5.607	2.640	0.000
866	-5.607	2.640	0.000
887	-5.607	2.640	0.000
997	-5.607	2.640	0.000
1028	-5.607	2.640	0.000
1052	-5.607	2.640	0.000
1056	-5.607	2.640	0.000
707	-5.607	2.637	0.000
717	-5.607	2.637	0.000
718	-5.607	2.637	0.000
719	-5.607	2.637	0.000
720	-5.607	2.637	0.000
721	-5.607	2.637	0.000
722	-5.607	2.637	0.000
456	-5.603	1.877	0.000
27	-5.603	2.635	0.000
29	-5.603	2.635	0.000
30	-5.603	2.635	0.000
31	-5.603	2.635	0.000
33	-5.603	2.635	0.000
479	-5.599	2.639	0.000
512	-5.599	2.639	0.000
513	-5.599	2.639	0.000
514	-5.599	2.639	0.000
515	-5.599	2.639	0.000
516	-5.599	2.639	0.000
517	-5.599	2.639	0.000
518	-5.599	2.639	0.000
519	-5.599	2.639	0.000
520	-5.599	2.639	0.000
525	-5.599	2.639	0.000
526	-5.599	2.639	0.000
527	-5.599	2.639	0.000
535	-5.599	2.639	0.000
538	-5.599	2.639	0.000
494	-5.598	2.640	0.000
495	-5.598	2.639	0.000
496	-5.598	2.640	0.000
497	-5.598	2.640	0.000
267	-5.598	2.640	0.000
270	-5.597	2.640	0.000
1194	-5.571	2.244	0.000
1195	-5.571	2.625	0.000
1198	-5.571	2.625	0.000
1218	-5.570	2.625	0.000
348	-5.561	2.269	0.000
349	-5.561	2.269	0.000
350	-5.561	2.268	0.000
351	-5.561	2.269	0.000
352	-5.561	2.268	0.000
353	-5.561	2.269	0.000
354	-5.561	2.269	0.000
550	-5.559	2.268	0.000
272	-5.558	1.721	0.000
273	-5.558	1.721	0.000
274	-5.558	1.721	0.000
275	-5.558	1.721	0.000
276	-5.558	1.721	0.000
277	-5.558	1.721	0.000
278	-5.558	1.721	0.000
279	-5.558	1.721	0.000
308	-5.557	2.268	0.000
423	-5.556	2.268	0.000
424	-5.556	2.268	0.000
425	-5.556	2.268	0.000
115	-5.553	2.269	0.000
116	-5.553	2.269	0.000
117	-5.553	2.269	0.000
118	-5.553	2.269	0.000
113	-5.553	2.269	0.000
225	-5.553	2.269	0.000
230	-5.553	2.269	0.000
231	-5.553	2.269	0.000
173	-5.553	2.241	0.000
177	-5.553	2.241	0.000
474	-5.553	2.627	0.000
182	-5.552	2.269	0.000
69	-5.551	2.269	0.000
70	-5.551	2.269	0.000
91	-5.551	2.269	0.000
88	-5.550	2.269	0.000
89	-5.550	2.269	0.000
552	-5.540	2.270	0.000
393	-5.537	2.270	0.000
394	-5.537	2.269	0.000
681	-5.536	2.764	0.000
690	-5.536	2.764	0.000
427	-5.536	2.764	0.000
428	-5.536	2.764	0.000
429	-5.536	2.764	0.000
655	-5.536	2.764	0.000
674	-5.536	2.764	0.000
684	-5.536	2.764	0.000
440	-5.535	2.764	0.000
565	-5.535	2.764	0.000
580	-5.535	2.764	0.000
582	-5.535	2.764	0.000
584	-5.535	2.764	0.000
586	-5.535	2.764	0.000
594	-5.535	2.764	0.000
597	-5.535	2.764	0.000
598	-5.535	2.764	0.000
601	-5.535	2.765	0.000
611	-5.535	2.765	0.000
618	-5.535	2.765	0.000
623	-5.535	2.765	0.000
624	-5.535	2.765	0.000
629	-5.535	2.765	0.000
540	-5.535	2.765	0.000
541	-5.535	2.765	0.000
542	-5.535	2.765	0.000
544	-5.535	2.765	0.000
546	-5.535	2.765	0.000
547	-5.535	2.765	0.000
554	-5.535	2.765	0.000
555	-5.535	2.765	0.000
556	-5.535	2.765	0.000
557	-5.535	2.765	0.000
558	-5.535	2.765	0.000
559	-5.535	2.765	0.000
250	-5.511	2.237	0.000
251	-5.511	2.237	0.000
592	-5.497	2.763	0.000
666	-5.497	2.765	0.000
670	-5.497	2.765	0.000
590	-5.497	2.763	0.000
591	-5.497	2.763	0.000
593	-5.497	2.763	0.000
385	-5.496	2.763	0.000
548	-5.496	2.763	0.000
549	-5.496	2.763	0.000
563	-5.496	2.763	0.000
402	-5.496	2.763	0.000
403	-5.496	2.763	0.000
404	-5.496	2.763	0.000
448	-5.495	2.763	0.000
107	-5.492	2.765	0.000
129	-5.492	2.766	0.000
130	-5.492	2.766	0.000
131	-5.492	2.766	0.000
132	-5.492	2.766	0.000
133	-5.492	2.766	0.000
134	-5.492	2.766	0.000
135	-5.492	2.766	0.000
136	-5.492	2.766	0.000
137	-5.492	2.765	0.000
138	-5.492	2.766	0.000
139	-5.492	2.766	0.000
140	-5.492	2.766	0.000
141	-5.492	2.766	0.000
142	-5.492	2.766	0.000
143	-5.492	2.766	0.000
144	-5.492	2.766	0.000
165	-5.491	2.766	0.000
79	-5.488	2.754	0.000
1499	-5.441	2.182	0.000
492	-5.353	1.762	0.000
522	-5.353	1.762	0.000
531	-5.353	1.762	0.000
532	-5.353	1.762	0.000
1008	-5.340	1.770	0.000
1012	-5.340	1.770	0.000
1021	-5.340	1.770	0.000
849	-5.339	1.770	0.000
857	-5.339	1.770	0.000
872	-5.339	1.770	0.000
873	-5.339	1.770	0.000
879	-5.339	1.770	0.000
896	-5.339	1.770	0.000
897	-5.339	1.770	0.000
899	-5.339	1.770	0.000
987	-5.339	1.770	0.000
989	-5.339	1.770	0.000
1059	-5.339	1.770	0.000
911	-5.335	1.769	0.000
913	-5.335	1.769	0.000
914	-5.335	1.769	0.000
930	-5.335	1.769	0.000
934	-5.335	1.769	0.000
939	-5.335	1.769	0.000
929	-5.335	1.769	0.000
932	-5.335	1.769	0.000
723	-5.333	1.768	0.000
1435	-5.333	2.255	0.000
1436	-5.333	2.254	0.000
607	-5.188	1.754	0.000
409	-5.188	1.755	0.000
295	-5.187	1.754	0.000
585	-5.171	2.172	0.000
