1677	-5.613	0.000	0.000
1580	-5.606	0.053	0.000
1581	-5.606	0.053	0.000
1651	-5.606	0.053	0.000
1563	-5.605	0.053	0.000
1579	-5.313	0.207	0.000
1576	-5.309	0.864	0.000
1574	-5.309	0.875	0.000
1608	-5.309	0.880	0.000
1607	-5.309	0.894	0.000
1585	-5.309	0.895	0.000
1692	-5.307	0.258	0.000
1694	-5.303	0.324	0.000
1693	-5.303	0.880	0.000
1691	-5.302	0.792	0.000
1641	-5.301	0.941	0.000
1642	-5.301	0.938	0.000
1620	-5.288	0.932	0.000
1584	-5.284	0.193	0.000
1601	-5.284	0.193	0.000
1602	-5.284	0.193	0.000
1603	-5.284	0.194	0.000
1604	-5.284	0.194	0.000
1605	-5.284	0.193	0.000
1606	-5.284	0.193	0.000
1571	-5.284	0.194	0.000
1586	-5.284	0.208	0.000
1680	-5.281	0.189	0.000
1681	-5.281	0.189	0.000
1682	-5.281	0.189	0.000
1679	-5.281	0.202	0.000
1599	-5.275	0.070	0.000
1632	-5.257	0.312	0.000
1626	-5.257	0.315	0.000
1633	-5.257	0.314	0.000
1636	-5.257	0.315	0.000
1637	-5.257	0.314	0.000
1638	-5.257	0.315	0.000
1639	-5.257	0.315	0.000
1647	-5.257	0.314	0.000
1648	-5.257	0.314	0.000
1649	-5.257	0.314	0.000
1650	-5.257	0.314	0.000
1634	-5.257	0.315	0.000
1631	-5.257	0.315	0.000
1635	-5.257	0.315	0.000
1640	-5.257	0.315	0.000
1615	-5.209	0.850	0.000
1683	-5.073	3.074	0.000
1597	-4.889	3.748	0.000
1598	-4.889	3.748	0.000
1672	-4.889	3.747	0.000
1675	-4.889	3.748	0.000
1569	-4.889	3.747	0.000
1570	-4.889	3.747	0.000
1582	-4.889	3.747	0.000
1653	-4.889	3.747	0.000
1654	-4.889	3.747	0.000
1655	-4.889	3.747	0.000
1656	-4.889	3.747	0.000
1616	-4.885	3.748	0.000
1617	-4.885	3.748	0.000
1618	-4.885	3.748	0.000
1609	-4.878	3.748	0.000
1610	-4.878	3.748	0.000
1627	-4.878	3.748	0.000
1628	-4.878	3.748	0.000
1629	-4.878	3.748	0.000
1643	-4.878	3.748	0.000
1644	-4.878	3.748	0.000
1645	-4.878	3.748	0.000
1646	-4.878	3.748	0.000
1630	-4.878	3.651	0.000
1662	-4.878	3.650	0.000
1664	-4.878	3.650	0.000
1665	-4.878	3.651	0.000
1695	-4.867	3.746	0.000
1687	-4.862	3.616	0.000
1688	-4.862	3.616	0.000
1689	-4.862	3.616	0.000
1690	-4.862	3.616	0.000
1624	-4.623	1.923	0.000
1678	-4.620	1.934	0.000
1686	-4.619	1.921	0.000
1661	-4.617	2.159	0.000
1658	-4.617	2.158	0.000
1660	-4.617	2.158	0.000
1663	-4.617	2.158	0.000
1587	-4.617	2.158	0.000
1666	-4.617	2.158	0.000
1659	-4.617	2.158	0.000
1622	-4.616	2.159	0.000
1625	-4.616	2.158	0.000
1623	-4.616	2.159	0.000
1673	-4.596	1.939	0.000
1674	-4.596	1.939	0.000
1684	-4.593	1.944	0.000
1685	-4.593	1.944	0.000
1565	-4.330	3.527	0.000
1566	-4.330	3.527	0.000
1575	-4.330	3.527	0.000
1577	-4.330	3.527	0.000
1578	-4.330	3.527	0.000
1600	-4.330	3.527	0.000
1611	-4.330	3.527	0.000
1557	-4.328	3.528	0.000
1558	-4.328	3.528	0.000
1559	-4.328	3.528	0.000
1560	-4.328	3.528	0.000
1561	-4.328	3.528	0.000
1562	-4.328	3.528	0.000
1564	-4.311	3.565	0.000
1567	-4.311	3.565	0.000
1568	-4.311	3.565	0.000
1572	-4.311	3.565	0.000
1573	-4.311	3.565	0.000
1583	-4.311	3.565	0.000
1657	-4.311	3.565	0.000
