95	-12.541	0.000	0.000
1152	-12.331	0.048	0.019
628	-12.317	0.047	0.022
608	-12.316	0.046	0.025
612	-12.316	0.046	3.326
605	-12.316	0.047	3.325
626	-12.316	0.047	0.036
629	-12.316	0.047	0.005
632	-12.316	0.047	3.327
642	-12.316	0.047	3.327
520	-12.315	0.047	3.766
524	-12.315	0.046	3.404
597	-12.314	0.046	3.362
511	-12.313	0.046	3.362
600	-12.313	0.046	3.362
538	-12.312	0.046	3.362
539	-12.312	0.046	3.766
540	-12.312	0.046	3.766
514	-12.312	0.046	3.766
595	-12.310	0.044	3.750
575	-12.310	0.046	3.122
578	-12.309	0.046	3.348
763	-12.309	0.046	3.353
746	-12.308	0.046	3.957
768	-12.308	0.046	3.791
566	-12.307	0.046	3.771
655	-12.305	0.046	3.144
665	-12.305	0.046	3.112
666	-12.305	0.046	3.940
156	-12.304	0.044	3.113
111	-12.303	0.044	3.725
112	-12.303	0.044	3.837
126	-12.303	0.044	3.835
701	-12.303	0.046	3.737
702	-12.303	0.046	3.837
193	-12.302	0.044	3.724
203	-12.302	0.044	3.724
194	-12.302	0.044	3.722
699	-12.300	0.044	4.188
213	-12.299	0.046	4.186
714	-12.299	0.046	4.185
324	-12.291	0.045	4.188
1430	-12.288	0.053	4.189
225	-12.287	0.045	3.076
306	-12.287	0.045	3.075
401	-12.287	0.045	2.706
338	-12.286	0.045	3.075
342	-12.286	0.045	4.602
609	-12.286	0.043	4.602
383	-12.285	0.045	4.602
288	-12.284	0.045	11.395
291	-12.284	0.045	4.179
292	-12.284	0.045	4.181
458	-12.282	0.045	4.181
467	-12.282	0.045	12.217
473	-12.282	0.045	3.883
482	-12.282	0.045	3.883
489	-12.282	0.045	9.619
491	-12.282	0.045	17.706
462	-12.281	0.045	17.204
232	-12.278	0.042	9.627
323	-12.278	0.043	9.627
335	-12.276	0.042	9.627
378	-12.276	0.042	17.307
293	-12.274	0.042	9.789
224	-12.273	0.042	9.789
304	-12.273	0.042	3.848
305	-12.273	0.042	11.400
396	-12.273	0.042	19.193
228	-12.273	0.042	19.192
431	-12.272	0.042	19.928
618	-12.252	0.037	6.268
516	-12.246	0.047	6.268
187	-12.237	1.493	8.622
266	-12.227	1.492	8.622
256	-12.224	0.036	6.313
229	-12.213	1.493	6.313
318	-12.210	1.494	6.313
91	-11.905	1.476	6.312
110	-11.904	1.476	6.312
202	-11.904	1.476	6.310
96	-11.863	1.474	9.411
255	-11.861	1.475	10.348
390	-11.842	1.474	9.431
1525	-11.837	1.473	9.431
1340	-11.817	1.470	9.431
245	-11.656	2.470	9.420
219	-11.656	2.470	18.384
313	-11.656	2.470	9.421
275	-11.654	2.471	18.320
80	-11.633	2.067	9.426
93	-11.633	2.067	8.734
97	-11.633	2.067	9.470
116	-11.633	2.067	9.474
139	-11.633	2.067	9.474
173	-11.633	2.067	9.474
216	-11.633	2.067	8.762
16	-11.630	2.067	9.470
44	-11.630	2.067	6.368
56	-11.630	2.067	6.367
57	-11.630	2.067	6.369
58	-11.630	2.067	6.366
296	-11.623	2.066	6.375
298	-11.623	2.066	6.374
332	-11.623	2.066	6.374
343	-11.623	2.066	6.362
357	-11.623	2.066	6.362
379	-11.623	2.066	9.712
402	-11.623	2.066	9.712
432	-11.622	2.066	9.712
433	-11.622	2.066	6.383
11	-11.421	2.080	9.734
221	-11.386	2.081	9.792
243	-11.386	2.081	9.783
158	-11.385	2.081	9.736
160	-11.385	2.081	18.898
165	-11.385	2.081	18.916
166	-11.385	2.081	8.174
94	-11.383	2.081	9.804
268	-11.380	2.080	7.952
336	-11.380	2.080	8.225
149	-11.371	2.076	8.224
71	-11.365	2.075	9.332
240	-11.164	2.461	9.339
283	-11.163	2.461	9.339
10	-11.142	2.458	9.339
81	-11.141	2.461	8.233
98	-11.141	2.461	7.935
102	-11.141	2.461	7.935
103	-11.141	2.461	12.371
108	-11.141	2.461	12.375
113	-11.141	2.461	12.391
121	-11.141	2.461	6.560
124	-11.141	2.461	7.830
131	-11.141	2.461	7.833
132	-11.141	2.461	19.039
146	-11.140	2.461	7.833
168	-11.140	2.461	8.226
171	-11.140	2.461	8.305
189	-11.140	2.461	7.796
26	-11.139	2.462	9.462
27	-11.139	2.462	2.857
32	-11.139	2.462	2.896
34	-11.139	2.462	2.896
40	-11.139	2.462	2.831
41	-11.139	2.462	3.728
49	-11.139	2.462	1.624
68	-11.139	2.462	1.612
70	-11.139	2.462	2.188
73	-11.139	2.462	1.611
247	-11.105	2.482	2.184
205	-10.937	2.491	1.606
150	-10.748	2.757	1.612
118	-10.745	2.110	2.175
119	-10.745	2.110	2.788
130	-10.745	2.755	2.802
50	-10.734	2.746	2.174
45	-10.733	2.746	2.794
145	-10.724	2.763	2.803
169	-10.723	2.765	3.740
151	-10.722	2.765	3.729
161	-10.722	2.765	3.917
218	-10.722	2.765	2.185
142	-10.720	2.761	2.737
204	-10.671	2.785	3.372
260	-10.588	2.478	3.772
248	-10.577	2.476	3.771
463	-10.577	2.477	3.340
570	-10.566	2.479	0.045
554	-10.564	1.990	0.045
253	-10.563	2.478	0.057
223	-10.563	2.479	0.057
299	-10.563	2.480	3.322
646	-10.554	3.573	3.322
541	-10.551	2.481	0.007
209	-10.548	2.161	0.041
210	-10.548	2.161	3.324
147	-10.548	2.162	3.324
148	-10.548	2.162	3.313
741	-10.548	2.480	3.358
122	-10.544	2.480	3.359
82	-10.543	3.576	3.358
115	-10.543	3.576	3.359
90	-10.543	3.576	3.359
128	-10.543	3.576	3.776
192	-10.543	2.480	3.776
207	-10.543	2.480	3.776
59	-10.542	2.480	3.765
182	-10.542	2.480	3.361
38	-10.542	2.480	3.346
703	-10.541	2.480	3.343
1535	-10.536	2.483	3.966
1544	-10.536	2.483	3.800
1563	-10.536	2.483	3.133
1510	-10.528	2.482	3.950
1509	-10.524	2.483	3.950
36	-10.515	3.573	3.102
133	-10.504	2.485	3.102
14	-10.485	1.991	3.827
188	-10.459	2.533	3.826
470	-10.440	2.531	3.726
339	-10.426	2.531	3.725
503	-10.334	2.797	3.712
509	-10.332	2.800	3.714
79	-10.328	2.763	17.029
510	-10.287	3.152	4.177
83	-10.281	3.059	4.177
620	-10.278	3.115	16.991
621	-10.278	3.115	4.177
761	-10.277	3.117	4.177
1221	-10.275	3.112	4.170
1222	-10.275	3.111	3.919
190	-10.274	3.135	3.063
17	-10.274	3.058	3.064
35	-10.274	3.058	4.599
152	-10.273	3.135	4.599
196	-10.273	3.135	4.600
178	-10.271	3.136	11.367
238	-10.271	3.138	2.683
239	-10.271	3.138	4.166
134	-10.269	3.133	4.168
135	-10.269	3.133	4.154
107	-10.268	3.133	3.883
222	-10.267	3.140	3.892
186	-10.264	3.138	3.892
162	-10.264	3.138	17.762
120	-10.258	3.137	17.190
660	-10.258	3.123	17.186
685	-10.258	3.124	9.602
686	-10.258	3.124	9.601
688	-10.258	3.124	9.740
711	-10.257	3.124	17.292
712	-10.257	3.124	9.765
673	-10.257	3.124	9.765
727	-10.257	3.125	12.181
736	-10.257	3.124	19.184
417	-10.256	3.128	19.184
1336	-10.256	3.140	19.184
1142	-10.256	3.138	6.249
1236	-10.256	3.137	6.249
1292	-10.256	3.137	6.250
18	-10.256	3.120	8.605
28	-10.255	3.121	6.293
481	-10.254	3.129	6.294
321	-10.253	3.124	6.294
276	-10.252	3.125	6.294
302	-10.250	3.126	6.293
362	-10.250	3.126	6.293
341	-10.241	3.129	6.292
633	-10.234	3.142	10.319
1196	-10.231	3.139	9.416
257	-10.219	3.146	8.676
258	-10.219	3.146	9.416
715	-10.213	3.152	9.416
1420	-10.210	3.149	18.370
123	-10.202	2.743	9.405
254	-10.190	2.454	9.424
354	-10.186	2.491	10.309
387	-10.185	2.491	8.717
450	-10.184	2.491	9.471
584	-10.174	2.492	9.476
211	-10.164	2.491	9.476
416	-10.163	2.492	9.476
195	-10.156	2.455	8.744
52	-10.155	2.455	9.468
1645	-10.152	2.495	9.473
1587	-10.152	2.495	6.361
1601	-10.152	2.495	6.362
1611	-10.152	2.495	6.363
1621	-10.152	2.495	9.467
1625	-10.152	2.495	6.368
1626	-10.152	2.495	6.368
1596	-10.151	2.495	6.355
1617	-10.151	2.495	6.356
1580	-10.148	2.495	9.715
1584	-10.148	2.495	9.715
1600	-10.148	2.495	9.715
1604	-10.148	2.495	6.376
1614	-10.148	2.495	6.376
1567	-10.147	2.496	9.720
1571	-10.147	2.496	9.795
1545	-10.143	2.495	9.786
117	-10.139	2.455	9.740
356	-10.126	2.022	18.886
446	-10.094	1.995	18.904
77	-10.068	3.105	8.160
78	-10.068	3.105	8.159
698	-10.064	1.995	8.219
525	-10.046	2.477	8.210
181	-10.043	3.112	9.311
436	-10.042	2.479	9.317
386	-10.042	2.479	9.317
441	-10.042	2.479	9.317
442	-10.042	2.479	7.926
237	-10.041	3.113	12.377
407	-10.041	2.479	7.940
429	-10.037	2.480	12.375
399	-10.037	2.480	12.375
6	-10.019	3.114	9.239
8	-10.019	3.114	7.851
1575	-10.019	2.483	6.567
12	-10.017	3.115	7.835
478	-10.012	1.984	19.031
571	-10.010	2.483	19.031
589	-10.010	2.482	7.839
593	-10.010	2.482	7.814
762	-10.010	2.482	8.305
753	-10.010	2.482	9.470
760	-10.010	2.482	7.217
561	-10.009	2.482	2.977
562	-10.009	2.482	1.950
552	-10.009	2.482	2.175
747	-10.008	2.482	2.175
771	-10.007	3.566	2.152
613	-10.007	3.564	2.474
770	-10.006	3.564	2.605
532	-10.005	2.482	2.474
530	-10.004	2.483	2.606
596	-10.004	2.483	2.605
669	-9.998	1.988	2.613
717	-9.998	2.481	3.003
719	-9.997	2.481	2.187
667	-9.994	2.481	2.466
681	-9.994	2.481	2.776
676	-9.992	2.481	2.771
693	-9.992	2.481	2.776
504	-9.985	2.485	2.771
507	-9.984	2.485	2.994
508	-9.984	2.485	2.983
1382	-9.974	3.558	2.132
1401	-9.974	3.558	2.478
551	-9.973	3.576	2.127
558	-9.973	3.576	3.035
623	-9.972	3.575	3.035
141	-9.971	2.621	3.034
138	-9.971	2.621	3.337
740	-9.966	3.587	3.337
499	-9.965	3.587	3.338
500	-9.965	3.587	3.341
734	-9.960	3.575	3.324
677	-9.960	3.577	0.002
731	-9.960	3.577	3.322
484	-9.960	3.578	3.322
663	-9.959	3.576	2.103
697	-9.952	3.582	0.004
751	-9.942	3.579	0.030
757	-9.942	3.579	2.202
175	-9.940	3.577	0.070
619	-9.939	2.630	0.070
535	-9.937	2.630	0.069
536	-9.937	2.630	0.070
580	-9.936	2.630	3.045
526	-9.934	3.570	3.045
594	-9.934	3.570	3.045
109	-9.933	3.576	3.039
440	-9.928	3.882	3.032
157	-9.928	2.632	0.056
127	-9.925	2.632	0.057
231	-9.924	2.634	2.174
658	-9.919	2.630	3.082
326	-9.916	3.573	3.081
319	-9.914	2.631	1.626
328	-9.914	2.631	2.135
329	-9.914	2.631	2.132
200	-9.912	3.580	1.622
351	-9.910	2.631	2.150
385	-9.910	2.631	2.338
391	-9.910	2.632	1.624
310	-9.910	2.631	2.160
377	-9.909	2.631	2.152
242	-9.893	3.577	2.339
1	-9.880	2.666	2.153
2	-9.880	2.667	3.028
3	-9.880	2.666	2.936
4	-9.880	2.667	2.935
5	-9.880	2.667	2.934
647	-9.877	3.576	2.938
7	-9.860	2.667	2.938
9	-9.860	2.667	1.604
105	-9.819	2.453	2.142
501	-9.777	2.007	1.606
704	-9.765	2.769	1.606
678	-9.765	2.769	2.482
682	-9.765	2.769	2.482
144	-9.759	2.773	2.482
603	-9.756	2.750	10.926
616	-9.756	2.750	2.841
581	-9.755	2.750	2.845
241	-9.754	2.020	2.844
529	-9.754	2.751	11.436
755	-9.754	2.750	2.082
353	-9.753	2.022	2.082
555	-9.753	2.751	1.601
191	-9.747	2.754	16.789
208	-9.746	2.754	16.729
206	-9.746	2.754	9.361
104	-9.744	2.753	9.361
174	-9.743	2.755	9.361
176	-9.743	2.755	16.827
406	-9.742	2.773	16.828
167	-9.742	2.755	9.446
220	-9.742	2.756	9.362
662	-9.740	2.750	11.060
648	-9.737	2.751	18.515
19	-9.737	2.749	18.514
20	-9.737	2.749	19.387
29	-9.736	2.750	5.014
30	-9.736	2.750	5.014
42	-9.736	2.750	7.666
43	-9.736	2.750	7.666
51	-9.736	2.750	5.079
75	-9.736	2.750	5.079
24	-9.736	2.750	5.079
651	-9.736	2.752	5.079
652	-9.736	2.752	5.079
687	-9.736	2.752	5.079
733	-9.735	2.752	9.671
735	-9.735	2.752	9.671
738	-9.735	2.752	8.533
60	-9.734	2.750	7.745
61	-9.734	2.750	8.533
62	-9.734	2.750	7.746
65	-9.734	2.750	17.648
464	-9.732	2.754	8.523
322	-9.732	2.752	8.537
424	-9.732	2.753	9.665
284	-9.731	2.752	7.789
287	-9.731	2.752	7.983
317	-9.731	2.752	7.988
443	-9.730	2.754	7.989
472	-9.730	2.754	7.988
449	-9.729	2.754	7.818
393	-9.729	2.752	7.977
456	-9.729	2.754	7.983
457	-9.729	2.754	5.289
185	-9.729	2.755	5.290
369	-9.728	2.752	5.290
370	-9.728	2.752	5.294
373	-9.728	2.752	5.294
274	-9.728	2.752	5.294
359	-9.728	2.752	5.282
363	-9.728	2.752	5.282
479	-9.728	2.755	8.300
309	-9.728	2.752	8.300
84	-9.728	2.754	8.300
85	-9.728	2.754	5.298
86	-9.728	2.754	8.302
88	-9.728	2.754	8.306
89	-9.728	2.754	8.400
297	-9.727	2.752	8.322
380	-9.727	2.752	18.012
269	-9.727	2.752	18.012
163	-9.727	2.756	8.415
164	-9.727	2.756	6.862
100	-9.726	2.754	6.472
101	-9.726	2.754	6.925
159	-9.725	2.756	6.924
180	-9.725	2.756	8.276
129	-9.725	2.754	8.283
235	-9.725	2.757	8.283
259	-9.722	3.685	8.283
37	-9.719	2.751	6.930
25	-9.719	2.751	6.457
31	-9.718	2.751	6.457
33	-9.718	2.751	10.899
74	-9.718	2.751	10.900
39	-9.717	2.752	8.147
46	-9.716	2.752	6.400
47	-9.716	2.752	6.387
48	-9.716	2.752	6.733
67	-9.716	2.752	18.073
15	-9.715	2.753	18.073
278	-9.714	2.753	6.383
300	-9.711	2.754	6.369
252	-9.710	3.701	6.749
13	-9.710	2.754	8.022
643	-9.699	2.805	2.151
644	-9.699	2.805	1.946
598	-9.698	2.805	1.951
767	-9.696	2.805	2.175
262	-9.675	2.455	2.968
264	-9.675	2.455	2.152
265	-9.675	2.455	2.612
636	-9.670	2.784	2.473
521	-9.669	2.784	2.612
522	-9.669	2.784	2.471
576	-9.668	2.785	2.605
579	-9.668	2.785	2.613
1165	-9.668	2.782	2.470
184	-9.667	3.725	2.991
448	-9.667	2.452	2.775
236	-9.666	3.725	2.775
301	-9.666	2.453	2.771
1173	-9.665	2.779	2.775
480	-9.664	2.453	2.772
483	-9.664	2.453	2.982
136	-9.662	3.725	2.132
244	-9.662	3.724	2.132
430	-9.662	2.453	2.169
281	-9.662	2.453	0.080
398	-9.660	2.453	3.035
227	-9.660	2.453	3.034
140	-9.659	3.725	3.287
713	-9.651	3.722	3.337
451	-9.650	3.722	3.337
465	-9.650	3.722	3.328
437	-9.649	3.722	3.340
439	-9.649	3.722	0.001
455	-9.649	3.722	0.002
364	-9.649	2.451	3.322
404	-9.649	2.452	3.327
76	-9.648	3.722	0.004
447	-9.648	3.722	0.004
346	-9.648	2.452	3.007
347	-9.648	2.452	3.075
277	-9.647	3.722	0.071
331	-9.647	3.722	0.071
607	-9.646	2.024	0.071
272	-9.646	2.452	0.071
312	-9.645	3.722	3.045
490	-9.645	2.789	3.045
601	-9.645	2.454	3.045
365	-9.644	3.722	3.038
366	-9.644	3.722	0.067
469	-9.644	2.788	0.056
460	-9.644	2.788	2.181
461	-9.644	2.788	2.175
320	-9.641	2.453	3.082
327	-9.641	2.453	1.625
423	-9.640	2.453	1.628
214	-9.640	2.451	2.133
773	-9.634	2.654	2.131
92	-9.629	3.060	1.622
759	-9.627	2.456	2.151
573	-9.627	2.456	2.338
548	-9.625	2.456	2.335
512	-9.621	3.732	2.160
764	-9.621	3.732	2.339
197	-9.617	2.454	2.153
729	-9.616	2.455	2.153
497	-9.616	0.876	3.028
289	-9.615	3.060	2.936
710	-9.615	2.455	2.935
723	-9.615	2.453	2.935
226	-9.614	3.734	2.938
307	-9.614	2.642	2.406
670	-9.611	2.455	1.604
683	-9.611	2.455	1.605
557	-9.606	2.464	2.297
615	-9.604	2.457	2.482
474	-9.601	3.731	2.482
518	-9.601	2.456	2.483
606	-9.600	2.456	2.483
637	-9.599	2.456	10.926
645	-9.599	2.456	2.841
627	-9.599	2.455	2.845
1648	-9.591	2.459	2.845
743	-9.580	3.721	11.436
246	-9.579	2.028	2.083
583	-9.577	3.726	2.082
725	-9.575	3.726	9.351
199	-9.574	3.728	17.343
425	-9.558	3.725	16.740
279	-9.554	3.725	9.361
496	-9.549	2.244	9.361
730	-9.547	2.496	16.633
1130	-9.534	0.885	16.827
1131	-9.534	0.885	9.446
1133	-9.534	0.885	9.446
1306	-9.534	0.885	2.048
1137	-9.533	0.885	11.058
1145	-9.533	0.885	18.515
1269	-9.533	0.885	18.514
739	-9.528	0.886	19.337
505	-9.523	0.886	5.015
506	-9.523	0.886	5.015
249	-9.513	0.887	7.666
250	-9.513	0.887	7.674
311	-9.496	2.077	5.080
1206	-9.492	2.333	5.080
87	-9.447	3.137	5.080
106	-9.445	3.138	5.079
412	-9.444	2.079	5.080
360	-9.442	2.079	5.078
350	-9.441	2.079	8.508
355	-9.440	2.080	9.671
303	-9.440	2.080	8.533
650	-9.438	3.137	8.533
54	-9.437	3.135	8.533
55	-9.437	3.135	8.522
428	-9.431	3.141	8.523
420	-9.430	3.141	8.523
444	-9.429	3.141	9.665
308	-9.429	3.139	9.665
344	-9.427	3.139	7.789
345	-9.427	3.139	7.983
745	-9.406	2.791	7.989
201	-9.403	2.071	7.989
537	-9.377	2.061	7.989
577	-9.356	2.031	7.818
263	-9.356	2.047	7.984
1349	-9.355	0.969	5.289
230	-9.347	1.002	5.290
198	-9.343	3.127	5.291
267	-9.343	1.000	5.288
720	-9.335	3.124	5.295
286	-9.330	3.125	5.295
282	-9.329	3.125	5.297
352	-9.326	3.125	5.283
334	-9.325	3.126	8.301
438	-9.204	2.469	8.301
487	-9.200	2.469	8.301
488	-9.200	2.469	5.292
1211	-9.200	0.932	5.298
1212	-9.200	0.932	8.328
1178	-9.199	0.845	8.401
1179	-9.199	0.852	8.391
622	-9.199	0.932	8.326
1168	-9.198	0.845	18.011
664	-9.197	0.934	18.027
625	-9.197	0.932	6.862
638	-9.197	0.932	8.426
639	-9.197	0.932	6.473
640	-9.197	0.932	6.924
586	-9.196	0.933	6.924
588	-9.196	0.933	8.283
519	-9.196	0.932	8.283
534	-9.195	0.932	8.283
533	-9.195	0.932	8.283
1166	-9.194	0.861	6.931
549	-9.194	0.932	6.458
574	-9.194	0.932	10.899
752	-9.194	0.932	10.899
754	-9.194	0.932	10.901
758	-9.194	0.932	7.122
143	-9.193	0.932	5.459
563	-9.193	0.932	6.387
565	-9.193	0.932	18.072
748	-9.193	0.932	18.072
749	-9.193	0.932	6.384
765	-9.191	0.850	6.369
545	-9.191	0.931	6.749
547	-9.191	0.931	7.981
114	-9.190	0.932	8.022
125	-9.190	0.932	2.976
183	-9.190	0.932	1.950
69	-9.189	0.932	2.612
706	-9.188	0.931	2.175
709	-9.188	0.932	2.151
23	-9.188	0.931	2.474
137	-9.188	0.931	2.605
668	-9.187	0.931	2.474
679	-9.187	0.931	2.613
680	-9.187	0.931	2.471
684	-9.187	0.931	2.613
261	-9.187	0.933	2.611
726	-9.186	0.931	2.471
64	-9.186	0.931	2.179
66	-9.186	0.931	2.776
653	-9.186	0.930	2.773
672	-9.186	0.931	2.773
692	-9.186	0.931	2.776
694	-9.186	0.931	2.994
374	-9.185	2.469	2.982
376	-9.185	2.469	2.131
177	-9.185	0.930	2.478
415	-9.185	0.934	2.170
728	-9.185	0.931	0.079
403	-9.184	2.469	3.034
434	-9.183	2.468	3.033
737	-9.183	0.930	3.337
330	-9.183	0.932	3.337
273	-9.182	2.469	3.336
72	-9.182	0.930	0.000
280	-9.182	0.933	3.340
384	-9.180	0.851	0.003
422	-9.180	0.931	0.002
315	-9.179	0.932	3.322
316	-9.179	0.932	3.327
466	-9.179	0.932	0.005
392	-9.179	0.932	0.005
271	-9.178	0.931	3.309
400	-9.178	0.932	0.069
411	-9.177	0.931	0.071
361	-9.177	0.931	0.069
367	-9.177	0.932	0.071
371	-9.177	0.931	3.042
372	-9.177	0.931	3.044
375	-9.177	0.931	3.044
409	-9.177	0.932	3.039
388	-9.177	0.932	3.031
389	-9.177	0.932	0.057
452	-9.177	0.932	0.058
435	-9.176	0.931	0.057
427	-9.175	2.470	0.151
333	-9.175	0.931	3.081
454	-9.174	0.931	1.624
468	-9.168	0.612	2.135
756	-9.167	2.471	2.132
592	-9.166	2.472	2.332
585	-9.166	2.471	1.622
587	-9.166	2.471	2.337
543	-9.163	2.471	1.623
531	-9.162	2.472	2.160
705	-9.155	2.470	2.160
708	-9.155	2.470	2.151
718	-9.154	2.470	2.152
695	-9.148	2.471	2.933
556	-9.146	2.470	2.935
493	-9.142	3.043	2.936
494	-9.142	3.043	16.543
495	-9.142	3.043	2.937
1117	-9.142	3.043	2.937
1118	-9.142	3.043	1.604
1121	-9.142	3.043	2.141
1231	-9.142	3.043	1.604
1234	-9.142	3.043	1.605
498	-9.141	3.043	2.482
604	-9.140	2.471	2.482
502	-9.140	3.043	2.482
641	-9.138	2.471	10.926
1134	-9.138	3.043	2.841
1139	-9.138	3.043	2.842
1140	-9.138	3.043	2.844
1147	-9.138	3.043	2.237
1148	-9.138	3.043	2.073
1250	-9.138	3.043	2.082
1257	-9.138	3.043	2.082
1258	-9.138	3.043	17.294
1317	-9.138	3.043	16.729
217	-9.137	2.469	16.735
744	-9.137	3.043	9.361
179	-9.136	2.469	9.361
251	-9.136	3.044	9.425
659	-9.132	2.470	16.828
624	-9.092	2.033	9.446
631	-9.092	2.033	9.362
527	-9.091	2.034	18.261
560	-9.090	2.034	18.516
559	-9.090	2.034	18.516
590	-9.090	2.034	19.387
550	-9.090	2.034	5.014
656	-9.087	2.036	5.014
657	-9.087	2.036	5.014
689	-9.086	2.036	7.666
674	-9.086	2.036	5.079
170	-9.085	2.035	5.079
722	-9.084	2.036	5.079
233	-9.083	2.036	5.079
234	-9.083	2.036	5.079
294	-9.082	2.037	5.078
295	-9.082	2.037	5.077
270	-9.081	2.037	9.672
290	-9.081	2.037	8.533
314	-9.081	2.037	7.745
340	-9.081	2.037	8.533
358	-9.081	2.037	17.594
405	-9.081	2.037	17.648
368	-9.080	2.037	8.522
394	-9.080	2.037	8.537
408	-9.079	2.037	9.666
418	-9.079	2.037	7.789
485	-9.079	2.037	7.982
1207	-9.077	2.468	7.988
1124	-9.063	3.047	7.988
1125	-9.063	3.047	7.988
1127	-9.063	3.047	7.817
1325	-9.063	3.046	7.977
1238	-9.063	3.046	7.983
1239	-9.063	3.046	5.289
1329	-9.060	3.047	5.289
1330	-9.060	3.047	5.290
1132	-9.060	3.047	7.979
1303	-9.059	3.047	5.294
635	-8.917	0.600	0.001
634	-8.917	0.601	3.321
630	-8.917	0.601	3.321
614	-8.917	0.603	2.104
611	-8.917	0.605	0.004
610	-8.917	0.616	3.028
513	-8.915	0.602	2.202
599	-8.915	0.611	0.071
568	-8.913	0.593	0.071
567	-8.913	0.594	0.070
700	-8.911	0.631	0.071
397	-8.903	0.611	3.046
325	-8.804	2.694	3.065
21	-8.669	1.973	2.483
22	-8.669	1.973	10.926
172	-8.668	1.973	2.842
53	-8.667	1.973	2.845
99	-8.667	1.973	2.845
63	-8.666	1.973	11.436
517	-8.644	1.971	18.513
617	-8.644	1.971	18.511
515	-8.642	1.971	5.015
528	-8.642	1.971	5.015
542	-8.640	1.971	7.666
544	-8.640	1.971	7.667
553	-8.640	1.971	5.080
591	-8.640	1.971	5.080
649	-8.635	1.971	5.080
654	-8.635	1.971	5.080
675	-8.633	1.972	5.080
732	-8.631	1.971	5.079
426	-8.625	1.971	8.509
337	-8.622	1.972	9.671
453	-8.621	1.972	8.534
476	-8.621	1.972	7.746
477	-8.621	1.972	8.534
486	-8.621	1.971	17.586
382	-8.621	1.971	17.648
348	-8.621	1.971	8.523
395	-8.620	1.971	8.538
421	-8.563	2.718	7.990
602	-8.495	2.720	2.984
285	-8.428	2.718	2.133
1553	-8.400	2.708	3.036
212	-8.258	2.489	1.623
215	-8.257	2.489	1.623
153	-8.257	2.491	2.339
154	-8.257	2.491	2.160
155	-8.257	2.491	2.161
419	-8.249	2.493	2.339
1641	-8.096	1.809	2.483
475	-7.946	2.516	18.071
1312	-7.128	3.075	1.194
1247	-7.125	3.076	2.178
1263	-7.125	3.076	3.084
1304	-7.125	3.076	1.627
523	-6.555	3.678	9.362
1170	-6.554	3.674	11.060
459	-6.554	3.682	18.513
492	-6.554	3.681	18.513
569	-6.554	3.680	19.384
772	-6.554	3.679	5.016
1389	-6.511	3.758	2.970
1404	-6.511	3.757	2.153
1342	-6.508	3.752	2.612
1352	-6.508	3.752	2.472
1414	-6.431	3.789	2.340
