1122	-7.511	0.000	2.084
1315	-7.510	0.030	10.950
1255	-7.510	0.030	17.291
1155	-7.450	0.135	9.361
1224	-7.442	0.084	17.269
1164	-7.437	0.084	7.667
1183	-7.431	0.129	7.668
1184	-7.431	0.129	5.081
1185	-7.431	0.129	5.081
1193	-7.431	0.129	5.081
1375	-7.427	0.130	9.671
1390	-7.427	0.131	8.534
1424	-7.427	0.130	7.747
1426	-7.427	0.130	8.534
1111	-7.395	0.107	8.526
1119	-7.388	0.108	7.991
1120	-7.388	0.108	7.819
1126	-7.388	0.108	7.986
1232	-7.388	0.108	5.290
1241	-7.388	0.108	5.291
1242	-7.388	0.108	5.292
1114	-7.387	0.108	5.290
1115	-7.387	0.108	5.296
1123	-7.387	0.108	5.296
1136	-7.383	0.156	5.297
1141	-7.383	0.156	5.284
1143	-7.383	0.156	5.284
1276	-7.383	0.156	8.303
1294	-7.383	0.156	8.303
1323	-7.383	0.156	8.303
1197	-7.349	0.065	10.906
1368	-7.346	0.065	6.403
1415	-7.341	0.068	6.389
1190	-7.335	0.073	6.386
546	-7.334	0.042	18.071
564	-7.334	0.042	18.072
572	-7.334	0.042	7.162
582	-7.334	0.042	6.751
690	-7.333	0.043	6.362
707	-7.333	0.043	8.024
1161	-7.332	0.060	2.019
410	-7.331	0.042	1.947
445	-7.331	0.042	1.951
349	-7.331	0.042	2.175
1188	-7.331	0.060	2.970
1413	-7.322	0.064	2.153
1191	-7.316	0.068	2.611
1154	-7.316	0.068	2.472
1377	-7.311	0.070	2.611
1392	-7.307	0.072	2.469
1204	-7.306	0.047	2.610
1112	-7.302	1.672	2.610
1113	-7.302	1.672	2.469
1251	-7.300	0.089	2.181
1293	-7.287	0.067	2.478
1321	-7.285	0.098	2.984
1149	-7.284	0.098	2.133
1150	-7.284	0.098	2.476
1151	-7.284	0.098	2.170
1254	-7.284	0.098	0.081
1129	-7.283	0.082	3.036
1135	-7.283	0.082	3.035
1144	-7.281	0.084	0.025
1319	-7.266	0.092	3.339
1309	-7.041	2.105	1.606
1177	-6.977	1.664	2.084
1160	-6.975	1.665	2.084
1199	-6.975	1.665	17.277
1195	-6.974	1.665	17.333
1347	-6.970	1.664	16.722
471	-6.964	1.661	9.361
1298	-6.951	2.087	16.825
1299	-6.951	2.087	9.446
1203	-6.936	2.081	9.446
1205	-6.936	2.081	2.059
1208	-6.936	2.081	18.878
1215	-6.936	2.081	18.513
1216	-6.936	2.081	18.512
1230	-6.934	1.659	5.016
1172	-6.932	1.663	5.015
1175	-6.932	1.663	5.016
1225	-6.932	1.660	7.668
1153	-6.920	1.665	7.726
1235	-6.919	2.107	5.081
1284	-6.919	2.107	5.080
1290	-6.919	2.107	5.080
1297	-6.919	2.107	5.080
1324	-6.919	2.107	5.080
1383	-6.900	2.065	5.079
1425	-6.900	2.065	9.671
1256	-6.899	1.653	7.746
1217	-6.894	2.076	8.535
1116	-6.893	1.640	8.535
1200	-6.875	2.077	8.535
1201	-6.875	2.077	17.646
1156	-6.874	2.077	8.524
1194	-6.874	2.077	8.540
1171	-6.871	2.077	9.665
1174	-6.871	2.077	7.791
1374	-6.867	2.076	7.985
1423	-6.867	2.076	7.986
1370	-6.863	2.075	5.284
1400	-6.863	2.075	5.284
1220	-6.859	2.085	8.303
1261	-6.857	1.652	8.303
1218	-6.857	2.085	8.303
1354	-6.852	2.073	5.300
1181	-6.852	2.083	8.310
1403	-6.845	2.048	8.403
1186	-6.817	2.060	8.393
1187	-6.817	2.060	8.330
1138	-6.816	1.982	18.010
1296	-6.816	1.982	18.026
1311	-6.816	1.982	6.863
1314	-6.816	1.982	8.426
1320	-6.816	1.982	6.475
1214	-6.812	1.970	6.925
1182	-6.811	1.970	8.284
1189	-6.811	1.970	8.284
1355	-6.810	1.971	6.461
1356	-6.810	1.971	6.460
1376	-6.810	1.971	10.901
1408	-6.810	1.971	10.901
1310	-6.807	2.063	8.214
1313	-6.807	2.063	6.402
1229	-6.801	2.068	5.461
1359	-6.796	2.056	18.071
1146	-6.782	1.982	6.386
1244	-6.782	1.982	6.372
1252	-6.782	1.982	6.752
1259	-6.782	1.982	8.025
1273	-6.782	1.982	8.025
1277	-6.782	1.982	2.978
1278	-6.782	1.982	1.954
1307	-6.782	1.982	2.175
1326	-6.782	1.982	2.175
1280	-6.774	2.075	2.154
1281	-6.774	2.074	2.472
1282	-6.774	2.074	2.604
1286	-6.774	2.074	2.472
1287	-6.774	2.074	2.611
1289	-6.774	2.074	2.604
1270	-6.773	2.074	2.612
1249	-6.773	2.074	3.004
1295	-6.773	2.074	2.469
1264	-6.759	2.071	3.336
1265	-6.759	2.071	3.339
1246	-6.753	2.046	3.325
1338	-6.753	2.046	0.001
1243	-6.750	2.080	3.321
1380	-6.444	1.924	1.627
1381	-6.444	1.924	1.621
1163	-6.443	1.925	2.134
1431	-6.443	1.925	1.623
1432	-6.443	1.925	2.152
1283	-6.436	1.917	2.162
1219	-6.429	1.928	2.154
1228	-6.429	1.928	2.154
1240	-6.428	1.921	3.030
661	-6.411	2.719	2.937
381	-6.411	2.718	2.937
413	-6.410	2.719	2.936
414	-6.410	2.719	2.939
1410	-6.405	1.919	2.939
1397	-6.397	1.914	1.605
1409	-6.397	1.914	1.606
1417	-6.397	1.914	2.298
1331	-6.389	1.907	1.607
1169	-6.386	1.919	2.483
1209	-6.381	1.918	2.846
1210	-6.381	1.918	2.846
1385	-6.316	1.903	9.446
1162	-6.315	1.903	2.052
1192	-6.315	1.903	11.058
1237	-6.311	1.917	18.513
1305	-6.295	1.902	18.512
1346	-6.295	1.901	19.335
1362	-6.295	1.901	5.015
1367	-6.295	1.901	5.015
1372	-6.295	1.901	7.667
1388	-6.295	1.901	7.667
1411	-6.295	1.901	5.081
1422	-6.295	1.901	5.081
1176	-6.294	1.901	5.081
1128	-6.274	1.900	5.080
1272	-6.274	1.900	5.080
1279	-6.274	1.901	5.079
1285	-6.274	1.901	8.509
1291	-6.260	1.904	9.671
1428	-6.218	1.895	8.523
1253	-6.186	1.893	7.790
