929	-6.516	0.000	2.709
951	-6.516	0.000	2.706
952	-6.516	0.000	18.557
955	-6.516	0.000	8.528
933	-6.515	0.001	6.133
940	-6.515	0.000	6.133
943	-6.515	0.001	6.133
967	-6.359	1.596	2.888
968	-6.359	1.596	2.196
928	-6.350	1.899	4.178
925	-6.337	1.622	2.482
942	-6.337	1.622	0.820
971	-6.337	1.622	1.770
1038	-6.241	0.039	8.521
1048	-6.073	0.067	2.225
987	-6.072	0.067	3.981
1020	-6.072	0.067	4.738
1066	-6.072	0.067	4.732
1092	-6.072	0.067	4.738
1096	-6.072	0.067	4.734
898	-6.056	0.067	4.009
916	-6.056	0.067	2.572
883	-6.055	0.067	2.196
1016	-6.050	1.856	2.196
970	-6.040	1.276	4.197
867	-6.031	1.848	4.197
877	-6.031	1.848	4.194
1090	-6.029	0.066	4.202
1040	-6.028	0.066	2.936
1067	-6.028	0.066	2.937
1099	-6.028	0.066	4.178
1021	-6.028	0.066	4.178
1061	-6.028	0.066	2.936
1073	-6.028	0.066	2.937
1008	-6.027	0.066	2.954
1031	-6.027	0.066	2.855
1033	-6.027	0.066	2.897
946	-5.928	1.260	0.306
969	-5.902	1.976	2.501
1062	-5.894	0.104	9.328
1047	-5.823	1.830	2.706
993	-5.823	1.830	6.099
1059	-5.822	1.830	8.528
1068	-5.822	1.830	6.133
1079	-5.822	1.830	5.275
1082	-5.822	1.830	6.133
1057	-5.822	1.817	6.119
1091	-5.821	1.830	18.660
1035	-5.821	1.827	6.120
1043	-5.821	1.826	18.561
1063	-5.820	1.826	6.119
1078	-5.820	1.826	5.319
858	-5.818	1.824	6.197
878	-5.799	1.824	6.203
938	-5.751	1.963	6.203
900	-5.633	1.656	6.508
1058	-5.619	1.680	3.123
890	-5.616	1.686	6.537
908	-5.616	1.686	6.606
876	-5.615	1.686	6.606
885	-5.615	1.687	6.534
1052	-5.583	1.371	5.106
984	-5.563	3.302	3.836
1014	-5.563	3.302	4.021
1045	-5.563	3.302	3.836
949	-5.563	2.184	4.016
960	-5.563	2.184	3.834
826	-5.549	3.312	4.007
839	-5.549	3.312	2.815
986	-5.546	3.312	4.738
1015	-5.546	3.312	4.737
1083	-5.545	3.312	4.732
1054	-5.543	3.312	4.738
1056	-5.543	3.312	4.022
1087	-5.543	3.312	2.229
982	-5.525	3.324	2.885
873	-5.519	3.310	2.196
817	-5.502	3.321	4.197
818	-5.502	3.321	4.197
819	-5.502	3.321	4.202
821	-5.502	3.321	4.202
822	-5.502	3.321	2.937
823	-5.502	3.321	2.937
828	-5.502	3.321	4.179
829	-5.502	3.321	4.187
831	-5.502	3.321	2.937
832	-5.502	3.321	2.936
834	-5.502	3.321	2.591
836	-5.502	3.321	2.872
840	-5.502	3.321	2.896
841	-5.502	3.321	2.897
844	-5.502	3.321	2.898
847	-5.502	3.321	2.898
848	-5.502	3.321	2.211
856	-5.502	3.321	2.211
859	-5.502	3.321	2.211
861	-5.502	3.321	2.207
862	-5.502	3.321	2.929
864	-5.502	3.321	2.913
865	-5.502	3.321	2.984
780	-5.500	3.321	2.485
784	-5.500	3.321	2.178
789	-5.500	3.321	1.750
790	-5.500	3.321	0.824
792	-5.500	3.321	2.482
794	-5.500	3.321	2.482
797	-5.500	3.321	1.770
799	-5.500	3.321	0.814
803	-5.500	3.321	0.815
806	-5.500	3.321	0.977
810	-5.500	3.321	0.977
812	-5.500	3.321	0.813
813	-5.500	3.321	0.985
893	-5.500	3.322	1.769
894	-5.500	3.322	0.001
895	-5.500	3.322	0.000
896	-5.500	3.322	17.499
919	-5.500	3.322	0.004
992	-5.499	3.322	0.004
997	-5.499	3.322	0.039
1074	-5.499	3.322	2.509
904	-5.498	2.010	1.817
869	-5.497	3.321	1.816
1028	-5.496	3.321	2.151
1034	-5.496	3.321	2.151
976	-5.446	3.636	9.288
965	-5.446	3.380	2.592
962	-5.446	3.381	0.307
963	-5.446	3.381	0.306
920	-5.427	3.403	2.500
961	-5.427	3.402	2.501
944	-5.417	3.649	18.238
853	-5.408	2.201	18.296
901	-5.397	2.202	8.078
906	-5.397	2.202	7.959
907	-5.397	2.202	17.781
911	-5.397	2.202	7.969
874	-5.395	2.202	7.970
1001	-5.359	1.999	6.197
905	-5.351	2.001	6.197
887	-5.350	2.001	6.203
913	-5.350	2.001	6.203
1100	-5.337	1.351	3.105
1005	-5.336	1.351	3.106
1060	-5.336	1.351	3.106
990	-5.321	2.198	3.103
998	-5.320	2.198	3.112
1080	-5.320	2.198	3.112
1000	-5.319	2.198	3.100
1023	-5.319	2.198	3.100
1009	-5.318	2.198	6.508
899	-5.307	2.199	6.518
902	-5.307	2.199	6.606
918	-5.307	2.199	6.596
781	-5.277	3.412	6.540
802	-5.277	3.412	18.898
981	-5.203	2.188	18.915
825	-5.164	3.288	6.627
837	-5.164	3.288	5.386
843	-5.164	3.288	5.107
827	-5.164	3.288	6.345
808	-5.163	3.289	6.350
811	-5.163	3.288	6.350
996	-5.163	3.289	6.350
1019	-5.163	3.288	6.350
1032	-5.162	3.288	5.374
816	-5.137	3.361	5.373
850	-5.137	3.360	9.288
855	-5.137	3.360	9.288
785	-5.136	3.360	6.291
791	-5.136	3.360	5.293
793	-5.136	3.360	4.341
795	-5.136	3.360	5.282
796	-5.136	3.360	19.135
879	-5.134	3.362	19.135
921	-5.121	3.261	5.288
922	-5.121	3.262	5.266
923	-5.121	3.261	5.186
926	-5.120	3.262	6.939
945	-5.120	3.262	6.939
931	-5.120	3.262	2.256
953	-5.120	3.262	2.322
957	-5.120	3.262	2.818
800	-5.093	3.670	2.818
1004	-5.092	3.423	2.582
1037	-5.042	3.224	4.022
979	-5.017	3.229	3.833
980	-5.010	3.231	4.021
972	-4.990	3.301	3.836
1013	-4.945	3.336	3.831
814	-4.896	3.360	2.225
912	-4.787	3.570	4.737
820	-4.787	3.570	4.731
824	-4.787	3.570	4.735
830	-4.787	3.570	4.739
849	-4.787	3.570	2.229
860	-4.787	3.570	2.229
783	-4.784	3.570	2.571
991	-4.784	3.570	4.013
884	-4.784	3.571	2.572
1077	-4.768	3.754	2.196
959	-4.736	2.770	2.197
985	-4.704	3.082	2.197
833	-4.378	2.408	4.194
1029	-4.370	2.316	4.202
932	-4.164	2.625	4.188
1055	-4.151	2.623	2.937
1049	-4.084	2.625	4.179
