1541	-8.279	0.000	4.021
1549	-8.279	0.000	3.835
1569	-8.279	0.000	4.016
1622	-8.279	0.000	3.829
1623	-8.279	0.000	3.831
1631	-8.279	0.000	4.007
1641	-8.279	0.000	2.225
1650	-8.279	0.000	4.738
1679	-8.279	0.000	4.738
1515	-8.279	0.001	4.732
1508	-8.272	0.001	4.738
1510	-8.241	0.007	4.734
1514	-8.215	0.027	2.571
1511	-8.214	0.027	2.571
1512	-8.214	0.027	2.891
1516	-8.214	0.027	2.886
1529	-8.214	0.027	2.196
1540	-8.214	0.027	2.197
1634	-8.214	0.027	4.153
1523	-8.214	0.027	4.197
1527	-8.214	0.027	4.196
1539	-8.214	0.027	4.188
1561	-8.214	0.027	4.202
1562	-8.214	0.027	2.937
1566	-8.214	0.027	2.937
1620	-8.214	0.027	4.178
1629	-8.214	0.027	4.187
1632	-8.214	0.027	2.936
1640	-8.214	0.027	2.937
1643	-8.214	0.027	2.186
1649	-8.214	0.027	2.174
1657	-8.214	0.027	2.896
1671	-8.214	0.027	2.896
1672	-8.214	0.027	2.898
1674	-8.214	0.028	2.898
1676	-8.214	0.027	2.211
1558	-8.213	0.027	2.211
1586	-8.213	0.028	2.211
1587	-8.213	0.028	2.111
1588	-8.213	0.028	2.914
1596	-8.213	0.028	2.912
1606	-8.213	0.028	2.486
1644	-8.213	0.027	2.486
1646	-8.213	0.027	2.178
1651	-8.213	0.027	1.754
1680	-8.213	0.027	1.748
1592	-8.213	0.028	2.482
1593	-8.213	0.028	2.483
1660	-8.213	0.027	1.770
1604	-8.212	0.028	0.988
1507	-8.206	0.024	0.814
1513	-8.185	0.048	0.816
1616	-8.176	0.023	0.977
1518	-8.176	0.055	0.813
1633	-8.176	0.055	0.985
1617	-8.099	0.048	20.563
1645	-8.096	0.051	2.709
1556	-8.096	0.047	2.708
1564	-8.096	0.047	2.709
1605	-8.094	0.052	2.706
1610	-8.089	0.061	6.098
1659	-6.997	3.552	2.707
1559	-6.997	3.552	6.099
1578	-6.997	3.552	8.528
1668	-6.997	3.552	6.133
1547	-6.974	3.561	5.275
1607	-6.947	3.593	6.133
1611	-6.942	3.587	18.556
1595	-6.930	3.767	18.660
1635	-6.930	3.767	6.120
1654	-6.930	3.767	6.134
1627	-6.930	3.767	8.521
1648	-6.930	3.767	5.319
1663	-6.910	3.778	6.197
1653	-6.234	2.695	5.339
1665	-6.234	2.695	6.192
1517	-6.234	2.695	6.197
1543	-6.234	2.695	3.105
1599	-6.211	2.700	6.508
1677	-6.210	2.701	3.123
1577	-6.197	2.693	3.124
1619	-6.197	2.693	6.516
1647	-6.197	2.693	6.606
1656	-6.197	2.693	2.845
1614	-6.195	2.693	6.546
1582	-6.126	1.579	2.640
1597	-6.126	1.579	2.255
1630	-5.750	2.338	5.348
