114	-9.701	0.000	2.896
203	-9.640	0.544	2.898
52	-9.640	0.544	2.897
408	-9.621	2.233	2.208
522	-9.589	0.083	2.208
543	-9.589	0.082	2.208
341	-9.589	0.084	2.108
359	-9.588	0.084	1.801
143	-9.588	0.080	2.911
167	-9.588	0.080	2.924
338	-9.588	0.083	2.484
339	-9.587	2.228	2.176
342	-9.587	2.228	2.171
178	-9.586	0.083	1.749
81	-9.585	0.083	1.772
82	-9.585	0.083	2.480
217	-9.585	0.083	1.770
61	-9.585	0.083	0.988
94	-9.585	0.083	0.814
75	-9.585	2.227	0.815
51	-9.584	2.227	0.976
62	-9.584	2.227	0.813
135	-9.584	2.228	0.985
166	-9.584	2.228	0.985
346	-9.583	0.138	2.127
14	-9.563	2.228	0.001
250	-9.563	2.228	0.002
257	-9.563	2.228	0.003
237	-9.562	2.228	0.004
239	-9.562	2.228	1.816
332	-9.552	0.340	1.816
289	-9.549	0.088	2.570
309	-9.549	0.097	1.815
44	-9.548	2.219	2.151
286	-9.547	0.089	2.151
27	-9.544	0.088	2.151
231	-9.543	0.087	9.291
248	-9.541	0.087	0.309
253	-9.540	0.099	0.308
590	-9.499	0.068	8.080
594	-9.499	0.068	8.080
628	-9.499	0.068	17.782
645	-9.499	0.068	7.971
653	-9.499	0.068	7.971
661	-9.498	0.068	2.516
565	-9.498	0.068	9.668
577	-9.498	0.067	19.570
536	-9.465	0.064	6.135
537	-9.465	0.064	6.135
723	-9.463	0.070	6.134
673	-9.463	0.062	6.121
762	-9.463	0.068	18.660
764	-9.463	0.068	6.122
765	-9.463	0.068	18.561
767	-9.463	0.068	6.120
670	-9.463	0.065	5.321
711	-9.462	0.068	6.197
713	-9.462	0.068	6.204
715	-9.462	0.068	6.204
716	-9.462	0.068	6.204
728	-9.462	0.068	5.349
731	-9.462	0.068	6.198
735	-9.462	0.068	3.106
366	-9.462	0.064	3.104
387	-9.462	0.064	3.113
400	-9.462	0.064	3.112
417	-9.462	0.065	3.113
516	-9.462	0.064	3.100
560	-9.462	0.064	3.100
380	-9.462	0.064	6.508
396	-9.462	0.065	6.508
459	-9.462	0.064	6.509
644	-9.462	0.064	3.123
329	-9.461	0.065	5.033
330	-9.461	0.065	6.630
190	-9.460	0.064	5.386
191	-9.460	0.064	5.109
695	-9.459	0.068	6.347
157	-9.459	0.065	6.352
188	-9.459	0.064	6.352
158	-9.459	0.064	6.353
98	-9.458	0.064	5.111
59	-9.457	0.064	5.374
47	-9.457	0.064	9.288
107	-9.457	0.064	9.289
269	-9.456	0.068	9.289
609	-9.455	2.232	4.340
443	-9.454	2.232	5.282
538	-9.454	2.232	5.288
539	-9.454	2.232	19.135
603	-9.454	2.232	5.288
388	-9.453	2.232	4.802
655	-9.448	2.231	2.815
754	-9.446	2.234	2.250
768	-9.438	2.234	3.828
712	-9.437	2.234	3.830
473	-9.434	2.233	4.736
476	-9.424	0.064	2.916
301	-9.419	0.064	2.483
683	-9.419	2.228	2.174
340	-9.418	2.228	1.750
349	-9.418	2.228	2.481
374	-9.418	2.228	2.479
394	-9.418	2.228	1.769
505	-9.418	2.228	1.769
386	-9.417	2.228	0.813
445	-9.417	2.228	0.813
162	-9.416	2.228	0.975
108	-9.416	2.227	0.976
219	-9.415	2.228	0.985
117	-9.415	2.228	0.984
229	-9.415	2.228	17.534
32	-9.414	0.063	0.005
331	-9.382	2.219	2.151
672	-9.381	2.219	9.292
674	-9.381	2.219	2.589
66	-9.379	2.219	0.309
125	-9.378	2.219	0.315
224	-9.377	2.219	2.507
721	-9.363	2.220	17.678
734	-9.363	2.220	8.081
1293	-9.361	2.220	8.081
268	-9.355	2.220	5.201
501	-8.618	3.379	8.531
354	-8.617	3.379	8.531
574	-8.616	3.379	6.136
