304	-9.909	0.000	2.193
150	-9.830	0.044	2.917
155	-9.830	0.044	4.195
201	-9.830	0.044	4.195
90	-9.829	0.044	4.192
208	-9.829	0.044	4.200
138	-9.829	0.044	2.935
144	-9.829	0.044	2.937
192	-9.829	0.044	4.177
49	-9.828	0.044	4.185
398	-9.828	0.043	2.936
186	-9.827	0.044	2.936
405	-9.827	0.044	2.188
406	-9.827	0.044	2.854
509	-9.827	0.044	2.896
259	-9.574	2.562	0.004
64	-9.506	2.166	18.181
746	-9.503	0.124	17.682
18	-9.502	2.165	8.080
455	-9.484	0.127	19.569
389	-9.484	0.127	20.562
391	-9.484	0.127	2.645
311	-9.484	0.127	2.645
308	-9.483	0.127	5.198
485	-9.483	0.127	5.199
554	-9.483	0.127	2.711
678	-9.482	0.127	2.711
363	-9.482	0.127	2.712
369	-9.482	0.127	2.711
344	-9.482	0.127	2.711
489	-9.482	0.127	2.709
654	-9.482	0.127	6.100
278	-9.481	0.127	8.530
176	-9.462	2.276	3.105
207	-9.462	2.276	3.106
102	-9.462	2.188	6.537
103	-9.462	2.188	6.606
375	-9.462	2.188	6.597
152	-9.462	2.188	6.539
179	-9.462	2.188	18.899
195	-9.462	2.188	18.915
385	-9.460	2.276	5.108
34	-9.458	2.188	5.373
397	-9.453	2.171	5.187
432	-9.453	2.171	5.258
209	-9.452	2.171	6.939
225	-9.452	2.172	2.394
275	-9.450	2.171	2.313
287	-9.449	2.171	2.314
89	-9.440	2.276	3.831
222	-9.440	2.276	3.833
700	-9.440	2.143	4.019
444	-9.439	2.276	3.832
451	-9.439	2.276	4.014
717	-9.436	0.146	4.005
718	-9.436	0.146	2.813
719	-9.436	0.146	4.736
773	-9.436	0.145	3.979
775	-9.436	0.145	4.730
159	-9.425	0.146	2.225
562	-9.425	0.145	2.225
582	-9.425	0.145	2.568
439	-9.425	0.145	4.010
520	-9.425	0.146	2.885
526	-9.425	0.146	2.884
624	-9.425	0.145	2.192
635	-9.425	0.145	2.192
424	-9.424	0.145	4.194
659	-9.424	0.145	4.194
663	-9.424	0.146	4.199
367	-9.424	0.146	4.199
447	-9.424	0.145	2.936
492	-9.424	0.146	2.936
679	-9.424	0.146	4.176
172	-9.424	2.654	4.184
180	-9.424	2.654	2.935
184	-9.424	2.654	2.935
647	-9.423	0.146	2.952
333	-9.423	2.654	2.897
360	-9.423	2.654	2.895
430	-9.423	2.654	2.896
441	-9.423	2.654	2.896
442	-9.423	2.654	2.896
446	-9.423	2.654	2.207
517	-9.423	2.654	2.207
518	-9.423	2.654	2.207
586	-9.423	2.654	2.203
498	-9.422	0.146	2.915
276	-9.422	2.654	2.910
277	-9.422	2.654	2.942
584	-9.408	0.628	0.005
438	-9.408	0.628	17.499
598	-9.406	0.629	0.004
399	-9.392	2.276	0.004
421	-9.392	2.276	0.035
425	-9.392	2.276	2.507
576	-9.392	2.276	1.815
557	-9.392	2.276	1.815
564	-9.392	2.276	2.151
977	-9.387	2.157	2.151
183	-9.379	2.280	0.308
420	-9.369	1.948	2.497
83	-9.367	2.280	2.498
121	-9.367	2.281	18.249
284	-9.366	1.947	17.682
124	-9.358	1.965	7.962
60	-9.358	1.965	17.781
70	-9.358	1.965	7.972
79	-9.358	1.965	7.972
109	-9.358	1.965	10.044
123	-9.358	1.965	19.570
175	-9.358	1.965	19.569
205	-9.358	1.965	19.569
206	-9.358	1.964	2.647
410	-9.357	1.964	2.647
431	-9.357	1.964	2.647
26	-9.355	1.965	2.712
31	-9.355	1.965	2.713
315	-9.355	1.964	2.713
271	-9.355	1.964	2.713
722	-9.354	0.650	2.712
738	-9.354	0.650	2.712
742	-9.354	0.650	2.711
774	-9.354	0.653	8.531
621	-9.342	0.648	6.136
625	-9.342	0.647	5.279
633	-9.342	0.647	6.136
662	-9.341	0.648	6.136
689	-9.341	0.649	18.660
612	-9.341	0.648	6.123
260	-9.326	2.280	6.137
313	-9.325	2.280	8.525
220	-9.313	1.920	5.323
467	-9.280	1.886	6.198
16	-9.261	1.886	6.204
474	-9.261	1.886	6.204
199	-9.256	1.939	6.204
212	-9.256	1.939	5.351
110	-9.256	1.939	6.192
149	-9.256	1.939	6.198
255	-9.237	2.630	3.107
244	-9.230	2.629	3.107
258	-9.194	2.631	3.109
11	-9.193	2.631	6.189
130	-9.191	2.294	3.114
88	-9.189	2.605	3.114
139	-9.189	2.604	3.102
142	-9.183	2.284	3.102
45	-9.182	2.604	6.509
112	-9.182	2.604	6.509
116	-9.182	2.604	6.509
137	-9.182	2.604	3.124
414	-9.182	2.284	3.124
435	-9.182	2.284	6.518
345	-9.182	2.283	6.606
350	-9.182	2.283	6.597
506	-9.182	2.284	6.541
513	-9.182	2.284	18.898
528	-9.182	2.283	18.915
40	-9.181	2.604	5.034
41	-9.181	2.604	5.032
267	-9.181	2.604	5.128
272	-9.181	2.604	5.110
292	-9.181	2.284	6.349
297	-9.181	2.284	6.354
316	-9.181	2.284	6.354
307	-9.181	2.284	6.354
376	-9.148	2.606	5.355
87	-9.148	2.606	9.289
147	-9.148	2.606	5.373
227	-9.148	2.606	9.289
419	-9.148	2.606	9.289
80	-9.148	2.606	6.295
104	-9.148	2.606	5.294
189	-9.148	2.606	4.341
120	-9.148	2.606	5.282
283	-9.147	2.606	19.135
37	-9.147	2.606	19.135
39	-9.147	2.606	5.288
692	-9.123	2.570	5.266
266	-9.098	2.624	5.187
337	-9.094	2.624	6.939
215	-9.060	2.271	3.955
358	-9.060	2.271	2.251
453	-9.060	2.271	2.313
481	-9.058	2.271	2.815
69	-9.050	2.178	2.815
136	-9.050	2.178	2.579
156	-9.050	2.178	4.020
182	-9.050	2.178	3.830
324	-9.049	2.178	4.018
917	-9.022	2.607	3.825
866	-9.022	2.607	3.826
886	-9.022	2.607	3.828
871	-9.021	2.607	2.220
63	-9.016	2.266	2.793
128	-9.016	2.266	3.979
129	-9.016	2.266	4.736
35	-9.014	2.266	4.730
171	-8.973	2.615	4.736
384	-8.973	2.615	4.729
293	-8.972	2.615	2.225
318	-8.972	2.615	2.225
372	-8.972	2.615	2.568
468	-8.961	1.874	4.010
463	-8.957	1.874	2.569
221	-8.949	2.643	2.192
336	-8.948	2.643	2.192
382	-8.948	2.643	2.192
534	-8.948	2.643	4.194
196	-8.948	2.643	4.194
198	-8.948	2.643	4.190
218	-8.948	2.643	4.199
401	-8.947	2.643	4.174
404	-8.947	2.643	2.935
426	-8.947	2.643	4.176
280	-8.947	2.643	4.176
320	-8.946	2.643	2.587
486	-8.946	2.643	2.935
7	-8.936	1.874	2.953
77	-8.931	1.918	2.632
78	-8.931	1.918	2.895
328	-8.930	1.918	2.895
20	-8.928	1.918	2.896
362	-8.927	1.919	2.896
168	-8.925	1.919	2.207
126	-8.923	1.920	2.207
412	-8.923	1.920	2.207
140	-8.920	1.921	2.113
42	-8.918	1.921	2.203
294	-8.918	1.921	2.910
247	-8.918	2.658	2.922
132	-8.917	1.922	2.483
924	-8.909	2.630	2.175
947	-8.909	2.630	2.175
964	-8.909	2.630	1.749
975	-8.909	2.630	2.481
243	-8.908	2.657	2.479
456	-8.897	2.697	1.769
639	-8.897	2.697	0.987
494	-8.896	2.697	0.813
17	-8.883	1.878	1.768
251	-8.883	1.878	0.975
462	-8.853	1.251	0.985
8	-8.848	1.251	0.811
236	-8.841	2.305	0.984
656	-8.835	2.610	2.126
256	-8.835	1.252	0.005
357	-8.827	1.091	0.001
55	-8.823	1.092	0.002
393	-8.823	1.092	0.004
452	-8.823	1.092	0.005
379	-8.822	1.092	1.815
84	-8.822	1.092	2.507
85	-8.822	1.092	1.814
91	-8.822	1.092	1.815
92	-8.822	1.092	2.151
93	-8.822	1.092	2.151
96	-8.822	1.092	2.151
99	-8.822	1.092	9.292
310	-8.822	1.092	0.309
353	-8.822	1.092	0.308
264	-8.821	1.092	0.308
407	-8.821	1.092	10.043
552	-8.821	1.092	2.497
21	-8.821	1.092	2.497
361	-8.821	1.092	1.827
448	-8.821	1.092	17.744
519	-8.821	1.092	17.682
475	-8.814	2.301	8.081
161	-8.806	2.647	8.081
164	-8.802	2.647	8.081
165	-8.802	2.647	17.781
352	-8.799	2.647	17.782
56	-8.761	1.193	7.972
381	-8.740	2.298	8.081
223	-8.739	2.298	9.676
334	-8.736	2.318	19.569
134	-8.672	1.951	19.569
423	-8.672	1.949	20.612
216	-8.661	1.954	2.647
214	-8.655	1.954	2.647
777	-8.652	1.952	5.200
479	-8.647	2.677	5.200
122	-8.643	1.957	2.712
23	-8.643	1.954	2.713
145	-8.632	2.629	2.713
213	-8.632	2.629	2.712
740	-8.630	2.629	2.712
1069	-8.627	2.629	2.712
699	-8.576	2.626	5.279
4	-8.529	1.273	6.136
5	-8.529	1.273	5.280
724	-8.515	1.096	18.659
751	-8.515	1.096	6.124
97	-8.513	2.641	6.137
521	-8.491	2.620	8.525
57	-8.482	1.096	5.322
22	-8.480	1.097	6.198
514	-8.480	1.096	6.204
541	-8.479	1.096	6.204
1065	-8.463	2.642	6.204
1027	-8.462	2.642	5.351
1011	-8.462	2.642	6.192
1042	-8.459	2.642	6.198
761	-8.458	2.643	3.107
1022	-8.458	2.642	3.108
1039	-8.458	2.642	3.106
1041	-8.458	2.642	3.114
725	-8.453	1.111	3.114
776	-8.452	1.111	3.114
760	-8.451	1.110	3.102
101	-8.443	1.110	3.102
390	-8.442	1.110	6.509
571	-8.442	1.110	6.509
619	-8.442	1.110	6.509
632	-8.442	1.110	3.124
356	-8.442	1.110	6.511
581	-8.441	1.109	6.517
502	-8.441	1.110	6.606
504	-8.441	1.110	6.536
524	-8.441	1.110	18.899
527	-8.441	1.110	18.899
542	-8.441	1.110	6.626
604	-8.441	1.110	5.034
365	-8.441	1.110	5.386
641	-8.440	1.109	5.111
676	-8.440	1.109	5.111
686	-8.440	1.109	6.349
482	-8.439	1.110	6.354
499	-8.439	1.110	6.354
558	-8.430	2.638	6.354
154	-8.414	1.210	5.113
553	-8.403	2.641	5.373
545	-8.400	2.690	5.373
279	-8.399	2.691	9.289
666	-8.399	2.690	9.290
575	-8.398	2.690	6.245
579	-8.397	1.207	5.303
1050	-8.386	2.690	5.282
488	-8.384	1.204	5.172
197	-8.382	1.204	19.135
321	-8.382	1.204	19.135
322	-8.382	1.204	5.288
319	-8.381	1.204	5.266
487	-8.381	1.204	5.187
228	-8.381	1.204	6.939
105	-8.369	2.311	2.639
106	-8.369	2.311	2.312
348	-8.368	1.202	2.317
73	-8.364	2.635	2.818
263	-8.360	1.200	2.254
71	-8.354	2.635	2.582
241	-8.279	2.559	3.836
254	-8.221	2.562	2.229
210	-8.175	2.247	0.985
86	-8.174	2.247	2.130
185	-8.173	2.248	0.000
434	-8.163	2.237	0.004
174	-8.162	2.238	0.005
351	-8.162	2.238	0.004
657	-8.159	1.726	0.774
296	-8.159	2.235	1.817
547	-8.158	1.726	1.817
36	-8.153	2.560	2.572
50	-8.153	2.560	2.151
100	-8.151	2.552	2.151
549	-8.134	1.773	2.151
187	-8.130	2.269	2.151
593	-8.128	2.633	9.289
568	-8.127	2.632	0.307
1	-8.124	1.458	0.306
2	-8.124	1.458	0.306
3	-8.124	1.458	10.040
6	-8.124	1.458	2.500
232	-8.117	1.458	2.501
233	-8.117	1.458	8.073
234	-8.117	1.458	18.304
15	-8.114	1.764	17.695
12	-8.114	1.764	8.078
13	-8.114	1.764	8.078
9	-8.114	1.459	17.587
10	-8.114	1.458	17.781
240	-8.113	1.458	7.969
436	-8.105	2.630	7.969
368	-8.100	1.723	2.518
127	-8.100	1.723	9.666
133	-8.100	1.723	19.570
416	-8.099	1.723	19.569
317	-8.098	1.723	2.643
282	-8.097	1.722	2.643
58	-8.097	1.721	5.197
170	-8.097	1.721	5.203
65	-8.097	1.721	2.709
28	-8.096	1.721	2.709
681	-8.088	1.774	8.528
693	-8.084	1.460	6.133
1311	-8.083	1.460	6.133
242	-8.079	1.460	6.133
246	-8.072	1.460	6.119
756	-8.068	1.768	6.120
238	-8.038	2.339	5.319
1006	-8.037	1.763	6.197
299	-8.007	2.316	6.203
1036	-7.988	2.664	6.203
989	-7.985	2.664	6.203
43	-7.950	3.007	5.348
53	-7.935	2.426	6.197
211	-7.933	2.427	3.105
177	-7.933	2.428	3.106
131	-7.932	2.428	3.106
646	-7.925	2.558	3.104
727	-7.893	1.456	3.112
413	-7.891	2.256	3.112
46	-7.881	2.495	3.112
141	-7.880	2.497	3.100
347	-7.880	2.499	6.508
33	-7.875	2.485	6.508
38	-7.875	2.484	6.508
556	-7.875	1.455	3.115
261	-7.873	2.486	3.123
480	-7.871	1.456	6.537
618	-7.871	1.457	6.606
555	-7.871	1.457	6.596
1097	-7.869	2.680	6.538
1089	-7.867	2.681	18.898
778	-7.865	1.455	18.915
779	-7.865	1.454	5.031
327	-7.862	2.484	6.630
54	-7.862	1.456	5.386
202	-7.861	1.457	5.107
226	-7.861	1.457	5.107
325	-7.860	1.457	6.350
326	-7.860	1.457	6.350
566	-7.860	1.457	6.350
569	-7.860	1.457	6.350
290	-7.860	1.457	5.110
72	-7.860	1.456	5.374
146	-7.860	1.457	9.288
19	-7.860	1.457	9.288
48	-7.860	1.457	9.289
193	-7.860	1.457	5.117
403	-7.859	1.457	4.341
295	-7.859	1.457	5.282
383	-7.859	1.457	19.135
508	-7.859	1.457	19.135
24	-7.859	1.457	5.288
25	-7.859	1.457	5.266
303	-7.859	1.457	5.186
373	-7.859	1.457	6.898
29	-7.859	1.457	6.939
30	-7.859	1.457	2.256
265	-7.859	1.457	2.316
503	-7.858	1.457	3.847
281	-7.858	1.457	2.819
343	-7.858	1.456	2.582
457	-7.858	1.457	4.021
500	-7.858	1.457	3.833
540	-7.858	1.457	4.021
587	-7.858	1.457	3.836
608	-7.858	1.457	4.016
306	-7.857	2.513	3.831
300	-7.856	2.515	3.833
729	-7.850	1.457	4.007
766	-7.849	1.457	2.817
769	-7.849	1.457	4.738
770	-7.849	1.457	4.736
771	-7.849	1.457	4.734
772	-7.849	1.457	4.738
748	-7.849	1.457	2.230
749	-7.849	1.457	2.229
750	-7.849	1.457	2.571
755	-7.849	1.457	4.012
701	-7.848	1.457	2.889
704	-7.848	1.457	2.885
707	-7.848	1.457	2.196
709	-7.848	1.457	2.197
720	-7.848	1.457	4.197
759	-7.848	1.457	4.197
173	-7.843	1.455	4.197
510	-7.842	2.275	4.202
118	-7.841	1.455	4.202
230	-7.841	1.455	2.938
515	-7.840	2.275	2.937
690	-7.839	2.275	4.179
370	-7.839	2.276	4.187
200	-7.839	1.457	2.936
312	-7.838	2.273	2.937
305	-7.838	1.457	4.162
151	-7.838	1.457	2.898
153	-7.838	1.457	2.896
567	-7.837	1.457	2.898
570	-7.837	1.457	2.897
634	-7.837	1.457	2.120
637	-7.837	1.457	2.211
291	-7.837	1.457	2.211
409	-7.836	1.457	2.111
588	-7.836	1.457	2.207
600	-7.836	1.457	2.911
620	-7.836	1.457	2.911
636	-7.836	1.457	2.929
274	-7.836	1.457	2.995
491	-7.836	1.457	2.179
544	-7.836	1.457	1.751
563	-7.836	1.457	2.483
591	-7.836	1.457	2.482
595	-7.836	1.457	0.819
596	-7.836	1.457	1.770
614	-7.836	1.457	0.814
680	-7.836	1.457	1.769
335	-7.835	1.457	0.976
415	-7.835	1.457	0.976
583	-7.835	1.457	0.986
418	-7.835	1.457	0.985
484	-7.835	1.457	0.006
652	-7.835	1.457	0.004
664	-7.835	1.457	0.001
665	-7.835	1.457	17.498
160	-7.835	1.457	0.004
298	-7.835	1.457	0.004
427	-7.835	1.457	1.816
495	-7.835	1.457	2.509
546	-7.835	1.457	1.816
548	-7.835	1.457	1.816
551	-7.835	1.457	2.151
643	-7.835	1.457	2.151
671	-7.834	1.457	2.151
675	-7.834	1.457	9.289
677	-7.834	1.457	0.306
440	-7.824	2.273	0.306
392	-7.824	2.273	0.305
323	-7.736	3.085	2.834
458	-7.727	1.772	2.510
1053	-7.727	1.456	2.500
530	-7.725	1.772	2.501
1012	-7.724	1.456	18.253
1024	-7.724	1.456	17.682
1025	-7.724	1.456	17.688
1084	-7.724	1.456	8.078
204	-7.723	1.771	8.078
687	-7.712	1.456	7.959
753	-7.711	1.457	17.781
1044	-7.710	1.457	7.969
1017	-7.710	1.457	8.078
999	-7.709	1.457	19.541
1010	-7.709	1.457	19.570
1026	-7.709	1.457	19.570
1030	-7.709	1.457	20.612
1085	-7.709	1.457	2.643
1088	-7.709	1.457	2.643
706	-7.709	1.457	2.642
1093	-7.708	1.457	5.197
1094	-7.708	1.457	2.708
1098	-7.708	1.457	2.709
1007	-7.707	1.456	2.709
1051	-7.707	1.457	2.709
314	-7.706	1.771	2.708
262	-7.704	1.770	2.708
694	-7.702	2.369	2.706
623	-7.698	1.457	8.528
629	-7.698	1.457	6.133
523	-7.697	1.457	5.275
684	-7.696	1.457	6.133
685	-7.696	1.457	18.561
465	-7.683	2.370	18.659
245	-7.682	2.372	6.120
469	-7.663	2.374	6.134
429	-7.607	3.062	5.319
169	-7.598	3.064	6.197
649	-7.598	3.088	6.203
450	-7.595	3.090	6.203
111	-7.592	2.288	6.203
76	-7.583	3.061	5.347
580	-7.572	2.301	6.192
698	-7.569	3.105	6.197
599	-7.567	3.120	3.105
613	-7.558	2.656	3.106
535	-7.555	3.116	3.106
597	-7.555	3.116	6.193
682	-7.554	3.116	3.112
235	-7.549	3.106	3.112
702	-7.546	3.110	3.101
285	-7.542	3.113	3.101
437	-7.537	3.115	6.509
747	-7.527	2.655	6.508
730	-7.459	2.614	6.508
733	-7.459	2.614	3.123
472	-7.454	2.308	3.124
302	-7.440	2.305	6.518
74	-7.440	2.305	6.606
606	-7.435	2.306	6.597
273	-7.434	2.306	6.545
181	-7.433	2.306	18.898
454	-7.428	2.307	6.109
194	-7.423	2.296	5.031
460	-7.422	2.296	5.029
95	-7.421	2.296	5.105
67	-7.420	2.209	5.107
68	-7.420	2.210	6.345
270	-7.417	2.297	6.350
115	-7.416	2.297	6.350
148	-7.416	2.297	6.350
511	-7.416	2.297	5.355
1072	-7.336	1.807	5.373
697	-7.203	2.803	2.211
466	-7.200	2.803	2.203
249	-7.198	2.804	2.207
461	-7.177	2.774	2.912
930	-7.175	2.774	2.912
966	-7.175	2.774	2.486
464	-7.164	2.778	2.179
1196	-6.840	3.706	3.107
477	-6.838	3.706	3.105
478	-6.838	3.706	3.112
1193	-6.835	3.708	3.112
1283	-6.835	3.708	3.113
1284	-6.834	3.716	3.100
1170	-6.819	3.712	3.100
1294	-6.819	3.712	6.508
1240	-6.818	3.712	6.508
113	-6.676	2.505	4.187
402	-6.676	2.504	2.937
705	-6.459	3.738	6.508
732	-6.459	3.738	6.508
573	-6.458	3.739	6.508
1110	-6.457	3.739	3.114
1116	-6.457	3.740	3.123
708	-6.403	3.739	18.915
726	-6.403	3.739	5.031
737	-6.403	3.739	6.629
745	-6.403	3.739	5.386
163	-6.402	3.739	5.107
288	-6.402	3.739	6.345
355	-6.402	3.739	6.350
395	-6.402	3.739	6.350
433	-6.402	3.739	6.350
483	-6.402	3.739	6.350
507	-6.402	3.739	5.374
572	-6.402	3.739	5.373
585	-6.402	3.739	9.287
626	-6.402	3.739	9.288
627	-6.402	3.739	6.282
364	-6.402	3.739	4.382
371	-6.402	3.739	4.341
377	-6.402	3.739	5.282
378	-6.402	3.739	19.135
428	-6.402	3.739	19.134
529	-6.402	3.739	5.288
531	-6.402	3.739	5.266
532	-6.402	3.739	5.186
533	-6.402	3.739	6.939
559	-6.402	3.739	6.939
561	-6.402	3.739	2.255
578	-6.402	3.739	2.317
605	-6.402	3.739	3.846
610	-6.402	3.739	2.818
615	-6.402	3.739	2.582
640	-6.402	3.739	4.021
658	-6.402	3.739	3.833
660	-6.402	3.739	4.021
1142	-6.275	3.756	17.782
1124	-6.272	3.757	7.969
744	-6.268	3.425	19.570
752	-6.219	3.755	3.112
493	-6.218	3.755	3.100
601	-6.218	3.754	3.100
602	-6.218	3.754	6.508
607	-6.218	3.754	6.508
974	-5.992	3.734	0.815
422	-5.982	3.629	0.977
449	-5.982	3.629	0.813
589	-5.982	3.629	0.985
616	-5.982	3.629	0.985
638	-5.982	3.629	2.130
648	-5.982	3.629	0.001
650	-5.982	3.629	0.004
651	-5.982	3.629	0.005
741	-5.981	3.626	0.004
763	-5.981	3.626	1.816
714	-5.981	3.626	1.817
252	-5.852	3.534	2.709
471	-5.852	3.534	2.709
696	-5.851	3.529	2.709
