910	-6.134	0.000	6.350
988	-6.134	0.001	6.350
994	-6.134	0.001	5.355
1075	-6.134	0.001	5.374
1101	-6.134	0.001	5.374
857	-6.133	0.001	9.288
888	-6.133	0.001	9.288
875	-6.133	0.001	4.821
782	-6.132	0.001	5.304
787	-6.132	0.001	4.807
801	-6.132	0.001	5.282
804	-6.132	0.001	19.135
805	-6.132	0.001	19.135
809	-6.132	0.001	5.288
815	-6.132	0.001	5.266
835	-6.132	0.001	5.186
863	-6.132	0.001	6.939
958	-6.121	0.008	2.818
936	-6.121	0.009	2.254
927	-6.119	0.004	2.582
935	-6.119	0.004	3.836
948	-6.119	0.004	4.021
956	-5.630	1.494	6.509
1070	-5.590	1.471	18.898
1081	-5.590	1.471	18.915
1064	-5.589	1.471	5.031
870	-5.589	1.471	6.637
838	-5.589	1.471	5.386
891	-5.589	1.471	5.107
1086	-5.582	1.498	6.345
872	-5.571	1.468	6.350
889	-5.571	1.468	6.350
892	-5.571	1.468	6.350
903	-5.571	1.468	5.110
914	-5.571	1.468	5.374
1076	-5.571	1.468	5.374
897	-5.571	1.468	9.288
909	-5.571	1.468	9.289
915	-5.571	1.468	9.288
786	-5.570	1.468	5.303
788	-5.570	1.468	5.282
798	-5.570	1.468	5.288
807	-5.570	1.468	19.135
845	-5.570	1.468	19.135
846	-5.570	1.468	4.801
851	-5.570	1.468	5.186
854	-5.570	1.468	5.258
880	-5.570	1.468	6.939
881	-5.570	1.468	2.403
882	-5.570	1.468	2.312
1095	-5.570	1.469	2.317
978	-5.567	1.468	2.818
983	-5.567	1.468	2.254
1046	-5.564	1.499	2.582
954	-5.553	1.461	3.833
973	-5.535	1.459	2.571
937	-5.534	1.459	4.013
950	-5.534	1.459	2.889
842	-5.469	1.717	2.151
852	-5.400	1.950	8.078
868	-4.681	1.197	4.197
