1326	-7.333	0.000	5.373
1327	-7.333	0.000	9.288
1330	-7.333	0.000	9.288
1332	-7.333	0.000	4.821
1333	-7.333	0.000	5.294
1337	-7.333	0.000	4.341
1340	-7.333	0.000	5.282
1344	-7.333	0.000	19.135
1345	-7.333	0.000	19.135
1346	-7.333	0.000	5.288
1347	-7.333	0.000	5.266
1349	-7.333	0.000	5.186
1350	-7.333	0.000	6.939
1352	-7.333	0.000	2.640
1353	-7.333	0.000	2.255
1366	-7.333	0.000	2.317
1367	-7.333	0.000	2.818
1368	-7.333	0.000	2.254
1369	-7.333	0.000	2.582
1371	-7.333	0.000	4.023
1374	-7.333	0.000	3.833
1375	-7.333	0.000	4.021
1380	-7.333	0.000	4.016
1381	-7.333	0.000	3.829
1382	-7.333	0.000	3.831
1383	-7.333	0.000	4.008
1386	-7.333	0.000	2.225
1387	-7.333	0.000	3.981
1393	-7.333	0.000	4.738
1394	-7.333	0.000	4.732
1395	-7.333	0.000	4.738
1418	-7.333	0.001	4.732
1419	-7.333	0.001	2.229
1425	-7.333	0.001	2.229
1502	-7.333	0.001	2.571
1505	-7.333	0.001	4.012
1401	-7.332	0.001	2.572
1404	-7.332	0.001	2.196
1410	-7.332	0.001	2.196
1413	-7.332	0.001	2.196
1414	-7.332	0.001	4.197
1444	-7.332	0.001	4.197
1463	-7.332	0.001	4.193
1467	-7.332	0.001	4.202
1471	-7.332	0.001	2.936
1473	-7.332	0.001	2.937
1477	-7.332	0.001	4.179
1478	-7.332	0.001	4.179
1492	-7.332	0.001	2.589
1493	-7.332	0.001	2.937
1494	-7.332	0.001	2.198
1497	-7.332	0.001	2.636
1498	-7.332	0.001	2.896
1499	-7.332	0.001	2.897
1432	-7.327	0.002	2.898
1435	-7.327	0.002	2.898
1437	-7.327	0.002	2.211
1325	-7.025	1.173	0.001
1329	-7.025	1.173	0.004
1331	-7.025	1.173	0.005
1335	-7.025	1.173	0.004
1336	-7.025	1.173	0.004
1338	-7.025	1.173	1.816
1341	-7.025	1.173	2.509
1348	-7.025	1.173	1.815
1354	-7.025	1.173	1.816
1355	-7.025	1.173	2.151
1360	-7.025	1.173	2.151
1361	-7.025	1.173	2.151
1365	-7.025	1.173	9.288
1372	-7.025	1.173	0.307
1385	-7.025	1.173	0.306
1391	-7.025	1.173	0.306
1392	-7.025	1.173	10.040
1398	-7.022	1.173	2.500
1399	-7.022	1.173	2.500
1403	-7.022	1.173	1.829
1405	-7.022	1.173	17.780
1408	-7.022	1.173	17.682
1420	-7.022	1.173	8.078
1421	-7.022	1.173	8.078
1422	-7.022	1.173	8.078
1426	-7.022	1.173	17.782
1446	-7.022	1.173	17.782
1447	-7.022	1.173	7.970
1458	-7.022	1.173	8.078
1465	-7.022	1.173	9.673
1469	-7.022	1.173	19.570
1474	-7.022	1.173	19.569
1475	-7.022	1.173	19.566
1503	-7.022	1.173	2.643
1433	-7.021	1.174	2.643
1439	-7.021	1.174	5.196
1454	-7.021	1.173	5.197
1483	-7.021	1.174	2.709
1484	-7.021	1.174	2.709
1485	-7.021	1.174	2.709
1488	-7.021	1.174	2.709
1490	-7.021	1.174	2.709
1328	-6.689	1.666	3.831
1339	-6.689	1.666	4.007
1359	-6.689	1.666	2.815
1363	-6.689	1.666	4.738
1377	-6.689	1.666	4.738
1378	-6.689	1.666	4.732
1384	-6.689	1.666	4.738
1396	-6.689	1.666	3.970
1431	-6.686	1.666	2.229
1438	-6.686	1.666	2.571
1452	-6.684	1.666	4.012
1441	-6.682	1.665	2.891
1460	-6.682	1.665	2.885
1466	-6.682	1.665	2.196
1468	-6.682	1.665	2.196
1470	-6.682	1.665	2.195
1479	-6.682	1.666	4.197
1416	-6.681	1.665	4.197
1417	-6.681	1.665	4.202
1423	-6.681	1.665	4.202
1501	-6.681	1.665	2.937
1504	-6.681	1.665	2.937
1486	-6.675	1.577	2.936
1489	-6.675	1.577	2.591
1400	-6.675	1.577	2.872
1406	-6.675	1.577	2.897
1407	-6.675	1.577	2.897
1409	-6.675	1.577	2.897
1411	-6.675	1.577	2.898
1412	-6.675	1.577	2.211
1442	-6.675	1.577	2.211
1450	-6.675	1.577	2.211
1451	-6.675	1.577	2.113
1461	-6.675	1.577	2.889
1428	-6.674	1.577	2.912
1429	-6.674	1.577	2.929
1334	-6.672	1.577	2.486
1351	-6.672	1.577	2.178
1356	-6.672	1.577	1.754
1357	-6.672	1.577	0.824
1358	-6.672	1.577	2.482
1362	-6.672	1.577	2.483
1370	-6.672	1.577	1.770
1373	-6.672	1.577	1.770
1376	-6.672	1.577	0.814
1379	-6.672	1.577	0.977
1388	-6.672	1.577	0.976
1389	-6.672	1.577	0.813
1390	-6.672	1.577	0.985
1487	-6.346	2.077	2.110
1402	-6.345	2.076	2.912
1456	-6.345	2.076	2.778
1462	-6.345	2.076	2.928
1464	-6.345	2.076	2.179
1495	-6.345	2.076	2.178
1424	-6.345	2.076	1.751
1436	-6.108	2.157	4.022
1453	-6.108	2.157	4.016
1448	-6.108	2.157	3.829
1459	-6.108	2.157	3.831
1476	-6.108	2.157	4.007
1342	-6.012	1.777	2.211
1343	-6.012	1.777	2.211
1364	-6.012	1.777	2.111
1434	-6.007	1.778	2.207
1443	-6.007	1.777	2.912
1445	-6.007	1.777	2.924
1457	-6.007	1.777	2.486
