1736	-7.909	0.000	18.476
1775	-7.909	0.000	6.226
1729	-7.820	0.035	2.233
1734	-7.820	0.036	6.336
1768	-7.796	1.016	6.336
1786	-7.796	1.016	6.337
336	-7.685	0.021	5.632
518	-7.684	0.021	19.887
673	-7.684	0.021	19.887
512	-7.641	0.982	6.083
433	-7.636	0.986	6.083
363	-7.636	0.984	6.083
398	-7.636	0.984	6.076
1766	-7.579	0.972	6.280
484	-7.567	0.977	4.673
1757	-7.506	0.962	3.319
1770	-7.506	0.961	3.237
1808	-7.506	0.961	3.322
1822	-7.506	0.961	3.918
1738	-7.499	0.100	18.193
1779	-7.499	0.100	2.644
1747	-7.499	0.100	2.644
1761	-7.499	0.100	2.660
1730	-7.498	0.100	4.546
1737	-7.204	0.120	3.918
1776	-7.204	0.124	3.317
1732	-7.203	0.122	3.322
1823	-7.187	0.998	2.643
1778	-7.186	0.998	7.273
721	-6.997	0.104	6.273
551	-6.997	0.101	6.273
595	-6.997	0.101	6.268
605	-6.997	0.100	6.280
634	-6.997	0.101	5.014
507	-6.997	0.100	5.015
550	-6.994	0.078	6.252
833	-6.990	0.092	6.266
449	-6.988	0.102	5.013
868	-6.988	0.100	5.014
871	-6.987	0.102	4.523
685	-6.986	0.103	4.959
508	-6.985	0.063	4.959
675	-6.966	0.999	4.487
806	-6.961	0.993	3.324
825	-6.961	0.993	3.237
852	-6.961	0.993	3.238
754	-6.961	0.993	3.317
762	-6.961	0.993	3.237
763	-6.961	0.993	3.321
820	-6.961	0.993	3.321
372	-6.954	0.999	2.574
549	-6.919	0.267	4.512
604	-6.628	0.693	2.233
709	-6.465	0.922	5.630
399	-6.422	1.958	19.887
517	-6.420	1.942	19.887
702	-6.267	1.478	6.077
417	-6.264	1.853	6.081
610	-6.247	1.837	4.581
