1034	-9.437	0.000	0.000
961	-9.437	0.001	4.673
1044	-9.437	0.001	5.256
1121	-9.437	0.001	4.613
914	-9.437	0.001	4.670
959	-9.425	0.028	6.088
1014	-9.425	0.028	6.080
912	-9.425	0.028	6.087
934	-9.425	0.028	6.083
971	-9.409	0.032	6.077
1010	-9.409	0.032	6.081
1011	-9.409	0.032	6.076
1021	-9.409	0.032	4.586
1032	-9.409	0.032	6.050
1033	-9.409	0.032	6.693
1037	-9.409	0.032	6.687
1045	-9.409	0.032	6.693
1055	-9.409	0.031	6.687
1057	-9.409	0.032	4.582
1062	-9.409	0.032	4.585
1063	-9.409	0.032	4.645
1072	-9.409	0.032	6.080
1073	-9.409	0.032	4.645
1088	-9.409	0.032	4.533
1091	-9.409	0.032	4.534
1103	-9.409	0.032	4.534
1105	-9.409	0.032	6.273
1106	-9.409	0.032	6.273
1107	-9.409	0.032	6.269
1110	-9.409	0.032	6.280
1125	-9.409	0.032	5.014
1126	-9.409	0.032	5.015
1136	-9.409	0.032	6.253
1138	-9.409	0.032	6.253
1139	-9.409	0.032	4.673
1145	-9.409	0.032	5.014
1149	-9.409	0.032	4.530
1157	-9.409	0.032	5.102
1167	-9.409	0.032	4.959
1169	-9.409	0.032	4.959
1175	-9.409	0.032	4.961
1177	-9.409	0.032	4.960
1185	-9.409	0.032	4.541
1193	-9.409	0.032	4.542
1217	-9.409	0.032	4.541
1222	-9.409	0.032	4.539
1234	-9.409	0.032	4.541
1242	-9.409	0.032	4.975
1263	-9.409	0.032	4.975
1265	-9.409	0.032	4.506
1267	-9.409	0.032	4.493
1271	-9.409	0.032	4.495
1278	-9.409	0.032	3.898
1289	-9.409	0.032	4.490
1297	-9.409	0.032	4.487
1298	-9.409	0.032	3.919
1304	-9.409	0.032	3.325
1309	-9.409	0.032	3.237
1312	-9.409	0.032	3.918
1214	-9.408	0.032	3.317
1206	-9.408	0.032	3.237
963	-9.297	0.095	3.237
1085	-9.297	0.094	3.322
954	-9.127	2.368	4.465
972	-9.127	2.368	2.643
991	-9.127	2.368	2.646
1006	-9.127	2.368	2.647
1026	-9.127	2.368	2.643
1027	-9.127	2.368	2.643
1031	-9.127	2.368	3.960
1043	-9.127	2.368	4.546
1068	-9.127	2.368	3.959
1123	-9.127	2.368	3.958
1151	-9.127	2.368	3.384
1288	-9.127	2.368	3.384
924	-9.127	2.368	3.384
930	-9.127	2.368	7.272
967	-9.127	2.368	2.574
897	-9.104	2.360	2.572
898	-9.104	2.360	2.572
900	-9.104	2.360	7.905
918	-9.104	2.360	4.510
938	-9.104	2.360	4.511
950	-9.104	2.360	3.986
980	-9.104	2.360	18.472
981	-9.104	2.360	18.374
1015	-9.104	2.360	6.454
1024	-9.104	2.360	6.454
1040	-9.104	2.360	6.454
1041	-9.104	2.360	18.477
1042	-9.104	2.360	18.477
1050	-9.104	2.360	6.226
1064	-9.104	2.360	6.454
1075	-9.104	2.360	7.795
1079	-9.104	2.360	20.460
1089	-9.104	2.360	20.459
1170	-9.104	2.360	20.456
1261	-9.104	2.360	0.001
1012	-9.085	2.358	0.001
1066	-9.085	2.358	2.731
1069	-9.085	2.358	2.731
1092	-9.085	2.358	0.076
1118	-9.085	2.358	0.075
1129	-9.085	2.358	0.076
1135	-9.085	2.358	0.076
1137	-9.085	2.358	0.076
1146	-9.085	2.358	0.075
1156	-9.085	2.358	3.727
1159	-9.085	2.358	6.677
1162	-9.085	2.358	3.761
1173	-9.085	2.358	2.819
1174	-9.085	2.358	3.761
1181	-9.085	2.358	19.237
1186	-9.085	2.358	19.387
1187	-9.085	2.358	3.747
1194	-9.085	2.358	3.766
1199	-9.085	2.358	6.672
1218	-9.085	2.358	2.869
1225	-9.085	2.358	5.981
1237	-9.085	2.358	5.989
1239	-9.085	2.358	5.989
1243	-9.085	2.358	5.989
1245	-9.085	2.358	2.902
1250	-9.085	2.358	5.983
1264	-9.085	2.358	2.228
1269	-9.085	2.358	2.228
1270	-9.085	2.358	2.227
1283	-9.085	2.358	2.228
1284	-9.085	2.358	2.226
1286	-9.085	2.358	2.226
1293	-9.085	2.358	2.226
1303	-9.085	2.358	2.233
1306	-9.085	2.358	2.233
1207	-9.085	2.358	6.336
1191	-9.034	2.376	6.336
1282	-9.034	2.376	6.336
951	-8.982	2.410	2.224
985	-8.942	2.453	6.339
1305	-8.939	2.400	6.428
1134	-8.938	2.400	6.441
905	-8.907	2.411	6.363
1087	-8.907	2.411	19.589
1310	-8.814	1.147	19.608
1311	-8.814	1.147	6.459
928	-8.778	1.153	2.876
1058	-8.778	1.153	5.706
1119	-8.778	1.153	2.921
1122	-8.778	1.153	2.922
1141	-8.778	1.154	3.833
1147	-8.778	1.153	3.837
1192	-8.778	1.153	3.836
1235	-8.778	1.153	3.837
1266	-8.778	1.153	2.926
1300	-8.778	1.153	5.699
1188	-8.778	1.153	5.699
1273	-8.778	1.153	8.848
1291	-8.778	1.153	8.847
946	-8.739	2.021	3.754
956	-8.739	2.021	5.642
973	-8.739	2.021	5.623
984	-8.739	2.021	5.633
987	-8.739	2.021	19.887
992	-8.739	2.021	5.632
994	-8.739	2.021	5.633
1008	-8.739	2.021	5.063
1020	-8.739	2.021	9.528
1048	-8.739	2.021	7.129
1049	-8.739	2.021	4.845
1077	-8.739	2.021	4.672
1095	-8.739	2.021	4.673
1132	-8.739	2.021	5.256
894	-8.738	2.021	4.614
910	-8.738	2.021	4.670
1198	-8.737	1.082	6.085
1231	-8.737	1.082	6.087
1248	-8.737	1.082	6.085
1204	-8.737	2.020	6.083
892	-8.736	2.064	6.078
1236	-8.728	0.836	6.082
1071	-8.715	1.072	6.076
1262	-8.715	1.072	5.258
960	-8.697	2.046	6.693
1047	-8.697	2.046	6.693
891	-8.697	2.046	6.688
899	-8.697	2.046	6.693
901	-8.697	2.046	6.047
904	-8.697	2.046	4.585
911	-8.697	2.046	4.645
915	-8.697	2.046	6.081
889	-8.696	2.046	5.322
1054	-8.668	2.041	4.958
1163	-8.668	2.041	4.534
1171	-8.668	2.041	4.535
1180	-8.668	2.041	4.535
1202	-8.668	2.041	6.274
1203	-8.668	2.041	6.274
1290	-8.668	2.041	6.280
1210	-8.668	2.041	6.280
1212	-8.668	2.041	5.015
1028	-8.662	0.557	5.016
1183	-8.662	0.557	6.253
1256	-8.662	0.557	6.267
1259	-8.660	2.067	5.014
1246	-8.643	2.068	5.013
1247	-8.643	2.068	4.673
1272	-8.643	2.068	4.931
1280	-8.632	2.072	4.960
909	-8.631	2.072	4.960
1209	-8.631	2.072	4.960
1046	-8.616	2.071	4.960
1059	-8.616	2.071	4.542
1081	-8.616	2.070	4.542
1104	-8.616	2.070	4.542
1131	-8.616	2.070	4.452
1155	-8.616	2.071	4.945
1179	-8.616	2.070	4.976
1221	-8.616	2.070	4.994
1253	-8.616	2.070	4.506
1255	-8.616	2.070	4.493
1268	-8.616	2.070	3.900
1287	-8.616	2.071	3.245
1295	-8.616	2.071	4.487
1205	-8.615	2.071	4.489
993	-8.557	2.796	3.920
1017	-8.557	2.796	3.919
1019	-8.557	2.796	3.237
1025	-8.557	2.796	3.319
1076	-8.557	2.796	3.318
1086	-8.557	2.796	3.237
1093	-8.557	2.796	3.322
1160	-8.557	2.796	3.918
1165	-8.557	2.796	4.465
1211	-8.556	2.796	2.643
1142	-8.542	2.806	2.644
1052	-8.540	2.793	2.660
935	-8.539	2.793	4.546
1108	-8.513	2.804	2.575
1128	-8.513	2.804	2.572
1182	-8.513	2.804	2.572
1200	-8.513	2.804	7.905
1228	-8.513	2.804	4.511
1302	-8.513	2.804	4.513
1000	-8.471	2.311	0.001
1001	-8.471	2.311	2.732
1067	-8.471	2.311	2.746
1166	-8.471	2.311	0.075
1281	-8.471	2.311	0.075
936	-8.471	2.311	0.075
1229	-8.443	2.303	3.767
1230	-8.443	2.303	6.672
1277	-8.443	2.303	6.673
1299	-8.443	2.303	5.982
990	-8.442	2.315	5.981
1244	-8.402	2.327	6.337
1144	-8.393	2.507	3.836
1090	-8.377	2.301	5.623
1152	-8.356	2.543	5.633
1102	-8.324	3.892	5.256
1116	-8.324	3.892	4.670
1150	-8.306	2.490	5.015
1190	-8.306	2.490	6.253
1238	-8.306	2.490	6.266
1258	-8.306	2.490	5.014
1275	-8.306	2.490	5.035
989	-8.303	2.734	6.246
1016	-8.303	2.734	4.959
1065	-8.303	2.734	4.960
1201	-8.303	2.734	4.961
1007	-8.303	2.734	4.960
1112	-8.296	3.905	4.542
1172	-8.296	3.905	4.542
943	-8.284	2.538	4.491
952	-8.284	2.538	4.488
957	-8.284	2.538	3.242
998	-8.284	2.538	3.920
999	-8.284	2.538	3.237
1004	-8.284	2.538	3.919
1005	-8.284	2.538	3.318
1018	-8.284	2.538	3.317
1070	-8.284	2.538	3.237
1082	-8.284	2.538	3.322
1083	-8.284	2.538	4.465
1084	-8.284	2.538	2.647
1100	-8.284	2.538	2.643
1120	-8.284	2.538	18.193
1127	-8.284	2.538	2.644
1301	-8.284	2.538	2.643
902	-8.283	2.538	3.960
919	-8.283	2.538	4.546
903	-8.281	3.039	3.960
917	-8.281	3.040	3.960
929	-8.281	3.040	3.385
927	-8.281	3.040	3.384
931	-8.281	3.040	3.384
1216	-8.280	2.738	7.272
1296	-8.273	3.895	2.573
1215	-8.272	2.820	2.575
1226	-8.272	3.895	2.572
921	-8.242	3.028	7.905
923	-8.242	3.028	4.527
966	-8.242	3.028	4.511
913	-8.241	3.029	4.513
932	-8.241	3.029	18.971
1009	-8.234	2.811	6.454
1030	-8.234	2.811	6.454
1094	-8.234	2.811	18.475
1109	-8.234	2.811	18.477
1178	-8.234	2.811	6.226
1223	-8.234	2.811	6.454
965	-8.233	2.810	0.000
1074	-8.228	2.739	0.001
1096	-8.228	2.739	0.025
1227	-8.228	2.739	2.731
1241	-8.228	2.739	0.075
1294	-8.228	2.739	0.075
962	-8.226	2.296	0.075
976	-8.226	2.296	0.075
1013	-8.226	2.296	0.075
1124	-8.226	2.296	0.075
1140	-8.226	2.296	6.676
1154	-8.226	2.296	6.677
1196	-8.226	2.296	3.761
896	-8.225	2.295	2.819
941	-8.217	2.984	3.761
1002	-8.217	2.985	2.820
933	-8.216	2.984	19.387
1029	-8.081	3.000	6.273
995	-7.971	3.082	7.317
