1445	-5.096	0.000	4.703
1446	-5.096	0.000	5.622
1328	-5.094	0.000	19.886
1347	-5.094	0.000	19.887
1352	-5.094	0.001	5.632
1359	-5.094	0.000	5.612
1366	-5.094	0.000	5.063
1371	-5.094	0.000	7.089
1373	-5.094	0.000	7.129
1374	-5.094	0.000	4.619
1380	-5.094	0.000	4.671
1382	-5.094	0.000	6.094
1386	-5.094	0.001	5.255
1387	-5.094	0.000	4.669
1388	-5.094	0.001	6.087
1394	-5.094	0.000	6.080
1451	-5.094	0.000	6.087
1501	-5.082	0.002	6.084
1476	-5.081	0.002	6.082
1477	-5.081	0.002	6.081
1480	-5.081	0.002	6.082
1326	-5.068	0.009	6.075
1331	-5.068	0.009	5.258
1349	-5.068	0.009	6.693
1355	-5.068	0.009	6.691
1356	-5.068	0.009	6.689
1360	-5.068	0.009	6.693
1365	-5.068	0.009	4.582
1452	-5.068	0.009	4.585
1455	-5.068	0.009	4.645
1461	-5.055	0.008	6.080
1469	-5.055	0.008	5.319
1479	-5.055	0.008	4.957
1481	-5.055	0.008	4.533
1482	-5.055	0.008	4.534
1483	-5.055	0.008	6.273
1492	-5.055	0.008	6.273
1494	-5.055	0.008	6.273
1440	-5.050	0.023	6.280
1441	-5.050	0.023	6.280
1411	-4.976	0.023	4.487
1442	-4.964	0.022	3.240
1379	-4.958	0.012	3.919
1462	-4.949	0.012	3.237
1362	-4.939	0.014	3.317
1471	-4.931	0.014	3.317
1505	-4.931	0.014	3.322
1507	-4.931	0.014	3.321
1400	-4.887	0.057	18.374
1408	-4.886	0.056	18.381
1413	-4.886	0.056	6.454
1414	-4.886	0.056	6.454
1415	-4.886	0.056	6.224
1422	-4.886	0.056	18.476
1427	-4.886	0.056	6.226
1429	-4.886	0.056	6.454
1439	-4.874	0.057	0.000
1513	-4.874	0.057	2.731
1514	-4.874	0.057	0.075
1431	-4.862	0.055	0.076
1412	-4.862	0.055	0.075
1409	-4.851	0.029	0.075
1460	-4.756	2.698	5.982
1401	-4.746	0.065	5.976
1434	-4.745	0.065	2.225
1404	-4.744	0.065	2.225
1424	-4.744	0.065	2.233
1485	-4.740	2.699	2.233
1466	-4.739	2.699	6.337
1498	-4.737	0.069	6.336
1393	-4.720	0.067	6.336
1367	-4.720	0.067	2.224
1474	-4.714	0.067	2.224
1487	-4.705	2.698	6.348
1454	-4.703	2.700	6.441
1383	-4.700	0.035	6.431
1395	-4.700	0.035	6.372
1456	-4.700	0.035	19.589
1459	-4.700	0.035	5.881
1502	-4.698	0.035	2.876
1444	-4.621	0.897	2.875
1341	-4.619	0.897	2.921
1358	-4.619	0.897	2.921
1417	-4.587	2.674	3.833
786	-4.583	3.139	3.837
1436	-4.572	3.126	3.837
1503	-4.541	0.884	3.837
1447	-4.525	0.861	5.678
1324	-4.522	0.860	5.698
1332	-4.522	0.860	5.699
1342	-4.522	0.860	8.848
1449	-4.522	0.860	8.848
1457	-4.495	0.860	3.851
1458	-4.495	0.860	5.629
1470	-4.491	2.562	4.702
1407	-4.482	0.070	5.622
1430	-4.482	0.070	19.886
1419	-4.482	0.070	19.886
1443	-4.480	0.070	5.632
1464	-4.479	0.861	5.612
1467	-4.479	0.861	5.063
1468	-4.479	0.861	7.129
859	-4.477	2.671	5.082
1397	-4.460	0.857	4.620
1425	-4.409	0.860	4.673
1518	-4.378	0.914	5.256
1519	-4.378	0.914	4.613
1523	-4.378	0.914	4.670
1426	-4.351	0.865	6.088
1350	-4.334	1.745	6.080
1351	-4.334	1.745	6.087
1353	-4.334	1.745	6.083
1389	-4.334	1.745	6.077
1330	-4.327	1.452	6.081
1381	-4.325	0.924	6.076
1496	-4.313	0.925	4.586
1522	-4.282	2.531	6.050
1354	-4.279	1.451	6.693
1384	-4.279	1.451	6.687
1465	-4.271	1.452	6.693
1475	-4.271	1.452	6.687
1463	-4.268	2.690	4.582
1410	-4.267	1.456	4.585
1428	-4.267	1.456	4.645
1435	-4.267	1.456	6.080
1512	-4.212	1.457	4.645
1329	-4.139	1.474	4.533
1336	-4.139	1.474	4.534
1339	-4.139	1.474	4.534
1316	-4.136	1.478	6.273
1318	-4.136	1.478	6.273
1320	-4.136	1.478	6.269
1516	-4.121	1.454	6.280
1323	-4.111	1.786	5.014
1402	-4.111	2.347	5.015
1423	-4.111	2.347	6.253
1315	-4.104	2.950	6.253
1317	-4.104	2.949	4.673
1321	-4.104	2.949	5.014
1322	-4.104	2.949	4.530
1375	-4.103	2.950	5.102
1335	-4.103	2.949	4.959
1325	-4.103	2.950	4.959
1344	-4.103	2.949	4.961
1348	-4.103	2.949	4.960
1500	-4.100	1.786	4.541
1525	-4.092	2.347	4.542
1524	-4.068	2.353	4.541
1486	-4.050	3.090	4.539
1488	-4.050	3.090	4.541
1504	-4.050	3.090	4.975
1327	-4.009	3.111	4.975
1343	-4.009	3.111	4.506
1345	-4.009	3.111	4.493
1346	-4.009	3.111	4.495
1361	-4.009	3.111	3.898
1396	-4.009	3.111	4.490
1369	-4.009	3.111	4.487
1377	-4.009	3.111	3.919
1453	-4.009	3.111	3.325
1478	-4.008	3.112	3.237
1491	-4.008	3.112	3.918
1493	-4.008	3.112	3.317
1495	-4.008	3.112	3.237
1499	-4.008	3.112	3.237
1506	-4.008	3.112	3.322
1406	-3.984	1.476	4.465
1521	-3.980	1.477	2.643
1416	-3.965	3.035	2.646
1437	-3.963	3.038	2.647
1438	-3.963	3.038	2.643
1517	-3.963	3.038	2.643
1403	-3.953	2.982	3.960
1432	-3.953	2.981	4.546
1421	-3.880	1.125	3.959
1515	-3.875	1.128	3.958
1399	-3.776	3.113	3.384
1405	-3.771	3.113	3.384
1418	-3.771	3.113	3.384
1420	-3.771	3.113	7.272
1520	-3.770	3.114	2.574
