1914	-6.130	0.000	6.693
1920	-6.129	0.000	6.687
535	-6.115	0.012	6.693
546	-6.115	0.012	6.686
1845	-6.115	0.012	4.582
1848	-6.069	0.013	6.080
1851	-6.069	0.013	4.645
1861	-6.069	0.013	4.533
1862	-6.069	0.013	4.534
1865	-6.069	0.013	4.534
1869	-6.069	0.013	6.273
1874	-6.069	0.013	6.273
1878	-6.069	0.013	6.269
1879	-6.069	0.013	6.280
1882	-6.069	0.013	6.249
1891	-6.069	0.013	5.015
1899	-6.069	0.013	6.253
1901	-6.069	0.013	6.253
1906	-6.069	0.013	4.673
1908	-6.069	0.013	5.014
1909	-6.069	0.013	5.035
1922	-6.069	0.013	5.102
1877	-6.048	0.008	4.959
1875	-6.047	0.008	4.959
1910	-6.047	0.008	4.961
1911	-6.047	0.008	4.960
1915	-6.047	0.008	4.541
1919	-6.047	0.008	4.542
311	-6.038	0.015	4.542
386	-6.038	0.015	4.452
1841	-5.989	0.831	3.322
245	-5.929	0.838	4.465
725	-5.929	0.837	2.643
236	-5.929	0.838	2.646
575	-5.929	0.838	2.647
583	-5.929	0.838	2.643
600	-5.929	0.838	2.643
602	-5.929	0.838	3.960
1842	-5.929	0.838	4.546
1843	-5.929	0.838	3.959
1846	-5.929	0.838	3.959
486	-5.928	0.837	3.384
671	-5.921	0.841	3.384
1912	-5.921	0.836	3.384
1887	-5.914	0.833	7.272
1898	-5.914	0.833	2.574
1900	-5.914	0.833	2.571
1918	-5.882	0.831	2.572
1849	-5.880	0.832	4.510
1854	-5.880	0.832	4.511
1857	-5.880	0.832	3.985
1872	-5.880	0.832	18.441
1873	-5.880	0.832	18.375
314	-5.865	0.839	6.454
402	-5.865	0.839	18.476
406	-5.865	0.839	18.477
413	-5.865	0.839	6.226
765	-5.861	0.838	2.731
772	-5.861	0.838	2.731
777	-5.861	0.838	0.075
799	-5.861	0.838	0.075
803	-5.861	0.838	0.076
1885	-5.851	0.837	6.676
1893	-5.844	0.837	6.677
1903	-5.844	0.837	3.761
1907	-5.844	0.837	2.819
1892	-5.837	0.847	3.761
1894	-5.837	0.847	2.820
1913	-5.837	0.847	19.386
1897	-5.836	0.847	3.747
577	-5.815	0.842	3.766
622	-5.815	0.842	6.672
1866	-5.800	0.826	2.870
1868	-5.800	0.825	5.982
1870	-5.800	0.825	5.989
1881	-5.800	0.825	5.989
1888	-5.800	0.825	5.989
1895	-5.800	0.825	2.902
1902	-5.800	0.825	5.975
1923	-5.800	0.825	5.982
826	-5.742	0.835	2.233
501	-5.692	1.625	2.925
1850	-5.631	1.601	5.699
1853	-5.631	1.601	8.848
1856	-5.631	1.601	8.847
1883	-5.631	1.601	3.754
1886	-5.631	1.600	5.642
340	-5.628	1.624	5.623
403	-5.628	1.624	5.045
343	-5.175	3.999	6.336
788	-5.173	4.000	6.336
789	-5.173	4.000	2.227
1917	-5.141	3.998	2.876
1847	-5.023	2.932	4.959
1876	-5.013	2.203	4.961
233	-5.011	2.968	4.960
238	-5.011	2.968	4.453
289	-5.011	2.968	4.541
572	-5.011	2.968	4.541
495	-5.000	2.709	4.445
496	-5.000	2.709	4.540
502	-4.996	2.960	4.975
692	-4.987	2.702	4.974
714	-4.987	2.702	4.994
536	-4.986	2.703	5.054
562	-4.986	2.703	4.493
603	-4.986	2.703	3.899
609	-4.986	2.703	4.490
1921	-4.941	2.221	3.918
808	-4.907	2.695	2.648
838	-4.907	2.695	2.645
1858	-4.895	2.686	2.643
1880	-4.895	2.686	18.193
1884	-4.895	2.686	2.643
1871	-4.894	2.686	2.643
355	-4.893	2.689	3.959
756	-4.892	2.689	4.545
750	-4.891	2.689	3.960
1859	-4.890	2.940	3.959
1860	-4.890	2.940	3.384
1863	-4.890	2.940	3.384
1889	-4.889	2.940	3.384
1896	-4.889	2.940	7.273
1904	-4.889	2.940	2.574
1905	-4.889	2.940	2.574
339	-4.888	2.947	2.571
364	-4.888	2.947	4.717
365	-4.888	2.947	4.526
439	-4.888	2.947	4.510
441	-4.888	2.947	4.512
457	-4.888	2.947	18.959
845	-4.886	2.947	20.347
1844	-4.885	2.687	20.460
1864	-4.880	2.496	20.460
1867	-4.880	2.496	21.443
1890	-4.880	2.496	0.001
1916	-4.880	2.496	0.001
369	-4.874	2.941	0.076
778	-4.872	2.941	0.076
1855	-4.765	2.560	5.989
1852	-4.765	2.560	2.902
1376	-3.330	3.775	2.572
