312	-8.321	0.000	6.088
313	-8.321	0.000	6.081
330	-8.321	0.000	6.087
334	-8.321	0.001	6.085
335	-8.321	0.000	6.077
341	-8.321	0.000	6.081
348	-8.321	0.001	6.083
349	-8.321	0.001	6.076
350	-8.321	0.001	5.259
351	-8.321	0.000	6.693
356	-8.321	0.001	6.687
395	-8.321	0.001	6.690
396	-8.321	0.000	6.693
440	-8.321	0.001	4.583
444	-8.321	0.001	4.585
320	-8.308	0.014	6.268
331	-8.308	0.014	5.016
325	-8.291	0.009	4.445
327	-8.291	0.009	4.541
332	-8.291	0.009	4.976
347	-8.291	0.009	5.222
373	-8.291	0.009	4.996
389	-8.291	0.009	4.493
428	-8.291	0.009	4.493
429	-8.291	0.009	3.899
857	-8.235	0.018	18.375
858	-8.235	0.018	6.454
791	-8.234	0.018	7.795
760	-8.234	0.018	20.460
769	-8.234	0.018	20.460
770	-8.234	0.017	21.443
265	-8.175	0.059	5.989
298	-8.175	0.059	5.989
198	-8.174	0.059	2.893
250	-8.174	0.059	5.975
526	-8.174	0.059	5.982
532	-8.174	0.059	2.228
539	-8.174	0.059	2.228
633	-8.174	0.059	2.229
646	-8.174	0.059	2.226
651	-8.174	0.059	2.226
657	-8.174	0.059	2.226
662	-8.174	0.059	2.233
715	-8.174	0.059	2.233
77	-8.160	0.057	6.336
133	-8.160	0.057	6.336
134	-8.160	0.057	6.336
204	-8.160	0.057	2.224
227	-8.160	0.057	2.224
248	-8.144	0.057	6.347
249	-8.144	0.057	6.441
275	-8.144	0.057	0.212
290	-8.144	0.057	6.372
291	-8.144	0.057	19.589
491	-8.144	0.057	5.881
513	-8.144	0.057	2.876
556	-8.144	0.057	5.706
573	-8.144	0.057	2.922
615	-8.144	0.057	2.921
666	-8.144	0.057	3.832
167	-8.143	0.057	3.836
321	-8.143	0.840	3.836
354	-8.143	0.840	3.837
371	-8.143	0.840	5.679
436	-8.142	0.840	5.699
352	-8.121	0.842	5.699
346	-8.112	0.841	8.848
360	-8.112	0.841	8.848
422	-8.112	0.841	3.851
748	-8.112	0.841	5.643
432	-8.112	0.841	3.859
461	-8.112	0.841	5.623
300	-8.110	0.841	19.887
635	-8.110	0.841	19.887
658	-8.110	0.841	5.633
668	-8.110	0.841	5.612
669	-8.110	0.841	5.063
735	-8.110	0.842	7.129
35	-8.087	0.843	5.082
36	-8.087	0.843	4.619
37	-8.087	0.843	4.673
40	-8.087	0.843	5.255
565	-8.086	0.063	4.613
598	-8.086	0.063	4.669
51	-8.086	0.843	6.085
52	-8.086	0.843	6.087
55	-8.086	0.843	6.087
252	-8.086	0.843	6.082
65	-8.085	0.843	6.077
72	-8.085	0.843	6.081
76	-8.085	0.843	6.075
80	-8.085	0.843	4.585
87	-8.085	0.843	6.050
103	-8.085	0.843	6.692
116	-8.085	0.843	6.686
125	-8.085	0.843	6.693
154	-8.085	0.843	6.688
160	-8.085	0.843	6.709
162	-8.085	0.843	4.585
168	-8.085	0.843	4.645
184	-8.085	0.843	6.078
189	-8.085	0.843	4.644
229	-8.085	0.843	4.533
231	-8.085	0.843	4.533
239	-8.085	0.843	4.534
740	-8.084	0.059	6.273
243	-8.078	0.842	6.269
266	-8.078	0.842	6.280
267	-8.078	0.842	5.014
271	-8.078	0.842	5.015
302	-8.078	0.842	6.252
520	-8.078	0.842	6.252
538	-8.078	0.842	5.013
585	-8.078	0.842	5.014
672	-8.078	0.842	5.034
733	-8.078	0.842	4.912
482	-8.073	0.859	4.959
448	-8.070	0.859	4.959
479	-8.038	0.860	4.960
260	-8.022	0.889	4.960
499	-8.022	0.889	4.541
606	-8.021	0.889	4.541
687	-8.021	0.889	4.542
688	-8.021	0.889	4.447
690	-8.021	0.889	4.540
764	-8.017	0.846	4.975
869	-8.017	0.846	4.988
268	-7.992	0.892	4.506
283	-7.992	0.892	4.493
284	-7.992	0.892	4.494
299	-7.992	0.892	3.897
62	-7.992	0.892	3.923
66	-7.992	0.892	4.487
90	-7.992	0.892	3.919
107	-7.992	0.892	3.324
113	-7.992	0.892	3.237
114	-7.992	0.892	3.237
132	-7.992	0.892	3.317
136	-7.992	0.892	3.236
141	-7.992	0.892	3.321
156	-7.992	0.892	3.321
157	-7.992	0.892	4.465
161	-7.992	0.892	2.642
212	-7.992	0.892	2.646
218	-7.992	0.892	2.646
235	-7.992	0.892	2.643
253	-7.992	0.892	2.642
45	-7.989	0.890	3.959
169	-7.989	0.890	3.960
216	-7.989	0.890	3.958
492	-7.989	0.890	3.958
494	-7.989	0.890	3.384
504	-7.989	0.890	3.384
519	-7.989	0.890	3.384
537	-7.989	0.890	7.273
629	-7.981	0.847	2.574
689	-7.981	0.847	2.571
712	-7.980	0.847	2.571
881	-7.980	0.855	7.905
752	-7.979	0.855	4.510
771	-7.979	0.855	4.512
192	-7.952	0.849	18.959
217	-7.952	0.849	18.374
584	-7.923	0.894	6.454
717	-7.923	0.894	6.454
288	-7.909	0.893	6.454
98	-7.908	0.892	6.226
142	-7.908	0.892	18.942
223	-7.908	0.892	7.787
82	-7.907	0.892	20.460
560	-7.907	0.892	20.459
164	-7.907	0.892	21.395
197	-7.907	0.892	0.001
1727	-7.895	0.176	0.001
1724	-7.894	0.176	2.731
1830	-7.893	0.176	2.732
206	-7.890	0.167	0.076
274	-7.890	0.167	0.076
124	-7.887	0.939	0.076
149	-7.887	0.939	0.076
226	-7.887	0.939	0.075
316	-7.878	0.172	0.075
437	-7.876	0.172	3.727
438	-7.876	0.172	6.677
1773	-7.874	0.164	3.761
758	-7.863	0.169	2.819
759	-7.863	0.169	3.761
790	-7.863	0.169	3.747
822	-7.863	0.169	19.386
801	-7.863	0.171	3.748
830	-7.863	0.171	19.239
1835	-7.861	0.160	3.750
1758	-7.861	0.163	2.870
1760	-7.861	0.163	5.981
1791	-7.861	0.163	5.989
1796	-7.861	0.163	5.989
1805	-7.861	0.163	5.989
1818	-7.861	0.163	2.902
1833	-7.861	0.163	5.982
1839	-7.861	0.163	2.228
379	-7.854	0.138	2.228
382	-7.854	0.138	2.227
839	-7.854	0.138	2.227
853	-7.854	0.138	2.225
856	-7.851	0.138	2.225
618	-7.842	0.163	2.225
654	-7.842	0.163	2.233
451	-7.768	0.904	2.224
1526	-7.766	0.130	6.368
794	-7.765	0.904	6.441
850	-7.734	0.148	2.876
767	-7.733	0.147	6.476
848	-7.733	0.903	5.706
1726	-7.728	0.852	2.921
1740	-7.728	0.852	2.921
1718	-7.727	0.852	3.833
1819	-7.727	0.852	3.837
653	-7.716	0.903	3.837
783	-7.712	0.903	3.837
464	-7.711	0.903	2.926
849	-7.710	0.848	5.699
1508	-7.710	3.038	5.698
570	-7.699	0.851	8.848
617	-7.696	0.850	8.847
818	-7.696	0.925	8.839
378	-7.688	0.843	5.642
380	-7.688	0.843	5.622
529	-7.677	0.094	5.063
397	-7.677	0.850	5.606
827	-7.676	0.849	7.129
665	-7.674	0.093	4.805
886	-7.646	0.145	6.085
861	-7.641	0.158	6.087
730	-7.641	0.101	6.085
557	-7.619	0.838	6.693
590	-7.619	0.838	6.688
591	-7.619	0.838	6.693
561	-7.617	0.838	6.084
700	-7.617	0.838	4.585
383	-7.605	3.058	4.645
387	-7.605	3.058	6.081
305	-7.605	3.058	5.320
381	-7.605	3.058	4.958
414	-7.605	3.058	4.534
416	-7.605	3.058	4.535
442	-7.604	3.058	0.000
476	-7.604	3.058	6.274
1489	-7.586	0.085	6.274
711	-7.581	0.097	6.280
707	-7.562	0.088	4.931
625	-7.552	0.107	4.960
640	-7.550	0.106	4.960
686	-7.550	0.106	4.542
697	-7.550	0.108	4.542
874	-7.532	0.846	4.997
434	-7.490	2.993	3.384
1490	-7.483	0.097	3.384
459	-7.483	0.850	3.384
683	-7.461	0.843	7.272
696	-7.459	0.843	4.819
718	-7.459	0.843	2.575
855	-7.427	3.093	2.572
317	-7.417	3.095	2.572
374	-7.417	3.095	4.527
410	-7.417	3.095	4.511
411	-7.417	3.095	4.513
421	-7.417	3.095	18.943
566	-7.416	1.009	19.002
430	-7.416	3.095	18.370
443	-7.416	3.095	6.454
840	-7.416	3.095	6.454
471	-7.416	3.095	6.223
743	-7.416	3.095	18.476
766	-7.416	3.095	6.225
836	-7.416	3.095	6.226
424	-7.413	3.097	4.765
286	-7.410	1.015	20.460
528	-7.410	1.018	20.459
875	-7.409	0.840	0.001
39	-7.392	2.971	0.001
48	-7.392	2.971	0.000
67	-7.391	2.971	2.731
71	-7.391	2.971	2.796
89	-7.391	2.971	0.075
866	-7.378	0.856	0.075
755	-7.377	3.088	0.075
328	-7.373	2.724	0.075
393	-7.373	2.724	0.075
401	-7.373	2.724	0.074
435	-7.372	2.724	6.677
489	-7.366	2.989	2.818
333	-7.363	3.103	19.387
400	-7.363	3.103	3.747
419	-7.363	3.103	3.767
473	-7.362	3.103	6.672
841	-7.362	3.103	2.869
787	-7.361	3.103	5.981
797	-7.361	3.103	5.982
812	-7.361	3.103	5.989
1484	-7.357	0.717	5.989
251	-7.357	2.989	5.975
282	-7.357	2.990	5.982
292	-7.357	2.990	2.228
547	-7.357	2.990	2.228
548	-7.357	2.990	2.228
569	-7.357	2.990	2.229
596	-7.357	2.990	2.226
612	-7.357	2.990	2.226
614	-7.357	2.990	2.233
122	-7.356	2.990	2.233
187	-7.356	2.990	6.336
221	-7.356	2.990	6.336
637	-7.356	2.990	6.336
256	-7.354	0.639	2.224
744	-7.348	0.858	2.224
505	-7.323	0.845	19.589
150	-7.312	2.599	5.699
200	-7.311	2.599	3.799
1398	-7.302	3.097	19.887
171	-7.297	0.982	19.887
81	-7.292	3.019	5.633
202	-7.292	3.019	5.612
821	-7.289	0.846	7.129
795	-7.284	3.012	7.129
815	-7.284	3.012	4.620
480	-7.283	3.012	4.680
390	-7.272	3.013	6.080
392	-7.272	3.013	6.087
774	-7.271	3.013	6.085
425	-7.271	3.013	6.077
450	-7.271	3.013	6.081
272	-7.254	2.659	4.581
586	-7.254	2.659	6.076
96	-7.253	2.659	5.259
111	-7.253	2.659	6.693
137	-7.253	2.659	6.687
153	-7.253	2.659	6.690
170	-7.253	2.659	6.694
194	-7.253	2.659	4.582
195	-7.253	2.659	4.585
209	-7.253	2.659	4.645
220	-7.253	2.659	6.081
237	-7.253	2.659	4.644
872	-7.234	3.011	4.533
828	-7.234	3.013	4.534
620	-7.229	0.946	6.273
736	-7.228	0.946	6.269
376	-7.226	2.997	6.280
358	-7.226	3.009	6.268
753	-7.226	3.011	5.015
761	-7.226	3.011	6.253
773	-7.226	3.011	6.253
781	-7.226	3.005	6.247
807	-7.226	3.011	5.014
832	-7.226	3.011	5.035
307	-7.226	3.011	4.484
319	-7.226	3.011	4.959
344	-7.226	3.010	4.959
391	-7.226	3.010	4.961
405	-7.226	3.011	4.960
407	-7.226	3.010	4.541
418	-7.226	3.010	4.542
865	-7.226	3.010	4.542
796	-7.225	3.011	4.453
366	-7.225	3.011	4.540
368	-7.225	3.011	4.975
460	-7.225	3.010	4.988
472	-7.225	3.011	4.506
475	-7.225	3.010	4.493
780	-7.224	2.980	4.493
465	-7.224	3.010	3.898
817	-7.220	2.968	4.490
375	-7.216	2.964	3.241
254	-7.215	3.017	3.241
883	-7.187	3.013	4.546
751	-7.187	3.013	3.960
798	-7.187	3.013	3.959
816	-7.187	3.013	3.384
831	-7.187	3.013	3.384
834	-7.187	3.013	3.384
878	-7.186	3.013	2.573
879	-7.186	3.012	2.574
322	-7.182	2.864	2.572
326	-7.174	3.014	7.905
837	-7.174	3.014	4.510
844	-7.174	3.014	4.511
863	-7.174	3.014	4.513
814	-7.173	3.014	18.970
1510	-7.171	2.967	18.375
880	-7.171	3.014	6.454
704	-7.142	3.013	6.454
6	-7.140	3.013	20.459
7	-7.140	3.013	21.443
9	-7.140	3.014	0.000
11	-7.140	3.013	0.001
13	-7.140	3.013	2.706
17	-7.140	3.013	2.731
32	-7.140	3.014	0.075
19	-7.140	3.013	0.075
20	-7.140	3.014	0.076
22	-7.140	3.014	0.076
25	-7.140	3.014	0.076
29	-7.140	3.014	0.075
731	-7.138	3.014	6.676
38	-7.127	3.014	2.819
44	-7.127	3.014	3.761
297	-7.127	3.014	2.820
516	-7.127	3.014	19.387
616	-7.127	3.014	3.747
49	-7.127	3.014	19.238
54	-7.127	3.014	6.672
57	-7.127	3.014	2.870
58	-7.127	3.014	5.981
59	-7.127	3.014	5.989
270	-7.127	3.014	5.989
497	-7.127	3.014	5.989
509	-7.127	3.014	2.894
554	-7.127	3.014	5.975
79	-7.126	3.014	5.982
97	-7.126	3.014	2.228
110	-7.126	3.014	2.227
121	-7.126	3.014	2.228
138	-7.126	3.014	2.226
273	-7.126	3.014	2.225
304	-7.126	3.014	2.226
589	-7.126	3.014	2.233
698	-7.126	3.014	2.233
699	-7.126	3.014	6.336
85	-7.126	3.014	6.336
95	-7.126	3.014	6.337
102	-7.126	3.014	2.224
152	-7.126	3.014	6.351
234	-7.126	3.014	6.347
63	-7.088	3.092	0.212
68	-7.088	3.092	19.589
74	-7.088	3.092	19.589
108	-7.088	3.092	6.459
120	-7.088	3.092	2.876
179	-7.088	3.092	5.706
16	-7.063	3.014	2.922
21	-7.063	3.014	2.922
26	-7.063	3.014	3.833
1	-7.062	3.014	3.837
2	-7.062	3.014	3.837
4	-7.062	3.014	3.837
5	-7.062	3.014	5.679
483	-7.062	3.014	5.699
727	-7.062	3.014	5.699
729	-7.062	3.014	8.848
490	-7.059	3.014	8.847
285	-7.055	3.015	3.851
514	-7.055	3.015	5.642
544	-7.054	3.015	5.623
580	-7.054	3.015	5.045
593	-7.054	3.015	19.887
601	-7.054	3.015	19.887
613	-7.054	3.015	5.633
624	-7.054	3.015	5.612
627	-7.054	3.015	5.063
639	-7.054	3.015	7.129
641	-7.054	3.015	5.081
660	-7.054	3.015	4.649
661	-7.054	3.015	4.673
710	-7.054	3.015	5.255
713	-7.054	3.015	4.613
734	-7.054	3.015	4.669
720	-7.054	3.015	6.085
739	-7.054	3.015	6.087
541	-7.054	3.015	6.084
607	-7.054	3.015	6.082
649	-7.054	3.015	6.077
693	-7.054	3.015	6.081
159	-7.054	3.015	6.075
106	-7.053	3.014	4.585
768	-7.053	2.773	6.688
885	-7.052	0.930	6.692
388	-7.035	0.931	4.533
287	-7.017	2.979	4.533
703	-6.987	3.095	4.912
15	-6.981	3.095	4.961
742	-6.979	2.733	4.960
242	-6.975	2.736	4.541
34	-6.975	2.736	4.542
533	-6.973	3.097	4.542
175	-6.972	2.671	4.446
176	-6.972	2.671	3.963
597	-6.972	3.097	4.975
41	-6.972	3.097	4.989
109	-6.972	3.097	4.506
185	-6.972	3.097	4.493
186	-6.971	2.671	4.494
155	-6.970	2.671	3.922
276	-6.960	2.737	4.465
296	-6.959	2.737	2.642
50	-6.959	2.737	2.646
53	-6.959	2.737	2.646
205	-6.959	2.737	2.643
207	-6.959	2.737	2.642
69	-6.958	2.737	3.959
70	-6.958	2.737	3.960
73	-6.958	2.737	4.797
94	-6.958	2.737	3.958
144	-6.958	2.737	3.384
178	-6.958	2.737	3.384
228	-6.958	2.737	3.384
188	-6.958	2.737	7.273
338	-6.933	2.661	2.571
732	-6.926	1.736	7.905
676	-6.921	2.725	4.510
488	-6.897	3.102	6.451
30	-6.897	3.101	18.886
719	-6.893	3.102	18.375
278	-6.893	3.102	6.454
527	-6.893	3.102	6.454
568	-6.893	3.102	6.454
578	-6.893	3.102	18.476
611	-6.893	3.102	6.226
647	-6.893	3.102	6.226
691	-6.893	3.102	4.534
91	-6.893	3.102	7.787
92	-6.893	3.102	20.460
118	-6.893	3.102	20.459
151	-6.893	3.102	21.394
523	-6.893	3.102	0.000
674	-6.893	3.102	0.001
677	-6.893	3.102	2.731
679	-6.893	3.102	2.732
681	-6.893	3.102	0.076
708	-6.893	3.102	0.076
738	-6.892	3.102	0.076
214	-6.892	3.102	0.075
8	-6.882	2.744	0.075
10	-6.882	2.744	0.075
14	-6.882	2.744	3.727
23	-6.882	2.744	6.677
31	-6.882	2.744	3.761
724	-6.881	2.744	3.761
3	-6.881	2.744	3.761
42	-6.873	2.745	3.746
43	-6.873	2.745	19.386
259	-6.873	2.745	3.748
277	-6.873	2.745	19.239
503	-6.873	2.745	3.750
542	-6.873	2.745	2.870
543	-6.873	2.745	5.981
571	-6.873	2.745	5.989
574	-6.873	2.745	5.989
576	-6.873	2.745	5.989
650	-6.873	2.745	2.902
656	-6.873	2.745	5.982
664	-6.873	2.745	2.227
716	-6.873	2.745	2.228
46	-6.872	2.745	2.227
47	-6.872	2.745	2.228
61	-6.872	2.745	2.225
510	-6.872	2.745	2.225
521	-6.872	2.745	2.225
522	-6.872	2.745	2.233
587	-6.872	2.745	2.233
592	-6.872	2.745	6.336
630	-6.872	2.745	6.336
636	-6.872	2.745	6.337
642	-6.872	2.745	2.224
643	-6.872	2.745	6.368
645	-6.872	2.745	6.441
75	-6.872	2.745	6.431
128	-6.872	2.745	6.366
564	-6.872	2.745	19.589
701	-6.872	2.745	19.608
705	-6.872	2.745	2.876
722	-6.872	2.745	6.470
723	-6.872	2.745	5.706
552	-6.872	2.745	2.921
555	-6.872	2.745	2.921
621	-6.872	2.745	3.833
626	-6.872	2.745	3.837
628	-6.872	2.745	3.837
632	-6.872	2.745	3.837
644	-6.872	2.745	2.926
695	-6.872	2.745	5.699
115	-6.872	2.745	5.699
177	-6.872	2.745	8.848
215	-6.872	2.745	8.847
219	-6.872	2.745	8.840
163	-6.871	2.745	4.702
166	-6.871	2.745	5.622
190	-6.871	2.745	5.633
230	-6.871	2.745	19.886
86	-6.871	2.745	5.632
638	-6.836	2.734	3.864
737	-6.836	2.734	5.063
1357	-6.819	2.737	7.129
726	-6.817	2.740	4.796
1472	-6.816	2.741	4.672
680	-6.814	2.738	4.673
684	-6.813	2.738	5.255
224	-6.813	2.738	4.613
864	-6.798	0.651	6.081
1497	-6.730	2.724	5.989
1739	-6.709	3.731	5.989
1741	-6.709	3.731	2.902
1784	-6.709	3.732	5.975
1707	-6.708	3.729	5.982
1712	-6.708	3.729	2.228
1713	-6.708	3.729	2.228
1717	-6.708	3.729	2.228
310	-6.679	1.988	5.970
775	-6.677	2.974	2.226
1473	-6.665	2.817	2.226
860	-6.638	3.708	2.233
1723	-6.608	2.040	6.337
1746	-6.608	2.040	6.336
1765	-6.581	2.027	6.336
1767	-6.581	2.027	2.224
295	-6.563	2.025	2.224
746	-6.550	2.733	6.348
747	-6.550	2.733	6.441
1743	-6.545	2.234	6.431
1744	-6.545	2.234	6.367
873	-6.544	2.737	19.589
408	-6.544	2.733	19.608
409	-6.544	2.733	2.876
800	-6.544	2.733	2.875
470	-6.543	2.733	2.931
757	-6.525	2.734	2.921
811	-6.512	3.501	3.833
809	-6.510	2.168	3.837
279	-6.500	3.461	3.837
303	-6.500	3.462	3.837
462	-6.470	3.346	5.679
404	-6.467	3.525	8.848
361	-6.467	3.525	5.699
854	-6.467	3.525	8.848
453	-6.466	3.525	8.848
810	-6.466	3.525	3.799
1780	-6.425	3.499	4.703
1783	-6.425	3.498	5.622
846	-6.417	3.488	5.633
867	-6.417	3.488	5.612
882	-6.417	3.488	5.063
888	-6.417	3.488	7.129
782	-6.416	3.488	2.276
1509	-6.414	3.480	4.620
813	-6.404	3.500	4.672
876	-6.404	3.500	5.255
1511	-6.400	3.493	5.256
819	-6.381	3.319	4.670
468	-6.351	3.368	6.088
793	-6.290	3.021	6.080
776	-6.290	3.021	6.087
884	-6.290	3.020	6.077
540	-6.165	3.442	5.243
623	-6.165	3.442	6.050
426	-6.111	3.583	4.585
431	-6.109	3.586	4.645
870	-5.797	2.214	2.228
