908	-8.551	0.000	2.646
916	-8.551	0.000	2.644
942	-8.534	0.002	3.960
948	-8.534	0.002	2.658
977	-8.534	0.002	3.385
937	-8.520	1.345	3.384
940	-8.519	1.345	3.384
969	-8.519	1.345	3.384
1039	-8.519	1.345	7.273
982	-8.513	1.343	18.388
1022	-8.513	1.343	19.008
1153	-8.504	1.338	18.371
1164	-8.504	1.338	6.454
1176	-8.504	1.338	6.454
1313	-8.504	1.338	6.223
978	-8.477	1.348	18.477
983	-8.477	1.348	6.226
996	-8.477	1.348	6.226
1023	-8.477	1.348	4.535
1078	-8.477	1.348	7.786
1113	-8.477	1.348	20.460
1115	-8.477	1.348	20.459
1161	-8.477	1.348	21.394
968	-8.476	1.347	0.001
986	-8.464	0.043	0.075
1060	-8.457	1.349	0.075
1101	-8.457	1.349	0.074
964	-8.450	1.066	19.238
944	-8.445	1.067	6.677
945	-8.445	1.067	3.761
947	-8.445	1.067	3.761
1003	-8.445	1.067	3.761
1036	-8.445	1.067	19.388
920	-8.444	1.067	3.747
1168	-8.436	1.339	5.989
1232	-8.436	1.339	5.989
1254	-8.436	1.339	5.989
1285	-8.436	1.339	2.902
1308	-8.436	1.339	5.982
1213	-8.435	1.338	2.228
958	-8.423	0.051	2.228
1257	-8.423	0.051	2.227
970	-8.423	0.051	2.228
1035	-8.423	0.051	2.226
1038	-8.423	0.051	2.226
1130	-8.423	0.051	2.233
1133	-8.423	0.051	2.233
1158	-8.423	0.051	6.336
1197	-8.406	0.051	6.336
939	-8.401	1.105	2.227
949	-8.401	1.105	2.224
953	-8.401	1.105	6.347
974	-8.401	1.105	6.441
988	-8.401	1.105	6.431
1143	-8.401	1.105	6.365
890	-8.400	1.105	19.589
893	-8.400	1.105	19.608
895	-8.400	1.105	2.876
906	-8.400	1.105	6.470
907	-8.400	1.105	5.706
922	-8.400	1.105	2.921
925	-8.400	1.105	3.832
926	-8.400	1.105	3.836
975	-8.384	1.105	3.837
979	-8.384	1.105	3.836
1233	-8.379	1.360	5.699
1251	-8.379	1.360	5.699
1252	-8.379	1.360	8.847
1260	-8.379	1.360	8.848
1274	-8.379	1.360	3.792
1292	-8.379	1.360	4.738
1307	-8.379	1.360	4.703
1111	-8.365	2.035	19.887
1148	-8.365	2.035	19.886
1051	-8.335	1.058	5.612
1080	-8.335	1.058	5.063
1098	-8.335	1.058	7.129
1053	-8.335	2.036	7.129
1220	-8.335	2.036	4.620
1314	-8.335	2.037	4.673
997	-8.327	2.037	6.095
1056	-8.316	2.037	4.645
1114	-8.316	2.037	6.081
1184	-8.316	2.037	5.320
1249	-8.316	2.037	4.534
1276	-8.316	2.037	4.534
1279	-8.316	2.037	4.535
1099	-8.316	2.037	6.274
1219	-8.316	2.037	6.274
1240	-8.316	2.037	6.274
1208	-8.314	2.037	6.280
955	-8.302	1.096	4.542
1189	-8.208	2.029	3.747
1224	-8.208	2.029	19.238
1061	-8.190	2.029	6.672
1117	-8.189	2.029	2.869
1195	-8.189	2.029	5.981
1097	-8.189	2.029	5.989
