26	-12.112	0.000	5.408
37	-12.112	0.001	8.232
117	-12.085	0.011	4.854
17	-12.081	0.009	8.219
1703	-11.988	3.749	7.942
15	-11.669	0.957	0.165
11	-11.607	0.493	6.334
21	-11.586	0.957	6.601
167	-11.519	3.269	7.933
116	-11.519	3.523	7.935
96	-11.517	3.512	6.458
108	-11.514	3.512	6.460
38	-11.513	3.512	7.942
2	-11.511	3.512	7.933
8	-11.511	3.512	6.460
1	-11.507	3.504	6.461
309	-11.506	3.842	4.819
101	-11.491	3.514	6.430
27	-11.486	3.514	6.430
425	-11.442	3.842	5.342
469	-11.320	3.840	4.820
279	-11.273	3.839	2.948
64	-11.272	3.839	2.940
16	-11.238	1.787	23.557
456	-11.193	3.839	10.691
336	-11.081	1.870	10.926
277	-11.072	1.881	10.865
88	-11.071	1.853	8.952
29	-11.068	1.873	10.876
76	-11.067	2.788	10.180
233	-11.045	3.855	9.681
164	-11.039	1.926	8.858
227	-11.038	1.922	8.858
125	-11.036	1.936	8.858
132	-11.036	1.929	8.858
269	-11.035	1.894	8.858
192	-11.018	1.926	8.724
120	-11.011	1.932	3.118
175	-11.009	3.854	8.069
395	-10.980	1.889	8.968
52	-10.979	1.917	9.083
66	-10.979	1.897	9.055
300	-10.977	1.936	10.027
259	-10.975	3.855	10.027
344	-10.965	1.910	4.962
199	-10.954	1.980	4.329
468	-10.938	2.129	4.900
43	-10.926	1.954	6.588
268	-10.900	2.087	4.878
327	-10.787	1.857	6.330
19	-10.650	3.243	4.802
243	-10.638	3.225	4.719
291	-10.588	3.244	5.341
186	-10.548	3.249	5.392
78	-10.547	3.205	5.310
138	-10.544	3.272	5.781
32	-10.533	3.287	5.388
262	-10.507	3.221	5.394
127	-10.485	3.302	5.311
316	-10.402	3.183	22.641
205	-10.400	3.245	11.410
388	-10.388	3.488	25.285
263	-10.364	3.202	5.699
400	-10.352	2.941	6.784
398	-10.350	1.983	5.732
245	-10.332	3.516	11.930
144	-10.329	3.514	6.817
145	-10.329	3.513	7.211
1604	-10.321	3.183	2.681
232	-10.320	3.185	2.681
1663	-10.320	3.188	6.833
133	-10.318	3.509	2.676
49	-10.316	3.511	2.679
189	-10.316	3.185	4.829
103	-10.310	3.509	4.828
47	-10.310	3.508	4.838
94	-10.308	3.511	4.838
114	-10.299	3.508	4.838
124	-10.197	2.143	23.494
328	-10.087	2.684	23.556
53	-9.787	3.339	22.555
1740	-9.784	2.898	11.567
1734	-9.764	3.987	5.402
1741	-9.703	3.996	2.681
371	-9.700	3.395	6.833
337	-9.696	3.448	4.830
292	-9.667	3.828	4.820
374	-9.582	3.394	0.001
157	-9.556	3.397	23.556
142	-9.549	3.459	6.588
1671	-9.517	3.351	5.408
172	-9.517	3.829	8.230
75	-9.508	3.394	7.776
427	-9.303	3.391	7.935
258	-9.275	3.653	7.935
357	-9.159	3.398	6.455
110	-9.130	3.400	6.568
1736	-8.872	3.302	6.784
1735	-8.764	3.609	5.732
