435	-11.178	0.000	10.590
445	-11.176	0.002	9.065
1512	-11.176	0.002	12.077
1597	-11.175	0.002	12.078
1599	-11.175	0.002	12.512
1680	-11.174	0.002	12.078
301	-11.133	0.048	13.220
1530	-11.131	0.055	10.693
1636	-11.096	0.022	12.374
1523	-11.096	0.025	12.374
1548	-11.096	0.025	10.902
1549	-11.096	0.025	10.902
429	-11.064	0.053	9.644
333	-11.057	0.074	10.214
1496	-11.057	0.057	9.482
331	-11.056	0.053	9.482
1490	-11.056	0.053	9.482
153	-11.055	0.058	14.751
341	-11.049	0.057	10.099
384	-11.041	0.109	8.848
389	-11.017	0.133	8.689
278	-10.992	0.324	8.075
1627	-10.615	1.451	5.758
1661	-10.563	0.723	5.779
1488	-10.054	1.520	8.230
1489	-10.054	1.520	7.779
1617	-10.039	1.521	4.879
1527	-10.039	1.521	5.403
1491	-10.038	1.521	5.403
1546	-10.038	1.522	6.503
1654	-9.996	1.526	6.460
1666	-9.995	1.526	4.826
1673	-9.994	1.526	4.727
1624	-9.992	1.526	6.427
428	-9.502	3.456	8.217
422	-9.501	3.436	6.433
184	-9.491	3.432	8.889
461	-9.482	3.429	8.886
386	-9.110	3.367	5.759
260	-9.102	2.503	5.341
1629	-9.101	2.503	5.341
231	-9.097	2.513	5.311
93	-9.097	2.513	5.780
195	-9.080	2.515	5.364
434	-9.073	2.513	5.804
452	-9.073	2.512	5.804
451	-9.073	2.515	5.365
193	-9.072	2.509	5.365
359	-9.068	2.512	5.365
347	-9.066	2.513	12.570
356	-9.065	2.513	5.449
390	-9.060	2.514	5.449
318	-9.050	2.518	5.377
455	-8.972	2.410	11.567
467	-8.952	2.503	11.402
426	-8.936	3.322	22.640
363	-8.912	3.025	11.568
393	-8.904	3.092	24.195
238	-8.879	3.067	5.698
1550	-8.819	3.196	5.732
449	-7.914	3.986	2.679
409	-7.913	3.996	4.829
414	-7.913	3.996	4.831
431	-7.839	3.852	6.381
