6	-10.631	0.000	4.720
472	-10.569	0.193	5.341
440	-10.485	0.242	5.394
290	-10.476	0.036	5.374
55	-10.475	0.036	5.373
69	-10.474	0.182	5.374
60	-10.473	0.036	5.374
30	-10.473	0.033	5.374
59	-10.473	0.032	5.803
310	-10.472	0.030	5.364
140	-10.464	0.243	5.804
418	-10.463	0.378	5.804
137	-10.450	0.242	5.364
421	-10.087	0.121	0.207
329	-10.077	0.129	1.759
392	-10.074	0.119	6.334
401	-9.844	1.245	5.364
375	-9.844	1.256	5.365
14	-9.805	1.265	12.681
332	-9.790	1.406	11.562
348	-9.790	1.427	23.155
360	-9.782	1.248	22.451
382	-9.773	1.244	22.640
56	-9.759	1.256	13.060
61	-9.756	1.252	24.193
58	-9.756	1.254	25.232
162	-9.746	1.260	5.699
253	-9.738	1.255	6.784
121	-9.733	1.259	5.732
40	-9.727	1.261	5.730
441	-9.726	1.407	7.211
474	-9.722	1.441	7.208
1620	-8.021	3.756	6.833
