1357	-12.258	0.000	6.729
1358	-12.258	0.000	5.054
1359	-12.258	0.000	5.051
1370	-12.258	0.000	5.051
1366	-12.258	0.001	6.103
1440	-12.257	0.001	6.086
1448	-12.257	0.000	6.088
1173	-12.248	0.003	20.017
1174	-12.248	0.003	20.078
1175	-12.248	0.003	19.425
1178	-12.248	0.003	5.547
1182	-12.248	0.002	5.547
1183	-12.248	0.002	5.300
1185	-12.248	0.002	19.534
1187	-12.248	0.003	5.304
1190	-12.248	0.003	5.305
1196	-12.248	0.003	6.394
1205	-12.248	0.003	22.067
1208	-12.248	0.003	21.616
1177	-12.248	0.003	21.616
1283	-12.246	0.004	2.926
1263	-12.246	0.004	2.926
1217	-12.246	0.002	2.238
1224	-12.246	0.002	2.250
1229	-12.246	0.002	2.879
1249	-12.246	0.002	2.879
1265	-12.246	0.002	2.879
1458	-12.228	0.006	2.265
1369	-12.226	0.007	6.775
1167	-12.216	0.005	6.783
1168	-12.216	0.005	6.769
1216	-12.213	0.005	2.756
1220	-12.213	0.005	2.754
1221	-12.213	0.005	2.754
1242	-12.213	0.005	2.759
1250	-12.213	0.005	2.744
1258	-12.213	0.005	2.744
1270	-12.213	0.005	2.765
1275	-12.213	0.005	2.764
1277	-12.213	0.005	7.096
1296	-12.213	0.005	7.096
1382	-11.978	0.032	7.942
1361	-11.975	0.043	7.939
1413	-11.970	0.043	6.461
1386	-11.969	0.043	6.483
1337	-11.969	0.043	4.730
1207	-11.966	0.045	6.429
1279	-11.966	0.043	6.430
1453	-11.966	0.044	6.431
1353	-11.965	0.044	4.787
1402	-11.965	0.044	4.788
1225	-11.963	0.043	4.788
1243	-11.963	0.043	4.767
1244	-11.963	0.043	4.803
1260	-11.963	0.043	6.447
1261	-11.963	0.043	6.448
1266	-11.963	0.043	5.331
1200	-11.960	0.045	4.720
1311	-11.959	0.043	4.721
1324	-11.958	0.043	5.759
1252	-11.957	0.043	5.342
1281	-11.957	0.043	5.342
1287	-11.957	0.043	5.312
1289	-11.957	0.043	5.311
1331	-11.953	0.044	5.782
1292	-11.321	3.932	4.841
1214	-11.316	3.937	4.820
1426	-11.069	3.262	8.952
1376	-11.067	3.262	10.883
1340	-11.067	3.262	10.908
1367	-11.067	3.262	9.598
1170	-11.067	3.261	8.892
1171	-11.067	3.261	10.156
1179	-11.067	3.261	9.625
1191	-11.067	3.261	9.626
1198	-11.067	3.261	10.179
1408	-11.066	3.262	9.289
1415	-11.066	3.262	25.916
1181	-11.066	3.261	9.289
1184	-11.066	3.261	9.288
1385	-11.065	3.262	9.274
1396	-11.063	3.261	10.215
1222	-11.044	3.262	26.598
1226	-11.044	3.262	26.076
1239	-11.044	3.262	26.073
1246	-11.044	3.262	14.421
1257	-11.044	3.262	14.421
1262	-11.044	3.262	14.062
1321	-11.044	3.262	26.166
1298	-11.043	3.263	14.056
1312	-11.043	3.262	14.829
1368	-11.043	3.268	27.517
1317	-11.041	3.261	8.848
1322	-11.033	3.270	8.722
1341	-11.009	3.263	3.118
1371	-11.009	3.263	8.666
1169	-11.009	3.262	3.129
1176	-11.009	3.262	3.123
1186	-11.009	3.262	8.069
1203	-11.006	3.263	8.071
1240	-10.985	3.263	2.785
1233	-10.985	3.263	2.822
1238	-10.985	3.263	26.660
1219	-10.985	3.263	26.670
1223	-10.985	3.263	8.967
1456	-10.974	3.282	10.027
1452	-10.918	3.260	6.410
1392	-10.915	3.260	6.410
1399	-10.914	3.260	5.407
1192	-10.914	3.259	8.231
1199	-10.914	3.259	7.779
1201	-10.914	3.259	8.230
1204	-10.914	3.259	7.774
1211	-10.914	3.258	7.774
1411	-10.913	3.260	7.774
1383	-10.912	3.260	4.853
1444	-10.910	3.260	6.410
1206	-10.909	3.259	8.210
1329	-10.893	3.260	5.403
1330	-10.893	3.260	8.232
1291	-10.892	3.260	5.405
1236	-10.891	3.260	4.799
1274	-10.891	3.260	4.800
1286	-10.891	3.260	4.801
1288	-10.891	3.260	7.936
1269	-10.890	3.260	7.935
1299	-10.890	3.260	7.932
1232	-10.886	3.260	7.934
1231	-10.886	3.260	7.940
1259	-10.886	3.260	6.459
1241	-10.664	1.879	4.786
1278	-10.664	1.879	4.787
1302	-10.664	1.879	4.787
1195	-10.647	1.880	6.445
1189	-10.647	1.881	6.447
1188	-10.647	1.880	5.329
1430	-10.416	1.934	12.569
1355	-10.415	3.306	5.449
1403	-10.400	3.396	11.568
1210	-10.399	3.401	13.067
1307	-10.398	3.400	24.195
1407	-10.365	1.863	5.699
1420	-10.355	1.863	6.784
1424	-10.341	1.863	5.732
1227	-10.329	1.863	6.817
1305	-10.326	1.863	23.334
1202	-10.311	1.864	4.831
1304	-10.242	2.954	4.820
1294	-10.241	2.955	2.878
1325	-10.241	2.954	2.878
1320	-10.241	2.954	2.878
1310	-10.240	2.954	4.852
1264	-10.240	2.954	2.881
1327	-10.235	3.383	2.880
1336	-10.217	3.778	2.948
1428	-10.213	2.959	2.883
1429	-10.213	2.960	23.494
1268	-10.180	3.383	0.024
1193	-10.165	3.388	7.861
1172	-10.150	3.735	7.866
1194	-10.150	3.735	7.866
1197	-10.149	3.734	7.867
1390	-10.131	2.950	0.000
1397	-10.113	3.388	0.000
1416	-10.090	3.741	7.748
1431	-10.090	3.741	0.156
1339	-10.088	3.763	0.195
1346	-10.088	3.763	1.434
1436	-10.088	3.763	23.556
1419	-10.087	3.763	0.164
1338	-10.084	3.354	1.441
1395	-10.069	2.955	6.596
1434	-10.062	2.957	5.407
1254	-10.062	3.766	7.779
1418	-10.051	3.389	8.225
1228	-10.049	3.734	7.774
1301	-10.049	3.733	7.774
1315	-10.049	3.733	8.217
1318	-10.049	3.733	4.871
1323	-10.049	3.734	8.889
1230	-10.048	3.734	8.889
1350	-10.042	2.951	8.882
1352	-10.042	2.952	8.890
1378	-10.042	2.952	8.885
1271	-10.037	2.952	6.400
1282	-10.037	2.952	4.799
1319	-10.037	2.952	4.801
1328	-10.037	2.952	7.922
1363	-10.037	3.743	7.936
1209	-10.034	2.952	7.935
1212	-10.019	3.768	7.934
1443	-9.997	3.981	7.932
1459	-9.997	3.981	6.459
1372	-9.986	3.986	4.765
1215	-9.985	3.986	6.437
1247	-9.985	3.986	6.446
1267	-9.985	3.986	5.328
1280	-9.985	3.986	5.329
1180	-9.984	3.985	4.719
1381	-9.984	3.985	5.760
1451	-9.974	3.349	5.758
1256	-9.963	3.347	5.341
1333	-9.963	3.347	5.342
1375	-9.956	3.348	5.780
1388	-9.956	3.348	5.392
1389	-9.951	2.361	5.310
1332	-9.947	2.361	5.313
1423	-9.913	2.945	5.373
1297	-9.891	2.359	5.265
1213	-9.888	2.360	5.803
1348	-9.810	3.989	5.449
1457	-9.767	3.988	11.410
1362	-9.757	2.354	24.194
1235	-9.593	3.881	23.508
1335	-9.593	3.880	6.380
1248	-9.593	3.880	2.959
1439	-9.583	3.740	7.867
1421	-9.577	3.485	4.824
1365	-9.567	3.883	4.829
1433	-9.560	3.146	2.161
1435	-9.560	3.146	0.194
1345	-9.555	3.147	0.164
1377	-9.555	3.147	0.207
1380	-9.555	3.147	1.441
1290	-9.552	3.147	1.721
1303	-9.552	3.147	1.759
1234	-9.531	3.749	6.410
1251	-9.512	3.680	7.779
1308	-9.512	3.678	8.230
1334	-9.512	3.680	7.779
1314	-9.511	3.759	8.225
1398	-9.511	3.675	7.774
1432	-9.396	3.152	5.403
1253	-9.395	3.696	8.232
1373	-9.373	3.153	6.500
1446	-9.329	2.983	4.801
1343	-9.236	3.162	7.934
1405	-9.236	3.162	7.934
1237	-9.229	3.164	6.460
1347	-9.213	3.685	6.459
1245	-9.213	3.685	7.941
1356	-9.213	3.684	7.932
1374	-9.213	3.684	6.460
1379	-9.213	3.683	6.460
1400	-9.213	3.685	7.932
1409	-9.213	3.683	6.429
1410	-9.213	3.685	6.427
1313	-9.212	3.686	6.429
1293	-9.212	3.688	6.429
1276	-9.212	3.688	4.760
1272	-9.212	3.664	4.787
1441	-9.176	3.483	4.761
1354	-9.175	3.481	4.802
1344	-9.175	3.481	6.446
1218	-9.166	3.960	6.446
1309	-9.127	3.476	4.719
1393	-9.094	3.666	5.310
1285	-9.092	3.669	5.781
1412	-9.092	3.671	5.388
1326	-9.091	3.664	5.388
1295	-9.091	3.689	5.394
1273	-9.088	3.624	5.394
1445	-9.087	3.674	5.374
1454	-9.082	3.489	5.374
1360	-9.082	3.652	22.364
1438	-9.081	3.490	5.373
1349	-9.081	3.490	5.374
1447	-9.080	3.490	5.803
1449	-8.997	3.245	23.105
1450	-8.997	3.245	22.543
1316	-8.984	3.249	22.549
1351	-8.983	3.250	11.567
1414	-8.896	3.259	24.194
1364	-8.894	3.260	25.285
1437	-8.732	3.860	5.731
1384	-8.658	3.862	5.730
1442	-8.658	3.862	11.931
1455	-8.587	3.716	7.211
1401	-8.563	3.509	6.817
1306	-8.518	3.662	23.269
1284	-7.933	3.943	2.676
1394	-7.899	3.993	4.831
