505	-17.584	0.000	0.000
503	-17.493	3.325	1.435
527	-17.452	3.325	1.785
507	-17.338	3.332	7.179
484	-17.314	3.331	6.653
481	-17.314	3.331	6.887
611	-17.246	0.044	7.302
593	-17.242	0.062	6.627
579	-17.032	3.310	6.287
666	-17.031	3.308	8.160
630	-17.031	3.308	8.144
826	-17.003	3.324	8.159
737	-16.982	3.317	8.155
716	-16.973	3.317	8.140
438	-16.973	3.316	8.143
745	-16.972	3.316	8.150
754	-16.972	3.317	6.630
759	-16.972	3.317	8.129
412	-16.972	3.315	8.647
404	-16.972	3.317	8.641
820	-16.971	3.322	8.648
818	-16.970	3.315	8.642
816	-16.970	3.315	6.609
821	-16.970	3.315	6.609
819	-16.970	3.315	6.253
822	-16.970	3.316	8.155
823	-16.970	3.315	6.252
825	-16.970	3.316	6.573
829	-16.970	3.316	6.573
827	-16.970	3.317	6.574
800	-16.970	3.317	8.236
462	-16.968	3.316	8.236
719	-16.956	3.316	8.231
566	-16.945	3.316	8.241
531	-16.945	3.317	6.930
529	-16.945	3.317	6.931
517	-16.944	3.316	8.221
539	-16.944	3.316	8.221
542	-16.944	3.316	6.284
521	-16.944	3.316	6.930
490	-16.944	3.316	6.545
645	-16.943	3.316	7.179
647	-16.943	3.316	6.868
648	-16.943	3.317	6.868
814	-16.943	3.344	6.870
714	-16.921	3.314	6.869
795	-16.921	3.314	6.570
728	-16.921	3.314	6.570
785	-16.921	3.315	6.570
756	-16.921	3.315	6.562
725	-16.921	3.315	6.565
789	-16.921	3.315	6.885
815	-16.921	3.315	6.884
807	-16.920	3.314	6.096
308	-16.919	3.314	6.534
351	-16.918	3.314	6.532
560	-16.910	3.315	6.084
679	-16.909	3.313	6.068
670	-16.909	3.315	6.064
680	-16.909	3.315	6.105
658	-16.908	3.312	5.727
626	-16.908	3.315	5.679
651	-16.908	3.315	6.104
631	-16.908	3.315	5.723
660	-16.904	3.314	5.679
222	-16.904	3.324	5.679
760	-16.904	3.317	5.724
246	-16.903	3.315	6.516
604	-16.901	3.334	5.109
105	-16.894	3.335	5.112
307	-16.852	3.325	5.112
742	-16.843	1.001	5.109
342	-16.780	3.322	5.109
540	-16.546	3.105	6.134
501	-16.546	3.105	6.139
482	-16.545	3.105	6.133
824	-16.533	3.410	6.132
693	-16.191	0.966	4.814
479	-16.074	1.090	4.813
224	-16.004	0.994	4.814
711	-15.884	3.023	6.419
705	-15.884	3.023	5.053
739	-15.873	0.965	5.050
724	-15.873	3.022	5.050
746	-15.872	3.019	6.267
495	-15.866	3.023	6.085
513	-15.866	3.023	6.085
534	-15.866	3.023	6.158
673	-15.865	3.023	19.530
520	-15.865	3.023	19.429
690	-15.854	3.022	5.548
682	-15.854	3.023	5.548
497	-15.836	3.023	5.547
512	-15.836	3.023	19.535
485	-15.835	3.023	19.535
494	-15.835	3.023	5.305
602	-15.835	3.023	5.549
637	-15.834	3.023	6.987
638	-15.834	3.023	21.616
622	-15.833	3.023	21.615
741	-15.813	3.017	21.612
131	-15.808	0.966	2.925
553	-15.807	3.022	2.925
554	-15.807	3.022	2.238
457	-15.806	3.018	2.238
170	-15.805	0.954	2.878
460	-15.804	3.026	2.879
379	-15.799	3.019	2.878
442	-15.799	3.018	2.878
415	-15.798	3.016	2.878
423	-15.798	3.018	2.880
718	-15.779	3.017	2.429
787	-15.778	3.018	5.905
788	-15.778	3.018	2.426
808	-15.776	3.018	2.255
377	-15.769	3.018	2.426
304	-15.765	3.017	20.282
111	-15.760	3.014	20.449
687	-15.760	3.018	2.424
609	-15.759	3.017	2.435
489	-15.759	3.016	5.907
608	-15.759	3.017	2.265
597	-15.759	3.018	6.774
548	-15.759	3.018	6.782
561	-15.759	3.018	6.782
596	-15.759	3.018	6.782
633	-15.758	3.017	2.273
364	-15.757	3.018	6.776
361	-15.757	3.018	2.754
339	-15.757	3.018	2.755
662	-15.756	3.018	2.751
685	-15.754	0.960	2.755
781	-15.745	3.028	2.742
612	-15.731	3.017	2.742
286	-15.722	0.855	2.741
762	-15.673	3.032	2.763
704	-15.657	0.974	2.763
699	-15.657	0.984	7.095
726	-15.653	1.025	7.095
747	-15.650	0.974	7.095
605	-15.650	0.982	2.721
606	-15.647	1.002	7.097
607	-15.646	1.012	7.172
570	-15.644	0.976	7.182
688	-15.643	1.008	7.116
643	-15.642	0.978	20.682
683	-15.642	0.983	20.702
530	-15.641	1.002	7.197
712	-15.640	0.998	0.159
525	-15.640	0.984	6.455
625	-15.639	1.006	0.027
763	-15.639	1.035	0.028
587	-15.638	0.978	2.144
586	-15.634	1.016	2.151
365	-15.628	0.973	2.151
779	-15.627	0.969	2.152
755	-15.627	0.969	0.001
1772	-15.619	3.008	6.456
321	-15.613	2.958	6.456
686	-15.605	1.164	9.035
568	-15.602	0.971	9.033
499	-15.601	0.972	1.990
500	-15.601	0.972	6.401
487	-15.601	0.971	6.392
486	-15.600	0.970	6.401
713	-15.600	0.971	20.803
730	-15.600	0.971	6.401
731	-15.600	0.971	6.401
720	-15.600	0.971	5.940
710	-15.600	0.969	10.193
708	-15.600	0.972	7.696
721	-15.600	0.972	7.010
522	-15.599	0.972	6.886
518	-15.598	0.976	6.887
700	-15.597	0.971	7.302
496	-15.597	0.979	6.628
794	-15.590	0.971	6.287
775	-15.590	0.971	8.147
804	-15.590	0.973	8.159
536	-15.583	0.971	8.147
509	-15.583	0.971	8.155
528	-15.583	1.007	8.141
809	-15.583	0.975	8.144
541	-15.582	0.972	8.150
675	-15.581	0.971	7.310
676	-15.581	0.971	8.647
483	-15.581	0.971	8.647
632	-15.581	0.971	8.642
634	-15.581	0.971	8.648
635	-15.581	0.971	8.127
649	-15.581	0.971	6.610
519	-15.580	0.971	6.252
784	-15.573	0.985	8.155
623	-15.566	0.969	7.365
368	-15.552	0.990	6.875
636	-15.551	0.989	6.574
1816	-15.538	0.985	6.574
1835	-15.518	0.986	6.570
1803	-15.516	1.040	8.236
1792	-15.508	1.044	8.236
353	-15.504	0.972	8.241
352	-15.474	1.082	8.241
1832	-15.461	1.173	6.931
1768	-15.384	1.067	6.931
656	-15.374	3.161	8.221
1729	-15.273	2.328	8.231
463	-15.252	2.156	6.930
219	-15.230	1.616	6.929
1716	-15.219	1.473	6.281
664	-15.206	1.490	6.838
249	-15.158	1.310	6.868
616	-15.135	0.213	6.868
654	-15.131	0.269	6.869
551	-15.061	0.493	6.869
764	-15.053	1.267	6.570
1822	-15.047	1.569	6.570
580	-14.993	2.589	6.571
478	-14.932	3.723	6.516
296	-14.909	1.736	6.845
498	-14.893	2.176	6.885
443	-14.839	1.452	6.899
1706	-14.828	2.417	6.096
1711	-14.824	2.384	6.535
768	-14.797	1.535	6.085
751	-14.754	1.993	6.064
1824	-14.711	1.924	6.065
1811	-14.709	2.033	6.105
639	-14.691	3.304	6.105
480	-14.678	2.706	5.679
493	-14.678	2.706	5.724
511	-14.677	2.706	5.723
533	-14.677	2.706	5.679
555	-14.677	2.706	5.724
563	-14.677	2.706	6.103
567	-14.677	2.706	6.516
578	-14.677	2.706	5.110
581	-14.677	2.706	5.112
613	-14.676	2.706	5.109
624	-14.676	2.706	5.109
628	-14.676	2.706	5.119
657	-14.676	2.706	6.140
538	-14.676	2.706	6.134
544	-14.676	2.706	5.116
185	-14.660	2.048	4.814
454	-14.651	2.652	4.814
403	-14.619	2.655	4.814
417	-14.619	2.655	4.814
419	-14.619	2.657	6.419
358	-14.614	2.655	5.053
302	-14.614	2.655	5.050
330	-14.613	2.655	5.050
599	-14.611	2.656	6.267
601	-14.611	2.656	6.085
323	-14.611	2.656	6.088
326	-14.611	2.656	19.443
707	-14.611	2.656	20.084
709	-14.611	2.656	19.425
723	-14.611	2.656	5.547
504	-14.609	2.656	5.547
535	-14.608	2.656	5.300
696	-14.608	2.657	19.535
702	-14.607	2.656	5.305
642	-14.606	2.656	5.305
644	-14.606	2.656	6.110
786	-14.606	2.657	6.978
790	-14.606	2.657	21.616
671	-14.605	2.656	21.616
678	-14.605	2.656	22.469
665	-14.605	2.656	2.926
749	-14.605	2.657	2.926
514	-14.603	3.296	2.239
546	-14.603	2.657	2.241
591	-14.603	2.657	2.878
84	-14.599	2.658	2.878
550	-14.597	2.657	2.878
74	-14.584	3.852	2.879
85	-14.583	3.852	2.878
70	-14.582	3.852	2.881
179	-14.565	1.963	20.284
282	-14.538	3.850	5.904
574	-14.528	3.849	2.426
583	-14.528	3.849	2.426
589	-14.526	3.849	2.426
592	-14.526	3.849	20.450
620	-14.526	3.849	2.424
629	-14.525	3.849	2.434
738	-14.511	2.438	5.906
1739	-14.483	2.427	5.910
65	-14.420	2.711	6.775
210	-14.382	2.416	6.783
266	-14.381	2.347	6.783
107	-14.379	2.408	6.783
18	-14.378	2.419	2.273
1709	-14.378	2.428	6.775
766	-14.378	3.566	2.755
772	-14.378	3.566	2.753
373	-14.378	3.568	2.748
791	-14.377	3.566	2.756
734	-14.376	2.385	2.743
806	-14.376	3.567	2.743
1725	-14.375	2.412	2.764
765	-14.375	3.564	2.764
380	-14.375	3.565	7.095
187	-14.370	2.347	7.095
143	-14.370	2.450	7.095
33	-14.369	2.270	2.721
34	-14.369	2.367	7.105
36	-14.366	2.436	7.183
104	-14.364	2.483	7.175
582	-14.363	3.564	7.118
20	-14.362	2.482	20.682
652	-14.362	3.566	20.702
614	-14.362	3.566	0.159
641	-14.361	3.568	7.210
45	-14.360	2.366	6.455
89	-14.356	2.469	2.150
575	-14.354	2.370	2.151
576	-14.354	2.370	2.151
1717	-14.352	2.573	2.150
171	-14.351	3.566	6.456
163	-14.349	3.566	6.456
98	-14.339	2.627	9.035
283	-14.339	3.568	9.036
565	-14.329	3.009	2.049
62	-14.329	3.567	5.452
621	-14.326	3.817	5.434
773	-14.318	2.689	6.392
695	-14.310	3.718	20.803
557	-14.306	3.720	20.802
39	-14.287	1.933	6.402
735	-14.252	3.726	5.940
220	-14.249	2.642	7.697
691	-14.249	2.643	7.697
42	-14.248	2.642	6.887
112	-14.248	2.642	8.158
100	-14.247	2.641	7.302
694	-14.241	3.726	6.287
811	-14.217	2.396	8.159
244	-14.185	2.044	7.311
173	-14.182	2.011	8.647
603	-14.174	2.409	8.641
510	-14.167	2.397	8.644
502	-14.164	2.445	8.648
562	-14.162	2.410	6.609
558	-14.157	2.479	6.610
545	-14.154	2.162	6.253
810	-14.138	2.392	8.155
828	-14.136	3.719	7.363
446	-14.133	3.722	6.573
523	-14.115	3.662	6.574
391	-14.104	2.408	6.574
154	-14.101	2.346	8.236
106	-14.087	2.602	8.236
769	-14.083	2.408	8.236
488	-14.082	3.725	8.241
598	-14.082	3.714	8.233
572	-14.082	3.714	6.932
150	-14.077	2.655	6.931
41	-14.075	3.838	8.221
281	-14.074	3.779	8.231
464	-14.073	2.665	6.930
265	-14.071	3.839	6.952
459	-14.069	3.710	8.217
126	-14.068	1.966	6.868
729	-14.065	3.715	6.868
1705	-14.065	3.836	6.870
771	-14.064	3.716	6.869
780	-14.064	3.713	6.570
778	-14.064	3.713	6.570
799	-14.064	3.712	6.570
757	-14.064	3.714	6.514
812	-14.064	3.713	6.565
777	-14.064	3.712	6.885
706	-14.063	3.721	7.289
744	-14.063	3.715	6.903
793	-14.063	3.712	6.535
803	-14.062	3.713	6.534
239	-14.062	2.597	6.085
732	-14.061	3.662	6.068
722	-14.061	3.662	6.065
437	-14.061	3.714	5.682
697	-14.050	3.714	6.105
689	-14.049	3.713	5.679
569	-14.048	3.662	6.104
701	-14.046	3.712	5.723
650	-14.046	3.712	5.722
663	-14.045	3.720	5.679
271	-14.044	2.455	5.725
335	-14.041	3.716	6.516
3	-14.035	3.826	5.113
9	-14.035	3.826	5.110
5	-14.035	3.826	19.240
7	-14.035	3.826	5.109
13	-14.035	3.826	5.109
22	-14.032	3.826	6.134
25	-14.032	3.827	6.140
48	-14.032	3.830	6.134
35	-14.031	3.803	6.134
234	-14.031	3.826	4.814
200	-14.029	3.826	4.814
212	-14.029	3.825	4.814
214	-14.029	3.826	6.419
218	-14.029	3.825	5.052
174	-14.029	3.825	5.053
178	-14.029	3.825	5.050
251	-14.029	3.826	6.266
203	-14.029	3.815	6.103
99	-14.028	3.826	6.085
146	-14.028	3.825	6.088
155	-14.028	3.826	20.045
267	-14.028	3.826	19.429
476	-14.004	3.715	5.547
91	-14.002	3.831	5.547
191	-13.998	3.816	5.547
275	-13.994	3.311	19.533
1732	-13.993	2.865	19.535
188	-13.977	2.600	5.305
208	-13.968	2.608	5.548
1778	-13.967	2.406	6.986
1796	-13.963	2.402	21.616
573	-13.944	2.206	22.520
559	-13.942	2.212	2.925
1750	-13.942	2.447	2.926
79	-13.935	2.649	2.908
284	-13.931	2.650	2.238
289	-13.931	2.649	2.878
287	-13.924	3.821	2.878
1837	-13.917	2.294	2.879
83	-13.915	3.847	2.879
255	-13.906	2.417	2.879
424	-13.884	3.840	2.256
549	-13.854	3.838	2.423
692	-13.841	2.842	5.906
12	-13.841	2.842	2.266
44	-13.839	2.842	6.775
736	-13.839	2.843	6.783
252	-13.838	2.840	6.782
1742	-13.820	2.643	2.743
674	-13.805	2.546	2.741
669	-13.804	2.542	2.764
640	-13.795	2.214	7.095
681	-13.795	2.214	7.095
524	-13.792	2.214	2.720
532	-13.792	2.214	7.105
564	-13.786	2.216	6.683
305	-13.778	3.824	0.159
68	-13.776	2.495	6.455
748	-13.768	2.158	0.026
646	-13.766	2.236	0.025
655	-13.749	2.543	2.150
439	-13.747	2.213	6.437
141	-13.747	3.823	6.456
761	-13.742	2.210	6.456
792	-13.742	2.212	9.036
750	-13.742	2.214	9.036
753	-13.742	2.212	4.438
595	-13.736	2.517	4.453
1700	-13.731	2.826	6.390
376	-13.730	2.539	5.940
383	-13.729	2.540	7.697
161	-13.729	2.843	7.179
346	-13.724	2.540	7.302
349	-13.723	2.538	6.628
345	-13.723	2.534	6.287
314	-13.721	2.538	8.147
717	-13.718	2.538	8.159
46	-13.709	2.575	8.160
148	-13.709	2.562	8.155
774	-13.708	2.538	8.140
797	-13.708	2.538	8.144
752	-13.708	2.538	8.150
10	-13.695	2.835	8.130
24	-13.690	2.837	8.236
370	-13.687	1.910	8.232
1800	-13.649	2.178	5.727
1831	-13.647	2.232	5.679
378	-13.638	2.251	5.680
197	-13.637	2.519	5.723
334	-13.592	2.358	5.725
668	-13.587	2.355	6.516
475	-13.511	2.607	5.109
588	-13.508	3.353	5.108
466	-13.407	3.539	6.134
506	-13.370	3.281	6.133
743	-13.365	3.280	6.132
51	-13.286	3.993	4.814
241	-13.173	3.518	6.419
237	-13.173	3.515	5.053
590	-13.171	3.621	5.050
450	-13.126	3.507	5.050
802	-13.107	3.620	6.085
537	-13.087	3.605	6.088
80	-13.079	3.300	6.478
1780	-13.059	3.792	20.033
492	-13.025	3.612	5.305
354	-13.012	3.771	20.016
325	-13.011	3.771	6.978
796	-13.009	3.772	21.616
299	-12.971	3.779	2.925
320	-12.968	3.778	2.925
430	-12.966	3.762	2.238
516	-12.963	2.992	2.238
444	-12.936	3.258	2.878
355	-12.932	3.610	2.878
677	-12.909	3.261	2.878
600	-12.908	3.260	2.426
288	-12.905	2.557	2.255
324	-12.903	3.259	2.426
73	-12.898	3.259	2.424
82	-12.898	3.259	20.448
256	-12.887	3.608	2.424
615	-12.887	3.610	20.284
169	-12.887	3.259	2.430
215	-12.887	3.258	2.265
594	-12.875	3.260	6.775
257	-12.875	3.257	6.783
274	-12.874	3.257	6.783
280	-12.830	3.254	6.783
758	-12.830	3.218	2.273
798	-12.827	2.719	6.776
470	-12.811	2.835	2.754
801	-12.805	2.857	2.742
149	-12.802	2.809	2.743
471	-12.754	2.907	2.764
782	-12.747	2.719	7.095
813	-12.746	2.718	7.095
571	-12.718	3.314	7.114
90	-12.695	3.310	20.682
1784	-12.683	2.962	20.702
273	-12.681	2.918	0.159
4	-12.672	3.610	7.214
297	-12.658	3.272	0.026
129	-12.628	3.354	9.033
338	-12.362	3.315	19.241
72	-12.224	3.590	6.776
235	-12.047	3.075	8.890
204	-11.966	3.825	6.428
413	-11.900	3.702	5.374
1730	-11.752	3.571	0.195
285	-10.966	3.644	4.938
