854	-12.421	0.000	6.571
863	-12.421	0.001	6.572
876	-12.421	0.000	6.566
882	-12.421	0.000	6.907
951	-12.421	0.000	6.886
961	-12.421	0.000	6.771
998	-12.421	0.000	6.098
1005	-12.421	0.000	6.536
1020	-12.421	0.000	6.085
1030	-12.421	0.000	5.686
1035	-12.421	0.000	6.065
1062	-12.421	0.000	6.065
1076	-12.421	0.000	6.106
1158	-12.421	0.000	5.680
896	-12.420	0.001	5.681
1058	-12.420	0.001	5.724
900	-12.390	0.002	5.724
855	-12.390	0.005	5.680
846	-12.390	0.005	5.725
851	-12.390	0.005	6.104
860	-12.390	0.005	5.110
