700	-10.279	0.000	24.951
701	-10.279	0.000	24.952
785	-10.279	0.000	19.505
833	-10.279	0.000	6.023
848	-10.279	0.000	5.995
891	-10.279	0.000	5.753
905	-10.279	0.000	7.373
911	-10.279	0.000	6.407
912	-10.279	0.000	3.973
913	-10.279	0.000	25.511
914	-10.279	0.001	5.493
925	-10.279	0.000	25.327
926	-10.279	0.000	25.020
927	-10.279	0.000	8.294
928	-10.279	0.000	5.738
929	-10.279	0.000	25.154
931	-10.279	0.000	8.759
932	-10.279	0.000	10.064
933	-10.279	0.000	10.068
934	-10.279	0.000	25.339
935	-10.279	0.000	25.659
936	-10.279	0.000	5.741
937	-10.279	0.000	6.776
942	-10.279	0.000	5.881
943	-10.279	0.000	19.580
944	-10.279	0.000	4.685
945	-10.279	0.000	3.027
946	-10.279	0.000	25.308
951	-10.279	0.000	6.389
955	-10.279	0.000	25.583
959	-10.279	0.000	25.577
960	-10.279	0.000	20.047
981	-10.279	0.000	26.245
983	-10.279	0.000	26.355
985	-10.279	0.000	6.903
986	-10.279	0.000	26.354
987	-10.279	0.000	6.528
988	-10.279	0.000	26.265
1079	-10.279	0.000	25.827
1082	-10.279	0.000	26.347
1088	-10.279	0.000	5.636
1091	-10.279	0.000	6.127
1092	-10.279	0.000	6.303
1094	-10.279	0.000	6.326
1101	-10.279	0.000	4.417
994	-10.278	0.001	4.410
995	-10.278	0.001	4.412
996	-10.278	0.001	4.411
997	-10.278	0.001	4.411
998	-10.278	0.001	4.411
999	-10.278	0.001	4.362
1000	-10.278	0.001	3.993
1001	-10.278	0.001	3.994
1022	-10.278	0.001	3.995
1023	-10.278	0.001	3.989
1024	-10.278	0.001	3.991
1031	-10.278	0.001	2.650
1032	-10.278	0.001	2.715
1033	-10.278	0.001	4.266
1034	-10.278	0.001	2.613
1038	-10.278	0.001	2.619
1039	-10.278	0.001	2.625
1052	-10.278	0.001	2.853
1055	-10.278	0.001	2.489
1058	-10.278	0.001	3.821
1059	-10.278	0.001	0.108
1064	-10.278	0.001	0.046
989	-10.275	0.001	0.046
990	-10.275	0.001	0.047
991	-10.275	0.001	2.583
992	-10.275	0.001	3.820
809	-10.226	0.011	3.859
893	-10.226	0.011	3.857
982	-10.226	0.011	2.612
984	-10.226	0.011	2.641
1021	-10.224	0.011	3.056
702	-10.217	0.015	2.652
908	-10.217	0.015	2.628
956	-10.217	0.015	3.465
957	-10.217	0.015	3.458
1072	-10.217	0.015	3.455
1073	-10.217	0.015	1.903
1074	-10.217	0.015	1.914
1076	-10.217	0.015	2.643
1080	-10.217	0.015	3.810
1081	-10.217	0.015	1.205
1083	-10.217	0.015	3.816
1084	-10.217	0.015	3.103
1085	-10.217	0.015	2.935
1009	-10.213	0.017	3.728
1010	-10.213	0.016	2.919
1011	-10.213	0.016	18.614
1012	-10.213	0.016	18.609
1013	-10.213	0.016	9.184
1014	-10.213	0.016	9.184
1015	-10.213	0.016	2.660
1016	-10.213	0.017	3.788
1017	-10.213	0.016	3.803
1018	-10.213	0.016	3.292
1027	-10.213	0.016	3.293
1028	-10.213	0.016	2.226
1029	-10.213	0.016	2.270
1035	-10.213	0.016	3.109
1037	-10.213	0.016	2.295
1042	-10.213	0.016	10.425
1043	-10.213	0.016	20.223
1044	-10.213	0.016	20.218
1054	-10.213	0.016	20.218
1056	-10.213	0.016	20.219
1067	-10.213	0.016	20.455
1068	-10.213	0.016	20.455
1069	-10.213	0.016	19.063
681	-10.187	0.009	25.015
682	-10.187	0.009	25.014
683	-10.187	0.009	25.015
684	-10.187	0.009	3.623
685	-10.187	0.009	25.014
686	-10.187	0.009	25.015
687	-10.187	0.009	20.105
690	-10.187	0.009	20.105
1095	-10.183	0.009	9.308
1102	-10.183	0.009	20.099
660	-10.183	0.009	10.466
661	-10.183	0.009	19.777
662	-10.183	0.009	25.008
663	-10.183	0.009	25.009
664	-10.183	0.009	3.669
665	-10.183	0.009	18.967
666	-10.183	0.009	18.966
667	-10.183	0.009	19.001
668	-10.183	0.009	18.982
669	-10.183	0.009	18.984
670	-10.183	0.009	18.934
671	-10.183	0.009	18.981
672	-10.183	0.009	19.026
673	-10.183	0.009	4.833
674	-10.183	0.009	19.484
675	-10.183	0.009	8.463
676	-10.183	0.009	1.760
677	-10.183	0.009	19.702
678	-10.183	0.009	20.143
679	-10.183	0.009	8.415
691	-10.170	0.009	8.346
692	-10.170	0.009	8.346
693	-10.170	0.009	8.418
694	-10.170	0.009	8.418
695	-10.170	0.009	8.307
696	-10.170	0.009	19.488
745	-10.170	0.009	5.290
746	-10.170	0.009	8.786
760	-10.170	0.009	8.786
761	-10.170	0.009	8.321
763	-10.170	0.009	8.792
764	-10.170	0.009	7.797
765	-10.170	0.009	5.597
766	-10.170	0.009	24.950
767	-10.170	0.009	8.403
769	-10.170	0.009	8.313
777	-10.170	0.009	7.840
778	-10.170	0.009	24.955
779	-10.170	0.009	5.628
780	-10.170	0.009	5.625
781	-10.170	0.009	24.947
782	-10.170	0.009	7.844
704	-10.166	0.009	5.621
705	-10.166	0.009	8.397
713	-10.166	0.009	5.649
714	-10.166	0.009	24.953
716	-10.166	0.009	24.953
717	-10.166	0.009	19.450
718	-10.166	0.009	19.754
719	-10.166	0.009	6.038
720	-10.166	0.009	5.756
721	-10.166	0.009	7.384
723	-10.166	0.009	5.987
724	-10.166	0.009	5.680
725	-10.166	0.009	5.496
726	-10.166	0.009	6.416
727	-10.166	0.009	25.327
728	-10.166	0.009	10.793
730	-10.166	0.009	8.294
731	-10.166	0.009	5.735
732	-10.166	0.009	25.154
733	-10.166	0.009	8.760
737	-10.166	0.009	10.064
738	-10.166	0.009	10.068
739	-10.166	0.009	25.340
740	-10.166	0.009	6.661
741	-10.166	0.009	5.888
786	-10.166	0.009	4.449
787	-10.166	0.009	6.619
788	-10.166	0.009	19.577
789	-10.166	0.009	6.600
790	-10.166	0.009	19.697
791	-10.166	0.009	5.166
792	-10.166	0.009	5.187
793	-10.166	0.009	25.583
794	-10.166	0.009	25.577
795	-10.166	0.009	19.333
796	-10.166	0.009	26.245
797	-10.166	0.009	26.354
798	-10.166	0.009	26.265
799	-10.166	0.009	26.329
800	-10.166	0.009	6.526
801	-10.166	0.009	26.265
802	-10.166	0.009	25.827
803	-10.166	0.009	26.343
804	-10.166	0.009	5.947
805	-10.166	0.009	7.584
806	-10.166	0.009	6.304
807	-10.166	0.009	5.677
808	-10.166	0.009	4.415
811	-10.166	0.009	4.411
812	-10.166	0.009	4.411
813	-10.166	0.009	4.409
814	-10.166	0.009	4.409
815	-10.166	0.009	4.410
816	-10.166	0.009	4.416
817	-10.166	0.009	3.991
818	-10.166	0.009	3.992
820	-10.166	0.009	3.994
821	-10.166	0.009	3.988
822	-10.166	0.009	3.990
823	-10.166	0.009	3.913
824	-10.166	0.009	2.683
825	-10.166	0.009	3.940
826	-10.166	0.009	2.624
827	-10.166	0.009	2.622
832	-10.166	0.009	2.627
835	-10.166	0.009	2.742
836	-10.166	0.009	2.644
837	-10.166	0.009	3.180
838	-10.166	0.009	0.107
839	-10.166	0.009	0.041
840	-10.166	0.009	0.045
842	-10.166	0.009	0.046
843	-10.166	0.009	1.938
849	-10.166	0.009	0.108
850	-10.166	0.009	2.636
851	-10.166	0.009	2.620
853	-10.166	0.009	3.035
854	-10.166	0.009	3.464
856	-10.166	0.009	2.627
859	-10.166	0.009	2.630
860	-10.166	0.009	0.056
861	-10.166	0.009	0.911
863	-10.166	0.009	3.461
864	-10.166	0.009	3.464
865	-10.166	0.009	1.918
866	-10.166	0.009	1.916
867	-10.166	0.009	2.642
868	-10.166	0.009	1.897
870	-10.166	0.009	9.176
871	-10.166	0.009	9.179
872	-10.166	0.009	3.103
873	-10.166	0.009	3.814
874	-10.166	0.009	2.822
875	-10.166	0.009	2.919
876	-10.166	0.009	1.191
877	-10.166	0.009	18.609
878	-10.166	0.009	9.186
880	-10.166	0.009	9.185
881	-10.166	0.009	2.660
882	-10.166	0.009	3.442
883	-10.166	0.009	3.100
884	-10.166	0.009	3.711
885	-10.166	0.009	2.227
886	-10.166	0.009	2.225
887	-10.166	0.009	3.259
888	-10.166	0.009	3.261
889	-10.166	0.009	3.102
890	-10.166	0.009	2.550
892	-10.166	0.009	20.222
894	-10.166	0.009	20.218
895	-10.166	0.009	20.217
896	-10.166	0.009	2.413
897	-10.166	0.009	20.454
898	-10.166	0.009	20.454
899	-10.166	0.009	3.445
900	-10.166	0.009	25.015
901	-10.166	0.009	25.014
902	-10.166	0.009	25.015
903	-10.166	0.009	3.624
904	-10.166	0.009	3.641
906	-10.166	0.009	25.015
907	-10.166	0.009	20.104
909	-10.166	0.009	20.105
910	-10.166	0.009	9.309
915	-10.166	0.009	20.099
916	-10.166	0.009	10.467
917	-10.166	0.009	19.777
918	-10.166	0.009	25.008
919	-10.166	0.009	25.009
921	-10.166	0.009	19.779
922	-10.166	0.009	18.966
923	-10.166	0.009	18.966
924	-10.166	0.009	18.964
930	-10.166	0.009	18.982
938	-10.166	0.009	18.982
947	-10.166	0.009	18.980
948	-10.166	0.009	18.980
949	-10.166	0.009	18.950
950	-10.166	0.009	4.076
952	-10.166	0.009	19.483
953	-10.166	0.009	8.464
954	-10.166	0.009	8.502
958	-10.166	0.009	5.950
961	-10.166	0.009	20.142
962	-10.166	0.009	8.344
964	-10.166	0.009	8.347
965	-10.166	0.009	8.348
966	-10.166	0.009	8.420
967	-10.166	0.009	8.420
968	-10.166	0.009	8.308
969	-10.166	0.009	19.491
970	-10.166	0.009	19.519
971	-10.166	0.009	8.787
972	-10.166	0.009	8.787
973	-10.166	0.009	8.322
974	-10.166	0.009	8.793
975	-10.166	0.009	19.913
976	-10.166	0.009	8.376
977	-10.166	0.009	5.592
978	-10.166	0.009	8.403
979	-10.166	0.009	24.950
980	-10.166	0.009	7.844
1075	-10.166	0.009	8.554
1078	-10.166	0.009	5.624
993	-10.162	0.010	8.397
1002	-10.162	0.010	24.947
1003	-10.162	0.010	7.843
1025	-10.162	0.010	5.633
1026	-10.162	0.010	8.398
1040	-10.162	0.010	5.739
1041	-10.162	0.010	24.952
1057	-10.162	0.010	24.952
1060	-10.162	0.010	19.463
1061	-10.162	0.010	25.529
1062	-10.162	0.010	8.489
1063	-10.162	0.010	5.742
1065	-10.162	0.010	25.674
1070	-10.162	0.010	6.038
680	-10.150	0.016	25.511
688	-10.150	0.016	5.498
689	-10.150	0.016	6.415
697	-10.150	0.016	25.327
698	-10.150	0.016	10.791
699	-10.150	0.016	25.022
742	-10.150	0.016	25.344
743	-10.150	0.016	25.021
744	-10.150	0.016	8.761
747	-10.150	0.016	10.065
748	-10.150	0.016	10.069
749	-10.150	0.016	25.340
750	-10.150	0.016	6.649
751	-10.150	0.016	5.883
752	-10.150	0.016	6.243
753	-10.150	0.016	5.877
754	-10.150	0.016	19.576
755	-10.150	0.016	6.604
756	-10.150	0.016	19.715
757	-10.150	0.016	5.232
758	-10.150	0.016	25.532
759	-10.150	0.016	25.583
762	-10.150	0.016	25.579
768	-10.150	0.016	19.333
770	-10.150	0.016	4.341
771	-10.150	0.016	26.354
772	-10.150	0.016	6.381
773	-10.150	0.016	26.359
774	-10.150	0.016	6.528
775	-10.150	0.016	6.525
783	-10.150	0.016	7.157
784	-10.150	0.016	5.357
703	-10.146	0.017	19.589
706	-10.146	0.017	27.053
707	-10.146	0.017	6.305
708	-10.146	0.017	6.104
709	-10.146	0.017	3.753
710	-10.146	0.017	3.780
711	-10.146	0.017	3.788
712	-10.146	0.017	3.783
715	-10.146	0.017	3.791
729	-10.146	0.017	3.793
810	-10.146	0.017	3.742
819	-10.146	0.017	3.635
828	-10.146	0.017	2.574
829	-10.146	0.017	3.702
830	-10.146	0.017	2.578
831	-10.146	0.017	2.579
834	-10.146	0.017	3.754
844	-10.146	0.017	3.680
845	-10.146	0.017	3.676
846	-10.146	0.017	3.680
847	-10.146	0.017	3.680
862	-10.146	0.017	3.681
869	-10.146	0.017	3.686
879	-10.146	0.017	3.735
920	-10.146	0.017	3.386
939	-10.146	0.017	3.496
940	-10.146	0.017	3.435
941	-10.146	0.017	3.478
1100	-10.146	0.017	3.478
1071	-10.129	0.016	3.653
1077	-10.129	0.016	3.433
1086	-10.129	0.016	1.327
1087	-10.129	0.016	3.356
1089	-10.129	0.016	3.690
1090	-10.129	0.016	0.035
1093	-10.129	0.016	0.000
1096	-10.129	0.016	3.503
1097	-10.129	0.016	3.254
1098	-10.129	0.016	0.088
1099	-10.129	0.016	0.062
1103	-10.129	0.016	0.063
1104	-10.129	0.016	3.704
1105	-10.129	0.016	3.699
1106	-10.129	0.016	3.317
1107	-10.129	0.016	3.339
1108	-10.129	0.016	3.682
1109	-10.129	0.016	10.707
1110	-10.129	0.016	18.994
1004	-8.319	2.081	26.407
1005	-8.319	2.081	11.165
1006	-8.319	2.081	19.707
1007	-8.319	2.081	6.818
1008	-8.319	2.081	25.833
1019	-8.319	2.081	7.722
1020	-8.319	2.081	8.625
1030	-8.319	2.081	26.302
1045	-8.319	2.081	19.598
1046	-8.319	2.081	20.130
1047	-8.319	2.081	6.032
1048	-8.319	2.081	7.190
1049	-8.319	2.081	7.370
1050	-8.319	2.081	7.683
1051	-8.319	2.081	26.624
1053	-8.319	2.081	25.923
1066	-8.319	2.081	26.619
963	-8.260	2.078	7.282
1036	-8.069	2.120	21.190
776	-8.056	2.120	9.026
722	-8.052	2.121	9.025
734	-8.052	2.121	9.064
735	-8.052	2.121	9.064
736	-8.052	2.121	8.972
841	-8.052	2.121	2.963
852	-8.052	2.121	21.199
855	-8.052	2.121	10.187
857	-8.052	2.121	10.186
858	-8.052	2.121	10.190
