1128	-8.246	0.000	8.586
1129	-8.246	0.000	7.998
1132	-8.246	0.000	20.293
1133	-8.246	0.000	6.465
1111	-8.242	0.001	6.832
1114	-8.242	0.001	7.274
1450	-8.151	0.103	6.755
1451	-8.151	0.103	4.095
1454	-8.151	0.103	5.869
1455	-8.151	0.103	5.884
1456	-8.151	0.103	5.880
1474	-8.151	0.103	5.841
1476	-8.151	0.103	5.882
1402	-8.150	0.103	5.890
1403	-8.150	0.103	4.117
1404	-8.150	0.103	4.549
1405	-8.150	0.103	4.550
1406	-8.150	0.103	4.555
1426	-8.150	0.103	4.551
1427	-8.150	0.103	4.472
1437	-8.150	0.103	4.072
1150	-8.139	0.109	4.123
1181	-8.139	0.109	4.104
1182	-8.139	0.109	4.106
1389	-8.139	0.109	4.104
1390	-8.139	0.109	4.000
1483	-8.105	0.125	3.548
1373	-8.101	0.126	3.952
1381	-8.101	0.126	3.030
1386	-8.101	0.126	3.030
1365	-8.101	0.126	3.042
1366	-8.101	0.126	3.042
1367	-8.101	0.126	3.042
1475	-8.096	0.079	2.835
1412	-8.095	0.080	3.959
1419	-8.095	0.080	2.457
1435	-8.095	0.079	3.583
1409	-8.091	0.091	3.874
1431	-8.091	0.091	3.056
1147	-8.083	0.085	2.743
1148	-8.083	0.085	5.027
1151	-8.083	0.085	3.062
1153	-8.083	0.085	4.015
1154	-8.083	0.085	4.015
1156	-8.083	0.085	2.837
1175	-8.083	0.085	2.837
1178	-8.083	0.085	1.697
1179	-8.083	0.085	3.070
1184	-8.083	0.085	3.868
1193	-8.083	0.085	10.367
1195	-8.083	0.085	3.428
1196	-8.083	0.085	3.094
1197	-8.083	0.085	3.424
1201	-8.083	0.085	2.331
1202	-8.083	0.085	3.518
1214	-8.083	0.085	20.343
1222	-8.083	0.085	10.385
1225	-8.083	0.085	10.385
1226	-8.083	0.085	3.535
1227	-8.083	0.085	3.483
1228	-8.083	0.085	4.033
1229	-8.083	0.085	3.546
1141	-8.079	0.097	11.597
1146	-8.079	0.097	20.743
1155	-8.079	0.097	20.744
1157	-8.079	0.097	20.742
1158	-8.079	0.097	20.759
1162	-8.079	0.097	20.759
1183	-8.079	0.097	20.732
1185	-8.079	0.097	20.757
1186	-8.079	0.097	20.754
1190	-8.079	0.097	4.435
1198	-8.079	0.097	21.194
1200	-8.079	0.097	21.154
1207	-8.079	0.097	9.130
1208	-8.079	0.097	5.267
1209	-8.079	0.097	11.593
1242	-8.049	0.100	9.191
1134	-8.048	0.116	9.148
1135	-8.048	0.116	9.400
1136	-8.048	0.116	9.216
1137	-8.048	0.116	24.850
1127	-8.047	0.116	24.852
1285	-8.045	0.102	9.161
1286	-8.045	0.101	24.853
1307	-8.045	0.101	9.381
1311	-8.045	0.101	9.381
1340	-8.045	0.101	24.850
1281	-8.044	0.101	9.414
1313	-8.044	0.101	24.852
1314	-8.044	0.101	9.214
1321	-8.044	0.101	5.683
1335	-8.044	0.101	24.851
1358	-8.044	0.101	5.807
1359	-8.044	0.101	24.854
1364	-8.044	0.101	11.386
1264	-8.041	0.113	9.751
1138	-8.041	0.113	5.006
1126	-8.033	0.108	5.566
1484	-8.029	0.219	4.237
1231	-8.024	0.075	2.277
1199	-8.024	0.075	6.444
1348	-7.985	0.090	7.299
1349	-7.985	0.090	6.912
1350	-7.985	0.090	25.768
1275	-7.985	0.090	21.154
1276	-7.985	0.090	21.786
1277	-7.985	0.090	25.470
1301	-7.985	0.090	25.694
1302	-7.985	0.090	7.591
1446	-7.713	1.877	4.623
1447	-7.713	1.877	4.598
1449	-7.713	1.877	5.150
1457	-7.713	1.877	5.875
1465	-7.713	1.877	5.883
1466	-7.713	1.877	5.880
1467	-7.713	1.877	5.880
1468	-7.713	1.877	5.882
1473	-7.713	1.877	5.876
1481	-7.713	1.877	5.657
1399	-7.712	1.877	4.549
1414	-7.712	1.877	4.550
1415	-7.712	1.877	4.553
1416	-7.712	1.877	4.546
1420	-7.712	1.877	4.182
1429	-7.712	1.877	4.014
1433	-7.712	1.877	4.015
1439	-7.712	1.877	4.096
1440	-7.712	1.877	4.061
1444	-7.712	1.877	4.104
1430	-7.712	1.875	4.000
1464	-7.656	1.871	9.081
