1164	-9.808	0.000	26.144
1165	-9.808	0.000	26.145
1166	-9.808	0.001	20.839
1167	-9.808	0.000	3.603
1168	-9.808	0.001	26.145
1173	-9.808	0.000	20.712
1174	-9.808	0.000	20.712
1188	-9.808	0.000	10.733
1189	-9.808	0.000	20.707
1191	-9.808	0.000	11.436
1212	-9.808	0.000	20.360
1213	-9.808	0.000	26.137
1215	-9.808	0.000	26.138
1216	-9.808	0.000	20.362
1218	-9.808	0.000	19.748
1219	-9.808	0.000	19.749
1232	-9.808	0.000	19.747
1233	-9.808	0.001	19.767
1396	-9.808	0.001	19.765
1418	-9.808	0.001	19.764
1438	-9.808	0.001	19.764
1470	-9.808	0.000	19.776
1471	-9.808	0.001	19.805
1237	-9.807	0.001	19.809
1238	-9.807	0.001	9.631
1239	-9.807	0.001	9.633
1240	-9.807	0.000	3.938
1241	-9.807	0.001	20.349
1245	-9.807	0.001	9.560
1246	-9.807	0.001	9.437
1247	-9.807	0.000	9.437
1249	-9.807	0.000	9.565
1266	-9.807	0.000	9.565
1267	-9.807	0.001	9.374
1271	-9.807	0.001	19.821
1272	-9.807	0.001	19.910
1291	-9.807	0.001	9.753
1292	-9.807	0.001	9.753
1293	-9.807	0.001	6.363
1294	-9.807	0.000	9.362
1295	-9.807	0.001	20.386
1312	-9.807	0.001	8.966
1333	-9.807	0.001	8.999
1356	-9.807	0.000	8.999
1357	-9.807	0.001	26.281
1360	-9.807	0.001	9.038
1361	-9.807	0.001	26.284
1369	-9.807	0.001	7.540
1371	-9.807	0.001	8.993
1382	-9.807	0.001	26.280
1383	-9.807	0.001	9.039
1384	-9.807	0.001	7.529
1385	-9.807	0.001	8.992
1387	-9.807	0.001	19.069
1485	-9.807	0.002	26.285
1489	-9.807	0.000	26.285
1490	-9.807	0.001	20.337
1491	-9.807	0.000	26.679
1492	-9.807	0.000	6.131
1493	-9.807	0.001	6.126
1494	-9.807	0.001	26.747
1495	-9.807	0.000	7.489
1496	-9.807	0.001	7.580
1497	-9.807	0.000	8.745
1498	-9.807	0.001	7.567
1499	-9.807	0.001	7.208
1500	-9.807	0.001	5.373
1501	-9.807	0.001	26.695
1502	-9.807	0.001	6.107
1503	-9.807	0.001	9.271
1504	-9.807	0.001	9.272
1505	-9.807	0.000	26.585
1506	-9.807	0.000	10.920
1507	-9.807	0.001	27.282
1508	-9.807	0.001	27.307
1509	-9.807	0.001	20.138
1510	-9.807	0.001	6.390
1511	-9.807	0.000	6.307
1512	-9.807	0.000	6.318
1513	-9.807	0.001	8.018
1514	-9.807	0.000	27.201
1515	-9.807	0.001	20.057
1516	-9.807	0.001	20.488
1517	-9.807	0.001	7.035
1518	-9.807	0.000	6.855
1519	-9.807	0.001	20.289
1520	-9.807	0.001	6.196
1521	-9.807	0.001	27.540
1522	-9.807	0.001	7.154
1523	-9.807	0.001	27.535
1524	-9.807	0.000	7.083
1525	-9.807	0.001	8.906
1526	-9.807	0.001	20.800
1527	-9.807	0.001	6.110
1528	-9.807	0.001	5.974
1529	-9.807	0.000	7.224
1530	-9.807	0.000	7.309
1531	-9.807	0.001	6.048
1532	-9.807	0.001	2.940
1533	-9.807	0.001	2.940
1534	-9.807	0.001	2.938
1535	-9.807	0.001	2.938
1536	-9.807	0.000	2.939
1537	-9.807	0.001	2.939
1538	-9.807	0.001	2.940
1539	-9.807	0.000	2.812
1540	-9.807	0.001	3.954
1541	-9.807	0.001	3.955
1542	-9.807	0.000	3.955
1543	-9.807	0.000	3.954
1544	-9.807	0.001	3.957
1545	-9.807	0.000	2.739
1546	-9.807	0.001	2.682
1547	-9.807	0.001	2.686
1548	-9.807	0.001	2.686
1549	-9.807	0.001	2.687
1550	-9.807	0.001	2.751
1551	-9.807	0.000	3.179
1552	-9.807	0.001	3.046
1553	-9.807	0.001	2.652
1554	-9.807	0.000	2.652
1555	-9.807	0.001	2.626
1556	-9.807	0.001	2.627
1557	-9.807	0.001	3.385
1558	-9.807	0.001	3.068
1559	-9.807	0.000	3.669
1560	-9.807	0.001	3.057
1561	-9.807	0.001	3.091
1562	-9.807	0.000	3.446
1563	-9.807	0.001	2.627
1564	-9.807	0.001	2.983
1565	-9.807	0.001	0.023
1566	-9.807	0.001	3.343
1567	-9.807	0.001	3.509
1568	-9.807	0.000	3.500
1569	-9.807	0.001	3.337
1570	-9.807	0.001	3.337
1571	-9.807	0.001	3.147
1572	-9.807	0.001	3.739
1573	-9.807	0.001	18.820
1574	-9.807	0.000	10.387
1575	-9.807	0.001	1.785
1576	-9.807	0.001	2.984
1577	-9.807	0.001	1.790
1578	-9.807	0.001	18.804
1579	-9.807	0.001	1.615
1580	-9.807	0.001	18.800
1581	-9.807	0.001	10.442
1582	-9.807	0.001	10.442
1583	-9.807	0.001	3.089
1584	-9.807	0.001	3.073
1585	-9.807	0.001	3.577
1586	-9.807	0.001	3.045
1587	-9.807	0.001	3.300
1588	-9.807	0.001	1.459
1589	-9.807	0.001	3.211
1590	-9.807	0.001	3.208
1591	-9.807	0.000	3.141
1592	-9.807	0.000	11.177
1593	-9.807	0.001	20.172
1594	-9.807	0.000	20.166
1595	-9.807	0.001	20.166
1596	-9.807	0.001	20.167
1597	-9.807	0.001	20.173
1598	-9.807	0.000	20.302
1599	-9.807	0.001	20.304
1600	-9.807	0.001	20.175
1601	-9.807	0.001	25.308
1602	-9.807	0.001	2.946
1603	-9.807	0.001	20.292
1604	-9.807	0.000	2.617
1605	-9.807	0.001	25.309
1606	-9.807	0.000	20.143
1607	-9.807	0.001	20.144
1608	-9.807	0.001	10.578
1609	-9.807	0.001	20.138
1610	-9.807	0.001	11.198
1611	-9.807	0.001	19.794
1612	-9.807	0.001	25.301
1613	-9.807	0.001	25.301
1614	-9.807	0.000	19.797
1615	-9.807	0.000	19.167
1619	-9.807	0.001	19.167
1620	-9.807	0.000	19.165
1622	-9.807	0.001	19.177
1623	-9.807	0.000	19.178
1624	-9.807	0.001	19.175
1625	-9.807	0.001	19.176
1627	-9.807	0.001	19.137
1628	-9.807	0.000	19.441
1629	-9.807	0.001	19.454
1631	-9.807	0.001	9.516
1632	-9.807	0.001	9.517
1634	-9.807	0.001	5.780
1645	-9.807	0.001	20.125
1646	-9.807	0.001	19.480
1647	-9.807	0.000	9.390
1648	-9.807	0.001	9.390
1649	-9.807	0.001	9.467
1650	-9.807	0.001	9.467
1651	-9.807	0.001	19.876
1652	-9.807	0.001	20.133
1655	-9.807	0.001	19.487
1656	-9.807	0.001	9.625
1657	-9.807	0.001	9.625
1658	-9.807	0.001	9.632
1660	-9.807	0.001	9.629
1661	-9.807	0.001	18.897
1668	-9.807	0.000	8.591
1669	-9.807	0.000	25.425
1670	-9.807	0.001	4.090
1671	-9.807	0.000	25.424
1672	-9.807	0.000	8.610
1673	-9.807	0.001	25.426
1674	-9.807	0.000	8.562
1675	-9.807	0.001	8.560
1676	-9.807	0.001	25.424
1677	-9.807	0.001	8.612
1678	-9.807	0.001	25.425
1679	-9.807	0.001	9.169
1680	-9.807	0.001	18.901
1681	-9.807	0.001	25.426
1682	-9.807	0.001	25.427
1683	-9.807	0.000	25.429
1684	-9.807	0.000	25.838
1686	-9.807	0.001	7.258
1687	-9.807	0.001	6.460
1688	-9.807	0.000	8.136
1689	-9.807	0.000	6.763
1690	-9.807	0.001	25.825
1691	-9.807	0.001	8.051
1692	-9.807	0.000	8.038
1693	-9.807	0.001	6.105
1694	-9.807	0.000	25.865
1695	-9.807	0.000	6.712
1410	-9.652	0.053	25.694
1458	-9.652	0.053	9.579
1654	-9.652	0.053	25.868
1659	-9.630	0.051	8.045
1667	-8.989	2.608	9.577
1413	-7.704	2.555	3.880
1422	-7.704	2.555	3.455
1423	-7.704	2.555	3.030
1424	-7.704	2.555	3.031
1425	-7.704	2.555	3.042
1434	-7.704	2.555	3.042
1463	-7.704	2.555	3.042
1469	-7.704	2.555	2.835
1392	-7.703	2.555	3.963
1306	-7.703	2.554	3.583
1308	-7.703	2.555	3.583
1326	-7.703	2.554	3.998
1347	-7.703	2.555	3.056
1378	-7.703	2.554	0.000
1379	-7.703	2.555	4.027
1236	-7.684	2.563	2.672
1152	-7.661	2.581	4.017
1203	-7.661	2.582	2.837
1204	-7.661	2.582	2.836
1411	-7.661	2.582	3.600
1428	-7.661	2.582	3.070
1459	-7.661	2.582	3.505
1460	-7.661	2.582	10.367
1461	-7.661	2.582	20.342
1462	-7.661	2.582	3.877
1482	-7.661	2.582	3.424
1177	-7.660	2.582	3.518
1220	-7.660	2.582	3.519
1221	-7.660	2.582	20.343
1230	-7.660	2.582	10.385
1234	-7.660	2.582	10.385
1265	-7.660	2.581	3.533
1368	-7.660	2.581	3.573
1487	-7.660	2.582	3.595
1488	-7.660	2.582	3.545
1616	-7.660	2.582	2.823
1617	-7.660	2.582	10.408
1618	-7.660	2.582	3.611
1621	-7.660	2.582	3.007
1626	-7.660	2.582	3.678
1630	-7.660	2.582	11.586
1633	-7.660	2.582	22.021
1635	-7.660	2.582	22.014
1636	-7.660	2.582	22.014
1637	-7.660	2.582	22.010
1638	-7.660	2.582	22.022
1639	-7.660	2.582	22.234
1640	-7.660	2.582	22.236
1641	-7.660	2.582	22.025
1642	-7.660	2.582	24.842
1643	-7.660	2.582	24.842
1644	-7.660	2.581	22.224
1653	-7.660	2.582	24.842
1662	-7.660	2.582	24.843
1663	-7.660	2.582	20.485
1664	-7.660	2.582	21.797
1665	-7.660	2.582	10.528
1666	-7.660	2.582	4.883
1685	-7.660	2.582	11.594
1696	-7.660	2.582	21.430
1250	-7.660	2.582	24.834
1252	-7.660	2.581	24.834
1263	-7.660	2.582	21.433
1273	-7.660	2.581	2.735
1274	-7.660	2.581	20.741
1278	-7.660	2.582	20.744
1279	-7.660	2.582	20.758
1280	-7.660	2.581	20.759
1287	-7.660	2.582	2.978
1290	-7.660	2.582	20.757
1299	-7.660	2.582	20.748
1300	-7.660	2.581	22.142
1304	-7.660	2.581	9.127
1305	-7.660	2.582	21.154
1320	-7.660	2.581	9.129
1342	-7.660	2.581	5.302
1372	-7.660	2.581	4.111
1397	-6.010	3.193	2.205
1432	-6.010	3.193	2.315
1486	-6.007	3.192	5.364
