1913	-8.080	0.000	2.823
1914	-8.080	0.000	3.614
1915	-8.080	0.000	3.611
1916	-8.080	0.000	3.007
1920	-8.080	0.000	2.922
1921	-8.080	0.000	11.586
1922	-8.080	0.000	22.021
1925	-8.080	0.000	22.014
1926	-8.080	0.000	22.014
1929	-8.080	0.000	3.065
1936	-8.080	0.000	22.022
1938	-8.080	0.000	22.234
1939	-8.080	0.000	22.236
1944	-8.080	0.000	22.027
1945	-8.080	0.000	24.842
1946	-8.080	0.000	24.841
1950	-8.080	0.000	22.223
1953	-8.080	0.000	24.843
1957	-8.080	0.000	24.843
1959	-8.080	0.000	20.485
1900	-8.079	0.000	21.797
1901	-8.079	0.000	10.528
1902	-8.079	0.000	4.883
1903	-8.079	0.000	11.594
1904	-8.079	0.000	21.430
1905	-8.079	0.000	3.520
1906	-8.079	0.000	24.834
1971	-8.027	0.017	6.356
1972	-8.027	0.018	5.344
1912	-8.026	0.017	5.485
1928	-8.026	0.017	5.334
1931	-8.026	0.017	25.716
1932	-8.026	0.017	25.029
1933	-8.026	0.017	5.668
1934	-8.026	0.017	25.115
1940	-8.026	0.017	25.719
1942	-8.026	0.017	25.719
1947	-8.026	0.017	3.896
1948	-8.026	0.017	26.294
1949	-8.026	0.017	7.354
1956	-8.026	0.017	25.372
1917	-7.947	2.034	25.661
1918	-7.947	2.034	26.123
1923	-7.947	2.034	25.980
1924	-7.947	2.034	26.119
1908	-7.946	2.034	25.989
1909	-7.946	2.034	6.833
1927	-7.888	2.038	21.612
1935	-7.888	2.038	6.900
1954	-7.888	2.038	4.352
1958	-7.888	2.038	7.181
1961	-7.681	3.096	4.015
1937	-7.637	2.136	9.026
1907	-7.637	2.136	9.025
1910	-7.637	2.136	9.064
1911	-7.637	2.136	9.064
1919	-7.637	2.136	9.066
1962	-7.337	3.006	2.665
1963	-7.337	3.006	21.197
1964	-7.337	3.006	10.187
1965	-7.337	3.006	10.187
1966	-7.337	3.006	10.190
1967	-7.337	3.006	9.191
1968	-7.337	3.006	10.191
1969	-7.000	1.884	9.155
1970	-7.000	1.884	5.626
1973	-7.000	1.884	24.850
1974	-7.000	1.884	24.852
1930	-6.999	1.884	9.151
1941	-6.999	1.884	24.853
1943	-6.999	1.884	24.858
1951	-6.999	1.884	24.856
1952	-6.999	1.884	5.654
1955	-6.999	1.884	9.402
1960	-6.944	1.776	24.855
