1830	-6.952	0.000	24.852
1856	-6.950	0.001	9.214
1839	-6.949	0.001	5.635
1725	-6.948	0.001	24.850
1847	-6.948	0.001	9.211
1814	-6.836	0.027	11.385
1815	-6.836	0.027	6.045
1821	-6.836	0.027	6.040
1822	-6.836	0.027	6.050
1823	-6.836	0.027	5.475
1824	-6.836	0.027	4.172
1825	-6.836	0.027	25.335
1831	-6.836	0.027	5.490
1838	-6.836	0.027	5.327
1843	-6.836	0.027	25.115
1844	-6.836	0.027	25.030
1848	-6.836	0.027	25.115
1864	-6.836	0.027	25.720
1873	-6.836	0.027	25.719
1874	-6.836	0.027	25.025
1875	-6.836	0.027	9.704
1876	-6.836	0.027	26.294
1882	-6.836	0.027	4.497
1726	-6.834	0.027	2.992
1727	-6.834	0.027	21.041
1728	-6.834	0.027	4.881
1751	-6.750	0.048	7.299
1767	-6.750	0.048	25.765
1781	-6.750	0.048	25.768
1783	-6.750	0.047	21.269
1785	-6.750	0.047	21.786
1786	-6.750	0.047	25.470
1746	-6.747	0.047	3.883
1802	-6.747	0.047	7.595
1803	-6.747	0.047	25.627
1799	-6.528	0.038	26.124
1894	-6.346	2.862	25.981
1895	-6.346	2.862	26.116
1896	-6.346	2.862	25.989
1834	-6.345	2.863	6.833
1817	-6.343	2.863	7.913
1818	-6.343	2.863	8.092
1863	-6.326	3.642	26.552
1854	-6.325	3.643	26.884
1869	-6.325	3.643	4.623
1892	-6.325	3.643	7.304
1897	-6.325	3.643	5.150
1826	-6.324	3.644	5.875
1827	-6.324	3.644	5.864
1865	-6.324	3.644	5.884
1800	-6.305	2.903	5.880
1804	-6.305	2.903	5.881
1805	-6.305	2.903	5.883
1780	-6.305	2.902	6.215
1810	-6.305	2.901	4.549
1870	-6.236	3.675	4.550
1850	-6.199	2.878	4.556
1851	-6.199	2.878	4.554
1852	-6.199	2.878	4.563
1853	-6.199	2.878	4.020
1773	-6.161	2.924	4.068
1784	-6.161	2.924	4.094
1787	-6.161	2.924	4.104
1782	-6.161	2.934	4.104
1745	-6.159	2.926	4.060
1832	-6.137	3.733	3.523
1837	-6.136	3.733	3.955
1879	-6.136	3.733	3.030
1835	-6.085	2.965	3.030
1867	-6.085	2.963	3.042
1868	-6.085	2.965	3.042
1872	-6.085	2.965	3.042
1888	-6.085	2.965	2.835
1889	-6.085	2.964	2.247
