1	-12.931	0.000	0.000
2	-12.931	0.001	22.010
3	-12.931	0.001	22.006
4	-12.931	0.000	22.018
6	-12.931	0.001	22.230
7	-12.931	0.001	22.232
8	-12.931	0.001	22.021
9	-12.931	0.000	24.846
10	-12.931	0.000	24.846
11	-12.931	0.001	22.220
12	-12.931	0.001	24.846
13	-12.931	0.000	24.847
14	-12.931	0.001	20.480
15	-12.931	0.000	21.793
17	-12.931	0.000	10.527
18	-12.931	0.001	4.885
19	-12.931	0.001	11.592
52	-12.928	0.001	21.425
91	-12.928	0.001	24.839
93	-12.928	0.001	24.838
104	-12.928	0.001	21.428
105	-12.928	0.001	2.737
112	-12.928	0.001	20.736
113	-12.928	0.001	20.740
114	-12.928	0.001	20.754
115	-12.928	0.001	20.754
117	-12.928	0.001	2.978
118	-12.928	0.001	20.753
119	-12.928	0.001	20.743
120	-12.928	0.001	22.137
21	-12.927	0.001	9.125
22	-12.927	0.001	21.150
24	-12.927	0.001	9.128
25	-12.927	0.001	5.303
31	-12.927	0.001	4.116
32	-12.927	0.001	9.079
33	-12.927	0.001	9.024
34	-12.927	0.001	9.024
35	-12.927	0.001	9.062
37	-12.927	0.001	9.062
38	-12.927	0.001	9.065
39	-12.927	0.001	2.666
40	-12.927	0.001	21.193
41	-12.927	0.001	10.185
42	-12.927	0.001	10.185
46	-12.927	0.001	10.189
125	-12.927	0.001	9.189
26	-12.927	0.001	10.190
36	-12.927	0.001	9.154
5	-12.924	0.005	5.627
16	-12.924	0.005	24.854
23	-12.920	0.006	24.855
260	-12.660	0.042	9.149
297	-12.660	0.042	24.857
436	-12.660	0.042	24.862
443	-12.660	0.042	24.860
454	-12.660	0.042	5.655
475	-12.660	0.042	9.399
491	-12.660	0.042	24.856
143	-12.652	0.042	9.212
137	-12.651	0.042	5.635
633	-12.648	0.042	24.854
634	-12.648	0.042	9.210
635	-12.648	0.042	24.859
636	-12.648	0.042	11.384
637	-12.648	0.042	6.045
639	-12.648	0.042	6.040
641	-12.648	0.042	6.050
642	-12.648	0.042	5.481
643	-12.648	0.042	4.177
652	-12.648	0.042	25.340
653	-12.648	0.042	5.496
655	-12.648	0.042	5.327
658	-12.648	0.042	25.119
659	-12.648	0.042	25.034
638	-12.648	0.040	25.119
640	-12.648	0.043	25.724
248	-12.646	0.046	25.722
306	-12.645	0.046	25.029
318	-12.645	0.046	9.701
348	-12.645	0.046	26.298
359	-12.645	0.046	4.502
364	-12.645	0.046	2.996
366	-12.645	0.046	21.038
373	-12.645	0.046	4.888
376	-12.645	0.046	7.296
386	-12.645	0.046	25.770
395	-12.645	0.046	25.773
409	-12.645	0.046	21.265
429	-12.645	0.046	21.782
447	-12.645	0.046	25.474
459	-12.645	0.046	3.884
461	-12.645	0.046	7.594
463	-12.645	0.046	25.632
467	-12.645	0.046	26.128
272	-12.645	0.046	25.985
274	-12.645	0.046	26.120
515	-12.645	0.046	25.992
581	-12.645	0.046	6.840
334	-12.645	0.047	7.912
230	-12.637	0.047	8.090
654	-12.633	0.046	26.556
102	-12.631	0.043	26.887
127	-12.631	0.043	4.628
68	-12.626	0.042	7.299
69	-12.626	0.042	5.158
123	-12.626	0.042	3.781
124	-12.626	0.042	3.720
130	-12.626	0.042	3.776
136	-12.626	0.042	3.768
1259	-12.620	0.046	3.776
1260	-12.620	0.045	3.775
1330	-12.620	0.045	4.717
1270	-12.620	0.042	2.585
499	-12.620	0.045	2.585
1115	-12.620	0.045	2.589
1116	-12.620	0.045	2.590
1117	-12.620	0.045	2.596
1118	-12.620	0.045	3.673
1120	-12.620	0.045	3.681
1122	-12.620	0.045	3.678
1124	-12.620	0.045	3.681
1130	-12.620	0.045	3.682
1131	-12.620	0.045	3.685
1254	-12.620	0.045	3.549
1258	-12.620	0.045	3.272
1269	-12.620	0.047	3.495
1282	-12.620	0.045	3.495
1298	-12.620	0.045	3.476
1310	-12.620	0.045	3.476
1316	-12.620	0.045	3.476
1317	-12.620	0.045	3.652
1319	-12.620	0.044	3.343
1323	-12.620	0.045	3.336
1324	-12.620	0.044	3.347
1327	-12.620	0.045	3.855
1334	-12.620	0.045	3.540
1343	-12.620	0.044	4.007
1351	-12.620	0.045	0.068
1352	-12.620	0.044	3.704
1355	-12.620	0.045	0.101
1363	-12.620	0.045	0.092
1376	-12.620	0.045	3.703
1377	-12.620	0.045	3.702
1329	-12.620	0.039	3.698
1331	-12.619	0.039	3.458
1125	-12.616	0.057	18.986
307	-12.612	0.042	10.720
59	-12.611	0.046	18.983
60	-12.611	0.046	3.689
61	-12.611	0.046	3.689
62	-12.611	0.046	3.770
64	-12.611	0.046	3.773
65	-12.611	0.046	18.987
66	-12.611	0.046	10.650
67	-12.611	0.046	10.648
111	-12.611	0.046	3.664
78	-12.611	0.046	3.690
121	-12.611	0.046	3.649
289	-12.611	0.041	4.283
418	-12.611	0.041	3.604
419	-12.611	0.041	10.754
420	-12.611	0.041	2.058
47	-12.610	0.046	2.468
298	-12.603	0.043	3.561
329	-12.603	0.043	11.480
421	-12.603	0.043	20.461
422	-12.603	0.043	20.456
423	-12.603	0.043	20.456
433	-12.603	0.043	20.455
451	-12.603	0.043	20.462
470	-12.603	0.043	20.847
476	-12.603	0.043	20.849
477	-12.603	0.043	19.644
478	-12.603	0.043	26.128
479	-12.603	0.043	26.127
512	-12.603	0.043	20.834
138	-12.595	0.044	19.251
139	-12.595	0.044	26.129
154	-12.595	0.044	20.839
155	-12.595	0.044	20.710
160	-12.595	0.044	10.746
161	-12.595	0.044	20.718
162	-12.595	0.044	2.220
165	-12.595	0.044	20.358
166	-12.595	0.044	26.121
168	-12.595	0.044	26.121
172	-12.595	0.044	26.121
174	-12.595	0.043	20.556
175	-12.595	0.044	19.746
176	-12.595	0.043	19.746
177	-12.595	0.044	19.762
182	-12.594	0.043	19.757
184	-12.594	0.043	19.759
185	-12.594	0.043	19.761
192	-12.594	0.043	19.762
199	-12.594	0.043	19.904
200	-12.594	0.043	6.555
644	-12.591	0.046	19.806
646	-12.591	0.047	9.645
647	-12.591	0.047	6.475
648	-12.591	0.046	7.419
649	-12.591	0.047	9.592
657	-12.591	0.047	9.451
650	-12.591	0.048	9.451
645	-12.591	0.058	20.355
249	-12.590	0.047	9.580
250	-12.590	0.047	9.580
251	-12.590	0.047	20.358
252	-12.590	0.047	26.996
253	-12.590	0.047	9.760
254	-12.590	0.047	9.759
255	-12.590	0.047	9.767
256	-12.590	0.047	8.983
257	-12.590	0.047	9.768
508	-12.589	0.047	8.838
509	-12.589	0.047	7.521
510	-12.589	0.047	26.267
511	-12.589	0.047	9.012
1394	-12.589	0.047	8.826
1395	-12.589	0.048	26.270
1398	-12.589	0.047	8.789
1400	-12.589	0.047	9.715
1401	-12.589	0.047	9.006
1407	-12.589	0.047	8.653
1417	-12.589	0.047	26.268
1436	-12.589	0.047	9.005
1441	-12.589	0.047	3.026
1443	-12.589	0.047	26.269
1448	-12.589	0.047	19.065
1452	-12.589	0.046	26.271
1408	-12.589	0.045	10.773
569	-12.588	0.052	7.742
290	-12.588	0.047	7.781
293	-12.588	0.047	6.029
294	-12.588	0.047	8.727
327	-12.588	0.047	26.845
328	-12.588	0.047	8.737
330	-12.588	0.047	8.735
331	-12.588	0.047	6.510
332	-12.588	0.047	26.839
415	-12.588	0.047	26.511
416	-12.588	0.047	26.572
417	-12.588	0.047	9.602
452	-12.588	0.047	26.497
457	-12.588	0.047	26.786
494	-12.588	0.047	9.284
612	-12.588	0.048	27.265
1262	-12.588	0.049	26.721
551	-12.588	0.049	26.728
627	-12.588	0.043	6.341
530	-12.588	0.047	27.264
299	-12.588	0.047	6.322
300	-12.588	0.047	6.399
301	-12.588	0.047	7.742
302	-12.588	0.047	20.166
303	-12.588	0.047	20.486
319	-12.588	0.047	6.175
320	-12.588	0.047	7.772
321	-12.588	0.047	7.044
322	-12.588	0.047	6.104
323	-12.588	0.047	27.525
335	-12.588	0.047	27.454
336	-12.588	0.047	7.105
337	-12.588	0.047	27.460
338	-12.588	0.047	7.099
339	-12.588	0.047	7.453
340	-12.588	0.047	5.880
341	-12.588	0.047	6.387
342	-12.588	0.047	7.824
349	-12.588	0.047	7.313
350	-12.588	0.047	6.792
351	-12.588	0.047	7.079
352	-12.588	0.047	4.403
353	-12.588	0.047	4.418
354	-12.588	0.047	4.413
355	-12.588	0.047	4.411
356	-12.588	0.047	4.411
360	-12.588	0.047	4.411
367	-12.588	0.047	4.432
368	-12.588	0.047	3.994
369	-12.588	0.047	3.994
370	-12.588	0.047	3.987
374	-12.588	0.047	3.990
377	-12.588	0.047	3.991
378	-12.588	0.047	2.670
379	-12.588	0.047	2.734
380	-12.588	0.047	2.634
381	-12.588	0.047	2.657
382	-12.588	0.047	2.624
383	-12.588	0.047	2.697
384	-12.588	0.047	2.794
388	-12.588	0.047	4.279
389	-12.588	0.047	3.723
390	-12.588	0.047	0.108
396	-12.588	0.047	0.046
397	-12.588	0.047	0.047
410	-12.588	0.047	0.047
411	-12.588	0.047	1.933
430	-12.588	0.047	2.629
431	-12.588	0.047	2.637
432	-12.588	0.047	3.858
437	-12.588	0.047	3.864
516	-12.588	0.047	0.002
517	-12.588	0.047	3.056
518	-12.588	0.047	2.626
519	-12.588	0.047	0.054
520	-12.588	0.047	3.461
521	-12.588	0.047	4.319
522	-12.588	0.047	1.914
523	-12.588	0.047	1.914
525	-12.588	0.047	1.918
526	-12.588	0.047	2.637
527	-12.588	0.047	18.619
528	-12.588	0.047	1.204
529	-12.588	0.047	2.933
531	-12.588	0.047	18.616
550	-12.588	0.046	3.484
564	-12.588	0.045	1.203
582	-12.588	0.047	2.950
583	-12.588	0.047	18.614
584	-12.588	0.047	9.185
585	-12.588	0.047	9.184
587	-12.588	0.047	18.701
588	-12.588	0.047	2.669
591	-12.588	0.047	2.961
595	-12.588	0.047	1.827
596	-12.588	0.047	3.683
597	-12.588	0.047	9.210
598	-12.588	0.047	2.227
599	-12.588	0.047	2.259
600	-12.588	0.047	3.108
601	-12.588	0.047	10.420
602	-12.588	0.047	20.223
604	-12.588	0.047	20.218
605	-12.588	0.047	20.218
268	-12.588	0.047	20.218
269	-12.588	0.047	20.224
277	-12.588	0.047	20.454
280	-12.588	0.047	20.454
281	-12.588	0.047	20.229
282	-12.588	0.047	25.014
283	-12.588	0.047	25.013
284	-12.588	0.047	25.015
287	-12.588	0.047	3.636
288	-12.588	0.047	25.015
514	-12.588	0.047	20.448
541	-12.588	0.047	20.104
542	-12.588	0.047	9.308
543	-12.588	0.047	9.308
544	-12.588	0.047	20.106
545	-12.588	0.047	9.422
546	-12.588	0.047	25.008
547	-12.588	0.047	25.008
549	-12.588	0.047	19.781
552	-12.588	0.047	18.967
553	-12.588	0.047	18.966
554	-12.588	0.047	18.966
555	-12.588	0.047	18.988
556	-12.588	0.047	18.981
557	-12.588	0.047	18.953
563	-12.588	0.047	18.981
565	-12.588	0.047	18.965
566	-12.588	0.047	19.516
567	-12.588	0.047	4.870
568	-12.588	0.047	19.483
570	-12.588	0.047	8.462
571	-12.588	0.047	5.470
573	-12.588	0.047	19.078
574	-12.588	0.047	5.241
575	-12.588	0.047	8.346
576	-12.588	0.047	8.347
577	-12.588	0.047	19.828
611	-12.588	0.047	8.419
613	-12.588	0.047	8.419
614	-12.588	0.047	8.307
615	-12.588	0.047	5.277
616	-12.588	0.047	8.789
617	-12.588	0.048	8.786
618	-12.588	0.047	8.792
619	-12.588	0.047	8.321
620	-12.588	0.047	8.793
621	-12.588	0.047	8.316
622	-12.588	0.047	19.792
623	-12.588	0.047	24.948
624	-12.588	0.047	8.403
625	-12.588	0.047	8.313
626	-12.588	0.047	24.950
628	-12.588	0.047	8.553
629	-12.588	0.047	8.566
630	-12.588	0.047	8.406
631	-12.588	0.047	7.820
632	-12.588	0.047	24.949
387	-12.588	0.040	24.980
140	-12.580	0.048	8.397
144	-12.580	0.048	24.950
145	-12.580	0.048	8.395
146	-12.580	0.048	24.952
147	-12.580	0.048	9.912
148	-12.580	0.048	25.528
149	-12.580	0.048	6.008
150	-12.580	0.048	5.732
151	-12.580	0.048	7.371
152	-12.580	0.048	25.712
153	-12.580	0.048	7.381
156	-12.580	0.048	7.380
157	-12.580	0.048	25.510
158	-12.580	0.048	25.327
159	-12.580	0.048	25.023
163	-12.580	0.048	25.206
164	-12.580	0.048	8.285
167	-12.580	0.048	25.154
169	-12.580	0.048	25.656
170	-12.580	0.048	8.755
171	-12.580	0.048	26.129
173	-12.580	0.048	25.530
178	-12.580	0.048	25.537
179	-12.580	0.048	26.130
231	-12.580	0.048	25.298
183	-12.579	0.048	6.607
189	-12.579	0.048	6.610
190	-12.579	0.048	6.611
191	-12.579	0.048	19.590
193	-12.579	0.048	19.954
194	-12.579	0.048	25.306
195	-12.579	0.048	4.978
196	-12.579	0.048	6.160
197	-12.579	0.048	25.582
198	-12.579	0.048	26.353
201	-12.579	0.048	25.865
202	-12.579	0.048	6.529
203	-12.579	0.048	26.346
204	-12.579	0.048	6.528
205	-12.579	0.048	6.590
206	-12.579	0.048	7.182
207	-12.579	0.048	26.403
208	-12.579	0.048	5.877
209	-12.579	0.048	6.304
210	-12.579	0.048	6.304
211	-12.579	0.048	6.894
212	-12.579	0.048	2.672
213	-12.579	0.048	4.413
214	-12.579	0.048	4.414
215	-12.579	0.048	4.412
216	-12.579	0.048	4.412
223	-12.579	0.048	4.412
224	-12.579	0.048	4.433
225	-12.579	0.048	3.992
228	-12.579	0.048	3.995
1176	-12.548	0.053	3.999
1140	-12.548	0.050	3.986
1143	-12.548	0.050	3.992
1144	-12.548	0.050	2.657
1145	-12.548	0.050	2.721
1159	-12.548	0.050	2.639
1160	-12.548	0.050	2.637
1163	-12.548	0.051	2.633
1169	-12.548	0.049	2.700
1170	-12.548	0.050	2.784
1171	-12.548	0.050	3.130
1180	-12.548	0.050	3.321
1192	-12.548	0.050	0.107
1194	-12.548	0.050	0.046
1205	-12.548	0.050	0.047
1206	-12.548	0.050	3.382
1217	-12.548	0.049	1.933
1161	-12.548	0.050	2.632
1172	-12.548	0.049	3.862
1142	-12.542	0.049	3.860
1744	-12.503	0.039	2.620
1769	-12.503	0.041	0.002
1777	-12.503	0.042	3.056
1792	-12.503	0.042	3.077
1798	-12.503	0.041	3.470
1801	-12.503	0.053	3.463
1747	-12.503	0.037	4.320
1755	-12.503	0.044	1.913
1774	-12.503	0.041	1.913
1776	-12.503	0.042	3.464
1789	-12.503	0.041	3.101
1795	-12.503	0.041	3.810
1796	-12.503	0.040	1.209
1760	-12.503	0.032	2.939
1811	-12.500	0.056	18.617
1748	-12.499	0.046	3.103
1721	-12.495	0.044	3.727
1712	-12.495	0.042	2.920
1717	-12.495	0.041	18.615
1453	-12.454	0.045	2.753
1819	-12.432	0.047	9.183
1871	-12.432	0.047	9.183
1886	-12.432	0.046	3.586
1887	-12.432	0.047	2.191
1880	-12.432	0.047	2.256
1885	-12.431	0.069	1.803
1855	-12.431	0.046	9.209
1898	-12.431	0.046	2.226
1881	-12.431	0.052	3.100
1877	-12.431	0.046	3.108
1833	-12.431	0.045	10.419
1846	-12.431	0.047	20.224
1849	-12.431	0.047	20.219
1858	-12.431	0.046	20.219
1893	-12.431	0.047	20.218
1899	-12.431	0.047	20.224
1857	-12.418	0.085	20.455
1788	-12.416	0.327	20.455
1820	-12.394	0.145	20.231
1797	-12.360	0.409	25.015
1421	-12.359	0.634	25.014
1816	-12.328	0.345	25.015
1778	-12.305	0.672	3.618
1761	-12.292	0.483	25.015
1884	-12.288	0.430	20.449
1829	-12.283	0.328	20.105
1442	-12.253	0.479	9.307
51	-12.216	2.597	9.307
57	-12.216	2.597	4.669
58	-12.216	2.597	9.304
79	-12.216	2.597	25.008
85	-12.216	2.597	25.008
86	-12.216	2.597	25.009
87	-12.216	2.597	1.957
88	-12.216	2.597	18.967
89	-12.216	2.598	18.967
90	-12.216	2.597	11.247
98	-12.216	2.597	18.973
101	-12.216	2.598	19.012
103	-12.216	2.597	18.981
106	-12.216	2.598	18.950
108	-12.216	2.597	20.347
116	-12.216	2.597	19.368
126	-12.216	2.598	19.484
1845	-12.200	0.715	8.462
1828	-11.881	0.769	10.650
1722	-11.725	2.004	24.413
1775	-11.554	1.356	24.412
1859	-11.396	1.382	24.412
506	-11.270	2.588	19.806
507	-11.270	2.588	19.807
1393	-11.270	2.588	19.803
263	-11.268	2.588	19.803
265	-11.268	2.588	3.686
267	-11.268	2.588	20.079
270	-11.268	2.588	19.765
276	-11.268	2.588	9.356
279	-11.268	2.588	5.113
286	-11.268	2.588	5.115
513	-11.268	2.588	19.767
536	-11.268	2.588	19.774
538	-11.268	2.588	9.150
540	-11.268	2.588	9.567
610	-11.268	2.588	9.290
404	-11.267	2.588	9.292
292	-11.267	2.588	9.098
315	-11.267	2.588	20.574
326	-11.267	2.588	20.584
414	-11.267	2.588	9.363
434	-11.267	2.588	9.367
448	-11.267	2.588	8.738
449	-11.267	2.588	8.731
450	-11.267	2.588	8.753
455	-11.267	2.588	8.787
456	-11.267	2.588	24.746
462	-11.267	2.588	8.808
465	-11.267	2.588	8.711
466	-11.267	2.588	8.745
468	-11.267	2.588	24.743
469	-11.267	2.588	6.740
473	-11.267	2.588	8.804
480	-11.267	2.588	24.750
483	-11.267	2.588	8.769
493	-11.267	2.588	6.765
181	-11.261	2.588	8.806
188	-11.261	2.588	24.746
222	-11.261	2.588	8.804
227	-11.261	2.588	24.748
247	-11.261	2.588	9.328
1723	-11.256	1.760	24.906
1344	-11.105	2.559	26.011
497	-11.105	2.560	11.181
498	-11.105	2.560	25.074
1112	-11.105	2.560	7.717
1113	-11.105	2.560	7.724
1119	-11.105	2.560	5.709
1121	-11.105	2.560	5.729
1123	-11.105	2.560	19.893
1248	-11.105	2.560	7.701
1251	-11.105	2.560	19.902
1253	-11.105	2.560	25.078
1255	-11.105	2.560	25.637
1256	-11.105	2.560	25.270
1257	-11.105	2.560	25.277
1268	-11.105	2.560	25.269
1283	-11.105	2.560	25.648
1284	-11.105	2.560	25.928
1288	-11.105	2.560	7.125
1289	-11.105	2.560	7.510
1296	-11.105	2.560	7.121
1309	-11.105	2.560	25.672
1315	-11.105	2.560	7.839
1318	-11.105	2.560	25.951
1322	-11.105	2.560	6.947
1325	-11.105	2.560	7.114
1328	-11.105	2.555	6.702
1338	-11.105	2.560	6.719
1339	-11.105	2.560	4.418
1341	-11.105	2.560	4.411
1345	-11.105	2.560	4.413
1346	-11.105	2.560	4.412
1353	-11.105	2.560	4.412
1370	-11.105	2.560	4.412
1374	-11.105	2.560	2.675
1375	-11.105	2.560	2.559
1380	-11.105	2.560	3.995
1354	-11.105	2.558	3.988
20	-11.096	2.560	3.991
27	-11.096	2.560	3.988
28	-11.096	2.560	2.685
29	-11.096	2.560	2.703
30	-11.096	2.561	2.846
43	-11.096	2.561	2.632
44	-11.096	2.560	2.732
45	-11.096	2.560	2.697
48	-11.096	2.561	2.559
49	-11.096	2.560	2.715
50	-11.096	2.560	3.079
53	-11.096	2.560	0.108
54	-11.096	2.560	0.046
55	-11.096	2.560	0.046
56	-11.096	2.560	0.047
63	-11.096	2.560	1.933
80	-11.096	2.560	2.633
81	-11.096	2.560	2.634
82	-11.096	2.560	2.620
83	-11.096	2.560	3.862
84	-11.096	2.560	3.049
92	-11.096	2.560	3.056
94	-11.096	2.560	2.626
95	-11.096	2.560	3.467
96	-11.096	2.560	1.921
97	-11.096	2.560	3.461
99	-11.096	2.560	2.603
100	-11.096	2.560	1.914
107	-11.096	2.560	1.914
109	-11.096	2.560	3.803
110	-11.096	2.560	0.275
128	-11.096	2.560	1.206
129	-11.096	2.560	3.816
70	-11.096	2.560	18.630
71	-11.096	2.560	3.815
72	-11.096	2.560	3.728
73	-11.096	2.560	2.910
74	-11.096	2.560	18.614
75	-11.096	2.560	18.610
76	-11.096	2.560	9.184
77	-11.096	2.560	9.182
133	-11.096	2.560	2.907
134	-11.096	2.560	3.115
1836	-10.080	3.950	3.691
1878	-10.080	3.951	3.997
1445	-10.063	3.970	18.991
524	-10.060	3.960	18.982
586	-10.060	3.960	18.982
589	-10.060	3.960	10.634
590	-10.060	3.960	10.634
592	-10.060	3.960	3.286
593	-10.060	3.960	3.447
594	-10.060	3.960	1.044
603	-10.060	3.960	3.648
651	-10.058	3.961	2.309
656	-10.058	3.961	2.052
548	-10.058	3.961	2.379
558	-10.058	3.961	3.704
559	-10.058	3.961	3.439
560	-10.058	3.961	11.466
561	-10.058	3.961	20.466
562	-10.058	3.961	20.460
572	-10.058	3.961	20.461
1472	-9.967	3.968	20.461
1477	-9.967	3.968	20.468
1478	-9.967	3.968	20.852
1479	-9.967	3.968	19.543
1480	-9.967	3.968	3.600
