1093	-13.658	0.000	19.831
1118	-13.657	0.000	19.828
825	-13.602	0.002	19.851
839	-13.602	0.002	19.851
840	-13.602	0.002	19.807
876	-13.602	0.002	19.849
880	-13.602	0.002	19.845
884	-13.602	0.002	11.148
885	-13.602	0.002	20.427
895	-13.602	0.002	20.452
902	-13.602	0.002	3.272
909	-13.602	0.002	7.093
912	-13.602	0.002	3.761
914	-13.602	0.002	20.499
926	-13.602	0.002	3.385
930	-13.602	0.002	3.385
942	-13.602	0.002	3.326
953	-13.602	0.002	3.326
1010	-13.602	0.002	3.427
1056	-13.602	0.002	10.294
1066	-13.602	0.002	20.510
1070	-13.602	0.002	3.144
1121	-13.602	0.002	3.144
1123	-13.602	0.002	3.142
1143	-13.602	0.002	4.033
1184	-13.602	0.002	4.040
867	-13.602	0.002	3.076
874	-13.602	0.002	4.017
934	-13.602	0.002	27.977
938	-13.602	0.002	27.978
1044	-13.602	0.002	4.028
1087	-13.602	0.002	27.980
1128	-13.602	0.002	3.083
1154	-13.602	0.002	3.082
1158	-13.602	0.002	27.978
1163	-13.602	0.002	3.071
1170	-13.602	0.002	27.980
970	-13.599	0.002	4.022
782	-13.598	0.002	6.016
978	-13.598	0.002	27.977
979	-13.598	0.002	5.840
985	-13.598	0.002	27.981
965	-13.595	0.002	2.479
806	-13.418	0.011	11.241
808	-13.418	0.011	11.201
810	-13.418	0.011	11.804
855	-13.418	0.011	11.662
881	-13.418	0.011	11.674
882	-13.418	0.011	11.678
928	-13.418	0.011	11.678
1032	-13.418	0.011	11.674
1053	-13.312	0.028	11.145
1007	-13.311	0.028	10.528
866	-13.254	0.026	9.267
871	-13.250	1.461	10.725
1099	-13.243	1.466	10.727
919	-13.186	1.462	9.260
787	-13.186	1.462	10.522
936	-13.186	1.462	1.016
1015	-13.186	1.462	19.544
1037	-13.186	1.462	10.599
1079	-13.186	1.462	11.162
1085	-13.186	1.462	10.560
969	-13.183	1.462	10.559
778	-13.181	1.462	19.545
775	-13.058	1.462	10.244
776	-13.058	1.462	10.937
777	-13.058	1.462	10.497
789	-13.051	1.464	9.121
791	-13.051	1.464	1.016
792	-13.051	1.464	9.554
796	-13.051	1.464	10.073
797	-13.051	1.464	10.536
803	-13.051	1.464	3.670
920	-13.051	1.464	21.236
1014	-13.051	1.464	21.240
848	-13.051	1.464	21.240
850	-13.051	1.464	21.234
1055	-13.049	1.464	21.240
1023	-13.049	1.464	21.611
1104	-13.049	1.464	21.613
1105	-13.049	1.464	21.267
1115	-13.049	1.464	27.964
1051	-13.048	1.464	27.964
1196	-13.048	1.464	21.600
781	-13.048	1.464	27.965
807	-13.045	1.464	27.965
857	-13.045	1.464	19.558
897	-13.045	1.464	21.300
910	-13.045	1.464	0.000
954	-13.045	1.464	6.723
1012	-13.045	1.464	3.656
829	-13.045	1.464	20.951
977	-13.045	1.464	27.966
813	-13.044	1.464	27.966
827	-13.044	1.464	20.953
887	-13.044	1.464	9.940
779	-13.041	1.464	19.824
852	-12.998	2.347	19.850
894	-12.998	2.347	10.121
906	-12.998	2.347	19.849
1000	-12.998	2.347	19.835
1020	-12.998	2.347	21.489
1092	-12.998	2.347	3.274
1110	-12.998	2.347	20.452
1114	-12.998	2.347	3.272
1150	-12.998	2.347	7.060
784	-12.991	1.460	3.385
785	-12.991	1.460	3.385
786	-12.991	1.460	3.326
788	-12.991	1.460	3.326
793	-12.991	1.460	3.325
794	-12.991	1.460	9.888
799	-12.991	1.460	20.508
802	-12.991	1.460	3.144
804	-12.991	1.460	3.144
805	-12.991	1.460	3.142
809	-12.991	1.460	4.032
816	-12.991	1.460	3.141
818	-12.991	1.460	4.024
819	-12.991	1.460	6.006
822	-12.991	1.460	27.977
833	-12.991	1.460	27.978
838	-12.991	1.460	4.038
846	-12.991	1.460	27.980
861	-12.991	1.460	27.983
862	-12.991	1.460	27.984
889	-12.991	1.460	6.015
901	-12.991	1.460	3.068
911	-12.991	1.460	27.981
948	-12.991	1.460	4.022
992	-12.990	2.346	6.446
865	-12.982	1.465	11.420
842	-12.875	1.463	4.615
1190	-12.874	1.463	4.518
1052	-12.812	1.463	30.610
1021	-12.751	2.345	11.677
1031	-12.751	2.345	11.673
1035	-12.751	2.345	11.677
1036	-12.751	2.345	11.445
1047	-12.751	2.345	11.487
1064	-12.751	2.345	11.488
1073	-12.751	2.345	11.479
1100	-12.751	2.345	11.479
1103	-12.751	2.345	11.478
1145	-12.751	2.345	10.984
1165	-12.751	2.345	10.912
1172	-12.751	2.345	10.861
1183	-12.751	2.345	10.849
1193	-12.751	2.345	10.850
1157	-12.750	2.345	10.938
984	-12.742	2.345	11.282
964	-12.730	2.345	9.295
854	-12.674	2.348	9.312
841	-12.671	2.347	9.141
967	-11.493	2.962	10.947
783	-11.276	2.880	9.307
814	-11.276	2.880	10.528
1108	-11.258	2.862	10.573
1167	-11.258	2.862	9.263
956	-11.257	2.862	10.724
828	-11.256	2.859	11.577
879	-11.256	2.859	9.125
883	-11.256	2.859	9.125
904	-11.256	2.859	9.124
905	-11.256	2.859	10.580
946	-11.256	2.859	19.550
950	-11.256	2.859	9.626
959	-11.256	2.859	10.572
1033	-11.256	2.859	19.547
1146	-11.256	2.859	10.599
974	-11.253	2.859	9.638
989	-11.253	2.859	10.556
963	-11.246	2.859	19.546
988	-11.234	2.929	0.273
856	-11.228	2.927	0.275
1084	-11.167	2.855	10.524
843	-11.164	2.855	9.120
890	-11.080	2.868	10.474
947	-11.079	2.868	1.016
995	-11.079	2.868	9.556
1009	-11.079	2.868	9.670
949	-11.075	1.956	10.442
945	-11.074	1.956	3.666
1041	-11.074	1.956	21.236
1001	-11.073	1.956	21.240
983	-11.072	1.956	21.240
878	-11.070	1.956	21.240
915	-11.070	1.956	21.240
916	-11.070	1.956	21.611
1185	-11.069	1.956	21.610
868	-11.069	1.956	21.266
870	-11.069	1.956	27.965
888	-11.069	1.956	27.964
986	-11.068	1.956	27.966
1013	-11.019	1.954	0.001
1134	-11.019	1.954	21.301
798	-10.993	2.831	27.966
817	-10.993	2.831	27.966
835	-10.993	2.831	20.954
847	-10.993	2.831	19.833
849	-10.993	2.831	19.831
863	-10.993	2.831	19.831
892	-10.993	2.831	19.853
921	-10.993	2.831	19.851
1135	-10.992	2.831	19.810
831	-10.992	2.832	19.849
1116	-10.992	2.832	19.820
858	-10.989	2.831	20.482
859	-10.989	2.831	6.632
811	-10.989	2.831	20.452
877	-10.989	2.831	3.272
980	-10.974	2.830	7.058
1029	-10.952	2.825	6.861
1077	-10.952	2.825	3.385
1101	-10.952	2.825	3.385
944	-10.947	1.956	3.326
1133	-10.947	1.956	3.326
982	-10.946	1.956	3.427
962	-10.945	1.956	6.822
1003	-10.837	1.954	4.024
1176	-10.837	1.954	20.815
1177	-10.837	1.954	27.977
795	-10.820	2.800	4.017
836	-10.820	2.800	4.037
837	-10.820	2.800	27.980
872	-10.820	2.800	3.170
893	-10.820	2.800	3.167
922	-10.820	2.800	4.015
923	-10.820	2.800	3.068
924	-10.820	2.800	27.980
925	-10.820	2.800	28.019
1138	-10.820	2.800	4.022
951	-10.819	2.800	27.977
952	-10.819	2.800	4.024
1024	-10.819	2.800	27.980
1054	-10.819	2.800	2.477
1106	-10.819	2.800	28.700
1113	-10.819	2.800	5.456
1180	-10.819	2.800	6.450
824	-10.818	2.800	28.735
908	-10.818	2.800	12.337
958	-10.818	2.800	12.337
1008	-10.818	2.800	28.677
1098	-10.818	2.800	27.804
815	-10.816	2.800	27.888
903	-10.816	2.800	28.370
913	-10.816	2.800	3.212
927	-10.816	2.800	28.305
929	-10.816	2.800	28.690
940	-10.816	2.800	4.332
1011	-10.816	2.800	29.325
1062	-10.816	2.800	28.162
1068	-10.816	2.800	28.167
1089	-10.816	2.800	29.327
991	-10.804	2.798	4.133
987	-10.801	2.799	4.161
1109	-10.765	1.956	20.040
1088	-10.761	1.956	20.444
1126	-10.761	1.956	27.617
968	-10.159	2.559	9.120
1090	-10.158	2.558	1.016
800	-10.158	2.558	9.555
918	-10.158	2.558	10.440
957	-10.158	2.558	10.443
1005	-10.158	2.558	3.667
1019	-10.158	2.558	21.236
1078	-10.158	2.558	21.240
1169	-10.158	2.558	21.240
900	-10.157	2.558	21.239
801	-10.119	2.579	21.611
820	-10.119	2.579	21.268
823	-10.119	2.579	27.965
851	-10.119	2.579	27.964
864	-10.119	2.579	27.965
898	-10.119	2.579	10.461
907	-10.119	2.579	27.965
937	-10.119	2.579	21.606
941	-10.119	2.579	21.300
975	-10.099	2.588	0.000
976	-10.099	2.588	0.001
990	-10.099	2.588	6.728
973	-10.098	2.588	0.032
1002	-10.098	2.587	27.965
999	-10.098	2.587	27.966
1022	-10.098	2.587	27.967
1091	-10.098	2.587	9.252
1117	-10.098	2.587	19.831
1153	-10.098	2.587	19.831
1182	-10.098	2.587	2.903
1016	-10.098	2.587	19.837
1018	-10.098	2.587	19.884
1030	-10.098	2.587	19.849
1039	-10.098	2.586	19.808
1040	-10.098	2.587	21.450
1042	-10.098	2.587	20.359
1081	-10.098	2.587	20.453
1082	-10.098	2.587	3.272
1083	-10.098	2.587	7.061
1086	-10.098	2.587	20.499
1102	-10.098	2.587	21.160
1140	-10.098	2.587	3.385
1141	-10.098	2.587	3.386
1142	-10.098	2.587	20.959
1027	-10.098	2.587	3.326
1028	-10.098	2.587	3.326
1034	-10.098	2.587	3.427
1049	-10.098	2.587	28.229
1075	-10.098	2.587	3.144
1112	-10.098	2.587	3.145
1149	-10.098	2.587	3.142
1152	-10.098	2.587	4.017
1173	-10.098	2.587	3.141
1174	-10.098	2.587	4.023
1195	-10.098	2.587	20.818
943	-10.097	2.587	27.977
1063	-10.097	2.587	4.017
1067	-10.097	2.587	4.039
1071	-10.097	2.587	27.980
1119	-10.097	2.587	3.171
1097	-10.097	2.587	3.168
1175	-10.097	2.576	4.022
960	-10.097	2.582	3.145
961	-10.097	2.582	20.828
933	-10.096	2.587	6.796
939	-10.096	2.587	4.023
1045	-10.096	2.587	27.978
1046	-10.096	2.587	4.025
1059	-10.096	2.587	27.980
1095	-10.096	2.587	5.659
1124	-10.096	2.587	28.701
1125	-10.096	2.587	5.397
1129	-10.096	2.587	6.368
1130	-10.096	2.587	12.332
1131	-10.096	2.587	28.732
1132	-10.096	2.587	12.341
1155	-10.096	2.587	12.431
1156	-10.096	2.587	4.592
1160	-10.096	2.587	27.803
1162	-10.096	2.587	19.247
1164	-10.096	2.587	28.302
1187	-10.096	2.587	2.615
1191	-10.096	2.587	28.305
993	-10.049	2.780	2.526
981	-10.039	2.583	6.002
832	-10.039	2.583	4.127
853	-10.039	2.582	5.836
1004	-10.039	2.582	4.988
1025	-10.039	2.582	20.057
1026	-10.039	2.582	27.619
1048	-10.039	2.582	3.075
834	-10.039	2.582	28.792
891	-10.039	2.582	28.387
812	-10.038	2.583	28.217
826	-10.038	2.583	30.062
860	-10.038	2.583	30.045
869	-10.038	2.583	5.348
886	-10.038	2.583	29.867
935	-10.038	2.583	5.356
1060	-10.038	2.583	29.801
1122	-10.038	2.583	14.404
1188	-10.038	2.583	29.993
1069	-10.009	2.541	11.805
1179	-9.995	2.717	11.675
821	-9.964	2.899	11.674
844	-9.963	2.749	11.674
1096	-9.963	2.899	11.690
1050	-9.953	2.538	11.487
873	-9.953	2.537	11.488
1038	-9.953	2.537	10.843
1080	-9.952	2.558	11.479
1166	-9.952	2.537	11.480
1194	-9.952	2.537	11.036
1061	-9.951	2.538	10.925
1159	-9.951	2.537	10.853
1186	-9.951	2.537	10.849
1043	-9.921	2.785	11.400
1168	-9.921	2.785	11.276
1171	-9.921	2.785	11.327
1139	-9.910	3.367	11.146
1181	-9.909	3.367	11.146
845	-9.909	3.367	10.746
955	-9.908	3.367	10.573
972	-9.908	3.368	10.733
1192	-9.908	3.367	10.726
780	-9.747	3.363	10.439
790	-9.747	3.363	10.442
1074	-9.746	3.363	3.666
997	-9.746	3.363	21.237
1006	-9.746	3.363	21.236
1076	-9.746	3.363	21.240
966	-9.745	3.363	21.240
971	-9.745	3.363	21.241
875	-9.745	3.363	21.610
896	-9.745	3.363	21.611
917	-9.745	3.363	21.268
1057	-9.745	3.363	27.965
1058	-9.745	3.363	27.964
1094	-9.745	3.363	27.965
1120	-9.745	3.363	10.471
830	-9.745	3.363	21.606
1147	-9.745	3.363	21.606
899	-9.043	2.186	28.302
1065	-8.990	2.181	4.114
1107	-8.990	2.180	4.152
1148	-8.990	2.180	5.999
931	-8.988	2.181	5.980
1072	-8.988	2.181	20.020
1127	-8.988	2.181	4.164
1161	-8.683	3.872	11.141
994	-8.652	3.138	10.862
1144	-8.572	2.347	11.195
998	-8.533	3.049	9.295
1137	-8.533	3.048	9.314
996	-8.531	3.048	9.312
1017	-8.416	2.436	10.527
1189	-8.411	3.878	10.528
1111	-7.862	2.733	27.965
1136	-7.862	2.733	21.300
1151	-7.799	2.737	21.301
1178	-7.518	3.025	10.475
932	-7.517	3.025	20.483
