1268	-10.553	0.000	11.480
1270	-10.553	0.000	10.891
1313	-10.553	0.000	10.980
1417	-10.553	0.000	10.866
1453	-10.553	0.000	10.865
1464	-10.553	0.000	10.860
1571	-10.553	0.000	10.954
1578	-10.553	0.000	10.681
1263	-10.552	0.000	11.329
1355	-10.552	0.000	9.295
1366	-10.552	0.000	9.314
1436	-10.552	0.000	9.313
1442	-10.552	0.000	10.454
1536	-10.552	0.000	9.142
1218	-10.540	0.005	11.067
1231	-10.540	0.005	11.147
1350	-10.540	0.005	11.146
1384	-10.121	0.024	21.611
1503	-9.914	1.786	9.295
1444	-9.907	1.785	9.328
1321	-9.895	0.527	9.125
1422	-9.895	0.527	11.171
1502	-9.895	0.527	10.889
1303	-9.895	0.527	9.627
1330	-9.895	0.527	11.051
1353	-9.895	0.527	19.547
1359	-9.895	0.527	10.676
1294	-9.550	1.174	0.031
1361	-9.550	1.174	27.968
1493	-9.550	1.174	27.967
1494	-9.550	1.174	27.966
1575	-9.446	0.125	10.478
1576	-9.446	0.125	20.327
1213	-8.850	0.726	28.797
1223	-8.850	0.726	29.765
1332	-8.850	0.726	30.064
1545	-8.850	0.726	5.348
1346	-8.791	0.712	11.679
1348	-8.791	0.712	11.676
1363	-8.791	0.712	11.677
1364	-8.791	0.712	11.674
1404	-8.791	0.712	11.672
1405	-8.791	0.712	10.798
1426	-8.791	0.712	10.780
1432	-8.791	0.712	11.488
1455	-8.791	0.712	11.478
1551	-8.791	0.712	11.480
1341	-7.571	0.749	19.851
