1477	-13.002	0.000	19.850
1535	-12.992	0.001	11.388
1562	-12.992	0.001	3.309
1227	-12.991	0.001	6.070
1293	-12.991	0.001	27.977
1307	-12.991	0.001	4.024
1324	-12.991	0.001	27.981
1329	-12.991	0.001	2.476
1394	-12.991	0.001	6.391
1429	-12.991	0.001	6.454
1262	-12.990	0.001	12.327
1272	-12.975	0.005	28.677
1437	-12.975	0.005	12.338
1512	-12.964	0.005	7.026
1526	-12.959	0.005	28.366
1519	-12.921	0.006	28.370
1352	-12.915	0.006	28.691
1383	-12.915	0.006	28.689
1414	-12.915	0.006	28.301
1424	-12.915	0.006	4.332
1441	-12.915	0.006	29.326
1568	-12.915	0.006	11.824
1301	-12.911	0.003	10.288
1546	-12.911	0.003	19.876
1347	-12.905	0.003	28.791
1371	-12.888	0.005	29.858
1537	-12.517	1.039	10.092
1560	-12.503	1.039	3.669
1326	-12.464	1.041	21.610
1458	-12.129	1.156	2.478
1547	-8.273	1.902	9.121
