608	-12.022	0.000	2.884
609	-12.022	0.000	3.512
612	-12.022	0.000	25.902
616	-12.022	0.000	25.902
620	-12.022	0.000	25.903
622	-12.022	0.000	12.649
623	-12.022	0.000	3.311
626	-12.022	0.000	17.594
629	-12.022	0.000	18.475
630	-12.022	0.000	18.477
634	-12.022	0.000	19.516
636	-12.022	0.001	3.198
647	-12.022	0.000	17.665
747	-12.021	0.000	17.680
694	-12.020	0.025	3.203
695	-12.020	0.025	17.721
699	-12.020	0.025	12.708
701	-12.020	0.025	17.721
702	-12.020	0.025	19.521
703	-12.020	0.025	26.203
704	-12.020	0.025	26.217
705	-12.020	0.025	9.696
706	-12.020	0.025	9.695
707	-12.020	0.025	26.445
708	-12.020	0.025	7.346
709	-12.020	0.025	19.072
710	-12.020	0.025	19.060
711	-12.020	0.025	19.051
712	-12.020	0.025	19.052
713	-12.020	0.025	19.051
714	-12.020	0.025	19.051
715	-12.020	0.025	19.051
716	-12.020	0.025	19.051
717	-12.020	0.025	19.057
718	-12.020	0.025	19.057
719	-12.020	0.025	19.279
720	-12.020	0.025	19.069
721	-12.020	0.025	11.255
722	-12.020	0.025	11.239
723	-12.020	0.025	11.246
725	-12.020	0.025	18.771
728	-12.020	0.025	18.771
732	-12.020	0.025	9.584
733	-12.020	0.025	12.126
734	-12.020	0.025	11.173
735	-12.020	0.025	10.972
737	-12.020	0.025	12.132
738	-12.020	0.025	19.964
740	-12.020	0.025	19.946
741	-12.020	0.025	10.318
743	-12.020	0.025	9.523
781	-12.019	0.025	10.329
782	-12.019	0.025	10.341
783	-12.019	0.025	8.318
784	-12.019	0.025	8.976
786	-12.019	0.025	8.007
788	-12.019	0.025	8.143
789	-12.019	0.025	6.120
790	-12.019	0.025	19.607
791	-12.019	0.025	10.328
792	-12.019	0.025	9.174
793	-12.019	0.025	4.239
794	-12.019	0.025	4.236
795	-12.019	0.025	4.237
796	-12.019	0.025	4.236
797	-12.019	0.025	4.236
798	-12.019	0.025	4.236
800	-12.019	0.025	4.236
801	-12.019	0.025	4.236
802	-12.019	0.025	4.236
803	-12.019	0.025	4.234
804	-12.019	0.025	4.037
805	-12.019	0.025	4.039
806	-12.019	0.025	4.037
807	-12.019	0.025	4.757
808	-12.019	0.025	4.757
809	-12.019	0.025	4.758
810	-12.019	0.025	4.757
811	-12.019	0.025	4.757
812	-12.019	0.025	4.758
813	-12.019	0.025	4.756
814	-12.019	0.025	3.481
815	-12.019	0.025	3.463
817	-12.019	0.025	3.462
818	-12.019	0.025	3.455
819	-12.019	0.025	3.456
820	-12.019	0.025	3.876
821	-12.019	0.025	3.876
822	-12.019	0.025	3.256
823	-12.019	0.025	3.189
824	-12.019	0.025	3.190
825	-12.019	0.025	3.190
826	-12.019	0.025	3.195
827	-12.019	0.025	3.192
828	-12.019	0.025	4.022
829	-12.019	0.025	4.022
830	-12.019	0.025	4.022
831	-12.019	0.025	4.022
832	-12.019	0.025	4.079
833	-12.019	0.025	0.020
834	-12.019	0.025	0.004
835	-12.019	0.025	0.044
836	-12.019	0.025	0.017
837	-12.019	0.025	0.007
839	-12.019	0.025	4.354
840	-12.019	0.025	11.563
841	-12.019	0.025	11.562
842	-12.019	0.025	11.565
843	-12.019	0.025	11.557
844	-12.019	0.025	11.557
845	-12.019	0.025	11.558
846	-12.019	0.025	11.564
892	-12.019	0.025	11.555
893	-12.019	0.025	10.522
894	-12.019	0.025	10.521
895	-12.019	0.025	10.521
896	-12.019	0.025	10.521
932	-12.019	0.025	3.832
935	-12.019	0.025	3.828
941	-12.019	0.025	10.520
942	-12.019	0.025	10.520
946	-12.019	0.025	10.506
947	-12.019	0.025	11.555
948	-12.019	0.025	11.555
953	-12.019	0.025	11.555
954	-12.019	0.025	10.504
982	-12.019	0.025	3.693
657	-11.968	0.015	4.607
658	-11.968	0.015	6.346
659	-11.968	0.015	10.143
666	-11.968	0.014	10.143
667	-11.968	0.015	10.143
668	-11.968	0.015	6.337
669	-11.968	0.015	3.544
670	-11.968	0.015	12.244
671	-11.968	0.015	12.499
675	-11.968	0.015	12.247
676	-11.968	0.015	12.247
678	-11.968	0.015	3.388
679	-11.968	0.015	19.453
680	-11.968	0.015	19.453
681	-11.968	0.015	19.453
684	-11.968	0.015	19.454
686	-11.968	0.015	3.965
687	-11.968	0.015	3.965
689	-11.968	0.015	3.965
690	-11.968	0.015	19.458
691	-11.968	0.015	3.737
692	-11.968	0.015	6.884
744	-11.968	0.015	19.440
910	-11.967	0.015	19.163
911	-11.967	0.015	19.163
913	-11.967	0.015	19.163
914	-11.967	0.015	19.162
915	-11.967	0.015	18.913
916	-11.967	0.015	19.163
929	-11.967	0.015	19.163
931	-11.967	0.015	8.160
1011	-11.967	0.015	8.158
1014	-11.967	0.015	8.162
1019	-11.967	0.015	2.781
1021	-11.967	0.015	9.036
748	-11.967	0.015	18.920
749	-11.967	0.015	18.921
751	-11.967	0.015	2.714
752	-11.967	0.015	2.934
753	-11.967	0.015	8.292
757	-11.967	0.015	2.397
758	-11.967	0.015	2.396
759	-11.967	0.015	2.396
760	-11.967	0.015	2.396
761	-11.967	0.015	2.396
762	-11.967	0.015	26.939
763	-11.967	0.015	25.898
765	-11.967	0.015	25.902
766	-11.967	0.015	25.902
767	-11.967	0.015	25.902
768	-11.967	0.015	12.661
770	-11.967	0.015	2.980
771	-11.967	0.015	3.001
772	-11.967	0.015	18.475
773	-11.967	0.015	6.207
774	-11.967	0.015	19.516
776	-11.967	0.015	3.199
777	-11.967	0.015	17.665
778	-11.967	0.015	7.347
780	-11.967	0.015	3.217
847	-11.967	0.015	17.721
848	-11.967	0.015	17.721
849	-11.967	0.015	17.721
851	-11.967	0.015	19.521
852	-11.967	0.015	7.346
853	-11.967	0.015	26.217
855	-11.967	0.015	9.696
857	-11.967	0.015	9.695
858	-11.967	0.015	26.445
859	-11.967	0.015	7.346
860	-11.967	0.015	19.072
861	-11.967	0.015	19.060
862	-11.967	0.015	19.051
864	-11.967	0.015	19.051
866	-11.967	0.015	19.051
867	-11.967	0.015	19.051
868	-11.967	0.015	19.051
869	-11.967	0.015	19.051
870	-11.967	0.015	19.057
871	-11.967	0.015	19.057
872	-11.967	0.015	6.969
873	-11.967	0.015	19.069
874	-11.967	0.015	11.256
875	-11.967	0.015	11.239
876	-11.967	0.015	11.246
877	-11.967	0.015	18.771
878	-11.967	0.015	18.771
880	-11.967	0.015	9.585
882	-11.967	0.015	9.618
883	-11.967	0.015	11.173
884	-11.967	0.015	11.465
885	-11.967	0.015	26.677
886	-11.967	0.015	10.318
887	-11.967	0.015	19.946
888	-11.967	0.015	9.518
889	-11.967	0.015	9.523
890	-11.967	0.015	10.320
891	-11.967	0.015	18.360
899	-11.967	0.015	26.632
900	-11.967	0.015	8.976
903	-11.967	0.015	8.017
906	-11.967	0.015	8.977
907	-11.967	0.015	6.115
908	-11.967	0.015	6.714
918	-11.967	0.015	8.361
919	-11.967	0.015	9.174
920	-11.967	0.015	4.236
921	-11.967	0.015	4.233
922	-11.967	0.015	4.234
923	-11.967	0.015	4.234
924	-11.967	0.015	4.234
1006	-11.967	0.015	4.233
1009	-11.967	0.015	4.233
745	-11.966	0.015	4.233
746	-11.966	0.015	4.233
1797	-11.966	0.015	4.233
1798	-11.966	0.015	4.034
1799	-11.966	0.015	4.034
1800	-11.966	0.015	4.034
1801	-11.966	0.015	4.755
1802	-11.966	0.015	4.754
1803	-11.966	0.015	4.754
1804	-11.966	0.015	4.755
1805	-11.966	0.015	4.755
1806	-11.966	0.015	4.755
1807	-11.966	0.015	4.753
1808	-11.966	0.015	3.478
1809	-11.966	0.015	3.460
1810	-11.966	0.015	3.452
1811	-11.966	0.015	3.446
1812	-11.966	0.015	3.453
1813	-11.966	0.015	3.873
1814	-11.966	0.015	3.873
1815	-11.966	0.015	3.253
1816	-11.966	0.015	3.186
1817	-11.966	0.015	3.187
1818	-11.966	0.015	3.185
1819	-11.966	0.015	3.186
1820	-11.966	0.015	3.188
1821	-11.966	0.015	4.019
1822	-11.966	0.015	4.019
1823	-11.966	0.015	4.019
1824	-11.966	0.015	4.019
1825	-11.966	0.015	4.063
1826	-11.966	0.015	0.023
1827	-11.966	0.015	0.003
1828	-11.966	0.015	0.003
1829	-11.966	0.015	0.029
1830	-11.966	0.015	0.001
1831	-11.966	0.015	2.778
1832	-11.966	0.015	11.563
1833	-11.966	0.015	11.562
1834	-11.966	0.015	11.554
1835	-11.966	0.015	11.558
1836	-11.966	0.015	11.558
1837	-11.966	0.015	11.558
1840	-11.966	0.015	11.564
1841	-11.966	0.015	4.359
1842	-11.966	0.015	10.522
1843	-11.966	0.015	10.521
1844	-11.966	0.015	10.521
1845	-11.966	0.015	10.521
1846	-11.966	0.015	3.830
1847	-11.966	0.015	3.825
1849	-11.966	0.015	11.553
1850	-11.966	0.015	10.520
1851	-11.966	0.015	10.512
1852	-11.966	0.015	11.556
1853	-11.966	0.015	11.555
1854	-11.966	0.015	11.555
1855	-11.966	0.015	10.507
1856	-11.966	0.015	3.690
1857	-11.966	0.015	4.538
1858	-11.966	0.015	4.611
1860	-11.966	0.015	4.578
1861	-11.966	0.015	3.810
1862	-11.966	0.015	10.132
1863	-11.966	0.015	10.144
1865	-11.966	0.015	10.144
1866	-11.966	0.015	10.137
1868	-11.966	0.015	2.418
1870	-11.966	0.015	12.244
1871	-11.966	0.015	12.499
1872	-11.966	0.015	12.247
1873	-11.966	0.015	12.247
1874	-11.966	0.015	3.395
1876	-11.966	0.015	19.453
1878	-11.966	0.015	19.453
1881	-11.966	0.015	19.453
1882	-11.966	0.015	19.454
1883	-11.966	0.015	3.962
1884	-11.966	0.015	3.962
1885	-11.966	0.015	3.962
1886	-11.966	0.015	19.458
1887	-11.966	0.015	6.146
1888	-11.966	0.015	6.881
1889	-11.966	0.015	3.733
1890	-11.966	0.015	19.163
1891	-11.966	0.015	19.163
1892	-11.966	0.015	19.163
1893	-11.966	0.015	19.163
1894	-11.966	0.015	18.913
1896	-11.966	0.015	19.164
1897	-11.966	0.015	19.164
1898	-11.966	0.015	19.164
1899	-11.966	0.015	8.158
1901	-11.966	0.015	8.158
1902	-11.966	0.015	2.778
1903	-11.966	0.015	9.033
1904	-11.966	0.015	18.921
1905	-11.966	0.015	2.751
1906	-11.966	0.015	2.702
1907	-11.966	0.015	2.931
1908	-11.966	0.015	2.933
1909	-11.966	0.015	2.396
1910	-11.966	0.015	2.396
1911	-11.966	0.015	2.396
1912	-11.966	0.015	2.396
1913	-11.966	0.015	2.394
1914	-11.966	0.015	4.322
1915	-11.966	0.015	3.482
1916	-11.966	0.015	25.898
1917	-11.966	0.015	25.898
1918	-11.966	0.015	25.898
1919	-11.966	0.015	6.182
1921	-11.966	0.015	17.618
1922	-11.966	0.015	2.544
1924	-11.966	0.015	18.476
994	-11.966	0.015	6.205
1002	-11.966	0.015	19.516
1003	-11.966	0.015	6.641
648	-11.890	0.016	2.934
651	-11.890	0.016	2.937
660	-11.890	0.016	2.395
661	-11.890	0.016	2.395
662	-11.890	0.016	2.395
663	-11.890	0.016	2.395
664	-11.890	0.016	3.280
665	-11.890	0.016	4.315
673	-11.890	0.016	3.505
674	-11.890	0.016	25.907
677	-11.890	0.016	25.907
682	-11.890	0.016	25.907
683	-11.890	0.016	6.185
685	-11.890	0.016	3.261
688	-11.890	0.016	6.199
653	-11.889	0.016	18.478
654	-11.889	0.016	17.668
750	-11.889	0.016	19.519
755	-11.889	0.016	3.205
769	-11.889	0.016	17.668
775	-11.889	0.016	17.669
779	-11.889	0.016	6.222
850	-11.889	0.016	17.723
863	-11.889	0.016	17.724
1004	-11.889	0.016	17.724
1007	-11.889	0.016	17.727
905	-11.888	0.016	7.347
912	-11.835	0.013	19.060
926	-11.835	0.013	19.060
927	-11.835	0.013	16.434
930	-11.835	0.013	19.072
1012	-11.835	0.013	11.255
1013	-11.835	0.013	18.770
1015	-11.835	0.013	12.624
1016	-11.835	0.013	11.243
1017	-11.835	0.013	18.774
1018	-11.835	0.013	9.584
1022	-11.835	0.013	12.126
1839	-11.834	0.013	12.120
1848	-11.834	0.013	10.790
1859	-11.834	0.013	26.683
1864	-11.834	0.013	6.924
1867	-11.834	0.013	19.949
1869	-11.834	0.013	9.517
1877	-11.834	0.013	10.333
1879	-11.834	0.013	9.522
1880	-11.834	0.013	18.360
1895	-11.834	0.013	8.343
1900	-11.834	0.013	8.322
1923	-11.834	0.013	7.230
756	-11.834	0.013	8.152
995	-11.834	0.013	6.113
996	-11.834	0.013	9.403
997	-11.834	0.013	8.801
998	-11.834	0.013	8.146
999	-11.834	0.013	4.237
1000	-11.834	0.013	4.234
1008	-11.834	0.013	4.234
696	-11.723	0.069	10.504
697	-11.723	0.068	10.521
698	-11.723	0.068	10.521
700	-11.723	0.068	3.830
724	-11.723	0.068	3.825
729	-11.723	0.067	10.521
730	-11.723	0.068	10.521
731	-11.723	0.067	10.512
736	-11.723	0.068	11.541
739	-11.723	0.068	11.555
742	-11.723	0.068	11.555
957	-11.722	0.061	10.513
787	-11.722	0.068	3.691
799	-11.722	0.067	4.538
963	-11.722	0.068	4.611
991	-11.722	0.068	4.596
934	-11.722	0.073	4.527
970	-11.716	0.071	2.396
973	-11.716	0.071	2.396
977	-11.716	0.071	2.396
727	-11.695	0.081	25.899
933	-11.667	0.055	19.516
951	-11.667	0.055	19.516
952	-11.667	0.055	17.666
955	-11.667	0.055	17.667
956	-11.667	0.055	19.518
960	-11.667	0.055	17.722
961	-11.667	0.055	17.722
962	-11.667	0.055	17.722
943	-11.667	0.055	17.725
945	-11.667	0.055	7.344
964	-11.667	0.055	26.203
965	-11.667	0.055	9.696
983	-11.667	0.055	9.696
984	-11.667	0.055	26.442
985	-11.667	0.055	7.338
986	-11.667	0.055	19.073
987	-11.667	0.055	19.061
988	-11.667	0.055	19.052
989	-11.667	0.055	19.052
939	-11.660	0.058	19.052
967	-11.660	0.058	19.052
969	-11.660	0.058	19.052
972	-11.660	0.058	19.052
974	-11.660	0.058	19.057
975	-11.660	0.058	19.058
976	-11.660	0.058	9.688
980	-11.660	0.058	19.070
1920	-10.887	2.527	6.342
726	-10.819	1.087	8.364
1838	-10.588	2.427	19.645
1875	-10.588	2.427	19.645
693	-9.710	1.336	7.736
1020	-7.936	2.723	6.944
865	-7.935	2.723	7.740
881	-7.935	2.723	7.626
785	-7.726	2.560	2.280
