220	-14.594	0.000	0.000
132	-14.591	0.001	20.031
177	-14.591	0.001	20.024
52	-14.587	0.002	20.430
112	-14.587	0.002	20.429
13	-14.587	0.001	20.429
24	-14.586	0.002	20.019
25	-14.586	0.002	19.128
38	-14.586	0.002	20.245
95	-14.584	0.001	20.267
43	-14.556	0.006	20.272
74	-14.471	2.689	22.135
181	-14.430	2.692	20.075
71	-14.425	2.691	20.075
267	-14.424	2.691	20.076
148	-14.421	2.692	22.133
206	-14.421	2.691	21.386
138	-14.421	2.692	22.116
10	-14.419	2.691	22.284
12	-14.419	2.691	22.118
50	-14.418	2.691	22.118
113	-14.417	2.691	21.249
54	-14.417	2.691	0.000
121	-14.417	2.691	0.000
23	-14.416	2.691	0.000
29	-14.416	2.691	0.001
65	-14.416	2.691	20.489
498	-14.355	0.037	20.489
590	-14.355	0.037	20.489
240	-14.346	0.037	0.010
126	-14.341	0.038	20.294
547	-14.300	0.025	21.104
514	-14.298	0.025	0.027
469	-14.291	0.025	1.463
270	-14.290	0.025	1.465
401	-14.289	0.025	1.465
456	-14.289	0.025	1.465
457	-14.289	0.025	2.346
285	-14.285	0.026	1.461
487	-14.284	0.029	1.461
340	-14.253	0.026	20.454
157	-14.252	0.026	20.456
142	-14.252	0.026	20.455
232	-14.251	0.026	19.580
1054	-14.250	0.028	25.279
255	-14.249	0.028	2.344
97	-14.246	0.027	2.344
470	-14.246	0.028	19.538
183	-14.246	0.028	19.918
135	-14.245	0.028	20.510
237	-14.245	0.028	20.162
306	-14.245	0.028	20.157
307	-14.245	0.028	20.156
137	-14.245	0.028	20.156
203	-14.245	0.028	20.144
274	-14.245	0.028	24.379
299	-14.245	0.028	21.825
441	-14.245	0.028	21.825
189	-14.242	0.026	21.825
79	-14.240	0.029	21.825
433	-14.226	0.028	29.702
214	-14.129	2.691	20.838
557	-14.129	2.694	20.832
564	-14.129	2.694	2.859
524	-14.127	2.694	21.616
496	-14.126	2.694	1.957
471	-14.119	2.693	21.107
176	-14.118	2.693	2.831
298	-14.118	2.693	24.880
128	-14.118	2.693	21.117
171	-14.117	2.693	2.800
385	-14.117	2.693	2.800
257	-14.114	2.692	2.800
482	-14.110	2.693	1.957
21	-14.102	2.692	24.913
16	-14.102	2.692	22.542
538	-14.097	2.694	23.285
377	-14.089	2.693	23.283
312	-14.088	2.693	23.301
369	-14.087	2.693	24.912
263	-14.083	2.692	2.558
7	-14.083	2.692	2.579
289	-14.080	2.693	2.587
416	-14.080	2.693	2.587
192	-14.080	2.693	2.587
193	-14.080	2.693	2.587
154	-14.079	2.693	2.587
129	-14.079	2.693	2.587
130	-14.079	2.693	2.583
300	-14.078	2.693	2.583
275	-14.078	2.693	24.436
442	-14.078	2.693	2.538
143	-14.078	2.693	21.078
147	-14.078	2.693	21.061
158	-14.078	2.693	21.067
11	-14.077	2.692	3.363
387	-14.077	2.693	3.364
47	-14.075	2.692	23.177
48	-14.075	2.692	23.220
76	-14.074	2.692	20.992
80	-14.074	2.692	21.169
60	-14.074	2.692	22.873
109	-14.074	2.692	26.227
92	-14.074	2.692	2.181
18	-14.074	2.692	23.220
63	-14.074	2.692	23.226
89	-14.074	2.692	26.235
40	-14.074	2.692	3.049
26	-14.073	2.692	21.730
31	-14.073	2.692	24.576
58	-14.073	2.692	22.447
118	-14.073	2.692	24.574
582	-14.068	2.694	21.918
398	-14.044	2.688	22.142
489	-14.032	2.688	21.741
546	-14.006	2.690	25.238
552	-14.006	2.690	19.409
555	-14.006	2.690	19.411
560	-14.005	2.690	19.410
509	-14.005	2.690	19.410
569	-14.005	2.690	19.410
571	-14.005	2.690	19.410
545	-14.005	2.696	19.410
499	-14.004	2.690	19.410
516	-14.003	2.690	19.411
520	-14.003	2.690	19.409
534	-14.003	2.690	19.433
535	-14.003	2.690	19.431
537	-14.003	2.690	19.427
497	-14.003	2.690	20.249
252	-14.000	2.689	20.249
253	-14.000	2.689	20.249
254	-14.000	2.689	20.249
260	-14.000	2.689	20.249
261	-14.000	2.689	20.249
922	-13.999	2.689	20.253
249	-13.998	2.689	20.141
936	-13.998	2.689	20.127
478	-13.997	2.689	20.129
427	-13.997	2.689	20.123
842	-13.997	2.689	20.128
845	-13.997	2.689	20.153
1053	-13.997	2.689	20.150
350	-13.996	2.689	20.081
353	-13.996	2.689	20.049
354	-13.996	2.689	20.050
315	-13.996	2.689	20.050
344	-13.996	2.689	20.051
198	-13.996	2.689	20.055
418	-13.996	2.689	19.423
468	-13.996	2.689	19.423
472	-13.996	2.689	19.423
153	-13.995	2.689	19.422
156	-13.995	2.690	19.266
313	-13.995	2.689	19.467
347	-13.995	2.689	19.454
374	-13.995	2.689	19.454
381	-13.995	2.689	19.470
405	-13.995	2.689	19.454
408	-13.995	2.689	19.487
131	-13.995	2.689	20.404
161	-13.995	2.689	20.400
182	-13.995	2.689	20.383
215	-13.995	2.689	20.391
271	-13.994	2.690	20.391
272	-13.994	2.689	20.391
329	-13.994	2.689	20.407
159	-13.994	2.689	20.766
166	-13.994	2.689	20.027
167	-13.994	2.689	20.028
168	-13.994	2.689	20.028
233	-13.994	2.689	20.028
294	-13.994	2.689	19.400
297	-13.994	2.689	19.392
309	-13.994	2.689	20.425
384	-13.994	2.689	20.031
399	-13.994	2.689	20.026
402	-13.994	2.689	20.430
437	-13.994	2.689	20.429
443	-13.994	2.689	20.429
449	-13.994	2.689	20.023
451	-13.994	2.689	19.128
357	-13.993	2.689	20.604
358	-13.993	2.689	20.267
365	-13.993	2.689	20.253
367	-13.993	2.689	19.709
390	-13.992	2.689	20.074
49	-13.991	2.689	20.075
125	-13.991	2.689	20.076
77	-13.990	2.689	20.075
20	-13.990	2.689	21.293
32	-13.990	2.689	22.116
41	-13.990	2.689	22.284
106	-13.990	2.689	22.118
107	-13.990	2.689	22.118
111	-13.990	2.689	21.255
64	-13.990	2.689	0.000
96	-13.989	2.689	0.000
98	-13.989	2.689	0.000
101	-13.989	2.689	0.001
116	-13.989	2.689	20.489
117	-13.989	2.689	20.489
584	-13.984	2.691	20.489
494	-13.980	2.692	0.010
830	-13.962	2.689	21.457
585	-13.944	2.690	21.103
586	-13.944	2.690	20.293
396	-13.933	2.690	1.463
477	-13.642	2.446	1.461
244	-13.248	3.096	20.156
246	-13.248	3.095	20.155
211	-12.939	3.979	1.957
213	-12.912	3.547	24.332
981	-12.693	1.891	2.580
857	-12.569	3.930	23.177
36	-12.536	3.952	28.338
56	-12.531	3.953	28.344
115	-12.531	3.953	22.873
120	-12.531	3.953	26.223
82	-12.525	3.954	2.180
201	-12.525	3.953	23.220
102	-12.524	3.953	26.233
791	-12.491	2.879	24.576
9	-12.487	3.523	24.574
345	-12.354	3.460	19.435
587	-12.343	3.472	19.432
679	-12.341	3.459	20.249
454	-12.333	3.446	20.249
572	-12.333	3.428	20.249
434	-12.332	3.459	20.249
435	-12.331	3.425	20.246
394	-12.291	3.338	20.127
453	-12.286	3.524	20.123
778	-12.283	3.834	20.128
492	-12.277	3.306	20.149
46	-12.249	1.721	20.049
19	-12.245	1.721	20.049
28	-12.245	1.721	20.051
119	-12.240	1.724	20.055
103	-12.232	1.756	19.423
145	-12.231	1.739	19.423
34	-12.206	1.812	19.422
277	-12.112	3.402	20.401
818	-12.082	3.319	20.766
317	-12.020	3.493	20.026
592	-11.997	3.489	20.603
282	-11.997	3.520	20.606
529	-11.994	3.488	20.074
536	-11.994	3.488	21.377
51	-11.991	3.490	22.118
217	-11.980	3.520	25.228
502	-11.976	3.515	0.028
362	-11.973	3.486	1.463
575	-11.969	3.485	1.465
444	-11.968	3.487	1.461
100	-11.967	3.487	1.465
349	-11.967	3.515	20.456
558	-11.967	3.514	19.579
314	-11.966	3.515	1.464
14	-11.966	3.515	2.344
334	-11.965	3.515	2.345
410	-11.960	3.515	19.921
411	-11.960	3.515	19.918
420	-11.959	3.515	20.157
404	-11.956	3.515	20.156
84	-11.955	3.515	20.156
578	-11.925	3.454	21.495
239	-11.841	1.718	2.580
543	-11.818	3.237	2.587
521	-11.816	3.237	2.587
540	-11.815	3.237	2.587
375	-11.808	3.237	2.583
303	-11.802	3.240	2.538
548	-11.801	3.237	21.078
55	-11.796	3.219	22.702
39	-11.794	3.206	21.070
484	-11.793	3.237	3.364
429	-11.792	3.241	23.177
426	-11.792	3.237	28.339
746	-11.779	3.234	20.893
495	-11.775	3.234	24.445
987	-11.771	3.996	2.180
527	-11.742	1.693	26.233
1386	-11.742	3.152	23.226
588	-11.710	3.672	3.049
526	-11.663	1.775	22.594
551	-11.654	2.463	24.793
566	-11.654	2.464	19.409
567	-11.654	2.464	19.411
386	-11.635	2.537	19.410
447	-11.632	2.834	19.410
280	-11.602	2.538	19.410
27	-11.600	2.538	19.410
414	-11.599	2.538	19.411
221	-11.598	2.537	19.409
343	-11.589	2.441	19.432
554	-11.579	2.446	19.443
351	-11.572	2.434	20.249
483	-11.572	2.439	20.249
78	-11.571	2.807	20.249
326	-11.570	2.443	20.249
407	-11.570	2.443	20.249
452	-11.569	2.450	20.246
108	-11.562	2.442	20.128
22	-11.561	2.444	20.127
99	-11.561	2.450	20.123
155	-11.467	3.573	19.452
893	-11.448	3.435	20.028
440	-11.426	3.226	19.555
276	-11.418	3.243	2.929
863	-11.225	3.921	24.576
493	-10.907	3.623	20.028
579	-10.904	3.799	20.028
262	-10.904	3.624	19.392
134	-10.882	3.626	20.026
94	-10.881	3.626	20.354
200	-10.880	3.627	20.336
144	-10.859	3.841	20.075
389	-10.856	3.842	20.179
216	-10.854	3.849	20.076
574	-10.809	2.697	1.957
356	-10.790	3.754	24.906
939	-10.753	3.967	2.583
945	-10.752	3.951	2.541
810	-10.750	3.972	2.558
273	-10.718	3.014	23.408
911	-10.711	3.792	21.069
491	-10.701	3.616	24.416
999	-10.699	3.616	21.598
1029	-10.698	3.616	21.607
391	-10.669	3.401	20.932
428	-10.660	3.400	24.445
475	-10.659	2.026	24.423
302	-10.652	3.396	26.225
891	-10.627	3.597	23.226
510	-10.453	2.853	2.436
511	-10.444	2.883	24.576
517	-10.443	2.852	22.595
561	-10.443	2.907	2.733
360	-10.416	2.872	26.671
460	-10.415	2.848	19.411
821	-10.302	3.605	19.431
532	-10.281	3.445	20.028
419	-10.087	3.410	1.465
503	-10.047	2.919	2.346
