506	-9.665	0.000	20.152
406	-9.664	0.002	19.532
895	-9.661	0.007	19.423
227	-9.661	0.014	19.423
208	-9.660	0.009	19.422
776	-9.659	0.011	19.444
439	-9.657	0.015	19.471
197	-9.656	0.082	19.468
366	-9.656	0.015	19.454
413	-9.655	0.118	19.477
127	-9.570	0.285	19.394
794	-9.372	0.050	1.957
228	-9.023	0.669	20.253
519	-8.876	2.635	20.429
825	-8.815	2.512	22.118
804	-8.814	2.512	21.246
678	-8.811	2.512	0.000
693	-8.811	2.512	0.000
933	-8.803	2.662	0.000
744	-8.699	2.520	20.157
865	-8.699	2.520	20.177
629	-8.697	2.520	20.153
715	-8.697	2.520	21.978
633	-8.696	2.520	21.825
675	-8.696	2.520	21.825
683	-8.695	2.520	21.825
33	-8.658	1.807	20.838
70	-8.658	1.806	2.862
641	-8.586	1.837	2.825
680	-8.453	1.755	20.028
655	-8.367	1.749	20.157
1441	-8.341	1.869	20.434
1422	-8.339	1.869	2.880
1471	-8.333	1.863	21.121
1394	-8.332	1.862	2.831
1436	-8.328	1.859	21.132
1397	-8.328	1.856	2.800
1568	-8.326	1.856	2.800
1409	-8.326	1.856	2.800
1410	-8.326	1.854	29.611
1365	-8.321	1.849	22.542
507	-8.231	2.499	23.408
752	-8.230	2.499	21.069
738	-8.230	2.501	3.363
789	-8.229	2.499	3.364
701	-8.227	2.500	21.128
1450	-8.159	2.690	19.410
915	-8.107	2.514	19.410
866	-8.106	2.514	19.410
780	-8.106	2.513	19.410
844	-8.105	2.515	19.410
861	-8.105	2.515	19.411
657	-8.102	2.515	19.409
1419	-8.077	2.889	20.249
692	-7.986	3.313	20.766
743	-7.983	3.313	20.027
786	-7.940	3.319	20.031
505	-7.863	2.562	21.386
283	-7.862	2.561	22.116
528	-7.861	2.561	22.284
553	-7.861	2.560	22.118
533	-7.861	2.561	22.118
292	-7.861	2.562	21.256
295	-7.861	2.562	0.000
323	-7.861	2.561	0.000
544	-7.861	2.561	0.000
278	-7.861	2.562	0.001
281	-7.861	2.562	20.489
368	-7.861	2.562	20.489
480	-7.860	2.562	20.489
238	-7.859	2.562	0.010
175	-7.859	2.563	20.294
229	-7.859	2.562	21.458
207	-7.859	2.562	1.462
465	-7.859	2.563	1.463
463	-7.859	2.564	1.465
583	-7.785	2.595	19.957
1457	-7.768	2.569	21.825
1395	-7.767	2.571	21.825
1532	-7.767	2.572	21.825
1503	-7.767	2.582	29.690
1359	-7.766	2.571	21.133
1379	-7.766	2.571	2.880
1577	-7.765	2.565	2.859
1534	-7.761	2.586	21.107
1507	-7.665	3.356	22.542
1489	-7.575	3.332	21.067
1367	-7.562	3.332	3.363
