1676	-10.959	0.000	20.407
1396	-10.830	1.285	0.000
1504	-10.830	1.285	0.000
1527	-10.830	1.285	0.000
1528	-10.830	1.285	0.000
1363	-10.829	1.285	20.489
1378	-10.829	1.285	20.489
1391	-10.829	1.285	20.489
1398	-10.829	1.285	21.451
1400	-10.829	1.285	20.294
1404	-10.829	1.285	20.294
1425	-10.829	1.285	0.028
1426	-10.829	1.285	1.463
1433	-10.829	1.285	1.463
1455	-10.829	1.285	1.465
1487	-10.829	1.285	1.465
1493	-10.829	1.285	25.263
1498	-10.829	1.285	20.454
1499	-10.829	1.285	1.461
1612	-10.829	1.285	1.461
1614	-10.829	1.285	2.346
1620	-10.829	1.285	20.456
1636	-10.829	1.285	19.586
1706	-10.829	1.285	1.464
1708	-10.829	1.285	2.344
1710	-10.829	1.285	2.344
1727	-10.829	1.285	19.547
1741	-10.829	1.285	20.129
1467	-10.829	1.284	19.544
1435	-10.829	1.285	20.162
1554	-10.829	1.285	19.937
1645	-10.825	1.285	20.157
1646	-10.825	1.285	20.157
1649	-10.825	1.285	20.159
1667	-10.825	1.285	20.148
1770	-10.825	1.285	21.388
1771	-10.825	1.285	21.825
1690	-10.818	1.286	21.825
1641	-10.759	1.281	2.587
1767	-10.759	1.281	2.587
1678	-10.359	0.063	19.410
1553	-10.346	0.067	19.410
1570	-10.346	0.067	19.410
1606	-10.346	0.067	19.410
1615	-10.346	0.067	19.409
1619	-10.346	0.067	19.409
1627	-10.346	0.066	19.432
1629	-10.346	0.067	19.443
1694	-10.346	0.067	19.945
1707	-10.346	0.067	20.249
1718	-10.346	0.067	20.249
1719	-10.346	0.067	20.249
1415	-10.338	0.074	20.249
1537	-10.206	2.718	24.462
1637	-10.206	2.719	20.933
1382	-10.205	2.718	24.445
1406	-10.205	2.718	24.441
1411	-10.205	2.718	26.225
1430	-10.205	2.718	26.225
1465	-10.205	2.718	23.226
1475	-10.205	2.718	26.244
1495	-10.205	2.718	24.572
1634	-10.205	2.718	22.447
1635	-10.205	2.718	22.447
1724	-10.205	2.718	22.455
1732	-10.205	2.718	2.733
1734	-10.205	2.718	22.116
1736	-10.205	2.718	27.777
1740	-10.205	2.718	25.712
1762	-10.205	2.718	27.055
1452	-10.205	2.718	19.409
1769	-10.202	2.720	19.410
1642	-10.202	2.718	19.410
1647	-10.202	2.718	19.410
1648	-10.202	2.718	19.410
1654	-10.202	2.718	19.410
1662	-10.202	2.718	19.410
1664	-10.202	2.718	19.409
1665	-10.202	2.718	19.409
1768	-10.202	2.718	19.432
1774	-10.202	2.718	19.445
1691	-10.200	2.718	20.249
1692	-10.200	2.718	20.249
1368	-10.181	1.416	20.028
1377	-10.180	1.405	20.028
1380	-10.153	1.340	0.000
1548	-10.112	1.320	21.123
1428	-10.091	1.313	1.465
1440	-9.974	2.438	20.454
1594	-9.958	2.430	20.456
1786	-9.955	2.429	19.586
1590	-9.950	2.428	19.578
1699	-9.885	2.436	19.563
1698	-9.885	2.431	21.030
1702	-9.885	2.432	19.541
1704	-9.885	2.431	20.147
1713	-9.885	2.431	20.157
1592	-9.884	2.435	20.157
1477	-9.884	2.432	20.159
1560	-9.884	2.431	20.152
1597	-9.884	2.430	20.186
1599	-9.884	2.431	21.825
1618	-9.884	2.431	21.825
1628	-9.884	2.431	21.825
1733	-9.884	2.431	21.828
1752	-9.884	2.431	20.504
1598	-9.884	2.432	20.838
1609	-9.884	2.432	2.862
1757	-9.884	2.432	2.859
1789	-9.881	2.431	2.868
1651	-9.881	2.431	1.957
1661	-9.881	2.431	24.314
1687	-9.878	2.432	2.832
1442	-9.755	3.106	23.300
1576	-9.755	3.106	24.908
1602	-9.755	3.106	2.559
1753	-9.755	3.106	23.281
1758	-9.755	3.106	2.588
1759	-9.755	3.106	2.587
1673	-9.753	3.106	2.587
1689	-9.752	3.106	2.587
1681	-9.751	3.106	2.587
1561	-9.729	3.108	2.587
1562	-9.729	3.108	22.804
1600	-9.729	3.108	2.583
1610	-9.729	3.108	22.674
1701	-9.728	3.108	2.538
1714	-9.728	3.108	2.785
1596	-9.727	3.108	3.368
1633	-9.727	3.108	23.408
1696	-9.727	3.108	21.069
1595	-9.727	3.108	3.364
1603	-9.727	3.108	21.035
1605	-9.727	3.108	21.598
1625	-9.726	3.108	21.607
1749	-9.726	3.108	24.462
1750	-9.726	3.108	20.903
1782	-9.725	3.108	28.354
1783	-9.725	3.108	24.441
1588	-9.724	3.109	26.225
1677	-9.723	3.109	26.225
1711	-9.706	3.109	23.226
1712	-9.706	3.109	26.245
1464	-9.706	3.109	24.572
1523	-9.706	3.109	21.725
1639	-9.706	3.109	24.576
1725	-9.706	3.109	22.656
1726	-9.706	3.109	22.602
1728	-9.706	3.109	22.117
1756	-9.706	3.109	25.069
1643	-9.704	3.109	25.712
1776	-9.704	3.109	26.115
1777	-9.704	3.109	19.409
1779	-9.704	3.109	19.410
1669	-9.704	3.109	19.410
1644	-9.704	3.109	19.410
1709	-9.694	2.912	19.410
1622	-9.693	2.912	19.410
1638	-9.693	2.912	19.410
1723	-9.693	2.912	19.410
1745	-9.693	2.912	19.409
1763	-9.693	2.912	19.409
1656	-9.689	2.912	19.432
1657	-9.689	2.912	19.444
1486	-9.688	2.926	19.440
1593	-9.688	2.926	20.249
1735	-9.646	2.784	19.452
1663	-9.642	2.785	19.453
1521	-9.635	3.137	20.388
1631	-9.619	2.932	20.410
1761	-9.619	2.932	20.391
1747	-9.618	2.932	20.391
1751	-9.618	2.932	20.407
1375	-9.615	3.116	20.374
1679	-9.612	2.933	20.023
1653	-9.600	3.116	20.027
1630	-9.571	2.567	20.028
1705	-9.571	2.567	20.030
1781	-9.568	2.567	20.031
1616	-9.543	2.569	20.429
1791	-9.541	2.569	20.429
1674	-9.540	2.569	20.429
1680	-9.538	2.569	20.026
1684	-9.538	2.569	19.136
1530	-9.535	1.454	20.237
1474	-9.524	1.457	20.245
1730	-9.492	2.804	20.610
1538	-9.488	2.825	20.215
1544	-9.488	2.825	20.403
1434	-9.484	1.470	20.075
1550	-9.483	2.839	20.074
1385	-9.477	2.872	20.076
1540	-9.471	1.474	0.002
1601	-9.461	3.068	0.000
1754	-9.461	3.068	0.000
1675	-9.457	3.068	20.489
1427	-9.451	2.813	21.458
1517	-9.451	2.813	21.470
1613	-9.451	2.813	21.474
1722	-9.451	2.813	1.465
1744	-9.451	2.813	1.465
1621	-9.451	2.577	1.465
1640	-9.451	2.577	2.346
1721	-9.451	2.577	1.461
1729	-9.451	2.577	1.461
1738	-9.451	2.577	20.454
1742	-9.451	2.577	20.456
1743	-9.451	2.577	19.586
1765	-9.450	2.794	19.579
1659	-9.448	2.813	25.279
1772	-9.448	2.577	2.344
1778	-9.448	2.577	2.347
1780	-9.448	2.577	19.548
1461	-9.407	2.917	20.157
1358	-9.373	2.956	2.868
1591	-9.357	3.098	2.832
1624	-9.355	3.099	24.353
1362	-9.354	2.975	1.955
1371	-9.354	2.978	2.800
1695	-9.353	3.101	2.800
1589	-9.348	3.094	24.916
1587	-9.348	3.098	23.285
1531	-9.347	2.991	23.300
1604	-9.345	3.094	24.909
1632	-9.345	3.096	20.397
1437	-9.344	1.726	24.896
1617	-9.344	3.099	2.588
1449	-9.343	1.736	2.587
1479	-9.343	3.094	2.587
1563	-9.343	3.097	2.587
1715	-9.343	3.097	2.582
1683	-9.339	3.096	2.583
1685	-9.339	3.096	22.674
1682	-9.339	3.096	2.538
1688	-9.338	3.097	2.785
1693	-9.326	1.788	3.363
1760	-9.326	1.788	21.598
1558	-9.323	1.714	28.342
1623	-9.323	1.714	24.462
1746	-9.323	1.715	20.903
1660	-9.319	1.715	22.883
1787	-9.319	1.715	26.223
1672	-9.318	1.713	26.225
1686	-9.314	1.715	26.225
1731	-9.309	2.852	23.226
1764	-9.289	2.788	26.245
1739	-9.289	2.787	26.249
1658	-9.286	2.788	21.725
1703	-9.278	2.862	22.595
1717	-9.278	2.862	24.577
1607	-9.275	3.279	22.456
1716	-9.241	3.282	22.078
1513	-9.240	3.276	25.712
1565	-9.240	3.277	26.114
1755	-9.240	3.276	19.409
1766	-9.240	3.276	19.410
1748	-9.240	3.282	19.410
1670	-9.237	3.276	19.410
1671	-9.237	3.276	19.410
1773	-9.237	3.276	19.409
1784	-9.237	3.282	19.410
1785	-9.237	3.282	19.410
1700	-9.219	1.724	19.409
1788	-9.214	1.727	19.409
1429	-9.146	3.279	19.432
1490	-9.133	3.280	19.427
1668	-9.109	3.281	19.440
1488	-9.070	2.453	20.249
1491	-9.069	2.452	20.249
1408	-9.020	2.444	20.247
1505	-9.020	2.444	20.249
1510	-9.020	2.444	20.252
1567	-9.020	2.444	20.137
1611	-9.020	2.443	20.127
1512	-9.020	2.445	20.126
1581	-9.020	2.446	20.161
1608	-9.020	2.445	20.127
1737	-9.020	2.445	20.152
1720	-9.020	2.444	20.154
1446	-9.020	2.445	20.059
1501	-9.020	2.445	20.049
1482	-9.019	2.443	20.049
1460	-9.019	2.444	20.050
1539	-9.019	2.444	20.047
1580	-9.019	2.444	20.055
1453	-9.019	2.444	19.423
1480	-9.019	2.444	19.423
1496	-9.019	2.444	19.422
1516	-9.019	2.445	19.423
1655	-9.018	2.445	19.475
1652	-9.017	2.443	19.265
1575	-9.015	1.980	19.454
1518	-8.985	2.990	19.477
1697	-8.970	3.378	20.392
1444	-8.729	2.172	1.465
