1084	-10.388	0.000	19.410
1074	-10.385	0.113	19.410
1220	-10.384	0.005	19.410
1094	-10.322	0.444	20.247
1192	-10.322	0.405	20.249
1110	-10.322	0.399	20.137
1328	-10.321	0.438	20.127
1267	-10.320	0.086	20.126
1217	-10.312	2.746	20.127
1242	-10.312	2.746	20.128
1285	-10.312	2.746	20.152
1324	-10.312	2.746	20.081
1189	-10.311	2.749	20.059
1146	-10.310	2.749	20.049
1095	-10.310	2.746	20.049
1206	-10.310	2.746	20.051
1347	-10.310	2.746	20.055
1185	-10.309	2.749	20.018
1137	-10.309	2.749	19.423
1102	-10.309	2.748	19.423
1139	-10.308	2.749	19.422
1204	-10.300	2.746	19.420
1265	-10.299	2.746	19.468
1173	-10.299	2.746	19.454
1200	-10.299	2.746	19.477
1117	-10.299	2.746	19.469
1169	-10.299	2.746	19.454
1295	-10.288	3.020	20.453
1316	-10.288	3.020	20.387
1226	-10.288	3.020	20.529
1260	-10.288	3.020	20.391
1270	-10.288	3.020	20.391
1289	-10.288	3.020	20.391
1292	-10.288	3.022	20.407
1172	-10.287	3.020	20.766
1208	-10.287	3.020	20.027
1209	-10.287	3.020	20.028
1251	-10.274	2.836	20.028
1297	-10.274	2.837	20.028
1264	-10.273	2.838	19.393
1162	-10.273	2.841	19.395
1184	-10.272	2.835	20.031
1122	-10.272	2.838	20.426
1332	-10.272	2.847	20.429
1076	-10.256	0.017	20.429
1215	-10.251	0.021	20.429
1212	-10.251	0.017	20.027
1216	-10.251	0.028	19.273
1211	-10.251	0.022	20.603
1187	-10.249	0.016	20.246
1163	-10.249	0.026	20.256
1129	-10.248	0.017	20.220
1086	-10.248	0.012	22.202
1108	-10.248	0.013	20.075
1090	-10.248	0.023	20.076
1116	-10.248	0.021	20.074
1202	-10.248	0.022	21.378
1142	-10.248	0.024	22.116
1147	-10.248	0.022	22.116
1148	-10.248	0.017	22.118
1178	-10.248	0.023	22.118
1107	-10.248	0.018	22.118
1153	-10.248	0.032	0.000
1088	-10.248	0.025	0.000
1126	-10.248	0.024	0.000
1299	-10.244	0.020	0.000
1225	-10.244	0.033	20.489
1223	-10.244	0.025	20.489
1312	-10.244	0.025	20.489
1257	-10.243	0.011	20.294
1233	-10.243	0.015	20.267
1262	-10.243	0.024	22.314
1290	-10.243	0.026	1.463
1232	-10.243	0.024	25.240
1306	-10.243	0.024	1.465
1307	-10.243	0.020	1.465
1319	-10.243	0.025	1.465
1237	-10.240	3.040	2.346
1240	-10.239	3.040	1.461
1229	-10.239	3.040	1.461
1258	-10.234	2.753	20.454
1259	-10.234	2.753	20.456
1309	-10.233	2.753	19.586
1279	-10.233	2.753	1.464
1244	-10.233	2.753	2.344
1321	-10.233	2.753	2.344
1342	-10.233	2.753	20.141
1337	-10.233	1.250	20.165
1241	-10.232	2.753	19.918
1296	-10.232	2.753	20.511
1317	-10.232	2.753	20.158
1318	-10.232	2.753	20.157
1203	-10.232	2.753	20.157
1179	-10.232	2.753	19.936
1180	-10.232	2.753	20.047
1106	-10.232	2.753	20.747
1127	-10.232	1.247	21.825
1154	-10.232	1.250	21.825
1085	-10.231	2.753	21.825
1197	-10.231	2.753	20.285
1198	-10.231	2.753	20.479
1199	-10.231	2.753	20.838
1098	-10.231	2.753	2.859
1131	-10.231	2.753	2.859
1333	-10.231	2.753	2.868
1082	-10.231	2.753	1.957
1344	-10.231	2.753	2.831
1345	-10.231	2.753	2.831
1221	-10.231	2.751	1.957
1235	-10.231	2.751	2.800
1283	-10.231	2.751	2.800
1311	-10.231	2.751	2.800
1245	-10.231	2.751	29.608
1250	-10.231	2.751	22.331
1268	-10.231	2.751	23.471
1276	-10.231	2.751	23.285
1284	-10.231	2.751	23.285
1291	-10.231	2.751	23.301
1315	-10.231	2.751	24.908
1310	-10.231	2.752	2.558
1193	-10.230	2.751	2.580
1167	-10.229	2.751	2.588
1205	-10.229	2.751	2.587
1087	-10.229	2.751	2.587
1089	-10.229	2.751	2.587
1091	-10.229	2.751	2.587
1093	-10.229	2.751	2.587
1096	-10.229	2.751	2.780
1097	-10.229	2.751	2.583
1099	-10.229	2.751	22.674
1132	-10.229	2.751	2.538
1152	-10.229	2.751	2.785
1210	-10.229	2.751	21.078
1348	-10.229	2.751	23.408
1158	-10.229	2.751	21.069
1115	-10.229	2.751	3.364
1155	-10.229	2.751	24.416
1293	-10.227	1.251	21.598
1079	-10.207	2.855	21.607
1213	-10.202	2.975	19.410
1277	-10.200	2.994	19.453
1118	-10.199	2.997	20.249
1278	-10.196	2.964	20.249
1218	-10.196	3.031	20.249
1230	-10.196	3.031	20.247
1272	-10.196	3.031	20.107
1303	-10.196	3.031	20.137
1136	-10.195	3.031	20.127
1144	-10.195	3.031	20.126
1165	-10.195	3.031	20.158
1343	-10.195	3.031	20.128
1352	-10.195	3.031	20.152
1156	-10.195	3.031	20.080
1103	-10.195	3.032	20.059
1327	-10.195	3.029	20.049
1128	-10.194	3.033	20.049
1170	-10.194	3.036	20.051
1253	-10.190	2.815	20.055
1300	-10.189	2.815	20.028
1280	-10.189	2.815	19.423
1234	-10.188	2.816	19.423
1247	-10.188	2.815	19.421
1349	-10.188	2.816	19.444
1239	-10.188	2.817	19.420
1274	-10.188	2.755	19.468
1159	-10.188	0.088	19.454
1161	-10.187	2.815	19.478
1151	-10.187	2.815	19.470
1124	-10.187	2.815	19.456
1125	-10.187	2.815	20.767
1182	-10.187	2.815	20.388
1157	-10.187	2.816	20.402
1123	-10.187	0.090	20.391
1183	-10.187	0.089	20.391
1145	-10.187	0.085	20.391
1168	-10.187	0.093	20.407
1176	-10.187	0.094	20.532
1254	-10.183	0.088	20.027
1236	-10.182	0.094	20.028
1214	-10.179	0.080	20.028
1336	-10.177	0.080	19.397
1338	-10.177	0.080	19.394
1339	-10.177	0.080	20.031
1341	-10.177	0.081	20.031
1105	-10.176	0.079	20.429
1346	-10.176	0.080	20.429
1188	-10.176	0.080	20.429
1195	-10.176	0.085	20.328
1331	-10.176	0.081	19.132
1334	-10.176	0.080	20.603
1166	-10.175	0.082	20.245
1273	-10.172	2.868	20.619
1255	-10.172	0.076	20.220
1281	-10.171	2.852	22.202
1231	-10.171	0.080	20.075
1305	-10.171	0.079	20.074
1266	-10.171	0.076	21.299
1224	-10.171	0.078	21.378
1287	-10.171	0.078	21.380
1301	-10.171	0.079	22.116
1227	-10.171	0.082	22.118
1286	-10.171	0.081	22.118
1304	-10.171	0.089	22.118
1269	-10.171	0.095	0.002
1329	-10.170	2.858	0.000
1322	-10.170	0.081	0.000
1308	-10.137	1.256	20.489
1177	-10.136	0.141	20.489
1261	-10.136	0.584	20.489
1298	-10.131	0.148	21.451
1164	-10.124	2.825	21.451
1201	-10.123	2.822	20.492
1275	-10.121	2.498	21.458
1238	-10.110	3.014	21.472
1313	-10.011	1.828	1.461
1150	-9.928	1.871	2.344
1141	-9.834	1.879	1.955
1271	-9.800	3.860	2.800
1092	-9.792	3.861	21.143
1080	-9.791	3.861	23.470
1081	-9.791	3.861	24.916
1171	-9.791	3.861	23.285
1252	-9.598	3.842	20.028
1174	-9.586	1.437	20.028
1140	-9.474	1.786	21.378
1120	-9.474	1.787	21.383
1263	-9.472	1.787	22.116
1219	-9.472	1.787	22.118
1228	-9.472	1.787	22.118
1288	-9.472	1.788	22.118
1075	-9.461	1.808	0.000
1078	-9.461	1.808	20.489
1135	-9.455	1.810	20.489
1119	-9.454	1.800	20.489
1083	-9.454	1.809	0.010
1121	-9.454	1.808	20.294
1196	-9.437	1.743	19.918
1134	-9.419	1.804	19.540
1077	-9.412	1.826	20.147
1073	-9.406	1.825	20.157
1190	-9.406	1.826	19.935
1335	-9.406	1.826	20.153
1340	-9.406	1.826	21.034
1351	-9.405	1.825	21.825
1104	-9.405	1.825	21.825
1248	-9.405	1.826	21.825
1111	-9.405	1.826	21.825
1160	-9.405	1.826	20.318
1112	-9.405	1.825	20.838
1138	-9.389	1.775	2.862
1113	-9.260	1.738	22.116
1191	-9.079	2.191	20.249
1246	-8.977	2.448	19.452
1109	-8.972	2.448	19.453
1143	-8.972	2.448	20.403
1101	-8.972	2.448	20.388
1181	-8.972	2.449	20.402
1186	-8.972	2.449	20.410
1130	-8.972	2.448	20.391
1330	-8.971	2.448	20.391
1294	-8.632	3.256	1.957
1314	-8.498	3.640	19.440
1323	-8.497	3.640	20.249
1114	-8.497	3.640	20.249
1175	-8.496	3.640	20.060
1222	-8.480	3.639	20.391
1282	-8.480	3.639	20.533
1325	-8.480	3.639	20.027
1350	-8.451	3.640	20.028
1243	-8.451	3.640	20.028
1194	-7.531	3.829	3.364
1320	-7.531	3.835	23.177
1256	-7.530	3.805	28.341
1249	-7.445	3.859	22.638
