194	-13.754	0.000	1.465
409	-13.753	0.000	1.465
430	-13.753	0.000	1.465
243	-13.701	0.028	2.346
643	-13.372	0.051	1.461
647	-13.372	0.051	1.461
670	-13.371	0.072	20.456
695	-13.371	0.073	20.456
637	-13.370	0.072	19.579
644	-13.370	0.072	25.279
722	-13.369	0.052	2.344
628	-13.368	0.050	19.578
985	-13.363	0.077	19.517
1043	-13.359	0.076	19.921
245	-13.356	0.056	19.918
395	-13.305	0.059	20.158
397	-13.278	0.057	20.157
671	-13.247	0.055	20.139
17	-13.147	0.106	21.014
37	-13.147	0.106	20.779
87	-13.147	0.106	21.825
61	-13.147	0.106	21.825
15	-13.146	0.106	21.825
225	-13.064	0.101	21.489
81	-13.063	0.102	2.961
88	-12.963	0.131	20.523
974	-12.955	0.227	2.859
86	-12.949	0.134	21.616
963	-12.895	0.137	2.831
663	-12.894	0.132	2.830
1044	-12.894	0.137	21.114
72	-12.869	1.270	2.800
382	-12.869	1.270	2.800
199	-12.861	2.254	2.800
42	-12.849	2.413	1.957
162	-12.814	0.106	24.913
293	-12.802	1.261	22.515
321	-12.802	1.261	23.285
268	-12.801	1.260	23.283
231	-12.797	1.263	23.301
204	-12.796	1.264	24.912
151	-12.714	0.304	2.558
1031	-12.655	0.311	2.587
1000	-12.643	0.384	2.587
828	-12.638	2.420	2.587
973	-12.618	0.352	2.587
975	-12.616	0.247	2.587
1016	-12.614	0.248	2.587
665	-12.606	0.183	2.583
699	-12.606	0.183	2.583
672	-12.606	0.183	2.718
729	-12.602	0.258	2.538
840	-12.595	0.190	21.078
832	-12.593	0.190	22.583
814	-12.593	0.194	21.067
622	-12.577	0.141	3.364
666	-12.576	0.141	3.364
187	-12.550	0.253	23.220
687	-12.517	0.467	26.201
1041	-12.502	0.582	3.049
993	-12.492	0.261	21.730
432	-12.491	2.281	22.447
1008	-12.486	0.259	21.918
1009	-12.486	0.266	22.086
393	-12.478	0.489	22.070
93	-12.459	2.281	24.822
66	-12.458	2.281	19.409
73	-12.457	2.281	19.411
630	-12.450	0.147	19.410
8	-12.450	2.289	19.410
549	-12.399	0.152	19.410
256	-12.391	0.154	19.410
702	-12.381	2.286	19.410
990	-12.369	2.293	19.410
856	-12.368	2.293	19.411
104	-12.367	1.469	19.409
196	-12.341	0.157	19.443
178	-12.336	0.158	20.249
122	-12.335	0.158	20.249
1021	-12.324	1.081	20.142
1030	-12.299	0.706	20.129
686	-12.282	0.153	20.128
136	-12.275	1.114	20.081
790	-12.247	1.011	20.049
907	-12.197	1.107	19.423
812	-12.194	1.106	19.431
869	-12.190	1.120	19.420
720	-12.183	1.089	19.454
1033	-12.173	0.883	19.455
481	-12.125	1.160	19.471
421	-12.122	1.160	19.486
222	-12.122	1.162	20.030
219	-12.122	1.162	20.404
205	-12.104	1.160	20.383
325	-12.104	1.166	20.391
308	-12.102	1.166	20.391
464	-12.096	1.157	20.391
359	-12.095	1.166	20.407
961	-12.081	1.280	20.027
209	-12.033	0.233	20.028
140	-12.033	0.237	20.028
580	-12.033	1.112	20.028
335	-12.021	0.249	19.400
352	-12.020	0.254	19.392
348	-12.017	0.252	20.031
296	-12.016	0.246	20.026
924	-12.012	1.155	20.353
912	-12.011	1.151	20.429
946	-12.010	1.156	20.429
935	-12.004	1.152	20.023
1056	-11.997	1.155	19.275
1055	-11.996	1.157	20.253
1064	-11.995	1.151	20.221
1059	-11.994	1.174	20.075
854	-11.994	1.148	20.075
1061	-11.994	1.166	20.076
858	-11.993	1.154	21.384
436	-11.993	2.238	22.284
877	-11.989	1.110	22.118
864	-11.989	1.175	22.173
847	-11.988	1.161	0.000
676	-11.988	2.317	0.000
617	-11.987	2.317	0.000
623	-11.987	2.317	0.001
624	-11.987	2.317	20.489
631	-11.987	2.317	20.489
640	-11.987	2.317	20.489
646	-11.987	2.317	0.010
649	-11.987	2.317	20.294
1050	-11.970	0.230	1.463
805	-11.969	0.239	1.465
760	-11.968	0.235	2.346
892	-11.968	0.238	1.461
954	-11.967	0.239	1.461
771	-11.963	2.325	19.548
989	-11.958	2.325	20.157
570	-11.952	0.194	19.935
761	-11.942	0.202	21.032
878	-11.941	0.205	20.966
750	-11.940	0.202	21.825
884	-11.938	0.205	21.825
849	-11.937	0.199	21.825
926	-11.932	1.047	21.489
862	-11.930	0.203	21.101
525	-11.920	1.139	2.859
258	-11.916	1.145	2.927
559	-11.911	1.125	1.957
266	-11.910	1.144	21.108
412	-11.903	0.204	2.831
230	-11.903	1.146	2.831
173	-11.902	1.146	21.600
438	-11.899	0.199	2.800
834	-11.899	1.160	2.800
133	-11.896	1.147	2.800
242	-11.883	0.203	2.799
287	-11.881	0.215	24.913
461	-11.880	0.202	22.515
530	-11.873	1.121	23.285
504	-11.873	1.130	23.285
799	-11.870	1.127	23.301
316	-11.860	0.221	28.650
448	-11.848	1.128	2.558
513	-11.835	1.287	2.587
361	-11.833	1.136	2.587
851	-11.823	0.691	2.587
965	-11.802	0.200	2.583
966	-11.802	0.200	32.244
838	-11.800	0.198	3.368
762	-11.785	1.136	28.336
816	-11.775	1.136	22.873
906	-11.748	1.151	23.220
645	-11.694	2.298	22.648
581	-11.692	2.298	22.638
735	-11.669	2.305	21.147
730	-11.659	2.302	21.918
984	-11.658	2.302	23.129
1038	-11.657	2.301	22.071
5	-11.641	2.693	19.410
6	-11.641	2.693	19.410
332	-11.594	1.241	19.435
562	-11.579	1.324	19.869
728	-11.567	2.694	20.142
734	-11.540	2.268	20.128
673	-11.536	1.256	20.128
1036	-11.533	2.947	20.152
431	-11.531	2.297	20.081
1	-11.524	2.692	20.049
2	-11.524	2.692	20.049
3	-11.524	2.692	20.049
979	-11.522	2.692	20.051
731	-11.520	2.692	20.054
490	-11.502	2.953	19.422
188	-11.500	2.692	19.423
1004	-11.500	2.952	19.423
577	-11.489	2.953	19.424
614	-11.489	2.953	19.269
1042	-11.483	2.949	19.420
185	-11.480	2.953	19.454
150	-11.479	2.953	19.455
392	-11.478	2.954	19.467
59	-11.463	2.811	19.414
476	-11.454	2.211	20.404
114	-11.453	2.211	20.400
57	-11.452	2.210	20.383
164	-11.452	2.210	20.391
53	-11.452	2.211	20.391
170	-11.451	2.211	20.391
68	-11.449	2.211	20.407
69	-11.449	2.211	20.766
445	-11.449	2.211	20.027
550	-11.449	2.811	20.024
908	-11.447	2.810	20.028
826	-11.446	2.811	19.400
868	-11.445	2.811	19.392
748	-11.444	2.810	20.030
757	-11.444	2.811	20.031
881	-11.444	2.810	20.026
889	-11.444	2.810	20.354
758	-11.443	2.810	20.429
772	-11.442	2.811	20.429
250	-11.442	2.811	20.024
785	-11.441	2.811	19.132
355	-11.440	2.808	20.603
318	-11.440	2.811	20.267
500	-11.439	2.810	20.264
563	-11.439	2.791	20.220
724	-11.438	2.811	20.897
651	-11.437	2.811	20.075
661	-11.437	2.812	20.076
721	-11.437	2.812	22.132
342	-11.437	2.811	21.376
474	-11.437	2.811	22.117
681	-11.436	2.812	22.284
682	-11.436	2.812	22.118
685	-11.436	2.812	22.118
690	-11.436	2.812	22.118
712	-11.436	2.812	0.000
609	-11.435	2.802	0.000
625	-11.435	2.812	0.000
425	-11.435	2.811	0.001
423	-11.435	2.812	20.489
327	-11.434	1.303	20.489
284	-11.434	2.811	20.489
322	-11.433	1.303	0.010
279	-11.432	2.811	21.457
291	-11.432	2.812	20.294
346	-11.432	2.811	21.458
373	-11.432	2.810	1.463
376	-11.432	2.810	1.463
378	-11.432	2.811	1.465
336	-11.431	2.811	1.465
371	-11.431	2.821	20.454
523	-11.431	2.810	20.454
719	-11.431	2.810	1.461
372	-11.430	1.303	1.461
515	-11.430	2.810	20.454
333	-11.429	2.816	20.456
539	-11.428	2.814	20.455
531	-11.427	2.805	21.462
301	-11.427	2.811	2.344
331	-11.427	2.813	2.344
195	-11.426	2.811	19.921
226	-11.426	2.812	19.918
415	-11.426	2.812	20.161
269	-11.425	2.810	20.157
466	-11.424	2.812	20.157
180	-11.424	2.812	20.157
149	-11.424	2.812	19.935
467	-11.424	2.811	21.765
202	-11.422	2.812	20.969
174	-11.422	2.812	21.825
172	-11.421	2.822	21.825
105	-11.421	2.811	21.825
45	-11.421	2.811	20.279
522	-11.421	2.826	20.838
305	-11.421	2.826	21.126
83	-11.419	2.819	2.859
290	-11.417	2.794	1.957
91	-11.416	2.810	1.958
339	-11.415	1.297	2.831
364	-11.415	2.810	2.831
363	-11.415	2.810	1.957
417	-11.414	2.838	2.800
446	-11.411	2.810	2.800
30	-11.410	2.810	2.800
62	-11.410	2.810	2.798
190	-11.408	2.641	24.913
422	-11.406	1.300	22.515
462	-11.404	2.810	23.285
459	-11.404	2.810	23.285
403	-11.402	2.805	23.301
320	-11.398	1.291	24.906
212	-11.397	1.292	2.558
994	-11.395	2.242	2.580
110	-11.394	1.292	2.587
380	-11.390	2.855	2.587
424	-11.389	1.294	2.587
704	-11.386	2.268	2.587
218	-11.386	2.850	2.587
684	-11.385	2.267	2.587
508	-11.384	1.311	2.583
458	-11.383	2.843	2.583
591	-11.355	1.307	22.673
152	-11.349	2.002	2.538
565	-11.343	1.301	21.078
1072	-11.329	1.299	3.369
1569	-11.325	2.814	23.408
1509	-11.306	2.794	21.069
783	-11.300	2.221	3.364
941	-11.297	2.221	21.034
942	-11.297	2.221	21.598
967	-11.295	2.221	28.336
788	-11.294	2.221	24.461
1566	-11.290	2.826	22.873
1519	-11.287	2.835	24.445
1524	-11.281	2.816	2.181
1057	-11.264	2.235	23.220
573	-11.260	1.625	26.228
485	-11.248	2.517	23.226
191	-11.247	2.517	2.348
831	-11.246	2.223	3.879
4	-11.244	2.515	22.639
486	-11.224	2.825	24.574
488	-11.192	2.734	2.737
67	-11.122	1.619	21.994
953	-11.115	2.829	22.955
753	-11.111	2.829	25.713
767	-11.104	2.828	19.409
800	-11.102	2.828	19.411
798	-11.102	2.829	19.410
1046	-11.097	2.826	19.410
642	-11.094	2.241	19.410
837	-11.093	2.827	19.410
741	-11.093	2.522	19.410
659	-11.093	2.522	19.410
473	-11.092	2.522	19.410
668	-11.092	2.522	19.409
705	-11.092	2.522	19.435
779	-11.092	2.522	19.432
542	-11.092	2.522	19.428
35	-11.090	2.522	19.869
885	-11.089	2.828	20.249
224	-11.082	2.520	20.249
501	-11.079	3.364	20.249
809	-11.077	3.364	20.249
745	-11.076	3.364	20.249
784	-11.076	3.364	20.246
621	-11.075	3.365	20.250
664	-11.075	3.365	20.133
677	-11.075	3.365	20.127
688	-11.075	3.365	20.126
703	-11.075	3.365	20.127
706	-11.075	3.365	20.128
707	-11.075	3.365	20.152
708	-11.075	3.365	20.077
709	-11.075	3.365	20.049
710	-11.075	3.365	20.049
286	-11.075	3.366	20.049
370	-11.074	3.366	20.050
379	-11.074	3.366	20.054
324	-11.073	3.366	19.423
160	-11.071	3.367	19.423
223	-11.071	3.367	19.422
179	-11.070	3.367	19.422
163	-11.070	3.367	19.431
400	-11.069	3.367	19.468
44	-11.066	3.367	19.454
976	-11.065	2.408	19.454
896	-11.060	2.822	19.466
855	-11.057	3.111	19.452
85	-11.023	2.376	20.030
775	-11.011	3.188	20.453
556	-11.000	2.516	20.387
568	-10.992	2.516	20.528
817	-10.989	2.724	20.391
904	-10.980	2.515	20.391
234	-10.965	2.515	20.391
518	-10.959	2.515	20.767
541	-10.958	2.515	20.027
259	-10.958	2.515	0.000
733	-10.933	2.358	20.028
141	-10.901	2.225	19.393
383	-10.900	2.224	20.031
338	-10.878	2.360	20.429
236	-10.876	2.357	20.027
653	-10.875	2.276	19.133
319	-10.868	2.231	20.603
328	-10.866	2.231	20.606
808	-10.865	1.875	20.256
288	-10.865	2.232	20.220
626	-10.865	2.361	20.172
795	-10.847	3.175	21.375
803	-10.847	3.175	22.116
787	-10.844	3.175	22.116
839	-10.842	3.359	22.118
698	-10.835	3.175	22.118
123	-10.830	2.557	22.118
931	-10.819	3.166	21.825
739	-10.818	3.167	20.216
763	-10.817	3.168	20.838
773	-10.817	3.167	20.281
251	-10.816	3.166	2.859
964	-10.812	3.175	2.859
714	-10.811	3.165	1.957
660	-10.811	3.163	1.957
718	-10.811	3.164	2.831
669	-10.810	3.164	2.831
619	-10.809	3.165	2.800
210	-10.803	3.165	2.800
139	-10.803	3.165	2.800
75	-10.802	3.165	29.608
90	-10.802	3.165	24.913
146	-10.802	3.165	22.515
165	-10.801	3.165	23.285
169	-10.801	3.164	23.285
754	-10.793	3.177	23.301
717	-10.786	3.178	2.558
667	-10.784	3.178	2.580
674	-10.784	3.178	2.588
694	-10.784	3.178	2.587
691	-10.781	3.178	2.587
992	-10.763	2.257	2.587
725	-10.756	2.233	24.913
955	-10.743	2.508	22.582
740	-10.723	2.506	3.368
1039	-10.709	2.334	3.364
689	-10.688	2.256	24.462
1069	-10.659	2.285	26.225
576	-10.463	2.201	24.571
235	-10.452	2.201	22.640
853	-10.433	2.207	22.117
894	-10.427	2.208	21.939
883	-10.419	2.207	25.712
774	-10.331	2.211	20.249
247	-10.244	3.351	21.451
186	-10.000	2.703	1.461
833	-9.893	1.900	2.347
479	-9.850	3.088	1.957
248	-9.814	2.482	2.800
455	-9.811	2.480	2.800
658	-9.685	3.990	20.249
124	-9.682	3.992	20.249
265	-9.637	3.863	20.403
1015	-9.565	3.000	20.031
184	-9.378	3.833	2.859
968	-8.680	3.776	20.434
