1862	-8.914	0.000	19.392
1902	-8.913	0.001	20.031
1869	-8.911	0.491	20.031
1821	-8.768	2.950	20.489
1831	-8.768	2.950	20.489
1836	-8.768	2.949	20.489
1839	-8.768	2.950	20.489
1810	-8.767	2.949	0.010
1816	-8.767	2.949	21.457
1870	-8.767	2.949	21.458
1864	-8.767	2.949	20.294
1920	-8.762	2.949	1.463
1889	-8.761	2.949	1.465
1891	-8.761	2.949	1.465
1794	-8.712	2.958	2.346
1795	-8.712	2.958	1.461
1798	-8.712	2.958	1.461
1812	-8.711	2.958	20.454
1819	-8.711	2.958	20.267
1824	-8.711	2.958	19.586
1827	-8.711	2.958	19.579
1830	-8.711	2.958	25.279
1832	-8.711	2.958	2.344
1837	-8.711	2.958	22.352
1844	-8.711	2.958	19.548
1845	-8.711	2.958	19.918
1854	-8.711	2.958	19.919
1909	-8.706	2.957	20.147
1885	-8.705	2.957	20.157
1903	-8.648	2.375	2.859
1892	-8.559	3.303	2.800
1900	-8.559	3.303	24.865
1793	-8.555	3.303	24.356
1815	-8.555	3.303	24.916
1823	-8.555	3.303	28.641
1919	-8.339	3.301	21.133
1848	-8.291	2.958	2.558
1906	-7.959	2.899	19.400
1799	-7.846	2.873	1.465
1915	-7.840	2.871	1.465
1872	-7.824	2.985	20.456
1918	-7.823	2.918	20.455
1822	-7.789	2.387	19.918
1875	-7.789	2.387	19.919
1917	-7.787	2.387	20.511
1928	-7.787	2.387	20.157
1897	-7.786	2.387	20.156
1907	-7.786	2.387	20.143
1882	-7.758	2.791	2.825
1865	-7.665	2.388	23.301
1841	-7.360	2.906	19.410
1852	-7.360	2.906	19.410
1866	-7.347	2.564	19.431
