1602	-7.021	0.000	2.394
1604	-7.021	0.000	2.394
1605	-7.021	0.000	2.395
1607	-7.021	0.000	2.394
1608	-7.021	0.000	2.395
1612	-7.021	0.000	3.666
1614	-7.021	0.000	10.334
1615	-7.021	0.000	10.339
1617	-7.021	0.000	10.335
1618	-7.021	0.000	10.335
1619	-7.021	0.000	10.335
1621	-7.021	0.000	10.341
1622	-7.021	0.000	10.415
1623	-7.021	0.000	9.360
1626	-7.021	0.000	9.358
1630	-7.021	0.000	9.359
1631	-7.021	0.000	9.359
1632	-7.021	0.000	9.359
1633	-7.021	0.000	3.125
1636	-7.021	0.000	3.125
1641	-7.021	0.000	9.392
1644	-7.021	0.000	9.392
1646	-7.021	0.000	10.315
1650	-7.021	0.000	10.315
1651	-7.021	0.000	10.315
1652	-7.021	0.000	10.309
1654	-7.021	0.000	3.188
1655	-7.021	0.000	3.800
1657	-7.021	0.000	3.515
1658	-7.021	0.000	3.801
1662	-7.021	0.000	3.475
1663	-7.021	0.000	11.939
1664	-7.021	0.000	9.059
1671	-7.021	0.000	9.046
1673	-7.021	0.000	2.259
1674	-7.021	0.000	2.322
1677	-7.021	0.000	2.319
1678	-7.021	0.000	10.947
1679	-7.021	0.000	10.949
1680	-7.021	0.000	10.949
1681	-7.021	0.000	10.949
1686	-7.021	0.000	20.144
1687	-7.021	0.000	20.144
1688	-7.021	0.000	20.144
1694	-7.021	0.000	20.144
1695	-7.021	0.000	3.025
1700	-7.021	0.000	3.025
1701	-7.021	0.000	3.025
1702	-7.021	0.000	4.952
1703	-7.021	0.000	4.952
1704	-7.021	0.000	3.024
1705	-7.021	0.000	4.956
1708	-7.021	0.000	5.517
1710	-7.021	0.000	6.270
1711	-7.021	0.000	19.796
1712	-7.021	0.000	19.796
1714	-7.021	0.000	19.796
1716	-7.021	0.000	19.592
1717	-7.021	0.000	19.798
1718	-7.021	0.000	19.798
1719	-7.021	0.000	7.033
1720	-7.021	0.000	7.029
1721	-7.021	0.000	1.563
1724	-7.021	0.000	1.568
1725	-7.021	0.000	19.601
1726	-7.021	0.000	19.601
1728	-7.021	0.000	19.590
1730	-7.021	0.000	1.534
1734	-7.021	0.000	3.523
1735	-7.021	0.000	1.536
1736	-7.021	0.000	0.005
1737	-7.021	0.000	0.034
1739	-7.021	0.000	0.034
1740	-7.021	0.000	0.037
1531	-7.020	0.001	0.023
1532	-7.020	0.001	2.492
1533	-7.020	0.001	26.263
1534	-7.020	0.001	26.263
1535	-7.020	0.001	26.263
1536	-7.020	0.001	26.265
1537	-7.020	0.001	2.354
1538	-7.020	0.001	2.668
1539	-7.020	0.001	19.035
1540	-7.020	0.001	19.039
1541	-7.020	0.001	18.220
1542	-7.020	0.001	20.085
1543	-7.020	0.001	5.899
1544	-7.020	0.001	18.276
1545	-7.020	0.001	20.086
1546	-7.020	0.001	20.089
1549	-7.020	0.001	18.330
1550	-7.020	0.001	18.330
1551	-7.020	0.001	18.330
1552	-7.020	0.001	2.746
1553	-7.020	0.001	26.785
1554	-7.020	0.001	6.613
1555	-7.020	0.001	8.170
1556	-7.020	0.001	26.642
1557	-7.020	0.001	6.602
1558	-7.020	0.001	19.525
1559	-7.020	0.001	8.152
1560	-7.020	0.001	19.501
1561	-7.020	0.001	19.502
1562	-7.020	0.001	19.502
1563	-7.020	0.001	19.502
1564	-7.020	0.001	19.502
1568	-7.020	0.001	19.502
1569	-7.020	0.001	8.250
1570	-7.020	0.001	19.508
1571	-7.020	0.001	8.119
1572	-7.020	0.001	19.522
1573	-7.020	0.001	20.130
1576	-7.020	0.001	19.213
1577	-7.020	0.001	8.085
1578	-7.020	0.001	9.947
1581	-7.020	0.001	19.216
1582	-7.020	0.001	9.922
1583	-7.020	0.001	27.178
1584	-7.020	0.001	27.170
1585	-7.020	0.001	6.111
1587	-7.020	0.001	9.607
1589	-7.020	0.001	11.313
1590	-7.020	0.001	7.801
1591	-7.020	0.001	9.494
1592	-7.020	0.001	9.492
1594	-7.020	0.001	8.050
1595	-7.020	0.001	9.513
1596	-7.020	0.001	7.970
1597	-7.020	0.001	26.865
1598	-7.020	0.001	7.964
1599	-7.020	0.001	6.981
1609	-6.419	2.078	2.347
1610	-6.419	2.078	2.347
1611	-6.419	2.078	2.347
1613	-6.419	2.078	2.347
1616	-6.419	2.078	2.353
1624	-6.419	2.078	2.347
1625	-6.419	2.078	2.347
1629	-6.419	2.078	2.348
1634	-6.419	2.078	2.347
1637	-6.419	2.078	2.525
1638	-6.419	2.078	2.525
1639	-6.419	2.078	2.529
1640	-6.419	2.078	2.294
1642	-6.419	2.078	2.294
1643	-6.419	2.078	2.294
1647	-6.419	2.078	2.293
1648	-6.419	2.078	2.293
1649	-6.419	2.078	2.295
1653	-6.419	2.078	2.292
1656	-6.419	2.078	2.796
1661	-6.419	2.078	2.782
1665	-6.419	2.078	2.783
1666	-6.419	2.078	2.750
1675	-6.419	2.078	2.782
1676	-6.419	2.078	2.747
1689	-6.419	2.078	2.750
1690	-6.419	2.078	2.715
1692	-6.419	2.078	2.706
1693	-6.419	2.078	2.707
1696	-6.419	2.078	2.708
1698	-6.419	2.078	2.707
1699	-6.419	2.078	2.708
1706	-6.419	2.078	2.232
1715	-6.419	2.078	2.230
1729	-6.419	2.078	2.229
1741	-6.419	2.078	2.229
1547	-6.408	2.074	3.290
1548	-6.408	2.074	2.265
1565	-6.408	2.074	3.276
1566	-6.408	2.074	3.293
1567	-6.408	2.074	3.276
1574	-6.408	2.074	3.279
1579	-6.408	2.074	9.773
1580	-6.408	2.074	9.772
1586	-6.408	2.074	9.772
1588	-6.408	2.074	9.773
1593	-6.408	2.074	9.771
1600	-6.408	2.074	9.771
1606	-6.311	2.138	1.882
1627	-6.311	2.138	19.942
1628	-6.311	2.138	3.704
1645	-6.311	2.138	3.704
1667	-6.311	2.139	1.997
1668	-6.311	2.139	19.524
1669	-6.311	2.139	19.522
1670	-6.311	2.139	19.522
1727	-6.311	2.138	19.522
1738	-6.311	2.138	19.501
1691	-6.299	3.594	19.524
1575	-6.298	2.134	19.524
1601	-6.297	3.595	6.888
1709	-6.184	2.293	19.510
1722	-6.184	2.293	10.225
1723	-6.184	2.293	1.198
1635	-6.183	2.293	0.716
1603	-5.640	1.804	2.959
1620	-5.640	1.804	26.287
1659	-5.640	1.804	26.287
1660	-5.640	1.804	26.288
1672	-5.640	1.804	11.992
1682	-5.640	1.804	2.807
1683	-5.640	1.804	18.214
1684	-5.640	1.804	19.046
1685	-5.640	1.804	19.048
1697	-5.640	1.804	20.096
1707	-5.640	1.804	3.027
1713	-5.640	1.804	18.285
1731	-5.640	1.804	18.298
1732	-5.640	1.804	2.739
1733	-5.640	1.804	18.338
