562	-6.281	0.000	1.856
618	-6.281	0.000	1.136
644	-6.281	0.000	1.142
657	-6.264	0.901	7.365
555	-6.140	0.104	1.734
803	-6.115	0.091	10.102
967	-6.115	0.091	25.064
760	-6.114	0.091	25.064
767	-6.114	0.091	25.064
790	-6.114	0.091	25.065
797	-6.114	0.091	1.582
863	-6.114	0.091	2.304
917	-6.114	0.091	18.877
931	-6.112	0.091	18.880
951	-6.112	0.091	18.043
621	-6.111	0.091	19.756
690	-6.111	0.090	19.757
696	-6.111	0.090	18.098
697	-6.111	0.090	18.111
698	-6.111	0.090	19.761
699	-6.111	0.090	18.151
700	-6.111	0.091	18.151
703	-6.111	0.090	18.151
707	-6.111	0.091	5.905
869	-6.111	0.091	5.265
870	-6.111	0.091	5.947
1015	-6.111	0.091	10.272
786	-6.109	2.031	2.306
581	-6.108	2.031	5.258
605	-6.108	2.031	1.500
665	-6.108	2.031	19.338
669	-6.108	2.031	19.323
670	-6.108	2.031	19.314
678	-6.108	2.031	19.314
715	-6.108	2.031	19.314
858	-6.108	2.031	19.320
673	-6.102	0.101	19.314
746	-6.101	0.101	19.320
801	-6.101	0.101	19.319
815	-6.101	0.101	19.585
942	-6.101	0.101	25.326
777	-6.099	0.101	18.783
571	-6.098	0.101	7.296
586	-6.098	0.101	9.454
599	-6.098	0.101	18.787
600	-6.098	0.101	18.787
609	-6.098	0.101	26.017
666	-6.098	0.101	10.373
679	-6.098	0.101	5.344
691	-6.098	0.119	25.915
733	-6.097	0.101	10.389
740	-6.097	0.101	10.340
853	-6.097	0.102	8.422
903	-6.097	0.101	7.373
920	-6.097	0.120	18.424
966	-6.092	0.886	6.825
1010	-6.092	0.886	6.826
993	-6.092	2.032	6.826
1012	-6.092	2.032	4.375
759	-6.091	0.887	6.226
796	-6.091	0.887	6.887
912	-6.091	0.887	7.698
924	-6.091	0.887	3.600
1001	-6.091	0.887	3.595
556	-6.091	0.886	3.595
561	-6.091	2.032	3.595
734	-6.091	2.032	3.594
735	-6.091	2.032	3.594
736	-6.091	2.032	3.594
737	-6.091	2.032	3.594
738	-6.091	2.032	3.595
739	-6.091	2.032	3.594
747	-6.091	2.032	3.648
752	-6.091	2.032	3.646
755	-6.091	2.032	3.655
825	-6.091	2.032	3.710
832	-6.091	2.032	3.710
833	-6.091	2.032	3.710
848	-6.091	2.032	3.710
849	-6.091	2.032	3.709
852	-6.091	2.032	3.710
864	-6.091	2.032	3.569
877	-6.091	2.032	3.582
880	-6.091	2.032	3.568
890	-6.091	2.032	3.568
932	-6.091	2.032	3.762
953	-6.091	2.032	3.565
954	-6.091	2.032	3.760
991	-6.091	2.032	3.761
1005	-6.091	2.032	3.391
1006	-6.091	2.032	3.380
572	-6.091	2.032	3.381
582	-6.091	2.032	3.381
583	-6.091	2.032	3.378
584	-6.091	2.032	3.382
585	-6.091	2.032	3.425
595	-6.091	2.032	3.423
596	-6.091	2.032	3.423
602	-6.091	2.032	3.422
603	-6.091	2.032	2.392
607	-6.091	2.032	2.392
615	-6.091	2.032	2.393
616	-6.091	2.032	2.392
617	-6.091	2.032	2.394
620	-6.091	2.032	2.394
633	-6.091	2.032	10.343
634	-6.091	2.032	10.344
635	-6.091	2.032	10.343
640	-6.091	2.032	10.346
642	-6.091	2.032	10.338
643	-6.091	2.032	10.338
647	-6.091	2.032	10.338
651	-6.091	2.032	10.421
652	-6.091	2.032	9.363
658	-6.091	2.032	9.364
676	-6.091	2.032	9.363
680	-6.091	2.032	9.363
684	-6.091	2.032	9.363
685	-6.091	2.032	3.150
694	-6.091	2.032	3.149
709	-6.091	2.032	9.396
710	-6.091	2.032	9.396
711	-6.091	2.032	10.320
692	-6.090	0.886	10.321
687	-6.090	2.032	10.319
688	-6.090	2.032	10.319
689	-6.090	2.032	3.630
656	-6.086	0.129	3.216
619	-6.086	0.886	3.536
770	-6.085	0.130	3.491
867	-6.085	0.887	10.391
883	-6.085	0.887	9.060
988	-6.085	0.882	9.047
989	-6.085	0.882	9.060
970	-6.084	0.129	19.808
971	-6.084	0.129	7.030
973	-6.084	0.129	7.027
655	-6.080	0.885	1.585
631	-6.080	0.885	7.029
722	-6.080	0.885	8.386
941	-6.079	0.885	19.609
817	-6.078	0.885	10.962
554	-6.077	0.882	1.551
564	-6.074	0.885	1.356
569	-6.074	0.885	1.355
570	-6.074	0.885	0.025
573	-6.074	0.885	0.010
578	-6.074	0.885	0.011
580	-6.074	0.885	0.008
587	-6.074	0.885	1.734
588	-6.074	0.885	2.471
589	-6.074	0.885	2.889
590	-6.074	0.885	26.287
593	-6.074	0.885	26.287
594	-6.074	0.885	26.288
597	-6.074	0.885	2.527
598	-6.074	0.885	2.807
612	-6.074	0.885	18.214
625	-6.074	0.885	19.046
626	-6.074	0.885	19.048
677	-6.074	0.885	20.096
681	-6.074	0.885	3.043
682	-6.074	0.885	18.285
683	-6.074	0.885	18.298
608	-6.074	0.885	2.737
762	-6.073	0.107	18.338
919	-6.073	0.107	18.338
732	-6.073	0.885	18.339
827	-6.073	0.885	12.041
976	-6.071	0.883	5.938
695	-6.069	0.107	26.488
835	-6.068	0.107	8.175
789	-6.064	0.889	2.727
795	-6.064	0.889	26.667
798	-6.064	0.889	2.754
799	-6.064	0.889	19.535
916	-6.064	0.889	19.520
729	-6.061	2.035	19.510
730	-6.061	2.035	19.511
774	-6.059	0.117	19.511
622	-6.058	0.889	19.523
623	-6.058	0.889	19.511
706	-6.058	0.889	8.258
816	-6.057	0.887	19.517
818	-6.057	0.887	19.517
850	-6.056	0.117	19.368
632	-6.053	0.888	19.229
638	-6.053	0.888	9.866
559	-6.051	0.888	11.318
823	-6.051	0.888	6.120
575	-6.046	0.888	8.053
576	-6.046	0.888	19.228
577	-6.046	0.888	8.001
613	-6.046	0.888	6.968
667	-6.046	0.888	7.980
748	-6.046	0.888	7.981
727	-5.983	0.119	3.710
604	-5.734	1.811	9.060
606	-5.734	1.811	2.237
627	-5.734	1.811	2.307
629	-5.734	1.811	10.952
639	-5.734	1.811	11.175
668	-5.734	1.811	10.954
671	-5.734	1.811	10.954
716	-5.734	1.811	2.138
719	-5.734	1.811	20.153
745	-5.733	1.812	20.153
756	-5.733	1.812	20.153
780	-5.733	1.812	20.154
782	-5.733	1.812	3.040
785	-5.733	1.812	3.041
812	-5.733	1.812	3.040
813	-5.733	1.812	20.159
788	-5.731	1.813	3.027
905	-5.731	1.813	4.970
906	-5.731	1.813	19.808
964	-5.731	1.813	19.807
999	-5.731	1.813	19.807
636	-5.708	1.813	19.807
641	-5.708	1.813	19.807
674	-5.708	1.813	19.600
675	-5.708	1.813	19.808
754	-5.707	1.814	19.808
814	-5.707	1.814	7.030
824	-5.707	1.814	7.027
878	-5.707	1.814	7.031
879	-5.707	1.814	1.591
943	-5.707	1.814	8.386
653	-5.706	1.814	19.609
659	-5.706	1.814	10.962
1009	-5.705	1.814	1.550
861	-5.705	1.814	1.356
908	-5.705	1.814	1.355
921	-5.705	1.814	7.200
936	-5.705	1.814	0.010
728	-5.689	1.810	0.008
972	-5.683	1.813	0.008
987	-5.683	1.813	0.026
1007	-5.664	1.794	1.235
