751	-11.406	0.000	0.000
855	-11.405	0.001	3.158
764	-11.394	0.008	3.158
769	-11.394	0.008	9.393
800	-11.394	0.008	9.393
804	-11.394	0.008	9.346
820	-11.394	0.008	10.318
821	-11.394	0.008	10.317
822	-11.394	0.008	10.317
731	-11.394	0.008	9.378
741	-11.394	0.008	3.225
742	-11.394	0.008	3.540
743	-11.394	0.008	3.561
744	-11.394	0.008	3.557
749	-11.394	0.008	5.227
750	-11.394	0.008	9.056
753	-11.394	0.008	9.056
771	-11.394	0.008	9.056
772	-11.394	0.008	5.218
778	-11.394	0.008	2.295
779	-11.394	0.008	10.948
784	-11.394	0.008	11.171
828	-11.394	0.008	10.950
838	-11.394	0.008	10.950
839	-11.394	0.008	2.119
847	-11.394	0.008	20.159
851	-11.394	0.008	20.159
871	-11.394	0.008	20.159
876	-11.394	0.008	20.160
887	-11.394	0.008	3.039
968	-11.393	0.008	3.040
960	-11.393	0.001	3.039
137	-11.391	0.295	20.165
937	-11.382	0.009	3.026
938	-11.382	0.009	5.489
939	-11.382	0.009	20.145
901	-11.381	0.009	19.813
902	-11.381	0.009	19.812
956	-11.381	0.009	19.812
959	-11.381	0.009	19.812
928	-11.381	0.009	19.605
929	-11.381	0.009	19.814
514	-11.379	0.008	19.814
516	-11.379	0.008	7.025
520	-11.379	0.008	7.022
521	-11.379	0.008	7.026
523	-11.379	0.008	1.599
524	-11.379	0.008	8.387
525	-11.379	0.008	19.614
526	-11.379	0.008	19.615
495	-11.378	0.008	1.564
496	-11.378	0.008	1.359
498	-11.378	0.008	7.194
499	-11.378	0.008	0.014
500	-11.378	0.008	0.003
501	-11.378	0.008	0.007
502	-11.378	0.008	0.007
503	-11.378	0.008	0.037
504	-11.378	0.008	27.127
505	-11.378	0.008	26.292
506	-11.378	0.008	26.295
507	-11.378	0.008	26.295
511	-11.376	0.008	26.296
512	-11.376	0.008	12.004
489	-11.370	0.008	2.682
492	-11.370	0.008	2.693
493	-11.370	0.008	19.051
628	-11.369	0.001	5.025
720	-11.369	0.001	20.102
721	-11.369	0.001	3.029
253	-11.368	0.016	18.290
494	-11.367	0.016	6.606
470	-11.360	0.009	3.048
471	-11.360	0.009	18.343
464	-11.360	0.009	18.344
465	-11.360	0.009	18.344
466	-11.360	0.009	20.107
480	-11.360	0.009	6.615
484	-11.360	0.009	26.495
476	-11.359	0.009	8.170
478	-11.359	0.009	8.169
563	-11.358	0.010	26.674
565	-11.358	0.010	6.614
566	-11.358	0.010	19.540
567	-11.358	0.010	19.526
568	-11.358	0.010	19.516
574	-11.358	0.010	19.516
579	-11.358	0.010	19.516
591	-11.358	0.010	19.516
592	-11.358	0.010	19.516
601	-11.358	0.010	19.516
624	-11.358	0.010	19.522
712	-11.358	0.010	19.522
713	-11.358	0.010	6.137
714	-11.358	0.010	19.537
347	-11.358	0.009	9.952
379	-11.358	0.009	9.938
393	-11.358	0.009	9.944
394	-11.358	0.009	19.235
395	-11.358	0.009	19.235
396	-11.358	0.009	8.066
450	-11.358	0.009	8.082
451	-11.358	0.009	9.919
454	-11.358	0.009	10.312
455	-11.358	0.009	27.008
456	-11.358	0.009	9.506
457	-11.358	0.009	20.435
458	-11.358	0.009	8.046
557	-11.358	0.010	8.048
558	-11.358	0.010	9.508
630	-11.358	0.010	18.790
637	-11.358	0.010	26.904
654	-11.358	0.010	7.982
661	-11.358	0.010	6.717
662	-11.358	0.010	7.982
664	-11.358	0.010	4.873
672	-11.358	0.010	5.328
718	-11.358	0.010	6.767
328	-11.357	0.009	7.823
336	-11.357	0.009	2.351
367	-11.357	0.009	2.346
412	-11.357	0.009	2.347
415	-11.357	0.009	2.347
416	-11.357	0.009	2.347
417	-11.357	0.009	2.346
420	-11.357	0.009	2.346
423	-11.357	0.009	2.346
424	-11.357	0.009	2.348
425	-11.357	0.009	2.346
426	-11.357	0.009	2.524
427	-11.357	0.009	2.524
528	-11.357	0.009	2.524
530	-11.357	0.009	2.294
542	-11.357	0.009	2.294
547	-11.357	0.009	2.294
359	-11.357	0.009	2.294
268	-11.355	0.009	2.295
377	-11.355	0.009	2.294
383	-11.355	0.009	2.293
384	-11.355	0.009	2.796
389	-11.355	0.009	2.780
391	-11.355	0.009	2.784
399	-11.355	0.009	2.780
400	-11.355	0.009	2.781
434	-11.355	0.009	2.746
435	-11.355	0.009	2.745
436	-11.355	0.009	2.734
442	-11.355	0.009	2.705
443	-11.355	0.009	2.706
445	-11.355	0.009	2.707
446	-11.355	0.009	2.707
447	-11.355	0.009	2.707
448	-11.355	0.009	2.231
298	-11.354	0.009	2.231
263	-11.352	0.009	2.229
386	-11.349	0.009	2.228
439	-11.349	0.009	2.261
440	-11.349	0.009	3.282
310	-11.349	0.015	3.276
462	-11.349	0.015	3.276
406	-11.348	0.009	3.284
475	-11.348	0.015	3.277
283	-11.347	0.015	2.555
344	-11.347	0.015	9.774
345	-11.347	0.015	9.774
346	-11.347	0.015	9.771
348	-11.347	0.015	9.773
306	-11.346	0.015	9.773
315	-11.346	0.015	9.773
320	-11.346	0.015	9.773
321	-11.346	0.015	2.533
325	-11.346	0.015	8.839
329	-11.346	0.015	8.838
335	-11.346	0.015	8.838
363	-11.346	0.015	8.838
364	-11.346	0.015	2.013
365	-11.346	0.015	2.015
378	-11.346	0.015	9.728
261	-11.343	0.015	8.824
138	-11.329	0.010	8.816
160	-11.324	0.010	9.730
895	-11.317	0.005	9.730
995	-11.317	0.005	9.730
239	-11.308	0.013	8.812
200	-11.307	0.013	2.201
201	-11.307	0.013	2.562
151	-11.306	0.013	2.204
165	-11.306	0.013	2.189
116	-11.306	0.012	2.326
168	-11.306	0.012	8.669
182	-11.306	0.013	8.681
183	-11.306	0.013	8.681
184	-11.306	0.013	8.676
213	-11.306	0.012	3.414
241	-11.306	0.013	10.223
93	-11.306	0.012	10.455
155	-11.305	0.012	10.225
156	-11.305	0.012	10.225
158	-11.305	0.012	3.355
161	-11.305	0.012	19.936
195	-11.305	0.012	19.936
231	-11.305	0.012	19.936
82	-11.304	0.012	19.936
86	-11.303	0.012	1.882
124	-11.303	0.012	1.882
126	-11.303	0.012	1.882
479	-11.267	0.019	19.942
449	-11.264	0.019	3.705
340	-11.264	0.019	4.388
341	-11.264	0.019	1.997
342	-11.264	0.019	19.523
343	-11.264	0.019	19.522
392	-11.264	0.019	19.522
257	-11.261	0.019	19.522
264	-11.261	0.019	19.501
1751	-11.060	0.010	19.524
1761	-10.990	0.242	19.524
1795	-10.989	0.243	19.524
1796	-10.989	0.243	6.887
1806	-10.989	0.243	6.887
1852	-10.989	0.243	1.142
1853	-10.989	0.243	7.365
1869	-10.989	0.243	19.510
1870	-10.989	0.243	1.168
337	-10.480	1.498	1.232
460	-10.480	1.498	0.716
281	-10.447	1.502	0.716
282	-10.447	1.502	1.736
284	-10.447	1.502	1.737
308	-10.447	1.502	1.734
309	-10.447	1.502	1.735
353	-10.447	1.502	1.709
409	-10.447	1.502	2.427
410	-10.447	1.502	2.029
169	-10.416	1.504	25.063
170	-10.416	1.504	25.063
235	-10.416	1.504	25.063
75	-10.415	1.504	3.749
76	-10.415	1.504	18.038
508	-10.178	1.488	2.688
509	-10.178	1.488	18.880
510	-10.178	1.488	3.789
515	-10.178	1.489	19.756
354	-10.170	1.489	5.250
411	-10.170	1.489	18.098
413	-10.170	1.489	18.100
419	-10.170	1.489	2.528
532	-10.170	1.489	18.150
280	-10.169	1.489	18.151
330	-10.169	1.489	18.151
331	-10.169	1.489	19.762
371	-10.169	1.489	5.941
372	-10.169	1.489	25.193
376	-10.169	1.489	7.405
387	-10.169	1.489	7.405
403	-10.169	1.489	25.323
441	-10.169	1.489	5.941
444	-10.169	1.489	19.337
891	-10.058	1.480	19.323
517	-10.056	1.478	19.313
518	-10.056	1.478	19.314
522	-10.056	1.478	19.313
497	-10.056	1.479	19.313
980	-10.056	1.480	19.313
1854	-10.050	1.482	19.313
414	-10.048	1.479	19.319
422	-10.048	1.479	19.319
452	-10.048	1.479	19.191
467	-10.037	1.489	19.330
468	-10.037	1.489	9.463
469	-10.037	1.489	7.575
162	-9.988	2.578	9.457
296	-9.852	2.592	18.787
302	-9.852	2.592	18.787
307	-9.852	2.592	7.313
313	-9.852	2.592	7.308
316	-9.852	2.592	10.366
317	-9.852	2.592	10.370
319	-9.852	2.592	25.716
322	-9.852	2.592	8.418
323	-9.852	2.592	20.214
324	-9.852	2.592	7.373
332	-9.852	2.592	8.433
338	-9.852	2.592	8.398
349	-9.852	2.592	18.477
351	-9.852	2.592	25.658
352	-9.852	2.592	6.825
361	-9.852	2.592	5.909
368	-9.852	2.592	6.825
380	-9.852	2.592	4.011
381	-9.852	2.592	4.337
382	-9.852	2.592	6.864
397	-9.852	2.592	6.426
402	-9.852	2.592	3.608
408	-9.852	2.592	3.602
430	-9.852	2.592	3.603
431	-9.852	2.592	3.603
286	-9.850	2.592	3.603
288	-9.850	2.592	3.603
292	-9.850	2.592	3.602
260	-9.845	2.591	3.603
269	-9.845	2.591	3.603
270	-9.845	2.591	3.602
272	-9.845	2.591	3.656
152	-9.830	2.593	3.655
153	-9.830	2.593	3.665
159	-9.830	2.593	3.715
166	-9.830	2.593	3.715
167	-9.830	2.593	3.715
171	-9.830	2.593	3.715
172	-9.830	2.593	3.715
174	-9.830	2.593	3.715
175	-9.830	2.593	3.714
178	-9.830	2.593	3.595
179	-9.830	2.593	3.571
181	-9.830	2.593	3.573
189	-9.830	2.593	3.566
190	-9.830	2.593	3.570
191	-9.830	2.593	3.570
192	-9.830	2.593	3.765
193	-9.830	2.593	3.437
202	-9.830	2.593	3.385
203	-9.830	2.593	3.385
204	-9.830	2.593	3.386
205	-9.830	2.593	3.386
206	-9.830	2.593	3.387
207	-9.830	2.593	3.433
209	-9.830	2.593	3.433
210	-9.830	2.593	3.432
211	-9.830	2.593	3.433
212	-9.830	2.593	3.439
216	-9.830	2.593	3.431
221	-9.830	2.593	2.395
224	-9.830	2.593	2.395
225	-9.830	2.593	2.394
226	-9.830	2.593	2.384
229	-9.830	2.593	3.433
232	-9.830	2.593	10.340
79	-9.829	2.593	10.340
96	-9.829	2.593	10.331
97	-9.829	2.593	10.335
100	-9.829	2.593	10.335
101	-9.829	2.593	10.335
102	-9.829	2.593	10.341
108	-9.829	2.593	3.685
128	-9.829	2.593	9.360
129	-9.829	2.593	9.359
312	-9.818	2.592	9.359
404	-9.818	2.592	9.359
262	-9.810	2.592	3.158
185	-9.797	2.593	3.158
242	-9.797	2.593	9.385
77	-9.797	2.593	9.393
88	-9.796	2.593	9.384
117	-9.796	2.593	10.317
228	-9.776	2.619	10.317
146	-9.775	2.619	10.317
300	-9.743	2.613	9.380
265	-9.736	2.612	3.142
196	-9.732	2.612	3.821
214	-9.732	2.612	3.822
240	-9.732	2.612	3.539
83	-9.731	2.612	3.502
87	-9.731	2.612	9.056
125	-9.731	2.612	9.056
127	-9.731	2.612	9.056
139	-9.731	2.612	9.036
44	-9.725	2.620	2.285
70	-9.709	2.621	2.291
71	-9.709	2.621	11.171
74	-9.709	2.621	10.950
1	-9.694	2.620	10.950
2	-9.694	2.620	11.850
12	-9.692	2.620	20.159
15	-9.692	2.620	20.159
21	-9.692	2.620	20.159
26	-9.692	2.620	20.160
27	-9.692	2.620	3.040
34	-9.692	2.620	3.040
42	-9.692	2.620	3.040
43	-9.692	2.620	20.165
50	-9.688	2.620	3.026
51	-9.688	2.620	8.354
52	-9.688	2.620	20.145
60	-9.688	2.620	19.813
297	-9.636	2.634	19.814
369	-9.597	2.636	19.813
370	-9.597	2.636	19.812
154	-9.577	2.637	19.605
186	-9.577	2.637	19.814
227	-9.577	2.637	19.814
130	-9.577	2.637	19.814
136	-9.577	2.637	19.812
140	-9.576	2.637	7.021
141	-9.576	2.637	1.599
142	-9.576	2.637	19.812
95	-9.574	2.636	19.614
339	-9.503	2.659	19.614
301	-9.502	2.659	1.558
277	-9.501	2.659	1.355
267	-9.495	2.659	1.362
256	-9.493	2.659	0.021
163	-9.491	2.659	0.004
164	-9.491	2.659	0.008
80	-9.491	2.659	0.007
98	-9.491	2.659	1.739
99	-9.491	2.659	3.547
111	-9.491	2.659	2.980
112	-9.491	2.659	26.295
113	-9.491	2.659	26.295
114	-9.491	2.659	26.295
149	-9.491	2.659	5.004
173	-9.491	2.659	3.065
176	-9.491	2.659	5.018
194	-9.491	2.659	19.051
217	-9.491	2.659	18.272
218	-9.491	2.659	20.102
219	-9.491	2.659	3.033
223	-9.491	2.659	18.290
90	-9.490	2.659	18.291
91	-9.490	2.659	5.038
118	-9.490	2.659	18.343
119	-9.490	2.659	18.344
121	-9.490	2.659	18.344
122	-9.490	2.659	18.347
143	-9.490	2.659	6.615
144	-9.490	2.659	26.487
85	-9.486	2.659	8.170
104	-9.480	2.656	8.170
3	-9.453	2.671	26.674
4	-9.453	2.671	11.028
5	-9.453	2.671	19.540
8	-9.453	2.671	19.526
9	-9.453	2.671	19.516
10	-9.453	2.671	19.516
13	-9.453	2.671	19.516
16	-9.453	2.671	19.516
22	-9.453	2.671	19.516
23	-9.453	2.671	19.516
24	-9.453	2.671	19.522
25	-9.453	2.671	19.522
35	-9.453	2.671	15.071
38	-9.452	2.671	19.537
39	-9.452	2.671	9.952
40	-9.452	2.671	19.231
64	-9.448	2.671	11.242
72	-9.446	2.672	9.941
68	-9.443	2.672	19.235
65	-9.442	2.039	8.066
66	-9.442	2.039	11.319
67	-9.442	2.039	11.312
299	-9.328	2.665	9.560
157	-9.317	2.664	27.008
273	-9.223	3.543	6.098
527	-9.158	3.568	20.436
187	-9.130	1.990	8.046
188	-9.130	1.990	9.519
198	-9.130	1.990	8.049
78	-9.129	1.990	18.788
84	-9.129	1.990	6.966
106	-9.129	1.990	6.948
107	-9.129	1.990	6.011
115	-9.129	1.990	6.883
45	-9.101	2.013	4.872
61	-9.101	2.013	7.870
69	-9.077	2.012	7.433
73	-9.077	2.012	7.327
92	-9.034	3.480	2.351
18	-9.024	3.487	2.346
20	-9.024	3.487	2.347
145	-9.013	3.486	2.347
197	-9.013	3.486	2.346
233	-9.013	3.486	2.346
234	-9.013	3.486	2.346
311	-8.959	3.526	2.346
802	-8.836	2.215	2.347
840	-8.836	2.215	2.346
868	-8.836	2.215	2.524
519	-8.835	2.216	2.524
969	-8.835	2.215	2.529
965	-8.834	2.215	2.595
996	-8.834	2.215	2.295
254	-8.834	2.216	2.295
981	-8.833	2.216	2.295
717	-8.830	2.216	2.295
477	-8.829	2.217	2.294
355	-8.829	2.217	2.293
418	-8.829	2.217	2.805
421	-8.829	2.217	2.781
531	-8.829	2.217	2.781
544	-8.829	2.217	2.780
545	-8.829	2.217	2.781
552	-8.829	2.217	2.781
326	-8.828	2.216	2.746
432	-8.828	2.216	2.734
285	-8.827	2.216	2.705
258	-8.820	2.214	2.705
94	-8.818	2.214	2.706
236	-8.818	2.214	2.707
237	-8.818	2.214	2.707
533	-8.750	3.482	2.230
453	-8.749	3.482	2.231
249	-8.723	3.502	2.230
250	-8.723	3.502	2.263
248	-8.706	3.510	2.232
546	-8.702	3.549	3.276
295	-8.702	3.549	3.276
19	-8.692	3.511	3.286
29	-8.691	3.511	3.277
30	-8.691	3.511	2.556
31	-8.691	3.511	9.774
37	-8.691	3.511	9.774
46	-8.691	3.512	9.770
49	-8.691	3.512	9.772
63	-8.691	3.512	9.772
57	-8.690	3.512	9.772
59	-8.690	3.512	9.773
693	-8.684	3.537	2.533
725	-8.683	3.537	8.839
648	-8.683	3.538	8.821
649	-8.683	3.538	8.838
660	-8.683	3.537	8.838
535	-8.682	3.539	2.013
538	-8.682	3.539	2.015
540	-8.682	3.539	8.825
541	-8.682	3.539	8.824
356	-8.681	3.539	8.815
553	-8.681	3.539	9.767
375	-8.680	3.539	9.730
303	-8.680	3.539	8.819
314	-8.680	3.539	2.194
398	-8.680	3.539	2.562
766	-8.680	3.531	2.203
768	-8.680	3.531	2.197
791	-8.680	3.531	2.167
792	-8.680	3.531	3.229
793	-8.680	3.531	8.681
794	-8.680	3.531	8.681
834	-8.680	3.531	3.972
862	-8.680	3.531	3.494
884	-8.680	3.531	10.223
886	-8.680	3.531	10.455
433	-8.679	3.539	10.225
907	-8.679	3.532	10.225
911	-8.679	3.531	10.225
913	-8.679	3.531	19.935
914	-8.679	3.532	19.935
923	-8.679	3.531	19.935
925	-8.679	3.531	19.935
933	-8.679	3.531	1.881
934	-8.679	3.532	1.882
955	-8.679	3.531	1.882
962	-8.679	3.532	19.941
963	-8.679	3.531	3.705
1002	-8.679	3.531	1.997
1004	-8.679	3.532	3.704
844	-8.679	3.531	19.522
845	-8.679	3.531	19.522
846	-8.679	3.531	19.521
974	-8.677	3.533	19.521
975	-8.677	3.533	6.889
978	-8.677	3.533	6.889
979	-8.677	3.533	19.523
278	-8.676	3.538	19.523
289	-8.676	3.538	6.889
290	-8.676	3.538	6.887
291	-8.676	3.538	6.889
293	-8.676	3.538	3.706
294	-8.676	3.538	19.509
983	-8.676	3.533	19.509
984	-8.676	3.533	1.190
985	-8.676	3.533	0.716
992	-8.676	3.533	0.715
994	-8.676	3.533	1.741
997	-8.676	3.533	1.737
998	-8.676	3.533	1.738
1014	-8.676	3.533	1.737
255	-8.676	3.533	0.000
982	-8.676	3.533	5.823
986	-8.676	3.533	2.226
491	-8.675	3.533	25.062
362	-8.671	3.541	25.062
723	-8.664	2.202	25.062
266	-8.660	3.534	2.092
271	-8.660	3.534	2.305
259	-8.660	3.534	2.527
103	-8.659	3.535	18.879
109	-8.659	3.535	18.086
180	-8.659	3.535	19.755
215	-8.659	3.535	19.756
222	-8.659	3.535	18.097
81	-8.658	3.535	18.098
89	-8.658	3.535	19.758
105	-8.658	3.535	18.150
123	-8.658	3.535	18.150
131	-8.658	3.535	18.150
132	-8.658	3.535	18.153
133	-8.658	3.535	5.942
134	-8.658	3.535	25.192
135	-8.658	3.535	7.405
147	-8.658	3.535	7.405
148	-8.658	3.535	25.323
150	-8.658	3.535	5.935
177	-8.658	3.535	19.337
220	-8.658	3.535	19.323
120	-8.658	3.535	19.313
373	-8.641	2.565	19.313
366	-8.641	2.565	19.313
388	-8.640	2.565	19.313
390	-8.640	2.565	19.313
513	-8.628	3.573	19.313
490	-8.620	2.561	19.318
543	-8.613	2.555	19.319
244	-8.609	2.584	7.244
245	-8.609	2.584	19.330
246	-8.609	2.584	9.463
482	-8.608	3.567	18.782
610	-8.608	3.566	7.297
611	-8.608	3.566	9.455
614	-8.608	3.566	18.786
896	-8.603	3.562	9.435
897	-8.603	3.562	26.015
898	-8.603	3.562	10.365
899	-8.603	3.562	5.343
940	-8.603	3.562	25.715
773	-8.603	3.562	5.323
775	-8.603	3.562	20.213
805	-8.603	3.562	7.373
806	-8.603	3.562	8.426
807	-8.603	3.562	7.374
809	-8.603	3.562	19.719
810	-8.603	3.562	18.753
826	-8.603	3.562	6.102
872	-8.603	3.562	6.825
874	-8.603	3.562	6.825
881	-8.603	3.562	19.697
247	-8.597	2.438	4.177
251	-8.597	2.438	4.792
252	-8.597	2.438	8.202
560	-8.585	2.344	2.352
6	-8.584	2.432	2.347
7	-8.584	2.432	2.347
11	-8.584	2.432	2.347
14	-8.584	2.432	2.347
17	-8.584	2.432	2.347
28	-8.584	2.432	2.347
32	-8.584	2.432	2.347
33	-8.584	2.432	2.347
36	-8.584	2.432	2.347
53	-8.583	2.433	2.524
54	-8.583	2.433	2.525
55	-8.583	2.432	2.525
56	-8.583	2.432	2.595
58	-8.583	2.432	2.295
47	-8.583	2.433	2.295
48	-8.583	2.433	2.295
537	-8.478	3.657	3.283
238	-8.457	3.653	3.276
548	-8.446	3.691	2.652
549	-8.446	3.691	9.761
550	-8.446	3.691	9.773
304	-8.436	3.651	9.825
358	-8.435	3.652	9.772
428	-8.428	1.997	9.773
472	-8.428	1.997	9.772
385	-8.427	1.997	9.773
437	-8.427	1.997	0.000
243	-8.425	2.016	8.840
110	-8.417	3.646	8.842
1008	-8.412	1.993	8.838
1878	-8.411	1.992	8.838
463	-8.409	3.682	8.838
483	-8.409	3.682	2.016
486	-8.404	2.019	2.015
487	-8.404	2.019	8.824
333	-8.379	2.642	8.816
334	-8.379	2.642	9.767
350	-8.379	2.642	9.768
279	-8.376	2.641	9.730
287	-8.376	2.641	8.820
274	-8.375	2.641	2.195
275	-8.375	2.641	2.562
276	-8.375	2.641	2.562
230	-8.366	2.641	2.193
199	-8.361	2.641	2.168
318	-8.350	2.636	8.338
374	-8.349	2.636	8.681
438	-8.346	2.636	8.304
1781	-8.277	2.630	8.677
405	-7.886	2.021	3.493
473	-7.885	2.021	10.223
474	-7.885	2.020	10.223
1898	-7.866	2.017	10.225
41	-7.784	0.658	10.225
485	-7.699	0.743	10.225
488	-7.694	0.742	19.935
811	-7.560	0.564	19.935
1910	-7.410	1.995	4.378
1911	-7.410	1.995	4.152
1919	-7.339	2.144	8.201
1850	-7.338	2.144	8.161
894	-7.336	1.016	3.566
327	-7.316	1.011	3.565
1927	-7.061	1.332	26.636
663	-5.918	3.602	3.710
724	-5.918	3.602	3.709
841	-5.918	3.595	3.710
842	-5.918	3.595	3.570
843	-5.918	3.595	3.582
854	-5.918	3.595	3.568
650	-5.917	3.600	3.568
704	-5.916	3.600	3.568
705	-5.916	3.600	3.565
922	-5.468	3.654	12.041
726	-5.468	3.655	18.339
927	-5.468	3.654	20.101
958	-5.468	3.654	26.475
757	-5.468	3.653	26.488
758	-5.468	3.653	8.174
761	-5.468	3.653	8.173
763	-5.468	3.653	26.667
787	-5.468	3.654	6.615
829	-5.468	3.654	19.535
830	-5.468	3.654	19.520
831	-5.468	3.654	19.511
837	-5.468	3.654	19.511
856	-5.468	3.654	19.511
857	-5.468	3.654	19.511
882	-5.468	3.654	19.511
701	-5.467	3.656	19.511
702	-5.467	3.656	19.517
1016	-5.466	3.655	19.517
892	-5.426	3.669	19.738
893	-5.426	3.669	19.531
909	-5.426	3.668	9.957
910	-5.426	3.668	9.943
915	-5.426	3.668	9.949
918	-5.426	3.668	19.229
930	-5.426	3.668	19.229
944	-5.426	3.668	8.070
945	-5.426	3.668	11.319
946	-5.426	3.668	9.923
947	-5.426	3.668	9.828
948	-5.426	3.668	11.324
949	-5.426	3.668	20.449
957	-5.426	3.669	20.429
961	-5.426	3.669	9.506
1000	-5.426	3.668	8.053
765	-5.426	3.667	9.516
819	-5.426	3.667	9.528
865	-5.426	3.667	6.947
866	-5.426	3.667	7.980
888	-5.426	3.667	6.714
889	-5.426	3.667	6.879
859	-5.426	3.668	4.882
860	-5.426	3.668	20.020
904	-5.425	3.669	9.338
935	-5.425	3.669	7.824
686	-5.425	3.670	3.597
