1212	-7.534	0.000	19.935
1213	-7.534	0.000	19.935
1214	-7.534	0.000	1.882
1110	-7.503	1.531	1.882
645	-7.466	0.888	1.882
1232	-7.459	0.887	3.700
1233	-7.459	0.887	1.998
1237	-7.459	0.887	1.998
1240	-7.459	0.887	19.919
1241	-7.459	0.887	19.523
1242	-7.459	0.887	19.523
1244	-7.459	0.887	19.521
1256	-7.459	0.887	19.521
1259	-7.459	0.887	7.354
1262	-7.459	0.887	6.889
1272	-7.459	0.887	19.524
1043	-7.457	0.887	19.524
1057	-7.457	0.887	19.501
1064	-7.457	0.887	6.886
1065	-7.457	0.887	1.135
1077	-7.457	0.887	19.522
1090	-7.457	0.887	19.509
1093	-7.457	0.887	19.509
1098	-7.457	0.887	1.199
1101	-7.457	0.887	1.663
1145	-7.453	0.887	1.211
1146	-7.453	0.887	1.743
1155	-7.453	0.887	0.007
1181	-7.453	0.887	1.736
1182	-7.453	0.887	1.737
1204	-7.453	0.887	1.739
1205	-7.453	0.887	1.727
1206	-7.453	0.887	5.141
1026	-7.429	0.710	25.063
1039	-7.429	0.710	25.063
1041	-7.429	0.710	25.063
1042	-7.429	0.710	1.700
1044	-7.429	0.710	2.305
1052	-7.429	0.710	2.078
1059	-7.429	0.710	18.880
1062	-7.429	0.710	18.881
1069	-7.429	0.710	19.756
1078	-7.429	0.710	19.756
1079	-7.429	0.710	18.098
1095	-7.429	0.710	18.098
1230	-7.428	0.711	19.757
1238	-7.428	0.711	18.150
1249	-7.428	0.711	18.150
1250	-7.428	0.711	18.151
1263	-7.428	0.711	11.261
1275	-7.428	0.711	5.942
1277	-7.428	0.711	25.193
1018	-7.428	0.027	7.405
1019	-7.428	0.027	7.405
1020	-7.428	0.027	25.324
1022	-7.428	0.027	5.935
1031	-7.428	0.027	19.337
1032	-7.428	0.027	19.323
1055	-7.428	0.027	19.312
1056	-7.428	0.027	19.314
1070	-7.428	0.027	19.313
1072	-7.428	0.027	19.313
1074	-7.428	0.027	19.313
1085	-7.428	0.027	19.313
1086	-7.428	0.027	5.941
1087	-7.428	0.027	19.319
1088	-7.428	0.027	19.326
1089	-7.428	0.027	19.313
1092	-7.428	0.027	7.574
1097	-7.428	0.027	18.782
1222	-7.426	0.027	7.297
1239	-7.426	0.028	9.455
1124	-7.425	0.709	18.787
1136	-7.425	0.709	5.311
1141	-7.425	0.709	26.016
1165	-7.425	0.709	26.006
1166	-7.425	0.709	5.344
1172	-7.425	0.709	9.425
1188	-7.425	0.709	5.323
1207	-7.425	0.709	6.641
1134	-7.424	0.027	8.424
1152	-7.424	0.027	8.422
1154	-7.424	0.027	7.374
1180	-7.424	0.027	6.823
1187	-7.424	0.027	19.168
1190	-7.424	0.027	6.106
1192	-7.424	0.027	6.826
1193	-7.424	0.027	5.984
1199	-7.424	0.027	19.699
926	-7.141	2.331	3.679
950	-7.141	2.331	3.560
952	-7.141	2.331	3.546
1011	-7.141	2.331	3.543
776	-7.139	2.331	3.543
1033	-7.107	2.334	3.543
1017	-7.085	2.324	3.737
1021	-7.085	2.324	3.415
1023	-7.085	2.324	3.371
1024	-7.085	2.324	3.359
1027	-7.085	2.324	3.359
1028	-7.085	2.324	3.360
1035	-7.085	2.324	3.361
1046	-7.085	2.324	3.319
1048	-7.085	2.324	3.395
1051	-7.085	2.324	3.394
1053	-7.085	2.324	3.392
1054	-7.085	2.324	3.401
1058	-7.085	2.324	3.393
1060	-7.085	2.324	2.393
1061	-7.085	2.324	2.393
1066	-7.085	2.324	2.393
1067	-7.085	2.324	2.393
1068	-7.085	2.324	2.394
1076	-7.085	2.324	10.350
1081	-7.085	2.324	10.335
1082	-7.085	2.324	10.414
1083	-7.085	2.324	10.336
1084	-7.085	2.324	10.336
1094	-7.085	2.324	10.336
1102	-7.085	2.324	10.342
1104	-7.085	2.324	3.664
1105	-7.085	2.324	9.361
1106	-7.085	2.324	9.359
1215	-7.083	2.324	9.360
1216	-7.083	2.324	9.360
1223	-7.083	2.324	9.360
1224	-7.083	2.324	3.119
1225	-7.083	2.324	3.120
1226	-7.083	2.324	9.393
1227	-7.083	2.324	10.314
1229	-7.083	2.324	10.316
1235	-7.083	2.324	10.316
1243	-7.083	2.324	10.315
1245	-7.083	2.324	9.389
1246	-7.083	2.324	3.104
1251	-7.083	2.324	3.798
1252	-7.083	2.324	3.511
1253	-7.083	2.324	3.515
1254	-7.083	2.324	3.472
1255	-7.083	2.324	11.940
1257	-7.083	2.324	9.061
1258	-7.083	2.324	9.061
1265	-7.083	2.324	9.040
1266	-7.083	2.324	2.330
1267	-7.083	2.324	10.949
1268	-7.083	2.324	10.948
1269	-7.083	2.324	10.950
1270	-7.083	2.324	10.950
1271	-7.083	2.324	10.950
1274	-7.083	2.324	20.139
1276	-7.083	2.324	20.139
1278	-7.083	2.324	20.139
1279	-7.083	2.324	20.139
1111	-7.083	2.324	3.023
1116	-7.083	2.324	3.023
1117	-7.083	2.324	3.024
1120	-7.083	2.324	4.951
1122	-7.083	2.324	3.010
1123	-7.083	2.324	2.060
1126	-7.083	2.324	10.904
1127	-7.083	2.324	19.792
1128	-7.083	2.324	8.346
1129	-7.083	2.324	19.791
1130	-7.083	2.324	19.791
1131	-7.083	2.324	19.792
1133	-7.083	2.324	19.588
1135	-7.083	2.324	19.793
1143	-7.083	2.324	19.793
1148	-7.083	2.324	7.035
1150	-7.083	2.324	7.032
1151	-7.083	2.324	1.557
1153	-7.083	2.324	19.791
1157	-7.083	2.324	19.597
1160	-7.083	2.324	19.597
1161	-7.083	2.324	0.035
1164	-7.083	2.324	0.048
1167	-7.083	2.324	1.333
1168	-7.083	2.324	7.206
1170	-7.083	2.324	0.043
1171	-7.083	2.324	0.042
1173	-7.083	2.324	0.041
1174	-7.083	2.324	1.709
1179	-7.083	2.324	0.193
1183	-7.083	2.324	6.509
1186	-7.083	2.324	26.257
1189	-7.083	2.324	26.257
1191	-7.083	2.324	26.257
1194	-7.083	2.324	1.923
1197	-7.083	2.324	2.361
1198	-7.083	2.324	2.667
1200	-7.083	2.324	19.034
1201	-7.083	2.324	19.035
1202	-7.083	2.324	18.216
1203	-7.083	2.324	20.080
783	-7.082	2.141	20.081
646	-7.080	2.140	18.325
708	-7.080	2.140	12.032
1209	-7.067	2.117	7.230
1210	-7.067	2.117	26.779
990	-7.066	2.117	8.172
1211	-7.059	2.119	6.602
1075	-7.056	2.146	19.521
1196	-7.053	2.146	19.507
1149	-7.052	2.146	19.497
1112	-7.048	2.328	19.497
1125	-7.048	2.328	19.497
1142	-7.048	2.328	19.497
1217	-7.028	2.129	19.497
1218	-7.028	2.129	19.497
1219	-7.028	2.129	19.411
1220	-7.028	2.130	19.503
1221	-7.028	2.129	8.120
1228	-7.028	2.129	19.518
1231	-7.028	2.129	20.126
1234	-7.028	2.129	9.956
1236	-7.028	2.129	8.087
1247	-7.028	2.129	9.949
1248	-7.028	2.129	19.211
1260	-7.028	2.129	6.101
1261	-7.028	2.129	27.171
1264	-7.028	2.129	27.163
1273	-7.028	2.129	6.111
1280	-7.028	2.130	9.843
1281	-7.028	2.129	6.091
1282	-7.028	2.130	7.800
1025	-7.027	2.130	9.493
1029	-7.027	2.130	9.491
1030	-7.027	2.130	8.052
1034	-7.027	2.130	9.512
1036	-7.027	2.130	7.969
1037	-7.027	2.130	6.717
1038	-7.027	2.130	6.718
1040	-7.027	2.130	6.732
1045	-7.027	2.130	20.023
1047	-7.027	2.130	5.278
1049	-7.027	2.130	9.767
1050	-7.027	2.130	9.332
1063	-7.027	2.130	9.776
1071	-7.027	2.130	3.576
1073	-7.027	2.130	3.571
1080	-7.027	2.130	3.571
1091	-7.027	2.130	3.571
1096	-7.027	2.130	3.571
1099	-7.027	2.130	3.570
1100	-7.027	2.130	3.570
1103	-7.027	2.130	3.571
1107	-7.027	2.130	3.570
1108	-7.027	2.130	3.571
1109	-7.027	2.130	3.625
1113	-7.024	2.130	3.628
1114	-7.024	2.130	3.632
1115	-7.024	2.130	3.689
1118	-7.024	2.130	3.689
1119	-7.024	2.130	3.689
1121	-7.024	2.130	3.689
1132	-7.024	2.130	3.689
1137	-7.024	2.130	3.688
1138	-7.024	2.130	3.540
1139	-7.024	2.130	3.564
1140	-7.024	2.130	3.550
1144	-7.024	2.130	3.547
1147	-7.024	2.130	3.743
1156	-7.024	2.130	3.547
1158	-7.024	2.130	3.741
1159	-7.024	2.130	3.416
1162	-7.024	2.130	3.375
1163	-7.024	2.130	3.363
1169	-7.024	2.130	3.364
1175	-7.024	2.130	3.364
1176	-7.024	2.130	3.365
1177	-7.024	2.130	3.338
1178	-7.024	2.130	3.401
1184	-7.024	2.130	3.400
1185	-7.024	2.130	3.398
1195	-7.024	2.130	3.421
1208	-7.024	2.130	3.399
