1457	-7.206	0.000	3.565
1468	-7.206	0.000	3.565
1405	-7.205	0.001	3.565
1422	-7.205	0.001	3.565
1425	-7.205	0.001	3.565
1438	-7.205	0.001	3.565
1439	-7.205	0.001	3.565
1308	-7.204	0.001	3.566
1309	-7.204	0.001	3.620
1322	-7.204	0.001	3.622
1367	-7.204	0.001	3.688
1399	-7.204	0.001	3.686
1415	-7.204	0.001	3.686
1444	-7.204	0.001	3.686
1498	-7.204	0.001	3.685
1499	-7.204	0.001	3.686
1514	-7.204	0.001	3.685
1462	-7.082	0.037	18.271
1463	-7.082	0.037	18.272
1414	-7.081	0.038	18.325
1521	-7.081	0.038	18.325
1487	-7.066	0.055	8.172
1347	-6.953	2.239	6.897
1358	-6.953	2.239	5.277
1381	-6.953	2.239	7.680
1393	-6.953	2.239	9.333
1424	-6.953	2.239	8.804
1432	-6.953	2.239	3.576
1437	-6.953	2.239	3.571
1446	-6.953	2.239	3.571
1303	-6.953	2.239	3.571
1307	-6.915	2.242	3.570
1315	-6.915	2.242	3.570
1348	-6.915	2.242	3.570
1349	-6.915	2.242	3.570
1350	-6.915	2.242	3.570
1352	-6.915	2.242	3.570
1356	-6.915	2.242	3.625
1366	-6.915	2.242	3.633
1435	-6.915	2.242	3.632
1445	-6.915	2.242	3.689
1478	-6.915	2.242	3.689
1491	-6.915	2.242	3.689
1522	-6.915	2.242	3.688
1483	-6.835	2.242	3.689
1493	-6.835	2.242	3.688
1530	-6.835	2.242	3.686
1523	-6.818	2.247	3.564
1365	-6.817	2.247	3.550
1502	-6.817	2.247	3.547
1503	-6.817	2.247	3.743
1298	-6.816	2.247	3.742
1449	-6.795	2.249	3.740
1332	-6.698	2.315	3.498
1416	-6.698	2.316	3.374
1285	-6.692	2.316	3.363
1286	-6.692	2.316	3.363
1290	-6.692	2.316	3.367
1302	-6.692	2.316	3.365
1459	-6.681	2.307	3.338
1470	-6.681	2.307	3.401
1368	-6.679	2.307	3.400
1508	-6.679	2.307	3.399
1284	-6.679	2.307	3.421
1295	-6.677	2.307	2.395
1301	-6.677	2.307	2.394
1488	-6.658	2.319	2.394
1428	-6.610	2.309	2.394
1489	-6.610	2.309	2.395
1512	-6.610	2.309	2.396
1518	-6.610	2.309	10.340
1529	-6.610	2.309	10.333
1526	-6.610	2.309	10.339
1476	-6.598	2.313	10.342
1314	-6.596	2.313	10.334
1339	-6.596	2.313	10.334
1362	-6.596	2.313	10.341
1430	-6.596	2.313	10.329
1431	-6.596	2.313	9.342
1475	-6.595	2.313	9.360
1484	-6.595	2.313	9.359
1464	-6.595	2.313	9.359
1466	-6.595	2.312	9.359
1467	-6.595	2.313	9.361
1469	-6.595	2.313	3.125
1451	-6.595	2.312	9.392
1452	-6.595	2.312	9.392
1310	-6.594	2.312	10.315
1311	-6.594	2.312	10.315
1313	-6.594	2.313	10.314
1319	-6.594	2.313	9.351
1320	-6.594	2.312	3.183
1321	-6.594	2.313	3.506
1324	-6.594	2.312	3.514
1325	-6.594	2.312	3.800
1326	-6.594	2.313	3.472
1328	-6.594	2.312	3.712
1329	-6.594	2.313	9.059
1330	-6.594	2.313	9.046
1331	-6.594	2.313	9.059
1333	-6.594	2.312	2.322
1334	-6.594	2.313	2.324
1335	-6.594	2.312	10.947
1336	-6.594	2.312	10.949
1337	-6.594	2.312	10.949
1338	-6.594	2.313	10.949
1345	-6.594	2.313	20.143
1346	-6.594	2.313	20.143
1361	-6.594	2.313	20.143
1364	-6.594	2.312	20.143
1369	-6.594	2.312	3.024
1370	-6.594	2.312	3.025
1375	-6.594	2.313	3.025
1379	-6.594	2.312	3.024
1380	-6.594	2.313	20.149
1401	-6.594	2.313	3.011
1402	-6.594	2.313	4.955
1403	-6.594	2.313	6.271
1406	-6.594	2.313	6.277
1407	-6.594	2.313	19.796
1408	-6.594	2.312	19.796
1409	-6.594	2.312	19.796
1410	-6.594	2.313	19.592
1413	-6.594	2.313	19.798
1418	-6.594	2.313	19.798
1419	-6.594	2.313	7.032
1429	-6.594	2.312	7.029
1440	-6.594	2.313	1.562
1441	-6.594	2.313	1.568
1505	-6.594	2.312	8.372
1506	-6.594	2.312	19.601
1516	-6.594	2.312	19.590
1353	-6.593	2.313	1.528
1357	-6.593	2.313	1.336
1382	-6.593	2.313	1.538
1384	-6.593	2.313	0.005
1385	-6.593	2.313	0.034
1386	-6.593	2.313	0.034
1387	-6.593	2.313	1.713
1388	-6.593	2.313	0.026
1389	-6.593	2.313	2.864
1390	-6.593	2.313	26.263
1391	-6.593	2.313	26.263
1395	-6.593	2.313	26.263
1398	-6.593	2.313	26.264
1436	-6.593	2.313	1.906
1492	-6.593	2.313	2.668
1527	-6.593	2.313	19.035
1293	-6.591	2.313	19.038
1294	-6.591	2.313	18.220
1287	-6.588	2.313	20.084
1289	-6.588	2.313	20.085
1291	-6.588	2.313	18.276
1292	-6.588	2.313	5.931
1296	-6.588	2.313	20.088
1297	-6.588	2.313	18.329
1528	-6.574	2.311	18.329
1454	-6.565	2.314	18.330
1455	-6.565	2.314	2.710
1456	-6.565	2.314	5.929
1458	-6.559	2.316	6.613
1460	-6.559	2.316	8.170
1465	-6.559	2.316	26.641
1477	-6.559	2.316	6.602
1404	-6.558	2.315	2.360
1412	-6.558	2.315	6.601
1420	-6.558	2.315	19.501
1426	-6.558	2.315	19.502
1306	-6.557	2.315	19.502
1354	-6.557	2.315	19.501
1447	-6.557	2.315	19.508
1524	-6.557	2.315	19.501
1363	-6.557	2.315	8.250
1510	-6.557	2.315	19.508
1312	-6.546	1.930	8.119
1316	-6.546	1.929	19.522
1360	-6.546	1.930	20.130
1372	-6.546	1.930	19.212
1373	-6.546	1.929	8.085
1374	-6.546	1.929	9.946
1400	-6.546	1.929	19.217
1417	-6.546	1.929	19.217
1497	-6.532	1.919	27.177
1513	-6.532	1.919	11.307
1327	-6.527	1.921	6.111
1344	-6.527	1.921	9.605
1411	-6.527	1.921	26.978
1442	-6.527	1.921	9.486
1443	-6.527	1.921	9.494
1500	-6.527	1.921	9.492
1501	-6.527	1.921	8.050
1394	-6.526	1.921	9.513
1396	-6.526	1.921	9.514
1433	-6.526	1.954	26.865
1299	-6.525	1.920	6.879
1300	-6.525	1.920	7.965
1423	-6.502	0.977	6.732
1448	-6.502	0.977	5.275
1495	-6.501	0.977	5.177
1507	-6.501	0.977	9.333
1515	-6.501	0.977	8.803
1421	-6.434	0.989	2.352
1473	-6.362	2.043	8.837
1474	-6.362	2.043	8.837
1461	-6.362	2.043	2.625
1480	-6.362	2.043	2.016
1481	-6.362	2.043	8.823
1485	-6.362	2.043	8.823
1376	-6.361	2.046	9.729
1377	-6.361	2.046	9.729
1378	-6.361	2.046	9.729
1340	-6.361	2.046	8.830
1341	-6.361	2.045	2.952
1342	-6.361	2.046	2.201
1343	-6.361	2.046	2.190
1351	-6.361	2.046	2.562
1359	-6.361	2.046	2.182
1383	-6.361	2.046	2.331
1392	-6.361	2.046	8.680
1427	-6.361	2.045	8.668
1490	-6.361	2.046	8.680
1496	-6.361	2.046	3.411
1509	-6.361	2.046	3.497
1525	-6.361	2.046	10.221
1453	-6.102	3.310	7.435
1482	-6.098	3.312	25.719
1519	-6.097	3.312	7.210
1520	-6.097	3.312	25.653
1450	-6.035	3.312	6.898
1283	-6.034	3.313	27.490
1323	-6.032	3.314	20.020
1479	-6.032	3.314	9.337
1486	-6.032	3.314	8.730
1355	-6.032	3.314	3.600
1397	-6.032	3.314	3.595
1434	-6.032	3.314	3.595
1494	-6.032	3.314	3.595
1317	-6.032	3.314	3.595
1318	-6.032	3.314	3.594
1504	-6.032	3.314	3.594
1511	-6.032	3.314	3.595
1517	-6.032	3.314	3.595
1288	-6.030	3.314	3.594
1304	-6.030	3.314	3.655
1471	-6.002	3.319	3.647
1472	-6.002	3.319	3.645
1305	-6.001	3.320	3.710
1371	-6.001	3.320	3.710
