208	-8.730	0.000	2.229
62	-8.681	1.392	9.730
534	-8.556	0.101	2.295
536	-8.556	0.101	2.295
539	-8.556	0.101	2.294
305	-8.555	0.101	2.291
357	-8.555	0.101	2.786
429	-8.555	0.101	2.781
461	-8.554	0.095	2.782
360	-8.554	0.096	2.782
481	-8.554	0.096	2.781
529	-8.554	0.096	2.747
551	-8.554	0.096	2.735
407	-8.553	0.095	2.706
459	-8.553	0.096	2.706
401	-8.517	0.096	2.706
836	-8.502	0.107	2.708
885	-8.502	0.107	2.708
977	-8.501	0.107	2.231
1003	-8.501	0.107	2.231
1013	-8.501	0.107	2.231
781	-8.499	0.101	2.229
808	-8.499	0.101	2.235
873	-8.499	0.101	3.283
875	-8.499	0.101	3.276
900	-8.499	0.101	3.276
