478	-9.478	0.000	24.500
528	-9.477	0.000	22.350
413	-9.477	0.000	24.058
414	-9.477	0.000	24.492
768	-9.477	0.000	19.808
697	-9.477	0.001	24.478
172	-9.474	0.001	0.001
479	-9.467	0.906	0.000
472	-9.441	0.004	0.000
875	-9.439	0.004	0.000
680	-9.438	0.004	0.010
505	-9.437	0.004	0.000
533	-9.437	0.004	21.807
156	-9.436	0.004	0.021
783	-9.435	0.004	21.720
792	-9.435	0.004	0.081
584	-9.433	0.005	1.833
889	-9.415	0.905	3.284
695	-9.412	0.905	22.504
621	-9.401	0.904	19.885
215	-9.396	0.010	3.282
611	-9.395	0.010	22.550
613	-9.395	0.909	27.965
747	-9.393	0.908	23.990
723	-9.393	0.908	19.778
831	-9.392	0.909	25.843
726	-9.391	0.010	25.843
461	-9.389	0.913	22.550
235	-9.379	0.909	21.391
644	-9.369	0.908	18.897
755	-9.369	0.908	18.897
774	-9.354	0.012	19.696
753	-9.346	0.012	19.696
550	-9.346	0.908	19.700
634	-9.339	0.908	19.694
731	-9.338	0.908	19.696
643	-9.329	0.908	19.821
453	-9.327	0.908	19.815
623	-9.327	0.908	19.821
646	-9.324	0.911	19.805
657	-9.316	0.012	19.809
658	-9.316	0.012	19.750
1680	-9.300	0.014	0.000
1686	-9.300	0.014	19.739
1694	-9.300	0.014	19.741
1695	-9.300	0.014	19.738
1696	-9.300	0.014	19.746
1721	-9.300	0.014	18.919
1722	-9.300	0.014	18.919
1735	-9.300	0.014	18.918
572	-9.278	0.911	19.053
280	-9.272	0.912	19.074
777	-9.271	1.000	19.050
778	-9.271	1.000	19.051
425	-9.269	0.999	19.222
614	-9.269	0.999	19.204
630	-9.269	0.999	19.221
837	-9.268	1.000	19.230
512	-9.268	0.999	19.209
833	-9.266	0.999	19.209
704	-9.231	0.999	19.210
692	-9.229	0.999	19.210
493	-9.228	0.999	18.928
670	-9.227	0.998	18.931
890	-9.226	0.999	18.932
711	-9.226	0.998	18.932
488	-9.225	0.998	19.367
555	-9.225	0.998	18.885
607	-9.224	0.999	18.974
784	-9.221	0.998	18.974
785	-9.221	0.998	19.241
510	-9.221	1.000	19.241
518	-9.220	0.998	19.241
751	-9.219	0.999	18.930
849	-9.217	0.998	20.948
620	-9.216	0.998	18.637
382	-9.199	0.043	19.692
760	-9.197	0.043	20.156
763	-9.197	0.043	19.692
465	-9.190	0.048	19.817
793	-9.175	0.999	18.979
794	-9.175	0.999	18.979
486	-9.174	0.999	18.980
524	-9.171	0.999	20.769
806	-9.170	0.999	20.695
1655	-9.156	0.896	2.587
1691	-9.156	0.896	19.960
303	-9.150	0.044	19.960
356	-9.147	0.044	2.588
293	-9.121	1.007	2.465
406	-9.092	1.006	2.465
864	-9.090	1.006	2.429
456	-9.077	1.006	19.842
649	-9.070	1.007	20.405
1731	-9.033	0.993	2.392
379	-9.019	1.006	2.639
863	-8.675	0.572	18.897
830	-8.646	1.277	18.897
832	-8.646	1.277	18.897
616	-8.600	1.278	18.969
560	-8.598	1.278	18.964
904	-8.592	0.576	18.979
537	-8.572	1.278	19.696
734	-8.567	1.277	19.696
787	-8.564	1.277	19.696
525	-8.563	1.277	19.696
846	-8.561	1.277	19.694
266	-8.465	1.368	19.814
757	-8.464	1.368	19.832
872	-8.437	1.369	19.814
817	-8.437	0.602	19.821
578	-8.431	1.369	19.811
853	-8.421	1.370	19.751
887	-8.332	0.929	19.224
898	-8.310	0.903	19.231
482	-8.283	0.929	18.885
857	-8.162	1.102	19.026
866	-8.047	1.559	3.282
660	-7.951	2.771	18.919
666	-7.679	2.728	2.588
612	-7.677	2.725	19.791
637	-7.675	2.725	20.852
480	-7.675	2.725	2.465
779	-7.660	2.727	2.465
780	-7.660	2.727	2.465
466	-7.627	2.728	19.476
563	-7.625	2.727	19.019
884	-7.617	2.729	2.435
665	-7.608	2.727	18.988
789	-7.608	2.729	19.302
331	-7.607	2.729	19.302
826	-7.606	2.729	19.497
709	-7.602	2.731	19.514
541	-7.600	2.731	19.513
821	-7.595	2.731	19.513
429	-7.591	2.732	19.501
622	-7.587	2.732	19.334
758	-7.551	2.733	20.709
579	-7.542	2.734	2.355
759	-7.536	2.735	23.369
900	-7.516	2.733	27.973
1658	-7.134	1.458	19.718
1667	-7.134	1.458	21.567
1702	-7.134	1.458	18.979
1708	-6.143	2.190	19.067
1725	-6.143	2.190	19.052
1737	-6.143	2.190	19.137
562	-5.951	2.250	19.209
906	-5.912	2.234	19.228
856	-5.910	2.234	20.330
1736	-5.867	2.271	18.979
1711	-5.848	3.014	21.016
1727	-5.848	3.014	21.175
1665	-5.848	3.014	21.017
1704	-5.848	3.014	21.017
540	-5.781	1.874	19.515
675	-5.612	2.162	23.773
902	-5.589	2.478	22.293
651	-5.587	2.478	25.851
850	-5.587	2.478	25.819
859	-5.587	2.478	2.026
1740	-5.554	2.480	24.082
1700	-5.536	2.479	21.248
1709	-5.536	2.479	21.363
618	-5.337	3.586	19.696
399	-5.336	3.565	19.696
1732	-5.332	2.468	19.694
1066	-5.281	3.439	19.838
284	-5.272	3.473	19.823
1684	-5.162	3.461	19.739
1720	-5.162	3.461	19.739
1726	-5.162	3.461	19.741
869	-5.138	2.918	19.241
683	-5.115	2.926	18.772
549	-5.114	2.927	20.149
888	-5.114	2.926	20.152
539	-5.114	2.927	19.700
490	-5.113	2.926	19.670
803	-5.113	2.927	18.979
619	-5.111	2.927	18.979
1723	-5.077	2.904	18.980
380	-5.054	3.299	18.979
800	-5.048	3.299	20.688
609	-5.048	3.297	20.696
647	-5.048	3.321	21.175
639	-5.047	3.315	21.017
602	-5.047	3.316	21.017
886	-5.045	3.316	20.961
815	-5.043	2.905	2.587
694	-5.039	2.906	2.587
905	-5.038	2.899	2.587
901	-5.036	2.906	2.587
861	-5.024	3.322	19.959
862	-5.024	3.322	19.960
852	-5.023	3.320	19.960
893	-4.965	3.226	24.917
903	-4.833	3.353	2.429
715	-4.783	3.311	2.468
879	-4.399	3.953	2.466
870	-4.338	3.967	19.476
871	-4.338	3.970	19.019
