1247	-17.212	0.000	18.897
1301	-17.063	0.586	19.805
1414	-17.048	1.697	19.750
1401	-17.032	1.697	19.746
1366	-17.031	1.697	19.706
1333	-17.029	1.697	18.919
1356	-17.028	1.697	18.919
1357	-17.028	1.697	18.918
1359	-17.028	1.697	18.929
1318	-16.924	0.591	19.065
1379	-16.812	0.017	19.264
1216	-16.785	1.349	19.204
1417	-16.698	0.016	19.375
1302	-16.680	1.385	19.209
1306	-16.680	1.385	19.209
1269	-16.655	1.383	18.931
1290	-16.652	1.383	18.932
1276	-16.651	1.383	18.932
1292	-16.651	1.383	18.932
1294	-16.651	1.383	18.932
1237	-16.610	1.381	18.888
1291	-16.586	1.380	18.974
1314	-16.573	1.391	19.238
1406	-16.553	1.394	19.241
1371	-16.549	1.390	19.669
1372	-16.549	1.390	20.986
1319	-16.544	1.390	21.016
1320	-16.544	1.390	21.016
1329	-16.544	1.390	21.017
1332	-16.544	1.390	21.017
1336	-16.544	1.390	21.017
1338	-16.544	1.390	2.587
1344	-16.544	1.390	2.587
1345	-16.544	1.390	2.587
1322	-16.543	1.390	2.587
1354	-16.543	1.390	19.960
1321	-16.478	1.387	2.465
1355	-16.478	1.387	24.929
1310	-16.320	1.380	2.436
1358	-16.314	1.362	19.500
519	-16.306	1.381	19.522
487	-16.297	1.380	19.302
1307	-16.291	1.375	19.497
1308	-16.291	1.375	19.515
1309	-16.291	1.375	19.515
580	-16.281	1.380	19.313
338	-16.273	1.381	22.738
891	-16.273	1.379	19.814
719	-16.271	1.380	20.025
1384	-16.269	1.379	20.405
1385	-16.269	1.379	2.155
1386	-16.269	1.379	2.155
1389	-16.269	1.379	2.392
1390	-16.269	1.379	2.639
1391	-16.269	1.379	2.362
1393	-16.269	1.379	2.362
1395	-16.269	1.379	2.637
1396	-16.269	1.379	2.335
1399	-16.269	1.379	2.335
1404	-16.269	1.379	2.335
1374	-16.268	1.379	29.296
1375	-16.268	1.379	21.516
1376	-16.268	1.379	24.224
1377	-16.268	1.379	22.350
1208	-16.266	1.361	22.350
1367	-16.266	1.379	24.058
1370	-16.266	1.379	24.492
1398	-16.265	1.375	0.050
1380	-16.265	1.379	0.014
1381	-16.265	1.379	0.002
410	-16.265	1.380	0.000
1351	-16.263	1.378	0.000
1360	-16.263	1.378	0.000
1361	-16.263	1.378	0.001
1364	-16.256	1.375	0.271
470	-16.230	1.377	22.504
532	-16.148	1.374	23.972
492	-16.143	1.374	25.843
360	-16.125	1.374	25.843
245	-16.124	1.374	22.300
882	-16.123	1.373	25.862
321	-16.118	1.374	24.081
1334	-11.914	3.905	18.897
1228	-11.882	3.894	18.897
1408	-9.166	3.029	21.016
1412	-9.166	3.029	21.017
1362	-9.162	3.029	21.017
1416	-9.162	3.032	21.017
1410	-9.162	3.032	20.562
155	-9.162	3.033	2.587
1353	-9.159	3.031	2.587
571	-9.149	3.032	19.960
242	-9.140	3.031	20.852
364	-9.139	3.031	19.790
506	-9.098	3.027	2.465
606	-9.090	3.027	2.465
736	-9.089	3.027	2.468
738	-9.089	3.027	2.468
824	-9.089	3.027	19.474
847	-9.089	3.027	19.719
848	-9.089	3.027	19.026
691	-9.088	3.027	19.019
718	-9.088	3.027	24.968
732	-9.088	3.027	2.435
745	-9.088	3.027	21.251
748	-9.088	3.027	18.989
771	-9.088	3.027	19.302
795	-9.088	3.027	19.302
797	-9.088	3.027	19.505
590	-9.088	3.027	19.514
471	-9.088	3.025	19.514
477	-9.087	3.026	19.536
530	-9.087	3.026	19.511
868	-9.079	3.026	20.884
835	-9.078	3.027	22.738
838	-9.078	3.027	22.738
1295	-9.077	3.006	22.738
818	-9.077	3.027	22.737
667	-9.036	3.012	2.156
668	-9.036	3.012	2.155
1296	-8.447	2.776	19.821
1402	-8.436	2.777	19.806
1303	-8.387	2.777	18.919
1327	-8.374	2.777	18.919
1349	-8.373	2.777	18.918
1350	-8.373	2.777	19.072
1264	-8.372	2.765	19.067
1342	-8.372	2.777	19.053
1325	-8.372	2.777	19.073
1281	-8.371	2.766	19.051
773	-8.358	2.780	19.051
894	-8.356	2.769	19.223
149	-7.896	3.105	19.073
138	-7.894	3.110	19.051
688	-7.892	3.109	19.052
752	-7.892	3.109	20.323
299	-7.855	3.106	19.209
308	-7.855	3.106	19.209
896	-7.852	3.113	19.209
812	-7.850	3.107	19.379
700	-7.849	3.107	20.330
698	-7.849	3.106	18.931
176	-7.846	3.111	18.932
775	-7.846	3.111	18.932
135	-7.806	2.438	18.892
1368	-7.392	3.034	19.806
1373	-7.392	3.034	19.811
1394	-7.392	3.034	19.774
1400	-7.392	3.034	19.740
1403	-7.392	3.034	19.739
1415	-7.392	3.034	19.741
1365	-7.387	3.473	18.919
1382	-7.387	3.473	18.919
