1157	-8.058	0.000	23.970
1089	-7.567	1.059	20.688
1070	-7.565	1.059	2.399
1139	-7.370	1.061	18.918
1037	-7.351	1.062	19.228
1093	-7.234	3.157	18.885
1059	-7.094	1.060	21.565
1102	-7.080	3.167	20.697
1209	-7.080	3.167	21.016
1149	-7.076	1.060	21.175
967	-7.021	1.189	21.017
976	-7.021	1.189	20.565
996	-7.021	1.189	2.587
1020	-7.021	1.189	2.587
1021	-7.021	1.189	2.587
1049	-7.021	1.190	2.587
1028	-7.020	1.190	19.960
1043	-7.020	1.189	19.960
953	-7.020	1.189	19.960
1010	-7.020	1.189	2.588
1071	-7.019	1.190	19.791
1107	-7.014	1.186	20.351
1110	-7.013	3.168	2.580
1156	-7.008	3.169	2.465
1192	-7.008	3.169	2.465
1083	-7.005	3.169	2.465
1121	-6.941	3.174	2.468
1203	-6.938	3.174	2.468
1058	-6.921	1.205	19.474
1060	-6.921	1.205	19.476
1035	-6.919	1.206	19.475
1036	-6.919	1.206	19.020
1038	-6.919	1.206	24.968
1030	-6.918	1.207	2.435
1031	-6.918	1.207	2.436
1032	-6.918	1.207	18.980
1033	-6.918	1.207	19.302
948	-6.918	1.206	19.497
949	-6.918	1.206	19.520
999	-6.918	1.206	19.514
1012	-6.918	1.206	19.513
1013	-6.918	1.206	19.513
1016	-6.918	1.206	19.502
1064	-6.917	1.207	25.107
1019	-6.917	1.207	22.737
955	-6.916	1.207	22.738
1003	-6.916	1.207	22.738
1006	-6.916	1.207	22.737
1009	-6.916	1.207	29.391
1099	-6.916	1.205	20.405
1177	-6.911	1.205	20.398
1096	-6.911	1.203	2.155
1114	-6.909	1.207	21.007
1125	-6.909	1.206	2.639
1128	-6.909	1.206	20.709
1111	-6.909	1.203	2.362
1144	-6.908	1.203	24.460
962	-6.846	3.202	0.000
963	-6.846	3.202	0.000
964	-6.846	3.202	0.021
952	-6.839	3.203	0.021
1106	-6.727	3.218	22.252
1104	-6.677	3.220	19.849
921	-6.676	3.220	20.048
922	-6.676	3.220	23.773
915	-6.676	3.221	25.845
1054	-6.675	1.202	1.479
966	-6.673	1.203	22.293
968	-6.673	1.203	22.300
979	-6.673	1.203	25.853
1017	-6.673	1.203	2.010
958	-6.672	1.203	22.554
935	-6.672	1.203	24.085
943	-6.672	1.203	21.665
944	-6.672	1.203	24.082
960	-6.670	1.203	21.248
990	-6.670	1.203	21.412
1002	-6.670	1.203	20.741
1118	-6.667	3.970	24.623
972	-6.661	3.282	18.896
1201	-6.661	1.203	18.898
1101	-6.625	3.476	18.897
1204	-6.616	3.475	18.897
1143	-6.598	3.476	18.897
1080	-6.594	1.216	18.897
1018	-6.592	1.219	18.897
1200	-6.581	1.219	18.897
1044	-6.499	3.963	19.696
1067	-6.490	3.968	19.696
1189	-6.480	3.974	19.806
1150	-6.479	3.974	19.804
1182	-6.464	3.278	19.741
918	-6.416	3.480	19.746
961	-6.415	3.480	18.919
1088	-6.413	3.480	18.919
1172	-6.407	3.480	18.919
1194	-6.381	3.969	18.918
1147	-6.339	3.964	18.750
1130	-6.159	3.877	19.053
1079	-6.147	3.875	19.053
1197	-6.081	3.892	19.223
1166	-6.056	3.896	19.220
1109	-6.046	3.896	19.199
1081	-5.912	2.904	19.209
1213	-5.869	2.888	18.980
1057	-5.849	2.894	20.777
1122	-5.842	2.871	20.570
1051	-5.841	2.872	2.587
1127	-5.841	2.871	2.587
1167	-5.830	2.882	2.587
1084	-5.826	2.878	2.587
1024	-5.825	2.878	19.960
917	-5.821	2.891	19.960
919	-5.821	2.891	19.960
924	-5.821	2.891	2.588
925	-5.821	2.890	20.851
927	-5.821	2.891	20.350
929	-5.821	2.891	19.789
977	-5.821	2.890	2.465
992	-5.821	2.890	2.465
995	-5.821	2.890	2.465
998	-5.821	2.890	2.465
1011	-5.821	2.890	2.429
1015	-5.821	2.890	2.468
1022	-5.821	2.890	2.468
947	-5.821	2.890	2.468
1050	-5.818	2.890	19.476
1041	-5.818	2.890	19.476
1085	-5.810	2.888	19.019
1052	-5.809	2.888	24.968
1077	-5.809	2.886	2.435
945	-5.798	2.377	19.018
1135	-5.797	2.945	18.960
956	-5.781	2.349	19.302
1212	-5.779	2.330	19.514
1062	-5.773	2.223	19.513
1027	-5.768	2.331	19.513
1065	-5.768	2.331	19.497
1048	-5.753	2.966	20.555
1087	-5.752	2.968	20.301
1046	-5.751	2.967	22.738
1120	-5.750	2.956	22.738
1116	-5.750	2.964	22.738
1136	-5.749	2.964	20.878
1047	-5.733	2.363	2.360
910	-5.732	2.364	19.918
913	-5.732	2.364	2.155
914	-5.732	2.364	21.007
928	-5.732	2.365	2.639
934	-5.732	2.365	23.909
938	-5.732	2.365	2.362
971	-5.732	2.365	2.360
980	-5.732	2.365	20.717
978	-5.732	2.365	2.335
1165	-5.706	2.866	22.348
1124	-5.705	2.865	24.496
1056	-5.673	2.539	0.050
1133	-5.671	2.537	0.014
1039	-5.667	2.539	0.000
1040	-5.667	2.539	0.001
1026	-5.666	2.538	0.000
1029	-5.666	2.539	0.001
1211	-5.635	2.544	0.000
1160	-5.630	3.128	0.000
1063	-5.629	3.127	0.021
1155	-5.629	3.128	0.021
1202	-5.628	2.543	0.215
1163	-5.628	3.128	0.080
1187	-5.628	3.128	19.893
908	-5.624	2.545	21.596
912	-5.624	2.545	19.882
916	-5.624	2.545	3.282
933	-5.624	2.545	3.282
973	-5.624	2.545	22.252
974	-5.624	2.545	22.288
982	-5.624	2.545	27.960
984	-5.624	2.545	27.966
975	-5.597	3.130	25.841
1014	-5.597	3.130	1.479
1068	-5.582	3.124	22.554
1086	-5.582	3.128	24.085
1196	-5.560	2.923	21.665
1191	-5.513	2.693	21.166
1126	-5.512	2.692	24.427
1055	-5.490	2.702	18.896
909	-5.478	2.700	18.898
911	-5.478	2.700	18.897
930	-5.478	2.700	18.897
937	-5.478	2.700	18.897
965	-5.478	2.700	18.897
969	-5.478	2.700	18.897
970	-5.478	2.700	18.897
981	-5.478	2.700	18.898
991	-5.478	2.700	18.895
993	-5.478	2.700	18.972
1004	-5.478	2.700	18.970
1072	-5.473	2.698	18.983
1074	-5.473	2.698	19.696
1023	-5.462	2.687	19.696
1210	-5.208	3.531	19.822
1103	-5.204	3.531	19.822
1183	-5.201	3.531	19.803
1173	-5.200	3.531	19.773
920	-5.142	3.538	18.919
923	-5.142	3.538	18.919
926	-5.142	3.538	18.918
931	-5.142	3.538	18.920
932	-5.142	3.538	18.929
936	-5.142	3.538	18.917
939	-5.142	3.538	19.052
940	-5.142	3.538	19.053
941	-5.142	3.538	19.068
946	-5.142	3.538	19.075
983	-5.142	3.538	19.719
986	-5.142	3.538	19.223
987	-5.142	3.538	19.219
988	-5.142	3.538	19.199
989	-5.142	3.538	19.208
1045	-5.142	3.538	19.208
950	-5.142	3.538	19.209
954	-5.142	3.538	19.227
959	-5.142	3.538	20.330
985	-5.142	3.538	18.931
994	-5.142	3.538	18.932
997	-5.142	3.538	18.932
1000	-5.142	3.538	18.932
1001	-5.142	3.538	18.892
1005	-5.142	3.538	18.885
1007	-5.142	3.538	18.969
1008	-5.142	3.538	18.973
1025	-5.140	3.538	18.969
1134	-5.139	3.539	19.165
1132	-5.139	3.538	19.241
1188	-5.138	3.539	18.966
1168	-4.970	3.513	19.790
