1403	-5.184	0.000	7.658
1404	-5.184	0.000	7.661
1405	-5.184	0.000	7.664
1406	-5.184	0.000	7.009
1407	-5.184	0.000	7.009
1408	-5.184	0.000	7.009
1409	-5.184	0.000	7.009
1410	-5.184	0.000	7.009
1411	-5.184	0.000	7.009
1412	-5.184	0.000	7.006
1463	-5.184	0.000	7.555
1503	-5.184	0.000	7.574
1504	-5.184	0.000	7.580
1505	-5.184	0.000	7.587
1506	-5.184	0.000	7.580
1507	-5.184	0.000	7.244
1508	-5.184	0.000	7.245
1510	-5.184	0.000	7.753
1511	-5.184	0.000	7.816
1512	-5.184	0.000	7.815
1513	-5.184	0.000	7.817
1514	-5.184	0.000	7.817
1515	-5.184	0.000	7.813
1517	-5.184	0.000	7.781
1518	-5.184	0.000	7.781
1519	-5.184	0.000	7.781
1520	-5.184	0.000	7.782
1521	-5.184	0.000	7.916
1522	-5.184	0.000	10.340
1523	-5.184	0.000	10.335
1524	-5.184	0.000	10.335
1525	-5.184	0.000	10.343
1526	-5.184	0.000	10.336
1527	-5.184	0.000	8.382
1528	-5.184	0.000	13.495
1356	-5.172	0.005	13.500
1357	-5.172	0.005	13.515
1358	-5.172	0.005	13.509
1359	-5.172	0.005	13.509
1360	-5.172	0.005	13.508
1361	-5.172	0.005	13.491
1362	-5.172	0.005	6.804
1363	-5.172	0.005	12.858
1364	-5.172	0.005	12.857
1365	-5.172	0.005	12.857
1366	-5.172	0.005	12.857
1367	-5.172	0.005	7.918
1368	-5.172	0.005	7.926
1369	-5.172	0.005	13.324
1370	-5.172	0.005	12.753
1371	-5.172	0.005	12.748
1372	-5.172	0.005	13.323
1373	-5.172	0.005	13.323
1374	-5.172	0.005	13.323
1375	-5.172	0.005	12.747
1376	-5.172	0.005	8.160
1377	-5.172	0.005	6.788
1378	-5.172	0.005	7.082
1379	-5.172	0.005	7.095
1382	-5.172	0.005	7.611
1383	-5.062	1.220	19.297
1384	-5.062	1.220	19.297
1385	-5.062	1.220	19.297
1386	-5.062	1.220	19.297
1387	-5.062	1.220	19.297
1388	-5.062	1.220	19.297
1389	-5.062	1.220	19.297
1390	-5.062	1.220	19.298
1391	-5.062	1.220	19.296
1392	-5.062	1.220	19.379
1393	-5.062	1.220	19.376
1394	-5.062	1.220	19.388
1395	-5.062	1.220	19.845
1396	-5.062	1.220	20.078
1397	-5.062	1.220	20.078
1398	-5.062	1.220	20.078
1443	-5.062	1.220	20.078
1444	-5.062	1.220	20.078
1399	-5.052	1.214	20.076
1400	-5.052	1.214	20.193
1401	-5.052	1.214	20.177
1402	-5.052	1.214	20.176
1413	-5.052	1.214	20.173
1414	-5.052	1.214	20.177
1415	-5.052	1.214	20.177
1416	-5.052	1.214	20.165
1417	-5.052	1.214	20.135
1418	-5.052	1.214	20.104
1419	-5.052	1.214	20.103
1420	-5.052	1.214	20.103
1421	-5.052	1.214	20.105
1422	-5.052	1.214	20.109
1423	-5.052	1.214	19.330
1424	-5.052	1.214	19.331
1425	-5.052	1.214	19.331
1426	-5.052	1.214	19.332
1427	-5.052	1.214	19.161
1428	-5.052	1.214	19.329
1429	-5.052	1.214	19.525
1430	-5.052	1.214	19.526
1431	-5.052	1.214	19.538
1432	-5.052	1.214	19.524
1433	-5.052	1.214	19.471
1434	-5.052	1.214	19.743
1435	-5.052	1.214	19.739
1436	-5.052	1.214	19.721
1445	-5.052	1.214	19.729
1446	-5.052	1.214	19.729
1447	-5.052	1.214	19.729
1448	-5.052	1.214	19.747
1449	-5.052	1.214	20.683
1450	-5.052	1.214	19.434
1452	-5.052	1.214	19.432
1453	-5.052	1.214	19.435
1454	-5.052	1.214	19.435
1455	-5.052	1.214	19.315
1456	-5.052	1.214	19.308
1457	-5.052	1.214	19.477
1459	-5.052	1.214	19.477
1460	-5.052	1.214	19.473
1461	-5.052	1.214	19.690
1464	-5.052	1.214	19.762
1465	-5.052	1.214	19.762
1466	-5.052	1.214	19.471
1467	-5.052	1.214	19.075
1468	-5.052	1.214	20.515
1469	-5.052	1.214	20.107
1470	-5.052	1.214	20.105
1473	-5.052	1.214	20.066
1475	-5.052	1.214	20.674
1476	-5.052	1.214	19.480
1477	-5.052	1.214	19.482
1478	-5.052	1.214	21.932
1479	-5.052	1.214	21.198
1480	-5.052	1.214	21.474
1481	-5.052	1.214	21.635
1482	-5.052	1.214	21.476
1483	-5.052	1.214	21.476
1484	-5.052	1.214	21.476
1485	-5.052	1.214	2.348
1486	-5.052	1.214	2.348
1487	-5.052	1.214	2.348
1488	-5.052	1.214	2.347
1489	-5.052	1.214	20.300
1490	-5.052	1.214	20.300
1491	-5.052	1.214	20.300
1492	-5.052	1.214	2.350
1493	-5.052	1.214	21.232
1494	-5.052	1.214	20.141
1495	-5.052	1.214	21.234
1496	-5.052	1.214	2.298
1497	-5.052	1.214	2.297
1498	-5.052	1.214	2.297
1499	-5.052	1.214	2.297
1500	-5.052	1.214	20.024
1501	-5.052	1.214	20.024
1502	-5.052	1.214	2.301
1542	-5.052	1.214	2.301
1543	-5.052	1.214	20.023
1544	-5.052	1.214	20.026
1545	-5.052	1.214	20.024
1304	-5.017	0.084	21.237
1305	-5.017	0.084	2.739
1306	-5.017	0.084	2.739
1307	-5.017	0.084	19.416
1308	-5.017	0.084	19.707
1309	-5.017	0.084	19.704
1310	-5.017	0.084	19.992
1311	-5.017	0.084	19.987
1312	-5.017	0.084	19.987
1313	-5.017	0.084	19.987
1314	-5.017	0.084	19.719
1315	-5.017	0.084	21.401
1316	-5.017	0.084	20.858
1317	-5.017	0.084	22.092
1318	-5.017	0.084	22.092
1319	-5.017	0.084	22.092
1320	-5.017	0.084	20.206
1321	-5.017	0.084	20.771
1322	-5.017	0.084	21.082
1323	-5.017	0.084	2.063
1324	-5.017	0.084	2.524
1325	-5.017	0.084	2.323
1326	-5.017	0.084	2.323
1327	-5.017	0.084	2.523
1328	-5.017	0.084	2.523
1329	-5.017	0.084	2.322
1330	-5.017	0.084	2.472
1331	-5.017	0.084	2.472
1333	-5.016	0.085	2.472
1334	-5.016	0.085	2.470
1335	-5.016	0.085	24.832
1336	-5.016	0.085	22.680
1337	-5.016	0.085	22.739
1338	-5.016	0.085	22.739
1339	-5.016	0.085	23.415
1340	-5.016	0.085	24.825
1341	-5.016	0.085	1.642
1342	-5.016	0.085	1.628
1343	-5.016	0.085	1.633
1344	-5.016	0.085	1.633
1345	-5.016	0.085	1.633
1346	-5.016	0.085	1.633
1347	-5.016	0.085	1.633
1348	-5.016	0.085	1.633
1349	-5.016	0.085	1.620
1350	-5.016	0.085	1.620
1351	-5.016	0.085	22.170
1352	-5.016	0.085	1.614
1353	-5.016	0.085	20.342
1354	-5.016	0.085	2.940
1355	-5.016	0.085	22.891
1380	-5.014	0.086	20.334
1381	-5.014	0.086	2.934
1451	-5.012	0.085	20.300
1458	-5.012	0.085	21.902
1462	-5.012	0.085	28.231
1546	-5.002	0.071	24.297
1549	-5.002	0.071	23.149
1550	-5.002	0.071	24.280
1551	-5.002	0.071	1.404
1552	-5.002	0.071	22.690
1553	-5.002	0.071	26.112
1554	-5.002	0.071	22.697
1555	-5.002	0.071	0.000
1556	-5.002	0.071	3.423
1471	-5.002	0.071	22.202
1472	-5.002	0.071	24.401
1547	-4.995	1.190	24.399
1548	-4.995	1.190	1.646
1332	-4.992	0.067	21.688
1474	-4.977	0.077	22.615
