16	-7.598	0.000	7.704
17	-7.598	0.000	7.757
18	-7.598	0.001	7.771
19	-7.598	0.000	7.770
20	-7.598	0.001	7.770
21	-7.598	0.000	7.767
106	-7.597	0.001	7.831
107	-7.597	0.001	7.736
110	-7.597	0.001	7.736
112	-7.597	0.001	7.738
113	-7.597	0.001	7.724
156	-7.597	0.001	7.739
157	-7.597	0.001	10.300
158	-7.597	0.001	10.292
159	-7.597	0.001	10.311
160	-7.597	0.001	10.305
316	-7.597	0.001	10.293
363	-7.597	0.001	13.302
378	-7.597	0.001	13.485
379	-7.597	0.001	13.360
380	-7.597	0.001	13.480
497	-7.597	0.001	13.480
498	-7.597	0.001	13.479
499	-7.597	0.001	13.462
501	-7.597	0.001	6.759
502	-7.597	0.001	12.827
503	-7.597	0.001	12.825
508	-7.597	0.001	12.826
511	-7.597	0.001	12.826
512	-7.597	0.001	12.826
518	-7.597	0.001	7.881
279	-7.596	0.001	7.878
280	-7.596	0.001	12.723
281	-7.596	0.001	13.296
282	-7.596	0.001	13.295
471	-7.596	0.005	13.295
472	-7.596	0.005	13.295
473	-7.596	0.005	12.722
642	-7.596	0.005	8.006
643	-7.596	0.005	6.743
644	-7.596	0.005	7.058
645	-7.596	0.005	7.046
646	-7.596	0.005	7.085
647	-7.596	0.005	13.553
648	-7.596	0.005	13.108
649	-7.596	0.005	13.108
650	-7.596	0.005	13.095
651	-7.596	0.005	10.049
652	-7.596	0.005	12.578
653	-7.596	0.005	12.577
654	-7.596	0.005	12.581
655	-7.596	0.005	12.581
656	-7.596	0.005	12.581
657	-7.596	0.005	26.201
658	-7.596	0.005	26.201
659	-7.596	0.005	26.201
660	-7.596	0.005	26.201
666	-7.596	0.005	7.377
667	-7.596	0.005	7.377
668	-7.596	0.005	7.377
669	-7.596	0.005	6.139
670	-7.596	0.005	7.487
671	-7.596	0.005	8.521
672	-7.596	0.005	12.436
673	-7.596	0.005	25.665
674	-7.596	0.005	1.907
399	-7.595	0.004	25.663
400	-7.595	0.004	25.663
401	-7.595	0.004	25.663
402	-7.595	0.004	26.204
403	-7.595	0.004	25.666
404	-7.595	0.004	25.666
406	-7.595	0.004	11.930
407	-7.595	0.004	11.928
408	-7.595	0.004	8.862
409	-7.595	0.004	25.663
410	-7.595	0.004	26.213
42	-7.592	0.004	26.213
43	-7.592	0.004	9.441
45	-7.592	0.004	9.484
46	-7.592	0.004	8.676
47	-7.592	0.004	12.258
49	-7.592	0.004	9.485
52	-7.592	0.004	9.484
53	-7.592	0.004	9.484
54	-7.592	0.004	8.398
55	-7.592	0.003	9.383
56	-7.592	0.004	11.516
57	-7.592	0.004	24.785
58	-7.592	0.004	24.785
59	-7.592	0.004	24.785
60	-7.592	0.004	8.708
66	-7.592	0.004	8.167
67	-7.592	0.004	7.674
68	-7.592	0.004	25.551
69	-7.592	0.004	25.551
70	-7.592	0.004	24.589
72	-7.592	0.004	25.724
74	-7.592	0.004	24.643
75	-7.592	0.004	24.643
76	-7.592	0.004	25.725
77	-7.592	0.004	24.692
78	-7.592	0.004	24.692
79	-7.592	0.004	24.692
80	-7.592	0.004	3.878
82	-7.592	0.004	7.263
83	-7.592	0.004	24.433
84	-7.592	0.004	9.079
86	-7.592	0.004	9.079
87	-7.592	0.004	24.321
89	-7.592	0.004	3.877
90	-7.592	0.004	25.837
91	-7.592	0.004	25.829
93	-7.592	0.004	25.819
96	-7.592	0.003	25.819
98	-7.592	0.004	25.819
99	-7.592	0.004	25.819
100	-7.592	0.004	25.819
182	-7.592	0.004	25.819
184	-7.592	0.004	25.771
191	-7.592	0.004	25.825
193	-7.592	0.004	8.769
194	-7.592	0.004	25.823
209	-7.592	0.004	26.671
211	-7.592	0.004	13.326
212	-7.592	0.004	8.810
215	-7.592	0.004	13.328
217	-7.592	0.004	24.608
218	-7.592	0.004	4.150
222	-7.592	0.004	25.997
223	-7.592	0.004	25.981
224	-7.592	0.004	4.164
225	-7.592	0.004	13.378
228	-7.592	0.004	4.181
230	-7.592	0.004	2.412
234	-7.592	0.004	0.030
235	-7.592	0.004	0.029
237	-7.592	0.004	9.332
238	-7.592	0.004	0.051
239	-7.592	0.004	2.233
283	-7.592	0.004	7.977
284	-7.592	0.004	7.978
285	-7.592	0.004	7.974
286	-7.592	0.004	25.771
287	-7.592	0.004	7.349
288	-7.592	0.004	3.032
289	-7.592	0.004	1.357
290	-7.592	0.004	2.326
291	-7.592	0.004	7.689
292	-7.592	0.004	7.690
293	-7.592	0.004	7.690
294	-7.592	0.004	7.690
295	-7.592	0.004	7.690
296	-7.592	0.004	7.691
302	-7.592	0.004	7.691
303	-7.592	0.004	7.691
304	-7.592	0.004	7.692
305	-7.592	0.004	7.691
306	-7.592	0.004	7.644
307	-7.592	0.004	7.633
308	-7.592	0.004	7.624
309	-7.592	0.004	6.995
310	-7.592	0.004	6.994
311	-7.592	0.004	6.994
312	-7.592	0.004	6.995
313	-7.592	0.004	6.995
314	-7.592	0.004	6.996
347	-7.592	0.004	7.622
348	-7.592	0.004	7.544
349	-7.592	0.004	7.556
350	-7.592	0.004	7.563
351	-7.592	0.004	7.222
352	-7.592	0.004	7.562
353	-7.592	0.004	7.227
355	-7.592	0.004	7.735
356	-7.592	0.004	7.784
357	-7.592	0.004	7.798
364	-7.592	0.004	7.798
365	-7.592	0.004	7.798
366	-7.592	0.004	7.794
367	-7.592	0.004	7.835
371	-7.592	0.004	7.765
372	-7.592	0.004	7.765
373	-7.592	0.004	7.767
374	-7.592	0.004	7.734
375	-7.592	0.004	7.768
376	-7.592	0.004	10.324
377	-7.592	0.004	10.315
385	-7.592	0.004	10.335
386	-7.592	0.004	10.325
387	-7.592	0.004	10.321
22	-7.571	0.009	6.784
23	-7.571	0.009	13.511
24	-7.571	0.009	13.495
25	-7.571	0.009	13.507
26	-7.571	0.009	13.506
27	-7.571	0.009	13.506
28	-7.571	0.009	13.489
29	-7.571	0.009	13.384
30	-7.571	0.009	12.855
31	-7.571	0.009	12.852
32	-7.571	0.009	12.853
33	-7.571	0.009	12.853
34	-7.571	0.009	12.853
35	-7.571	0.009	7.906
36	-7.571	0.009	7.909
37	-7.571	0.009	12.750
38	-7.571	0.009	12.750
39	-7.571	0.009	13.321
40	-7.571	0.009	13.321
41	-7.571	0.009	13.322
101	-7.570	0.010	13.571
178	-7.570	0.010	8.142
179	-7.570	0.010	6.773
180	-7.570	0.010	7.088
181	-7.570	0.010	6.761
394	-7.392	1.177	7.115
395	-7.392	1.177	13.576
396	-7.392	1.177	13.134
397	-7.392	1.177	13.125
398	-7.392	1.177	9.647
451	-7.392	1.177	10.068
452	-7.392	1.177	10.065
453	-7.392	1.177	12.602
3	-7.391	1.177	12.606
4	-7.391	1.177	12.606
8	-7.391	1.177	12.606
495	-7.391	1.177	26.235
496	-7.391	1.177	26.235
500	-7.391	1.177	26.235
504	-7.391	1.177	26.235
505	-7.391	1.177	7.404
506	-7.391	1.177	7.404
507	-7.391	1.177	7.404
509	-7.391	1.177	6.171
510	-7.391	1.177	6.171
513	-7.391	1.177	7.403
514	-7.391	1.177	6.163
515	-7.391	1.177	7.276
516	-7.391	1.177	7.423
517	-7.391	1.177	25.698
519	-7.391	1.177	25.698
520	-7.391	1.177	25.698
521	-7.391	1.177	26.239
522	-7.391	1.177	25.701
523	-7.391	1.177	25.701
138	-7.390	1.177	11.955
139	-7.390	1.177	11.954
368	-7.390	1.177	8.889
369	-7.390	1.177	8.893
370	-7.390	1.177	26.248
381	-7.390	1.177	26.248
599	-7.386	1.177	26.235
600	-7.386	1.177	8.955
601	-7.386	1.177	6.645
602	-7.386	1.177	8.975
603	-7.386	1.177	9.492
391	-7.386	1.177	9.508
392	-7.386	1.177	9.508
393	-7.386	1.177	9.508
405	-7.386	1.177	9.506
64	-7.384	1.177	8.130
71	-7.384	1.177	24.806
73	-7.384	1.177	24.806
88	-7.384	1.177	24.806
354	-7.384	1.177	24.808
358	-7.384	1.177	8.194
359	-7.384	1.177	7.700
360	-7.384	1.177	25.583
361	-7.384	1.177	25.587
362	-7.384	1.177	24.624
388	-7.384	1.177	25.759
177	-7.362	1.179	4.363
273	-7.362	1.179	24.677
274	-7.362	1.179	25.760
275	-7.362	1.179	25.763
276	-7.362	1.179	24.727
277	-7.362	1.179	24.727
278	-7.362	1.179	24.727
384	-7.362	1.179	7.517
154	-7.292	0.125	24.454
155	-7.292	0.125	3.876
114	-7.292	0.125	9.101
115	-7.292	0.125	24.342
116	-7.292	0.125	3.886
117	-7.292	0.125	25.871
118	-7.292	0.125	9.082
119	-7.292	0.125	25.853
120	-7.292	0.125	25.853
121	-7.292	0.125	25.853
122	-7.292	0.125	25.853
123	-7.292	0.125	25.853
124	-7.292	0.125	25.853
125	-7.292	0.125	9.246
126	-7.292	0.125	25.860
127	-7.292	0.125	8.792
128	-7.292	0.125	25.857
129	-7.292	0.125	26.706
130	-7.292	0.125	24.639
131	-7.292	0.125	8.832
132	-7.292	0.125	13.353
133	-7.292	0.125	24.643
134	-7.292	0.125	13.356
297	-7.292	0.125	26.020
298	-7.292	0.125	26.004
299	-7.292	0.125	4.179
315	-7.292	0.125	12.788
142	-7.290	0.127	2.263
143	-7.290	0.127	2.443
144	-7.290	0.127	0.019
145	-7.290	0.127	0.017
146	-7.290	0.127	9.355
147	-7.290	0.127	0.025
148	-7.290	0.127	2.264
149	-7.290	0.127	25.585
342	-7.290	0.127	2.261
343	-7.290	0.127	8.077
344	-7.290	0.127	7.754
345	-7.290	0.127	7.374
346	-7.290	0.127	3.454
161	-7.290	0.127	1.371
162	-7.290	0.127	1.928
163	-7.290	0.127	7.695
165	-7.290	0.127	7.696
166	-7.290	0.127	7.696
169	-7.290	0.127	7.696
175	-7.290	0.127	7.696
176	-7.290	0.127	7.697
195	-7.290	0.127	7.697
196	-7.290	0.127	7.697
197	-7.290	0.127	7.698
198	-7.290	0.127	7.697
199	-7.290	0.127	7.650
201	-7.290	0.127	7.637
202	-7.290	0.127	7.640
203	-7.290	0.127	7.000
204	-7.290	0.127	7.000
205	-7.290	0.127	7.000
206	-7.290	0.127	6.997
207	-7.290	0.127	7.000
208	-7.290	0.127	7.001
317	-7.290	0.127	6.998
318	-7.290	0.127	7.552
1	-7.269	1.300	7.564
2	-7.269	1.300	7.571
5	-7.269	1.300	7.229
6	-7.269	1.300	7.229
7	-7.269	1.300	7.235
9	-7.269	1.300	7.630
10	-7.269	1.300	7.793
11	-7.269	1.300	7.806
12	-7.269	1.300	7.806
13	-7.269	1.300	7.802
14	-7.269	1.300	7.801
15	-7.269	1.300	7.843
44	-7.268	1.302	7.770
48	-7.268	1.302	7.771
50	-7.268	1.302	7.772
51	-7.268	1.302	7.740
61	-7.268	1.302	10.338
62	-7.268	1.302	10.333
63	-7.268	1.302	10.324
65	-7.268	1.302	10.342
81	-7.268	1.302	10.325
85	-7.268	1.302	10.326
92	-7.268	1.302	13.494
94	-7.268	1.302	13.510
95	-7.268	1.302	13.494
97	-7.268	1.302	13.486
183	-7.268	1.302	13.505
185	-7.268	1.302	13.505
186	-7.268	1.302	13.488
187	-7.268	1.302	13.526
188	-7.268	1.302	12.842
189	-7.268	1.302	12.855
190	-7.268	1.302	12.853
192	-7.268	1.302	12.853
210	-7.268	1.302	12.853
213	-7.268	1.302	12.853
214	-7.268	1.302	7.915
216	-7.268	1.302	12.749
219	-7.268	1.302	12.749
220	-7.268	1.302	13.320
221	-7.268	1.302	13.320
226	-7.268	1.302	13.320
227	-7.268	1.302	12.850
229	-7.268	1.302	8.146
231	-7.268	1.302	7.102
232	-7.268	1.302	7.094
233	-7.268	1.302	6.773
236	-7.268	1.302	7.125
240	-7.268	1.302	6.948
300	-7.268	1.302	13.134
301	-7.268	1.302	13.125
102	-7.267	1.300	13.134
103	-7.267	1.300	10.077
104	-7.267	1.300	10.074
105	-7.267	1.300	12.599
108	-7.267	1.300	12.603
109	-7.267	1.300	12.603
111	-7.267	1.300	12.603
135	-7.267	1.300	26.236
136	-7.267	1.300	26.237
137	-7.267	1.300	26.237
140	-7.267	1.300	26.237
141	-7.267	1.300	7.411
389	-7.178	2.139	7.410
661	-7.022	2.009	7.410
662	-7.022	2.009	7.411
663	-7.022	2.009	26.244
664	-7.022	2.009	7.521
390	-7.018	2.005	6.166
411	-7.018	2.005	7.425
414	-7.018	2.005	7.427
415	-7.018	2.005	25.699
416	-7.018	2.005	25.699
417	-7.018	2.005	25.699
418	-7.018	2.005	26.241
419	-7.018	2.005	25.702
420	-7.018	2.005	25.702
421	-7.018	2.005	11.958
422	-7.018	2.005	11.956
423	-7.018	2.005	8.896
424	-7.018	2.005	8.901
425	-7.018	2.005	1.922
426	-7.018	2.005	26.250
427	-7.018	2.005	26.237
428	-7.018	2.005	8.981
429	-7.018	2.005	8.710
430	-7.018	2.005	8.982
431	-7.018	2.005	9.501
432	-7.018	2.005	9.516
433	-7.018	2.005	9.517
412	-7.018	2.005	8.432
413	-7.018	2.005	9.516
434	-7.018	2.005	7.233
242	-7.017	0.179	24.801
243	-7.017	0.179	24.801
244	-7.017	0.179	24.801
247	-7.017	0.179	24.802
250	-7.017	0.179	8.773
251	-7.017	0.179	7.708
254	-7.017	0.179	25.585
255	-7.017	0.179	25.587
256	-7.017	0.179	24.626
257	-7.017	0.179	25.759
258	-7.017	0.179	25.760
259	-7.017	0.179	24.679
260	-7.017	0.179	4.353
261	-7.017	0.179	25.764
263	-7.017	0.179	24.728
264	-7.017	0.179	24.728
265	-7.017	0.179	24.729
266	-7.017	0.179	7.578
267	-7.017	0.179	4.359
268	-7.017	0.179	3.886
269	-7.017	0.179	9.100
270	-7.017	0.179	24.335
272	-7.017	0.179	3.895
164	-7.014	2.002	7.983
167	-7.014	2.002	3.892
168	-7.014	2.002	25.854
170	-7.014	2.002	25.855
171	-7.014	2.002	25.855
172	-7.014	2.002	25.855
173	-7.014	2.002	25.861
174	-7.014	2.002	25.855
200	-7.014	2.002	9.245
470	-7.002	0.185	25.861
598	-6.978	2.934	8.791
249	-6.908	1.200	25.858
262	-6.908	1.200	26.707
271	-6.908	1.200	24.638
450	-6.897	1.201	8.832
464	-6.897	1.201	13.352
465	-6.897	1.201	24.644
466	-6.897	1.201	24.644
467	-6.897	1.201	26.014
468	-6.897	1.201	2.252
469	-6.897	1.201	4.188
638	-6.897	1.201	12.786
639	-6.897	1.201	25.037
640	-6.897	1.201	0.019
641	-6.897	1.201	0.013
728	-6.877	0.201	0.014
734	-6.877	0.201	9.355
738	-6.877	0.201	0.012
744	-6.877	0.201	0.014
752	-6.877	0.201	25.579
753	-6.877	0.201	7.749
770	-6.877	0.201	2.260
773	-6.877	0.201	8.002
774	-6.877	0.201	7.377
724	-6.876	0.201	7.248
725	-6.876	0.201	1.365
1440	-6.876	0.201	1.929
1441	-6.876	0.201	18.078
1533	-6.876	0.201	18.080
1537	-6.876	0.201	18.080
727	-6.876	1.203	18.080
684	-6.868	0.201	18.080
435	-6.867	0.201	18.079
436	-6.867	0.201	18.080
437	-6.867	0.201	18.080
440	-6.867	0.201	18.080
441	-6.867	0.201	18.079
442	-6.867	0.201	18.150
443	-6.867	0.201	18.145
444	-6.867	0.201	18.159
445	-6.867	0.201	18.809
446	-6.867	0.201	18.809
448	-6.867	0.201	18.809
527	-6.866	0.202	18.813
529	-6.866	0.202	18.807
539	-6.866	0.202	18.809
540	-6.866	0.202	18.813
541	-6.866	0.202	19.046
542	-6.866	0.202	19.036
547	-6.866	0.202	19.036
548	-6.866	0.202	18.934
553	-6.866	0.202	19.037
556	-6.866	0.202	18.925
557	-6.866	0.202	18.929
561	-6.866	0.202	19.009
563	-6.866	0.202	19.000
564	-6.866	0.202	18.999
565	-6.866	0.202	19.001
566	-6.866	0.202	18.999
567	-6.866	0.202	19.006
568	-6.866	0.202	18.121
569	-6.866	0.202	18.121
570	-6.866	0.202	18.120
571	-6.866	0.202	18.121
573	-6.866	0.202	18.812
577	-6.866	0.202	17.970
578	-6.866	0.202	18.789
579	-6.866	0.202	18.815
580	-6.866	0.202	18.787
583	-6.866	0.202	18.789
588	-6.866	0.202	18.245
590	-6.866	0.202	18.232
592	-6.866	0.202	18.244
594	-6.866	0.202	18.251
150	-6.864	1.204	18.235
151	-6.864	1.204	18.235
152	-6.864	1.204	18.236
153	-6.864	1.204	18.236
319	-6.864	1.204	17.993
320	-6.864	1.204	17.995
321	-6.864	1.204	17.996
322	-6.864	1.204	17.996
323	-6.864	1.204	0.000
324	-6.864	1.204	18.659
325	-6.864	1.204	18.142
326	-6.864	1.204	17.937
327	-6.864	1.204	17.937
328	-6.864	1.204	18.223
329	-6.864	1.204	18.223
330	-6.864	1.204	18.223
331	-6.864	1.204	17.995
332	-6.864	1.204	20.105
333	-6.864	1.204	17.914
334	-6.864	1.204	18.835
335	-6.864	1.204	19.176
336	-6.864	1.204	18.837
337	-6.864	1.204	18.930
338	-6.864	1.204	18.181
339	-6.864	1.204	18.181
340	-6.864	1.204	18.182
341	-6.864	1.204	20.529
382	-6.864	1.204	20.498
383	-6.864	1.204	19.774
729	-6.741	1.209	19.776
730	-6.741	1.209	19.775
731	-6.741	1.209	19.775
732	-6.741	1.209	20.364
733	-6.741	1.209	3.873
735	-6.741	1.209	3.873
736	-6.741	1.209	3.873
737	-6.741	1.209	19.155
739	-6.741	1.209	19.155
740	-6.741	1.209	19.155
741	-6.741	1.209	19.155
742	-6.741	1.209	3.880
743	-6.741	1.209	19.766
745	-6.741	1.209	19.768
746	-6.741	1.209	19.008
747	-6.741	1.209	3.103
748	-6.741	1.209	3.099
749	-6.741	1.209	3.098
750	-6.741	1.209	3.098
751	-6.741	1.209	4.798
754	-6.741	1.209	3.107
755	-6.741	1.209	3.107
756	-6.741	1.209	18.876
757	-6.741	1.209	18.945
758	-6.741	1.209	18.522
759	-6.741	1.209	18.515
760	-6.741	1.209	23.709
761	-6.741	1.209	4.805
762	-6.741	1.209	20.003
763	-6.741	1.209	18.498
764	-6.741	1.209	18.796
765	-6.741	1.209	18.797
766	-6.741	1.209	19.220
767	-6.741	1.209	19.232
768	-6.741	1.209	19.232
769	-6.741	1.209	19.253
771	-6.741	1.209	19.228
772	-6.741	1.209	19.650
775	-6.741	1.209	20.196
1437	-6.740	1.210	20.196
1438	-6.740	1.209	20.196
1439	-6.740	1.209	20.196
1442	-6.740	1.209	19.135
1509	-6.740	1.210	19.765
1516	-6.740	1.210	4.178
1529	-6.740	1.210	4.177
1530	-6.740	1.210	3.615
1531	-6.740	1.209	2.871
1532	-6.740	1.209	2.873
1534	-6.740	1.209	3.609
1535	-6.740	1.209	3.603
1536	-6.740	1.210	2.875
1538	-6.740	1.210	3.596
1539	-6.740	1.210	3.596
1540	-6.740	1.210	3.596
1541	-6.740	1.210	23.421
723	-6.739	1.210	22.940
726	-6.739	1.210	23.487
675	-6.733	1.210	27.097
676	-6.733	1.210	19.767
677	-6.733	1.210	22.935
678	-6.733	1.210	19.128
679	-6.733	1.210	3.738
680	-6.733	1.210	3.741
681	-6.733	1.210	3.738
683	-6.733	1.210	3.738
438	-6.732	1.210	3.738
439	-6.732	1.210	3.741
447	-6.732	1.210	3.738
449	-6.732	1.210	20.721
524	-6.731	1.210	3.740
525	-6.731	1.210	3.740
526	-6.731	1.210	4.295
528	-6.731	1.210	21.168
530	-6.731	1.210	1.236
531	-6.731	1.210	21.369
532	-6.731	1.210	18.963
533	-6.731	1.210	1.242
534	-6.731	1.210	1.242
535	-6.731	1.210	20.091
536	-6.731	1.210	26.564
537	-6.731	1.210	22.975
538	-6.731	1.210	20.151
543	-6.731	1.210	21.099
544	-6.731	1.210	26.593
545	-6.731	1.210	27.121
546	-6.731	1.210	24.473
549	-6.731	1.210	21.228
550	-6.731	1.210	2.677
551	-6.731	1.210	21.050
552	-6.731	1.210	20.036
554	-6.731	1.210	22.787
555	-6.731	1.210	22.788
558	-6.731	1.210	22.785
559	-6.731	1.210	20.376
560	-6.731	1.210	20.333
562	-6.731	1.210	20.311
572	-6.731	1.210	24.424
574	-6.731	1.210	17.970
575	-6.731	1.210	17.971
576	-6.731	1.210	17.971
581	-6.731	1.210	17.971
582	-6.731	1.210	17.972
584	-6.731	1.210	17.971
585	-6.731	1.210	17.971
586	-6.731	1.210	17.971
587	-6.731	1.210	17.972
589	-6.731	1.210	17.970
591	-6.731	1.210	18.048
593	-6.731	1.210	18.043
595	-6.731	1.210	18.058
596	-6.731	1.210	18.707
597	-6.731	1.210	18.707
241	-6.725	1.350	18.707
245	-6.725	1.350	18.707
246	-6.725	1.350	18.706
248	-6.725	1.350	18.707
252	-6.725	1.350	18.932
253	-6.725	1.350	18.944
481	-6.688	2.189	18.933
485	-6.688	2.189	18.933
487	-6.688	2.189	18.893
455	-6.687	2.199	18.934
457	-6.687	2.199	18.885
458	-6.687	2.199	18.890
477	-6.687	2.199	18.879
479	-6.687	2.199	18.869
619	-6.686	2.199	18.868
622	-6.686	2.199	18.870
625	-6.686	2.199	18.867
628	-6.686	2.199	18.875
629	-6.686	2.199	17.986
630	-6.686	2.199	17.985
631	-6.686	2.199	17.986
634	-6.686	2.199	17.985
636	-6.686	2.199	18.332
682	-6.686	2.199	18.327
691	-6.686	2.199	18.312
703	-6.686	2.199	18.334
705	-6.686	2.199	18.310
720	-6.686	2.199	18.311
604	-6.664	1.365	18.197
605	-6.664	1.365	18.197
606	-6.664	1.365	18.195
607	-6.664	1.365	18.204
608	-6.664	1.365	18.184
609	-6.664	1.365	18.184
610	-6.664	1.365	18.184
611	-6.664	1.365	18.325
612	-6.664	1.365	17.899
613	-6.664	1.365	17.899
614	-6.664	1.365	17.900
615	-6.664	1.365	17.900
616	-6.664	1.365	17.900
617	-6.664	1.365	17.954
618	-6.664	1.365	17.946
454	-6.536	2.668	17.898
456	-6.536	2.668	17.898
459	-6.536	2.668	18.157
460	-6.536	2.668	18.145
461	-6.536	2.668	18.157
462	-6.536	2.668	18.157
463	-6.536	2.668	20.005
474	-6.536	2.668	17.724
475	-6.536	2.668	18.711
476	-6.536	2.668	19.142
478	-6.536	2.668	18.683
480	-6.536	2.668	18.037
620	-6.536	2.668	17.997
621	-6.536	2.668	17.997
623	-6.536	2.668	17.998
624	-6.536	2.668	20.024
626	-6.536	2.668	19.303
627	-6.536	2.668	19.874
632	-6.536	2.668	19.875
633	-6.536	2.668	19.875
635	-6.536	2.668	19.875
637	-6.536	2.668	19.013
665	-6.536	2.668	3.138
685	-6.536	2.668	3.138
686	-6.536	2.668	3.138
687	-6.536	2.668	3.138
688	-6.536	2.668	19.019
689	-6.536	2.668	19.019
690	-6.536	2.668	19.018
692	-6.536	2.668	3.143
693	-6.536	2.668	19.786
694	-6.536	2.668	19.788
695	-6.536	2.668	2.742
696	-6.536	2.668	2.748
697	-6.536	2.668	2.746
698	-6.536	2.668	2.746
699	-6.536	2.668	2.746
700	-6.536	2.668	3.177
701	-6.536	2.668	2.752
702	-6.536	2.668	2.752
704	-6.536	2.668	18.567
706	-6.536	2.668	18.569
707	-6.536	2.668	18.131
708	-6.536	2.668	18.569
709	-6.536	2.668	23.941
710	-6.536	2.668	3.186
711	-6.536	2.668	20.096
712	-6.536	2.668	18.095
713	-6.536	2.668	18.448
714	-6.536	2.668	18.449
715	-6.536	2.668	18.719
716	-6.536	2.668	18.729
717	-6.536	2.668	18.729
718	-6.536	2.668	18.728
719	-6.536	2.668	18.424
482	-6.534	2.664	19.864
483	-6.534	2.665	19.598
484	-6.534	2.664	21.906
486	-6.534	2.664	21.906
488	-6.534	2.664	21.906
489	-6.534	2.664	18.925
490	-6.534	2.664	19.778
491	-6.534	2.664	2.258
492	-6.534	2.664	2.388
493	-6.534	2.664	2.384
494	-6.534	2.665	2.793
721	-6.534	2.664	19.816
722	-6.534	2.664	2.244
