1765	-5.171	0.000	13.130
1557	-5.091	3.093	24.571
1579	-5.091	3.093	24.571
1593	-5.091	3.093	24.571
1596	-5.091	3.093	24.571
1600	-5.091	3.093	5.811
1607	-5.091	3.093	5.811
1610	-5.091	3.093	5.811
1611	-5.091	3.093	24.578
1612	-5.091	3.093	5.920
1643	-5.091	3.093	2.365
1644	-5.091	3.093	24.551
1645	-5.091	3.093	24.042
1646	-5.091	3.093	24.041
1647	-5.091	3.093	24.040
1648	-5.091	3.093	24.040
1649	-5.091	3.093	24.503
1652	-5.091	3.093	24.043
1653	-5.091	3.093	24.043
1654	-5.091	3.093	24.043
1655	-5.091	3.093	24.039
1661	-5.091	3.093	10.148
1662	-5.091	3.093	7.351
1671	-5.091	3.093	24.040
1672	-5.091	3.093	24.513
1674	-5.091	3.093	24.513
1677	-5.091	3.093	7.436
1679	-5.091	3.093	7.124
1680	-5.091	3.093	7.121
1681	-5.091	3.093	7.974
1682	-5.091	3.093	7.979
1683	-5.091	3.093	7.977
1684	-5.091	3.093	7.977
1685	-5.091	3.093	6.823
1686	-5.091	3.093	5.232
1687	-5.091	3.093	5.861
1688	-5.091	3.093	24.381
1689	-5.091	3.093	24.381
1690	-5.091	3.093	24.381
1691	-5.091	3.093	4.401
1692	-5.091	3.093	6.013
1693	-5.091	3.093	4.394
1694	-5.091	3.093	23.848
1695	-5.091	3.093	22.969
1696	-5.091	3.093	24.103
1697	-5.091	3.093	6.063
1698	-5.091	3.093	22.948
1699	-5.091	3.093	22.949
1700	-5.091	3.093	4.348
1701	-5.091	3.093	22.998
1702	-5.091	3.093	22.999
1703	-5.091	3.093	22.999
1704	-5.091	3.093	23.002
1705	-5.091	3.093	3.281
1706	-5.091	3.093	24.245
1707	-5.091	3.093	7.531
1708	-5.091	3.093	7.531
1709	-5.091	3.093	24.003
1710	-5.091	3.093	5.052
1711	-5.091	3.093	24.100
1712	-5.091	3.093	24.089
1713	-5.091	3.093	24.080
1714	-5.091	3.093	24.080
1715	-5.091	3.093	24.080
1716	-5.091	3.093	24.080
1717	-5.091	3.093	24.080
1718	-5.091	3.093	24.080
1719	-5.091	3.093	24.086
1720	-5.091	3.093	24.086
1721	-5.091	3.093	8.727
1722	-5.091	3.093	24.086
1723	-5.091	3.093	11.561
1724	-5.091	3.093	22.962
1725	-5.091	3.093	11.545
1726	-5.091	3.093	11.558
1727	-5.091	3.093	22.967
1728	-5.091	3.093	7.526
1729	-5.091	3.093	4.087
1730	-5.091	3.093	4.084
1731	-5.091	3.093	10.988
1732	-5.091	3.093	24.695
1733	-5.091	3.093	3.487
1734	-5.091	3.093	24.939
1735	-5.091	3.093	7.815
1736	-5.091	3.093	2.262
1737	-5.091	3.093	7.802
1738	-5.091	3.093	23.054
1739	-5.091	3.093	6.389
1740	-5.091	3.093	6.375
1741	-5.091	3.093	8.726
1742	-5.091	3.093	6.082
1743	-5.091	3.093	5.502
1744	-5.091	3.093	7.682
1745	-5.091	3.093	7.919
1746	-5.091	3.093	2.210
1747	-5.091	3.093	19.297
1561	-4.868	3.771	18.016
1562	-4.868	3.771	18.016
1564	-4.868	3.771	18.016
1565	-4.868	3.771	18.016
1569	-4.868	3.771	18.016
1570	-4.868	3.771	18.016
1571	-4.868	3.771	18.015
1577	-4.868	3.771	18.015
1583	-4.868	3.771	18.016
1587	-4.868	3.771	18.014
1589	-4.868	3.771	18.093
1590	-4.868	3.771	18.090
1597	-4.868	3.771	18.086
1599	-4.868	3.771	18.596
1608	-4.868	3.771	18.756
1609	-4.868	3.771	18.756
1614	-4.868	3.771	18.756
1615	-4.868	3.771	18.756
1617	-4.868	3.771	18.756
1618	-4.868	3.771	18.754
1619	-4.868	3.771	18.758
1620	-4.868	3.771	18.975
1621	-4.868	3.771	18.969
1622	-4.868	3.771	18.968
1623	-4.868	3.771	18.970
1624	-4.868	3.771	18.970
1642	-4.868	3.771	18.923
1650	-4.868	3.771	18.932
1651	-4.868	3.771	18.906
1656	-4.868	3.771	18.906
1657	-4.868	3.771	18.905
1658	-4.868	3.771	18.907
1659	-4.868	3.771	18.911
1663	-4.868	3.771	18.031
1664	-4.868	3.771	18.030
1665	-4.868	3.771	18.029
1666	-4.868	3.771	18.029
1667	-4.868	3.771	18.039
1668	-4.868	3.771	18.372
1669	-4.868	3.771	18.358
1673	-4.868	3.771	18.358
1675	-4.868	3.771	18.369
1676	-4.868	3.771	18.356
1678	-4.868	3.771	18.876
1757	-4.868	3.771	18.273
1758	-4.868	3.771	18.273
1760	-4.868	3.771	18.414
1761	-4.868	3.771	18.277
1762	-4.868	3.771	18.277
1763	-4.868	3.771	18.277
1764	-4.868	3.771	18.293
