1689	-9.715	0.000	18.571
1692	-9.715	0.000	18.571
1703	-9.715	0.001	18.571
1602	-9.713	0.001	18.566
1605	-9.713	0.001	18.566
1621	-9.710	0.001	23.791
1629	-9.710	0.001	23.791
1626	-9.710	0.002	23.791
1597	-9.649	0.045	7.578
1594	-9.611	0.044	7.578
1694	-9.532	2.322	19.841
1611	-9.529	2.324	19.841
1613	-9.529	2.322	19.841
1610	-9.529	2.323	19.841
1614	-9.529	2.324	19.841
1619	-9.528	2.322	19.841
1620	-9.528	2.321	20.098
1627	-9.528	2.322	20.098
1695	-9.370	2.315	0.006
1615	-9.159	1.690	0.065
1593	-9.138	2.198	0.066
1606	-9.138	2.198	0.065
1631	-9.138	2.198	0.065
1612	-9.137	2.198	0.065
1745	-9.114	0.100	9.638
1754	-9.114	0.100	9.638
1758	-9.114	0.100	9.638
1659	-9.113	0.100	9.638
1668	-9.113	0.100	9.638
1682	-9.113	0.100	9.638
1715	-9.112	0.100	9.638
1721	-9.112	0.100	9.638
1637	-9.078	0.105	6.794
1661	-8.984	0.117	18.571
1757	-8.962	2.657	23.791
1658	-8.960	2.658	7.578
1673	-8.960	2.658	7.578
1665	-8.960	2.664	7.578
1718	-8.956	0.132	7.578
1601	-8.950	2.459	6.867
1785	-8.933	0.127	6.868
1596	-8.930	0.100	24.106
1687	-8.929	0.100	24.106
1607	-8.926	0.100	24.106
1608	-8.926	0.100	24.106
1600	-8.908	2.674	21.004
1641	-8.858	2.662	0.125
1739	-8.845	2.669	0.123
1761	-8.845	2.670	0.123
1780	-8.845	2.670	0.123
1742	-8.844	2.669	0.123
1677	-8.843	2.670	0.125
1683	-8.842	2.670	0.125
1649	-8.842	2.671	0.125
1762	-8.841	2.414	0.125
1775	-8.841	2.413	0.125
1740	-8.841	2.413	0.125
1787	-8.841	2.413	0.125
1791	-8.840	2.416	0.125
1763	-8.840	2.415	0.125
1778	-8.840	2.418	0.125
1798	-8.840	2.413	0.118
1654	-8.840	2.413	0.118
1666	-8.840	2.413	1.250
1675	-8.840	2.413	1.250
1645	-8.840	2.413	1.250
1783	-8.840	2.409	1.250
1646	-8.840	2.413	1.251
1770	-8.840	2.406	1.252
1731	-8.839	2.415	0.000
1764	-8.838	2.416	0.000
1779	-8.837	2.427	0.000
1771	-8.837	2.426	0.004
1671	-8.837	2.414	0.004
1760	-8.835	2.426	1.399
1743	-8.833	2.435	1.401
1796	-8.831	2.436	1.401
1635	-8.802	2.419	0.221
1781	-8.801	2.410	0.221
1702	-8.792	3.909	0.212
1696	-8.791	2.713	0.212
1794	-8.790	0.353	1.278
1704	-8.789	3.275	1.282
1749	-8.783	2.363	1.282
1616	-8.769	3.218	1.282
1592	-8.691	2.714	10.737
1680	-8.681	2.673	10.737
1697	-8.678	2.729	10.737
1766	-8.664	2.419	10.737
1732	-8.598	2.471	10.737
1756	-8.587	2.471	10.737
1664	-8.586	2.471	10.737
1638	-8.585	2.473	10.737
1640	-8.585	2.473	9.959
1738	-8.573	2.203	9.959
1652	-8.557	2.431	9.959
1724	-8.547	2.322	9.959
1744	-8.545	2.318	9.959
1773	-8.544	2.318	9.959
1729	-8.540	2.416	18.939
1609	-8.539	2.476	18.914
1691	-8.519	3.226	19.139
1784	-8.490	2.471	19.127
1788	-8.480	0.731	19.127
1644	-8.434	3.277	7.423
1790	-8.364	1.177	7.421
1753	-8.357	2.192	24.470
1700	-8.350	3.225	24.469
1699	-8.350	3.224	24.470
1604	-8.346	3.224	18.403
1624	-8.346	3.224	18.403
1707	-8.321	2.195	18.403
1701	-8.243	3.699	24.232
1725	-8.242	3.693	8.137
1748	-8.242	3.693	8.133
1717	-8.242	3.694	8.133
1713	-8.241	3.694	8.133
1642	-8.216	3.281	8.133
1655	-8.215	3.279	7.488
1719	-8.215	3.280	7.488
1663	-8.215	3.280	7.488
1767	-8.185	1.302	7.488
1710	-8.184	1.325	7.488
1676	-7.924	3.284	24.515
1786	-7.816	2.429	20.139
1777	-7.742	3.289	21.004
1774	-7.738	3.296	21.004
1720	-7.733	3.296	0.125
1726	-7.461	3.439	0.123
1647	-7.074	3.021	0.123
1670	-7.072	3.021	0.125
1769	-6.967	2.198	0.125
1722	-6.961	2.226	0.125
1751	-6.657	3.043	0.118
1679	-6.651	3.043	1.250
1792	-6.234	3.075	0.000
1690	-6.045	3.305	0.004
