8	-19.369	0.000	10.410
43	-19.362	0.000	10.410
625	-19.246	0.018	10.410
653	-19.246	0.018	10.410
486	-19.224	0.017	10.410
249	-19.197	0.018	10.410
636	-19.194	0.018	10.410
642	-19.194	0.018	10.410
246	-19.171	0.016	10.410
409	-19.155	0.018	10.410
169	-19.147	0.017	10.410
411	-19.053	0.018	10.410
4	-18.007	2.028	19.323
6	-18.002	2.028	19.323
12	-18.001	2.028	19.323
25	-17.999	2.028	19.323
106	-17.885	2.029	6.792
51	-17.883	2.029	6.792
62	-17.883	2.029	24.057
254	-17.784	2.026	24.067
418	-17.783	2.026	24.067
472	-17.783	2.026	24.067
464	-17.779	2.026	24.067
558	-17.777	2.026	24.067
629	-17.777	2.026	18.577
557	-17.775	2.024	18.572
510	-17.757	2.026	23.793
514	-17.757	2.026	23.793
236	-17.751	2.026	23.793
48	-17.735	2.026	23.793
56	-17.734	2.026	23.793
57	-17.734	2.026	23.793
59	-17.734	2.026	23.793
37	-17.732	2.026	7.580
154	-17.729	2.026	7.576
595	-17.697	2.028	24.108
198	-17.694	2.026	24.108
340	-17.690	2.027	19.842
373	-17.689	2.027	19.842
423	-17.684	2.028	19.842
346	-17.675	2.025	19.842
364	-17.674	2.025	19.842
476	-17.673	2.025	19.842
330	-17.673	2.020	20.099
1730	-17.668	2.029	20.098
190	-17.634	2.027	20.902
98	-17.632	2.027	20.902
85	-17.628	2.025	20.902
394	-17.575	2.026	1.177
226	-17.545	2.026	1.374
13	-15.100	1.511	24.067
19	-15.099	1.511	24.067
41	-15.099	1.511	24.067
69	-15.099	1.511	18.577
21	-15.066	1.513	18.572
247	-14.863	1.527	18.574
269	-14.863	1.527	18.574
553	-14.862	1.527	18.569
559	-14.862	1.527	18.569
200	-14.844	1.521	23.793
484	-14.843	1.519	23.793
283	-14.841	1.523	23.793
29	-14.833	1.519	23.793
118	-14.833	1.519	23.793
75	-14.833	1.519	23.793
173	-14.832	1.519	23.793
181	-14.832	1.519	23.793
185	-14.832	1.519	7.580
188	-14.832	1.519	7.580
196	-14.832	1.519	7.576
130	-14.832	1.519	7.576
599	-14.830	1.529	7.576
477	-14.819	1.523	7.576
420	-14.818	1.524	7.576
475	-14.818	1.523	7.576
614	-14.816	1.524	7.576
424	-14.816	1.523	6.865
385	-14.814	1.529	6.865
485	-14.809	1.520	6.865
522	-14.808	1.522	6.866
271	-14.808	1.523	6.866
307	-14.803	1.523	6.850
210	-14.801	1.529	6.858
221	-14.800	1.529	24.108
213	-14.792	1.523	24.108
88	-14.790	1.521	24.108
89	-14.790	1.521	24.108
90	-14.790	1.521	19.841
33	-14.789	1.520	19.841
82	-14.789	1.521	19.841
83	-14.789	1.521	19.841
105	-14.789	1.521	19.841
119	-14.789	1.521	19.841
58	-14.789	1.522	19.841
114	-14.788	1.521	20.097
63	-14.788	1.522	20.097
167	-14.788	1.521	20.097
191	-14.788	1.521	20.902
137	-14.787	1.517	20.902
71	-14.787	1.521	20.902
135	-14.787	1.521	1.178
140	-14.786	1.535	1.178
146	-14.786	1.521	1.179
110	-14.785	1.522	1.182
42	-14.784	1.527	1.182
125	-14.776	1.623	1.182
448	-14.775	1.526	1.182
440	-14.775	1.525	1.180
407	-14.775	1.525	1.180
304	-14.775	1.525	1.180
296	-14.771	1.520	1.180
351	-14.771	1.520	1.180
453	-14.770	1.520	1.180
45	-14.769	1.463	1.180
244	-14.760	1.518	1.180
532	-14.740	1.520	1.180
478	-14.727	1.522	1.180
470	-14.726	1.522	1.181
431	-14.726	1.521	1.181
444	-14.726	1.522	1.181
348	-14.726	1.523	0.006
349	-14.726	1.522	0.006
466	-14.725	1.522	0.006
633	-14.725	1.522	0.006
465	-14.725	1.522	0.006
590	-14.725	1.526	1.252
647	-14.724	1.522	1.252
651	-14.724	1.522	1.252
609	-14.724	1.525	1.255
488	-14.717	1.519	1.378
496	-14.716	1.520	1.379
524	-14.716	1.521	1.379
549	-14.716	1.520	1.379
613	-14.716	1.543	1.379
506	-14.715	1.520	1.378
509	-14.715	1.520	2.832
86	-14.709	1.520	2.832
64	-14.704	1.514	2.832
144	-14.704	1.521	1.087
438	-14.693	1.524	1.084
594	-14.693	1.524	0.065
376	-14.693	1.524	1.117
87	-14.655	1.648	1.117
611	-14.613	1.514	0.063
50	-14.345	1.755	0.063
1312	-14.000	1.840	10.410
92	-13.701	2.731	24.065
61	-13.598	2.102	18.571
1709	-13.562	1.878	18.566
367	-13.486	1.975	23.791
552	-13.300	2.954	1.255
463	-13.293	2.949	1.378
315	-13.289	2.754	1.379
115	-13.246	2.946	1.379
49	-13.246	2.946	1.379
38	-13.245	2.946	1.378
377	-13.222	2.941	2.829
482	-13.220	2.929	1.119
272	-13.178	2.678	3.467
560	-13.177	2.700	3.467
570	-13.177	2.698	3.467
436	-13.167	2.727	3.467
7	-13.163	2.690	3.463
116	-13.163	2.686	10.410
537	-13.162	2.728	10.410
162	-13.162	2.716	10.410
189	-13.162	2.693	10.410
180	-13.151	2.719	10.410
562	-13.146	2.982	10.410
548	-13.137	2.988	10.410
104	-13.136	2.977	10.410
601	-13.106	2.965	10.410
1746	-13.103	2.701	9.638
645	-12.923	2.519	18.573
1267	-12.785	2.673	18.566
1147	-12.725	2.673	23.791
656	-12.651	1.992	7.578
634	-12.627	1.980	7.578
659	-12.567	1.979	24.106
1292	-12.110	3.312	23.791
1782	-12.053	3.108	1.181
646	-12.037	2.047	2.832
648	-12.037	2.047	2.832
655	-12.037	2.047	1.087
644	-12.036	2.074	1.087
658	-12.005	2.019	1.117
