1125	-10.738	0.000	18.571
1086	-10.736	0.001	18.566
1090	-10.736	0.001	18.566
1048	-10.711	0.019	23.791
1052	-10.711	0.019	7.582
1064	-10.711	0.019	7.582
1096	-10.695	0.069	7.578
1097	-10.695	0.069	7.578
1119	-10.677	0.017	6.867
1130	-10.677	0.017	6.867
1204	-10.677	0.017	6.867
1205	-10.675	0.025	6.852
1102	-10.657	0.052	24.106
1109	-10.645	0.077	19.841
1294	-10.599	0.025	20.098
596	-10.591	0.291	20.097
1103	-10.587	0.062	20.097
1155	-10.587	0.062	20.097
1165	-10.587	0.062	20.902
1167	-10.587	0.062	20.902
1068	-10.549	0.042	1.182
1055	-10.547	0.038	1.182
1308	-10.547	0.038	1.180
1042	-10.546	0.038	1.180
1050	-10.546	0.038	1.180
1053	-10.546	0.038	1.180
1069	-10.546	0.038	1.180
1071	-10.546	0.038	1.180
1084	-10.546	0.038	1.180
1081	-10.545	0.038	1.180
1082	-10.545	0.038	1.180
1063	-10.545	0.038	1.180
1035	-10.544	0.038	1.180
1067	-10.482	0.106	0.005
1360	-10.457	0.044	0.006
1243	-10.454	0.044	0.006
1220	-10.453	0.044	0.000
1258	-10.361	0.078	1.378
1045	-10.133	3.939	2.832
1054	-10.133	3.938	1.087
1599	-10.089	3.939	1.117
1077	-9.489	2.129	20.097
1061	-9.489	2.131	20.097
1174	-9.486	3.789	20.902
1079	-9.392	2.301	1.180
1192	-9.219	3.317	1.379
1327	-9.127	3.218	3.467
1281	-9.123	3.225	10.410
1219	-9.086	3.251	6.795
1115	-9.078	2.721	6.794
1152	-9.078	2.721	24.065
1140	-9.078	2.722	24.065
1066	-9.041	2.728	18.569
1372	-9.041	2.728	18.568
1198	-9.018	2.719	18.569
1648	-8.998	3.240	18.569
1274	-8.988	3.193	18.571
1272	-8.981	2.725	18.566
1370	-8.981	2.725	18.566
1378	-8.981	2.725	23.791
1321	-8.970	2.532	23.791
1070	-8.913	2.530	24.106
1224	-8.913	2.530	19.860
1331	-8.913	2.530	19.860
1357	-8.913	2.530	19.860
1111	-8.837	2.716	0.004
1285	-8.799	2.720	1.881
1253	-8.781	2.994	1.282
1362	-8.781	2.994	1.282
1363	-8.781	2.994	1.282
1099	-8.763	2.719	1.282
1116	-8.763	2.719	1.282
1374	-8.728	2.720	2.078
1373	-8.728	2.722	1.464
1193	-8.661	2.556	10.737
1100	-8.658	2.570	10.737
1046	-8.655	2.240	10.737
1173	-8.611	1.867	10.737
1179	-8.392	1.914	7.421
1246	-8.325	3.257	18.402
1320	-8.276	3.251	24.232
1101	-8.272	3.412	24.232
1347	-8.270	3.267	24.232
1091	-8.261	3.079	24.232
1110	-8.255	3.093	24.232
1149	-8.248	1.991	24.232
1223	-8.224	3.781	8.133
1365	-8.217	1.976	8.133
1380	-8.054	3.122	24.515
446	-8.050	3.925	24.515
1178	-7.720	3.676	0.125
1172	-7.623	3.522	0.125
1337	-7.595	3.428	0.123
1714	-7.053	3.892	0.125
1376	-6.498	3.243	1.250
1345	-6.156	3.341	0.000
