1745	-11.264	0.000	5.100
1788	-11.264	0.000	5.099
1763	-11.148	1.092	3.523
1770	-10.971	0.893	17.654
1774	-10.970	0.893	17.651
1795	-10.970	0.893	17.651
1747	-10.968	0.893	17.651
1784	-10.968	0.893	17.656
1805	-10.968	0.893	17.657
1754	-8.240	3.396	3.175
1736	-8.239	3.397	4.020
1793	-8.233	1.330	4.434
1748	-8.207	3.414	4.434
1809	-8.052	2.739	18.398
1751	-8.052	2.740	2.953
1801	-8.043	3.736	2.954
1732	-7.979	2.391	17.655
1803	-7.979	2.391	17.652
1755	-7.894	2.149	18.086
1739	-7.891	2.150	18.706
1733	-7.679	2.338	19.179
1771	-7.624	2.367	2.672
1818	-7.363	2.407	18.399
1820	-7.363	2.407	2.953
1752	-7.362	2.407	2.954
1772	-7.042	1.848	11.306
1783	-7.041	1.848	11.308
1811	-7.004	1.856	10.618
1761	-7.004	1.856	10.618
