967	-23.011	0.000	0.000
2	-22.913	0.002	1.523
240	-22.910	0.002	4.591
541	-22.897	0.002	4.581
716	-22.895	0.002	4.582
513	-22.895	0.002	10.715
499	-22.893	0.002	2.670
526	-22.893	0.007	10.716
251	-22.883	0.002	10.713
252	-22.883	0.002	2.669
4	-22.860	0.002	10.714
5	-22.860	0.002	10.713
626	-22.853	0.002	10.714
667	-22.852	0.002	10.707
630	-22.851	0.002	4.624
631	-22.851	0.002	3.524
665	-22.846	0.002	4.463
7	-22.845	0.023	3.523
262	-22.842	0.002	11.285
83	-22.842	0.023	4.575
571	-22.837	0.007	4.574
184	-22.829	0.002	3.823
197	-22.825	0.002	0.011
198	-22.825	0.002	0.010
216	-22.819	0.002	0.008
167	-22.819	0.002	0.007
444	-22.818	0.002	0.164
445	-22.818	0.002	0.002
8	-22.815	0.002	0.003
179	-22.815	0.007	0.001
67	-22.814	0.002	3.537
68	-22.814	0.002	4.485
21	-22.813	0.002	3.175
23	-22.813	0.002	4.020
412	-22.813	0.002	4.434
11	-22.812	0.002	4.425
12	-22.812	0.002	4.435
212	-22.812	0.002	3.110
43	-22.811	0.002	4.266
50	-22.811	0.002	5.021
316	-22.811	0.002	5.021
52	-22.811	0.002	5.021
196	-22.811	0.007	5.021
322	-22.811	0.007	3.680
325	-22.811	0.007	4.342
473	-22.809	0.002	4.297
471	-22.809	0.002	4.298
56	-22.808	0.002	4.299
231	-22.808	0.002	1.628
141	-22.807	0.002	2.082
33	-22.806	0.002	4.672
63	-22.806	0.002	4.299
74	-22.806	0.002	4.309
138	-22.806	0.002	3.369
213	-22.806	0.007	4.654
148	-22.805	0.002	3.977
151	-22.805	0.002	3.013
209	-22.804	0.007	3.015
94	-22.803	0.002	4.322
18	-22.802	0.002	18.390
19	-22.802	0.002	3.478
26	-22.802	0.002	18.394
396	-22.802	0.007	18.397
114	-22.801	0.002	18.396
79	-22.801	0.002	18.396
81	-22.801	0.002	18.396
162	-22.801	0.007	18.396
159	-22.800	0.007	18.396
160	-22.800	0.007	18.397
64	-22.799	0.007	2.953
170	-22.799	0.007	2.954
335	-22.797	0.007	2.954
13	-22.796	0.007	2.954
15	-22.796	0.007	2.957
624	-22.795	0.003	2.957
58	-22.794	0.007	2.955
221	-22.794	0.007	18.400
272	-22.791	0.002	2.955
122	-22.783	0.007	2.936
275	-22.783	0.007	17.654
3	-22.744	0.024	17.651
49	-22.641	0.008	17.651
24	-22.497	0.028	17.651
70	-22.497	0.028	17.656
313	-22.490	0.025	17.657
1637	-22.073	0.014	17.654
529	-19.675	0.838	17.654
787	-19.673	0.838	11.640
511	-19.672	0.838	11.639
525	-19.672	0.838	18.915
503	-19.671	0.838	18.915
250	-19.661	0.838	18.921
598	-19.641	0.838	18.914
602	-19.641	0.838	18.919
609	-19.639	0.839	18.919
614	-19.639	0.839	5.146
673	-19.639	0.839	18.079
568	-19.636	0.839	18.085
442	-19.611	0.839	18.709
328	-19.609	0.839	18.705
449	-19.607	0.839	18.081
436	-19.605	0.839	18.086
51	-19.604	0.839	11.487
76	-19.604	0.839	11.487
85	-19.603	0.839	10.721
30	-19.602	0.839	10.721
31	-19.602	0.839	17.789
55	-19.601	0.839	11.306
108	-19.600	0.839	11.308
41	-19.599	0.839	17.813
291	-19.599	0.839	10.614
298	-19.599	0.839	10.618
312	-19.598	0.839	10.618
93	-19.596	0.839	10.618
95	-19.596	0.839	10.618
28	-19.591	0.839	10.616
719	-19.551	0.840	18.060
190	-19.513	0.846	11.615
193	-19.511	0.846	11.605
427	-19.506	0.846	18.078
35	-19.501	0.846	9.524
65	-19.500	0.846	9.475
314	-19.498	0.846	9.474
10	-19.498	0.846	10.508
14	-19.498	0.846	7.171
113	-19.489	0.846	9.881
597	-19.476	0.625	9.883
34	-19.386	0.839	9.878
44	-19.386	0.839	10.015
20	-19.383	0.839	10.255
22	-19.383	0.839	25.824
48	-19.383	0.839	25.831
29	-19.379	0.840	9.572
227	-19.361	0.626	25.769
343	-19.348	0.849	25.822
119	-19.336	0.849	25.797
25	-19.245	2.986	8.125
47	-19.245	2.986	25.787
78	-19.244	2.986	25.986
431	-19.159	2.988	14.164
16	-19.147	2.988	26.341
308	-19.147	2.988	26.613
91	-19.062	0.843	8.236
77	-18.994	0.850	8.235
353	-18.814	2.999	8.235
36	-18.798	2.983	8.230
120	-18.785	2.983	8.229
210	-18.697	2.985	8.227
390	-18.697	2.985	9.652
344	-18.692	2.985	8.262
232	-18.691	2.985	6.944
135	-18.688	2.984	9.059
32	-18.090	2.919	10.751
38	-18.090	2.919	10.739
71	-18.090	2.919	9.059
149	-18.089	2.919	9.072
124	-17.992	2.888	25.835
372	-17.970	2.919	8.800
202	-17.970	2.919	8.795
6	-17.961	2.918	9.063
317	-17.961	2.918	8.820
62	-17.960	2.918	19.168
290	-17.960	2.918	19.178
127	-17.959	2.918	26.707
128	-17.959	2.918	26.164
137	-17.959	2.918	10.439
40	-17.941	2.920	9.341
200	-17.916	3.007	8.233
106	-17.915	3.007	8.506
204	-17.912	3.007	9.033
278	-17.894	3.007	7.013
550	-17.611	2.948	5.098
707	-17.610	2.948	5.097
176	-17.591	2.921	5.105
327	-17.584	2.921	5.104
206	-17.577	2.921	5.095
415	-17.577	2.921	1.546
150	-17.574	2.921	4.603
152	-17.574	2.921	4.593
88	-17.569	2.921	4.594
234	-17.569	2.921	10.712
203	-17.361	2.995	2.676
363	-17.360	2.995	10.713
381	-17.359	2.995	10.710
9	-17.351	2.994	2.675
261	-17.309	2.861	10.711
39	-17.269	2.992	10.710
96	-17.264	2.992	10.711
332	-17.093	2.993	10.704
205	-17.090	2.993	4.629
341	-17.087	2.993	3.531
352	-17.087	2.993	4.474
249	-17.085	2.850	3.530
139	-17.082	2.992	11.284
295	-17.082	2.992	4.580
310	-17.080	2.993	4.579
284	-17.076	2.993	3.843
289	-17.076	2.993	0.049
437	-17.056	2.937	0.043
242	-16.960	2.851	0.141
246	-16.960	2.851	0.043
681	-16.946	2.928	0.043
225	-16.918	2.850	0.045
281	-16.908	2.850	4.485
646	-16.855	2.951	3.177
424	-16.800	2.851	4.014
795	-16.773	2.945	3.116
712	-16.698	2.849	1.618
534	-16.685	2.944	3.010
811	-16.652	2.848	18.425
793	-16.647	2.947	18.424
487	-16.646	2.947	18.424
621	-16.644	2.851	18.424
554	-16.643	2.851	18.423
679	-16.643	2.851	18.423
540	-16.642	2.847	18.425
675	-16.616	2.948	2.929
560	-16.601	2.850	17.677
582	-16.598	2.849	17.683
608	-16.597	2.849	17.684
616	-16.597	2.849	17.681
620	-16.597	2.849	17.681
510	-16.596	2.946	11.635
428	-16.556	2.849	11.302
180	-16.542	2.942	17.839
401	-16.535	2.942	10.611
301	-16.485	2.945	18.105
474	-16.437	2.944	9.468
429	-16.391	2.849	9.467
1712	-16.346	2.958	25.858
802	-16.308	2.958	8.226
830	-16.297	2.958	6.939
752	-16.276	2.958	9.052
772	-16.276	2.958	10.749
779	-16.276	2.958	10.738
842	-16.275	2.958	9.054
647	-16.266	2.959	9.068
613	-16.249	2.959	25.869
518	-16.196	2.960	8.784
528	-16.195	2.960	9.058
653	-16.150	2.961	26.742
166	-16.124	2.956	26.199
640	-16.052	2.959	8.221
551	-16.022	2.874	4.591
544	-16.013	2.874	4.581
718	-16.004	2.874	10.715
557	-15.912	2.960	0.011
552	-15.595	2.957	3.015
375	-15.538	2.910	4.322
405	-15.537	2.910	18.390
490	-15.448	2.961	3.478
555	-15.435	2.962	18.394
587	-15.433	2.962	18.397
422	-15.424	2.951	18.396
805	-15.319	2.925	18.396
790	-15.312	2.962	18.396
799	-15.277	2.928	18.396
579	-15.224	2.930	18.397
788	-15.177	2.918	2.954
255	-15.149	2.929	2.956
669	-15.069	2.921	2.955
562	-14.697	2.981	18.400
488	-14.582	2.982	2.955
831	-14.580	2.982	2.936
1611	-14.562	2.980	17.654
636	-14.424	2.980	17.651
654	-14.354	2.917	17.651
845	-14.227	0.333	17.651
219	-14.218	0.333	17.654
305	-14.203	0.333	17.654
97	-14.158	0.332	11.639
840	-14.078	0.333	11.639
320	-14.068	0.331	18.915
123	-13.992	0.260	18.914
737	-13.920	0.773	18.919
267	-13.908	0.773	18.919
800	-13.876	0.772	5.146
806	-13.876	0.772	18.079
820	-13.859	0.768	18.085
524	-13.855	0.772	18.709
507	-13.854	0.772	18.705
897	-13.853	0.771	18.081
836	-13.852	0.771	18.086
164	-13.839	0.772	11.487
165	-13.799	3.203	11.487
90	-13.798	3.203	10.721
156	-13.798	3.203	10.721
710	-13.776	0.768	17.789
1687	-13.695	0.766	11.306
664	-13.679	0.767	11.308
794	-13.677	1.620	17.813
747	-13.676	1.620	10.614
825	-13.667	1.620	10.618
421	-13.594	1.620	10.618
717	-13.566	1.620	10.618
535	-13.565	1.620	10.618
542	-13.565	1.620	10.616
543	-13.565	1.620	18.060
521	-13.562	1.620	11.615
509	-13.561	1.620	11.605
501	-13.561	1.620	18.078
792	-13.529	1.620	9.524
596	-13.528	1.620	9.475
746	-13.528	1.620	9.474
585	-13.525	1.620	10.508
619	-13.525	1.620	7.171
731	-13.522	1.620	9.881
556	-13.521	1.620	9.883
157	-13.505	1.620	9.878
376	-13.495	1.620	10.015
384	-13.493	1.620	10.255
368	-13.492	1.620	25.824
100	-13.490	1.620	25.831
339	-13.483	1.620	9.571
462	-13.482	1.620	25.769
698	-13.480	1.620	25.822
691	-13.479	1.620	25.796
623	-13.476	1.620	8.125
1556	-13.434	3.183	25.787
1661	-13.232	1.620	25.986
1571	-13.137	3.226	14.164
1575	-13.136	3.226	26.341
1606	-13.038	3.219	26.613
1614	-13.038	3.219	8.236
739	-12.936	3.231	8.235
1610	-12.834	1.620	8.235
1667	-12.832	1.620	8.230
1596	-12.828	1.620	8.229
1585	-12.827	1.620	8.227
1618	-12.826	1.620	9.652
722	-12.806	2.952	8.262
573	-12.783	3.219	6.944
933	-12.743	2.855	9.059
903	-12.742	2.909	10.751
906	-12.740	2.902	10.739
1	-12.721	1.568	9.059
1578	-12.601	3.231	9.072
1630	-12.574	3.231	25.835
1639	-12.207	3.233	8.799
1673	-12.140	3.213	8.795
537	-11.866	1.801	9.063
715	-11.492	1.799	8.506
651	-11.414	1.799	9.033
1669	-11.350	3.241	5.092
1625	-11.264	1.801	5.092
810	-11.258	1.360	5.090
42	-11.257	2.998	1.523
1598	-11.221	1.550	4.591
226	-11.203	3.157	4.582
163	-11.202	3.157	10.715
218	-11.201	3.157	2.670
453	-11.201	3.157	10.716
334	-11.192	2.559	10.713
111	-11.149	2.956	4.463
300	-11.111	2.704	0.001
369	-11.110	2.704	4.434
397	-11.110	2.704	4.425
383	-11.090	2.693	4.297
1576	-11.037	2.718	2.957
814	-11.029	3.194	18.400
829	-10.995	1.586	2.955
773	-10.981	3.193	2.936
161	-10.964	2.917	17.654
125	-10.933	3.882	17.654
584	-10.916	1.788	11.640
280	-10.915	1.420	11.639
478	-10.911	1.407	18.915
269	-10.910	1.788	18.915
485	-10.909	1.407	18.921
402	-10.909	1.788	18.914
516	-10.908	1.407	18.919
315	-10.908	1.788	18.919
461	-10.907	1.788	5.146
60	-10.907	1.788	18.079
145	-10.906	1.788	18.085
248	-10.905	1.407	18.709
17	-10.905	1.788	18.705
309	-10.905	1.788	18.081
641	-10.900	1.408	18.086
682	-10.900	1.408	11.487
126	-10.895	2.951	11.487
475	-10.892	2.448	10.721
446	-10.889	1.408	10.721
224	-10.888	1.408	17.789
360	-10.888	1.408	11.306
451	-10.888	1.408	11.308
230	-10.887	1.408	17.813
45	-10.887	1.408	10.614
87	-10.885	1.408	10.618
338	-10.884	1.408	10.618
110	-10.867	2.941	10.618
75	-10.867	1.791	10.618
172	-10.867	1.791	10.616
54	-10.866	1.791	18.060
121	-10.771	2.916	11.615
536	-10.750	2.654	18.078
486	-10.749	2.655	9.524
497	-10.749	2.655	9.475
570	-10.745	2.657	10.508
678	-10.745	2.656	7.171
642	-10.726	1.396	25.824
730	-10.724	1.781	25.831
117	-10.722	3.245	9.572
89	-10.721	3.243	25.769
285	-10.720	3.244	25.822
270	-10.720	3.244	25.797
131	-10.715	3.248	8.125
311	-10.711	1.782	25.986
185	-10.709	3.210	14.164
214	-10.709	3.211	26.341
69	-10.704	3.208	26.613
86	-10.653	2.211	8.236
765	-10.606	3.950	8.227
517	-10.605	3.950	9.652
702	-10.604	3.950	8.262
844	-10.601	3.806	6.944
199	-10.600	2.791	9.059
273	-10.590	2.789	19.168
628	-10.587	3.182	7.013
558	-10.541	3.039	5.092
569	-10.541	3.039	5.100
323	-10.526	3.039	5.099
666	-10.439	2.955	4.463
263	-10.430	3.184	11.285
483	-10.369	3.057	0.164
498	-10.368	3.057	0.003
575	-10.366	2.970	0.003
142	-10.354	3.060	0.000
326	-10.351	2.970	3.537
373	-10.350	3.058	4.485
349	-10.349	3.058	3.175
447	-10.303	3.243	4.435
591	-10.293	2.971	4.267
1697	-10.288	1.788	5.021
459	-10.278	2.972	5.021
362	-10.277	2.971	5.021
333	-10.274	2.969	3.680
134	-10.272	2.968	4.342
136	-10.270	2.968	4.297
254	-10.260	3.371	4.298
259	-10.259	3.132	4.299
168	-10.248	3.371	4.673
1719	-10.200	1.526	18.395
1663	-10.198	1.544	18.396
1584	-10.197	1.545	18.395
1595	-10.196	1.545	18.395
245	-10.185	3.274	18.397
796	-10.185	3.273	2.954
264	-10.181	3.277	2.954
677	-10.179	3.275	2.955
389	-10.172	3.281	2.954
303	-10.167	3.278	2.957
189	-10.166	3.278	2.957
237	-10.164	3.277	2.955
1682	-10.163	1.551	18.399
304	-10.160	3.275	2.955
133	-10.160	3.276	2.937
633	-10.158	3.235	17.654
274	-10.157	3.276	17.650
195	-10.156	2.221	17.650
374	-10.156	2.221	17.650
443	-10.154	3.248	17.656
441	-10.154	2.222	17.657
347	-10.153	2.222	17.654
236	-10.153	2.222	17.654
228	-10.151	2.222	11.640
299	-10.149	3.246	11.639
336	-10.138	2.560	18.078
329	-10.138	2.560	18.084
27	-10.136	2.560	18.708
744	-10.135	2.355	18.704
92	-10.135	2.560	18.080
930	-10.113	1.546	18.085
753	-10.106	2.612	11.487
756	-10.104	2.633	11.487
545	-10.104	2.528	10.721
578	-10.103	2.580	10.721
783	-10.101	2.649	17.789
547	-10.101	2.597	11.306
477	-10.099	3.193	11.308
705	-10.098	2.580	17.812
605	-10.098	2.659	10.614
821	-10.097	2.725	10.618
770	-10.092	2.229	10.618
491	-10.091	2.229	10.618
713	-10.090	2.229	10.618
764	-10.084	1.795	10.616
577	-10.083	2.229	18.060
617	-10.082	2.229	11.615
690	-10.081	2.733	11.605
324	-10.078	2.229	18.077
533	-10.078	3.844	9.524
371	-10.077	3.843	9.475
187	-10.077	3.843	9.474
194	-10.077	3.843	10.508
175	-10.077	3.843	7.172
178	-10.077	3.843	9.881
655	-10.076	2.701	9.883
439	-10.076	3.196	9.878
378	-10.076	2.229	10.015
354	-10.076	2.229	10.255
294	-10.076	2.229	25.824
361	-10.076	2.229	25.830
450	-10.076	2.229	9.572
37	-10.076	3.843	25.769
116	-10.076	3.843	25.822
146	-10.076	3.843	25.796
154	-10.076	3.843	8.126
297	-10.076	3.843	25.786
211	-10.076	3.843	25.985
266	-10.076	3.843	14.165
331	-10.076	3.843	26.340
387	-10.076	3.843	26.613
435	-10.076	3.843	8.236
46	-10.076	3.843	8.235
171	-10.076	3.843	8.235
408	-10.075	2.229	8.230
385	-10.075	2.229	8.229
112	-10.075	3.843	8.227
72	-10.075	3.843	9.653
103	-10.075	3.843	8.262
129	-10.075	3.843	6.944
132	-10.075	3.843	9.060
283	-10.075	3.843	10.751
346	-10.074	2.229	10.740
548	-10.065	3.389	9.059
589	-10.065	3.389	9.073
813	-10.061	3.071	25.834
816	-10.061	3.071	8.800
815	-10.058	3.181	8.796
817	-10.058	3.181	9.063
824	-10.058	3.181	8.820
927	-10.057	2.653	19.168
489	-10.057	3.071	19.177
515	-10.057	3.072	26.707
884	-10.057	3.070	26.164
740	-10.056	3.181	10.439
493	-10.056	3.071	9.342
798	-10.055	3.181	8.233
942	-10.055	3.181	8.506
505	-10.055	3.072	9.034
771	-10.054	3.181	7.014
778	-10.054	3.181	5.096
780	-10.054	3.181	5.096
835	-10.054	3.181	5.104
839	-10.054	3.181	5.102
785	-10.053	3.182	5.093
650	-10.053	3.072	1.517
580	-10.052	3.072	4.596
949	-10.052	3.079	4.586
1185	-10.052	3.072	4.587
696	-10.051	3.182	10.712
265	-10.051	2.948	2.670
559	-10.049	3.182	10.713
659	-10.047	3.183	10.709
417	-10.045	3.185	2.668
130	-10.043	3.184	10.711
391	-10.043	3.186	10.710
345	-10.042	3.186	10.710
279	-10.040	3.185	10.704
271	-10.039	3.185	4.625
694	-10.038	3.298	3.527
434	-10.038	3.072	4.468
188	-10.038	3.074	3.526
418	-10.037	3.182	11.281
379	-10.037	3.072	4.576
177	-10.037	3.072	4.575
366	-10.037	3.072	3.814
466	-10.037	3.073	0.027
432	-10.036	3.183	0.029
452	-10.036	3.074	0.026
208	-10.035	3.072	0.025
99	-10.035	3.073	0.182
318	-10.035	3.072	0.022
183	-10.035	3.074	0.022
286	-10.034	3.073	0.020
287	-10.034	3.073	3.530
392	-10.034	3.074	4.489
404	-10.034	3.074	3.178
356	-10.033	3.183	4.029
220	-10.033	3.075	4.438
586	-10.031	3.180	4.429
319	-10.031	3.074	4.439
288	-10.030	3.075	3.108
514	-10.027	3.915	4.274
662	-10.021	2.715	5.027
727	-10.015	2.645	5.027
464	-10.013	3.918	5.027
611	-10.010	2.711	5.027
282	-10.010	3.914	3.689
615	-10.009	2.700	4.345
476	-10.007	3.852	4.301
530	-10.003	3.183	4.302
1107	-10.003	3.068	4.303
729	-10.001	3.183	1.630
766	-9.999	2.968	2.082
600	-9.999	3.184	4.681
635	-9.997	2.680	4.303
603	-9.997	2.707	4.313
147	-9.994	3.851	3.373
1086	-9.993	3.097	4.663
66	-9.991	3.072	3.986
671	-9.990	3.182	3.021
293	-9.989	3.187	3.023
634	-9.989	3.182	4.326
292	-9.986	3.073	18.370
502	-9.982	2.696	3.487
1148	-9.976	2.769	18.374
745	-9.966	3.707	18.378
425	-9.964	3.421	18.377
726	-9.934	2.595	18.377
776	-9.932	3.716	18.376
661	-9.928	3.714	18.376
604	-9.911	3.145	18.378
674	-9.881	3.545	2.962
239	-9.856	3.226	2.962
658	-9.839	3.161	2.963
657	-9.802	3.183	2.965
494	-9.727	3.007	2.963
469	-9.718	3.242	2.945
410	-9.716	3.243	17.635
876	-9.705	3.874	17.631
905	-9.705	3.874	17.631
870	-9.705	3.873	17.637
574	-9.701	3.873	17.638
595	-9.700	3.873	17.635
762	-9.699	3.873	11.638
1063	-9.699	3.880	11.638
1042	-9.695	3.880	5.155
625	-9.692	3.879	18.066
1178	-9.687	3.877	11.485
757	-9.652	3.764	10.719
564	-9.651	3.764	10.719
458	-9.650	3.763	17.770
416	-9.650	3.763	11.305
448	-9.650	3.763	11.307
82	-9.649	3.763	17.794
105	-9.649	3.763	10.613
268	-9.649	3.763	10.616
786	-9.637	3.947	10.616
751	-9.631	3.012	10.616
975	-9.610	3.887	18.041
748	-9.601	2.809	11.613
680	-9.596	2.809	11.603
612	-9.595	2.809	18.058
420	-9.589	2.810	9.529
472	-9.589	2.810	9.480
359	-9.571	2.229	25.813
648	-9.569	3.565	25.787
538	-9.544	2.379	25.976
406	-9.543	3.290	14.179
364	-9.541	3.291	26.603
572	-9.534	2.921	8.236
951	-9.512	3.254	8.262
1642	-9.509	1.918	6.948
1039	-9.504	3.037	9.064
480	-9.497	3.138	10.763
508	-9.494	3.138	10.751
692	-9.493	3.138	9.071
689	-9.492	3.272	9.084
561	-9.492	3.138	8.811
583	-9.492	3.138	8.801
685	-9.491	3.272	9.075
357	-9.491	3.138	8.831
388	-9.491	3.138	19.149
419	-9.491	3.138	19.159
467	-9.490	3.139	26.697
670	-9.483	3.292	5.093
956	-9.482	2.253	5.092
423	-9.475	3.270	5.100
687	-9.459	3.569	10.715
519	-9.426	3.696	0.008
758	-9.422	3.280	0.164
768	-9.422	3.280	0.002
566	-9.419	3.279	3.537
645	-9.417	3.279	3.175
749	-9.416	3.280	4.435
750	-9.416	3.280	3.110
693	-9.413	3.702	5.021
643	-9.402	3.140	3.680
592	-9.402	3.140	4.342
684	-9.402	3.140	4.297
601	-9.401	3.140	4.298
660	-9.400	3.141	4.299
367	-9.398	3.141	1.627
257	-9.396	3.142	2.081
377	-9.394	3.142	4.673
1098	-9.337	3.281	18.395
522	-9.337	3.144	18.395
504	-9.328	3.141	2.953
470	-9.311	3.142	2.954
479	-9.304	2.332	2.957
761	-9.301	2.332	2.955
767	-9.301	2.332	18.400
769	-9.301	2.332	2.955
593	-9.290	2.332	17.650
594	-9.290	2.332	17.650
697	-9.289	2.332	17.650
754	-9.289	2.332	17.656
523	-9.288	2.332	17.657
358	-9.286	2.332	17.654
700	-9.286	2.332	17.654
714	-9.286	2.332	11.639
155	-9.285	2.332	11.639
708	-9.285	2.332	18.914
370	-9.285	3.189	18.914
546	-9.280	2.332	18.921
351	-9.279	2.332	18.914
407	-9.278	2.332	18.918
302	-9.277	2.332	18.919
399	-9.275	2.332	5.146
656	-9.275	2.332	18.078
380	-9.274	2.332	18.085
365	-9.274	2.332	18.708
153	-9.273	2.332	18.705
652	-9.272	3.180	18.081
622	-9.232	2.949	9.572
699	-9.232	2.949	25.769
398	-9.224	2.948	25.822
247	-9.217	2.933	25.797
243	-9.179	3.165	26.341
532	-9.148	3.117	8.227
728	-9.145	2.332	9.653
599	-9.142	2.332	8.820
720	-9.141	3.825	26.707
276	-9.091	3.511	3.804
409	-9.076	3.185	3.855
238	-9.070	3.206	3.800
695	-9.032	3.000	3.786
759	-9.029	3.307	3.849
841	-9.021	3.308	3.853
781	-9.021	3.308	3.653
686	-9.018	3.308	3.407
576	-9.017	3.309	5.661
468	-8.978	3.316	16.490
832	-8.945	1.901	3.868
723	-8.922	3.323	16.049
1653	-8.812	2.326	10.882
433	-8.810	3.009	10.884
828	-8.790	2.883	10.432
454	-8.784	3.194	10.432
743	-8.721	3.007	9.229
843	-8.715	3.006	10.461
976	-8.704	3.211	7.555
1154	-8.703	3.210	9.704
629	-8.702	3.210	9.706
672	-8.702	3.210	9.701
496	-8.691	3.622	24.070
260	-8.689	3.619	9.719
296	-8.679	3.620	24.013
822	-8.671	3.197	8.368
627	-8.664	3.632	8.362
703	-8.632	3.260	8.821
393	-8.629	3.261	10.702
207	-8.624	3.261	10.687
1000	-8.596	3.214	9.281
1696	-8.540	2.963	8.993
1691	-8.539	2.963	9.098
797	-8.491	3.242	9.179
563	-8.461	3.334	17.035
827	-8.422	3.296	5.100
819	-8.320	3.569	3.824
440	-8.139	3.352	1.625
581	-7.796	3.397	11.605
908	-7.637	3.411	4.594
1706	-7.503	3.695	4.425
1707	-7.405	3.749	18.397
