107	-17.020	0.000	0.044
98	-17.010	0.001	0.045
115	-16.909	0.002	3.555
644	-16.777	0.034	4.434
801	-16.776	0.034	4.426
804	-16.776	0.034	4.435
492	-16.772	0.034	4.268
607	-16.771	0.034	5.024
738	-16.770	0.031	5.024
277	-16.750	0.588	5.024
355	-16.742	0.034	5.024
567	-16.728	0.034	3.674
688	-16.725	0.034	4.342
706	-16.710	0.031	4.297
457	-16.702	0.041	4.298
460	-16.698	0.035	4.299
350	-16.696	0.035	2.077
201	-16.695	0.035	4.668
348	-16.693	0.035	4.299
382	-16.693	0.035	4.309
400	-16.692	0.035	3.366
386	-16.692	0.035	4.650
512	-16.686	0.034	3.972
337	-16.686	0.036	3.007
143	-16.675	0.035	4.322
306	-16.673	0.035	18.417
307	-16.673	0.035	3.478
721	-16.666	0.034	18.421
244	-16.626	0.590	2.948
229	-16.624	0.591	2.948
812	-16.623	0.034	2.950
527	-16.621	0.033	2.949
241	-16.598	0.034	17.677
342	-16.561	0.034	11.300
158	-16.481	0.590	9.515
73	-16.305	1.479	8.225
118	-16.304	1.479	8.220
104	-16.303	1.479	8.219
169	-16.301	1.479	8.217
61	-16.299	1.479	9.647
144	-16.299	1.479	8.252
223	-16.215	1.478	8.794
53	-16.191	1.478	8.817
80	-16.175	1.479	19.197
101	-16.174	1.479	19.207
741	-16.080	1.485	10.436
455	-16.054	1.484	9.340
140	-16.028	1.484	5.099
791	-15.965	1.484	10.712
182	-14.223	1.473	17.656
235	-14.219	1.473	17.657
258	-14.017	1.474	18.915
413	-14.015	1.474	18.921
192	-11.589	1.388	8.820
233	-11.574	1.378	19.168
102	-11.563	1.372	19.178
215	-11.537	1.374	26.707
222	-11.537	1.374	26.164
109	-11.530	1.366	10.439
84	-11.525	1.366	9.341
59	-11.525	1.366	8.232
1003	-11.220	1.962	4.581
482	-11.177	2.031	2.669
834	-11.177	2.031	10.714
732	-11.176	2.042	10.713
709	-11.175	2.030	10.714
321	-11.161	2.033	10.707
456	-11.161	2.032	4.624
760	-11.115	2.034	11.285
520	-11.115	2.034	4.575
818	-11.115	2.033	4.574
495	-11.114	2.027	3.823
803	-11.114	2.034	0.011
807	-11.114	2.034	0.010
735	-11.113	2.034	0.008
833	-11.113	2.034	0.007
775	-11.113	2.034	0.164
553	-11.112	1.376	0.002
711	-11.111	2.033	0.003
484	-11.110	1.401	3.537
618	-11.110	2.033	4.485
549	-11.110	2.034	3.175
701	-11.110	2.033	4.020
539	-11.109	2.022	4.435
676	-11.106	1.399	3.110
606	-11.106	1.407	4.266
900	-11.104	2.031	5.021
191	-11.103	1.409	5.021
430	-11.102	1.414	5.021
181	-11.100	2.029	5.021
395	-11.098	1.391	3.680
256	-11.095	2.014	4.342
173	-11.083	2.009	4.298
789	-11.082	2.037	4.299
649	-11.081	2.130	1.628
638	-11.075	2.037	2.082
639	-11.075	2.037	4.672
632	-11.074	2.037	4.299
506	-11.065	1.352	4.309
253	-11.061	2.011	3.369
465	-11.056	1.339	3.977
394	-11.056	1.341	3.013
330	-11.054	1.334	18.394
463	-11.048	2.031	2.953
340	-11.047	2.031	2.954
426	-11.043	2.032	2.954
531	-11.035	1.337	2.957
57	-10.649	1.756	8.235
724	-10.430	1.422	3.523
763	-10.295	1.742	3.110
808	-10.276	1.558	5.021
755	-9.961	3.100	18.377
637	-9.363	3.388	18.396
481	-9.291	3.637	2.937
809	-9.291	3.637	17.654
174	-9.234	3.642	7.171
411	-9.233	3.642	9.881
438	-9.233	3.642	9.883
186	-9.213	3.638	8.125
217	-9.212	3.638	25.787
777	-9.181	3.640	25.986
837	-9.181	3.640	14.165
610	-9.159	3.636	8.230
1125	-9.143	3.636	9.059
736	-7.631	3.874	4.584
