1170	-5.809	0.000	19.164
1227	-5.793	0.136	23.762
1174	-5.738	0.143	23.724
1231	-5.726	0.319	23.278
1194	-5.666	0.128	18.914
1024	-5.364	3.231	18.716
1309	-5.268	2.554	18.762
1374	-5.267	2.564	18.323
1197	-5.196	3.073	20.098
1320	-5.159	3.246	20.197
1116	-5.158	3.255	3.361
1138	-5.158	3.259	20.204
1262	-5.157	3.254	2.611
1351	-5.152	3.230	2.352
1223	-5.129	1.831	19.850
1284	-5.116	3.150	1.296
1092	-5.111	3.104	1.355
1139	-5.109	3.054	19.740
1163	-5.108	3.051	19.740
1035	-5.040	3.014	19.039
1071	-5.040	3.012	19.039
1118	-5.040	3.004	19.080
1131	-5.040	3.002	19.323
1111	-5.040	3.002	19.521
1343	-5.039	3.007	22.774
1246	-5.013	3.123	22.480
1230	-4.977	2.745	19.164
1066	-4.927	2.846	23.726
1394	-4.896	2.513	21.057
1395	-4.896	2.502	19.725
1379	-4.896	2.501	4.712
1389	-4.895	2.517	27.280
1349	-4.892	2.530	21.729
1362	-4.889	2.558	19.058
1337	-4.849	3.187	18.912
1254	-4.689	1.967	18.914
1366	-4.688	1.960	18.899
1271	-4.688	1.968	18.488
1288	-4.688	1.969	18.929
1245	-4.688	1.970	18.827
1390	-4.688	1.970	18.479
1141	-4.686	1.969	17.660
1177	-4.665	1.984	17.665
1161	-4.646	1.969	17.658
1328	-4.513	2.013	19.881
1372	-4.513	2.014	17.162
1272	-4.511	2.014	19.372
1369	-4.511	2.014	19.372
1240	-4.511	2.014	19.372
1383	-4.511	2.014	19.375
1255	-4.463	1.581	17.871
1168	-4.432	2.877	18.768
1155	-4.107	1.659	20.254
