1686	-13.129	0.000	0.000
1612	-13.127	0.038	9.136
1737	-13.124	0.065	9.135
1734	-13.120	0.067	9.136
1762	-13.116	0.067	9.136
1608	-13.079	0.094	9.135
1604	-13.079	0.092	7.216
1607	-13.079	0.092	7.200
1627	-13.079	0.090	7.224
1660	-13.079	0.093	19.066
1653	-13.079	0.090	9.023
1605	-13.079	0.091	7.221
1614	-13.079	0.091	8.940
1624	-13.079	0.090	4.447
1632	-13.079	0.090	10.675
1640	-13.079	0.091	8.612
1618	-13.079	0.088	8.613
1695	-13.079	0.089	8.636
1641	-13.079	0.085	8.709
1780	-13.079	0.079	8.739
1668	-13.069	0.352	25.600
1711	-13.032	0.117	4.888
1697	-13.032	0.109	3.584
1761	-13.032	0.115	7.731
1694	-13.032	0.111	25.639
1767	-13.032	0.107	6.245
1745	-13.032	0.107	25.605
1750	-13.032	0.108	25.875
1706	-13.032	0.107	26.168
1707	-13.032	0.108	26.167
1718	-13.032	0.107	26.427
1720	-13.032	0.107	7.085
1609	-13.032	0.104	3.697
1616	-13.032	0.105	6.838
1625	-13.032	0.105	7.781
1714	-13.032	0.105	6.831
1786	-13.032	0.105	5.929
1793	-13.032	0.105	6.611
1631	-13.032	0.106	6.618
1654	-13.032	0.106	7.813
1692	-13.032	0.105	7.788
1704	-13.032	0.105	5.221
1748	-13.032	0.106	8.707
1749	-13.032	0.106	6.769
1655	-13.032	0.103	6.751
1683	-13.032	0.104	25.517
1763	-13.032	0.103	8.794
1669	-13.032	0.105	6.501
1719	-13.032	0.104	26.205
1792	-13.032	0.104	5.920
1731	-13.032	0.102	6.366
1791	-13.032	0.103	6.236
1703	-13.032	0.095	6.913
1730	-13.032	0.102	7.299
1724	-13.032	0.082	6.109
1651	-13.031	0.058	25.848
1645	-13.030	0.064	6.119
1664	-13.029	0.036	6.807
1693	-13.026	0.042	19.524
1783	-13.026	0.031	10.372
1757	-13.015	0.056	7.886
1622	-12.998	0.201	3.519
1738	-12.972	0.312	3.519
1628	-12.939	0.508	3.518
1648	-12.891	0.731	3.523
1617	-12.803	0.943	3.830
1743	-12.686	0.709	3.831
1752	-12.550	0.762	3.628
1610	-12.529	0.059	3.823
1659	-12.461	1.870	3.825
1680	-12.461	1.869	9.123
1606	-12.437	1.125	3.825
1775	-12.436	1.109	9.124
1727	-12.400	1.188	9.121
1740	-12.396	1.150	3.824
1769	-12.391	1.870	9.121
1758	-12.391	1.870	9.121
1649	-12.391	1.871	9.122
1768	-12.391	1.871	3.618
1747	-12.390	1.865	3.620
1684	-12.390	1.871	3.613
1712	-12.390	1.871	3.309
1615	-12.390	1.870	3.614
1678	-12.390	1.871	9.892
1690	-12.390	1.871	3.285
1699	-12.390	1.870	2.944
1702	-12.390	1.871	2.933
1708	-12.390	1.871	2.934
1784	-12.390	1.871	2.940
1619	-12.255	1.291	2.938
1742	-12.238	2.103	2.938
1732	-12.238	2.104	2.934
1765	-12.238	2.104	2.937
1687	-12.238	2.104	2.938
1722	-12.238	2.104	2.938
1725	-12.238	2.104	3.915
1726	-12.238	2.104	3.641
1729	-12.238	2.104	2.969
1735	-12.238	2.104	3.801
1736	-12.238	2.104	2.602
1751	-12.238	2.104	2.603
1764	-12.238	2.104	3.905
1770	-12.238	2.104	3.904
1773	-12.238	2.104	3.368
1774	-12.238	2.104	2.760
1777	-12.238	2.104	2.759
1782	-12.238	2.104	2.759
1701	-12.233	1.401	2.763
1728	-12.233	1.401	2.590
1635	-12.200	1.397	2.867
1796	-12.106	2.611	2.862
1665	-12.020	1.740	2.499
1795	-12.017	1.810	2.766
1661	-12.017	1.683	2.786
1636	-12.016	1.734	3.584
1652	-12.009	1.865	3.584
1666	-12.000	1.906	2.502
1621	-11.997	1.981	3.676
1638	-11.982	1.851	2.521
1643	-11.980	2.078	2.833
1634	-11.952	2.572	26.212
1637	-11.951	2.085	0.154
1658	-11.945	2.251	2.863
1721	-11.923	1.622	19.434
1717	-11.902	1.989	0.114
1647	-11.887	2.600	1.177
1753	-11.875	1.814	1.177
1771	-11.875	1.814	19.439
1611	-11.852	1.815	19.438
1613	-11.852	1.815	19.437
1623	-11.852	1.815	19.437
1626	-11.852	1.815	19.437
1642	-11.852	1.815	19.437
1646	-11.852	1.815	19.438
1670	-11.852	1.815	0.059
1672	-11.852	1.815	0.059
1675	-11.852	1.815	0.059
1676	-11.852	1.815	19.440
1629	-11.827	2.167	0.058
1667	-11.821	2.182	19.442
1789	-11.811	1.820	19.442
1639	-11.811	1.817	3.006
1663	-11.811	1.817	3.016
1685	-11.811	1.817	18.623
1788	-11.811	1.817	9.835
1650	-11.811	1.817	18.620
1656	-11.811	1.817	18.620
1657	-11.811	1.817	18.620
1662	-11.811	1.817	18.625
1671	-11.811	1.817	18.625
1681	-11.811	1.817	18.623
1682	-11.811	1.817	18.624
1689	-11.811	1.817	9.823
1691	-11.811	1.817	9.823
1696	-11.811	1.817	19.874
1698	-11.811	1.817	19.875
1700	-11.811	1.817	3.114
1709	-11.811	1.817	3.133
1710	-11.811	1.817	3.133
1723	-11.811	1.817	19.878
1733	-11.811	1.817	3.141
1744	-11.811	1.817	19.656
1754	-11.811	1.817	19.100
1756	-11.811	1.817	19.655
1781	-11.811	1.817	19.655
1787	-11.811	1.817	19.097
1785	-11.811	1.817	19.101
1766	-11.696	1.765	9.654
1674	-11.499	1.716	9.654
1633	-10.906	1.868	9.195
1760	-10.861	1.460	19.443
1688	-10.793	2.123	18.634
1630	-10.767	2.256	18.646
1620	-10.706	2.586	9.529
1677	-10.706	2.553	18.648
1673	-10.706	2.567	9.132
1713	-10.698	2.244	9.136
1741	-10.698	2.237	9.135
1746	-10.698	2.249	9.136
1794	-10.697	2.218	9.136
1778	-10.642	2.566	9.136
1705	-10.641	2.556	7.216
1790	-10.641	2.565	7.201
1716	-10.641	2.578	7.224
1739	-10.641	2.577	19.066
1759	-10.641	2.573	9.023
1715	-10.641	2.564	7.222
1776	-10.083	1.623	19.437
1755	-10.083	1.623	19.437
1679	-10.083	1.623	19.438
1772	-10.083	1.623	0.058
1779	-10.083	1.623	0.057
1644	-9.411	3.282	7.217
