1573	-5.548	0.000	3.115
1595	-5.545	0.173	18.588
1603	-5.544	0.003	0.001
1552	-5.544	0.003	20.102
1599	-5.544	0.009	0.016
1591	-5.530	0.003	0.012
1534	-5.530	0.003	0.009
1584	-5.275	1.765	17.937
1546	-5.275	1.766	20.254
1512	-5.275	1.767	20.254
1579	-5.275	1.767	18.782
1576	-5.275	1.768	19.628
1533	-5.263	1.760	25.059
1567	-5.260	1.760	18.624
1480	-5.253	1.759	17.962
1474	-5.248	1.747	18.632
1568	-5.246	1.760	18.955
1523	-5.242	1.758	18.955
1525	-5.242	1.758	3.115
1548	-5.143	1.807	19.577
1469	-5.133	1.759	19.577
