251	-10.616	0.000	8.940
399	-10.616	0.000	4.448
373	-10.576	0.009	10.675
46	-10.563	0.023	8.613
49	-10.563	0.022	8.613
50	-10.563	0.022	8.637
61	-10.563	0.023	8.709
72	-10.563	0.023	8.739
80	-10.563	0.022	25.600
96	-10.563	0.022	4.888
99	-10.563	0.022	3.584
126	-10.563	0.023	7.731
127	-10.563	0.022	25.639
149	-10.563	0.022	6.246
150	-10.563	0.022	25.605
169	-10.562	0.022	25.875
186	-10.562	0.022	26.168
190	-10.562	0.023	26.167
204	-10.562	0.023	26.427
215	-10.562	0.022	7.085
244	-10.558	1.899	3.697
155	-10.557	1.899	6.838
122	-10.541	1.900	7.781
239	-10.540	1.899	6.831
455	-10.540	1.899	5.929
457	-10.540	1.899	6.611
342	-10.540	1.899	6.619
450	-10.497	1.897	7.813
225	-10.485	1.812	7.788
485	-10.385	2.026	5.222
307	-10.384	2.026	8.707
335	-10.384	2.026	6.769
369	-10.384	2.026	6.751
391	-10.384	2.026	25.517
393	-10.384	2.026	8.794
412	-10.384	2.026	6.501
421	-10.384	2.026	26.205
435	-10.384	2.026	5.920
444	-10.384	2.026	6.366
454	-10.384	2.026	6.236
466	-10.384	2.026	6.914
174	-10.384	2.026	7.299
208	-10.384	2.026	6.109
221	-10.384	2.026	25.848
227	-10.384	2.026	6.119
228	-10.384	2.026	6.807
453	-10.349	1.903	19.524
365	-10.349	1.903	10.372
163	-10.349	1.903	7.886
432	-10.349	1.903	3.519
434	-10.349	1.903	3.519
410	-10.348	1.903	3.519
413	-10.348	1.903	3.524
164	-10.346	1.917	3.828
216	-10.318	1.716	3.829
263	-10.318	1.716	3.627
278	-10.318	1.716	3.821
306	-10.318	1.716	3.824
382	-10.318	1.716	9.125
448	-10.318	1.716	3.823
187	-10.315	1.716	9.125
293	-10.315	1.716	9.123
273	-10.304	1.905	3.823
77	-10.276	1.908	9.122
51	-10.276	1.909	9.123
161	-10.276	1.908	9.123
230	-10.276	1.909	3.617
360	-10.276	1.909	3.619
103	-10.276	1.909	3.612
124	-10.276	1.909	3.309
384	-10.276	1.908	3.614
398	-10.276	1.909	9.893
323	-10.276	1.906	3.285
172	-10.275	1.908	2.942
200	-10.275	1.909	2.932
252	-10.275	1.909	2.933
356	-10.263	1.717	2.938
442	-10.263	1.717	2.936
669	-10.263	1.717	2.936
308	-10.246	1.453	2.932
44	-10.245	1.453	2.935
47	-10.245	1.452	2.936
48	-10.245	1.452	2.936
70	-10.245	1.452	3.914
75	-10.245	1.452	3.641
76	-10.245	1.452	2.969
102	-10.245	1.452	3.800
112	-10.245	1.452	2.604
137	-10.245	1.452	2.605
152	-10.245	1.452	3.905
487	-10.211	1.723	3.904
336	-10.210	1.723	3.368
321	-10.209	1.723	2.760
318	-10.209	1.923	2.760
9	-10.190	1.464	2.760
279	-10.174	1.611	2.764
270	-10.168	1.598	2.592
301	-10.167	1.611	2.867
268	-10.162	1.583	2.862
300	-10.161	1.613	2.501
397	-10.161	1.562	2.766
243	-10.160	1.581	2.785
212	-10.159	1.606	3.584
295	-10.159	1.607	3.584
310	-10.159	1.599	2.504
330	-10.159	1.591	3.676
395	-10.159	1.583	2.523
350	-10.158	1.626	2.832
267	-10.158	1.584	26.211
253	-10.148	1.698	0.154
222	-10.145	1.595	2.863
437	-10.142	1.456	19.434
117	-10.141	1.456	0.113
275	-10.126	1.488	1.176
352	-10.119	1.719	1.176
470	-10.107	1.624	19.439
449	-10.096	1.587	19.437
430	-10.088	1.928	19.437
374	-10.085	1.928	19.437
438	-10.083	1.929	0.057
6	-10.078	1.463	19.439
288	-10.072	1.466	0.057
344	-10.072	1.468	19.442
366	-10.072	1.468	19.441
383	-10.072	1.468	3.005
291	-10.072	1.469	3.015
206	-10.071	1.464	18.623
265	-10.071	1.471	9.837
189	-10.071	1.466	18.620
154	-10.071	1.468	18.620
345	-10.071	1.467	18.620
234	-10.071	1.469	18.625
23	-10.071	1.468	18.625
231	-10.070	1.470	18.623
119	-10.070	1.470	18.623
121	-10.070	1.467	9.825
123	-10.070	1.468	9.825
368	-10.070	1.479	19.874
89	-10.070	1.472	19.875
88	-10.069	1.462	3.114
130	-10.069	1.466	3.134
165	-10.069	1.474	3.134
128	-10.069	1.467	19.878
199	-10.069	1.466	3.142
73	-10.069	1.469	19.655
90	-10.066	1.464	19.100
97	-10.066	1.467	19.655
213	-10.063	1.928	19.655
440	-10.059	1.639	19.096
109	-10.059	1.617	19.101
74	-10.059	1.602	9.656
309	-10.056	1.604	9.656
219	-10.055	1.619	9.197
162	-10.053	1.616	19.443
477	-10.052	2.019	18.634
418	-10.052	2.019	18.646
426	-10.052	2.019	9.531
459	-10.051	2.019	18.647
226	-10.051	1.677	9.134
427	-10.048	1.855	9.138
82	-10.044	1.593	9.137
140	-10.028	1.754	9.138
224	-10.016	2.302	9.137
173	-10.015	2.305	9.137
248	-10.014	2.317	7.218
371	-10.001	2.250	7.202
322	-9.995	1.633	7.226
26	-9.992	2.232	19.066
439	-9.991	2.245	9.025
229	-9.985	2.255	7.223
160	-9.921	2.016	8.942
422	-9.904	1.487	4.449
5	-9.878	1.467	10.677
801	-9.874	1.453	8.614
53	-9.867	1.469	8.614
608	-9.853	1.460	8.638
642	-9.853	1.460	8.710
874	-9.819	0.221	8.740
957	-9.818	0.221	25.599
708	-9.818	1.460	4.889
729	-9.816	1.604	3.585
779	-9.816	1.595	7.731
753	-9.815	1.597	25.638
749	-9.815	1.594	6.247
809	-9.813	1.605	25.605
367	-9.799	1.471	6.832
261	-9.798	1.471	5.930
416	-9.798	1.471	6.613
582	-9.797	1.472	6.620
614	-9.797	1.472	7.814
644	-9.797	1.472	7.789
592	-9.797	1.471	5.223
593	-9.797	1.472	8.707
579	-9.797	1.471	6.770
588	-9.797	1.472	6.752
407	-9.796	1.471	25.517
108	-9.796	1.471	8.795
207	-9.796	1.576	6.503
387	-9.794	1.593	26.205
458	-9.794	1.577	5.922
441	-9.794	1.592	6.367
214	-9.794	1.588	6.236
598	-9.794	1.582	6.914
317	-9.793	1.598	7.299
417	-9.793	1.594	6.110
313	-9.793	1.587	25.848
446	-9.793	1.581	6.120
553	-9.793	1.575	6.808
232	-9.793	1.573	19.523
462	-9.792	1.600	10.372
341	-9.792	1.594	7.888
419	-9.792	1.590	3.520
493	-9.792	1.589	3.519
185	-9.792	1.580	3.519
696	-9.792	1.552	3.524
125	-9.790	1.571	3.829
565	-9.790	1.531	3.830
619	-9.788	1.665	3.627
528	-9.780	1.884	3.822
698	-9.779	1.523	3.824
274	-9.758	1.650	9.124
503	-9.734	1.655	3.824
845	-9.734	1.675	9.125
772	-9.733	1.649	9.122
831	-9.732	1.652	3.824
816	-9.732	1.639	9.122
870	-9.732	1.639	9.122
813	-9.732	1.633	9.123
920	-9.730	1.654	3.618
484	-9.729	1.632	3.619
1001	-9.728	1.674	3.613
915	-9.728	1.655	3.309
1015	-9.728	1.655	3.614
942	-9.727	1.655	9.892
949	-9.727	1.632	3.285
463	-9.719	1.670	2.942
400	-9.717	1.656	2.932
1232	-9.716	0.230	2.933
424	-9.715	1.646	2.938
445	-9.715	1.640	2.936
478	-9.714	1.645	2.936
778	-9.713	1.553	2.932
357	-9.710	1.640	2.936
461	-9.710	1.620	2.937
370	-9.709	1.676	2.937
894	-9.708	1.620	3.914
388	-9.707	1.653	3.641
733	-9.707	1.606	2.969
657	-9.703	1.570	3.801
260	-9.699	1.489	2.603
662	-9.699	1.649	2.604
956	-9.696	1.567	3.905
922	-9.690	1.636	3.367
770	-9.685	1.590	2.764
408	-9.683	1.871	2.591
919	-9.683	1.570	2.866
1014	-9.674	1.647	2.862
564	-9.656	1.690	2.500
989	-9.646	1.638	2.765
976	-9.641	1.487	2.785
718	-9.640	1.488	3.584
921	-9.640	1.487	3.584
724	-9.640	1.491	2.503
950	-9.639	1.488	3.676
815	-9.639	1.488	2.522
824	-9.639	1.489	2.832
730	-9.639	1.488	26.212
1412	-9.633	1.504	0.155
24	-9.633	1.801	2.863
670	-9.629	1.490	19.434
1016	-9.629	1.592	0.114
632	-9.627	1.492	1.177
583	-9.627	1.492	1.177
819	-9.615	1.639	19.439
731	-9.614	1.476	19.437
907	-9.600	1.615	19.437
151	-9.596	0.306	19.437
884	-9.584	1.649	19.437
351	-9.573	1.886	19.437
431	-9.565	1.859	19.438
425	-9.548	2.018	0.059
258	-9.538	2.073	0.059
277	-9.538	2.073	0.059
328	-9.538	2.073	19.439
42	-9.538	2.072	0.059
45	-9.538	2.073	19.442
104	-9.538	2.073	19.441
143	-9.538	2.073	3.005
168	-9.538	2.073	3.016
177	-9.538	2.073	18.623
205	-9.538	2.073	9.836
233	-9.538	2.073	18.620
262	-9.538	2.073	18.620
305	-9.538	2.073	18.620
331	-9.538	2.073	18.625
294	-9.538	2.073	18.625
411	-9.531	2.074	18.623
857	-9.523	1.674	18.623
843	-9.483	1.724	9.824
873	-9.482	1.777	9.824
773	-9.478	1.666	19.874
891	-9.471	1.795	3.114
745	-9.470	1.762	3.133
59	-9.464	0.062	3.134
63	-9.464	0.062	19.878
320	-9.464	0.059	3.141
79	-9.464	0.063	19.655
182	-9.464	0.064	19.100
201	-9.463	0.064	19.655
247	-9.457	1.783	19.655
709	-9.457	1.803	19.097
808	-9.452	1.844	9.655
906	-9.450	1.697	9.655
846	-9.444	1.764	19.443
1022	-9.444	1.847	18.634
175	-9.439	1.792	18.646
375	-9.435	1.885	9.530
825	-9.431	1.894	18.647
864	-9.428	1.728	9.133
995	-9.425	1.813	9.137
1009	-9.425	1.880	9.136
617	-9.422	1.883	9.137
789	-9.417	1.901	9.137
960	-9.414	1.856	9.136
689	-9.407	1.907	7.225
220	-9.389	1.932	19.065
722	-9.384	1.914	9.024
914	-9.318	2.055	8.941
394	-9.316	2.069	8.613
329	-9.316	2.069	8.613
409	-9.315	2.069	8.637
560	-9.301	2.123	25.600
471	-9.284	1.875	4.889
691	-9.263	1.865	3.584
10	-9.253	2.372	7.732
16	-9.250	2.363	25.639
640	-9.245	2.394	6.247
324	-9.244	2.112	25.605
358	-9.244	2.115	25.875
211	-9.243	2.118	26.168
266	-9.243	2.383	26.167
107	-9.243	2.393	26.427
21	-9.238	2.401	3.697
131	-9.230	2.403	7.782
15	-9.214	2.065	6.831
17	-9.214	2.065	5.930
271	-9.212	2.065	6.612
361	-9.212	2.065	6.620
241	-9.211	2.065	7.814
299	-9.210	2.065	7.789
171	-9.210	2.066	5.222
594	-9.206	2.099	8.708
679	-9.206	2.216	6.770
562	-9.186	2.506	6.752
472	-9.167	1.701	25.517
377	-9.167	1.701	8.795
402	-9.167	1.700	6.502
184	-9.166	1.700	26.205
191	-9.166	1.701	5.921
58	-9.166	1.701	6.367
60	-9.166	1.701	6.237
65	-9.166	1.701	6.914
66	-9.166	1.701	7.299
67	-9.166	1.701	6.110
87	-9.166	1.701	25.848
133	-9.166	1.701	6.120
405	-9.166	1.701	6.808
183	-9.166	1.701	19.523
194	-9.166	1.701	10.373
196	-9.166	1.701	7.887
977	-9.166	2.344	3.519
245	-9.165	1.701	3.519
337	-9.165	1.701	3.519
346	-9.165	1.701	3.524
141	-9.164	1.701	3.830
145	-9.164	1.701	3.831
146	-9.164	1.701	3.628
147	-9.164	1.701	3.823
167	-9.164	1.701	3.825
255	-9.164	1.701	9.124
257	-9.164	1.701	3.825
282	-9.164	1.701	9.124
303	-9.164	1.701	9.122
311	-9.164	1.701	3.824
315	-9.164	1.701	9.121
319	-9.164	1.701	9.122
159	-9.163	1.701	9.122
180	-9.163	1.701	3.618
936	-9.163	2.312	3.620
27	-9.159	1.702	3.613
28	-9.159	1.702	3.309
30	-9.159	1.702	3.614
35	-9.159	1.701	9.892
36	-9.159	1.702	3.285
41	-9.159	1.702	2.943
139	-9.159	2.090	2.933
120	-9.159	2.090	2.934
91	-9.159	2.090	2.939
71	-9.152	2.081	2.937
626	-9.150	2.421	2.937
569	-9.143	2.392	2.933
584	-9.111	2.480	3.915
298	-9.106	0.098	3.641
917	-9.095	2.476	2.969
488	-9.064	2.082	3.801
802	-9.058	2.535	2.603
610	-9.058	2.439	2.603
673	-9.047	2.477	3.905
115	-8.977	1.776	3.584
116	-8.977	1.776	2.502
739	-8.976	2.511	3.676
235	-8.957	1.779	19.437
237	-8.957	1.779	19.437
876	-8.925	2.373	19.442
333	-8.911	1.068	3.006
392	-8.901	2.009	3.016
880	-8.901	1.684	18.623
575	-8.900	2.012	9.835
637	-8.900	2.011	18.620
663	-8.900	2.010	18.620
668	-8.899	2.009	18.620
643	-8.899	2.009	18.625
631	-8.899	2.009	18.625
641	-8.899	2.009	18.623
681	-8.891	2.010	9.824
690	-8.890	2.009	9.823
688	-8.888	2.010	19.875
841	-8.874	2.313	3.133
714	-8.858	2.005	3.134
720	-8.857	2.004	19.878
179	-8.840	2.082	3.141
353	-8.835	1.755	19.656
671	-8.807	1.762	18.646
404	-8.777	2.085	9.136
14	-8.728	2.083	7.225
18	-8.728	2.084	19.066
32	-8.728	2.084	9.024
34	-8.728	2.084	7.222
38	-8.728	2.084	8.941
43	-8.727	2.084	4.448
105	-8.727	2.084	10.676
110	-8.727	2.084	8.613
254	-8.727	2.084	8.613
256	-8.727	2.084	8.637
286	-8.727	2.084	8.709
287	-8.727	2.084	8.739
289	-8.727	2.084	25.600
22	-8.726	2.071	4.888
327	-8.726	2.084	3.584
84	-8.726	2.084	7.731
98	-8.726	2.084	25.638
132	-8.726	2.084	6.246
389	-8.686	1.750	26.426
54	-8.665	2.084	3.697
1206	-8.651	0.153	6.838
52	-8.615	2.082	5.929
910	-8.615	0.206	6.612
217	-8.614	2.086	6.619
192	-8.589	2.042	6.769
1325	-8.569	0.206	6.751
1371	-8.568	0.207	25.517
1356	-8.563	0.200	8.794
78	-8.561	1.992	6.502
2	-8.513	2.130	5.921
3	-8.513	2.130	6.366
94	-8.506	2.131	6.236
95	-8.506	2.131	6.914
101	-8.503	1.960	7.299
156	-8.489	1.850	25.848
92	-8.479	1.973	6.119
650	-8.461	1.997	19.524
218	-8.433	2.536	3.519
625	-8.392	2.061	3.519
554	-8.391	2.070	3.524
558	-8.391	2.068	3.830
600	-8.391	2.067	3.831
276	-8.390	2.066	3.628
354	-8.390	2.067	3.823
355	-8.390	2.068	3.825
296	-8.390	2.069	9.124
62	-8.389	2.067	3.825
559	-8.387	1.573	9.124
1185	-8.383	0.641	9.122
573	-8.382	1.427	9.121
236	-8.381	2.133	9.122
20	-8.367	1.972	3.618
338	-8.366	2.532	3.620
157	-8.363	1.947	3.613
142	-8.363	1.957	3.309
69	-8.363	1.984	3.614
343	-8.361	2.082	9.892
638	-8.335	2.012	2.933
135	-8.332	1.931	2.934
711	-8.328	2.060	2.939
767	-8.328	2.062	2.937
604	-8.327	2.067	2.937
571	-8.327	2.069	2.933
996	-8.327	2.062	2.937
734	-8.327	2.060	2.937
844	-8.327	2.059	2.937
741	-8.327	2.063	3.915
750	-8.327	2.063	3.641
763	-8.327	2.063	2.969
765	-8.327	2.063	3.801
768	-8.327	2.063	2.603
775	-8.327	2.063	2.603
798	-8.327	2.063	3.905
800	-8.327	2.064	3.904
817	-8.327	2.062	3.368
850	-8.327	2.063	2.760
762	-8.327	2.061	2.760
660	-8.327	2.077	2.759
943	-8.327	2.059	2.763
735	-8.327	2.070	2.590
757	-8.327	2.053	2.867
710	-8.327	2.052	2.862
652	-8.326	2.066	2.499
563	-8.326	2.070	2.766
570	-8.326	2.069	2.786
602	-8.326	2.069	3.584
621	-8.326	2.069	3.584
984	-8.326	2.060	2.502
947	-8.326	2.063	3.676
994	-8.326	2.053	2.522
776	-8.326	2.063	2.833
982	-8.326	2.063	26.212
985	-8.326	2.042	0.154
719	-8.326	2.064	2.863
728	-8.326	2.063	19.434
973	-8.326	2.063	0.114
979	-8.326	2.065	1.177
889	-8.326	2.063	1.177
925	-8.326	2.063	19.439
865	-8.326	2.069	19.437
935	-8.326	2.070	19.437
858	-8.326	2.066	19.437
791	-8.325	2.040	19.437
415	-8.325	2.068	19.437
693	-8.325	2.070	19.438
385	-8.325	2.069	0.059
684	-8.325	2.068	0.059
964	-8.325	2.072	0.058
692	-8.324	2.065	19.440
197	-8.324	2.070	0.058
695	-8.321	2.040	19.442
830	-8.320	2.071	19.442
557	-8.314	0.309	3.006
401	-8.311	2.557	3.016
795	-8.307	2.073	18.623
686	-8.301	1.920	18.625
702	-8.301	1.921	18.623
611	-8.297	2.081	9.824
464	-8.295	1.996	9.823
508	-8.293	2.014	19.874
743	-8.291	1.872	19.875
751	-8.291	1.872	3.114
606	-8.291	2.028	3.133
940	-8.290	1.873	3.134
836	-8.289	1.873	19.100
945	-8.288	1.875	19.655
974	-8.287	1.872	19.655
990	-8.287	1.872	19.097
1021	-8.287	1.873	19.101
967	-8.287	1.874	9.654
861	-8.287	1.898	9.654
898	-8.286	1.869	9.196
924	-8.284	1.876	19.443
469	-8.273	1.838	18.646
292	-8.273	1.374	9.530
646	-8.273	2.098	18.647
433	-8.259	1.886	3.584
624	-8.258	1.889	25.638
658	-8.255	1.888	25.605
793	-8.249	1.865	6.612
812	-8.246	1.848	6.619
100	-8.231	2.293	7.814
645	-8.215	0.882	6.769
468	-8.210	2.284	6.751
764	-8.209	2.109	8.794
517	-8.208	1.806	6.502
959	-8.206	1.841	26.205
114	-8.178	2.121	5.921
113	-8.178	2.120	6.366
420	-8.128	2.258	6.110
705	-8.124	1.918	25.848
1208	-8.097	0.853	3.511
630	-8.095	1.936	3.511
578	-8.088	1.961	9.120
238	-8.082	2.276	3.831
452	-8.047	2.053	9.117
378	-8.000	1.917	3.618
677	-7.991	2.103	3.611
1207	-7.989	1.273	3.301
792	-7.984	2.104	9.888
818	-7.984	2.099	3.277
636	-7.982	1.815	2.952
316	-7.981	2.103	2.941
381	-7.981	2.103	2.942
1011	-7.966	1.913	2.945
1319	-7.960	1.750	3.911
520	-7.957	1.897	3.641
896	-7.949	0.178	3.798
334	-7.927	2.246	2.590
285	-7.926	2.262	2.591
806	-7.925	0.468	3.902
931	-7.919	1.361	3.902
929	-7.918	1.879	3.366
675	-7.911	1.528	2.750
782	-7.909	0.483	2.750
912	-7.904	1.506	2.750
1003	-7.901	1.518	2.754
946	-7.886	1.489	2.866
178	-7.885	2.624	2.862
40	-7.885	2.623	2.487
304	-7.884	2.621	2.768
158	-7.884	2.623	2.787
246	-7.883	2.622	3.579
198	-7.883	2.624	3.578
195	-7.883	2.624	2.490
403	-7.883	2.623	3.673
55	-7.882	2.623	2.510
56	-7.882	2.623	2.841
193	-7.882	2.624	26.200
85	-7.882	2.623	0.144
325	-7.878	2.083	2.861
386	-7.856	2.613	19.431
347	-7.854	2.613	0.107
134	-7.852	2.615	1.173
349	-7.838	2.612	1.173
340	-7.835	3.991	19.435
1294	-7.831	0.187	19.434
1370	-7.831	0.178	19.434
1342	-7.830	0.185	19.433
1358	-7.829	0.193	19.433
19	-7.823	2.288	0.057
364	-7.801	2.299	0.056
736	-7.792	2.053	0.056
721	-7.749	2.380	0.055
886	-7.695	2.087	19.438
129	-7.683	2.491	19.438
423	-7.671	2.114	3.013
312	-7.648	2.294	3.024
759	-7.618	2.312	18.617
93	-7.616	1.794	18.616
380	-7.603	1.991	18.616
953	-7.596	2.233	18.622
1391	-7.593	1.787	18.622
280	-7.583	2.328	18.620
612	-7.563	2.162	18.620
587	-7.562	2.157	9.817
987	-7.560	2.162	19.871
717	-7.558	2.163	3.109
726	-7.557	2.172	3.123
851	-7.542	2.401	3.123
519	-7.461	2.603	19.874
1299	-7.407	0.835	3.131
597	-7.404	1.932	19.653
188	-7.383	2.986	19.097
1347	-7.354	1.752	19.653
29	-7.353	2.497	19.653
68	-7.351	2.506	19.094
1249	-7.325	1.646	19.098
1286	-7.315	1.035	9.649
901	-7.298	2.176	9.648
242	-7.281	3.024	9.190
362	-7.264	1.602	19.439
379	-7.256	2.363	18.642
882	-7.252	1.600	9.523
297	-7.205	3.013	18.643
545	-7.152	1.495	8.735
460	-7.038	1.661	19.059
1175	-7.000	1.963	19.058
899	-6.985	2.464	19.064
879	-6.960	2.435	17.373
703	-6.960	2.458	17.368
590	-6.959	2.441	18.912
616	-6.959	2.461	17.949
629	-6.959	2.461	17.940
577	-6.959	2.450	18.715
589	-6.957	2.441	17.940
732	-6.957	2.461	18.716
591	-6.956	2.480	18.714
823	-6.954	2.470	17.942
581	-6.954	2.444	18.720
576	-6.953	2.471	18.720
615	-6.953	2.426	18.721
1411	-6.952	2.432	18.926
1018	-6.951	2.431	18.914
877	-6.949	2.427	18.899
822	-6.948	2.497	18.488
568	-6.938	2.494	18.827
33	-6.937	2.493	18.480
875	-6.931	1.843	17.659
706	-6.925	2.480	17.659
1410	-6.924	2.488	17.656
607	-6.922	2.479	17.656
1017	-6.921	2.322	17.655
555	-6.889	2.497	17.656
585	-6.889	2.497	19.845
595	-6.889	2.498	16.546
647	-6.889	2.498	18.643
656	-6.889	2.498	19.800
664	-6.889	2.498	18.768
715	-6.889	2.501	18.768
948	-6.889	2.499	19.874
999	-6.889	2.497	19.882
676	-6.889	2.497	17.163
781	-6.889	2.498	19.372
978	-6.889	2.498	19.373
986	-6.889	2.498	19.373
998	-6.889	2.497	19.376
1006	-6.889	2.498	18.701
1012	-6.889	2.498	17.871
1019	-6.889	2.498	17.862
1020	-6.889	2.501	18.768
687	-6.889	2.497	17.943
760	-6.889	2.497	17.937
937	-6.889	2.497	20.254
938	-6.889	2.497	20.255
968	-6.889	2.499	18.783
997	-6.889	2.497	19.629
1004	-6.889	2.496	18.762
748	-6.889	2.498	18.323
754	-6.889	2.500	25.060
674	-6.888	2.502	18.624
807	-6.888	2.501	17.963
783	-6.888	2.503	3.114
804	-6.888	2.497	18.632
805	-6.888	2.499	18.956
863	-6.888	2.498	18.956
887	-6.888	2.497	3.115
888	-6.888	2.497	3.115
927	-6.888	2.497	3.115
755	-6.888	2.492	3.115
852	-6.888	2.499	3.115
892	-6.888	2.498	3.115
918	-6.888	2.498	3.114
856	-6.888	2.498	18.624
752	-6.888	2.497	18.624
847	-6.888	2.497	18.624
854	-6.888	2.497	3.115
909	-6.888	2.497	18.626
761	-6.888	2.499	3.116
634	-6.888	2.517	3.116
716	-6.887	2.513	18.606
905	-6.886	2.507	18.589
928	-6.886	2.489	0.000
661	-6.876	2.014	20.102
697	-6.865	2.058	0.012
971	-6.859	2.443	0.009
723	-6.845	2.503	20.098
746	-6.833	2.344	3.357
667	-6.827	2.556	3.357
926	-6.824	2.541	19.740
814	-6.815	2.601	20.196
883	-6.791	2.580	20.197
725	-6.788	2.611	3.360
980	-6.750	2.057	2.608
780	-6.735	2.770	20.048
758	-6.701	2.392	19.741
659	-6.635	2.687	20.403
1530	-6.532	2.735	19.039
580	-6.430	2.915	23.509
465	-6.398	3.224	21.944
1528	-6.350	2.718	24.194
965	-6.335	2.396	20.207
820	-6.313	3.451	23.763
988	-6.308	3.542	23.748
707	-6.308	3.520	23.195
627	-6.304	3.518	25.367
628	-6.303	3.539	21.449
1353	-6.240	1.872	21.442
878	-6.230	3.527	23.279
872	-6.214	3.367	23.727
1569	-6.164	2.755	20.738
492	-6.148	3.598	4.712
866	-6.115	2.763	19.058
1518	-6.112	2.500	19.058
704	-6.108	3.077	19.064
505	-6.050	3.301	17.373
535	-5.948	3.370	18.912
436	-5.796	3.840	20.568
496	-5.775	3.975	21.449
655	-5.737	3.950	21.442
497	-5.730	4.000	23.402
1263	-5.689	3.854	19.058
1344	-5.688	3.919	19.064
1396	-5.685	3.899	17.373
1355	-5.685	3.889	17.367
1387	-5.679	3.941	17.941
1393	-5.679	3.935	18.720
1270	-5.677	3.976	18.720
1300	-5.677	3.940	18.720
1261	-5.671	3.984	18.925
970	-5.510	3.089	20.197
787	-5.469	3.086	19.577
737	-5.439	2.848	21.765
1307	-5.253	3.986	3.114
