1893	-6.114	0.000	0.000
1892	-6.098	0.161	0.000
863	-6.092	0.023	0.000
870	-6.092	0.017	0.000
1373	-6.088	0.031	0.000
1269	-6.088	0.019	0.000
1273	-6.088	0.019	0.000
1282	-6.088	0.019	0.000
1292	-6.088	0.019	0.000
1293	-6.088	0.019	0.000
1302	-6.088	0.019	0.000
1306	-6.088	0.019	0.000
1308	-6.088	0.019	0.000
1316	-6.088	0.019	0.000
1322	-6.088	0.019	0.000
1326	-6.088	0.019	0.000
1339	-6.088	0.019	0.000
1340	-6.088	0.019	0.000
1343	-6.088	0.019	0.000
1359	-6.088	0.019	0.000
1360	-6.088	0.019	0.000
1363	-6.088	0.019	0.000
1379	-6.088	0.019	0.000
1317	-6.088	0.022	0.000
1275	-6.088	0.022	0.000
1321	-6.087	0.037	0.000
1249	-6.086	0.072	0.000
1868	-6.082	0.194	0.000
1889	-5.997	0.282	0.000
1883	-5.975	2.430	0.000
1896	-5.973	2.431	0.000
1897	-5.973	2.431	0.000
1381	-5.969	2.429	0.000
1392	-5.969	2.429	0.000
1320	-5.968	2.428	0.000
1371	-5.968	2.427	0.000
1351	-5.968	2.430	0.000
1285	-5.968	0.448	0.000
847	-5.956	0.739	0.000
1294	-5.955	2.475	0.000
1297	-5.945	2.467	0.000
1894	-5.838	2.450	0.000
925	-5.831	2.442	0.000
1036	-5.821	2.420	0.000
1603	-5.800	0.063	0.000
860	-5.781	0.072	0.000
1888	-5.694	2.341	0.000
1289	-5.690	2.340	0.000
1304	-5.690	2.341	0.000
1315	-5.690	2.340	0.000
1352	-5.690	2.340	0.000
1311	-5.690	2.340	0.000
1872	-5.643	2.121	0.000
1873	-5.643	2.121	0.000
1877	-5.643	2.121	0.000
1886	-5.643	2.121	0.000
1901	-5.643	2.121	0.000
1288	-5.641	2.121	0.000
1377	-5.641	2.122	0.000
1869	-5.632	2.565	0.000
706	-5.627	2.566	0.000
785	-5.626	2.566	0.000
1203	-5.626	2.566	0.000
1230	-5.626	2.566	0.000
1256	-5.626	2.566	0.000
1259	-5.626	2.566	0.000
1250	-5.625	2.566	0.000
1878	-5.611	2.557	0.000
630	-5.609	2.378	0.000
667	-5.609	2.378	0.000
818	-5.609	2.378	0.000
820	-5.609	2.378	0.000
1385	-5.604	2.557	0.000
1389	-5.604	2.557	0.000
1263	-5.603	2.557	0.000
1278	-5.603	2.556	0.000
1325	-5.603	2.556	0.000
1335	-5.603	2.556	0.000
1345	-5.603	2.556	0.000
1357	-5.603	2.556	0.000
1364	-5.603	2.556	0.000
1368	-5.603	2.556	0.000
1313	-5.603	2.556	0.000
1258	-5.509	2.150	0.000
1005	-5.490	2.109	0.000
1875	-5.460	3.151	0.000
1215	-5.347	2.637	0.000
1887	-5.341	2.713	0.000
1301	-5.294	2.636	0.000
1353	-5.294	2.636	0.000
1358	-5.294	2.636	0.000
1348	-5.015	2.749	0.000
1874	-4.947	3.932	0.000
1397	-4.824	3.552	0.000
674	-4.259	3.939	0.000
1600	-4.253	3.945	0.000
1408	-4.225	3.578	0.000
1460	-4.220	3.579	0.000
1035	-4.218	3.579	0.000
1044	-4.218	3.578	0.000
841	-4.216	3.585	0.000
