1310	-3.781	0.000	0.000
576	-3.776	0.007	0.000
588	-3.776	0.007	0.000
589	-3.776	0.007	0.000
611	-3.776	0.007	0.000
612	-3.776	0.007	0.000
613	-3.776	0.007	0.000
637	-3.776	0.007	0.000
646	-3.776	0.007	0.000
656	-3.776	0.007	0.000
657	-3.776	0.007	0.000
718	-3.776	0.007	0.000
719	-3.776	0.007	0.000
720	-3.776	0.007	0.000
721	-3.776	0.007	0.000
722	-3.776	0.007	0.000
723	-3.776	0.007	0.000
876	-3.776	0.007	0.000
763	-3.772	0.006	0.000
787	-3.771	0.006	0.000
788	-3.771	0.006	0.000
789	-3.771	0.006	0.000
1025	-3.771	0.006	0.000
1026	-3.771	0.006	0.000
1036	-3.771	0.006	0.000
1037	-3.771	0.006	0.000
1064	-3.771	0.006	0.000
1096	-3.771	0.006	0.000
1097	-3.771	0.006	0.000
1122	-3.771	0.006	0.000
1125	-3.771	0.006	0.000
1126	-3.771	0.006	0.000
1130	-3.771	0.006	0.000
750	-3.760	0.004	0.000
751	-3.760	0.004	0.000
752	-3.760	0.004	0.000
753	-3.760	0.004	0.000
983	-3.754	1.591	0.000
1016	-3.752	1.591	0.000
1017	-3.752	1.591	0.000
1021	-3.752	1.591	0.000
1035	-3.752	1.591	0.000
1093	-3.752	1.591	0.000
1118	-3.752	1.591	0.000
1119	-3.752	1.591	0.000
992	-3.751	1.591	0.000
995	-3.751	1.591	0.000
1068	-3.751	1.591	0.000
1133	-3.751	1.591	0.000
1135	-3.751	1.591	0.000
1140	-3.751	1.591	0.000
1142	-3.751	1.591	0.000
1144	-3.751	1.591	0.000
1150	-3.751	1.591	0.000
1151	-3.751	1.591	0.000
1152	-3.751	1.591	0.000
1157	-3.751	1.591	0.000
1159	-3.751	1.591	0.000
1160	-3.751	1.591	0.000
1161	-3.751	1.591	0.000
1162	-3.751	1.591	0.000
1163	-3.751	1.591	0.000
1168	-3.751	1.591	0.000
1169	-3.751	1.591	0.000
1170	-3.751	1.591	0.000
1180	-3.751	1.591	0.000
1195	-3.751	1.591	0.000
1208	-3.751	1.591	0.000
1213	-3.751	1.591	0.000
1214	-3.751	1.591	0.000
1215	-3.751	1.591	0.000
1216	-3.751	1.591	0.000
1217	-3.751	1.591	0.000
1220	-3.751	1.591	0.000
1221	-3.751	1.591	0.000
1222	-3.751	1.591	0.000
1225	-3.751	1.591	0.000
1226	-3.751	1.591	0.000
1227	-3.751	1.591	0.000
1328	-3.748	1.591	0.000
1341	-3.748	1.591	0.000
1359	-3.748	1.591	0.000
1388	-3.748	1.591	0.000
1389	-3.748	1.591	0.000
1402	-3.748	1.591	0.000
1403	-3.748	1.591	0.000
1410	-3.748	1.591	0.000
1415	-3.748	1.591	0.000
1473	-3.748	1.591	0.000
1533	-3.748	1.591	0.000
1539	-3.748	1.591	0.000
514	-3.745	1.600	0.000
587	-3.745	1.600	0.000
1499	-3.744	1.587	0.000
1506	-3.744	1.587	0.000
1229	-3.743	1.588	0.000
1230	-3.743	1.588	0.000
1237	-3.743	1.588	0.000
1238	-3.743	1.588	0.000
1240	-3.743	1.588	0.000
1257	-3.743	1.588	0.000
1259	-3.743	1.588	0.000
1260	-3.743	1.588	0.000
1262	-3.743	1.588	0.000
1278	-3.743	1.588	0.000
1477	-3.743	1.588	0.000
786	-3.741	1.600	0.000
523	-3.720	1.591	0.000
547	-3.720	1.591	0.000
548	-3.720	1.591	0.000
595	-3.720	1.591	0.000
597	-3.720	1.591	0.000
626	-3.720	1.591	0.000
627	-3.720	1.591	0.000
628	-3.720	1.591	0.000
629	-3.720	1.591	0.000
630	-3.720	1.591	0.000
644	-3.720	1.591	0.000
712	-3.720	1.591	0.000
895	-3.720	1.591	0.000
898	-3.720	1.591	0.000
901	-3.720	1.591	0.000
902	-3.720	1.591	0.000
905	-3.720	1.591	0.000
915	-3.720	1.591	0.000
919	-3.720	1.591	0.000
932	-3.720	1.591	0.000
933	-3.720	1.591	0.000
934	-3.720	1.591	0.000
941	-3.720	1.591	0.000
771	-3.716	1.590	0.000
772	-3.716	1.590	0.000
773	-3.716	1.590	0.000
795	-3.716	1.591	0.000
812	-3.716	1.591	0.000
826	-3.716	1.591	0.000
827	-3.716	1.591	0.000
833	-3.716	1.591	0.000
834	-3.716	1.591	0.000
842	-3.716	1.591	0.000
843	-3.716	1.591	0.000
849	-3.716	1.591	0.000
852	-3.716	1.591	0.000
853	-3.716	1.591	0.000
1000	-3.716	1.591	0.000
1004	-3.716	1.590	0.000
1005	-3.716	1.590	0.000
1011	-3.716	1.590	0.000
1042	-3.716	1.591	0.000
1044	-3.716	1.591	0.000
1075	-3.716	1.591	0.000
1076	-3.716	1.591	0.000
1088	-3.716	1.591	0.000
1116	-3.716	1.591	0.000
890	-3.701	0.028	0.000
891	-3.701	0.028	0.000
981	-3.701	0.028	0.000
