889	-5.119	0.000	0.000
899	-5.119	0.020	0.000
776	-5.119	0.010	0.000
476	-5.119	0.014	0.000
749	-5.119	0.015	0.000
900	-5.119	0.012	0.000
550	-5.119	0.017	0.000
684	-5.119	0.018	0.000
958	-5.119	0.017	0.000
488	-5.119	0.016	0.000
653	-5.119	0.011	0.000
671	-5.119	0.015	0.000
986	-5.119	0.017	0.000
1039	-5.119	0.011	0.000
896	-5.119	0.020	0.000
942	-5.119	0.019	0.000
4	-5.119	0.018	0.000
5	-5.119	0.018	0.000
6	-5.119	0.018	0.000
7	-5.119	0.018	0.000
9	-5.119	0.018	0.000
13	-5.119	0.018	0.000
14	-5.119	0.018	0.000
15	-5.119	0.018	0.000
16	-5.119	0.018	0.000
17	-5.119	0.018	0.000
19	-5.119	0.018	0.000
23	-5.119	0.018	0.000
24	-5.119	0.018	0.000
33	-5.119	0.018	0.000
38	-5.119	0.019	0.000
39	-5.119	0.019	0.000
42	-5.119	0.019	0.000
47	-5.119	0.019	0.000
51	-5.119	0.019	0.000
64	-5.119	0.019	0.000
65	-5.119	0.019	0.000
66	-5.119	0.019	0.000
67	-5.119	0.019	0.000
68	-5.119	0.019	0.000
69	-5.119	0.019	0.000
70	-5.119	0.019	0.000
71	-5.119	0.019	0.000
72	-5.119	0.019	0.000
73	-5.119	0.019	0.000
78	-5.119	0.019	0.000
79	-5.119	0.019	0.000
84	-5.119	0.019	0.000
85	-5.119	0.019	0.000
86	-5.119	0.019	0.000
87	-5.119	0.019	0.000
88	-5.119	0.019	0.000
89	-5.119	0.019	0.000
90	-5.119	0.019	0.000
91	-5.119	0.019	0.000
92	-5.119	0.019	0.000
93	-5.119	0.019	0.000
94	-5.119	0.019	0.000
95	-5.119	0.019	0.000
96	-5.119	0.019	0.000
98	-5.119	0.019	0.000
99	-5.119	0.019	0.000
100	-5.119	0.019	0.000
101	-5.119	0.019	0.000
102	-5.119	0.019	0.000
106	-5.119	0.019	0.000
107	-5.119	0.019	0.000
115	-5.119	0.019	0.000
116	-5.119	0.019	0.000
117	-5.119	0.019	0.000
123	-5.119	0.019	0.000
124	-5.119	0.019	0.000
136	-5.119	0.019	0.000
137	-5.119	0.019	0.000
145	-5.119	0.019	0.000
146	-5.119	0.019	0.000
147	-5.119	0.019	0.000
148	-5.119	0.019	0.000
149	-5.119	0.019	0.000
153	-5.119	0.019	0.000
158	-5.119	0.019	0.000
172	-5.119	0.019	0.000
173	-5.119	0.019	0.000
176	-5.119	0.019	0.000
177	-5.119	0.019	0.000
194	-5.119	0.019	0.000
195	-5.119	0.019	0.000
196	-5.119	0.019	0.000
197	-5.119	0.019	0.000
198	-5.119	0.019	0.000
199	-5.119	0.019	0.000
210	-5.119	0.019	0.000
211	-5.119	0.019	0.000
212	-5.119	0.019	0.000
229	-5.119	0.019	0.000
232	-5.119	0.019	0.000
234	-5.119	0.019	0.000
235	-5.119	0.019	0.000
236	-5.119	0.018	0.000
237	-5.119	0.019	0.000
249	-5.119	0.018	0.000
250	-5.119	0.018	0.000
251	-5.119	0.018	0.000
259	-5.119	0.018	0.000
260	-5.119	0.018	0.000
267	-5.119	0.018	0.000
270	-5.119	0.018	0.000
271	-5.119	0.018	0.000
272	-5.119	0.018	0.000
273	-5.119	0.018	0.000
274	-5.119	0.018	0.000
275	-5.119	0.018	0.000
276	-5.119	0.018	0.000
277	-5.119	0.018	0.000
278	-5.119	0.018	0.000
281	-5.119	0.018	0.000
282	-5.119	0.018	0.000
307	-5.119	0.018	0.000
310	-5.119	0.018	0.000
311	-5.119	0.018	0.000
312	-5.119	0.018	0.000
313	-5.119	0.018	0.000
315	-5.119	0.018	0.000
317	-5.119	0.018	0.000
318	-5.119	0.018	0.000
319	-5.119	0.018	0.000
323	-5.119	0.018	0.000
335	-5.119	0.019	0.000
336	-5.119	0.018	0.000
347	-5.119	0.018	0.000
353	-5.119	0.018	0.000
354	-5.119	0.018	0.000
362	-5.119	0.018	0.000
363	-5.119	0.018	0.000
364	-5.119	0.018	0.000
392	-5.119	0.018	0.000
400	-5.119	0.019	0.000
402	-5.119	0.018	0.000
405	-5.119	0.018	0.000
417	-5.119	0.018	0.000
421	-5.119	0.018	0.000
439	-5.119	0.018	0.000
440	-5.119	0.018	0.000
442	-5.119	0.018	0.000
453	-5.119	0.018	0.000
455	-5.119	0.018	0.000
474	-5.119	0.018	0.000
480	-5.119	0.018	0.000
484	-5.119	0.018	0.000
485	-5.119	0.018	0.000
486	-5.119	0.018	0.000
515	-5.119	0.018	0.000
517	-5.119	0.018	0.000
519	-5.119	0.018	0.000
537	-5.119	0.018	0.000
549	-5.119	0.018	0.000
551	-5.119	0.018	0.000
563	-5.119	0.018	0.000
564	-5.119	0.018	0.000
572	-5.119	0.018	0.000
620	-5.119	0.018	0.000
623	-5.119	0.018	0.000
638	-5.119	0.018	0.000
643	-5.119	0.018	0.000
648	-5.119	0.018	0.000
652	-5.119	0.018	0.000
665	-5.119	0.018	0.000
666	-5.119	0.018	0.000
667	-5.119	0.018	0.000
668	-5.119	0.018	0.000
669	-5.119	0.018	0.000
727	-5.119	0.018	0.000
739	-5.119	0.018	0.000
747	-5.119	0.018	0.000
759	-5.119	0.018	0.000
768	-5.119	0.018	0.000
794	-5.119	0.018	0.000
814	-5.119	0.018	0.000
820	-5.119	0.018	0.000
846	-5.119	0.018	0.000
862	-5.119	0.018	0.000
864	-5.119	0.018	0.000
866	-5.119	0.018	0.000
867	-5.119	0.018	0.000
868	-5.119	0.018	0.000
870	-5.119	0.018	0.000
871	-5.119	0.018	0.000
879	-5.119	0.018	0.000
886	-5.119	0.018	0.000
897	-5.119	0.018	0.000
906	-5.119	0.018	0.000
908	-5.119	0.018	0.000
912	-5.119	0.018	0.000
922	-5.119	0.018	0.000
923	-5.119	0.018	0.000
926	-5.119	0.018	0.000
927	-5.119	0.018	0.000
928	-5.119	0.018	0.000
929	-5.119	0.018	0.000
931	-5.119	0.018	0.000
935	-5.119	0.018	0.000
936	-5.119	0.018	0.000
937	-5.119	0.018	0.000
938	-5.119	0.018	0.000
940	-5.119	0.018	0.000
953	-5.119	0.018	0.000
955	-5.119	0.018	0.000
956	-5.119	0.018	0.000
959	-5.119	0.018	0.000
960	-5.119	0.018	0.000
961	-5.119	0.018	0.000
963	-5.119	0.018	0.000
964	-5.119	0.018	0.000
965	-5.119	0.018	0.000
966	-5.119	0.018	0.000
967	-5.119	0.018	0.000
987	-5.119	0.018	0.000
996	-5.119	0.018	0.000
997	-5.119	0.018	0.000
1003	-5.119	0.018	0.000
1007	-5.119	0.018	0.000
1008	-5.119	0.018	0.000
1009	-5.119	0.018	0.000
1010	-5.119	0.018	0.000
1028	-5.119	0.018	0.000
1029	-5.119	0.018	0.000
1031	-5.119	0.018	0.000
1032	-5.119	0.018	0.000
1045	-5.119	0.018	0.000
1046	-5.119	0.018	0.000
1047	-5.119	0.018	0.000
1048	-5.119	0.018	0.000
1053	-5.119	0.018	0.000
1054	-5.119	0.018	0.000
1059	-5.119	0.018	0.000
1060	-5.119	0.018	0.000
1073	-5.119	0.018	0.000
1074	-5.119	0.018	0.000
1079	-5.119	0.018	0.000
1080	-5.119	0.018	0.000
1084	-5.119	0.018	0.000
1085	-5.119	0.018	0.000
1086	-5.119	0.018	0.000
1087	-5.119	0.018	0.000
1092	-5.119	0.018	0.000
1100	-5.119	0.018	0.000
1102	-5.119	0.018	0.000
1104	-5.119	0.018	0.000
1108	-5.119	0.018	0.000
1117	-5.119	0.018	0.000
1120	-5.119	0.018	0.000
1127	-5.119	0.018	0.000
1128	-5.119	0.018	0.000
1129	-5.119	0.018	0.000
573	-5.118	0.057	0.000
761	-5.118	0.038	0.000
1124	-5.118	0.029	0.000
792	-5.116	0.113	0.000
685	-5.112	0.017	0.000
513	-5.112	0.013	0.000
546	-5.112	0.013	0.000
632	-5.112	0.013	0.000
662	-5.112	0.013	0.000
714	-5.112	0.013	0.000
715	-5.112	0.013	0.000
717	-5.112	0.013	0.000
731	-5.112	0.013	0.000
907	-5.112	0.013	0.000
726	-5.112	0.014	0.000
633	-5.112	0.015	0.000
713	-5.112	0.027	0.000
837	-5.111	0.034	0.000
1030	-5.111	0.007	0.000
778	-5.111	0.013	0.000
1322	-4.393	2.301	0.000
1326	-4.393	2.301	0.000
1344	-4.393	2.301	0.000
1361	-4.393	2.301	0.000
1416	-4.393	2.301	0.000
1529	-4.393	2.301	0.000
1530	-4.393	2.301	0.000
1532	-4.393	2.301	0.000
1538	-4.393	2.301	0.000
1555	-4.393	2.301	0.000
943	-4.380	2.300	0.000
944	-4.380	2.300	0.000
968	-4.380	2.300	0.000
969	-4.380	2.300	0.000
903	-4.378	2.300	0.000
1019	-4.378	2.300	0.000
1020	-4.378	2.299	0.000
1022	-4.378	2.300	0.000
1024	-4.378	2.300	0.000
1040	-4.378	2.300	0.000
1052	-4.378	2.300	0.000
893	-4.378	2.300	0.000
1231	-4.377	2.296	0.000
1252	-4.377	2.296	0.000
1253	-4.377	2.296	0.000
1272	-4.377	2.296	0.000
1475	-4.377	2.296	0.000
1002	-4.377	2.300	0.000
819	-4.376	2.300	0.000
993	-4.376	2.300	0.000
1098	-4.376	2.300	0.000
1136	-4.376	2.300	0.000
1139	-4.376	2.300	0.000
1143	-4.376	2.300	0.000
1146	-4.376	2.300	0.000
1147	-4.376	2.300	0.000
1148	-4.376	2.300	0.000
1154	-4.376	2.300	0.000
1167	-4.376	2.300	0.000
1181	-4.376	2.300	0.000
1188	-4.376	2.300	0.000
1198	-4.376	2.300	0.000
1200	-4.376	2.300	0.000
1201	-4.376	2.300	0.000
1211	-4.376	2.300	0.000
552	-4.323	2.297	0.000
574	-4.323	2.297	0.000
575	-4.323	2.297	0.000
596	-4.323	2.297	0.000
634	-4.323	2.297	0.000
635	-4.323	2.297	0.000
636	-4.323	2.297	0.000
639	-4.323	2.297	0.000
647	-4.323	2.297	0.000
686	-4.323	2.297	0.000
690	-4.323	2.297	0.000
691	-4.323	2.297	0.000
873	-4.323	2.297	0.000
878	-4.323	2.297	0.000
882	-4.323	2.297	0.000
883	-4.323	2.297	0.000
884	-4.323	2.297	0.000
913	-4.323	2.297	0.000
916	-4.323	2.297	0.000
924	-4.323	2.297	0.000
2	-4.321	2.297	0.000
10	-4.321	2.297	0.000
11	-4.321	2.297	0.000
12	-4.321	2.297	0.000
48	-4.321	2.297	0.000
49	-4.321	2.297	0.000
50	-4.321	2.297	0.000
52	-4.321	2.297	0.000
53	-4.321	2.297	0.000
54	-4.321	2.297	0.000
55	-4.321	2.297	0.000
56	-4.321	2.297	0.000
57	-4.321	2.297	0.000
58	-4.321	2.297	0.000
59	-4.321	2.297	0.000
60	-4.321	2.297	0.000
61	-4.321	2.297	0.000
62	-4.321	2.297	0.000
74	-4.321	2.297	0.000
76	-4.321	2.297	0.000
77	-4.321	2.297	0.000
108	-4.321	2.297	0.000
113	-4.321	2.297	0.000
134	-4.321	2.297	0.000
135	-4.321	2.297	0.000
185	-4.321	2.297	0.000
186	-4.321	2.297	0.000
187	-4.321	2.297	0.000
188	-4.321	2.297	0.000
189	-4.321	2.297	0.000
190	-4.321	2.297	0.000
191	-4.321	2.297	0.000
192	-4.321	2.297	0.000
215	-4.321	2.297	0.000
216	-4.321	2.297	0.000
217	-4.321	2.297	0.000
218	-4.321	2.297	0.000
316	-4.321	2.297	0.000
334	-4.321	2.297	0.000
348	-4.321	2.297	0.000
394	-4.321	2.297	0.000
403	-4.321	2.297	0.000
404	-4.321	2.297	0.000
406	-4.321	2.297	0.000
407	-4.321	2.297	0.000
409	-4.321	2.297	0.000
410	-4.321	2.297	0.000
411	-4.321	2.297	0.000
459	-4.321	2.297	0.000
477	-4.321	2.297	0.000
740	-4.321	2.297	0.000
769	-4.321	2.297	0.000
770	-4.321	2.297	0.000
780	-4.321	2.297	0.000
781	-4.321	2.297	0.000
784	-4.321	2.297	0.000
793	-4.321	2.297	0.000
805	-4.321	2.297	0.000
836	-4.321	2.297	0.000
840	-4.321	2.297	0.000
845	-4.321	2.297	0.000
856	-4.321	2.297	0.000
857	-4.321	2.297	0.000
999	-4.321	2.297	0.000
1006	-4.321	2.297	0.000
1012	-4.321	2.297	0.000
1013	-4.321	2.297	0.000
1015	-4.321	2.297	0.000
1055	-4.321	2.297	0.000
1056	-4.321	2.297	0.000
1057	-4.321	2.297	0.000
1058	-4.321	2.297	0.000
1112	-4.321	2.297	0.000
704	-4.150	3.288	0.000
705	-4.150	3.287	0.000
706	-4.150	3.287	0.000
872	-4.150	3.288	0.000
493	-4.148	3.282	0.000
650	-3.593	3.525	0.000
651	-3.593	3.525	0.000
654	-3.593	3.525	0.000
655	-3.593	3.525	0.000
660	-3.593	3.525	0.000
661	-3.593	3.525	0.000
663	-3.593	3.525	0.000
664	-3.593	3.525	0.000
673	-3.593	3.525	0.000
674	-3.593	3.525	0.000
957	-3.593	3.525	0.000
428	-3.588	3.526	0.000
429	-3.588	3.526	0.000
431	-3.588	3.526	0.000
432	-3.588	3.526	0.000
433	-3.588	3.526	0.000
775	-3.588	3.526	0.000
844	-3.588	3.526	0.000
863	-3.588	3.526	0.000
865	-3.588	3.526	0.000
869	-3.588	3.526	0.000
1089	-3.588	3.526	0.000
1091	-3.588	3.526	0.000
1099	-3.588	3.526	0.000
1101	-3.588	3.526	0.000
430	-3.588	3.526	0.000
724	-3.170	3.652	0.000
909	-3.170	3.652	0.000
910	-3.170	3.652	0.000
952	-3.170	3.652	0.000
748	-3.157	3.651	0.000
