1469	-8.539	0.000	0.000
1153	-8.536	0.001	0.000
248	-8.533	0.001	0.000
323	-8.533	0.001	0.000
368	-8.533	0.001	0.000
397	-8.533	0.001	0.000
407	-8.533	0.001	0.000
418	-8.533	0.001	0.000
420	-8.533	0.001	0.000
440	-8.533	0.001	0.000
457	-8.533	0.001	0.000
459	-8.533	0.001	0.000
460	-8.533	0.001	0.000
461	-8.533	0.001	0.000
482	-8.533	0.001	0.000
542	-8.533	0.001	0.000
573	-8.533	0.001	0.000
608	-8.533	0.001	0.000
684	-8.533	0.001	0.000
705	-8.533	0.001	0.000
708	-8.533	0.001	0.000
806	-8.533	0.001	0.000
818	-8.533	0.001	0.000
845	-8.533	0.001	0.000
868	-8.533	0.001	0.000
870	-8.533	0.001	0.000
894	-8.533	0.001	0.000
932	-8.531	0.002	0.000
974	-8.530	0.002	0.000
209	-8.529	0.001	0.000
210	-8.529	0.001	0.000
211	-8.529	0.001	0.000
212	-8.529	0.001	0.000
240	-8.528	0.002	0.000
265	-8.527	0.002	0.000
289	-8.527	0.002	0.000
310	-8.527	0.002	0.000
311	-8.527	0.002	0.000
339	-8.527	0.002	0.000
386	-8.527	0.002	0.000
401	-8.527	0.002	0.000
403	-8.527	0.002	0.000
406	-8.527	0.002	0.000
416	-8.527	0.002	0.000
419	-8.527	0.002	0.000
421	-8.527	0.002	0.000
422	-8.527	0.002	0.000
441	-8.527	0.002	0.000
442	-8.527	0.002	0.000
473	-8.527	0.002	0.000
480	-8.527	0.002	0.000
484	-8.527	0.002	0.000
509	-8.527	0.002	0.000
534	-8.527	0.002	0.000
569	-8.527	0.002	0.000
571	-8.527	0.002	0.000
595	-8.527	0.002	0.000
615	-8.527	0.002	0.000
661	-8.527	0.002	0.000
626	-8.527	0.002	0.000
716	-8.527	0.002	0.000
149	-8.524	0.001	0.000
14	-8.524	0.001	0.000
28	-8.524	0.001	0.000
41	-8.524	0.001	0.000
56	-8.524	0.001	0.000
60	-8.524	0.001	0.000
71	-8.524	0.001	0.000
73	-8.524	0.001	0.000
76	-8.524	0.001	0.000
91	-8.524	0.001	0.000
92	-8.524	0.001	0.000
113	-8.524	0.001	0.000
122	-8.524	0.001	0.000
147	-8.524	0.001	0.000
150	-8.524	0.001	0.000
162	-8.524	0.001	0.000
185	-8.524	0.001	0.000
694	-8.522	0.002	0.000
13	-8.518	0.002	0.000
35	-8.518	0.002	0.000
53	-8.518	0.002	0.000
65	-8.518	0.002	0.000
98	-8.518	0.002	0.000
102	-8.518	0.002	0.000
103	-8.518	0.002	0.000
119	-8.518	0.002	0.000
135	-8.518	0.002	0.000
157	-8.518	0.002	0.000
174	-8.518	0.002	0.000
195	-8.518	0.002	0.000
197	-8.518	0.002	0.000
1343	-8.498	0.008	0.000
1347	-8.498	0.008	0.000
1358	-8.498	0.008	0.000
1359	-8.498	0.008	0.000
1363	-8.498	0.008	0.000
1365	-8.498	0.008	0.000
1369	-8.498	0.008	0.000
1372	-8.498	0.008	0.000
1373	-8.498	0.008	0.000
1378	-8.498	0.008	0.000
1381	-8.498	0.008	0.000
1405	-8.498	0.008	0.000
1406	-8.498	0.008	0.000
1413	-8.498	0.008	0.000
1415	-8.498	0.008	0.000
1418	-8.498	0.008	0.000
1419	-8.498	0.008	0.000
1422	-8.498	0.008	0.000
1426	-8.498	0.008	0.000
1428	-8.498	0.008	0.000
1430	-8.498	0.008	0.000
1437	-8.498	0.008	0.000
1441	-8.498	0.008	0.000
1460	-8.498	0.008	0.000
1464	-8.498	0.008	0.000
1465	-8.498	0.008	0.000
1472	-8.498	0.008	0.000
1480	-8.498	0.008	0.000
1481	-8.498	0.008	0.000
1195	-8.497	0.008	0.000
1200	-8.497	0.008	0.000
1201	-8.497	0.008	0.000
1202	-8.497	0.008	0.000
1207	-8.497	0.008	0.000
1214	-8.497	0.008	0.000
1216	-8.497	0.008	0.000
1217	-8.497	0.008	0.000
1218	-8.497	0.008	0.000
1219	-8.497	0.008	0.000
1221	-8.497	0.008	0.000
1222	-8.497	0.008	0.000
1227	-8.497	0.008	0.000
1228	-8.497	0.008	0.000
1234	-8.497	0.008	0.000
1237	-8.497	0.008	0.000
1247	-8.497	0.008	0.000
1251	-8.497	0.008	0.000
1252	-8.497	0.008	0.000
1254	-8.497	0.008	0.000
1260	-8.497	0.008	0.000
1261	-8.497	0.008	0.000
1264	-8.497	0.008	0.000
1265	-8.497	0.008	0.000
1270	-8.497	0.008	0.000
1279	-8.497	0.008	0.000
1285	-8.497	0.008	0.000
1292	-8.497	0.008	0.000
1296	-8.497	0.008	0.000
1300	-8.497	0.008	0.000
1301	-8.497	0.008	0.000
1304	-8.497	0.008	0.000
1311	-8.497	0.008	0.000
1313	-8.497	0.008	0.000
1316	-8.497	0.008	0.000
1319	-8.497	0.008	0.000
1323	-8.497	0.008	0.000
1332	-8.497	0.008	0.000
1333	-8.497	0.008	0.000
1334	-8.497	0.008	0.000
1335	-8.497	0.008	0.000
1337	-8.497	0.008	0.000
1497	-8.496	0.009	0.000
1512	-8.496	0.009	0.000
1514	-8.496	0.009	0.000
1534	-8.496	0.009	0.000
1540	-8.496	0.009	0.000
1391	-8.491	0.010	0.000
1189	-8.490	0.010	0.000
253	-8.488	0.009	0.000
318	-8.488	0.009	0.000
352	-8.488	0.009	0.000
454	-8.488	0.009	0.000
465	-8.488	0.009	0.000
558	-8.488	0.009	0.000
563	-8.488	0.009	0.000
584	-8.488	0.009	0.000
692	-8.488	0.009	0.000
765	-8.488	0.009	0.000
770	-8.488	0.009	0.000
779	-8.488	0.009	0.000
250	-8.488	0.009	0.000
343	-8.488	0.009	0.000
363	-8.488	0.009	0.000
423	-8.488	0.009	0.000
425	-8.488	0.009	0.000
443	-8.488	0.009	0.000
485	-8.488	0.009	0.000
528	-8.488	0.009	0.000
544	-8.488	0.009	0.000
613	-8.488	0.009	0.000
667	-8.488	0.009	0.000
727	-8.488	0.009	0.000
729	-8.488	0.009	0.000
739	-8.488	0.009	0.000
757	-8.488	0.009	0.000
787	-8.488	0.009	0.000
199	-8.484	0.009	0.000
1390	-8.178	1.402	0.000
1498	-8.178	1.399	0.000
621	-8.174	1.400	0.000
243	-8.173	1.400	0.000
282	-8.173	1.400	0.000
296	-8.173	1.400	0.000
327	-8.173	1.400	0.000
344	-8.173	1.400	0.000
502	-8.173	1.400	0.000
553	-8.173	1.400	0.000
575	-8.173	1.400	0.000
720	-8.173	1.400	0.000
738	-8.173	1.400	0.000
760	-8.173	1.400	0.000
774	-8.173	1.400	0.000
930	-8.163	1.407	0.000
358	-8.159	1.402	0.000
546	-8.159	1.402	0.000
652	-8.159	1.402	0.000
653	-8.159	1.402	0.000
234	-8.158	1.405	0.000
38	-8.154	1.405	0.000
85	-8.154	1.405	0.000
111	-8.154	1.405	0.000
142	-8.154	1.404	0.000
148	-8.154	1.404	0.000
206	-8.154	1.402	0.000
297	-8.151	1.406	0.000
302	-8.151	1.406	0.000
366	-8.151	1.406	0.000
391	-8.151	1.406	0.000
466	-8.151	1.406	0.000
478	-8.151	1.406	0.000
679	-8.151	1.406	0.000
756	-8.151	1.406	0.000
268	-8.150	1.506	0.000
277	-8.150	1.506	0.000
279	-8.150	1.506	0.000
284	-8.150	1.506	0.000
304	-8.150	1.506	0.000
340	-8.150	1.506	0.000
392	-8.150	1.506	0.000
413	-8.150	1.506	0.000
435	-8.150	1.506	0.000
456	-8.150	1.506	0.000
470	-8.150	1.506	0.000
471	-8.150	1.506	0.000
513	-8.150	1.506	0.000
578	-8.150	1.506	0.000
616	-8.150	1.506	0.000
702	-8.150	1.506	0.000
236	-8.148	1.506	0.000
239	-8.148	1.506	0.000
241	-8.148	1.506	0.000
1398	-8.148	1.502	0.000
1456	-8.148	1.502	0.000
267	-8.147	1.507	0.000
274	-8.147	1.507	0.000
286	-8.147	1.507	0.000
393	-8.147	1.507	0.000
431	-8.147	1.507	0.000
432	-8.147	1.507	0.000
564	-8.147	1.507	0.000
627	-8.147	1.507	0.000
214	-8.147	1.405	0.000
215	-8.147	1.405	0.000
226	-8.147	1.405	0.000
36	-8.146	1.408	0.000
114	-8.146	1.408	0.000
124	-8.146	1.408	0.000
131	-8.146	1.408	0.000
151	-8.146	1.408	0.000
153	-8.146	1.408	0.000
167	-8.146	1.408	0.000
169	-8.146	1.408	0.000
58	-8.146	1.409	0.000
237	-8.145	1.507	0.000
66	-8.144	1.506	0.000
80	-8.144	1.506	0.000
128	-8.144	1.506	0.000
193	-8.144	1.506	0.000
204	-8.144	1.507	0.000
216	-8.144	1.507	0.000
220	-8.144	1.507	0.000
221	-8.144	1.507	0.000
446	-8.143	1.502	0.000
582	-8.143	1.502	0.000
272	-8.143	1.502	0.000
315	-8.143	1.502	0.000
324	-8.143	1.502	0.000
381	-8.143	1.502	0.000
395	-8.143	1.502	0.000
475	-8.143	1.502	0.000
477	-8.143	1.502	0.000
497	-8.143	1.502	0.000
587	-8.143	1.502	0.000
628	-8.143	1.502	0.000
629	-8.143	1.502	0.000
633	-8.143	1.502	0.000
677	-8.143	1.502	0.000
699	-8.143	1.502	0.000
703	-8.143	1.502	0.000
759	-8.143	1.502	0.000
164	-8.142	1.507	0.000
1052	-8.124	1.499	0.000
1401	-6.704	3.618	0.000
1409	-6.704	3.618	0.000
1416	-6.704	3.618	0.000
1421	-6.704	3.618	0.000
1425	-6.704	3.618	0.000
1429	-6.704	3.618	0.000
1442	-6.704	3.618	0.000
1467	-6.704	3.618	0.000
1483	-6.704	3.618	0.000
1486	-6.704	3.618	0.000
1490	-6.704	3.618	0.000
1344	-6.703	3.619	0.000
1345	-6.703	3.619	0.000
1353	-6.703	3.619	0.000
1368	-6.703	3.619	0.000
1375	-6.703	3.619	0.000
1382	-6.703	3.619	0.000
1520	-6.702	3.618	0.000
1526	-6.702	3.618	0.000
1528	-6.702	3.618	0.000
1502	-6.702	3.618	0.000
1192	-6.701	3.618	0.000
1196	-6.701	3.618	0.000
1197	-6.701	3.618	0.000
1198	-6.701	3.618	0.000
1199	-6.701	3.618	0.000
1203	-6.701	3.618	0.000
1204	-6.701	3.618	0.000
1208	-6.701	3.618	0.000
1209	-6.701	3.618	0.000
1210	-6.701	3.618	0.000
1211	-6.701	3.618	0.000
1215	-6.701	3.618	0.000
1224	-6.701	3.618	0.000
1225	-6.701	3.618	0.000
1233	-6.701	3.618	0.000
1235	-6.701	3.618	0.000
1239	-6.701	3.618	0.000
1243	-6.701	3.618	0.000
1244	-6.701	3.618	0.000
1249	-6.701	3.618	0.000
1255	-6.701	3.618	0.000
1256	-6.701	3.618	0.000
1262	-6.701	3.618	0.000
1266	-6.701	3.618	0.000
1268	-6.701	3.618	0.000
1273	-6.701	3.618	0.000
1281	-6.701	3.618	0.000
1283	-6.701	3.618	0.000
1284	-6.701	3.618	0.000
1288	-6.701	3.618	0.000
1289	-6.701	3.618	0.000
1290	-6.701	3.618	0.000
1303	-6.701	3.618	0.000
1306	-6.701	3.618	0.000
1307	-6.701	3.618	0.000
1321	-6.701	3.618	0.000
394	-6.699	3.612	0.000
453	-6.699	3.612	0.000
487	-6.699	3.612	0.000
525	-6.699	3.612	0.000
618	-6.699	3.612	0.000
625	-6.699	3.612	0.000
671	-6.699	3.612	0.000
672	-6.699	3.612	0.000
682	-6.699	3.612	0.000
713	-6.699	3.612	0.000
725	-6.699	3.612	0.000
731	-6.699	3.612	0.000
737	-6.699	3.612	0.000
750	-6.699	3.612	0.000
766	-6.699	3.612	0.000
775	-6.699	3.612	0.000
776	-6.699	3.612	0.000
768	-6.699	3.612	0.000
786	-6.699	3.612	0.000
1188	-6.696	3.612	0.000
1393	-6.695	3.621	0.000
1402	-6.695	3.621	0.000
1403	-6.695	3.621	0.000
1433	-6.695	3.621	0.000
1459	-6.695	3.621	0.000
1468	-6.695	3.621	0.000
1477	-6.695	3.621	0.000
1346	-6.694	3.622	0.000
1350	-6.694	3.622	0.000
1374	-6.694	3.622	0.000
1507	-6.693	3.621	0.000
1516	-6.693	3.621	0.000
1517	-6.693	3.621	0.000
1523	-6.693	3.621	0.000
1524	-6.693	3.621	0.000
1532	-6.693	3.621	0.000
1536	-6.693	3.621	0.000
1539	-6.693	3.621	0.000
1543	-6.693	3.621	0.000
1546	-6.693	3.621	0.000
1493	-6.692	3.611	0.000
1191	-6.692	3.622	0.000
1206	-6.692	3.622	0.000
1238	-6.692	3.622	0.000
1242	-6.692	3.622	0.000
1245	-6.692	3.622	0.000
1250	-6.692	3.622	0.000
1291	-6.692	3.622	0.000
1293	-6.692	3.622	0.000
1309	-6.692	3.622	0.000
1310	-6.692	3.622	0.000
1317	-6.692	3.622	0.000
1322	-6.692	3.622	0.000
1327	-6.692	3.622	0.000
1340	-6.692	3.622	0.000
1012	-6.642	3.586	0.000
1470	-6.639	3.584	0.000
369	-6.636	3.582	0.000
371	-6.636	3.582	0.000
728	-6.636	3.581	0.000
841	-6.636	3.581	0.000
1070	-6.634	3.586	0.000
1276	-5.953	3.740	0.000
1531	-5.950	3.740	0.000
