1141	-6.316	0.000	0.000
1007	-6.314	0.001	0.000
1020	-6.314	0.001	0.000
1045	-6.314	0.001	0.000
964	-6.313	0.001	0.000
874	-6.286	0.004	0.000
923	-6.286	0.004	0.000
1771	-6.235	1.831	0.000
1063	-6.216	1.835	0.000
1072	-6.216	1.835	0.000
1076	-6.216	1.835	0.000
1077	-6.216	1.835	0.000
1078	-6.216	1.835	0.000
1086	-6.216	1.835	0.000
1114	-6.216	1.835	0.000
1122	-6.216	1.835	0.000
1136	-6.216	1.835	0.000
1137	-6.216	1.835	0.000
1165	-6.198	1.833	0.000
1038	-6.189	1.895	0.000
1039	-6.189	1.895	0.000
1787	-5.974	1.912	0.000
1760	-5.961	1.910	0.000
1761	-5.961	1.910	0.000
1795	-5.960	1.910	0.000
1796	-5.960	1.910	0.000
1053	-5.940	1.915	0.000
1066	-5.940	1.915	0.000
1090	-5.940	1.915	0.000
1091	-5.940	1.915	0.000
1096	-5.940	1.915	0.000
1115	-5.940	1.915	0.000
1135	-5.940	1.915	0.000
1148	-5.940	1.915	0.000
1149	-5.940	1.915	0.000
1150	-5.940	1.915	0.000
1057	-5.940	1.915	0.000
1100	-5.940	1.915	0.000
1101	-5.940	1.915	0.000
1108	-5.940	1.915	0.000
1112	-5.940	1.915	0.000
1113	-5.940	1.915	0.000
1118	-5.940	1.915	0.000
1121	-5.940	1.915	0.000
1123	-5.940	1.915	0.000
1127	-5.940	1.915	0.000
983	-5.939	1.914	0.000
984	-5.939	1.915	0.000
986	-5.939	1.914	0.000
994	-5.939	1.914	0.000
998	-5.939	1.915	0.000
1003	-5.939	1.914	0.000
1008	-5.939	1.915	0.000
1009	-5.939	1.915	0.000
1019	-5.939	1.915	0.000
1022	-5.939	1.915	0.000
1027	-5.939	1.915	0.000
1028	-5.939	1.915	0.000
1029	-5.939	1.915	0.000
1035	-5.939	1.915	0.000
1036	-5.939	1.915	0.000
1037	-5.939	1.915	0.000
1042	-5.939	1.915	0.000
1043	-5.939	1.914	0.000
1048	-5.939	1.914	0.000
1051	-5.939	1.915	0.000
976	-5.938	1.915	0.000
838	-5.928	1.912	0.000
852	-5.928	1.912	0.000
854	-5.928	1.913	0.000
857	-5.928	1.912	0.000
865	-5.928	1.913	0.000
877	-5.928	1.913	0.000
880	-5.928	1.913	0.000
881	-5.928	1.912	0.000
885	-5.928	1.913	0.000
892	-5.928	1.913	0.000
902	-5.928	1.912	0.000
906	-5.928	1.913	0.000
916	-5.928	1.913	0.000
925	-5.927	1.912	0.000
926	-5.927	1.912	0.000
931	-5.927	1.912	0.000
937	-5.927	1.912	0.000
938	-5.927	1.912	0.000
939	-5.927	1.912	0.000
945	-5.927	1.912	0.000
949	-5.927	1.912	0.000
950	-5.927	1.912	0.000
952	-5.927	1.912	0.000
953	-5.927	1.912	0.000
954	-5.927	1.912	0.000
957	-5.927	1.912	0.000
959	-5.927	1.912	0.000
1158	-5.927	1.912	0.000
1159	-5.927	1.912	0.000
1161	-5.927	1.912	0.000
1164	-5.927	1.912	0.000
1166	-5.927	1.912	0.000
1170	-5.927	1.912	0.000
