1060	-9.490	0.000	0.000
977	-9.489	0.002	0.000
995	-9.489	0.002	0.000
748	-9.487	0.002	0.000
245	-9.487	0.002	0.000
251	-9.487	0.002	0.000
252	-9.487	0.002	0.000
254	-9.487	0.002	0.000
260	-9.487	0.002	0.000
262	-9.487	0.002	0.000
264	-9.487	0.002	0.000
271	-9.487	0.002	0.000
276	-9.487	0.002	0.000
278	-9.487	0.002	0.000
287	-9.487	0.002	0.000
290	-9.487	0.002	0.000
293	-9.487	0.002	0.000
295	-9.487	0.002	0.000
298	-9.487	0.002	0.000
299	-9.487	0.002	0.000
301	-9.487	0.002	0.000
309	-9.487	0.002	0.000
314	-9.487	0.002	0.000
320	-9.487	0.002	0.000
322	-9.487	0.002	0.000
329	-9.487	0.002	0.000
330	-9.487	0.002	0.000
333	-9.487	0.002	0.000
337	-9.487	0.002	0.000
338	-9.487	0.002	0.000
347	-9.487	0.002	0.000
350	-9.487	0.002	0.000
351	-9.487	0.002	0.000
354	-9.487	0.002	0.000
355	-9.487	0.002	0.000
356	-9.487	0.002	0.000
357	-9.487	0.002	0.000
365	-9.487	0.002	0.000
374	-9.487	0.002	0.000
375	-9.487	0.002	0.000
378	-9.487	0.002	0.000
379	-9.487	0.002	0.000
382	-9.487	0.002	0.000
383	-9.487	0.002	0.000
384	-9.487	0.002	0.000
388	-9.487	0.002	0.000
396	-9.487	0.002	0.000
402	-9.487	0.002	0.000
405	-9.487	0.002	0.000
411	-9.487	0.002	0.000
415	-9.487	0.002	0.000
417	-9.487	0.002	0.000
427	-9.487	0.002	0.000
430	-9.487	0.002	0.000
436	-9.487	0.002	0.000
437	-9.487	0.002	0.000
438	-9.487	0.002	0.000
444	-9.487	0.002	0.000
451	-9.487	0.002	0.000
452	-9.487	0.002	0.000
455	-9.487	0.002	0.000
462	-9.487	0.002	0.000
467	-9.487	0.002	0.000
468	-9.487	0.002	0.000
469	-9.487	0.002	0.000
483	-9.487	0.002	0.000
486	-9.487	0.002	0.000
495	-9.487	0.002	0.000
496	-9.487	0.002	0.000
498	-9.487	0.002	0.000
499	-9.487	0.002	0.000
501	-9.487	0.002	0.000
503	-9.487	0.002	0.000
505	-9.487	0.002	0.000
506	-9.487	0.002	0.000
510	-9.487	0.002	0.000
512	-9.487	0.002	0.000
516	-9.487	0.002	0.000
517	-9.487	0.002	0.000
518	-9.487	0.002	0.000
523	-9.487	0.002	0.000
530	-9.487	0.002	0.000
531	-9.487	0.002	0.000
532	-9.487	0.002	0.000
535	-9.487	0.002	0.000
536	-9.487	0.002	0.000
537	-9.487	0.002	0.000
538	-9.487	0.002	0.000
539	-9.487	0.002	0.000
540	-9.487	0.002	0.000
545	-9.487	0.002	0.000
547	-9.487	0.002	0.000
548	-9.487	0.002	0.000
549	-9.487	0.002	0.000
550	-9.487	0.002	0.000
552	-9.487	0.002	0.000
557	-9.487	0.002	0.000
560	-9.487	0.002	0.000
562	-9.487	0.002	0.000
566	-9.487	0.002	0.000
570	-9.487	0.002	0.000
574	-9.487	0.002	0.000
576	-9.487	0.002	0.000
579	-9.487	0.002	0.000
585	-9.487	0.002	0.000
590	-9.487	0.002	0.000
591	-9.487	0.002	0.000
592	-9.487	0.002	0.000
599	-9.487	0.002	0.000
600	-9.487	0.002	0.000
602	-9.487	0.002	0.000
603	-9.487	0.002	0.000
604	-9.487	0.002	0.000
610	-9.487	0.002	0.000
617	-9.487	0.002	0.000
619	-9.487	0.002	0.000
623	-9.487	0.002	0.000
635	-9.487	0.002	0.000
636	-9.487	0.002	0.000
637	-9.487	0.002	0.000
638	-9.487	0.002	0.000
647	-9.487	0.002	0.000
649	-9.487	0.002	0.000
657	-9.487	0.002	0.000
659	-9.487	0.002	0.000
662	-9.487	0.002	0.000
663	-9.487	0.002	0.000
665	-9.487	0.002	0.000
673	-9.487	0.002	0.000
678	-9.487	0.002	0.000
681	-9.487	0.002	0.000
687	-9.487	0.002	0.000
689	-9.487	0.002	0.000
691	-9.487	0.002	0.000
693	-9.487	0.002	0.000
697	-9.487	0.002	0.000
701	-9.487	0.002	0.000
709	-9.487	0.002	0.000
718	-9.487	0.002	0.000
723	-9.487	0.002	0.000
734	-9.487	0.002	0.000
744	-9.487	0.002	0.000
764	-9.487	0.002	0.000
769	-9.487	0.002	0.000
772	-9.487	0.002	0.000
778	-9.487	0.002	0.000
780	-9.487	0.002	0.000
783	-9.487	0.002	0.000
784	-9.487	0.002	0.000
789	-9.487	0.002	0.000
795	-9.487	0.002	0.000
802	-9.487	0.002	0.000
803	-9.487	0.002	0.000
824	-9.487	0.002	0.000
10	-9.485	0.002	0.000
15	-9.485	0.002	0.000
26	-9.485	0.002	0.000
31	-9.485	0.002	0.000
32	-9.485	0.002	0.000
45	-9.485	0.002	0.000
51	-9.485	0.002	0.000
64	-9.485	0.002	0.000
97	-9.485	0.002	0.000
99	-9.485	0.002	0.000
108	-9.485	0.002	0.000
132	-9.485	0.002	0.000
133	-9.485	0.002	0.000
134	-9.485	0.002	0.000
140	-9.485	0.002	0.000
141	-9.485	0.002	0.000
143	-9.485	0.002	0.000
145	-9.485	0.002	0.000
146	-9.485	0.002	0.000
152	-9.485	0.002	0.000
154	-9.485	0.002	0.000
155	-9.485	0.002	0.000
156	-9.485	0.002	0.000
158	-9.485	0.002	0.000
159	-9.485	0.002	0.000
163	-9.485	0.002	0.000
165	-9.485	0.002	0.000
173	-9.485	0.002	0.000
175	-9.485	0.002	0.000
179	-9.485	0.002	0.000
183	-9.485	0.002	0.000
184	-9.485	0.002	0.000
186	-9.485	0.002	0.000
189	-9.485	0.002	0.000
194	-9.485	0.002	0.000
198	-9.485	0.002	0.000
201	-9.485	0.002	0.000
203	-9.485	0.002	0.000
205	-9.485	0.002	0.000
208	-9.485	0.002	0.000
217	-9.485	0.002	0.000
223	-9.485	0.002	0.000
224	-9.485	0.002	0.000
225	-9.485	0.002	0.000
227	-9.485	0.002	0.000
228	-9.485	0.002	0.000
230	-9.485	0.002	0.000
4	-9.428	3.299	0.000
948	-9.334	3.270	0.000
259	-9.327	3.271	0.000
285	-9.327	3.271	0.000
336	-9.327	3.271	0.000
345	-9.327	3.271	0.000
414	-9.327	3.271	0.000
606	-9.327	3.271	0.000
1098	-9.326	0.025	0.000
1124	-9.326	0.024	0.000
1125	-9.326	0.024	0.000
266	-9.326	3.271	0.000
312	-9.326	3.271	0.000
313	-9.326	3.271	0.000
387	-9.326	3.271	0.000
242	-9.326	3.271	0.000
270	-9.326	3.271	0.000
273	-9.326	3.271	0.000
321	-9.326	3.271	0.000
334	-9.326	3.271	0.000
511	-9.326	3.271	0.000
593	-9.326	3.271	0.000
1097	-9.325	0.026	0.000
1033	-9.325	3.271	0.000
1018	-9.324	0.024	0.000
1223	-9.324	3.269	0.000
1226	-9.324	3.269	0.000
1263	-9.324	3.269	0.000
796	-9.322	0.024	0.000
244	-9.315	3.273	0.000
389	-9.315	3.273	0.000
489	-9.315	3.273	0.000
519	-9.315	3.273	0.000
641	-9.315	3.273	0.000
675	-9.315	3.273	0.000
721	-9.315	3.273	0.000
1	-9.314	3.273	0.000
3	-9.314	3.273	0.000
200	-9.314	3.273	0.000
202	-9.314	3.273	0.000
231	-9.314	3.273	0.000
6	-9.313	3.273	0.000
8	-9.313	3.273	0.000
9	-9.313	3.273	0.000
12	-9.313	3.273	0.000
19	-9.313	3.273	0.000
27	-9.313	3.273	0.000
30	-9.313	3.273	0.000
44	-9.313	3.273	0.000
57	-9.313	3.273	0.000
59	-9.313	3.273	0.000
63	-9.313	3.273	0.000
67	-9.313	3.273	0.000
68	-9.313	3.273	0.000
75	-9.313	3.273	0.000
84	-9.313	3.273	0.000
88	-9.313	3.273	0.000
90	-9.313	3.273	0.000
100	-9.313	3.273	0.000
101	-9.313	3.273	0.000
109	-9.313	3.273	0.000
110	-9.313	3.273	0.000
125	-9.313	3.273	0.000
127	-9.313	3.273	0.000
138	-9.313	3.273	0.000
176	-9.313	3.273	0.000
177	-9.313	3.273	0.000
178	-9.313	3.273	0.000
191	-9.313	3.273	0.000
814	-9.312	0.025	0.000
884	-9.311	0.025	0.000
887	-9.311	0.025	0.000
1186	-9.278	0.044	0.000
1079	-9.201	2.403	0.000
1032	-9.198	2.403	0.000
872	-9.198	2.403	0.000
879	-9.198	2.404	0.000
408	-9.198	2.403	0.000
474	-9.198	2.403	0.000
494	-9.198	2.403	0.000
439	-9.198	2.403	0.000
809	-9.198	2.403	0.000
1056	-9.197	2.386	0.000
5	-9.196	2.403	0.000
11	-9.196	2.403	0.000
37	-9.196	2.403	0.000
40	-9.196	2.403	0.000
901	-9.061	0.199	0.000
291	-8.816	3.014	0.000
390	-8.816	3.014	0.000
308	-8.815	3.015	0.000
256	-8.815	3.014	0.000
377	-8.815	3.014	0.000
493	-8.815	3.014	0.000
596	-8.815	3.014	0.000
48	-8.811	3.012	0.000
54	-8.811	3.012	0.000
74	-8.811	3.012	0.000
82	-8.811	3.012	0.000
83	-8.811	3.012	0.000
95	-8.811	3.012	0.000
118	-8.811	3.012	0.000
129	-8.811	3.012	0.000
283	-8.801	3.010	0.000
385	-8.801	3.010	0.000
424	-8.801	3.010	0.000
433	-8.801	3.010	0.000
631	-8.801	3.010	0.000
49	-8.796	3.007	0.000
50	-8.796	3.008	0.000
61	-8.796	3.008	0.000
130	-8.796	3.008	0.000
1167	-8.762	3.109	0.000
581	-8.754	3.111	0.000
669	-8.753	3.111	0.000
758	-8.747	3.113	0.000
773	-8.746	3.113	0.000
233	-8.746	3.100	0.000
235	-8.746	3.100	0.000
238	-8.746	3.100	0.000
257	-8.746	3.100	0.000
258	-8.746	3.100	0.000
261	-8.746	3.100	0.000
263	-8.746	3.100	0.000
275	-8.746	3.100	0.000
281	-8.746	3.100	0.000
292	-8.746	3.100	0.000
300	-8.746	3.100	0.000
307	-8.746	3.100	0.000
325	-8.746	3.100	0.000
326	-8.746	3.100	0.000
328	-8.746	3.100	0.000
341	-8.746	3.100	0.000
346	-8.746	3.100	0.000
359	-8.746	3.100	0.000
360	-8.746	3.100	0.000
372	-8.746	3.100	0.000
373	-8.746	3.100	0.000
428	-8.746	3.100	0.000
447	-8.746	3.100	0.000
458	-8.746	3.100	0.000
472	-8.746	3.100	0.000
514	-8.746	3.100	0.000
559	-8.746	3.100	0.000
561	-8.746	3.100	0.000
648	-8.746	3.100	0.000
680	-8.746	3.100	0.000
707	-8.746	3.100	0.000
712	-8.746	3.100	0.000
722	-8.746	3.100	0.000
733	-8.746	3.100	0.000
745	-8.746	3.100	0.000
7	-8.741	3.099	0.000
16	-8.741	3.099	0.000
17	-8.741	3.099	0.000
18	-8.741	3.099	0.000
20	-8.741	3.099	0.000
21	-8.741	3.099	0.000
24	-8.741	3.099	0.000
25	-8.741	3.099	0.000
29	-8.741	3.099	0.000
34	-8.741	3.099	0.000
39	-8.741	3.099	0.000
42	-8.741	3.099	0.000
46	-8.741	3.099	0.000
47	-8.741	3.099	0.000
55	-8.741	3.099	0.000
69	-8.741	3.099	0.000
72	-8.741	3.099	0.000
77	-8.741	3.099	0.000
81	-8.741	3.099	0.000
86	-8.741	3.099	0.000
89	-8.741	3.099	0.000
93	-8.741	3.099	0.000
94	-8.741	3.099	0.000
96	-8.741	3.099	0.000
105	-8.741	3.099	0.000
112	-8.741	3.099	0.000
115	-8.741	3.099	0.000
116	-8.741	3.099	0.000
117	-8.741	3.099	0.000
120	-8.741	3.099	0.000
121	-8.741	3.099	0.000
123	-8.741	3.099	0.000
137	-8.741	3.099	0.000
144	-8.741	3.099	0.000
160	-8.741	3.099	0.000
161	-8.741	3.099	0.000
166	-8.741	3.099	0.000
180	-8.741	3.099	0.000
181	-8.741	3.099	0.000
188	-8.741	3.099	0.000
190	-8.741	3.099	0.000
192	-8.741	3.099	0.000
196	-8.741	3.099	0.000
491	-8.740	3.102	0.000
1231	-8.737	3.122	0.000
1287	-8.737	3.122	0.000
997	-8.732	3.122	0.000
1006	-8.158	0.764	0.000
934	-8.155	1.671	0.000
958	-8.154	1.815	0.000
2	-8.126	1.643	0.000
246	-8.126	1.643	0.000
247	-8.126	1.643	0.000
303	-8.126	1.643	0.000
316	-8.126	1.643	0.000
317	-8.126	1.643	0.000
331	-8.126	1.643	0.000
348	-8.126	1.643	0.000
353	-8.126	1.643	0.000
364	-8.126	1.643	0.000
367	-8.126	1.643	0.000
404	-8.126	1.643	0.000
410	-8.126	1.643	0.000
445	-8.126	1.643	0.000
492	-8.126	1.643	0.000
522	-8.126	1.643	0.000
541	-8.126	1.643	0.000
554	-8.126	1.643	0.000
580	-8.126	1.643	0.000
583	-8.126	1.643	0.000
609	-8.126	1.643	0.000
620	-8.126	1.643	0.000
624	-8.126	1.643	0.000
650	-8.126	1.643	0.000
686	-8.126	1.643	0.000
763	-8.126	1.643	0.000
22	-8.125	1.643	0.000
23	-8.125	1.643	0.000
33	-8.125	1.643	0.000
43	-8.125	1.643	0.000
52	-8.125	1.643	0.000
62	-8.125	1.643	0.000
70	-8.125	1.643	0.000
78	-8.125	1.643	0.000
79	-8.125	1.643	0.000
106	-8.125	1.643	0.000
107	-8.125	1.643	0.000
126	-8.125	1.643	0.000
168	-8.125	1.643	0.000
170	-8.125	1.643	0.000
171	-8.125	1.643	0.000
172	-8.125	1.643	0.000
182	-8.125	1.643	0.000
187	-8.125	1.643	0.000
207	-8.125	1.643	0.000
218	-8.125	1.643	0.000
219	-8.125	1.643	0.000
222	-8.125	1.643	0.000
904	-8.114	1.671	0.000
837	-8.114	1.671	0.000
1093	-8.109	1.674	0.000
1106	-8.109	1.674	0.000
1111	-8.109	1.674	0.000
1151	-8.109	1.674	0.000
987	-8.106	1.674	0.000
1026	-8.106	1.674	0.000
862	-8.100	1.824	0.000
866	-8.100	1.824	0.000
988	-8.086	1.822	0.000
749	-7.182	2.698	0.000
1058	-7.079	2.738	0.000
1059	-7.079	2.724	0.000
1064	-7.079	2.724	0.000
1075	-7.079	2.724	0.000
1088	-7.079	2.724	0.000
1092	-7.079	2.724	0.000
1107	-7.079	2.723	0.000
1117	-7.079	2.723	0.000
979	-7.076	2.722	0.000
989	-7.076	2.722	0.000
993	-7.076	2.722	0.000
996	-7.076	2.722	0.000
1005	-7.076	2.722	0.000
1015	-7.076	2.722	0.000
1023	-7.076	2.722	0.000
1002	-7.076	2.749	0.000
799	-7.072	2.722	0.000
804	-7.072	2.722	0.000
830	-7.072	2.722	0.000
833	-7.072	2.722	0.000
890	-7.069	2.727	0.000
891	-7.069	2.727	0.000
893	-7.069	2.728	0.000
897	-7.069	2.727	0.000
898	-7.069	2.727	0.000
920	-7.069	2.727	0.000
915	-7.069	2.730	0.000
811	-7.068	2.728	0.000
815	-7.068	2.727	0.000
821	-7.068	2.727	0.000
856	-7.068	2.728	0.000
858	-7.068	2.727	0.000
873	-7.068	2.728	0.000
1757	-7.052	2.752	0.000
963	-7.048	2.751	0.000
965	-7.048	2.751	0.000
966	-7.048	2.751	0.000
936	-7.042	2.751	0.000
951	-7.042	2.751	0.000
955	-7.042	2.751	0.000
1130	-6.968	2.834	0.000
136	-6.799	3.140	0.000
555	-6.735	2.983	0.000
567	-6.735	2.983	0.000
594	-6.735	2.983	0.000
700	-6.735	2.983	0.000
87	-6.733	2.983	0.000
269	-6.339	3.569	0.000
361	-6.339	3.569	0.000
565	-6.339	3.569	0.000
658	-6.339	3.569	0.000
666	-6.339	3.569	0.000
782	-6.339	3.569	0.000
785	-6.339	3.569	0.000
788	-6.339	3.569	0.000
229	-6.338	3.569	0.000
294	-6.338	3.569	0.000
479	-6.338	3.569	0.000
490	-6.338	3.569	0.000
504	-6.338	3.569	0.000
589	-6.338	3.569	0.000
634	-6.338	3.569	0.000
639	-6.338	3.569	0.000
643	-6.338	3.569	0.000
754	-6.338	3.569	0.000
767	-6.338	3.569	0.000
941	-5.957	3.404	0.000
946	-5.957	3.404	0.000
1156	-5.957	3.404	0.000
1157	-5.957	3.404	0.000
1083	-5.952	3.464	0.000
1116	-5.952	3.464	0.000
1000	-5.949	3.463	0.000
1031	-5.949	3.463	0.000
1034	-5.949	3.463	0.000
801	-5.947	3.469	0.000
827	-5.947	3.469	0.000
832	-5.947	3.469	0.000
819	-5.943	3.465	0.000
855	-5.943	3.465	0.000
859	-5.943	3.465	0.000
864	-5.943	3.465	0.000
871	-5.943	3.465	0.000
899	-5.942	3.466	0.000
914	-5.942	3.466	0.000
917	-5.942	3.466	0.000
918	-5.942	3.466	0.000
335	-5.882	3.460	0.000
400	-5.882	3.460	0.000
640	-5.882	3.460	0.000
791	-5.882	3.460	0.000
793	-5.882	3.460	0.000
464	-5.881	3.460	0.000
