273	-6.557	0.000	11.179
320	-6.557	0.001	4.956
325	-6.557	0.001	4.956
332	-6.557	0.001	4.956
5	-6.557	0.001	0.000
7	-6.557	0.001	4.956
8	-6.557	0.001	4.956
20	-6.557	0.001	4.956
21	-6.557	0.001	4.956
24	-6.557	0.001	4.956
38	-6.557	0.001	4.956
39	-6.557	0.001	4.956
40	-6.557	0.001	4.956
41	-6.557	0.001	4.956
42	-6.557	0.001	4.956
45	-6.557	0.001	4.956
46	-6.557	0.001	4.956
47	-6.557	0.001	4.956
48	-6.557	0.001	4.956
68	-6.557	0.001	11.517
99	-6.557	0.001	11.514
102	-6.557	0.001	2.544
103	-6.557	0.001	2.544
106	-6.557	0.001	2.547
129	-6.557	0.001	2.544
221	-6.557	0.001	2.544
230	-6.557	0.001	2.544
30	-6.556	0.001	4.964
32	-6.556	0.001	3.500
36	-6.556	0.001	2.882
51	-6.556	0.001	2.885
72	-6.556	0.001	10.645
75	-6.556	0.001	10.644
77	-6.556	0.001	10.644
80	-6.556	0.001	2.705
81	-6.556	0.001	2.705
87	-6.556	0.001	2.705
90	-6.556	0.001	2.706
92	-6.556	0.001	2.706
114	-6.556	0.001	2.706
115	-6.556	0.001	2.706
124	-6.556	0.001	10.669
152	-6.556	0.001	0.008
175	-6.556	0.001	0.008
178	-6.556	0.001	0.008
241	-6.556	0.001	0.008
242	-6.556	0.001	0.008
244	-6.556	0.001	0.007
249	-6.556	0.001	0.007
1	-6.552	0.001	0.008
2	-6.552	0.001	0.000
275	-6.423	0.016	3.620
280	-6.423	0.016	3.620
283	-6.423	0.016	3.620
294	-6.423	0.016	3.614
308	-6.423	0.016	3.614
310	-6.423	0.016	3.623
322	-6.423	0.016	3.624
374	-6.423	0.016	3.624
389	-6.423	0.016	17.568
441	-6.423	0.016	12.042
425	-6.422	0.016	5.310
57	-6.422	0.016	5.310
79	-6.422	0.016	5.308
111	-6.422	0.016	5.308
127	-6.422	0.016	5.308
135	-6.422	0.016	5.308
141	-6.422	0.016	5.308
143	-6.422	0.016	5.306
144	-6.422	0.016	5.307
164	-6.422	0.016	0.000
218	-6.422	0.016	5.305
258	-6.420	0.016	5.306
915	-6.402	0.016	5.308
261	-6.402	0.016	5.308
633	-6.402	0.016	5.308
640	-6.402	0.016	5.308
644	-6.402	0.016	5.308
650	-6.402	0.016	5.308
672	-6.402	0.016	5.308
693	-6.402	0.016	5.308
726	-6.402	0.016	5.317
742	-6.402	0.016	5.292
762	-6.402	0.016	4.874
787	-6.402	0.016	9.208
798	-6.402	0.016	5.236
801	-6.402	0.016	5.237
824	-6.402	0.016	9.720
869	-6.402	0.016	10.824
506	-6.398	0.016	5.288
529	-6.398	0.016	5.098
997	-6.397	0.016	5.097
263	-6.359	1.153	4.956
10	-6.359	1.153	4.956
11	-6.359	1.153	11.826
142	-6.359	1.153	11.513
828	-6.290	0.040	4.084
328	-6.282	1.158	4.956
297	-6.282	1.158	4.956
268	-6.282	3.252	4.956
269	-6.282	3.253	4.956
12	-6.281	1.158	4.956
14	-6.281	1.158	4.956
16	-6.281	1.158	4.956
17	-6.281	1.158	4.956
26	-6.281	1.158	4.956
33	-6.281	1.158	4.956
50	-6.281	1.158	4.956
55	-6.281	1.158	4.956
58	-6.281	1.158	11.826
61	-6.281	1.158	11.513
70	-6.281	1.158	2.544
71	-6.281	1.158	2.544
76	-6.281	1.158	4.963
82	-6.281	1.158	2.543
84	-6.281	1.158	2.544
91	-6.281	1.158	2.544
107	-6.281	1.158	4.978
110	-6.281	1.158	3.500
112	-6.281	1.158	2.882
116	-6.281	1.158	2.888
117	-6.281	1.158	10.645
132	-6.281	1.158	10.644
151	-6.281	1.158	2.705
155	-6.281	1.158	2.705
182	-6.281	1.158	2.705
213	-6.281	1.158	2.705
233	-6.281	1.158	2.706
240	-6.281	1.158	2.706
52	-6.281	3.251	2.706
9	-6.281	3.252	2.706
83	-6.281	3.252	0.009
196	-6.281	3.252	0.008
29	-6.281	3.250	0.008
101	-6.281	3.251	0.008
192	-6.281	3.254	0.008
265	-6.281	3.256	0.008
319	-6.276	3.241	0.008
358	-6.272	0.968	0.008
417	-6.272	0.968	0.000
482	-6.272	0.968	0.001
34	-6.271	0.968	0.000
54	-6.271	0.968	0.000
59	-6.271	0.968	0.000
60	-6.271	0.968	0.000
93	-6.271	0.968	0.001
100	-6.271	0.968	0.001
130	-6.271	0.968	0.001
134	-6.271	0.968	10.186
177	-6.271	0.968	1.393
194	-6.271	0.968	1.395
496	-6.257	1.153	1.503
35	-6.256	1.153	1.504
138	-6.256	1.153	1.401
193	-6.256	1.153	1.499
228	-6.256	1.153	1.499
237	-6.256	1.153	4.473
331	-6.241	3.174	17.559
348	-6.241	3.174	3.620
351	-6.241	3.174	3.621
408	-6.241	3.174	3.620
460	-6.241	3.174	3.620
475	-6.241	3.174	3.620
487	-6.241	3.174	3.615
150	-6.241	3.174	3.615
154	-6.241	3.174	3.623
181	-6.241	3.174	3.624
186	-6.241	3.174	3.624
199	-6.241	3.174	17.568
200	-6.241	3.174	5.310
216	-6.241	3.174	5.310
217	-6.241	3.174	5.310
223	-6.241	3.174	5.308
426	-6.241	3.174	5.308
428	-6.241	3.174	5.308
549	-6.240	3.174	5.308
560	-6.240	3.174	5.308
586	-6.240	3.174	5.307
615	-6.240	3.174	5.307
616	-6.240	3.174	5.306
630	-6.240	3.174	5.305
656	-6.240	3.174	5.295
658	-6.240	3.174	5.308
659	-6.240	3.174	5.308
758	-6.240	3.174	5.308
855	-6.240	3.174	5.308
532	-6.239	3.174	5.308
278	-6.239	3.253	5.308
279	-6.239	3.253	5.308
309	-6.239	3.253	5.308
267	-6.239	3.253	5.307
271	-6.239	3.253	4.874
318	-6.239	3.253	4.874
344	-6.239	3.253	9.208
359	-6.239	3.253	5.236
367	-6.239	3.253	5.238
382	-6.239	3.253	9.720
384	-6.239	3.253	10.088
405	-6.239	3.253	12.144
413	-6.239	3.253	5.098
440	-6.239	3.253	5.097
445	-6.239	3.253	9.028
451	-6.239	3.253	5.121
456	-6.239	3.253	5.121
461	-6.239	3.253	5.581
464	-6.239	3.253	4.052
465	-6.239	3.253	5.579
467	-6.239	3.253	5.580
493	-6.239	3.253	9.026
120	-6.238	3.253	9.026
137	-6.238	3.253	9.026
171	-6.238	3.253	9.027
176	-6.238	3.253	9.028
184	-6.238	3.253	9.029
189	-6.238	3.253	9.029
190	-6.238	3.253	4.084
198	-6.238	3.253	4.084
205	-6.238	3.253	4.086
227	-6.238	3.253	4.299
229	-6.238	3.253	4.585
239	-6.238	3.253	8.628
243	-6.238	3.253	5.615
686	-6.237	1.154	5.615
906	-6.237	1.154	8.560
955	-6.237	1.154	5.088
543	-6.237	1.154	17.545
674	-6.237	1.154	17.561
822	-6.237	1.154	8.649
836	-6.237	1.154	9.245
892	-6.237	1.154	7.607
581	-6.237	3.253	10.778
583	-6.237	3.253	10.775
585	-6.237	3.253	10.775
590	-6.237	3.253	10.873
639	-6.237	3.253	10.874
649	-6.237	3.253	10.873
651	-6.237	3.253	10.895
665	-6.237	3.253	10.896
723	-6.237	3.253	11.752
731	-6.237	3.253	10.921
739	-6.237	3.253	11.541
891	-6.237	3.253	11.179
259	-6.237	3.254	11.181
763	-6.237	3.254	4.956
795	-6.237	3.254	4.956
544	-6.237	3.253	4.956
545	-6.237	3.254	4.956
547	-6.237	3.253	4.956
548	-6.237	3.253	4.956
596	-6.237	3.253	4.956
611	-6.237	3.253	4.956
617	-6.237	3.255	4.956
620	-6.237	3.254	4.956
621	-6.237	3.253	4.956
622	-6.237	3.253	4.956
626	-6.237	3.253	4.956
627	-6.237	3.253	4.956
679	-6.237	3.253	4.956
691	-6.237	3.253	4.956
703	-6.237	3.253	4.956
749	-6.237	3.254	4.956
755	-6.237	3.254	4.956
770	-6.237	3.254	11.825
772	-6.237	3.254	11.179
775	-6.237	3.254	2.544
793	-6.237	3.254	2.544
875	-6.237	3.253	2.544
897	-6.237	3.253	2.543
914	-6.237	3.253	2.544
945	-6.237	3.253	2.544
799	-6.236	1.154	3.499
252	-6.235	3.254	3.500
504	-6.235	3.254	2.885
514	-6.235	3.254	2.888
509	-6.230	1.154	10.645
1006	-6.230	1.154	10.644
1015	-6.230	1.154	2.705
998	-6.226	3.278	2.705
748	-6.188	1.164	2.705
631	-6.163	1.160	1.399
871	-6.163	1.160	1.402
986	-6.163	1.160	1.499
314	-6.133	0.963	4.474
324	-6.133	0.963	1.497
326	-6.133	0.963	3.824
454	-6.133	0.963	12.958
396	-6.133	0.963	5.003
201	-6.132	0.963	5.025
203	-6.132	0.963	5.008
281	-6.120	2.844	5.015
282	-6.120	2.844	17.559
342	-6.120	2.844	5.261
347	-6.120	2.844	3.620
118	-6.119	2.844	3.621
139	-6.119	2.844	3.620
147	-6.119	2.844	3.620
149	-6.119	2.844	3.620
174	-6.119	2.844	3.614
245	-6.119	2.844	3.615
708	-6.118	0.965	3.623
717	-6.118	0.965	3.624
740	-6.117	0.965	3.624
858	-6.116	2.845	3.588
752	-6.116	2.844	5.310
255	-6.114	2.844	5.310
256	-6.114	2.844	5.308
253	-6.113	0.965	5.306
304	-6.101	2.925	5.308
292	-6.059	2.844	5.308
299	-6.059	2.844	5.308
303	-6.059	2.844	5.308
315	-6.059	2.844	5.307
360	-6.059	2.844	5.307
362	-6.059	2.844	5.305
403	-6.059	2.844	5.305
434	-6.059	2.844	5.292
435	-6.059	2.844	5.308
210	-6.059	2.844	5.308
226	-6.059	2.844	5.308
247	-6.059	2.844	5.308
248	-6.059	2.844	5.308
173	-6.058	2.844	5.308
576	-6.055	2.844	5.308
587	-6.055	2.844	5.308
647	-6.055	2.844	5.307
677	-6.055	2.844	4.874
744	-6.055	2.844	4.874
921	-6.055	2.844	9.208
984	-6.055	2.844	5.236
996	-5.960	0.971	10.873
568	-5.677	3.178	4.956
185	-5.677	3.178	4.956
316	-5.677	3.178	4.956
22	-5.613	1.233	5.308
53	-5.613	1.233	5.308
246	-5.613	1.233	5.307
31	-5.550	1.229	4.874
220	-5.532	1.230	4.874
354	-5.532	1.231	9.208
982	-5.517	1.231	5.121
23	-5.463	1.512	4.299
86	-5.463	1.512	4.587
145	-5.463	1.512	8.641
349	-5.460	2.220	5.612
363	-5.460	2.220	5.614
375	-5.460	2.220	8.560
376	-5.460	2.220	17.106
420	-5.460	2.220	17.545
448	-5.460	2.220	17.352
457	-5.460	2.220	8.636
3	-5.459	2.220	9.250
4	-5.459	2.220	7.609
6	-5.459	2.220	10.778
13	-5.459	2.220	10.775
15	-5.459	2.220	10.775
18	-5.459	2.220	10.873
19	-5.459	2.220	10.874
25	-5.459	2.220	10.873
37	-5.459	2.220	10.895
56	-5.459	2.220	10.896
62	-5.459	2.220	11.757
64	-5.459	2.220	11.180
67	-5.459	2.220	11.178
69	-5.459	2.220	11.178
94	-5.459	2.220	11.181
96	-5.459	2.220	4.956
97	-5.459	2.220	4.956
126	-5.459	2.220	4.956
148	-5.459	2.220	4.956
195	-5.459	2.220	4.956
204	-5.459	2.220	4.956
214	-5.459	2.220	4.956
215	-5.459	2.220	4.956
300	-5.459	2.220	4.956
565	-5.452	2.223	4.956
625	-5.452	2.223	4.956
678	-5.452	2.223	4.956
260	-5.451	2.222	4.956
803	-5.451	2.222	4.956
336	-5.441	2.208	4.956
386	-5.441	2.209	4.956
387	-5.441	2.209	4.956
388	-5.441	2.209	4.956
901	-5.433	2.211	11.816
903	-5.433	2.211	11.175
908	-5.433	2.211	11.179
932	-5.433	2.211	4.964
940	-5.433	2.211	2.544
944	-5.433	2.211	2.544
948	-5.433	2.211	2.544
978	-5.433	2.211	2.544
550	-5.433	2.211	2.544
569	-5.433	2.211	3.499
588	-5.433	2.211	3.500
601	-5.433	2.211	2.885
653	-5.433	2.211	2.892
704	-5.433	2.211	10.645
729	-5.433	2.211	10.644
732	-5.433	2.211	2.705
826	-5.433	2.211	2.705
830	-5.433	2.211	2.705
839	-5.433	2.211	2.706
841	-5.433	2.211	2.706
846	-5.433	2.211	2.706
849	-5.433	2.211	2.706
865	-5.433	2.211	2.683
868	-5.433	2.211	0.008
884	-5.433	2.211	0.008
893	-5.433	2.211	0.008
895	-5.433	2.211	0.008
902	-5.433	2.211	0.008
934	-5.433	2.211	0.008
757	-5.432	2.211	0.007
768	-5.432	2.211	0.008
774	-5.432	2.211	0.000
780	-5.432	2.211	0.001
786	-5.432	2.211	0.001
796	-5.432	2.211	0.000
797	-5.432	2.211	0.000
520	-5.423	2.211	0.001
404	-5.398	1.561	1.396
131	-5.397	1.561	1.398
197	-5.397	1.561	1.399
284	-5.397	1.561	1.503
296	-5.397	1.561	1.499
807	-5.393	1.566	1.399
503	-5.391	1.569	1.503
518	-5.391	1.569	1.499
95	-5.391	1.674	4.473
416	-5.383	2.813	4.874
63	-5.323	1.654	5.308
73	-5.323	1.654	5.308
74	-5.323	1.654	5.308
156	-5.323	1.654	5.308
157	-5.323	1.654	5.307
232	-5.323	1.654	4.874
733	-5.315	1.655	5.237
442	-5.290	1.646	9.720
27	-5.289	1.645	5.287
346	-4.886	3.026	12.264
335	-4.885	3.026	5.121
365	-4.885	3.026	5.121
401	-4.885	3.026	5.121
443	-4.885	3.026	5.121
483	-4.884	3.026	4.053
28	-4.883	3.026	5.123
78	-4.883	3.026	9.026
89	-4.883	3.026	9.026
98	-4.883	3.026	9.026
108	-4.883	3.026	9.026
212	-4.883	3.026	9.028
222	-4.883	3.026	9.029
385	-4.872	3.027	9.029
468	-4.872	3.027	5.581
959	-4.867	3.025	4.084
847	-4.865	3.025	12.198
859	-4.865	3.025	4.299
575	-4.864	3.025	5.717
666	-4.864	3.025	5.616
667	-4.864	3.025	5.612
750	-4.863	3.025	4.615
1003	-4.863	3.025	17.106
929	-4.853	3.026	17.106
962	-4.853	3.026	17.545
974	-4.853	3.026	17.352
991	-4.853	3.026	5.977
1001	-4.849	3.027	7.608
1011	-4.849	3.027	7.605
317	-4.833	3.045	10.777
323	-4.833	3.045	10.775
340	-4.833	3.045	10.775
412	-4.833	3.045	10.873
447	-4.833	3.045	10.873
298	-4.833	3.045	10.873
301	-4.833	3.045	10.895
302	-4.833	3.045	10.901
366	-4.833	3.045	10.921
491	-4.833	3.045	11.540
211	-4.830	3.045	11.178
49	-4.829	3.045	11.178
66	-4.829	3.045	11.178
119	-4.829	3.045	4.955
167	-4.829	3.045	4.955
168	-4.829	3.045	4.955
180	-4.829	3.045	4.955
224	-4.829	3.045	4.955
235	-4.829	3.045	4.955
905	-4.818	3.044	2.705
913	-4.818	3.044	2.705
936	-4.818	3.044	2.706
942	-4.818	3.044	2.705
956	-4.818	3.044	2.705
963	-4.818	3.044	10.655
966	-4.818	3.044	0.009
553	-4.817	3.045	0.008
604	-4.817	3.045	0.008
695	-4.817	3.045	0.008
718	-4.817	3.045	0.001
812	-4.817	3.045	0.001
813	-4.817	3.045	0.001
829	-4.817	3.045	0.001
848	-4.817	3.045	0.001
851	-4.817	3.045	0.001
856	-4.817	3.045	0.001
883	-4.817	3.045	0.001
890	-4.817	3.045	0.001
896	-4.817	3.045	0.001
657	-4.817	3.045	1.392
754	-4.817	3.045	1.392
756	-4.817	3.045	1.398
254	-4.816	3.045	1.397
751	-4.814	3.044	1.503
747	-4.813	3.045	1.503
1004	-4.813	3.045	1.504
1012	-4.813	3.045	1.401
484	-4.745	3.046	5.308
345	-4.744	3.046	5.308
469	-4.744	3.046	5.308
470	-4.744	3.046	5.308
987	-4.733	3.045	5.308
857	-4.731	3.045	5.307
960	-4.731	3.044	5.307
790	-4.730	3.045	5.305
930	-4.688	2.999	5.307
776	-4.688	2.999	5.307
808	-4.687	2.999	5.292
820	-4.687	3.000	4.874
889	-4.687	3.000	4.874
343	-4.660	3.205	5.237
286	-4.660	3.205	5.237
476	-4.660	3.205	9.719
146	-4.658	3.205	12.131
981	-4.655	3.206	5.287
854	-4.654	3.206	12.263
513	-4.653	3.206	5.098
734	-4.653	3.206	12.264
938	-4.013	3.953	10.644
409	-4.009	3.952	2.705
542	-4.008	3.952	2.705
602	-4.008	3.952	2.705
689	-4.007	3.952	2.705
697	-4.007	3.952	2.705
713	-4.007	3.952	2.705
759	-4.007	3.952	2.705
761	-4.007	3.952	10.655
791	-4.007	3.952	0.009
816	-4.007	3.952	0.009
827	-4.007	3.952	0.008
834	-4.007	3.952	0.009
840	-4.007	3.952	0.009
843	-4.007	3.952	0.008
870	-4.007	3.952	0.008
511	-4.006	3.952	0.008
584	-4.005	3.951	0.001
664	-4.005	3.951	0.001
743	-4.005	3.951	0.001
1007	-4.002	3.952	0.001
766	-3.994	3.951	0.001
406	-3.824	3.920	9.026
410	-3.824	3.920	9.028
439	-3.824	3.920	9.029
480	-3.824	3.920	9.029
505	-3.823	3.920	5.580
680	-3.823	3.920	4.084
681	-3.823	3.920	4.085
683	-3.823	3.920	4.639
709	-3.823	3.920	4.300
789	-3.823	3.920	5.715
805	-3.823	3.920	5.616
831	-3.823	3.920	5.615
833	-3.823	3.920	9.585
850	-3.823	3.920	5.089
610	-3.823	3.920	17.545
559	-3.822	3.920	4.341
608	-3.822	3.920	17.352
652	-3.822	3.920	5.973
721	-3.822	3.920	7.607
