1871	-6.378	0.000	9.028
1881	-6.378	0.000	5.579
1795	-6.375	0.001	5.121
1796	-6.375	0.001	5.579
1800	-6.375	0.001	4.052
1801	-6.375	0.001	5.579
1806	-6.375	0.001	4.054
1807	-6.375	0.001	9.026
1808	-6.375	0.001	9.026
1809	-6.375	0.001	9.026
1814	-6.375	0.001	9.026
1815	-6.375	0.001	9.028
1816	-6.375	0.001	9.029
1817	-6.375	0.001	9.029
1819	-6.375	0.001	12.067
1821	-6.375	0.001	4.084
1822	-6.375	0.001	4.086
1824	-6.375	0.001	4.639
1829	-6.375	0.001	4.299
1831	-6.375	0.001	8.628
1833	-6.375	0.001	5.615
1836	-6.375	0.001	5.615
1841	-6.375	0.001	8.560
1792	-6.369	0.001	5.089
266	-6.367	0.002	17.545
334	-6.367	0.002	17.561
368	-6.367	0.002	17.352
418	-6.367	0.002	0.000
429	-6.367	0.002	7.613
430	-6.367	0.002	10.778
450	-6.367	0.002	10.775
471	-6.367	0.002	10.775
473	-6.367	0.002	10.873
474	-6.367	0.002	10.874
479	-6.367	0.002	10.873
486	-6.367	0.002	10.895
495	-6.367	0.002	10.895
498	-6.367	0.001	11.758
501	-6.367	0.001	10.921
510	-6.367	0.001	11.541
523	-6.367	0.001	11.178
527	-6.367	0.001	11.181
537	-6.367	0.001	4.956
753	-6.367	0.002	4.956
557	-6.366	0.001	4.956
561	-6.366	0.001	4.956
562	-6.366	0.001	4.956
566	-6.366	0.001	4.956
671	-6.366	0.001	4.956
700	-6.366	0.001	4.956
1842	-6.362	0.006	4.956
1894	-6.356	0.006	2.543
1918	-6.356	0.006	2.544
1793	-6.352	0.007	3.517
1794	-6.171	0.947	2.706
1797	-6.171	0.947	2.706
1799	-6.171	0.947	2.706
1802	-6.171	0.947	2.706
1803	-6.171	0.947	0.008
1804	-6.171	0.947	0.008
1805	-6.171	0.947	0.008
1810	-6.171	0.947	0.008
1811	-6.171	0.947	0.008
1813	-6.171	0.947	0.008
1818	-6.171	0.947	0.008
1828	-6.171	0.947	0.008
1835	-6.171	0.947	0.008
1838	-6.171	0.947	0.000
274	-6.165	0.947	0.001
307	-6.165	0.947	0.000
330	-6.165	0.947	0.000
373	-6.165	0.947	0.000
398	-6.165	0.947	0.000
419	-6.165	0.947	0.001
438	-6.165	0.947	0.001
521	-6.165	0.947	0.001
522	-6.165	0.947	10.186
524	-6.165	0.947	1.393
528	-6.165	0.947	1.395
546	-6.164	0.947	3.829
592	-6.164	0.947	1.399
595	-6.164	0.947	1.503
600	-6.164	0.947	1.503
1872	-6.163	0.949	1.499
1900	-6.163	0.949	4.473
1888	-6.155	0.948	4.473
1850	-6.017	0.873	5.098
1854	-6.017	0.873	5.097
1798	-6.013	0.873	5.545
1812	-6.013	0.873	5.121
1820	-6.013	0.873	5.121
1823	-6.013	0.873	5.581
1825	-6.013	0.873	4.052
1826	-6.013	0.873	5.579
1830	-6.013	0.873	5.580
1832	-6.013	0.873	9.026
1834	-6.013	0.873	9.026
1840	-6.013	0.873	9.026
1845	-6.013	0.873	5.123
337	-6.006	0.873	9.028
370	-6.006	0.873	9.029
390	-6.006	0.873	9.029
397	-6.006	0.873	4.084
422	-6.006	0.873	4.084
481	-6.006	0.873	4.088
558	-6.005	0.873	4.299
567	-6.005	0.873	4.585
593	-6.005	0.873	8.628
594	-6.005	0.873	5.615
606	-6.005	0.873	5.613
607	-6.005	0.873	8.560
632	-6.005	0.873	5.089
645	-6.005	0.873	17.545
646	-6.005	0.873	16.868
719	-6.005	0.873	8.632
526	-6.005	0.873	9.250
538	-6.005	0.873	7.607
1853	-5.979	0.873	10.778
1865	-5.979	0.873	10.775
1882	-5.979	0.873	10.775
1839	-5.975	0.872	10.873
904	-5.360	0.257	8.560
912	-5.360	0.257	17.106
919	-5.360	0.257	17.545
928	-5.360	0.257	17.352
933	-5.360	0.257	5.977
943	-5.360	0.257	10.689
949	-5.360	0.257	7.606
950	-5.360	0.257	10.778
951	-5.360	0.257	10.775
961	-5.360	0.257	10.775
964	-5.360	0.257	10.873
969	-5.360	0.257	10.874
973	-5.360	0.257	10.873
980	-5.360	0.257	10.895
983	-5.360	0.257	10.895
988	-5.360	0.257	11.760
990	-5.360	0.257	11.179
992	-5.360	0.257	11.178
993	-5.360	0.257	11.178
1696	-5.360	0.257	11.181
1727	-5.360	0.257	4.956
1728	-5.360	0.257	4.956
1737	-5.360	0.257	4.956
530	-5.356	0.257	4.956
551	-5.356	0.257	4.956
628	-5.356	0.257	4.956
431	-5.355	0.257	4.956
765	-5.355	0.257	4.956
773	-5.355	0.257	4.956
999	-5.355	0.256	4.956
1002	-5.355	0.256	4.956
1008	-5.355	0.256	4.956
1009	-5.355	0.256	4.956
1010	-5.355	0.256	4.956
1016	-5.355	0.256	4.956
1019	-5.355	0.256	4.956
1152	-5.355	0.256	4.956
1739	-5.355	0.256	4.956
1749	-5.355	0.257	11.816
687	-5.354	0.257	11.175
811	-5.354	0.257	11.179
838	-5.354	0.257	4.964
842	-5.354	0.257	2.544
853	-5.354	0.257	2.544
861	-5.354	0.257	2.544
866	-5.354	0.257	2.544
877	-5.354	0.257	2.544
886	-5.354	0.257	3.498
888	-5.354	0.257	4.844
899	-5.354	0.257	2.885
939	-5.350	0.255	2.892
1791	-5.350	0.255	10.645
1889	-5.349	0.257	10.644
1890	-5.349	0.257	2.705
1892	-5.349	0.257	2.705
1893	-5.349	0.257	2.705
427	-5.348	0.258	2.706
574	-5.348	0.258	2.706
1873	-5.348	0.257	2.706
1874	-5.348	0.257	2.706
1877	-5.348	0.257	2.683
1878	-5.348	0.257	0.008
1879	-5.348	0.257	0.008
1902	-5.348	0.257	0.007
1907	-5.348	0.257	0.008
1908	-5.348	0.257	0.008
1909	-5.348	0.257	0.008
1910	-5.348	0.257	0.007
1911	-5.348	0.257	0.008
1913	-5.348	0.257	0.000
1914	-5.348	0.257	0.001
1915	-5.348	0.257	0.001
1917	-5.348	0.257	0.000
1895	-5.348	0.257	0.000
1919	-5.348	0.257	0.000
1925	-5.348	0.257	0.000
1926	-5.348	0.257	0.001
1928	-5.348	0.257	0.001
1929	-5.348	0.257	0.001
1930	-5.348	0.257	10.357
1932	-5.348	0.257	1.393
1933	-5.348	0.257	4.449
1936	-5.348	0.257	1.398
1937	-5.348	0.257	1.399
1938	-5.348	0.257	1.503
1939	-5.348	0.257	1.504
860	-5.345	0.255	1.503
1759	-5.345	0.255	1.499
1760	-5.345	0.255	1.499
1764	-5.345	0.255	4.473
1766	-5.345	0.255	4.473
1768	-5.345	0.255	4.474
1769	-5.345	0.255	4.474
1770	-5.345	0.255	4.400
1773	-5.345	0.255	10.346
1018	-5.345	0.254	12.958
1763	-5.345	0.255	5.002
1777	-5.345	0.255	5.002
1778	-5.345	0.255	5.006
1788	-5.345	0.255	5.025
1789	-5.345	0.255	17.559
1790	-5.345	0.255	5.261
1837	-5.344	0.257	3.620
1844	-5.343	0.257	3.620
1851	-5.342	0.258	3.620
1852	-5.342	0.258	3.614
1856	-5.342	0.258	3.615
1857	-5.342	0.258	3.624
1858	-5.342	0.258	3.624
1859	-5.342	0.258	3.624
1863	-5.342	0.258	3.584
1357	-5.342	0.257	5.310
1362	-5.342	0.257	5.310
1368	-5.342	0.257	5.308
1382	-5.342	0.257	5.308
1447	-5.342	0.257	5.308
1453	-5.342	0.257	5.308
1462	-5.342	0.257	5.308
1466	-5.342	0.257	5.308
1868	-5.341	0.258	5.307
1870	-5.341	0.258	5.307
1884	-5.341	0.258	5.305
1886	-5.341	0.258	5.305
1887	-5.341	0.258	5.292
1564	-5.333	0.254	5.308
1944	-5.320	0.257	4.874
641	-5.320	0.370	5.236
402	-5.302	0.374	5.238
917	-5.220	0.965	12.145
918	-5.220	0.965	5.098
941	-5.220	0.965	5.098
968	-5.220	0.965	5.545
970	-5.220	0.965	5.121
971	-5.220	0.965	5.121
975	-5.220	0.965	5.121
1725	-5.220	0.966	4.053
329	-5.216	0.966	5.123
377	-5.216	0.966	9.026
407	-5.216	0.966	9.026
552	-5.216	0.966	9.026
771	-5.215	0.965	9.026
782	-5.215	0.965	9.028
794	-5.215	0.965	9.029
472	-5.215	0.966	9.029
478	-5.215	0.966	5.581
821	-5.215	0.965	4.084
832	-5.215	0.965	4.084
874	-5.215	0.965	12.081
880	-5.215	0.965	4.299
898	-5.215	0.965	4.587
1891	-5.213	0.963	10.956
1875	-5.212	0.963	5.612
1880	-5.212	0.963	4.615
1896	-5.212	0.963	8.564
1897	-5.212	0.963	17.106
1898	-5.212	0.963	17.545
1899	-5.212	0.963	17.352
1901	-5.212	0.963	5.977
1904	-5.212	0.963	10.692
1905	-5.212	0.963	7.605
1906	-5.212	0.963	10.778
1912	-5.212	0.963	10.775
1916	-5.212	0.963	10.775
1920	-5.212	0.963	10.873
1922	-5.212	0.963	10.874
1923	-5.212	0.963	10.873
1927	-5.212	0.963	10.895
1931	-5.212	0.963	11.863
1934	-5.212	0.963	10.921
767	-5.211	0.631	11.540
1356	-5.209	0.964	11.178
1370	-5.209	0.964	11.178
1371	-5.209	0.964	11.181
1384	-5.209	0.964	4.956
1448	-5.209	0.964	4.956
1450	-5.209	0.964	4.956
1477	-5.209	0.964	4.956
1388	-5.209	0.964	4.956
1843	-5.208	0.963	4.956
1847	-5.206	0.962	4.956
1848	-5.206	0.961	4.956
1849	-5.206	0.962	4.956
1855	-5.206	0.961	4.956
1862	-5.206	0.962	4.956
1864	-5.206	0.962	4.956
1866	-5.206	0.961	4.956
1867	-5.206	0.961	4.956
1883	-5.206	0.961	4.956
1885	-5.206	0.961	4.956
219	-5.204	0.967	4.956
1783	-5.203	0.966	4.956
1940	-5.200	0.963	11.816
1941	-5.200	0.963	2.514
1903	-5.194	0.962	2.544
1921	-5.194	0.962	4.969
1935	-5.194	0.962	2.544
1945	-5.194	0.962	2.544
597	-4.722	2.599	5.305
508	-4.721	2.599	12.050
563	-4.696	2.554	5.307
642	-4.696	2.554	5.307
554	-4.696	2.554	5.307
598	-4.696	2.554	5.307
609	-4.696	2.554	5.307
519	-4.695	2.554	5.307
541	-4.606	2.618	3.744
437	-4.606	2.618	5.121
338	-4.598	2.591	4.053
339	-4.598	2.591	5.123
364	-4.598	2.784	9.026
490	-4.598	2.784	9.026
251	-4.596	2.593	11.753
873	-4.579	1.303	10.921
381	-4.379	0.985	11.178
916	-4.212	2.139	11.178
924	-4.212	2.139	11.178
1494	-4.208	2.139	4.955
1270	-4.207	2.139	4.955
1293	-4.207	2.139	4.955
1302	-4.207	2.139	4.955
1314	-4.207	2.139	4.955
1315	-4.207	2.139	4.955
564	-4.206	2.139	4.955
614	-4.206	2.139	4.955
643	-4.206	2.139	4.955
825	-4.206	2.139	4.955
670	-4.205	2.140	4.955
1245	-4.202	2.140	4.955
1165	-4.201	2.140	4.955
1216	-4.201	2.140	4.955
1458	-4.177	2.137	4.956
1488	-4.177	2.137	4.956
1508	-4.177	2.138	4.956
1285	-4.171	2.231	4.956
1301	-4.171	2.231	11.519
785	-4.169	2.230	11.513
692	-4.168	2.230	2.543
698	-4.168	2.230	2.543
1924	-4.150	2.229	4.963
1380	-4.142	2.231	2.544
1418	-4.142	2.231	2.544
1425	-4.142	2.231	2.544
1876	-4.133	2.240	2.544
1942	-4.133	2.240	3.499
1860	-4.132	2.240	2.879
1861	-4.132	2.240	2.885
1827	-4.128	2.241	2.695
1846	-4.107	2.242	10.644
920	-3.990	2.612	0.001
979	-3.990	2.612	0.001
976	-3.990	2.457	0.001
685	-3.985	2.612	0.001
712	-3.985	2.612	0.001
714	-3.985	2.612	1.393
715	-3.985	2.612	1.392
760	-3.985	2.613	10.359
777	-3.985	2.613	1.395
783	-3.985	2.613	1.503
788	-3.985	2.613	1.503
817	-3.985	2.612	1.504
835	-3.985	2.612	1.401
867	-3.985	2.612	1.504
885	-3.985	2.612	1.499
497	-3.985	2.613	1.504
1336	-3.985	2.461	4.473
711	-3.984	2.461	4.473
810	-3.984	2.460	4.473
876	-3.984	2.460	4.473
887	-3.984	2.460	4.399
654	-3.983	2.613	12.941
724	-3.983	2.613	5.014
735	-3.983	2.458	5.001
736	-3.983	2.458	5.006
1869	-3.977	2.503	5.007
1379	-3.970	2.508	9.569
1360	-3.970	2.508	17.558
872	-3.909	2.448	3.614
415	-3.906	2.486	3.623
722	-3.906	2.480	3.624
512	-3.896	2.607	3.624
383	-3.892	2.761	3.624
400	-3.892	2.761	3.588
414	-3.892	2.761	5.310
421	-3.892	2.761	5.310
432	-3.891	2.761	5.308
433	-3.891	2.761	5.308
455	-3.891	2.761	5.308
463	-3.891	2.761	5.308
489	-3.891	2.761	5.308
507	-3.890	2.760	5.308
533	-3.890	2.760	5.307
675	-3.890	2.761	5.305
701	-3.890	2.761	5.305
800	-3.890	2.761	5.306
371	-3.890	2.761	12.050
372	-3.890	2.761	5.307
393	-3.890	2.761	5.307
394	-3.890	2.761	5.307
395	-3.890	2.761	5.307
485	-3.890	2.761	5.307
573	-3.889	2.761	5.307
591	-3.889	2.761	5.307
745	-3.889	2.761	5.307
746	-3.886	2.762	5.292
792	-3.846	2.973	4.874
494	-3.846	2.974	4.874
555	-3.846	2.973	5.236
603	-3.846	2.973	5.237
500	-3.845	2.973	9.720
699	-3.845	2.974	12.131
702	-3.845	2.974	5.287
710	-3.845	2.973	9.591
823	-3.845	2.973	5.098
844	-3.845	2.973	9.026
571	-3.844	2.973	3.743
572	-3.844	2.973	5.121
578	-3.844	2.973	5.579
589	-3.844	2.973	4.052
663	-3.844	2.973	4.053
668	-3.844	2.973	4.054
720	-3.844	2.973	9.026
728	-3.844	2.973	9.026
737	-3.844	2.973	9.026
