1250	-7.655	0.000	8.146
1140	-7.655	0.002	6.779
1141	-7.655	0.000	6.779
1142	-7.655	0.000	6.779
1143	-7.655	0.001	6.779
1186	-7.655	0.001	6.779
1189	-7.655	0.000	7.292
1231	-7.655	0.001	7.292
1284	-7.655	0.000	6.937
1315	-7.655	0.000	6.943
1316	-7.655	0.000	7.796
1329	-7.655	0.000	7.795
1330	-7.655	0.000	6.480
1089	-7.652	0.001	6.480
1195	-7.652	0.001	6.480
1227	-7.600	0.018	12.428
1228	-7.600	0.018	1.800
1233	-7.600	0.018	1.800
1099	-7.599	0.018	7.430
1112	-7.599	0.018	1.795
1113	-7.599	0.018	1.795
1121	-7.599	0.018	1.795
1122	-7.599	0.018	3.517
1123	-7.599	0.018	1.795
1125	-7.599	0.018	7.438
1126	-7.599	0.018	8.032
1152	-7.599	0.018	8.033
1154	-7.599	0.018	8.033
1167	-7.599	0.018	8.033
1171	-7.599	0.018	8.033
1172	-7.599	0.018	8.034
1181	-7.599	0.018	7.429
1190	-7.599	0.018	3.513
1261	-7.599	0.018	3.513
1262	-7.599	0.018	12.489
1267	-7.599	0.018	2.511
1272	-7.599	0.018	2.492
1289	-7.599	0.018	9.134
1324	-7.599	0.018	0.004
1108	-7.599	0.016	2.533
1124	-7.599	0.018	9.076
1127	-7.599	0.018	19.943
1153	-7.599	0.018	20.192
1155	-7.599	0.018	20.110
1176	-7.599	0.018	7.103
1182	-7.599	0.018	10.946
1187	-7.599	0.018	8.237
1212	-7.599	0.018	8.235
1213	-7.599	0.018	8.233
1215	-7.599	0.018	8.232
1216	-7.599	0.018	8.126
1217	-7.599	0.018	8.126
1290	-7.599	0.018	8.126
1303	-7.599	0.017	8.126
1335	-7.599	0.018	8.125
1337	-7.599	0.018	8.919
1349	-7.599	0.018	8.383
1351	-7.599	0.018	8.383
1049	-7.594	0.020	8.134
1060	-7.594	0.020	8.134
1065	-7.594	0.020	8.134
1086	-7.594	0.020	8.134
1028	-7.594	0.020	8.134
1029	-7.594	0.020	8.134
1032	-7.594	0.020	8.134
1033	-7.594	0.020	8.134
1045	-7.594	0.020	8.994
1047	-7.594	0.020	8.378
1050	-7.594	0.019	8.371
1051	-7.594	0.020	8.146
1052	-7.594	0.020	6.779
1053	-7.594	0.020	6.779
1055	-7.594	0.020	6.779
1056	-7.594	0.020	6.779
1057	-7.594	0.020	6.779
1059	-7.594	0.020	7.292
1063	-7.594	0.020	8.035
1072	-7.594	0.020	6.937
1074	-7.594	0.020	6.943
1076	-7.594	0.020	7.799
1077	-7.594	0.020	7.799
1078	-7.594	0.020	6.479
1079	-7.594	0.020	6.479
1087	-7.594	0.020	6.479
1300	-7.586	0.021	7.262
1307	-5.990	1.920	5.614
1308	-5.990	1.920	5.614
1317	-5.990	1.920	5.614
1326	-5.990	1.920	5.872
1327	-5.990	1.920	5.871
1328	-5.990	1.920	7.276
1355	-5.990	1.920	5.876
1363	-5.990	1.920	5.557
1344	-5.917	1.930	7.263
1345	-5.917	1.930	7.263
1346	-5.917	1.930	7.262
1347	-5.917	1.930	7.263
1165	-5.889	2.406	7.262
