460	-10.900	0.000	1.749
473	-10.900	0.006	1.749
565	-10.900	0.007	8.689
615	-10.900	0.006	12.418
352	-10.900	0.007	1.739
584	-10.900	0.003	10.029
368	-10.900	0.006	1.800
397	-10.900	0.011	8.031
426	-10.900	0.008	3.277
471	-10.900	0.007	1.795
569	-10.900	0.008	7.438
578	-10.900	0.009	3.515
586	-10.900	0.010	3.514
655	-10.900	0.009	3.514
657	-10.900	0.005	8.032
614	-10.900	0.011	8.032
349	-10.900	0.010	8.033
350	-10.900	0.011	8.033
351	-10.900	0.010	8.033
353	-10.900	0.011	8.034
354	-10.900	0.010	8.034
356	-10.900	0.010	7.428
357	-10.900	0.010	3.511
358	-10.900	0.010	3.511
360	-10.900	0.010	3.317
364	-10.900	0.010	2.510
371	-10.900	0.010	6.915
372	-10.900	0.010	0.025
375	-10.900	0.009	0.004
378	-10.900	0.010	10.019
381	-10.900	0.010	3.607
384	-10.900	0.011	20.191
385	-10.900	0.010	3.899
386	-10.900	0.010	20.109
388	-10.900	0.010	7.092
389	-10.900	0.010	8.241
390	-10.900	0.010	9.501
394	-10.900	0.010	8.232
398	-10.900	0.010	8.233
399	-10.900	0.010	8.233
401	-10.900	0.011	8.126
407	-10.900	0.010	8.126
409	-10.900	0.010	8.125
410	-10.900	0.010	8.126
416	-10.900	0.010	8.914
417	-10.900	0.010	7.856
419	-10.900	0.009	8.549
420	-10.900	0.011	8.383
421	-10.900	0.010	8.383
422	-10.900	0.010	8.380
423	-10.900	0.010	8.132
428	-10.900	0.010	8.132
431	-10.900	0.010	8.132
434	-10.900	0.010	8.132
438	-10.900	0.010	8.132
442	-10.900	0.010	8.132
444	-10.900	0.010	8.132
446	-10.900	0.010	8.132
450	-10.900	0.010	8.132
451	-10.900	0.010	8.132
453	-10.900	0.010	8.133
455	-10.900	0.011	8.132
456	-10.900	0.010	8.132
457	-10.900	0.010	8.132
459	-10.900	0.011	8.133
461	-10.900	0.009	8.133
465	-10.900	0.010	8.133
466	-10.900	0.010	8.133
467	-10.900	0.010	8.611
468	-10.900	0.010	8.606
469	-10.900	0.010	6.778
472	-10.900	0.010	6.778
474	-10.900	0.010	6.781
475	-10.900	0.010	6.778
476	-10.900	0.010	6.778
489	-10.900	0.010	6.778
494	-10.900	0.010	8.146
496	-10.900	0.010	7.291
499	-10.900	0.010	6.933
500	-10.900	0.010	6.936
502	-10.900	0.010	7.799
506	-10.900	0.010	7.799
545	-10.900	0.010	7.798
546	-10.900	0.010	6.478
547	-10.900	0.009	6.478
549	-10.900	0.010	6.478
550	-10.900	0.010	6.479
551	-10.900	0.010	6.479
552	-10.900	0.010	6.479
553	-10.900	0.009	6.479
554	-10.900	0.010	7.721
556	-10.900	0.009	5.610
557	-10.900	0.010	5.610
558	-10.900	0.009	5.610
560	-10.900	0.010	5.610
562	-10.900	0.010	5.610
563	-10.900	0.010	5.611
564	-10.900	0.010	5.611
566	-10.900	0.009	5.610
567	-10.900	0.010	5.612
571	-10.900	0.011	5.612
572	-10.900	0.011	5.612
574	-10.900	0.012	5.612
575	-10.900	0.010	5.612
576	-10.900	0.010	5.612
577	-10.900	0.010	5.612
579	-10.900	0.010	5.612
580	-10.900	0.009	5.612
581	-10.900	0.010	5.612
582	-10.900	0.010	5.870
585	-10.900	0.010	5.870
588	-10.900	0.012	7.276
589	-10.900	0.010	5.875
590	-10.900	0.011	5.555
591	-10.900	0.009	5.555
592	-10.900	0.010	5.555
593	-10.900	0.010	5.876
594	-10.900	0.011	5.554
597	-10.900	0.010	5.559
598	-10.900	0.011	7.518
599	-10.900	0.010	7.518
600	-10.900	0.010	7.518
601	-10.900	0.011	7.518
603	-10.900	0.010	7.519
604	-10.900	0.010	7.472
606	-10.900	0.010	13.466
610	-10.900	0.010	7.379
611	-10.900	0.009	7.377
612	-10.900	0.011	7.379
613	-10.900	0.010	7.373
617	-10.900	0.010	9.980
623	-10.900	0.011	20.252
624	-10.900	0.010	3.136
629	-10.900	0.010	3.143
631	-10.900	0.010	3.143
632	-10.900	0.010	3.143
633	-10.900	0.010	3.143
634	-10.900	0.010	3.143
635	-10.900	0.010	3.140
638	-10.900	0.010	3.135
639	-10.900	0.010	3.137
640	-10.900	0.009	3.142
647	-10.900	0.009	3.142
648	-10.900	0.010	6.554
651	-10.900	0.010	7.263
653	-10.900	0.011	7.263
654	-10.900	0.010	7.261
658	-10.900	0.009	7.261
355	-10.900	0.008	7.261
373	-10.900	0.009	7.261
411	-10.900	0.008	7.261
429	-10.900	0.010	7.261
430	-10.900	0.008	7.261
454	-10.900	0.009	7.261
570	-10.900	0.008	7.261
495	-10.900	0.012	7.261
501	-10.900	0.014	7.259
555	-10.900	0.013	7.259
559	-10.900	0.012	7.259
607	-10.900	0.012	7.259
618	-10.900	0.011	7.259
620	-10.900	0.016	7.259
626	-10.900	0.013	7.259
412	-10.900	0.012	7.259
470	-10.900	0.012	7.259
507	-10.900	0.011	7.250
568	-10.900	0.011	7.357
573	-10.900	0.011	8.233
605	-10.900	0.011	1.749
440	-10.900	0.015	1.749
609	-10.900	0.016	8.689
622	-10.900	0.013	8.689
396	-10.900	0.024	1.739
628	-10.900	0.018	10.029
561	-10.900	0.017	1.799
608	-10.900	0.027	8.032
344	-10.899	0.033	7.437
621	-10.899	0.028	1.795
275	-10.899	0.011	7.437
427	-10.899	0.015	3.515
602	-10.899	0.012	3.514
216	-10.899	0.008	3.514
261	-10.899	0.007	8.032
278	-10.899	0.007	8.032
1	-10.899	0.010	8.033
2	-10.899	0.010	8.033
3	-10.899	0.010	8.033
4	-10.899	0.010	8.034
5	-10.899	0.010	8.034
6	-10.899	0.010	7.429
7	-10.899	0.010	3.511
8	-10.899	0.010	3.511
9	-10.899	0.010	3.317
10	-10.899	0.010	2.510
11	-10.899	0.010	9.131
12	-10.899	0.010	0.025
13	-10.899	0.010	0.004
14	-10.899	0.010	9.075
15	-10.899	0.010	3.607
16	-10.899	0.010	20.191
17	-10.899	0.010	3.919
18	-10.899	0.010	20.109
19	-10.899	0.010	7.090
20	-10.899	0.010	8.241
21	-10.899	0.010	9.504
22	-10.899	0.010	8.232
23	-10.899	0.010	8.232
24	-10.899	0.010	8.126
25	-10.899	0.010	8.126
26	-10.899	0.010	8.126
27	-10.899	0.010	8.124
28	-10.899	0.010	8.126
29	-10.899	0.010	8.917
30	-10.899	0.010	7.855
31	-10.899	0.010	8.549
32	-10.899	0.010	8.384
33	-10.899	0.010	8.380
34	-10.899	0.010	8.131
35	-10.899	0.010	8.132
36	-10.899	0.010	8.132
37	-10.899	0.010	8.132
38	-10.899	0.010	8.132
39	-10.899	0.010	8.132
40	-10.899	0.010	8.132
41	-10.899	0.010	8.132
42	-10.899	0.010	8.132
43	-10.899	0.010	8.132
44	-10.899	0.010	8.132
45	-10.899	0.010	8.132
46	-10.899	0.010	8.132
47	-10.899	0.010	8.132
48	-10.899	0.010	8.379
49	-10.899	0.010	8.133
51	-10.899	0.010	8.133
52	-10.899	0.010	8.133
57	-10.899	0.010	8.133
58	-10.899	0.010	8.611
59	-10.899	0.010	8.606
62	-10.899	0.010	6.778
63	-10.899	0.010	6.779
64	-10.899	0.010	6.781
66	-10.899	0.010	6.778
67	-10.899	0.010	6.778
71	-10.899	0.010	6.778
72	-10.899	0.010	8.146
73	-10.899	0.010	7.291
74	-10.899	0.010	6.933
75	-10.899	0.010	6.938
76	-10.899	0.010	7.799
77	-10.899	0.010	7.799
78	-10.899	0.009	6.469
79	-10.899	0.010	6.478
80	-10.899	0.010	6.478
81	-10.899	0.010	6.478
82	-10.899	0.010	6.479
83	-10.899	0.010	6.479
89	-10.899	0.010	6.479
90	-10.899	0.010	6.479
91	-10.899	0.010	7.718
92	-10.899	0.009	5.610
93	-10.899	0.010	5.610
94	-10.899	0.010	5.610
95	-10.899	0.010	5.610
96	-10.899	0.010	5.610
97	-10.899	0.010	5.611
98	-10.899	0.010	5.611
99	-10.899	0.010	5.610
100	-10.899	0.010	5.612
101	-10.899	0.010	5.612
102	-10.899	0.010	5.612
103	-10.899	0.010	5.612
104	-10.899	0.010	5.612
105	-10.899	0.010	5.612
106	-10.899	0.010	5.612
107	-10.899	0.010	5.612
108	-10.899	0.010	5.612
111	-10.899	0.010	5.612
112	-10.899	0.010	5.870
113	-10.899	0.010	5.876
116	-10.899	0.010	7.276
117	-10.899	0.010	5.875
118	-10.899	0.010	5.556
120	-10.899	0.010	5.556
124	-10.899	0.010	5.555
128	-10.899	0.010	5.876
129	-10.899	0.010	5.554
131	-10.899	0.010	5.559
132	-10.899	0.010	7.518
133	-10.899	0.010	7.518
134	-10.899	0.010	7.518
135	-10.899	0.010	7.518
136	-10.899	0.010	7.518
137	-10.899	0.010	7.472
139	-10.899	0.010	13.466
140	-10.899	0.010	7.378
141	-10.899	0.011	7.377
142	-10.899	0.010	7.378
143	-10.899	0.010	7.372
144	-10.899	0.010	9.980
145	-10.899	0.010	20.252
146	-10.899	0.010	3.136
147	-10.899	0.010	3.143
148	-10.899	0.010	3.143
149	-10.899	0.010	3.143
150	-10.899	0.010	3.143
151	-10.899	0.010	3.140
152	-10.899	0.010	3.140
153	-10.899	0.010	3.135
154	-10.899	0.010	3.137
155	-10.899	0.010	3.142
156	-10.899	0.010	20.261
157	-10.899	0.010	12.392
158	-10.899	0.010	7.262
159	-10.899	0.010	7.263
160	-10.899	0.010	7.261
161	-10.899	0.010	7.261
162	-10.899	0.010	7.261
163	-10.899	0.010	7.261
164	-10.899	0.010	7.261
165	-10.899	0.010	7.261
166	-10.899	0.010	7.261
167	-10.899	0.010	7.261
168	-10.899	0.010	7.261
169	-10.899	0.010	7.261
170	-10.899	0.010	7.259
173	-10.899	0.010	7.259
174	-10.899	0.010	7.259
175	-10.899	0.010	7.259
176	-10.899	0.010	7.259
177	-10.899	0.010	7.259
178	-10.899	0.010	7.259
179	-10.899	0.010	7.259
180	-10.899	0.010	7.265
182	-10.899	0.010	7.250
183	-10.899	0.010	7.357
184	-10.899	0.010	8.233
185	-10.899	0.010	1.749
186	-10.899	0.010	1.749
187	-10.899	0.010	8.689
188	-10.899	0.010	11.090
189	-10.899	0.011	1.739
190	-10.899	0.010	1.800
191	-10.899	0.010	1.800
192	-10.899	0.010	8.032
193	-10.899	0.010	7.437
194	-10.899	0.011	1.794
195	-10.899	0.010	7.438
196	-10.899	0.010	3.515
197	-10.899	0.010	7.437
198	-10.899	0.010	3.514
199	-10.899	0.010	8.032
200	-10.899	0.010	8.032
201	-10.899	0.010	8.033
202	-10.899	0.010	8.033
203	-10.899	0.009	8.033
204	-10.899	0.010	8.034
205	-10.899	0.010	8.034
206	-10.899	0.010	12.476
207	-10.899	0.010	3.511
208	-10.899	0.010	3.511
209	-10.899	0.010	3.319
214	-10.899	0.010	2.511
215	-10.899	0.010	9.131
217	-10.899	0.010	0.005
218	-10.899	0.010	0.004
219	-10.899	0.010	9.075
220	-10.899	0.010	3.607
221	-10.899	0.010	20.191
228	-10.899	0.010	20.202
229	-10.899	0.010	20.109
231	-10.899	0.010	7.090
232	-10.899	0.010	8.242
233	-10.899	0.010	8.232
234	-10.899	0.010	8.229
235	-10.899	0.010	8.229
236	-10.899	0.010	8.123
237	-10.899	0.010	8.123
239	-10.899	0.010	8.123
240	-10.899	0.010	8.123
241	-10.899	0.010	8.123
242	-10.899	0.010	8.914
245	-10.899	0.010	7.852
247	-10.899	0.009	8.546
248	-10.899	0.010	8.380
250	-10.899	0.010	8.371
256	-10.899	0.010	8.133
258	-10.899	0.010	8.133
259	-10.899	0.010	8.133
260	-10.899	0.010	8.133
263	-10.899	0.010	8.133
264	-10.899	0.010	8.133
265	-10.899	0.010	8.133
266	-10.899	0.010	8.133
267	-10.899	0.010	8.133
268	-10.899	0.009	8.133
269	-10.899	0.009	8.133
274	-10.899	0.010	8.133
277	-10.899	0.010	8.133
279	-10.899	0.010	8.133
280	-10.899	0.010	8.133
285	-10.899	0.010	8.133
287	-10.899	0.010	8.133
294	-10.899	0.010	8.133
295	-10.899	0.010	8.133
296	-10.899	0.009	9.008
297	-10.899	0.010	8.602
298	-10.899	0.010	6.779
299	-10.899	0.010	6.779
300	-10.899	0.010	6.782
303	-10.899	0.010	6.779
307	-10.899	0.010	6.779
315	-10.899	0.009	6.779
319	-10.899	0.010	8.146
320	-10.899	0.010	7.308
321	-10.899	0.010	6.934
322	-10.899	0.010	6.939
323	-10.899	0.010	7.796
330	-10.899	0.010	7.795
477	-10.899	0.009	6.471
479	-10.899	0.010	6.480
482	-10.899	0.010	6.480
483	-10.899	0.010	6.480
484	-10.899	0.010	6.480
485	-10.899	0.010	6.481
487	-10.899	0.010	6.480
478	-10.899	0.013	6.480
130	-10.899	0.011	5.613
257	-10.899	0.010	5.613
636	-10.899	0.031	5.613
292	-10.899	0.015	5.613
596	-10.899	0.009	5.612
181	-10.899	0.017	5.612
316	-10.899	0.021	5.613
595	-10.899	0.036	5.613
548	-10.899	0.039	5.612
625	-10.899	0.060	5.615
408	-10.898	0.040	5.615
249	-10.898	0.039	5.615
318	-10.898	0.029	5.615
587	-10.898	0.038	5.615
583	-10.898	0.075	5.615
627	-10.897	0.065	5.615
284	-10.897	0.044	5.615
172	-10.896	0.044	5.615
317	-10.895	0.059	5.615
230	-10.891	0.160	5.872
641	-10.889	0.110	7.273
1111	-10.880	0.024	7.273
1353	-10.880	0.024	5.878
1222	-10.880	0.027	5.558
1038	-10.879	0.015	5.558
1847	-10.879	0.016	5.557
1034	-10.879	0.016	5.879
1835	-10.879	0.017	5.557
1839	-10.879	0.017	5.562
1813	-10.879	0.021	7.519
1040	-10.879	0.019	7.519
1816	-10.879	0.020	7.519
1019	-10.879	0.024	7.519
1027	-10.879	0.024	7.519
1799	-10.879	0.023	7.201
1804	-10.879	0.023	13.467
1806	-10.879	0.023	7.378
1808	-10.879	0.023	7.378
1809	-10.879	0.024	7.379
1810	-10.879	0.023	7.374
1830	-10.879	0.023	9.981
1836	-10.879	0.023	20.253
1837	-10.879	0.024	3.139
1036	-10.879	0.024	3.146
1037	-10.879	0.024	3.146
1088	-10.879	0.022	3.146
1851	-10.879	0.022	3.146
1025	-10.879	0.027	3.143
1797	-10.879	0.026	3.143
1849	-10.879	0.026	3.138
1026	-10.879	0.026	3.140
1850	-10.879	0.025	3.145
1814	-10.879	0.028	20.262
1818	-10.879	0.028	12.394
1812	-10.879	0.031	7.265
1035	-10.879	0.031	7.265
1042	-10.879	0.041	7.264
1041	-10.879	0.037	7.264
1022	-10.879	0.048	7.264
1821	-10.879	0.036	7.264
1831	-10.879	0.054	7.264
433	-10.879	0.217	7.263
888	-10.878	0.017	7.263
953	-10.878	0.011	7.263
981	-10.878	0.012	7.263
973	-10.878	0.009	7.262
989	-10.878	0.019	7.261
924	-10.878	0.011	7.261
954	-10.878	0.014	7.261
936	-10.878	0.016	7.261
722	-10.878	0.014	7.261
730	-10.878	0.013	7.261
926	-10.878	0.015	7.261
1001	-10.878	0.017	7.261
735	-10.878	0.019	7.261
803	-10.878	0.019	13.274
819	-10.878	0.019	7.359
896	-10.878	0.019	8.233
916	-10.878	0.020	1.750
780	-10.878	0.015	1.749
821	-10.878	0.017	8.689
825	-10.878	0.026	9.102
859	-10.878	0.022	12.434
878	-10.878	0.021	1.800
933	-10.878	0.021	1.800
966	-10.878	0.038	8.031
886	-10.878	0.019	1.795
965	-10.878	0.019	1.795
968	-10.878	0.019	7.439
715	-10.878	0.023	3.517
716	-10.878	0.024	7.438
720	-10.878	0.024	3.517
721	-10.878	0.024	8.032
729	-10.878	0.024	8.032
731	-10.878	0.024	8.033
732	-10.878	0.024	8.033
742	-10.878	0.024	8.033
744	-10.878	0.024	8.034
767	-10.878	0.024	8.034
799	-10.878	0.024	3.513
814	-10.878	0.024	3.513
822	-10.878	0.024	3.513
857	-10.878	0.024	10.029
865	-10.878	0.024	6.761
866	-10.878	0.024	9.133
867	-10.878	0.024	0.001
872	-10.878	0.024	0.000
882	-10.878	0.024	9.076
890	-10.878	0.024	3.609
895	-10.878	0.024	20.192
899	-10.878	0.023	20.203
900	-10.878	0.024	20.110
923	-10.878	0.024	9.537
927	-10.878	0.024	8.243
932	-10.878	0.024	8.231
937	-10.878	0.024	8.229
951	-10.878	0.024	8.229
952	-10.878	0.024	8.123
977	-10.878	0.023	8.123
980	-10.878	0.024	8.123
982	-10.878	0.024	8.123
991	-10.878	0.024	8.123
755	-10.878	0.022	8.914
770	-10.878	0.023	7.852
820	-10.878	0.022	8.546
844	-10.878	0.023	8.380
868	-10.878	0.022	8.370
877	-10.878	0.024	8.132
934	-10.878	0.023	8.133
943	-10.878	0.023	8.133
969	-10.878	0.023	8.133
775	-10.878	0.027	8.133
776	-10.878	0.027	8.133
798	-10.878	0.026	8.133
807	-10.878	0.029	8.133
842	-10.878	0.026	8.133
883	-10.878	0.027	8.133
910	-10.878	0.027	8.133
723	-10.878	0.026	8.133
727	-10.878	0.025	8.133
748	-10.878	0.025	8.133
760	-10.878	0.025	8.133
885	-10.878	0.025	8.133
964	-10.878	0.025	8.133
979	-10.878	0.025	8.133
983	-10.878	0.028	8.133
759	-10.878	0.030	9.008
726	-10.878	0.036	8.602
929	-10.878	0.034	6.779
793	-10.878	0.038	6.779
992	-10.878	0.034	8.146
795	-10.878	0.040	6.779
897	-10.878	0.044	6.779
948	-10.878	0.043	6.779
835	-10.878	0.053	8.163
719	-10.878	0.047	7.292
728	-10.878	0.057	6.934
998	-10.877	0.032	6.940
891	-10.877	0.022	7.796
903	-10.877	0.073	7.796
956	-10.877	0.078	6.480
856	-10.876	0.035	6.480
911	-10.875	0.055	6.480
806	-10.875	0.117	6.480
1230	-10.873	0.008	6.480
1240	-10.873	0.012	6.480
1136	-10.873	0.011	6.480
1348	-10.873	0.010	6.481
1157	-10.873	0.015	5.613
1340	-10.873	0.016	5.613
1211	-10.873	0.013	5.613
1311	-10.873	0.020	5.612
1128	-10.873	0.017	5.612
1273	-10.873	0.023	5.612
1093	-10.873	0.020	5.613
1107	-10.873	0.019	5.612
1118	-10.873	0.020	5.612
1151	-10.873	0.021	5.615
1173	-10.873	0.019	5.615
1236	-10.873	0.019	5.615
1237	-10.873	0.022	5.615
1242	-10.873	0.020	5.615
1243	-10.873	0.018	5.615
1269	-10.873	0.021	5.615
1361	-10.873	0.020	5.615
1223	-10.873	0.023	5.615
1094	-10.873	0.023	6.925
1131	-10.873	0.022	5.872
1134	-10.873	0.022	5.875
1149	-10.873	0.023	7.471
1156	-10.873	0.023	5.877
1185	-10.873	0.022	5.558
1188	-10.873	0.022	5.558
1246	-10.873	0.022	5.557
1248	-10.873	0.021	5.879
1253	-10.873	0.022	5.562
1263	-10.873	0.021	5.562
1322	-10.873	0.022	7.519
1343	-10.873	0.022	7.519
1103	-10.873	0.024	7.519
1114	-10.873	0.024	7.519
1117	-10.873	0.024	7.519
1135	-10.873	0.024	7.201
1146	-10.873	0.024	13.468
1166	-10.873	0.024	7.379
1183	-10.873	0.025	7.378
1214	-10.873	0.025	7.379
1254	-10.873	0.023	7.374
1279	-10.873	0.026	7.479
1285	-10.873	0.024	20.253
1286	-10.873	0.026	3.139
1312	-10.873	0.026	3.146
1319	-10.873	0.024	3.146
1150	-10.873	0.029	3.146
1116	-10.873	0.026	3.146
1320	-10.873	0.026	3.143
1338	-10.873	0.027	3.143
768	-10.873	0.063	3.138
1170	-10.873	0.028	3.140
1226	-10.873	0.030	3.145
1234	-10.873	0.030	20.262
1104	-10.873	0.038	7.265
1331	-10.873	0.035	7.265
1097	-10.873	0.032	7.265
1225	-10.873	0.032	7.264
1239	-10.873	0.039	7.264
1277	-10.873	0.040	7.264
1321	-10.873	0.036	7.264
1100	-10.873	0.034	7.264
1133	-10.873	0.036	7.263
1276	-10.873	0.038	7.263
1245	-10.873	0.042	7.263
1164	-10.873	0.044	7.263
1258	-10.873	0.043	7.255
1145	-10.873	0.041	7.261
1275	-10.873	0.040	7.261
1137	-10.872	0.033	7.261
699	-10.872	0.021	7.261
1177	-10.872	0.012	7.261
698	-10.872	0.029	7.261
1282	-10.872	0.006	7.261
1012	-10.872	0.006	7.261
1069	-10.872	0.005	7.261
1304	-10.872	0.005	7.359
1006	-10.872	0.009	7.359
649	-10.872	0.032	8.233
660	-10.872	0.033	1.750
693	-10.872	0.034	1.749
138	-10.872	0.036	8.689
665	-10.872	0.032	9.102
383	-10.872	0.038	12.428
645	-10.872	0.036	1.800
652	-10.872	0.038	1.800
676	-10.872	0.035	8.031
678	-10.872	0.037	1.795
683	-10.872	0.037	1.795
687	-10.872	0.037	7.439
694	-10.872	0.035	3.517
697	-10.872	0.037	7.438
1287	-10.872	0.017	7.438
637	-10.872	0.036	8.032
402	-10.872	0.038	8.032
656	-10.872	0.038	8.033
661	-10.872	0.038	8.033
663	-10.872	0.038	8.033
666	-10.872	0.038	8.034
668	-10.872	0.039	8.034
669	-10.872	0.038	3.513
670	-10.872	0.038	3.513
671	-10.872	0.038	3.513
672	-10.872	0.039	2.510
674	-10.872	0.038	2.491
675	-10.872	0.038	9.133
677	-10.872	0.038	0.001
679	-10.872	0.038	0.000
681	-10.872	0.038	9.076
682	-10.872	0.038	3.609
684	-10.872	0.038	20.192
686	-10.872	0.039	20.203
692	-10.872	0.038	8.804
696	-10.872	0.038	9.537
703	-10.872	0.038	8.245
50	-10.872	0.038	8.231
53	-10.872	0.038	8.229
54	-10.872	0.038	8.229
55	-10.872	0.038	8.123
56	-10.872	0.038	8.123
60	-10.872	0.038	8.123
61	-10.872	0.038	8.123
65	-10.872	0.038	8.123
68	-10.872	0.038	8.909
69	-10.872	0.038	7.852
70	-10.872	0.038	8.546
84	-10.872	0.038	8.380
85	-10.872	0.038	8.371
86	-10.872	0.038	8.133
87	-10.872	0.038	8.133
88	-10.872	0.038	8.133
109	-10.872	0.038	8.133
110	-10.872	0.038	8.133
114	-10.872	0.038	8.133
115	-10.872	0.038	8.133
119	-10.872	0.038	8.133
121	-10.872	0.038	8.133
122	-10.872	0.038	8.133
123	-10.872	0.038	8.133
125	-10.872	0.038	8.133
126	-10.872	0.038	8.133
127	-10.872	0.038	8.133
211	-10.872	0.038	8.133
212	-10.872	0.038	8.133
213	-10.872	0.038	8.133
224	-10.872	0.038	8.133
243	-10.872	0.038	8.133
252	-10.872	0.038	9.006
253	-10.872	0.039	8.367
255	-10.872	0.038	6.779
262	-10.872	0.038	6.779
288	-10.872	0.038	6.779
289	-10.872	0.038	6.779
291	-10.872	0.038	6.779
308	-10.872	0.038	6.779
309	-10.872	0.037	7.292
310	-10.872	0.038	7.292
326	-10.872	0.038	6.937
327	-10.872	0.038	6.940
328	-10.872	0.038	7.796
329	-10.872	0.038	7.796
418	-10.872	0.038	6.480
445	-10.872	0.038	6.480
644	-10.872	0.038	6.480
650	-10.872	0.038	6.480
662	-10.872	0.038	6.480
667	-10.872	0.038	6.480
673	-10.872	0.038	6.480
680	-10.872	0.038	6.480
689	-10.872	0.038	5.613
706	-10.872	0.038	5.613
1007	-10.872	0.015	5.613
1043	-10.872	0.010	5.612
700	-10.872	0.044	5.612
701	-10.872	0.047	5.612
691	-10.872	0.040	5.613
705	-10.872	0.039	5.612
1004	-10.872	0.019	5.612
1191	-10.872	0.018	5.615
707	-10.872	0.050	5.615
1048	-10.872	0.020	5.615
1091	-10.872	0.021	5.615
1192	-10.872	0.022	5.615
1203	-10.872	0.020	5.615
1207	-10.872	0.019	5.615
1009	-10.872	0.021	5.615
1010	-10.872	0.023	5.615
1015	-10.872	0.023	6.925
1083	-10.872	0.021	5.872
1090	-10.872	0.025	5.875
1194	-10.872	0.024	7.216
1341	-10.872	0.037	5.878
1046	-10.872	0.024	5.558
1068	-10.872	0.024	5.558
1070	-10.872	0.023	5.877
1082	-10.872	0.024	5.880
1002	-10.872	0.029	5.562
1066	-10.872	0.029	5.562
1067	-10.872	0.027	7.519
1205	-10.872	0.025	7.519
1005	-10.872	0.025	7.519
1017	-10.872	0.032	7.519
1023	-10.872	0.029	5.565
1084	-10.872	0.032	7.202
1075	-10.872	0.035	13.468
1247	-10.872	0.054	7.378
1058	-10.872	0.036	7.383
659	-10.872	0.067	7.380
1354	-10.872	0.058	7.373
1130	-10.872	0.056	20.253
1255	-10.872	0.050	7.282
1333	-10.872	0.071	3.139
1147	-10.872	0.080	3.146
1323	-10.872	0.078	3.146
1020	-10.872	0.176	3.146
1283	-10.871	0.032	3.146
1098	-10.871	0.047	3.143
1085	-10.871	0.026	3.143
1081	-10.871	0.005	3.138
1359	-10.871	0.044	3.140
312	-10.871	0.029	3.145
1092	-10.871	0.011	3.176
1356	-10.871	0.017	7.265
1196	-10.871	0.017	7.265
702	-10.871	0.069	7.264
225	-10.871	0.058	7.263
1264	-10.871	0.035	7.264
1008	-10.871	0.045	7.264
1115	-10.871	0.072	7.264
1054	-10.871	0.072	7.264
1318	-10.871	0.093	7.263
1362	-10.871	0.060	7.263
1014	-10.871	0.074	7.263
1339	-10.871	0.085	7.263
1003	-10.871	0.086	7.255
1241	-10.871	0.092	7.261
1288	-10.871	0.102	7.261
1334	-10.871	0.086	7.261
1178	-10.870	0.029	7.261
688	-10.870	0.029	7.261
1011	-10.870	0.036	7.261
1018	-10.870	0.060	7.261
1148	-10.870	0.096	7.261
1106	-10.870	0.092	7.261
1030	-10.870	0.101	7.359
1162	-10.870	0.091	7.359
1843	-10.870	0.101	8.233
1168	-10.870	0.090	1.750
1305	-10.870	0.113	1.749
1174	-10.870	0.097	8.689
832	-10.870	0.168	1.740
1021	-10.870	0.151	12.428
1013	-10.869	0.058	1.800
1024	-10.869	0.106	1.800
1260	-10.869	0.133	7.430
972	-10.869	0.102	1.795
946	-10.869	0.156	1.795
1064	-10.868	0.088	7.439
1198	-10.868	0.112	3.517
1204	-10.868	0.129	7.438
995	-10.867	0.134	7.438
1332	-10.867	0.060	8.032
1062	-10.867	0.119	8.032
1184	-10.867	0.134	8.033
1129	-10.867	0.119	1.794
1138	-10.867	0.148	8.033
1256	-10.866	0.104	8.034
526	-10.865	0.028	8.034
527	-10.865	0.040	3.513
424	-10.865	0.035	3.513
488	-10.865	0.036	3.512
497	-10.865	0.035	2.511
534	-10.865	0.036	2.492
544	-10.865	0.039	9.133
512	-10.865	0.034	0.001
504	-10.865	0.039	0.005
525	-10.865	0.039	9.076
529	-10.865	0.038	3.608
541	-10.865	0.039	20.192
392	-10.865	0.037	19.788
458	-10.865	0.037	8.788
463	-10.865	0.037	9.541
498	-10.865	0.038	8.245
503	-10.865	0.037	8.231
508	-10.865	0.036	8.229
509	-10.865	0.037	8.229
510	-10.865	0.037	8.123
513	-10.865	0.037	8.123
519	-10.865	0.037	8.123
520	-10.865	0.037	8.123
522	-10.865	0.036	8.123
524	-10.865	0.038	8.911
528	-10.865	0.037	7.852
530	-10.865	0.038	8.380
531	-10.865	0.037	8.380
532	-10.865	0.037	8.370
533	-10.865	0.037	8.133
536	-10.865	0.037	8.133
539	-10.865	0.038	8.133
540	-10.865	0.037	8.133
537	-10.865	0.054	8.133
543	-10.865	0.044	8.133
521	-10.865	0.040	8.133
517	-10.865	0.043	8.133
516	-10.865	0.045	8.133
535	-10.865	0.039	8.133
538	-10.865	0.064	8.133
1293	-10.865	0.139	8.133
1336	-10.865	0.131	8.133
1199	-10.865	0.167	8.133
542	-10.864	0.100	8.133
1132	-10.864	0.163	8.133
664	-10.864	0.173	8.133
1292	-10.864	0.179	8.133
1259	-10.863	0.121	8.991
1278	-10.863	0.115	9.011
1119	-10.863	0.181	8.367
784	-10.863	0.162	8.147
1310	-10.862	0.105	6.779
1061	-10.859	0.186	6.779
1274	-10.859	0.243	6.779
1073	-10.858	0.107	6.779
1031	-10.858	0.215	6.779
1039	-10.858	0.300	7.292
1249	-10.856	0.227	7.292
1163	-10.856	0.225	6.937
837	-10.855	0.197	6.940
1257	-10.855	0.146	7.796
1139	-10.854	0.157	7.795
1210	-10.854	0.261	6.480
1229	-10.854	0.255	6.480
1238	-10.853	0.253	6.480
1201	-10.853	0.248	7.795
1295	-10.853	0.302	6.480
1357	-10.851	0.146	6.481
1071	-10.851	0.290	6.481
1044	-10.851	0.302	6.479
1193	-10.851	0.293	5.613
1251	-10.851	0.311	5.613
1209	-10.850	0.300	5.613
1080	-10.847	0.290	5.612
1271	-10.846	0.329	5.612
1109	-10.845	0.189	5.612
271	-10.845	0.171	5.613
1302	-10.845	0.223	5.612
171	-10.843	0.455	5.612
1175	-10.842	0.354	5.615
1306	-10.839	0.340	5.615
1281	-10.837	0.146	5.615
1342	-10.835	0.210	5.615
1352	-10.828	0.454	5.615
955	-10.827	0.291	5.615
1325	-10.827	0.369	5.615
1235	-10.827	0.385	5.615
1301	-10.826	0.243	5.615
960	-10.825	0.505	6.925
925	-10.824	0.267	5.872
1270	-10.821	0.442	5.875
1811	-10.816	0.323	5.877
945	-10.815	0.548	5.878
975	-10.814	0.460	5.558
993	-10.809	0.288	5.562
1161	-10.803	0.486	5.877
1096	-10.799	0.431	5.558
1200	-10.794	0.534	5.562
913	-10.783	0.408	5.562
1144	-10.783	0.561	7.519
314	-10.782	0.484	7.519
1016	-10.777	0.655	7.519
1297	-10.774	0.412	7.519
1232	-10.774	0.672	7.473
892	-10.772	0.455	15.347
1313	-10.772	0.634	13.468
876	-10.771	0.560	7.378
1309	-10.768	0.396	7.378
276	-10.759	0.472	7.379
1221	-10.755	0.607	7.373
1296	-10.750	0.401	20.253
1291	-10.750	0.757	7.282
1244	-10.749	0.705	3.139
1197	-10.733	0.829	3.140
1846	-10.728	0.594	3.146
1160	-10.725	0.865	3.146
1764	-10.724	0.597	3.146
958	-10.722	0.600	3.143
1206	-10.706	0.956	3.143
1120	-10.705	0.949	3.138
781	-10.701	0.926	3.140
1268	-10.699	0.921	3.145
1180	-10.697	1.016	3.163
1101	-10.694	1.028	7.265
374	-10.686	1.044	7.265
843	-10.680	0.992	7.264
1220	-10.675	1.092	7.264
1299	-10.666	1.076	7.264
1360	-10.664	0.818	7.264
961	-10.657	0.565	7.264
1095	-10.656	1.170	7.264
1298	-10.653	1.218	7.263
1314	-10.650	1.196	7.263
1266	-10.649	1.193	7.263
941	-10.648	1.276	7.263
1169	-10.640	1.322	7.255
1110	-10.639	1.265	7.261
1202	-10.638	1.298	7.261
1158	-10.638	1.262	7.261
1265	-10.632	1.156	7.261
1280	-10.632	1.194	7.261
1219	-10.624	1.321	7.261
1224	-10.619	1.400	7.261
1179	-10.617	1.370	7.261
1208	-10.611	1.296	7.261
1159	-10.607	1.353	7.359
1294	-10.588	1.474	7.359
1252	-10.583	1.432	8.233
1218	-10.563	1.599	1.750
1350	-10.561	1.221	1.749
1358	-10.558	1.329	8.689
1102	-10.543	1.357	1.740
1105	-10.542	1.276	12.428
393	-10.535	1.273	1.800
335	-10.508	1.329	1.800
403	-10.456	1.492	7.430
448	-10.389	1.541	1.795
902	-10.348	1.469	1.795
447	-10.340	1.707	1.795
879	-9.915	1.216	3.517
974	-9.909	1.387	7.438
921	-9.837	1.332	7.438
914	-9.711	1.818	8.032
452	-9.590	1.904	8.033
523	-8.460	3.166	8.033
347	-8.276	3.261	8.033
369	-8.276	3.261	8.033
377	-8.276	3.261	8.034
336	-8.274	3.263	1.795
337	-8.274	3.263	3.513
338	-8.274	3.263	3.513
339	-8.274	3.263	12.488
340	-8.274	3.263	2.511
341	-8.274	3.263	2.492
342	-8.274	3.263	9.144
343	-8.274	3.263	0.004
359	-8.274	3.263	0.005
365	-8.274	3.263	9.076
367	-8.274	3.263	19.943
441	-8.274	3.263	20.192
413	-8.273	3.263	20.110
414	-8.273	3.263	8.792
415	-8.273	3.263	9.541
210	-8.266	3.257	8.245
222	-8.266	3.257	8.231
223	-8.266	3.256	8.229
286	-8.266	3.259	8.229
290	-8.266	3.257	8.123
786	-8.266	3.258	8.123
840	-8.266	3.258	8.123
854	-8.266	3.259	8.123
894	-8.266	3.257	8.122
898	-8.266	3.258	8.912
928	-8.266	3.253	8.381
940	-8.266	3.258	8.380
746	-8.266	3.257	8.380
963	-8.266	3.265	8.370
226	-8.265	3.259	8.133
227	-8.265	3.259	8.133
238	-8.265	3.258	8.133
244	-8.265	3.259	8.133
246	-8.265	3.259	8.133
251	-8.265	3.259	8.133
270	-8.265	3.259	8.133
272	-8.265	3.259	8.133
273	-8.265	3.258	8.133
282	-8.265	3.259	8.133
283	-8.265	3.259	8.133
293	-8.265	3.258	8.133
304	-8.265	3.259	8.133
305	-8.265	3.258	8.133
311	-8.265	3.259	8.133
324	-8.265	3.258	8.133
332	-8.265	3.259	8.133
313	-8.265	3.259	8.133
949	-8.264	3.230	8.991
1848	-8.263	3.211	8.375
834	-8.246	3.235	8.367
345	-7.614	3.900	6.480
346	-7.614	3.900	6.464
348	-7.614	3.900	5.613
361	-7.614	3.900	5.613
362	-7.614	3.900	5.613
363	-7.614	3.900	5.612
366	-7.614	3.900	5.612
370	-7.614	3.900	5.612
376	-7.614	3.900	5.613
379	-7.614	3.900	5.612
380	-7.614	3.900	5.615
382	-7.614	3.900	5.615
387	-7.614	3.900	5.615
391	-7.614	3.900	5.615
395	-7.614	3.899	5.615
400	-7.614	3.900	5.615
425	-7.614	3.899	5.615
432	-7.614	3.900	5.615
435	-7.614	3.899	5.615
436	-7.614	3.900	5.615
437	-7.614	3.900	6.925
439	-7.614	3.899	5.872
443	-7.614	3.899	5.875
449	-7.614	3.900	5.877
462	-7.614	3.900	5.877
464	-7.614	3.899	5.558
490	-7.614	3.900	5.562
491	-7.614	3.899	5.877
492	-7.614	3.900	5.558
493	-7.614	3.899	5.562
505	-7.614	3.900	5.562
511	-7.614	3.900	7.519
514	-7.614	3.900	7.519
515	-7.614	3.900	7.519
518	-7.614	3.899	7.519
619	-7.614	3.899	7.473
630	-7.614	3.899	7.248
404	-7.612	3.899	13.468
405	-7.612	3.899	7.378
406	-7.612	3.899	7.378
616	-7.608	3.900	7.261
642	-7.608	3.900	7.359
643	-7.608	3.900	7.359
646	-7.608	3.900	8.233
695	-7.608	3.900	1.749
708	-7.608	3.900	1.749
709	-7.608	3.900	8.689
714	-7.608	3.900	1.740
254	-7.595	3.897	8.383
281	-7.595	3.897	8.374
301	-7.595	3.897	8.134
302	-7.595	3.897	8.134
306	-7.595	3.897	8.134
325	-7.595	3.897	8.134
331	-7.595	3.897	8.134
333	-7.595	3.897	8.134
334	-7.595	3.897	8.134
480	-7.595	3.897	8.134
481	-7.595	3.897	8.134
486	-7.595	3.897	8.134
1794	-7.593	3.898	6.480
1805	-7.593	3.898	6.480
1807	-7.593	3.899	6.480
1819	-7.593	3.898	6.480
1832	-7.593	3.898	6.464
1845	-7.593	3.901	5.611
796	-7.590	3.894	5.611
718	-7.590	3.897	5.612
734	-7.590	3.897	5.611
741	-7.590	3.897	5.611
743	-7.590	3.897	5.611
749	-7.590	3.897	5.612
751	-7.590	3.897	5.611
752	-7.590	3.897	5.613
754	-7.590	3.897	5.613
777	-7.590	3.897	5.613
782	-7.590	3.897	5.613
783	-7.590	3.897	5.613
785	-7.590	3.897	5.613
787	-7.590	3.897	5.613
794	-7.590	3.897	5.613
797	-7.590	3.892	5.613
800	-7.590	3.897	5.613
812	-7.590	3.897	7.277
815	-7.590	3.897	5.870
823	-7.590	3.897	7.697
826	-7.590	3.897	5.875
830	-7.590	3.897	5.876
833	-7.590	3.897	5.557
841	-7.590	3.897	5.556
848	-7.590	3.897	5.877
849	-7.590	3.897	5.556
855	-7.590	3.897	5.560
858	-7.590	3.897	5.560
861	-7.590	3.897	7.519
864	-7.590	3.897	7.519
870	-7.590	3.897	7.519
871	-7.590	3.897	7.519
873	-7.590	3.897	7.474
874	-7.590	3.897	7.251
880	-7.590	3.898	13.467
881	-7.590	3.897	7.379
884	-7.590	3.897	7.378
887	-7.590	3.897	7.380
889	-7.590	3.897	7.342
901	-7.590	3.897	20.254
905	-7.590	3.897	7.282
930	-7.590	3.897	3.137
935	-7.590	3.897	3.138
938	-7.590	3.897	3.144
939	-7.590	3.897	3.144
942	-7.590	3.897	3.144
947	-7.590	3.897	3.141
957	-7.590	3.897	3.141
959	-7.590	3.897	3.143
962	-7.590	3.897	3.137
967	-7.590	3.897	3.143
971	-7.590	3.897	3.164
978	-7.590	3.897	7.264
985	-7.590	3.900	7.264
986	-7.590	3.897	7.262
987	-7.590	3.897	7.262
988	-7.590	3.897	7.262
994	-7.590	3.897	7.262
996	-7.590	3.892	7.262
997	-7.590	3.897	7.262
990	-7.590	3.894	7.262
1000	-7.589	3.905	7.262
838	-7.586	3.904	7.262
836	-7.583	3.849	7.254
931	-7.581	3.847	7.260
