51	-15.448	0.000	7.849
58	-15.448	0.000	7.849
61	-15.448	0.000	15.132
107	-15.448	0.000	15.132
131	-15.448	0.000	15.132
142	-15.448	0.000	15.132
264	-15.448	0.000	8.768
283	-15.448	0.000	8.768
257	-14.921	0.017	0.009
592	-14.921	0.018	0.009
600	-14.921	0.018	0.009
602	-14.921	0.018	0.010
754	-14.921	0.021	0.009
860	-14.921	0.021	0.008
507	-14.918	0.018	0.007
582	-14.918	0.018	0.010
98	-14.916	0.018	0.016
37	-13.226	0.701	10.021
68	-13.226	0.701	10.021
90	-13.226	0.701	10.021
101	-13.226	0.701	10.019
104	-13.226	0.701	10.018
116	-13.226	0.701	10.018
132	-13.226	0.701	10.020
153	-13.226	0.701	10.020
159	-13.226	0.701	10.020
165	-13.226	0.701	10.020
177	-13.226	0.701	10.018
183	-13.226	0.701	10.017
198	-13.226	0.701	10.024
218	-13.226	0.701	10.026
247	-13.226	0.701	0.000
249	-13.226	0.701	0.003
258	-13.226	0.701	0.003
261	-13.226	0.701	0.003
301	-13.226	0.701	0.003
333	-13.226	0.701	0.003
389	-13.226	0.701	0.003
398	-13.226	0.701	0.003
401	-13.226	0.701	0.003
417	-13.226	0.701	0.003
1	-13.222	0.701	0.003
3	-13.222	0.701	0.003
4	-13.222	0.701	0.003
5	-13.222	0.701	0.004
9	-13.222	0.701	0.006
12	-13.222	0.701	0.013
238	-13.222	0.701	0.005
474	-12.648	0.692	10.007
512	-12.648	0.692	10.007
515	-12.648	0.692	10.007
564	-12.648	0.692	10.007
172	-12.635	0.687	10.007
27	-12.089	2.324	0.017
50	-12.089	2.324	0.017
67	-12.089	2.324	0.016
69	-12.089	2.324	0.017
126	-12.089	2.324	0.037
127	-12.089	2.324	0.109
152	-12.089	2.324	0.013
174	-12.089	2.324	0.016
225	-12.089	2.324	0.013
259	-12.089	2.324	0.016
266	-12.089	2.324	0.021
270	-12.089	2.324	0.030
289	-12.089	2.324	0.010
291	-12.089	2.324	0.028
293	-12.089	2.324	0.030
313	-12.089	2.324	0.030
330	-12.089	2.324	0.030
341	-12.089	2.324	0.030
353	-12.089	2.324	0.030
359	-12.089	2.324	0.030
376	-12.089	2.324	0.030
390	-12.089	2.324	0.004
413	-12.089	2.324	0.013
414	-12.089	2.324	0.019
415	-12.089	2.324	0.046
422	-12.089	2.324	0.054
438	-12.089	2.324	0.038
461	-12.089	2.324	0.034
302	-12.089	2.324	0.090
228	-12.083	2.324	0.142
236	-12.083	2.324	0.028
827	-11.429	3.856	0.000
654	-11.180	3.871	10.007
471	-11.177	2.119	10.007
503	-11.177	2.119	10.007
180	-11.176	2.119	10.007
273	-11.176	2.119	10.007
285	-11.176	2.119	10.007
288	-11.176	2.119	10.007
349	-11.176	2.119	10.007
352	-11.176	2.119	10.007
355	-11.176	2.119	10.007
226	-11.170	2.118	10.017
951	-11.137	3.872	10.019
990	-11.137	3.872	10.019
995	-11.137	3.872	10.019
803	-11.136	3.872	10.019
813	-11.136	3.872	10.019
821	-11.136	3.872	10.019
765	-11.135	3.872	10.019
774	-11.135	3.872	10.019
897	-11.135	3.872	10.017
689	-11.132	3.872	10.017
644	-11.080	3.872	10.019
446	-11.075	3.872	10.016
489	-11.075	3.872	10.016
494	-11.075	3.872	10.023
542	-11.075	3.872	10.025
543	-11.075	3.872	0.006
547	-11.075	3.872	0.003
552	-11.075	3.872	0.003
555	-11.075	3.872	0.003
556	-11.075	3.872	0.003
558	-11.075	3.872	0.003
562	-11.075	3.872	0.003
456	-11.074	3.861	0.003
457	-11.074	3.861	0.002
459	-11.074	3.861	0.003
460	-11.074	3.861	0.003
464	-11.074	3.861	0.003
400	-11.074	3.861	0.003
403	-11.074	3.861	0.002
409	-11.074	3.861	0.006
35	-11.073	3.861	0.009
47	-11.073	3.861	0.001
65	-11.073	3.861	0.003
71	-11.073	3.861	0.003
75	-11.073	3.861	0.003
76	-11.073	3.861	0.003
162	-11.073	3.861	0.003
176	-11.073	3.861	0.003
222	-11.073	3.861	0.003
255	-11.073	3.861	0.003
268	-11.073	3.861	0.003
271	-11.073	3.861	0.003
292	-11.073	3.861	0.003
342	-11.073	3.861	0.003
343	-11.073	3.861	0.003
347	-11.073	3.861	0.003
351	-11.073	3.861	0.003
368	-11.073	3.861	0.003
371	-11.073	3.861	0.003
380	-11.073	3.861	0.003
382	-11.073	3.861	0.003
391	-11.073	3.861	0.003
392	-11.073	3.861	0.003
395	-11.073	3.861	0.003
419	-11.073	3.861	0.032
432	-11.073	3.861	0.153
433	-11.073	3.861	0.012
434	-11.073	3.861	0.017
439	-11.073	3.861	0.022
444	-11.073	3.861	0.009
445	-11.073	3.861	0.012
447	-11.073	3.861	0.031
299	-11.072	3.861	0.017
186	-11.066	3.995	0.017
243	-11.066	3.995	0.017
29	-11.066	3.995	0.016
41	-11.066	3.995	0.018
115	-11.066	3.995	0.033
253	-11.066	3.995	0.062
256	-11.066	3.995	0.017
430	-11.066	3.995	0.013
205	-11.065	3.995	0.016
111	-11.056	3.990	0.019
145	-11.056	3.990	0.065
284	-11.056	3.990	0.028
357	-11.056	3.990	0.023
246	-11.056	3.990	0.031
778	-11.054	3.873	0.031
10	-11.044	3.991	0.031
235	-11.044	3.991	0.031
15	-11.042	3.859	0.031
227	-11.042	3.859	0.031
452	-11.042	3.859	0.031
454	-11.042	3.859	0.031
909	-11.030	3.873	0.009
746	-10.986	3.011	0.028
987	-10.986	2.135	0.039
722	-10.985	2.135	0.080
855	-10.985	2.135	0.106
819	-10.985	2.135	0.122
632	-10.978	2.945	0.029
674	-10.941	3.125	0.030
679	-10.933	3.876	0.036
901	-10.927	2.132	0.127
450	-10.925	2.132	0.218
790	-10.923	2.132	0.295
504	-10.898	2.138	0.333
321	-10.893	2.140	0.317
468	-10.891	2.140	0.405
478	-10.891	2.140	0.822
565	-10.891	2.140	1.038
455	-10.820	3.862	1.316
240	-10.819	3.850	1.468
362	-10.819	3.850	1.464
374	-10.819	3.850	3.262
397	-10.819	3.850	3.261
735	-10.590	2.752	10.212
286	-10.569	2.744	3.902
350	-10.569	2.744	3.902
356	-10.569	2.744	3.902
365	-10.569	2.744	10.204
405	-10.569	2.744	10.204
410	-10.569	2.744	10.204
673	-10.379	3.685	6.177
665	-10.378	3.685	3.899
993	-10.352	3.685	3.899
994	-10.352	3.685	3.899
996	-10.352	3.685	3.899
836	-10.351	3.685	3.899
837	-10.351	3.685	3.894
845	-10.351	3.685	7.852
847	-10.351	3.685	7.852
848	-10.351	3.685	7.852
1020	-10.351	3.685	15.136
1026	-10.351	3.685	15.136
1028	-10.351	3.685	15.136
1032	-10.351	3.685	15.136
801	-10.351	3.685	8.771
805	-10.351	3.685	8.771
811	-10.351	3.685	8.732
818	-10.351	3.685	8.732
825	-10.351	3.685	6.631
830	-10.351	3.685	6.627
705	-10.350	3.685	6.627
710	-10.350	3.685	6.627
717	-10.350	3.685	6.702
718	-10.350	3.685	6.698
726	-10.350	3.685	6.699
732	-10.350	3.685	6.698
737	-10.350	3.685	10.017
739	-10.350	3.685	10.008
740	-10.350	3.685	10.008
744	-10.350	3.685	10.008
752	-10.350	3.685	10.007
896	-10.350	3.685	10.007
874	-10.350	3.685	10.007
880	-10.350	3.685	10.008
884	-10.350	3.685	10.008
885	-10.350	3.685	10.008
926	-10.348	3.685	10.008
933	-10.348	3.685	10.008
935	-10.348	3.685	10.018
698	-10.347	3.685	10.020
637	-10.305	3.686	10.020
647	-10.305	3.686	10.020
649	-10.305	3.686	10.020
651	-10.305	3.686	10.020
614	-10.302	3.686	10.020
408	-10.302	2.482	10.020
74	-10.302	2.482	10.020
354	-10.302	2.482	10.020
420	-10.302	2.482	10.020
448	-10.302	2.482	10.018
463	-10.301	2.718	10.018
481	-10.301	3.686	10.020
495	-10.301	3.686	10.020
497	-10.301	3.686	10.020
498	-10.301	3.686	10.020
502	-10.301	3.686	10.016
517	-10.301	3.686	10.016
519	-10.301	3.686	10.024
523	-10.301	3.686	10.025
527	-10.301	3.686	0.006
537	-10.301	3.686	0.006
538	-10.301	3.686	0.002
539	-10.301	3.686	0.001
545	-10.301	3.686	0.002
546	-10.301	3.686	0.002
548	-10.301	3.686	0.002
560	-10.301	3.686	0.002
563	-10.301	3.686	0.002
566	-10.301	3.686	0.002
79	-10.300	2.718	0.002
99	-10.300	2.718	0.002
114	-10.300	2.718	0.002
157	-10.300	2.718	0.001
277	-10.300	2.718	0.003
303	-10.300	2.718	0.007
314	-10.300	2.718	0.020
388	-10.300	2.718	0.002
947	-10.288	3.686	0.002
777	-10.288	3.686	0.002
948	-10.288	3.686	0.002
231	-10.287	2.717	0.002
915	-10.284	3.686	0.002
922	-10.284	3.686	0.002
795	-10.279	3.685	0.002
688	-10.277	3.684	0.002
899	-10.275	3.686	0.002
910	-10.275	3.686	0.002
505	-10.274	2.487	0.002
402	-10.240	3.677	0.001
412	-10.240	3.677	0.002
125	-10.239	3.677	0.028
200	-10.239	3.677	0.057
248	-10.239	3.677	0.013
305	-10.239	3.677	0.015
335	-10.239	3.677	0.017
338	-10.239	3.677	0.015
360	-10.239	3.677	0.009
369	-10.239	3.677	0.013
425	-10.239	3.677	0.016
426	-10.239	3.677	0.016
427	-10.239	3.677	0.016
435	-10.239	3.677	0.015
436	-10.239	3.677	0.017
442	-10.239	3.677	0.026
443	-10.239	3.677	0.042
695	-10.195	3.150	0.028
707	-10.039	1.631	10.204
734	-10.039	1.631	10.204
751	-10.039	1.631	10.204
770	-10.039	1.631	10.202
840	-10.039	1.631	6.176
842	-10.039	1.631	6.176
879	-10.039	1.631	6.176
963	-10.039	1.631	6.176
978	-10.039	1.631	3.900
687	-10.035	1.632	6.177
485	-10.030	2.738	6.177
499	-10.030	2.738	6.177
653	-10.025	1.635	3.899
664	-10.025	1.635	3.899
437	-10.021	1.635	3.899
634	-10.021	1.635	3.899
638	-10.021	1.635	3.899
641	-10.021	1.635	3.899
475	-10.018	1.636	7.853
493	-10.018	1.636	7.853
528	-10.018	1.636	7.853
529	-10.018	1.636	15.137
540	-10.018	1.636	15.137
541	-10.018	1.636	15.137
80	-10.014	1.636	15.137
83	-10.010	1.640	8.772
210	-10.010	1.640	8.772
24	-10.007	1.640	15.153
100	-9.825	3.952	0.002
154	-9.825	3.952	0.003
167	-9.825	3.952	0.003
179	-9.825	3.952	0.003
189	-9.825	3.952	0.003
399	-9.643	3.951	0.003
39	-9.441	2.821	0.275
46	-9.441	2.821	0.476
55	-9.441	2.821	0.748
56	-9.441	2.821	1.008
63	-9.441	2.821	1.186
64	-9.441	2.821	1.294
84	-9.441	2.821	1.490
129	-9.441	2.821	3.259
201	-9.441	2.821	3.260
411	-9.441	2.821	3.256
11	-9.439	2.821	3.256
294	-9.427	2.817	3.256
30	-9.426	2.862	6.167
32	-9.426	2.862	6.168
43	-9.426	2.862	3.901
52	-9.426	2.862	3.901
66	-9.426	2.862	3.901
156	-9.426	2.862	10.203
17	-9.423	2.861	10.203
18	-9.423	2.861	10.201
25	-9.423	2.861	10.205
872	-9.087	3.282	3.899
53	-8.977	2.265	8.770
89	-8.977	2.265	8.770
117	-8.977	2.265	15.152
141	-8.977	2.265	8.731
151	-8.977	2.265	7.478
168	-8.977	2.265	6.626
181	-8.977	2.265	6.625
184	-8.977	2.265	6.626
199	-8.977	2.265	6.701
204	-8.977	2.265	6.698
206	-8.977	2.265	6.698
208	-8.977	2.265	6.698
216	-8.977	2.265	6.698
290	-8.977	2.265	10.017
326	-8.977	2.265	10.008
346	-8.977	2.265	10.008
659	-8.783	3.366	0.003
663	-8.783	3.366	0.003
671	-8.783	3.366	0.005
623	-8.770	3.348	0.003
630	-8.770	3.348	0.003
467	-8.769	3.347	0.003
407	-8.768	3.347	0.003
423	-8.768	3.347	0.003
428	-8.768	3.347	0.003
482	-8.768	3.347	0.003
491	-8.768	3.347	0.003
492	-8.768	3.347	0.003
508	-8.768	3.347	0.003
513	-8.768	3.347	0.003
531	-8.768	3.347	0.003
532	-8.768	3.347	0.003
534	-8.768	3.347	0.003
535	-8.768	3.347	0.003
536	-8.768	3.347	0.003
551	-8.768	3.347	0.003
319	-8.767	3.348	0.003
473	-8.765	3.342	0.003
506	-8.765	3.342	0.003
953	-8.763	3.371	0.003
956	-8.763	3.371	0.003
983	-8.763	3.371	0.008
721	-8.763	3.371	0.040
731	-8.763	3.371	0.009
755	-8.763	3.371	0.015
760	-8.763	3.371	0.018
766	-8.763	3.371	0.045
772	-8.763	3.371	0.008
807	-8.763	3.371	0.014
831	-8.763	3.371	0.016
852	-8.763	3.371	0.016
866	-8.763	3.371	0.016
890	-8.763	3.371	0.015
1001	-8.763	3.371	0.018
696	-8.762	3.370	0.026
453	-8.760	3.350	0.064
780	-8.753	3.353	0.012
784	-8.753	3.353	0.015
941	-8.752	3.353	0.016
680	-8.752	3.354	0.018
675	-8.748	3.353	0.043
36	-8.600	2.436	3.254
38	-8.600	2.436	3.257
48	-8.600	2.436	3.257
72	-8.600	2.436	6.167
109	-8.600	2.436	6.168
128	-8.600	2.436	3.901
139	-8.600	2.436	3.901
146	-8.600	2.436	3.901
214	-8.600	2.436	3.901
693	-8.392	3.864	3.896
791	-8.332	3.757	3.899
711	-8.307	3.935	0.003
681	-8.296	3.925	0.002
699	-8.290	3.930	0.002
161	-8.243	2.853	0.010
