658	-8.332	0.000	3.899
975	-8.321	0.024	10.171
858	-8.321	0.036	7.853
768	-8.321	0.006	7.853
832	-8.321	0.015	15.137
968	-8.321	0.033	15.137
829	-8.321	0.011	15.137
958	-8.321	0.011	15.137
961	-8.321	0.014	8.771
972	-8.321	0.011	8.771
981	-8.321	0.015	15.153
989	-8.321	0.012	8.732
712	-8.321	0.010	7.477
725	-8.321	0.010	6.626
736	-8.321	0.010	6.627
738	-8.321	0.011	6.627
741	-8.321	0.010	6.702
767	-8.321	0.009	6.699
771	-8.321	0.010	6.699
773	-8.321	0.009	6.699
800	-8.321	0.010	6.699
810	-8.321	0.011	10.017
812	-8.321	0.010	10.008
846	-8.321	0.010	10.008
849	-8.321	0.009	10.008
850	-8.321	0.016	10.008
857	-8.321	0.010	10.008
861	-8.321	0.010	10.008
865	-8.321	0.010	10.008
869	-8.321	0.010	10.008
876	-8.321	0.010	10.008
886	-8.321	0.010	10.008
891	-8.321	0.011	10.018
892	-8.321	0.010	10.020
1013	-8.321	0.011	10.020
1029	-8.321	0.011	10.020
854	-8.321	0.013	10.020
815	-8.320	0.033	10.020
826	-8.318	0.150	10.020
449	-8.315	0.021	10.020
469	-8.315	0.020	10.020
462	-8.315	0.020	10.020
477	-8.315	0.019	10.020
479	-8.315	0.020	10.018
483	-8.315	0.020	10.018
484	-8.315	0.020	10.020
486	-8.315	0.020	10.020
488	-8.315	0.020	10.020
490	-8.315	0.019	10.020
496	-8.315	0.020	10.016
514	-8.315	0.020	10.018
516	-8.315	0.020	10.024
518	-8.315	0.020	10.025
520	-8.315	0.020	0.003
521	-8.315	0.022	0.002
522	-8.315	0.020	0.002
525	-8.315	0.020	0.002
530	-8.315	0.020	0.002
533	-8.315	0.018	0.001
544	-8.315	0.019	0.002
554	-8.315	0.020	0.002
559	-8.315	0.020	0.002
561	-8.315	0.019	0.002
643	-8.315	0.019	0.003
682	-8.307	0.026	0.002
686	-8.307	0.012	0.002
785	-8.306	0.024	0.004
779	-8.306	0.007	0.003
783	-8.306	0.006	0.035
916	-8.305	0.014	0.002
943	-8.305	0.016	0.002
677	-8.304	0.004	0.002
900	-8.304	0.009	0.002
904	-8.304	0.009	0.002
908	-8.304	0.009	0.002
676	-8.304	0.006	0.002
939	-8.303	0.036	0.002
650	-8.302	0.084	0.002
789	-8.292	0.025	0.002
793	-8.292	0.025	0.002
962	-8.274	1.306	0.002
706	-8.272	1.304	0.002
761	-8.272	1.304	0.002
764	-8.272	1.305	0.002
844	-8.272	1.304	0.002
636	-8.265	1.314	0.003
549	-8.264	1.312	0.002
997	-8.172	0.401	0.018
385	-8.101	3.001	0.028
824	-7.366	0.948	0.070
