669	-10.440	0.000	10.227
979	-10.421	0.002	6.176
838	-10.420	0.002	6.176
703	-10.419	0.002	6.176
797	-10.419	0.002	6.176
878	-10.419	0.002	3.899
927	-10.393	0.003	6.177
694	-10.391	0.003	6.177
633	-10.282	0.013	0.002
648	-10.282	0.013	0.002
786	-10.263	0.014	0.002
594	-10.253	0.014	0.002
595	-10.253	0.015	0.002
608	-10.253	0.014	0.002
580	-10.251	0.015	0.002
588	-10.251	0.015	0.002
683	-10.237	0.015	0.014
685	-10.237	0.015	0.013
662	-9.955	1.284	6.627
954	-9.931	1.283	6.699
955	-9.931	1.283	6.699
991	-9.931	1.283	10.017
853	-9.929	1.283	10.007
719	-9.929	1.283	10.007
727	-9.929	1.283	10.007
728	-9.929	1.283	10.007
757	-9.929	1.283	10.007
621	-9.806	1.285	0.002
627	-9.806	1.285	0.005
631	-9.806	1.284	0.004
640	-9.806	1.285	0.015
596	-9.789	1.285	0.003
606	-9.789	1.285	0.003
609	-9.789	1.285	0.003
611	-9.789	1.285	0.003
615	-9.789	1.285	0.003
487	-9.787	1.285	0.003
573	-9.787	1.285	0.003
581	-9.787	1.285	0.003
583	-9.787	1.285	0.003
585	-9.787	1.285	0.003
586	-9.787	1.285	0.003
377	-9.786	1.285	0.003
33	-9.785	1.285	0.003
776	-9.781	1.283	0.003
684	-9.770	1.284	0.003
906	-9.766	1.284	0.003
451	-9.764	1.284	0.003
794	-9.745	1.279	0.003
660	-8.985	3.387	3.898
667	-8.985	3.387	3.898
655	-8.985	3.387	7.852
982	-8.982	3.387	7.852
1005	-8.982	3.387	7.852
1015	-8.982	3.387	15.136
1022	-8.982	3.387	15.136
932	-8.981	3.387	15.136
934	-8.981	3.387	15.136
701	-8.975	3.387	10.008
709	-8.975	3.387	10.008
745	-8.975	3.387	10.008
802	-8.975	3.387	10.008
809	-8.975	3.387	10.008
814	-8.975	3.387	10.008
820	-8.975	3.387	10.008
828	-8.975	3.387	10.008
893	-8.975	3.387	10.018
895	-8.975	3.387	10.020
622	-8.966	3.388	10.020
624	-8.966	3.388	10.020
626	-8.966	3.388	10.020
629	-8.966	3.388	10.020
646	-8.966	3.388	10.020
619	-8.965	3.387	10.020
598	-8.964	3.387	10.020
604	-8.964	3.387	10.020
610	-8.964	3.387	10.020
616	-8.964	3.388	10.018
599	-8.964	3.387	10.018
914	-8.963	3.387	10.020
920	-8.963	3.387	10.020
569	-8.957	3.387	10.020
571	-8.957	3.387	10.020
572	-8.957	3.387	10.016
576	-8.957	3.387	10.018
578	-8.957	3.387	10.024
579	-8.957	3.387	10.026
584	-8.957	3.387	0.004
587	-8.957	3.387	0.002
781	-8.956	3.387	0.003
617	-8.755	3.991	0.012
1002	-8.735	3.983	0.025
589	-8.731	3.980	0.028
898	-8.729	3.980	0.029
657	-8.712	3.973	0.029
960	-8.708	3.973	0.029
618	-8.706	3.962	0.029
945	-8.704	3.970	0.029
603	-8.704	3.969	0.029
605	-8.704	3.969	0.029
607	-8.704	3.969	0.041
612	-8.704	3.969	0.016
918	-8.702	3.970	0.022
907	-8.702	3.969	0.070
714	-8.697	3.974	0.019
743	-8.697	3.974	0.030
856	-8.697	3.974	0.028
691	-8.696	3.974	0.043
742	-8.695	3.985	0.153
567	-8.693	3.970	0.292
568	-8.693	3.970	0.216
570	-8.693	3.970	0.495
575	-8.693	3.970	0.551
715	-8.598	3.599	10.204
591	-8.593	3.604	10.204
601	-8.593	3.604	10.214
969	-7.808	1.669	0.598
971	-7.808	1.669	0.918
716	-7.808	1.669	1.210
756	-7.808	1.669	1.392
628	-7.755	1.676	3.261
635	-7.755	1.676	3.257
597	-7.741	1.677	10.007
577	-7.741	1.677	10.007
937	-7.737	1.678	10.007
917	-7.736	1.677	10.007
639	-7.691	3.290	0.005
593	-7.689	3.290	0.005
613	-7.689	3.290	0.006
692	-7.686	3.288	0.006
762	-7.686	3.288	0.006
871	-7.686	3.288	0.006
574	-7.681	3.289	0.006
966	-6.168	3.761	0.143
1016	-6.167	3.762	0.034
720	-6.167	3.761	0.032
1000	-6.050	3.814	0.249
946	-5.878	3.816	0.193
