1732	-9.731	0.000	0.003
1778	-9.641	0.051	0.003
1782	-9.641	0.051	0.003
1785	-9.641	0.051	0.013
1791	-9.641	0.051	0.047
1736	-9.619	0.048	0.012
1738	-9.619	0.048	0.016
1753	-9.619	0.048	0.019
1754	-9.619	0.048	0.208
1740	-9.618	0.047	0.010
1756	-9.618	0.047	0.014
1765	-9.618	0.047	0.017
1763	-9.617	0.047	0.017
1767	-9.616	0.047	0.017
1747	-9.615	0.047	0.016
1748	-9.615	0.047	0.019
1749	-9.615	0.047	0.030
1750	-9.615	0.047	0.070
1774	-9.574	0.113	0.015
1780	-9.574	0.113	0.032
1728	-9.557	0.105	0.030
1730	-9.557	0.105	0.030
1757	-9.552	0.109	0.030
1759	-9.552	0.109	0.030
1761	-9.552	0.109	0.030
1771	-8.798	3.128	0.003
1784	-8.798	3.128	0.003
1793	-8.798	3.128	0.003
1743	-8.782	3.129	0.003
1751	-8.781	3.129	0.021
1770	-8.699	3.130	0.020
1776	-8.699	3.130	0.076
1781	-8.699	3.130	0.084
1790	-8.699	3.130	0.147
1721	-8.681	3.130	0.392
1722	-8.681	3.130	0.911
1725	-8.681	3.130	1.186
1726	-8.681	3.130	1.362
1727	-8.681	3.130	1.325
1729	-8.681	3.130	3.259
1735	-8.681	3.131	3.261
1789	-8.579	3.433	3.902
1733	-8.559	3.434	6.176
1734	-8.444	3.439	6.176
1737	-8.444	3.439	3.899
1720	-8.443	3.439	3.899
1723	-8.443	3.439	6.177
1724	-8.443	3.439	6.177
1777	-8.390	3.157	3.899
1783	-8.390	3.157	3.899
1744	-8.373	3.158	3.899
1787	-8.255	3.449	0.002
1773	-8.247	3.449	0.002
1752	-8.235	3.450	0.074
1746	-8.235	3.358	0.010
1758	-8.235	3.358	0.016
1739	-7.104	1.795	0.011
1742	-7.104	1.795	0.012
1745	-7.104	1.795	0.019
1755	-7.104	1.795	0.019
1764	-7.104	1.795	0.019
1731	-6.789	2.652	0.033
1769	-6.650	2.125	0.034
1792	-6.650	2.126	0.033
1766	-6.630	2.111	0.033
1741	-6.425	2.062	0.069
1779	-5.527	2.477	0.380
1786	-5.527	2.477	0.529
1760	-5.393	2.293	0.474
1762	-5.393	2.293	0.945
