1169	-14.232	0.000	0.000
1172	-14.232	0.000	10.569
1197	-14.232	0.000	10.569
1198	-14.232	0.000	12.240
1213	-14.232	0.000	12.238
1217	-14.232	0.000	12.238
1218	-14.232	0.000	12.238
1229	-14.232	0.000	2.198
1237	-14.232	0.000	2.886
1248	-14.232	0.000	2.889
1254	-14.232	0.000	12.238
1267	-14.232	0.000	2.199
1268	-14.232	0.000	2.198
1269	-14.232	0.000	2.329
1273	-14.232	0.000	2.329
1285	-14.232	0.000	2.328
1287	-14.232	0.000	2.328
1297	-14.232	0.000	2.328
1300	-14.232	0.000	2.330
1302	-14.232	0.000	2.330
1303	-14.232	0.000	2.841
1305	-14.232	0.000	2.842
1309	-14.232	0.000	9.695
1315	-14.232	0.000	9.695
1324	-14.232	0.000	9.695
1335	-14.232	0.000	15.996
1340	-14.232	0.000	13.853
1341	-14.232	0.000	14.041
1348	-14.232	0.000	13.585
1349	-14.232	0.000	13.586
1350	-14.232	0.000	11.652
1361	-14.232	0.000	12.767
1370	-14.232	0.000	14.006
1380	-14.232	0.000	12.764
1385	-14.232	0.000	12.760
1400	-14.232	0.000	12.760
1412	-14.232	0.000	12.760
1417	-14.232	0.000	10.140
1426	-14.232	0.000	10.157
1434	-14.232	0.000	14.003
1090	-14.224	0.001	12.766
1091	-14.224	0.001	12.752
1092	-14.224	0.001	9.844
1103	-14.224	0.001	12.567
1109	-14.224	0.001	12.567
1112	-14.224	0.001	12.567
1121	-14.224	0.001	12.567
1146	-14.224	0.001	12.565
1152	-14.224	0.001	12.565
1183	-14.224	0.001	12.565
1284	-14.224	0.001	12.565
1310	-14.224	0.001	12.565
1311	-14.224	0.001	12.563
1312	-14.224	0.001	12.563
1313	-14.224	0.001	15.925
1316	-14.224	0.001	8.973
1328	-14.224	0.001	8.973
1329	-14.224	0.001	8.976
1342	-14.224	0.001	9.976
1346	-14.224	0.001	9.973
1352	-14.224	0.001	9.975
1365	-14.224	0.001	12.306
1366	-14.224	0.001	8.926
1367	-14.224	0.001	8.928
1386	-14.224	0.001	8.928
1397	-14.224	0.001	12.605
1403	-14.224	0.001	12.300
1432	-14.224	0.001	12.300
1433	-14.224	0.001	21.146
1389	-14.223	0.005	5.351
1390	-14.223	0.005	21.133
1392	-14.223	0.005	9.933
1163	-14.205	0.001	11.127
1083	-14.196	0.005	11.201
1085	-14.196	0.005	8.779
1157	-14.196	0.005	9.702
1137	-14.169	0.005	10.997
1153	-14.169	0.005	10.997
1155	-14.169	0.005	9.703
1164	-14.169	0.005	9.703
1208	-14.169	0.005	9.703
1215	-14.169	0.005	11.552
1225	-14.169	0.005	11.545
1235	-14.169	0.005	11.539
1260	-14.169	0.005	11.552
1280	-14.169	0.005	11.545
1289	-14.169	0.005	9.554
1296	-14.169	0.005	9.552
1343	-14.169	0.005	19.981
1374	-14.169	0.005	11.282
1375	-14.169	0.005	20.008
1088	-14.163	0.005	9.986
1089	-14.163	0.005	9.984
1094	-14.163	0.005	9.982
1097	-14.163	0.005	9.983
1098	-14.163	0.005	9.992
1101	-14.163	0.005	9.992
1102	-14.163	0.005	9.988
1120	-14.163	0.005	9.993
1127	-14.163	0.005	20.013
1133	-14.163	0.005	10.393
1134	-14.163	0.005	10.390
1135	-14.163	0.005	10.391
1138	-14.163	0.005	10.776
1139	-14.163	0.005	21.836
1142	-14.163	0.005	10.717
1149	-14.163	0.005	10.717
1154	-14.163	0.005	10.717
1167	-14.163	0.005	10.717
1188	-14.163	0.005	12.019
1192	-14.163	0.005	10.715
1201	-14.163	0.005	10.715
1203	-14.163	0.005	9.382
1204	-14.163	0.005	9.382
1231	-14.163	0.005	9.382
1276	-14.163	0.005	11.150
1308	-14.163	0.005	13.425
1158	-14.144	0.005	20.664
1162	-14.144	0.005	11.034
1395	-14.120	0.033	12.682
1396	-14.120	0.033	2.281
1430	-14.120	0.033	2.600
1212	-13.911	0.753	2.265
1227	-13.911	0.753	2.265
1236	-13.911	0.753	2.264
1238	-13.911	0.753	2.582
1239	-13.911	0.753	2.261
1241	-13.911	0.753	2.581
1243	-13.911	0.753	10.608
1290	-13.911	0.753	1.469
1307	-13.911	0.753	1.475
1344	-13.911	0.753	1.470
1345	-13.911	0.753	1.470
1401	-13.911	0.753	10.692
1402	-13.911	0.753	10.594
1404	-13.911	0.753	10.692
1405	-13.911	0.753	10.692
1410	-13.911	0.753	10.693
1411	-13.911	0.753	10.692
1414	-13.911	0.753	10.692
1420	-13.911	0.753	10.692
1429	-13.911	0.753	10.692
1196	-13.910	0.753	10.692
1278	-13.910	0.753	10.692
1279	-13.910	0.753	10.693
1314	-13.910	0.753	10.693
1327	-13.910	0.753	10.694
1330	-13.910	0.753	10.693
1331	-13.910	0.753	1.377
1332	-13.910	0.753	1.380
1334	-13.910	0.753	10.356
1338	-13.910	0.753	10.357
1171	-13.910	0.753	10.411
1249	-13.910	0.753	10.357
1255	-13.910	0.753	10.387
1257	-13.910	0.753	10.360
1258	-13.910	0.753	10.360
1263	-13.910	0.753	10.360
1264	-13.910	0.753	10.361
1266	-13.910	0.753	0.011
1270	-13.910	0.753	0.024
1295	-13.910	0.753	0.023
1356	-13.910	0.753	0.024
1357	-13.910	0.753	10.569
1358	-13.910	0.753	10.569
1363	-13.910	0.753	10.569
1368	-13.910	0.753	12.240
1369	-13.910	0.753	12.238
1372	-13.910	0.753	12.238
1379	-13.910	0.753	12.238
1381	-13.910	0.753	2.198
1382	-13.910	0.753	2.886
1383	-13.910	0.753	2.889
1384	-13.910	0.753	12.238
1387	-13.910	0.753	2.199
1408	-13.904	0.753	2.198
1422	-13.904	0.753	2.329
1436	-13.904	0.753	2.329
1095	-13.903	0.753	2.328
1099	-13.903	0.753	2.328
1100	-13.903	0.753	2.328
1105	-13.903	0.753	2.330
1107	-13.903	0.753	2.330
1108	-13.903	0.753	2.840
1111	-13.903	0.753	2.842
1122	-13.903	0.753	9.695
1123	-13.903	0.753	9.695
1124	-13.903	0.753	9.695
1128	-13.903	0.753	15.996
1129	-13.903	0.753	13.853
1130	-13.903	0.753	14.041
1140	-13.903	0.753	13.585
1141	-13.903	0.753	13.586
1144	-13.903	0.753	11.652
1147	-13.903	0.753	12.767
1166	-13.903	0.753	14.006
1173	-13.903	0.753	12.764
1187	-13.903	0.753	12.760
1191	-13.903	0.753	12.760
1194	-13.903	0.753	12.760
1250	-13.903	0.753	10.140
1274	-13.903	0.753	10.157
1292	-13.903	0.753	14.003
1317	-13.903	0.753	12.766
1321	-13.903	0.753	12.752
1323	-13.903	0.753	9.844
1325	-13.903	0.753	12.567
1326	-13.903	0.753	12.567
1337	-13.903	0.753	12.567
1347	-13.903	0.753	12.567
1354	-13.903	0.753	12.565
1377	-13.903	0.753	12.565
1388	-13.901	0.753	12.565
1393	-13.901	0.753	12.565
1391	-13.894	0.752	12.565
1159	-13.884	0.753	12.563
1082	-13.874	0.753	12.563
1084	-13.874	0.753	15.925
1086	-13.874	0.753	8.973
1087	-13.850	0.754	8.973
1104	-13.850	0.754	8.976
1110	-13.850	0.754	9.976
1150	-13.850	0.754	9.973
1168	-13.850	0.754	9.975
1170	-13.850	0.754	12.307
1176	-13.850	0.754	8.926
1179	-13.850	0.754	8.928
1180	-13.850	0.754	8.928
1181	-13.850	0.754	12.605
1184	-13.850	0.754	12.300
1186	-13.850	0.754	12.300
1214	-13.850	0.754	21.146
1216	-13.850	0.754	5.351
1224	-13.850	0.754	21.134
1228	-13.850	0.754	9.933
1247	-13.850	0.754	11.127
1259	-13.850	0.754	11.201
1262	-13.850	0.754	8.779
1271	-13.850	0.754	9.702
1293	-13.850	0.754	10.997
1294	-13.850	0.754	10.997
1353	-13.850	0.754	9.703
1376	-13.850	0.754	9.703
1394	-13.850	0.754	9.703
1093	-13.844	0.754	11.552
1096	-13.844	0.754	11.545
1106	-13.844	0.754	11.540
1113	-13.844	0.754	11.552
1114	-13.844	0.754	11.545
1115	-13.844	0.754	9.554
1116	-13.844	0.754	9.553
1117	-13.844	0.754	19.981
1118	-13.844	0.754	11.282
1119	-13.844	0.754	20.008
1125	-13.844	0.754	9.986
1126	-13.844	0.754	9.984
1136	-13.844	0.754	9.982
1145	-13.844	0.754	9.983
1178	-13.844	0.754	9.992
1199	-13.844	0.754	9.992
1200	-13.844	0.754	9.988
1246	-13.844	0.754	9.993
1275	-13.844	0.754	20.013
1165	-13.788	0.023	10.392
1210	-13.788	0.023	10.390
1211	-13.788	0.022	10.390
1234	-13.788	0.023	10.775
1261	-13.788	0.022	21.836
1281	-13.788	0.022	10.717
1288	-13.788	0.023	10.717
1298	-13.788	0.022	10.717
1299	-13.788	0.022	10.717
1336	-13.788	0.023	12.019
1398	-13.788	0.022	10.715
1413	-13.788	0.022	10.715
1427	-13.788	0.023	9.382
1174	-13.788	0.023	9.382
1175	-13.788	0.023	9.382
1185	-13.788	0.023	11.150
1219	-13.788	0.023	13.426
1223	-13.788	0.023	20.664
1230	-13.788	0.023	11.033
1245	-13.788	0.023	12.682
1265	-13.788	0.023	2.281
1272	-13.788	0.023	2.600
1291	-13.788	0.023	2.265
1320	-13.788	0.023	2.265
1322	-13.788	0.023	2.264
1378	-13.788	0.023	2.582
1407	-13.788	0.023	2.262
1416	-13.788	0.023	2.581
1423	-13.788	0.023	10.608
1431	-13.788	0.023	1.469
1286	-13.781	0.022	1.475
1421	-13.781	0.022	1.470
1132	-13.780	0.022	1.470
1156	-13.780	0.022	10.692
1190	-13.780	0.022	10.594
1206	-13.780	0.022	10.692
1226	-13.780	0.022	10.692
1242	-13.780	0.022	10.693
1244	-13.780	0.022	10.692
1252	-13.780	0.022	10.692
1277	-13.780	0.022	10.692
1319	-13.780	0.022	10.692
1359	-13.780	0.022	10.692
1362	-13.780	0.022	10.692
1364	-13.780	0.022	10.693
1161	-13.761	0.022	10.693
1195	-13.463	0.757	10.693
1207	-13.463	0.757	10.693
1222	-13.463	0.757	1.377
1251	-13.463	0.757	1.380
1253	-13.463	0.757	10.356
1282	-13.463	0.757	10.357
1283	-13.463	0.757	10.411
1339	-13.463	0.757	10.357
1351	-13.463	0.757	10.387
1360	-13.463	0.757	10.360
1373	-13.463	0.757	10.360
1399	-13.463	0.757	10.360
1406	-13.463	0.757	10.361
1409	-13.463	0.757	0.012
1415	-13.463	0.757	0.024
1418	-13.463	0.757	0.023
1419	-13.463	0.757	0.024
1425	-13.463	0.757	10.570
1435	-13.463	0.757	10.570
1177	-13.463	0.757	10.570
1182	-13.463	0.757	12.240
1131	-13.456	0.757	12.238
1189	-13.456	0.757	12.238
1193	-13.456	0.757	12.238
1205	-13.456	0.757	2.198
1209	-13.456	0.757	2.885
1304	-13.456	0.757	2.888
1318	-13.456	0.757	12.238
1148	-13.455	0.757	2.199
1151	-13.455	0.757	2.198
1221	-13.455	0.757	2.329
1256	-13.455	0.757	2.329
1371	-13.455	0.757	2.327
1160	-13.435	0.757	2.328
1143	-9.394	3.741	13.585
1202	-9.394	3.741	13.586
1220	-9.394	3.741	11.652
1355	-9.394	3.741	12.768
1424	-9.390	3.742	14.006
1428	-9.390	3.742	12.764
1232	-9.387	3.741	12.760
1233	-9.387	3.741	12.760
1240	-9.387	3.741	12.760
1301	-9.387	3.741	10.140
1306	-9.387	3.741	10.157
1333	-9.387	3.741	14.003
