354	-12.216	0.000	2.328
486	-12.216	0.011	2.329
157	-12.216	0.005	2.330
496	-12.216	0.004	2.840
498	-12.216	0.006	2.842
32	-12.216	0.009	9.695
36	-12.216	0.009	9.695
37	-12.216	0.009	9.695
38	-12.216	0.009	15.996
41	-12.216	0.009	13.854
46	-12.216	0.009	14.041
62	-12.216	0.009	13.586
84	-12.216	0.009	13.586
89	-12.216	0.008	11.652
99	-12.216	0.009	12.767
104	-12.216	0.009	14.006
105	-12.216	0.009	12.764
120	-12.216	0.009	12.760
132	-12.216	0.009	12.760
133	-12.216	0.009	12.760
136	-12.216	0.009	10.140
141	-12.216	0.009	10.157
147	-12.216	0.009	14.004
148	-12.216	0.009	12.766
149	-12.216	0.009	12.752
156	-12.216	0.009	9.844
161	-12.216	0.009	12.567
170	-12.216	0.009	12.567
171	-12.216	0.009	12.567
172	-12.216	0.009	12.567
173	-12.216	0.009	12.565
174	-12.216	0.009	12.565
180	-12.216	0.009	12.565
182	-12.216	0.009	12.565
191	-12.216	0.009	12.565
216	-12.216	0.009	12.563
217	-12.216	0.008	12.563
222	-12.216	0.009	15.926
223	-12.216	0.009	8.973
226	-12.216	0.009	8.973
228	-12.216	0.009	8.976
292	-12.216	0.009	9.976
313	-12.216	0.009	9.973
321	-12.216	0.009	9.975
324	-12.216	0.009	12.307
327	-12.216	0.009	8.925
351	-12.216	0.009	8.928
357	-12.216	0.008	8.928
358	-12.216	0.009	12.605
362	-12.216	0.009	12.300
363	-12.216	0.009	12.300
370	-12.216	0.009	21.146
375	-12.216	0.009	5.351
385	-12.216	0.009	21.134
396	-12.216	0.009	9.933
406	-12.216	0.009	11.127
410	-12.216	0.008	11.201
417	-12.216	0.009	8.779
421	-12.216	0.009	9.702
429	-12.216	0.009	10.997
430	-12.216	0.009	10.997
439	-12.216	0.009	9.703
441	-12.216	0.009	9.703
444	-12.216	0.008	9.703
456	-12.216	0.009	11.552
474	-12.216	0.009	11.545
485	-12.216	0.008	11.540
494	-12.216	0.009	11.552
500	-12.216	0.009	11.545
503	-12.216	0.009	9.554
506	-12.216	0.009	9.553
518	-12.216	0.009	19.982
525	-12.216	0.008	11.282
528	-12.216	0.009	20.008
541	-12.216	0.009	9.986
554	-12.216	0.009	9.984
560	-12.216	0.008	9.982
568	-12.216	0.009	9.983
598	-12.216	0.008	9.992
616	-12.216	0.009	9.992
629	-12.216	0.009	9.988
641	-12.216	0.008	9.993
678	-12.216	0.008	20.013
55	-12.216	0.008	10.392
209	-12.216	0.008	10.389
484	-12.216	0.008	10.390
542	-12.216	0.009	10.775
561	-12.216	0.011	21.836
270	-12.215	0.005	10.716
1	-12.215	0.009	10.716
3	-12.215	0.009	10.716
8	-12.215	0.009	10.716
11	-12.215	0.009	12.019
12	-12.215	0.009	10.714
28	-12.215	0.009	10.715
236	-12.215	0.009	9.382
238	-12.215	0.009	9.382
239	-12.215	0.009	9.382
240	-12.215	0.009	11.150
242	-12.215	0.009	13.426
243	-12.215	0.009	20.664
254	-12.215	0.009	11.033
259	-12.215	0.009	12.682
261	-12.215	0.009	2.281
264	-12.215	0.009	2.600
266	-12.215	0.009	2.265
278	-12.215	0.008	2.265
284	-12.215	0.008	2.264
286	-12.215	0.009	2.582
634	-12.215	0.009	2.262
650	-12.215	0.042	2.581
658	-12.207	0.064	10.608
247	-12.139	0.100	1.470
493	-12.095	1.626	1.476
50	-12.095	1.622	1.471
61	-12.095	1.622	1.471
112	-12.095	1.622	10.693
188	-12.095	1.622	10.595
192	-12.095	1.622	10.693
213	-12.095	1.622	10.693
215	-12.095	1.622	10.693
300	-12.095	1.622	10.693
310	-12.095	1.622	10.693
320	-12.095	1.622	10.693
328	-12.095	1.622	10.693
369	-12.095	1.622	10.693
392	-12.095	1.622	10.693
405	-12.095	1.622	10.694
419	-12.095	1.622	10.694
436	-12.095	1.622	10.694
449	-12.095	1.622	10.694
452	-12.095	1.622	1.377
459	-12.095	1.622	1.380
481	-12.095	1.622	10.357
482	-12.095	1.622	10.357
499	-12.095	1.622	10.412
501	-12.095	1.622	10.357
515	-12.095	1.622	10.388
517	-12.095	1.622	10.360
535	-12.095	1.622	10.361
547	-12.095	1.622	10.361
548	-12.095	1.622	10.362
571	-12.095	1.622	0.012
579	-12.095	1.622	0.025
235	-12.094	1.622	0.024
244	-12.094	1.622	0.025
257	-12.094	1.622	10.570
283	-12.094	1.622	10.570
285	-12.094	1.622	10.570
287	-12.094	1.622	12.241
431	-12.033	0.419	12.239
276	-11.853	0.779	12.239
605	-11.473	1.374	12.238
214	-11.472	1.374	2.198
516	-11.472	1.374	2.886
513	-10.618	2.389	9.696
