1534	-9.002	0.000	4.419
1473	-8.916	0.517	4.419
1369	-8.865	0.695	12.745
1528	-8.864	0.747	12.745
1571	-8.862	0.764	12.774
1559	-8.845	0.521	3.945
1517	-8.818	0.938	11.693
1565	-8.748	1.091	3.918
1460	-8.599	1.129	5.798
1516	-8.530	1.230	6.974
1353	-8.288	2.281	11.107
1317	-8.287	2.281	12.250
1511	-8.286	2.282	12.253
1492	-8.286	2.281	12.248
1339	-8.286	2.281	12.253
1557	-8.286	2.281	12.261
1533	-8.286	2.280	3.855
1347	-8.189	2.284	4.750
1377	-8.189	2.288	4.750
1356	-8.188	2.284	4.750
1396	-8.188	2.284	4.750
1298	-8.187	2.287	4.750
1372	-8.186	2.267	4.750
1470	-8.186	2.278	4.751
1259	-8.186	2.284	4.751
1270	-8.186	2.284	4.751
1271	-8.186	2.284	4.750
1275	-8.186	2.284	12.686
1276	-8.186	2.284	12.684
1311	-8.186	2.284	4.579
1313	-8.186	2.284	4.429
1324	-8.186	2.284	4.429
1328	-8.186	2.284	4.429
1341	-8.186	2.284	4.429
1432	-8.186	2.284	4.512
1437	-8.186	2.284	4.429
1451	-8.186	2.284	4.429
1452	-8.186	2.284	4.429
1455	-8.186	2.284	4.549
1457	-8.186	2.284	12.753
1475	-8.186	2.284	12.741
1484	-8.186	2.284	12.740
1491	-8.186	2.287	12.769
1493	-8.186	2.283	3.931
1335	-8.186	2.284	3.931
1450	-8.186	2.284	4.111
1330	-8.185	2.281	4.111
1586	-8.185	2.284	4.111
1567	-8.185	2.295	4.111
1570	-8.184	2.291	11.683
1376	-8.183	2.313	12.438
1410	-8.176	2.285	12.440
1579	-8.175	2.319	4.115
1474	-8.168	2.341	11.688
1399	-8.166	2.281	11.688
1354	-8.166	2.284	11.545
1380	-8.166	2.283	11.545
1428	-8.164	2.278	11.548
1260	-8.164	2.285	11.549
1315	-8.164	2.284	11.549
1503	-8.164	2.285	11.548
1480	-8.164	2.285	11.550
1485	-8.164	2.285	12.403
1506	-8.164	2.290	12.405
1515	-8.161	2.265	3.916
1389	-8.159	1.998	3.916
1420	-8.159	1.998	3.916
1453	-8.159	1.991	11.559
1495	-8.159	1.994	8.026
1505	-8.159	1.995	8.141
1552	-8.159	1.989	4.051
1564	-8.158	2.006	7.679
1440	-8.158	1.997	0.033
1316	-8.158	1.994	12.536
1336	-8.158	1.994	7.675
1489	-8.158	1.994	0.046
1529	-8.158	1.994	0.019
1560	-8.158	1.994	0.019
1320	-8.158	1.994	0.019
1425	-8.158	1.986	0.019
1549	-8.157	2.019	3.916
1490	-8.155	2.299	0.016
626	-8.153	3.100	7.689
1467	-8.153	2.363	0.032
1286	-8.117	2.389	0.876
1436	-8.114	2.325	0.876
1373	-8.060	1.966	14.106
1513	-8.059	1.984	14.106
1538	-8.059	1.986	14.074
1446	-8.058	1.984	7.946
1326	-8.058	1.984	8.516
1444	-8.058	1.982	2.771
1498	-8.058	1.960	7.954
1296	-8.057	2.024	3.109
613	-8.036	2.853	6.901
1361	-8.029	2.637	3.701
1500	-8.026	2.249	13.387
1507	-8.021	2.592	2.519
1576	-8.012	2.532	7.025
1518	-7.859	1.448	0.875
1526	-7.664	2.646	6.900
1554	-7.555	2.114	12.440
1472	-7.555	2.118	4.115
1535	-7.551	2.102	11.688
1346	-7.551	2.113	11.688
1297	-7.550	2.100	11.545
1283	-7.550	2.107	11.545
1543	-7.375	2.664	0.878
1551	-7.375	2.664	8.130
1374	-7.375	2.665	7.891
1262	-7.374	2.664	7.891
1514	-7.374	2.665	7.890
1267	-7.373	2.664	3.968
1476	-7.373	2.665	3.969
1558	-7.373	2.665	3.969
1471	-7.373	2.665	12.421
1278	-7.373	2.665	7.909
1241	-7.373	2.666	7.908
1413	-7.310	2.667	14.074
1381	-7.243	3.425	5.804
1388	-7.173	3.648	7.025
1544	-7.172	3.649	5.222
1547	-7.172	3.649	11.613
1569	-7.171	3.648	11.080
1481	-7.171	3.649	11.080
1510	-7.171	3.649	11.645
1357	-7.162	3.656	11.645
1375	-7.162	3.656	11.106
1379	-7.162	3.656	11.107
1393	-7.162	3.656	11.107
1404	-7.162	3.656	11.107
1448	-7.161	3.656	12.250
1300	-7.160	3.656	12.253
1364	-7.143	3.533	12.253
1419	-7.142	3.534	12.261
1521	-7.142	3.532	3.855
1295	-7.141	3.520	4.751
1548	-7.141	3.538	4.751
1406	-7.137	3.536	4.754
1387	-7.136	3.955	4.750
1287	-7.134	3.955	4.750
1309	-7.134	3.955	4.750
1412	-7.134	3.954	4.750
1527	-7.134	3.954	4.750
1430	-7.134	3.954	4.750
1585	-7.133	3.955	4.751
1409	-7.130	3.955	12.684
1550	-7.129	3.447	4.579
1401	-7.071	3.961	4.512
1441	-7.069	3.961	4.429
1445	-7.069	3.961	4.429
1454	-7.069	3.961	4.549
1459	-7.069	3.961	12.753
1465	-7.069	3.961	12.741
1504	-7.069	3.961	12.740
1512	-7.069	3.961	12.769
1520	-7.069	3.961	3.931
1542	-7.069	3.961	3.931
1583	-7.068	3.961	4.111
1345	-7.066	3.540	4.111
1408	-7.062	3.962	4.111
1434	-7.060	3.484	11.683
1411	-7.047	3.562	11.548
1531	-7.047	3.563	11.549
1530	-7.047	3.963	11.549
1395	-6.957	3.721	12.403
1366	-6.852	3.644	8.026
