1603	-13.840	0.000	0.000
1675	-13.300	2.235	5.934
1655	-13.299	2.235	3.020
1677	-13.297	2.235	3.045
1689	-13.297	2.235	4.316
1705	-13.297	2.235	2.788
1712	-13.297	2.235	2.788
1639	-13.292	2.235	2.788
1604	-13.235	2.629	2.790
1657	-13.231	2.630	2.790
1659	-13.231	2.630	2.790
1713	-13.203	2.581	1.074
1663	-13.202	2.581	2.789
1730	-13.202	2.581	2.781
1619	-13.201	2.570	2.780
1628	-13.192	2.587	7.261
1652	-13.192	2.571	8.884
1669	-13.084	2.591	8.884
1709	-13.056	2.344	8.884
1707	-13.044	2.585	2.430
1693	-13.006	2.233	2.429
1682	-12.977	1.422	2.429
1685	-12.977	1.422	11.350
1687	-12.977	1.422	8.891
1728	-12.976	1.423	8.891
1721	-12.975	1.423	8.891
1626	-12.968	1.423	3.348
1635	-12.968	1.423	3.708
1698	-12.805	3.084	3.711
1672	-12.804	3.083	12.435
1719	-12.804	3.084	12.436
1683	-12.803	3.083	12.407
1666	-12.803	3.083	8.861
1668	-12.803	3.083	10.028
1608	-12.800	3.084	3.080
1610	-12.800	3.084	8.863
1613	-12.800	3.084	3.421
1650	-12.800	3.084	3.028
1646	-12.799	3.084	3.028
1633	-12.797	3.084	4.881
1638	-12.797	3.084	4.881
1673	-12.790	3.090	4.880
1654	-12.789	3.090	11.651
1656	-12.789	3.090	2.039
1667	-12.786	3.089	2.039
1627	-12.785	3.090	2.063
1601	-12.785	3.090	2.045
1602	-12.785	3.090	5.814
1671	-12.784	3.084	11.654
1706	-12.784	3.084	11.655
1661	-12.783	3.085	2.995
1620	-12.783	3.090	11.647
1621	-12.783	3.090	3.622
1642	-12.782	3.090	3.620
1723	-12.756	3.087	3.620
1690	-12.738	3.088	3.621
1674	-12.737	3.088	3.613
1722	-12.736	3.088	3.613
1629	-12.733	3.088	3.611
1630	-12.733	3.088	3.634
1720	-12.638	3.088	3.986
1717	-12.602	1.431	6.426
1718	-12.528	1.435	6.426
1658	-12.258	1.921	6.420
1606	-12.256	1.921	6.275
1624	-12.256	1.921	4.987
1625	-12.256	1.921	7.315
1647	-12.255	1.921	7.315
1593	-12.119	2.471	7.315
1598	-12.119	2.471	7.315
1680	-12.117	2.471	4.991
1684	-12.032	1.343	7.324
1710	-12.031	1.343	7.325
1701	-12.031	1.343	5.224
1724	-12.026	1.342	5.372
1614	-12.023	1.343	5.370
1623	-12.021	1.343	12.268
1651	-12.013	2.476	7.641
1631	-11.981	2.474	8.932
1645	-11.981	2.474	8.572
1711	-11.979	2.475	4.439
1662	-11.979	2.475	10.450
1605	-11.935	1.342	9.852
1607	-11.935	1.342	9.852
1609	-11.935	1.342	10.475
1595	-11.934	1.342	10.477
1599	-11.934	1.342	9.878
1589	-11.927	1.341	9.879
1597	-11.927	1.341	9.879
1692	-11.859	1.341	9.879
1703	-11.858	1.341	11.075
1729	-11.857	1.341	11.078
1696	-11.852	1.340	11.073
1708	-11.852	1.340	11.079
1715	-11.852	1.340	11.089
1649	-11.846	1.341	2.136
1644	-11.845	1.341	5.668
1611	-11.839	1.339	5.668
1612	-11.839	1.339	5.677
1616	-11.839	1.339	5.668
1617	-11.839	1.339	5.668
1653	-11.729	1.345	5.668
1688	-11.722	1.363	5.668
1699	-11.519	1.758	5.668
1691	-11.276	1.979	5.671
1678	-11.239	2.371	5.671
1702	-10.990	1.974	10.567
1632	-10.968	2.517	6.283
1594	-10.968	2.517	5.993
1588	-10.956	2.518	3.024
1590	-10.956	2.518	11.853
1592	-10.956	2.518	5.923
1596	-10.956	2.518	3.029
1641	-10.956	2.518	3.018
1665	-10.931	2.555	3.018
1664	-10.864	2.525	2.785
1731	-10.859	2.653	2.787
1695	-10.859	2.653	2.787
1660	-10.851	2.526	1.073
1618	-10.847	2.527	2.786
1704	-10.843	2.654	2.778
1600	-10.842	2.658	7.258
1636	-10.838	2.654	8.886
1727	-10.812	2.684	8.886
1700	-10.803	2.685	2.434
1681	-10.802	2.685	2.433
1637	-10.798	2.685	2.433
1591	-10.797	2.685	11.354
1716	-10.724	2.655	3.709
1694	-10.696	2.660	12.433
1670	-10.686	2.654	12.434
1643	-10.683	2.660	12.405
1622	-10.196	3.088	3.018
1634	-10.196	3.088	3.017
1679	-10.039	3.109	8.893
1686	-10.038	3.109	3.347
1725	-10.037	3.108	3.709
1615	-10.035	3.108	3.711
1676	-9.805	3.108	10.726
1726	-9.804	3.108	11.850
1640	-9.720	2.144	8.886
1648	-9.720	2.144	2.434
1697	-9.648	2.148	12.433
