392	-9.297	0.000	10.567
397	-9.297	0.000	10.567
437	-9.297	0.001	10.571
450	-9.297	0.000	10.572
463	-9.297	0.000	10.572
467	-9.297	0.000	10.577
193	-9.296	0.014	10.579
179	-9.295	0.014	11.806
656	-9.292	0.014	3.088
375	-9.291	2.615	3.088
26	-9.286	0.013	3.088
35	-9.286	0.013	10.592
40	-9.286	0.013	6.194
49	-9.286	0.013	6.282
57	-9.286	0.013	5.993
66	-9.286	0.013	5.926
243	-9.286	0.013	3.024
1	-9.285	0.013	11.854
101	-9.285	0.013	5.922
152	-9.285	0.013	3.029
704	-9.285	0.013	3.018
23	-9.285	0.004	3.018
337	-9.283	0.015	3.018
342	-9.283	0.015	3.018
350	-9.283	0.015	4.535
627	-9.283	0.015	3.017
693	-9.283	0.015	5.932
699	-9.283	0.015	3.019
588	-9.283	0.015	3.048
604	-9.283	0.015	4.316
201	-9.282	0.051	2.785
481	-9.274	0.014	2.785
487	-9.274	0.014	2.785
504	-9.273	0.014	2.787
508	-9.273	0.014	2.787
513	-9.273	0.014	2.787
621	-9.236	2.602	2.786
687	-9.229	2.615	2.778
547	-9.229	2.613	2.778
664	-9.229	2.614	7.257
629	-9.229	2.613	8.886
516	-9.229	2.624	8.886
526	-9.229	2.624	8.886
527	-9.229	2.621	2.434
329	-9.229	2.619	2.434
524	-9.229	2.625	2.433
533	-9.229	2.624	11.354
363	-9.229	2.627	8.893
368	-9.229	2.626	8.893
525	-9.229	2.622	8.893
634	-9.229	2.628	3.347
647	-9.229	2.623	3.708
648	-9.229	2.624	3.711
662	-9.229	2.627	12.433
336	-9.229	2.642	12.433
638	-9.229	2.628	12.405
696	-9.229	2.616	8.863
678	-9.229	2.630	10.030
701	-9.229	2.633	3.080
331	-9.229	2.625	8.865
483	-9.228	2.623	3.423
493	-9.228	2.627	3.031
169	-9.228	2.624	3.031
453	-9.228	2.615	4.882
442	-9.228	2.602	4.883
469	-9.228	2.616	4.882
414	-9.228	2.617	11.650
435	-9.228	2.618	2.033
438	-9.228	2.615	2.033
428	-9.228	2.619	2.058
386	-9.228	2.618	2.040
575	-9.227	2.626	5.815
594	-9.227	2.627	11.653
300	-9.227	2.625	11.653
586	-9.227	2.624	2.998
609	-9.227	2.619	11.646
1835	-9.227	1.978	3.622
585	-9.226	2.598	3.620
37	-9.223	2.626	3.620
87	-9.223	2.630	3.621
31	-9.223	2.631	3.613
63	-9.223	2.630	3.613
71	-9.223	2.628	3.611
272	-9.223	2.630	3.634
275	-9.223	2.630	3.988
30	-9.223	2.635	6.426
25	-9.223	2.630	6.426
32	-9.222	2.607	6.421
260	-9.222	2.619	6.276
55	-9.222	2.632	4.986
144	-9.222	2.622	7.315
291	-9.222	2.627	7.315
15	-9.222	2.628	7.315
45	-9.222	2.628	7.315
247	-9.222	2.631	4.990
38	-9.222	2.618	7.325
36	-9.222	2.611	7.325
34	-9.222	2.624	5.226
181	-9.221	2.631	5.373
18	-9.221	2.586	5.371
114	-9.220	2.575	12.265
229	-9.220	2.633	7.638
2	-9.220	2.633	8.933
205	-9.220	2.632	8.573
221	-9.220	2.646	4.435
228	-9.220	2.630	11.618
436	-9.192	1.897	11.087
564	-9.186	1.898	11.086
167	-9.178	1.897	11.649
361	-9.169	1.904	11.649
611	-9.169	1.902	11.112
592	-9.169	1.901	11.113
496	-9.167	1.879	11.113
644	-9.164	1.887	11.113
143	-9.163	1.887	12.254
702	-9.144	1.868	12.257
578	-9.138	1.927	12.252
22	-9.005	0.519	4.419
384	-8.838	2.417	3.945
391	-8.836	2.194	4.096
413	-8.836	2.214	4.096
615	-8.829	1.502	4.096
352	-8.829	1.559	4.096
614	-8.828	1.584	11.688
355	-8.824	1.756	12.439
530	-8.823	1.547	12.441
507	-8.823	1.551	4.100
27	-8.821	1.481	11.692
312	-8.817	2.429	11.548
344	-8.817	2.451	11.548
625	-8.815	2.157	11.551
548	-8.814	1.934	11.552
514	-8.814	2.446	11.552
519	-8.811	2.274	11.551
90	-8.809	2.461	11.553
581	-8.801	2.555	12.404
468	-8.773	2.503	12.405
498	-8.121	2.732	6.119
380	-7.264	2.622	4.103
427	-7.264	2.624	4.083
703	-7.245	2.624	5.014
641	-7.245	2.624	5.083
314	-7.245	2.624	5.083
646	-7.245	2.625	5.079
332	-7.245	2.624	5.439
590	-7.244	2.624	6.938
580	-7.244	2.625	5.804
42	-7.222	2.620	5.804
278	-7.222	2.621	6.944
259	-7.222	2.623	5.813
288	-7.222	2.623	5.814
296	-7.222	2.623	7.160
570	-6.669	2.682	0.016
550	-6.646	2.698	0.032
394	-6.610	2.756	0.876
452	-6.610	2.752	0.876
454	-6.610	2.754	0.876
370	-6.587	2.756	0.876
518	-6.584	2.754	0.878
249	-6.566	2.745	0.878
280	-6.566	2.753	8.130
255	-6.565	2.755	7.891
540	-6.559	2.801	7.891
273	-6.546	2.741	7.890
597	-6.543	2.934	3.968
383	-6.459	2.730	7.909
443	-6.459	2.730	7.908
431	-6.459	2.730	7.908
489	-6.455	2.730	1.086
282	-6.449	2.731	5.528
471	-6.449	2.731	5.531
311	-6.442	2.730	14.106
313	-6.442	2.730	14.106
373	-6.442	2.730	14.074
695	-6.442	2.730	7.946
583	-6.442	2.730	8.516
608	-6.442	2.730	2.771
617	-6.442	2.730	7.954
688	-6.434	3.030	3.109
425	-6.430	2.659	2.849
455	-6.430	2.658	2.849
320	-6.412	2.658	6.900
349	-6.412	2.658	6.901
642	-6.412	2.658	6.900
690	-6.412	2.658	13.382
691	-6.412	2.658	3.694
576	-6.411	2.658	3.694
579	-6.411	2.659	3.718
227	-6.410	2.658	3.701
310	-6.410	3.040	8.091
478	-6.405	2.659	13.387
522	-6.405	2.659	2.519
523	-6.405	2.659	13.358
537	-6.405	2.659	4.111
541	-6.405	2.659	4.103
423	-6.368	3.223	4.103
307	-6.340	3.258	5.014
476	-6.312	3.377	5.804
304	-6.193	3.586	6.944
279	-5.752	2.918	8.668
287	-5.752	2.919	7.361
