1750	-4.961	0.000	3.032
1759	-4.961	0.000	11.961
1725	-4.936	0.034	3.025
1726	-4.936	0.034	3.024
1727	-4.936	0.034	10.777
1728	-4.936	0.034	9.991
1729	-4.936	0.034	9.988
1730	-4.936	0.034	9.987
1731	-4.936	0.034	21.371
1732	-4.936	0.034	1.919
1733	-4.936	0.034	2.151
1734	-4.936	0.034	1.951
1735	-4.936	0.034	9.649
1736	-4.936	0.034	9.484
1737	-4.936	0.034	9.483
1738	-4.936	0.034	9.683
1739	-4.936	0.034	9.676
1740	-4.936	0.034	9.498
1741	-4.936	0.034	9.498
1742	-4.936	0.034	9.497
1743	-4.936	0.034	9.497
1744	-4.936	0.034	9.803
1745	-4.936	0.034	9.806
1746	-4.936	0.034	9.806
1747	-4.936	0.034	9.806
1748	-4.936	0.034	9.804
1749	-4.936	0.034	8.756
1751	-4.936	0.034	5.476
1752	-4.936	0.034	5.476
1753	-4.936	0.034	5.454
1754	-4.936	0.034	5.474
1755	-4.936	0.034	5.474
1757	-4.936	0.034	5.474
1760	-4.936	0.034	5.474
1761	-4.936	0.034	5.474
1762	-4.936	0.034	5.452
1763	-4.936	0.034	5.479
1764	-4.936	0.034	5.478
1765	-4.936	0.034	5.478
1766	-4.936	0.034	5.477
1767	-4.936	0.034	10.213
1768	-4.936	0.034	10.218
1770	-4.936	0.034	10.222
1772	-4.936	0.034	5.063
1773	-4.936	0.034	5.063
1774	-4.936	0.034	5.062
1775	-4.936	0.034	5.062
1776	-4.936	0.034	5.171
1778	-4.936	0.034	5.069
1779	-4.936	0.034	5.069
1780	-4.936	0.034	5.069
1781	-4.936	0.034	5.284
1782	-4.936	0.034	9.934
1784	-4.936	0.034	9.922
1785	-4.936	0.034	9.921
1787	-4.936	0.034	9.936
1788	-4.936	0.034	8.723
1789	-4.936	0.034	8.723
1790	-4.936	0.034	5.528
1793	-4.936	0.034	5.527
1794	-4.936	0.034	5.527
1795	-4.936	0.034	5.527
1796	-4.936	0.034	8.428
1797	-4.936	0.034	8.428
1800	-4.936	0.034	8.428
1801	-4.936	0.034	5.529
1803	-4.936	0.034	9.197
1804	-4.936	0.034	9.197
1805	-4.936	0.034	9.022
1786	-4.695	0.123	9.022
1769	-4.675	0.132	9.009
1771	-4.675	0.132	9.007
1777	-4.675	0.132	8.423
1791	-4.675	0.132	8.422
1792	-4.675	0.132	7.143
1802	-4.675	0.132	7.143
1799	-4.616	0.471	7.143
1756	-4.591	1.502	8.997
1758	-4.591	1.502	13.864
1783	-4.498	2.077	7.901
1806	-4.455	2.083	7.901
1798	-4.141	1.910	6.476
