1645	-9.122	0.000	0.000
1624	-9.121	0.000	10.126
1625	-9.121	0.000	10.128
1626	-9.121	0.000	12.408
1689	-9.073	0.010	14.097
1706	-9.073	0.010	14.105
1579	-9.065	0.012	14.087
1583	-9.065	0.012	14.087
1619	-9.065	0.012	14.087
1620	-9.065	0.012	14.087
1569	-9.056	0.012	16.503
1629	-8.978	0.009	14.086
1630	-8.978	0.009	15.067
1638	-8.978	0.009	12.406
1648	-8.978	0.009	14.583
1697	-8.978	0.009	10.905
1707	-8.978	0.009	13.851
1651	-8.977	0.009	13.851
1652	-8.977	0.009	13.851
1653	-8.977	0.009	13.854
1654	-8.977	0.009	13.855
1658	-8.977	0.009	13.855
1668	-8.977	0.009	12.711
1682	-8.977	0.009	13.854
1628	-8.972	0.009	13.847
1631	-8.972	0.009	13.847
1633	-8.972	0.009	15.257
1635	-8.972	0.009	20.990
1636	-8.972	0.009	20.990
1644	-8.972	0.009	20.991
1647	-8.972	0.009	13.635
1690	-8.972	0.009	12.743
1696	-8.972	0.009	13.635
1705	-8.972	0.009	20.996
1655	-8.972	0.009	20.992
1665	-8.972	0.009	20.992
1667	-8.972	0.009	20.992
1683	-8.972	0.009	20.992
1712	-8.972	0.009	11.305
1713	-8.972	0.009	11.305
1714	-8.972	0.009	0.062
1718	-8.972	0.009	0.067
1724	-8.972	0.009	0.004
1607	-8.970	0.009	20.985
1570	-8.964	0.008	22.096
1571	-8.964	0.008	14.468
1573	-8.964	0.008	14.480
1574	-8.964	0.008	21.333
1575	-8.964	0.008	14.515
1576	-8.964	0.008	14.515
1578	-8.964	0.008	13.182
1580	-8.964	0.008	13.182
1584	-8.964	0.008	13.182
1586	-8.964	0.008	3.061
1587	-8.964	0.008	12.655
1589	-8.964	0.008	12.655
1591	-8.964	0.008	12.643
1595	-8.964	0.008	13.001
1600	-8.964	0.008	13.000
1601	-8.964	0.008	3.063
1603	-8.964	0.008	13.001
1605	-8.964	0.008	14.443
1610	-8.964	0.008	12.969
1612	-8.964	0.008	14.646
1613	-8.964	0.008	14.642
1614	-8.964	0.008	14.642
1621	-8.964	0.008	14.642
1582	-8.964	0.008	14.651
1664	-8.885	0.099	14.651
1685	-8.847	0.101	14.648
1632	-8.730	1.562	14.629
1634	-8.730	1.562	14.362
1637	-8.730	1.562	18.093
1639	-8.730	1.562	18.556
1640	-8.730	1.562	18.551
1641	-8.730	1.562	18.498
1642	-8.730	1.562	11.274
1643	-8.730	1.562	19.285
1646	-8.730	1.562	19.285
1660	-8.730	1.562	19.285
1661	-8.730	1.562	19.285
1662	-8.730	1.562	11.282
1663	-8.730	1.562	19.294
1672	-8.730	1.562	19.295
1673	-8.730	1.562	13.107
1676	-8.730	1.562	13.919
1677	-8.730	1.562	13.920
1678	-8.730	1.562	13.921
1679	-8.730	1.562	1.799
1680	-8.730	1.562	21.161
1681	-8.730	1.562	20.805
1691	-8.730	1.562	22.298
1692	-8.730	1.562	19.989
1694	-8.730	1.562	19.385
1698	-8.730	1.562	19.385
1699	-8.730	1.562	20.000
1700	-8.730	1.562	20.007
1709	-8.730	1.562	19.407
1710	-8.730	1.562	19.408
1719	-8.730	1.562	19.410
1722	-8.730	1.562	19.411
1723	-8.730	1.562	20.516
1623	-8.725	1.561	20.518
1627	-8.725	1.561	20.519
1656	-8.725	1.561	20.518
1666	-8.725	1.561	20.532
1674	-8.725	1.561	13.017
1675	-8.725	1.561	16.939
1686	-8.725	1.561	16.939
1687	-8.725	1.561	16.948
1693	-8.725	1.561	16.939
1695	-8.725	1.561	16.939
1701	-8.725	1.561	16.939
1703	-8.725	1.561	16.939
1704	-8.725	1.561	16.939
1708	-8.725	1.561	16.940
1716	-8.725	1.561	16.937
1717	-8.725	1.561	16.938
1720	-8.725	1.561	16.938
1721	-8.725	1.561	16.938
1581	-8.724	1.560	20.755
1592	-8.724	1.560	20.748
1593	-8.724	1.560	20.750
1594	-8.724	1.560	16.941
1596	-8.724	1.560	16.941
1597	-8.724	1.560	16.941
1598	-8.724	1.560	16.941
1599	-8.724	1.560	16.849
1604	-8.724	1.560	16.938
1608	-8.724	1.560	16.938
1611	-8.724	1.560	16.938
1615	-8.724	1.560	16.868
1616	-8.724	1.560	21.133
1617	-8.724	1.560	21.126
1618	-8.724	1.560	21.125
1572	-8.719	1.559	21.147
1585	-8.719	1.559	13.123
1588	-8.719	1.559	13.123
1590	-8.719	1.559	17.375
1602	-8.719	1.559	17.376
1606	-8.719	1.559	17.376
1609	-8.719	1.559	17.376
1657	-8.687	1.666	22.294
1622	-8.685	1.551	22.292
1577	-8.680	1.667	22.295
1670	-8.680	1.550	17.377
1688	-8.680	1.550	20.478
1702	-8.666	0.099	20.478
1684	-8.665	0.099	20.364
1715	-8.665	0.099	20.364
1649	-8.638	1.671	20.367
1650	-8.638	1.671	20.370
1659	-8.638	1.671	20.369
1669	-8.638	1.671	20.383
1671	-8.638	1.671	20.387
1711	-8.638	1.671	22.243
