1549	-8.318	0.000	3.347
1557	-8.318	0.000	3.433
1567	-8.318	0.001	3.353
1577	-8.318	0.001	3.352
1585	-8.318	0.001	3.353
1604	-8.318	0.001	3.354
1613	-8.318	0.001	10.775
1310	-8.317	0.002	2.973
397	-8.316	0.003	2.972
573	-8.316	0.002	2.972
577	-8.316	0.002	2.972
586	-8.316	0.002	9.598
587	-8.316	0.002	9.690
600	-8.316	0.002	9.690
601	-8.316	0.002	2.977
657	-8.316	0.002	9.600
677	-8.316	0.002	9.601
668	-8.315	0.002	9.416
669	-8.315	0.002	9.418
984	-8.315	0.002	9.418
803	-8.315	0.002	9.418
832	-8.315	0.002	9.409
846	-8.315	0.002	9.409
849	-8.315	0.002	9.669
904	-8.315	0.002	9.669
905	-8.315	0.002	5.014
1069	-8.315	0.002	5.014
1445	-8.314	0.001	5.015
1459	-8.314	0.001	11.426
1482	-8.314	0.001	11.266
1485	-8.314	0.001	11.378
1500	-8.314	0.001	10.972
1502	-8.314	0.001	10.973
1504	-8.314	0.001	6.301
1498	-8.314	0.001	4.705
37	-8.312	0.003	11.416
702	-8.310	0.003	4.696
932	-8.310	0.003	4.711
1409	-8.310	0.002	4.711
1410	-8.310	0.002	4.711
1420	-8.310	0.002	3.105
1424	-8.310	0.002	3.114
1434	-8.310	0.002	11.416
148	-8.289	0.011	3.825
163	-8.289	0.011	3.825
181	-8.289	0.011	3.823
206	-8.289	0.011	5.791
207	-8.289	0.011	5.791
216	-8.289	0.011	5.788
108	-8.284	0.013	3.854
130	-8.284	0.013	3.854
558	-8.280	0.015	3.678
236	-8.280	0.015	4.409
237	-8.280	0.015	4.471
331	-8.280	0.015	3.928
375	-8.280	0.015	8.625
394	-8.280	0.015	4.743
439	-8.280	0.015	4.743
334	-8.280	0.015	8.624
335	-8.280	0.015	8.625
336	-8.280	0.015	8.624
538	-8.280	0.015	6.621
541	-8.280	0.015	6.600
544	-8.280	0.015	6.590
581	-8.280	0.015	6.625
585	-8.280	0.015	6.604
643	-8.280	0.015	9.753
654	-8.280	0.015	9.760
672	-8.280	0.015	17.536
1004	-8.280	0.015	4.655
718	-8.280	0.015	17.500
812	-8.280	0.015	5.181
32	-8.276	0.015	5.161
243	-7.890	3.866	11.938
277	-7.890	3.866	11.552
300	-7.890	3.866	11.553
314	-7.890	3.866	7.238
377	-7.890	3.866	5.709
390	-7.890	3.866	11.977
416	-7.890	3.866	5.701
422	-7.890	3.866	5.715
517	-7.890	3.866	5.715
521	-7.890	3.866	5.715
230	-7.890	3.866	3.853
412	-7.890	3.866	3.865
565	-7.890	3.866	11.978
606	-7.890	3.866	5.695
621	-7.890	3.866	5.722
730	-7.889	3.866	5.379
857	-7.889	3.866	5.804
1395	-7.889	3.866	5.804
1570	-7.889	0.462	5.804
467	-7.888	3.866	5.804
469	-7.887	3.866	5.800
393	-7.886	3.863	5.800
444	-7.886	3.863	5.800
518	-7.886	3.863	5.799
536	-7.886	3.863	5.799
182	-7.886	3.863	5.808
1517	-7.885	3.867	5.808
607	-7.885	0.462	3.261
612	-7.885	0.462	5.276
943	-7.885	0.462	9.340
961	-7.885	0.462	9.342
1005	-7.885	0.462	19.235
1008	-7.885	0.462	11.401
1444	-7.884	3.867	19.206
1449	-7.884	3.867	3.094
1457	-7.884	3.866	5.455
1462	-7.884	3.867	5.584
1470	-7.884	3.867	3.326
1473	-7.884	3.867	9.156
1479	-7.884	3.867	5.742
1496	-7.884	3.867	5.742
617	-7.884	0.462	9.155
1407	-7.883	3.866	9.157
1418	-7.883	3.866	9.155
933	-7.880	0.462	7.324
188	-7.868	0.936	7.304
1729	-7.866	3.856	7.295
1665	-7.865	3.856	7.327
1705	-7.865	3.856	7.308
563	-7.862	3.855	10.217
661	-7.861	3.855	10.224
712	-7.861	3.855	18.448
740	-7.861	3.855	5.718
1566	-7.860	0.935	18.429
1538	-7.858	3.856	5.516
1547	-7.858	3.856	5.520
1560	-7.858	3.856	5.523
1568	-7.858	3.856	5.521
1569	-7.858	3.856	5.498
1573	-7.858	3.856	5.499
1579	-7.858	3.856	5.509
1581	-7.858	3.856	5.495
1598	-7.858	3.856	18.459
1463	-7.856	3.855	1.120
1464	-7.856	3.855	1.125
1489	-7.856	3.855	1.126
1492	-7.856	3.855	1.437
1505	-7.856	3.855	18.492
988	-7.856	0.935	0.088
989	-7.856	0.935	0.088
990	-7.856	0.934	0.088
992	-7.856	0.935	0.088
1071	-7.856	0.934	10.238
772	-7.855	0.934	0.099
809	-7.855	0.934	0.099
1284	-7.852	0.934	8.352
1396	-7.852	0.934	8.352
1398	-7.852	0.934	8.349
1400	-7.852	0.934	1.836
1402	-7.852	0.934	11.549
539	-7.837	0.462	19.644
465	-7.832	0.461	2.295
107	-7.822	0.936	7.883
440	-7.817	0.935	11.303
461	-7.817	0.935	10.391
659	-7.817	0.935	11.314
664	-7.817	0.935	11.314
681	-7.817	0.935	11.322
693	-7.817	0.935	10.411
774	-7.817	0.935	11.320
1671	-7.768	0.459	11.669
1680	-7.768	0.459	11.665
1728	-7.768	0.459	11.666
1631	-7.768	0.459	11.665
1650	-7.768	0.459	9.758
1657	-7.767	0.459	5.949
1687	-7.767	0.459	9.757
1690	-7.767	0.459	9.757
1693	-7.767	0.459	9.754
1717	-7.767	0.459	9.757
1641	-7.766	0.459	9.757
1643	-7.766	0.459	9.757
1664	-7.766	0.459	9.757
1701	-7.766	0.459	9.757
1712	-7.766	0.459	9.757
1618	-7.762	0.460	9.757
592	-7.754	0.459	9.757
1731	-7.749	0.931	9.757
1663	-7.747	0.931	9.757
1562	-7.744	0.932	11.949
1621	-7.739	0.931	11.940
620	-7.737	0.931	9.200
788	-7.736	0.932	9.200
1682	-7.322	3.526	6.240
1654	-7.317	3.524	10.293
1666	-7.317	3.524	10.293
835	-7.317	3.518	10.293
1572	-7.314	3.526	10.293
1617	-7.314	3.525	11.273
1474	-7.312	3.528	13.040
1575	-7.223	2.006	11.387
1640	-7.222	2.006	7.421
1711	-7.222	2.006	11.411
1469	-7.220	2.006	5.060
267	-7.218	2.007	5.056
1390	-7.215	2.007	5.053
1397	-7.215	2.007	5.055
1417	-7.215	2.007	5.078
1651	-7.061	2.006	9.757
1674	-7.061	2.006	9.754
1677	-7.061	2.006	9.757
1720	-7.061	2.006	9.757
1544	-7.060	2.006	9.757
1564	-7.060	2.006	9.757
1582	-7.060	2.006	9.757
1509	-7.052	2.007	9.757
1519	-7.052	2.007	9.757
1603	-6.361	3.229	11.182
946	-6.284	1.981	6.646
811	-6.283	1.982	6.646
605	-6.283	1.982	6.647
611	-6.283	1.982	6.647
678	-6.283	1.982	6.643
295	-6.282	1.982	6.643
507	-6.282	1.982	4.523
1425	-6.279	1.983	11.302
1718	-6.177	1.971	5.949
1632	-5.904	1.982	12.022
1695	-5.865	1.989	6.240
808	-5.641	2.371	2.226
877	-5.641	2.371	4.996
894	-5.641	2.371	6.962
966	-5.641	2.371	2.467
972	-5.641	2.371	6.971
977	-5.641	2.371	6.953
1321	-5.634	2.371	6.953
1268	-5.632	2.371	6.953
1285	-5.632	2.371	8.324
1290	-5.632	2.371	8.332
1628	-5.600	2.355	2.465
1630	-5.600	2.355	6.980
1633	-5.600	2.355	6.938
1634	-5.600	2.355	6.454
1635	-5.600	2.355	6.643
1692	-5.600	2.355	6.645
1723	-5.600	2.355	6.645
1725	-5.600	2.355	6.645
1658	-5.599	2.355	6.646
1699	-5.599	2.355	6.646
1616	-5.597	2.355	6.646
1619	-5.589	2.355	6.647
671	-5.589	2.355	6.647
1623	-5.589	2.367	6.643
1639	-5.060	2.847	21.020
1646	-5.060	2.847	21.022
1652	-5.060	2.847	21.022
1684	-5.060	2.847	21.038
1697	-5.060	2.847	21.040
1698	-5.060	2.847	22.431
1706	-5.060	2.847	22.432
1708	-5.060	2.847	14.005
1709	-5.060	2.847	14.005
1710	-5.060	2.847	14.005
1627	-5.057	2.866	13.576
1636	-5.057	2.867	12.643
1649	-5.057	2.866	12.778
1732	-5.057	2.866	12.624
1644	-5.056	2.865	12.625
1661	-5.056	2.864	12.263
1662	-5.056	2.864	13.307
1609	-5.055	2.866	12.788
1612	-5.055	2.866	13.313
1672	-5.051	2.860	13.300
1656	-5.051	2.859	13.300
1660	-5.051	2.858	13.300
1702	-5.051	2.859	15.591
1648	-5.046	3.198	15.574
1670	-5.046	3.198	12.790
1645	-5.045	3.177	13.318
1637	-5.045	3.177	13.292
1625	-5.045	3.178	14.210
1626	-5.045	3.178	13.156
1629	-5.045	3.178	13.156
1647	-5.045	3.178	13.156
1667	-5.045	3.178	13.156
1669	-5.045	3.178	13.160
1673	-5.045	3.178	13.160
1675	-5.045	3.178	13.160
1681	-5.045	3.178	13.160
1683	-5.045	3.177	13.160
1719	-5.045	3.178	13.151
1653	-5.044	3.190	13.151
1686	-5.044	3.191	13.547
1688	-5.044	3.191	20.520
1704	-5.043	3.190	20.520
1536	-5.042	3.189	20.519
1548	-5.042	3.186	13.289
1553	-5.042	3.189	13.291
1556	-5.042	3.188	13.293
1583	-5.042	3.187	12.784
1592	-5.042	3.188	20.536
1614	-5.042	3.188	20.536
1615	-5.042	3.188	20.536
1545	-5.041	3.202	13.594
1668	-5.038	3.194	12.790
1685	-5.036	3.187	12.791
1689	-5.036	3.187	5.983
1620	-5.032	3.170	25.605
1622	-5.032	3.170	5.928
1624	-5.032	3.170	20.502
1512	-5.031	3.172	13.426
1514	-5.031	3.171	13.375
1679	-4.914	2.914	18.589
1726	-4.914	2.914	15.584
1714	-4.913	2.911	15.585
1716	-4.913	2.912	15.584
1605	-4.911	2.910	13.576
1715	-4.888	2.894	20.499
1707	-4.888	2.900	20.098
1515	-4.757	3.010	15.688
1599	-4.740	3.120	15.592
