1292	-7.488	0.000	12.029
1078	-7.328	0.009	12.022
1080	-7.328	0.009	12.022
1081	-7.328	0.009	6.240
1185	-7.325	0.014	6.240
1076	-7.294	0.026	13.041
1825	-7.292	0.026	10.296
1096	-7.087	1.610	11.672
1119	-7.087	1.610	11.686
1150	-7.087	1.610	4.004
1836	-7.079	1.607	10.411
1842	-7.079	1.607	11.320
1335	-7.064	1.608	5.949
1367	-7.064	1.608	9.757
126	-7.057	1.607	9.757
1320	-7.044	1.608	9.757
1829	-7.037	1.605	9.757
1083	-7.028	1.606	10.293
1249	-7.018	1.605	11.185
534	-7.016	1.605	11.189
610	-7.016	1.605	11.192
1085	-6.765	1.361	11.190
1093	-6.717	1.405	3.786
1102	-6.717	1.405	3.809
1116	-6.717	1.405	3.818
1125	-6.717	1.405	3.780
1129	-6.717	1.405	3.803
1130	-6.717	1.405	3.269
1084	-6.695	1.401	11.387
1274	-6.690	1.401	7.421
1137	-6.267	1.517	11.302
1145	-6.267	1.517	11.304
1148	-6.267	1.517	5.879
1088	-6.267	1.517	5.876
1090	-6.267	1.517	5.874
1123	-6.267	1.517	1.951
1144	-6.267	1.517	11.288
1087	-6.241	2.806	11.288
1092	-6.241	2.806	11.288
1094	-6.241	2.806	7.628
1095	-6.241	2.806	1.953
1097	-6.241	2.806	1.951
1098	-6.241	2.806	11.279
1103	-6.241	2.806	16.183
1104	-6.241	2.806	11.274
1107	-6.241	2.806	11.964
1112	-6.241	2.806	7.576
1113	-6.241	2.806	7.669
1114	-6.241	2.806	11.190
1118	-6.241	2.806	2.920
1121	-6.241	2.806	7.385
1124	-6.241	2.806	7.385
1127	-6.241	2.806	2.920
1128	-6.241	2.806	2.920
1132	-6.241	2.806	2.920
1151	-6.241	2.806	3.786
1153	-6.241	2.806	3.809
1155	-6.241	2.806	3.818
1809	-6.239	1.518	3.780
1807	-6.238	1.518	3.803
1810	-6.233	1.518	3.268
1824	-6.231	2.809	3.270
1327	-6.230	2.809	11.388
1328	-6.230	2.809	7.421
1341	-6.230	2.809	11.411
1349	-6.230	2.809	5.060
1373	-6.230	2.809	5.056
1247	-6.229	1.518	5.053
1299	-6.226	2.807	5.055
1162	-6.222	1.519	5.078
64	-6.207	2.807	5.077
1082	-6.199	2.808	5.067
1186	-6.198	2.808	9.586
1187	-6.198	2.808	9.586
1188	-6.198	2.808	9.698
1191	-6.198	2.808	13.337
1193	-6.198	2.808	10.300
1195	-6.198	2.808	10.300
1198	-6.198	2.808	10.300
1209	-6.198	2.808	10.300
1221	-6.198	2.808	0.019
1227	-6.198	2.808	10.307
1240	-6.198	2.808	10.308
1248	-6.198	2.808	3.537
1253	-6.198	2.808	3.537
1266	-6.198	2.808	3.537
1278	-6.198	2.808	11.864
15	-6.196	2.808	2.551
39	-6.196	2.808	11.672
1169	-6.192	2.808	11.686
1174	-6.192	2.808	4.004
1175	-6.192	2.808	11.303
1157	-6.191	2.808	10.391
1161	-6.191	2.808	11.314
1163	-6.191	2.808	11.314
719	-6.191	2.808	11.322
916	-6.191	2.808	10.410
936	-6.191	2.808	11.320
997	-6.191	2.808	10.413
1075	-6.191	2.808	5.953
455	-6.191	2.808	11.669
462	-6.191	2.808	11.664
463	-6.191	2.808	11.666
486	-6.191	2.808	11.665
492	-6.191	2.808	9.758
1297	-5.486	1.327	7.576
1340	-5.479	1.322	7.669
1325	-5.406	3.031	7.385
1342	-5.406	3.031	2.920
1350	-5.406	3.031	2.920
1377	-5.406	3.031	2.920
1313	-5.396	3.028	3.786
1315	-5.396	3.028	3.809
1323	-5.396	3.028	3.818
1033	-5.374	3.037	9.586
1236	-5.373	3.035	9.586
1241	-5.373	3.035	9.698
1261	-5.373	3.035	13.337
1263	-5.373	3.035	10.300
1267	-5.373	3.035	10.300
1282	-5.373	3.035	10.300
1357	-5.225	2.874	20.472
1378	-5.225	2.874	20.071
1314	-5.214	2.871	20.500
1317	-5.214	2.871	20.099
1329	-5.193	2.864	21.108
1331	-5.193	2.864	21.100
1338	-5.193	2.864	21.105
1345	-5.193	2.864	21.105
1346	-5.193	2.864	15.448
1355	-5.193	2.864	12.544
1375	-5.193	2.864	15.449
1376	-5.193	2.864	15.449
1294	-5.181	2.861	15.450
1291	-5.152	2.866	15.686
