1156	-8.453	0.000	11.759
1167	-8.235	1.448	3.977
1189	-8.231	0.018	9.553
1203	-8.231	0.018	9.553
1228	-8.231	0.018	6.134
1229	-8.231	0.018	6.134
1293	-8.231	0.017	6.134
1289	-8.230	0.018	4.642
1845	-8.225	0.018	4.819
1362	-8.222	1.461	3.065
1364	-8.222	1.461	3.087
1368	-8.222	1.461	10.809
1326	-8.221	1.461	5.423
1339	-8.221	1.461	5.438
1343	-8.221	1.461	4.557
1202	-8.025	1.455	4.699
1218	-8.025	1.455	4.697
1222	-8.025	1.455	10.942
1176	-8.024	1.455	10.942
1235	-8.024	1.455	4.220
1287	-8.024	1.455	4.220
1138	-7.908	1.457	9.318
1141	-7.908	1.457	9.318
1833	-7.778	1.516	10.413
1230	-7.776	1.516	5.953
1178	-7.646	0.495	9.201
1226	-7.573	1.521	9.202
1242	-7.572	1.521	9.201
1177	-6.977	1.283	6.565
1184	-6.977	1.283	6.565
1356	-6.935	1.776	2.226
1194	-6.867	2.076	11.288
1204	-6.753	1.768	2.920
1360	-5.839	2.777	6.240
1374	-5.839	2.777	6.240
1173	-5.813	2.766	13.041
1190	-5.813	2.766	10.296
1192	-5.813	2.766	11.276
1197	-5.813	2.766	11.277
1207	-5.813	2.766	11.183
1212	-5.813	2.766	11.182
1214	-5.813	2.766	11.182
1099	-5.805	2.769	11.185
1106	-5.805	2.769	11.189
1109	-5.805	2.769	11.192
1110	-5.805	2.769	12.981
1111	-5.805	2.769	12.982
1117	-5.805	2.769	6.565
1131	-5.805	2.769	6.565
1140	-5.805	2.769	6.565
1146	-5.805	2.769	4.607
1816	-5.801	2.767	2.515
1159	-5.800	2.766	2.482
1379	-5.204	2.665	12.530
1171	-5.193	2.665	15.475
1183	-5.193	2.665	15.450
1210	-5.193	2.664	15.450
1232	-5.193	2.664	15.450
1245	-5.193	2.664	15.450
1306	-5.193	2.664	15.450
1199	-5.179	2.318	15.447
1201	-5.179	2.318	15.447
1280	-5.179	2.318	15.446
1120	-5.167	2.323	15.448
1126	-5.167	2.323	21.370
1134	-5.167	2.323	21.360
1136	-5.167	2.323	15.693
1139	-5.167	2.323	15.693
1142	-5.167	2.323	15.596
1149	-5.167	2.323	15.693
1815	-5.164	2.322	15.619
1819	-5.164	2.322	15.687
1823	-5.164	2.322	15.687
1830	-5.164	2.322	15.687
1206	-5.111	3.416	21.828
1208	-5.111	3.416	21.829
1217	-5.111	3.416	21.828
1271	-5.111	3.416	12.558
1275	-5.111	3.416	12.558
1168	-5.110	3.415	12.558
1170	-5.110	3.416	15.734
1181	-5.110	3.416	15.734
1086	-5.109	3.420	15.734
1089	-5.109	3.420	15.734
1115	-5.109	3.420	21.124
1135	-5.109	3.420	22.475
1143	-5.109	3.420	22.478
1147	-5.109	3.420	15.733
1154	-5.109	3.420	21.132
480	-5.107	3.420	21.132
1160	-5.104	3.419	21.015
102	-4.913	3.481	19.933
1077	-4.899	3.483	6.060
1079	-4.899	3.484	19.898
1133	-4.898	3.484	14.799
1295	-4.896	3.484	20.471
1182	-4.896	3.483	20.071
1211	-4.896	3.483	20.492
1215	-4.896	3.483	20.492
1220	-4.896	3.483	20.498
1223	-4.896	3.483	20.098
24	-4.554	3.530	13.153
119	-4.554	3.530	13.153
146	-4.554	3.530	13.156
166	-4.554	3.531	13.156
95	-4.554	3.530	13.156
141	-4.554	3.530	13.156
405	-4.544	3.528	13.156
679	-4.544	3.529	13.148
705	-4.543	3.527	13.148
786	-4.543	3.528	13.548
1091	-4.542	3.528	20.516
1105	-4.542	3.528	20.516
1172	-4.541	3.524	20.516
1200	-4.541	3.523	13.286
1237	-4.541	3.523	13.288
1166	-4.540	3.525	13.290
