397	-9.864	0.000	5.398
218	-9.860	0.003	12.792
369	-9.860	0.022	5.771
65	-9.858	0.022	5.771
919	-9.851	0.004	3.977
921	-9.851	0.004	3.977
937	-9.851	0.004	5.375
942	-9.851	0.004	11.600
950	-9.851	0.004	5.900
965	-9.850	0.004	4.268
959	-9.850	0.004	3.213
231	-9.848	0.003	3.213
897	-9.846	0.042	11.858
586	-9.841	0.006	5.672
621	-9.841	0.006	2.368
637	-9.841	0.006	5.784
649	-9.841	0.006	5.859
654	-9.841	0.006	5.859
721	-9.836	0.008	0.045
674	-9.836	0.006	2.372
688	-9.836	0.006	5.782
706	-9.836	0.006	5.742
723	-9.836	0.006	0.032
740	-9.836	0.006	0.032
751	-9.836	0.006	0.032
754	-9.836	0.006	5.860
772	-9.836	0.006	5.860
811	-9.836	0.006	5.860
702	-9.836	0.006	5.860
813	-9.836	0.006	5.672
832	-9.836	0.006	11.435
760	-9.831	0.044	5.672
657	-9.829	0.006	5.860
908	-9.828	0.093	5.860
766	-9.822	0.015	5.673
777	-9.822	0.015	5.860
780	-9.822	0.012	5.807
883	-9.820	0.111	5.806
684	-9.802	0.020	5.856
704	-9.802	0.020	5.856
748	-9.802	0.020	5.670
796	-9.802	0.020	5.670
836	-9.802	0.019	3.831
846	-9.802	0.022	3.831
824	-9.802	0.018	5.670
144	-9.528	0.358	8.504
219	-9.470	0.346	5.738
918	-8.977	0.832	3.933
194	-8.901	1.348	11.616
931	-8.901	1.348	2.676
903	-8.899	1.347	4.267
491	-8.899	1.347	3.212
904	-8.899	1.345	2.675
900	-8.898	1.358	3.214
273	-8.894	1.371	3.213
895	-8.884	1.059	5.483
77	-8.881	1.374	4.331
96	-8.743	1.464	5.860
340	-8.737	1.481	5.672
140	-8.674	1.135	5.860
254	-8.536	2.363	8.503
314	-8.320	1.999	5.694
949	-7.972	1.684	9.352
233	-6.815	3.464	4.331
911	-6.702	3.147	4.288
