215	-8.067	0.000	3.267
308	-7.888	0.888	12.227
1628	-7.752	3.661	5.144
445	-7.708	3.663	10.638
90	-7.614	0.613	9.219
48	-7.388	0.820	5.484
479	-7.368	0.598	4.330
75	-7.264	0.806	5.785
41	-7.236	0.904	5.808
228	-7.225	1.004	4.184
224	-7.212	0.930	3.832
449	-7.211	0.937	3.832
158	-7.204	0.938	3.829
541	-7.201	1.013	3.833
122	-7.190	1.058	3.721
202	-7.180	1.068	12.980
155	-7.179	1.119	7.189
175	-7.177	1.158	3.524
15	-7.170	1.053	2.029
471	-7.169	1.089	5.403
404	-7.167	1.255	5.403
460	-7.165	1.121	6.605
56	-7.154	1.276	4.049
260	-7.151	1.310	4.049
201	-7.121	1.365	4.023
86	-7.078	1.531	7.064
38	-7.075	1.319	3.277
3	-7.025	1.441	8.095
394	-6.992	3.908	5.739
358	-6.991	3.908	4.352
329	-6.991	3.908	6.718
346	-6.991	3.908	7.113
354	-6.991	3.908	9.649
348	-6.991	3.902	9.645
508	-6.988	3.903	8.581
480	-6.988	3.908	2.852
258	-6.988	3.908	2.872
83	-6.986	3.908	3.206
104	-6.986	3.908	3.186
142	-6.986	3.908	3.196
171	-6.986	3.908	3.178
177	-6.986	3.908	4.702
186	-6.986	3.908	4.696
189	-6.986	3.908	4.697
198	-6.986	3.908	8.250
913	-6.972	3.908	3.629
933	-6.972	3.914	3.934
221	-6.970	3.912	4.388
47	-6.941	1.662	5.690
377	-6.878	3.542	5.754
398	-6.878	3.549	5.755
409	-6.878	3.550	5.684
328	-6.878	3.553	5.684
363	-6.878	3.549	5.738
332	-6.878	3.549	5.398
405	-6.877	3.552	5.772
383	-6.876	3.547	5.772
519	-6.872	3.548	5.772
467	-6.871	3.547	5.771
468	-6.871	3.547	3.979
466	-6.871	3.543	3.979
138	-6.870	3.544	3.979
99	-6.870	3.551	3.978
272	-6.870	3.568	11.600
182	-6.870	3.540	11.601
478	-6.870	3.534	5.823
494	-6.869	3.576	2.677
458	-6.869	3.554	2.677
242	-6.833	3.765	5.484
456	-6.807	3.402	4.330
521	-6.667	3.180	5.860
545	-6.665	3.221	5.860
428	-6.635	3.326	0.042
396	-6.634	3.300	0.042
180	-6.623	3.325	0.041
241	-6.623	3.324	5.783
962	-6.586	3.360	0.034
944	-6.586	3.370	5.674
388	-6.218	2.440	0.000
282	-6.215	2.447	5.861
84	-6.214	2.440	5.861
91	-6.160	3.011	5.861
540	-6.033	3.005	10.810
424	-5.872	3.447	5.784
433	-5.872	3.447	5.671
532	-5.871	3.446	3.832
