1189	-8.749	0.000	12.772
1019	-8.741	0.001	7.940
1102	-8.741	0.001	9.184
977	-8.620	0.024	2.571
990	-8.620	0.024	10.456
1207	-8.394	1.602	11.204
1258	-8.394	1.602	11.205
1259	-8.394	1.602	11.186
1085	-8.386	1.602	8.893
1214	-7.977	1.516	13.038
1181	-7.977	1.516	13.962
1037	-7.973	1.516	9.749
989	-7.872	1.517	9.896
1265	-7.446	0.833	3.411
1025	-7.438	0.833	18.455
1074	-7.438	0.833	1.410
1077	-7.438	0.833	1.409
1103	-7.438	0.833	9.277
1004	-7.221	0.866	13.038
1026	-7.221	0.866	13.957
1065	-7.221	0.866	9.050
970	-7.150	0.869	8.098
1217	-6.998	1.649	1.409
1002	-6.991	1.648	1.409
1156	-6.834	1.623	0.011
1008	-6.683	1.446	10.518
1042	-6.683	1.446	9.997
1050	-6.683	1.446	10.002
1051	-6.683	1.446	10.003
1053	-6.683	1.446	10.034
1100	-6.683	1.446	9.991
1139	-6.683	1.446	10.060
1041	-6.659	2.532	10.462
961	-6.646	1.445	9.813
993	-6.646	1.445	9.833
939	-6.641	2.524	10.042
971	-6.641	2.524	10.073
1023	-6.588	2.585	8.509
1046	-6.588	2.585	10.527
1068	-6.588	2.585	8.003
987	-6.513	2.589	13.119
895	-6.506	2.592	13.500
926	-6.458	2.126	20.575
1001	-6.419	2.142	10.807
1208	-6.416	2.143	8.885
1269	-6.416	2.143	9.490
1030	-6.415	2.143	9.484
1047	-6.415	2.143	8.988
1052	-6.415	2.143	9.003
1081	-6.415	2.143	20.385
1125	-6.415	2.143	10.558
1093	-6.415	2.145	10.354
1199	-6.415	2.143	9.752
1260	-6.394	2.526	10.251
1031	-6.394	2.526	3.452
1122	-6.394	2.526	3.451
1124	-6.394	2.526	3.413
1188	-6.394	2.526	2.983
1193	-6.394	2.526	2.983
1196	-6.394	2.526	2.835
968	-6.359	2.136	2.979
1162	-6.359	2.136	3.039
1164	-6.359	2.136	3.039
1171	-6.359	2.136	3.038
927	-6.358	2.136	3.041
907	-6.344	2.138	9.701
945	-6.320	2.528	0.002
946	-6.320	2.528	0.011
947	-6.320	2.528	0.000
952	-6.320	2.527	10.352
960	-6.320	2.527	10.351
967	-6.320	2.527	10.351
969	-6.320	2.527	1.194
986	-6.320	2.527	2.459
994	-6.320	2.527	10.007
1173	-6.319	2.224	9.998
934	-6.318	2.225	10.082
935	-6.318	2.225	10.033
942	-6.318	2.225	10.051
964	-6.318	2.225	10.044
975	-6.318	2.225	9.806
999	-6.318	2.224	9.806
890	-6.311	2.529	9.811
894	-6.311	2.529	8.832
1201	-6.309	2.779	10.057
1236	-6.309	2.779	10.016
896	-6.308	2.233	9.653
901	-6.308	2.233	16.608
920	-6.308	2.233	16.537
1143	-6.308	2.779	8.927
923	-6.307	2.233	9.367
924	-6.307	2.233	8.995
949	-6.262	2.783	10.723
972	-6.262	2.783	12.772
985	-6.262	2.783	12.784
988	-6.262	2.783	12.768
998	-6.262	2.783	9.903
904	-6.255	2.785	9.178
1055	-6.210	3.410	11.758
914	-6.205	3.434	9.557
1230	-6.164	1.069	9.682
1268	-6.164	1.069	13.467
1060	-6.141	2.361	13.453
973	-5.635	3.294	11.195
940	-5.635	3.295	11.197
1267	-5.429	2.973	9.179
1017	-5.266	2.049	13.896
1070	-5.266	2.049	9.760
