1709	-5.108	0.000	3.043
1719	-5.108	0.008	3.238
1744	-5.108	0.006	3.228
1745	-5.108	0.006	3.208
1650	-5.108	0.006	3.306
1656	-5.108	0.006	3.332
1671	-5.108	0.009	2.995
1686	-5.108	0.007	3.653
1695	-5.108	0.006	3.193
1702	-5.108	0.006	3.117
1716	-5.108	0.006	3.154
1720	-5.108	0.006	3.307
1731	-5.108	0.007	3.898
1741	-5.108	0.007	7.652
1742	-5.108	0.006	6.492
1685	-5.108	0.025	7.672
1726	-5.108	0.010	6.188
1632	-5.107	0.039	6.181
1691	-5.105	0.065	6.111
1733	-5.083	0.147	3.704
1674	-5.061	0.137	5.541
1676	-5.057	0.273	5.909
685	-4.981	0.034	10.113
1616	-4.979	0.044	10.113
1504	-4.979	0.032	10.381
1543	-4.979	0.032	10.121
1506	-4.979	0.033	10.124
1606	-4.979	0.033	11.276
1610	-4.979	0.036	10.469
1611	-4.979	0.033	10.468
1206	-4.966	2.319	10.441
1625	-4.966	2.319	10.401
1054	-4.966	2.319	10.843
1700	-4.966	2.324	2.610
1657	-4.966	2.339	2.576
1643	-4.962	2.000	3.021
1684	-4.962	2.001	3.503
1697	-4.962	2.000	2.940
1727	-4.962	2.001	3.499
1729	-4.962	2.004	3.208
1705	-4.960	2.025	2.991
1665	-4.958	2.317	3.227
1714	-4.954	2.260	3.149
1715	-4.952	2.298	3.276
1698	-4.952	2.333	3.599
1228	-4.948	2.282	6.493
1642	-4.945	2.308	10.345
840	-4.926	2.153	7.335
1178	-4.925	2.152	7.340
1198	-4.925	2.153	7.337
1672	-4.925	2.154	5.774
1683	-4.925	2.152	2.662
1689	-4.925	2.151	5.774
1660	-4.925	2.153	6.339
641	-4.924	2.094	6.339
899	-4.882	2.292	3.676
976	-4.882	2.292	4.435
1711	-4.881	2.292	4.264
780	-4.881	2.295	5.718
1629	-4.856	2.507	10.247
1651	-4.856	2.449	10.113
1728	-4.854	2.411	10.694
1233	-4.854	2.412	10.703
1722	-4.853	2.398	5.452
1723	-4.853	2.404	5.092
1640	-4.853	2.401	5.091
1638	-4.853	2.385	5.092
1593	-4.835	2.388	3.652
1620	-4.816	0.767	4.335
1589	-4.816	0.769	3.940
1405	-4.816	0.768	3.799
1563	-4.816	0.768	10.400
1564	-4.816	0.769	10.352
1615	-4.816	0.768	3.086
1607	-4.816	0.770	2.593
1364	-4.815	0.774	3.507
818	-4.804	2.398	3.503
392	-4.804	2.393	3.503
1210	-4.803	2.407	3.492
1612	-4.803	2.397	3.160
1249	-4.802	2.393	3.238
1211	-4.801	2.389	3.185
694	-4.799	2.356	3.103
1216	-4.796	2.456	3.335
1648	-4.688	2.267	6.099
1682	-4.688	2.266	6.097
1713	-4.688	2.264	7.847
1749	-4.688	2.270	6.242
1635	-4.688	2.263	5.260
1732	-4.688	2.272	7.532
1680	-4.688	2.258	7.533
1628	-4.577	2.252	15.552
1439	-4.576	2.252	6.283
1613	-4.576	2.251	15.205
1223	-4.575	2.283	5.382
1229	-4.575	2.230	2.260
739	-4.540	2.185	4.285
861	-4.498	1.987	4.588
329	-4.485	2.296	4.639
1252	-4.468	2.306	5.138
