1345	-7.488	0.000	0.000
1266	-7.417	1.804	3.930
1270	-7.417	1.804	3.930
1274	-7.417	1.804	11.845
1276	-7.417	1.804	2.635
1278	-7.417	1.804	8.590
1289	-7.417	1.804	8.590
1326	-7.417	1.804	2.068
1355	-7.417	1.804	0.000
1677	-7.347	0.045	6.450
1551	-7.347	0.043	18.423
1608	-7.347	0.043	6.708
1645	-7.347	0.043	6.686
1649	-7.347	0.039	6.744
741	-7.345	0.055	7.159
1622	-7.344	0.016	7.456
1186	-7.335	0.046	8.786
679	-7.329	0.043	10.146
744	-7.329	0.045	10.146
1567	-7.329	0.043	10.151
1639	-7.329	0.045	10.250
756	-7.329	0.045	10.116
1073	-7.329	0.044	10.116
1507	-7.329	0.044	10.382
1508	-7.329	0.044	10.122
1515	-7.329	0.043	10.465
1531	-7.329	0.045	10.472
1533	-7.329	0.040	10.471
1538	-7.329	0.044	10.471
1539	-7.329	0.044	10.485
1547	-7.329	0.044	10.486
1552	-7.329	0.044	4.281
1568	-7.329	0.046	4.281
1630	-7.329	0.044	4.276
1535	-7.329	0.046	0.000
1556	-7.329	0.049	10.199
1591	-7.329	0.046	10.199
1549	-7.328	0.059	10.698
1513	-7.328	0.020	10.705
1594	-7.328	0.050	10.709
1614	-7.328	0.030	5.454
1502	-7.328	0.043	5.091
1308	-7.324	0.037	5.091
1450	-7.323	0.052	5.091
1416	-7.323	0.045	5.086
1475	-7.323	0.043	5.082
1304	-7.323	0.042	4.994
1334	-7.323	0.045	4.992
1379	-7.323	0.041	5.092
1387	-7.323	0.041	10.078
1401	-7.323	0.041	10.078
1417	-7.323	0.042	10.076
1423	-7.323	0.042	5.242
1426	-7.323	0.041	9.717
1436	-7.323	0.041	9.715
1440	-7.323	0.040	4.892
1454	-7.323	0.040	4.675
1467	-7.323	0.041	10.116
1474	-7.323	0.041	4.532
1478	-7.323	0.040	4.481
1479	-7.323	0.034	4.289
1485	-7.323	0.042	4.297
1413	-7.323	0.031	4.299
1431	-7.323	0.043	3.882
1297	-7.323	0.042	3.879
1327	-7.323	0.042	3.923
1356	-7.323	0.042	4.249
1357	-7.323	0.042	3.816
1351	-7.323	0.042	3.827
1370	-7.323	0.040	3.743
1483	-7.323	0.039	4.241
1493	-7.323	0.034	4.357
1430	-7.323	0.046	3.940
1583	-7.314	0.162	10.406
1499	-7.306	1.810	10.311
1595	-7.305	1.809	10.435
639	-7.299	1.811	0.000
1725	-7.298	1.895	3.504
1601	-7.298	1.896	3.253
1623	-7.298	1.896	3.502
1644	-7.298	1.896	3.502
1659	-7.298	1.896	3.502
1646	-7.298	1.896	3.266
1724	-7.297	1.896	3.253
766	-7.296	1.897	3.215
1275	-7.295	1.810	3.225
1298	-7.295	1.810	3.127
1300	-7.295	1.809	3.418
1316	-7.295	1.810	3.069
649	-7.295	1.897	4.612
365	-7.295	1.897	3.412
400	-7.295	1.897	3.169
1673	-7.292	1.890	3.181
1604	-7.289	0.171	9.667
1496	-7.288	1.810	3.765
1500	-7.288	1.809	2.867
1121	-7.288	1.809	6.500
1265	-7.288	1.810	7.657
1510	-7.288	1.810	6.193
1523	-7.288	1.810	6.186
1558	-7.288	1.809	6.208
1570	-7.288	1.810	7.683
1582	-7.288	1.809	7.686
1603	-7.288	1.809	7.682
1296	-7.288	1.897	7.685
1342	-7.288	1.897	2.806
1555	-7.287	1.812	2.831
1512	-7.287	1.809	2.813
738	-7.287	1.810	3.683
1372	-7.287	1.897	2.690
1394	-7.287	1.897	3.869
1463	-7.283	1.812	0.066
1350	-7.283	1.809	0.016
1360	-7.283	1.809	4.518
1367	-7.283	1.809	7.314
1373	-7.283	1.810	7.340
1380	-7.283	1.809	7.342
1390	-7.283	1.809	7.332
1396	-7.283	1.809	0.087
1403	-7.283	1.809	0.000
1414	-7.283	1.809	2.664
1415	-7.283	1.809	5.875
1425	-7.283	1.809	5.882
1433	-7.283	1.809	5.922
1457	-7.283	1.809	8.138
1464	-7.283	1.809	6.088
1465	-7.283	1.809	7.874
1268	-7.283	1.809	7.876
1269	-7.283	1.809	6.294
1271	-7.283	1.809	5.262
1287	-7.283	1.809	6.267
1290	-7.283	1.809	7.538
1292	-7.283	1.809	7.538
1293	-7.283	1.809	7.608
1295	-7.283	1.809	7.910
1299	-7.283	1.809	7.908
1310	-7.283	1.809	6.604
1313	-7.283	1.809	6.722
1318	-7.283	1.809	6.722
1324	-7.283	1.809	7.902
1330	-7.283	1.809	7.902
1331	-7.283	1.809	3.477
1332	-7.283	1.809	8.961
1346	-7.283	1.809	2.734
1347	-7.283	1.809	5.914
1361	-7.283	1.809	5.672
1627	-7.283	1.897	5.905
406	-7.279	1.897	6.512
630	-7.279	1.897	15.213
1043	-7.279	1.897	1.965
1509	-7.279	1.896	15.193
1516	-7.279	1.897	15.319
1522	-7.279	1.897	15.233
1524	-7.279	1.897	4.303
1526	-7.279	1.897	5.087
1534	-7.279	1.897	4.510
1562	-7.279	1.897	5.344
1565	-7.279	1.897	15.496
1571	-7.279	1.897	15.267
1574	-7.279	1.897	15.264
1592	-7.279	1.897	4.907
1619	-7.279	1.897	0.000
1581	-7.278	1.900	3.551
1617	-7.278	1.897	3.549
1542	-7.278	1.898	3.706
915	-7.278	1.897	3.732
884	-7.278	1.897	15.135
897	-7.278	1.897	4.557
955	-7.278	1.897	4.326
953	-7.277	1.897	6.345
1236	-7.274	1.897	3.978
494	-7.273	1.899	10.144
1701	-7.271	1.906	10.113
1388	-7.271	1.897	10.113
1398	-7.271	1.897	10.380
1277	-7.271	1.897	10.121
1302	-7.271	1.897	10.124
1303	-7.271	1.897	10.462
1311	-7.271	1.897	10.470
1340	-7.271	1.897	10.469
1341	-7.271	1.897	10.482
1354	-7.271	1.897	10.484
1378	-7.271	1.897	4.277
1381	-7.271	1.897	4.277
1389	-7.271	1.897	10.477
1418	-7.271	1.897	5.939
1428	-7.271	1.897	10.196
1437	-7.271	1.897	10.197
1441	-7.271	1.897	4.132
1445	-7.271	1.897	10.704
1447	-7.271	1.897	10.704
1452	-7.271	1.897	5.450
1460	-7.271	1.897	5.458
1461	-7.271	1.897	5.092
1466	-7.271	1.897	5.092
1468	-7.271	1.897	5.102
1472	-7.271	1.897	5.084
1486	-7.271	1.897	4.988
1487	-7.271	1.897	4.991
1491	-7.271	1.897	4.991
1492	-7.271	1.897	10.073
1386	-7.271	1.897	10.075
1402	-7.271	1.897	5.363
1407	-7.271	1.897	0.000
1409	-7.271	1.897	9.714
1411	-7.271	1.897	9.715
1419	-7.271	1.897	9.714
1438	-7.271	1.897	4.668
1444	-7.271	1.897	4.675
1488	-7.271	1.897	4.679
1406	-7.271	1.897	10.064
908	-7.269	1.910	4.302
1618	-7.268	1.892	4.287
1569	-7.258	1.888	3.898
1434	-7.256	1.776	3.979
658	-7.229	1.863	2.595
1666	-7.219	1.882	3.502
1139	-7.212	1.896	3.499
1451	-7.210	1.868	3.223
353	-7.137	1.777	2.752
1349	-7.125	2.240	7.334
1362	-7.125	2.240	7.298
1377	-7.125	2.239	2.662
1544	-7.090	1.864	5.878
1392	-7.077	1.840	6.082
1668	-7.073	1.993	6.094
1634	-7.045	1.794	6.094
1529	-7.021	1.716	5.949
1527	-7.001	0.206	7.908
778	-6.994	1.682	7.542
607	-6.878	1.974	7.543
1730	-6.867	2.007	6.251
1391	-6.829	1.773	6.717
1000	-6.825	2.246	7.899
743	-6.825	2.053	7.899
1421	-6.812	2.247	7.896
1429	-6.812	2.247	6.728
1385	-6.812	2.247	6.728
1404	-6.812	2.247	8.946
1424	-6.812	2.247	8.310
1481	-6.812	2.246	5.465
1305	-6.810	2.247	6.409
1312	-6.810	2.247	5.858
1314	-6.810	2.247	5.908
1323	-6.810	2.247	1.712
1329	-6.810	2.247	6.398
1335	-6.810	2.247	5.407
1339	-6.810	2.247	15.329
1348	-6.810	2.247	5.512
422	-6.807	2.247	15.339
683	-6.807	2.247	7.359
552	-6.807	2.249	5.412
709	-6.806	2.239	15.191
1585	-6.806	2.244	4.351
330	-6.806	2.246	15.247
293	-6.806	2.247	4.640
508	-6.806	2.246	15.157
1132	-6.806	2.246	4.741
141	-6.806	2.247	15.531
148	-6.806	2.247	15.095
172	-6.806	2.247	5.347
190	-6.806	2.247	3.544
341	-6.806	2.249	3.544
1735	-6.806	2.249	15.264
372	-6.795	2.249	3.717
1368	-6.792	2.245	3.728
1383	-6.792	2.245	3.524
1352	-6.792	2.245	2.764
1353	-6.792	2.245	4.288
1363	-6.792	2.245	5.717
1365	-6.792	2.245	10.145
1366	-6.792	2.245	10.145
1369	-6.792	2.245	10.231
1371	-6.792	2.245	10.250
1374	-6.792	2.245	10.114
1375	-6.792	2.245	10.114
1376	-6.792	2.245	10.381
1382	-6.792	2.245	10.120
1384	-6.792	2.245	10.463
1393	-6.792	2.245	10.468
1400	-6.792	2.245	10.469
1408	-6.792	2.245	10.469
1410	-6.792	2.245	10.484
1412	-6.792	2.245	10.484
1420	-6.792	2.245	4.277
1427	-6.792	2.245	4.277
1432	-6.792	2.245	4.279
1435	-6.792	2.245	10.190
1448	-6.792	2.245	10.198
1455	-6.792	2.245	10.198
1456	-6.792	2.245	10.193
1458	-6.792	2.245	10.704
1470	-6.792	2.245	10.707
1471	-6.792	2.245	5.454
1473	-6.792	2.245	5.092
1477	-6.792	2.245	5.092
1480	-6.792	2.245	5.092
1482	-6.792	2.245	5.102
1489	-6.792	2.245	5.084
1490	-6.792	2.245	4.985
1494	-6.792	2.245	4.991
1446	-6.792	2.245	5.094
1469	-6.792	2.246	10.076
1291	-6.791	2.244	10.076
1283	-6.791	2.245	5.368
1294	-6.791	2.245	5.236
1307	-6.791	2.245	9.716
1309	-6.791	2.245	9.715
1315	-6.791	2.245	10.526
1317	-6.791	2.245	4.487
1319	-6.791	2.245	4.513
1320	-6.791	2.245	4.544
1321	-6.791	2.245	4.489
1325	-6.791	2.245	4.299
1328	-6.791	2.245	4.294
1336	-6.791	2.245	4.307
1337	-6.791	2.245	3.916
1338	-6.791	2.245	3.860
1343	-6.791	2.245	3.834
1344	-6.791	2.245	3.812
1358	-6.791	2.245	3.812
1281	-6.791	2.245	3.825
343	-6.790	2.219	3.848
402	-6.788	2.245	3.624
796	-6.788	2.245	4.046
432	-6.788	2.248	3.941
781	-6.787	2.245	3.524
482	-6.787	2.246	10.396
288	-6.786	2.245	3.598
1495	-6.786	2.245	2.596
1497	-6.786	2.245	3.504
1501	-6.786	2.245	3.504
1511	-6.786	2.245	3.249
1514	-6.786	2.245	3.236
1520	-6.786	2.245	3.502
1521	-6.786	2.245	3.500
1528	-6.786	2.245	3.500
1530	-6.786	2.245	3.243
1532	-6.786	2.245	3.227
1541	-6.786	2.245	3.196
1550	-6.786	2.245	3.156
1553	-6.786	2.245	3.111
1561	-6.786	2.245	3.491
1576	-6.786	2.245	2.424
1577	-6.786	2.245	2.985
1580	-6.786	2.245	3.441
1584	-6.786	2.245	3.172
1586	-6.786	2.245	7.657
1587	-6.786	2.245	2.425
1596	-6.786	2.245	8.189
1600	-6.786	2.246	7.680
629	-6.786	2.257	6.491
989	-6.784	2.221	6.187
1575	-6.783	2.236	6.180
1602	-6.779	2.264	6.177
273	-6.770	2.025	1.736
321	-6.756	2.247	7.676
1675	-6.746	2.107	7.675
1578	-6.686	2.177	2.806
1280	-6.686	2.236	3.287
776	-6.652	2.175	3.935
1154	-6.613	2.279	2.622
1647	-6.599	2.457	0.041
1740	-6.546	2.180	5.167
680	-6.543	2.210	7.333
359	-6.484	3.704	4.520
553	-6.484	3.704	4.540
295	-6.483	3.704	5.344
138	-6.376	2.820	1.667
223	-6.376	2.822	1.609
183	-6.376	2.821	1.487
391	-6.376	2.819	1.505
860	-6.376	2.819	5.426
155	-6.376	2.818	5.528
690	-6.376	2.816	1.503
154	-6.376	2.818	1.276
488	-6.375	2.819	4.307
346	-6.375	2.819	4.377
498	-6.375	2.819	4.286
1288	-6.375	2.818	3.112
1322	-6.375	2.819	6.586
1284	-6.375	2.819	6.081
1285	-6.375	2.819	6.081
1301	-6.375	2.819	0.939
1333	-6.375	2.819	5.618
340	-6.375	2.819	5.614
761	-6.375	2.813	6.568
140	-6.372	2.799	6.565
1669	-6.364	2.812	6.568
1621	-6.364	2.812	6.530
1637	-6.364	2.812	2.793
821	-6.351	2.819	6.572
619	-6.351	2.815	3.046
707	-6.351	2.815	3.046
1557	-6.350	2.816	4.286
1663	-6.350	2.819	6.427
1279	-6.350	2.815	2.718
1021	-6.350	2.815	2.713
1272	-6.350	2.815	3.630
1286	-6.350	2.814	0.154
1422	-6.350	2.815	0.189
1453	-6.350	2.815	5.972
1545	-6.350	2.815	5.976
1267	-6.350	2.815	5.981
1273	-6.350	2.815	3.268
1282	-6.350	2.815	5.533
1399	-6.350	2.815	0.506
475	-6.350	2.813	7.672
1503	-6.350	2.815	7.744
1537	-6.350	2.815	4.565
386	-6.350	2.802	8.071
1395	-6.348	2.796	7.590
1598	-6.333	2.759	8.798
1559	-6.320	2.822	6.131
1579	-6.313	2.800	3.411
582	-6.295	2.783	8.456
1536	-6.253	2.699	6.186
1519	-6.250	2.643	6.187
1136	-6.236	2.509	8.802
1554	-6.228	2.636	8.802
1599	-6.220	2.524	6.781
1560	-6.209	2.482	4.486
1498	-6.208	2.478	4.706
1546	-6.200	2.445	3.870
455	-6.147	2.372	3.816
678	-6.143	3.727	3.780
418	-6.143	3.726	3.625
519	-6.143	3.728	4.381
1505	-6.141	3.728	3.940
285	-6.141	3.714	3.617
1462	-6.135	2.056	10.383
221	-6.103	3.390	10.400
550	-6.053	2.358	2.594
398	-5.938	1.569	7.652
659	-5.932	1.828	6.492
1459	-5.927	1.594	6.180
1397	-5.839	1.440	6.181
760	-5.644	2.504	6.009
1704	-5.609	2.624	5.792
1442	-5.561	1.847	7.892
509	-5.551	1.950	6.029
1681	-5.431	2.745	6.060
1572	-5.429	2.761	6.070
1688	-5.425	2.896	7.871
489	-5.419	2.925	7.908
1187	-5.395	2.446	5.260
1692	-5.314	3.166	6.491
1654	-5.129	3.620	4.278
1707	-5.129	3.632	4.329
1641	-5.129	3.629	10.190
1706	-5.129	3.643	10.198
1710	-5.129	3.643	4.136
1718	-5.129	3.648	10.702
1696	-5.129	3.621	10.704
1540	-5.129	3.648	10.707
1636	-5.129	3.659	5.455
1658	-5.129	3.654	5.092
1737	-5.129	3.650	5.092
1738	-5.129	3.647	5.092
1219	-5.129	3.645	5.084
1667	-5.129	3.630	4.989
1693	-5.129	3.640	10.707
1167	-5.129	3.648	4.992
1548	-5.129	3.663	10.213
1633	-5.129	3.656	10.076
1655	-5.129	3.658	10.075
1694	-5.129	3.675	5.368
1699	-5.129	3.659	5.224
1708	-5.129	3.649	9.716
1712	-5.129	3.652	9.715
1736	-5.129	3.659	10.439
1746	-5.129	3.656	4.678
1518	-5.129	3.650	4.676
1597	-5.129	3.633	4.489
1605	-5.129	3.654	9.729
1624	-5.129	3.666	4.292
1631	-5.129	3.655	4.294
1653	-5.129	3.663	4.306
1661	-5.129	3.649	3.918
1734	-5.129	3.662	3.896
1609	-5.129	3.661	3.921
1626	-5.129	3.642	4.123
1717	-5.129	3.654	3.834
1670	-5.129	3.672	3.799
1721	-5.129	3.680	4.133
1664	-5.129	3.670	3.888
1652	-5.128	3.622	4.471
1678	-5.128	3.597	3.880
1703	-5.127	3.590	4.395
1662	-5.121	3.556	2.997
1690	-5.113	3.392	3.503
1748	-5.088	3.401	2.857
1743	-5.032	3.359	4.281
937	-4.995	3.541	9.310
450	-4.995	3.583	14.646
1199	-4.992	3.526	5.405
1590	-4.990	3.588	10.144
1484	-4.987	3.466	10.145
335	-4.974	3.385	4.666
1687	-4.891	3.813	3.758
1747	-4.890	3.855	3.705
1679	-4.862	3.936	10.144
1739	-4.862	3.991	10.154
1525	-4.568	2.765	4.462
1443	-4.567	2.765	15.192
456	-4.478	3.202	4.975
893	-4.353	3.532	5.452
664	-4.351	3.453	5.458
770	-4.350	3.523	5.092
829	-4.349	3.540	5.101
774	-4.347	3.529	5.084
651	-4.346	3.508	4.989
800	-4.335	3.499	4.992
