1912	-6.502	0.000	0.000
169	-5.284	2.675	0.000
196	-5.284	2.675	0.000
284	-5.284	2.674	0.000
309	-5.284	2.674	0.000
353	-5.284	2.675	0.000
357	-5.284	2.675	0.000
369	-5.284	2.674	0.000
374	-5.284	2.674	0.000
392	-5.284	2.674	0.000
415	-5.284	2.674	0.000
456	-5.284	2.674	0.000
470	-5.284	2.674	0.000
398	-5.284	2.675	0.000
399	-5.284	2.675	0.000
400	-5.284	2.675	0.000
403	-5.284	2.675	0.000
410	-5.284	2.680	0.000
555	-5.284	2.675	0.000
408	-5.284	2.675	0.000
439	-5.284	2.675	0.000
444	-5.284	2.675	0.000
332	-5.283	2.674	0.000
367	-5.283	2.674	0.000
429	-5.283	2.675	0.000
386	-5.283	2.675	0.000
536	-5.283	2.675	0.000
276	-5.283	2.675	0.000
443	-5.283	2.682	0.000
1923	-5.282	2.674	0.000
396	-5.280	2.675	0.000
1909	-5.277	2.675	0.000
525	-5.188	2.699	0.000
501	-5.143	0.253	0.000
418	-5.142	0.255	0.000
558	-5.141	0.246	0.000
371	-5.141	0.260	0.000
1918	-5.140	0.253	0.000
288	-5.135	0.241	0.000
307	-5.121	1.533	0.000
524	-5.121	1.537	0.000
567	-5.121	1.543	0.000
350	-5.119	1.534	0.000
1924	-5.117	1.535	0.000
1943	-5.117	1.534	0.000
1915	-5.117	1.534	0.000
1920	-5.080	2.054	0.000
1900	-5.078	3.285	0.000
1907	-5.075	1.528	0.000
1908	-5.075	1.530	0.000
1921	-5.041	3.220	0.000
1928	-5.041	3.220	0.000
1933	-5.041	3.220	0.000
1939	-5.041	3.218	0.000
378	-4.923	2.428	0.000
1938	-4.922	2.430	0.000
1946	-4.922	2.430	0.000
322	-4.920	2.428	0.000
373	-4.759	2.715	0.000
1940	-4.758	2.716	0.000
391	-4.758	2.715	0.000
370	-4.758	2.714	0.000
338	-4.757	2.721	0.000
261	-4.757	2.715	0.000
230	-4.756	2.714	0.000
268	-4.756	2.715	0.000
240	-4.756	2.714	0.000
306	-4.756	2.715	0.000
519	-4.756	2.714	0.000
545	-4.756	2.715	0.000
532	-4.755	2.715	0.000
1925	-4.635	3.781	0.000
423	-4.613	2.790	0.000
383	-4.613	2.792	0.000
384	-4.613	2.792	0.000
440	-4.613	2.792	0.000
430	-4.612	2.791	0.000
394	-4.608	2.805	0.000
1914	-4.229	3.669	0.000
453	-4.229	3.680	0.000
1948	-4.228	3.678	0.000
