1028	-6.016	0.000	0.000
1030	-6.016	0.000	0.000
1061	-6.016	0.000	0.000
1076	-6.016	0.000	0.000
1077	-6.016	0.000	0.000
1078	-6.016	0.000	0.000
1079	-6.016	0.000	0.000
1080	-6.016	0.000	0.000
1090	-6.016	0.000	0.000
1091	-6.016	0.000	0.000
1092	-6.016	0.000	0.000
1093	-6.016	0.000	0.000
1096	-6.016	0.000	0.000
1101	-6.016	0.001	0.000
1102	-6.016	0.000	0.000
1105	-6.016	0.000	0.000
1106	-6.016	0.001	0.000
1107	-6.016	0.000	0.000
1125	-6.016	0.000	0.000
1126	-6.016	0.000	0.000
1127	-6.016	0.000	0.000
1145	-6.016	0.000	0.000
1146	-6.016	0.000	0.000
1147	-6.016	0.000	0.000
1149	-6.016	0.001	0.000
1189	-6.016	0.000	0.000
1336	-6.016	0.000	0.000
1418	-6.016	0.000	0.000
1452	-6.016	0.000	0.000
1461	-6.016	0.000	0.000
961	-6.015	0.001	0.000
962	-6.015	0.001	0.000
963	-6.015	0.001	0.000
964	-6.015	0.001	0.000
965	-6.015	0.001	0.000
966	-6.015	0.001	0.000
967	-6.015	0.001	0.000
978	-6.015	0.001	0.000
983	-6.015	0.001	0.000
984	-6.015	0.001	0.000
985	-6.015	0.001	0.000
997	-6.015	0.001	0.000
999	-6.015	0.001	0.000
1014	-6.015	0.001	0.000
1015	-6.015	0.001	0.000
1016	-6.015	0.001	0.000
1017	-6.015	0.001	0.000
1208	-6.015	0.001	0.000
1209	-6.015	0.001	0.000
1243	-6.015	0.001	0.000
1244	-6.015	0.001	0.000
1245	-6.015	0.001	0.000
923	-6.014	0.002	0.000
924	-6.014	0.002	0.000
927	-6.014	0.002	0.000
928	-6.014	0.002	0.000
929	-6.014	0.002	0.000
930	-6.014	0.002	0.000
931	-6.014	0.002	0.000
932	-6.014	0.002	0.000
944	-6.014	0.002	0.000
945	-6.014	0.002	0.000
946	-6.014	0.002	0.000
947	-6.014	0.002	0.000
948	-6.014	0.002	0.000
949	-6.014	0.002	0.000
950	-6.014	0.002	0.000
951	-6.014	0.002	0.000
953	-6.014	0.002	0.000
954	-6.014	0.002	0.000
955	-6.014	0.002	0.000
956	-6.014	0.002	0.000
957	-6.014	0.002	0.000
958	-6.014	0.002	0.000
959	-6.014	0.002	0.000
960	-6.014	0.002	0.000
1757	-5.995	0.089	0.000
1759	-5.995	0.089	0.000
1760	-5.995	0.089	0.000
1761	-5.995	0.089	0.000
1763	-5.995	0.089	0.000
1765	-5.995	0.089	0.000
1766	-5.995	0.089	0.000
1767	-5.995	0.089	0.000
1768	-5.995	0.089	0.000
1769	-5.995	0.089	0.000
1770	-5.995	0.089	0.000
1771	-5.995	0.089	0.000
1772	-5.995	0.089	0.000
1778	-5.995	0.089	0.000
1779	-5.995	0.089	0.000
1446	-5.915	0.039	0.000
1141	-5.910	0.027	0.000
1006	-5.909	0.027	0.000
1007	-5.909	0.027	0.000
1008	-5.909	0.027	0.000
1009	-5.909	0.027	0.000
1022	-5.909	0.027	0.000
1023	-5.909	0.027	0.000
1024	-5.909	0.027	0.000
1025	-5.909	0.027	0.000
1026	-5.909	0.027	0.000
1027	-5.909	0.027	0.000
1031	-5.909	0.027	0.000
1032	-5.909	0.027	0.000
1034	-5.909	0.027	0.000
1035	-5.909	0.027	0.000
1036	-5.909	0.027	0.000
1037	-5.909	0.027	0.000
1038	-5.909	0.027	0.000
1039	-5.909	0.027	0.000
1051	-5.909	0.027	0.000
1052	-5.909	0.027	0.000
1084	-5.909	0.027	0.000
1085	-5.909	0.027	0.000
1086	-5.909	0.027	0.000
1087	-5.909	0.027	0.000
1088	-5.909	0.027	0.000
1089	-5.909	0.027	0.000
1094	-5.909	0.027	0.000
1095	-5.909	0.027	0.000
1104	-5.909	0.027	0.000
1109	-5.909	0.027	0.000
1112	-5.909	0.027	0.000
1121	-5.909	0.027	0.000
1123	-5.909	0.027	0.000
1151	-5.909	0.027	0.000
1157	-5.909	0.027	0.000
1158	-5.909	0.027	0.000
1160	-5.909	0.027	0.000
1161	-5.909	0.027	0.000
1162	-5.909	0.027	0.000
1163	-5.909	0.027	0.000
1164	-5.909	0.027	0.000
1165	-5.909	0.027	0.000
1166	-5.909	0.027	0.000
1167	-5.909	0.027	0.000
1168	-5.909	0.027	0.000
1169	-5.909	0.027	0.000
1179	-5.909	0.027	0.000
1180	-5.909	0.027	0.000
1182	-5.909	0.027	0.000
1183	-5.909	0.027	0.000
1187	-5.909	0.027	0.000
1188	-5.909	0.027	0.000
1198	-5.909	0.027	0.000
1199	-5.909	0.027	0.000
1200	-5.909	0.027	0.000
1267	-5.909	0.027	0.000
1278	-5.909	0.027	0.000
1279	-5.909	0.027	0.000
1306	-5.909	0.027	0.000
1307	-5.909	0.027	0.000
1329	-5.909	0.027	0.000
1330	-5.909	0.027	0.000
1348	-5.909	0.027	0.000
1349	-5.909	0.027	0.000
1350	-5.909	0.027	0.000
1351	-5.909	0.027	0.000
1353	-5.909	0.027	0.000
1362	-5.909	0.027	0.000
1363	-5.909	0.027	0.000
1364	-5.909	0.027	0.000
1371	-5.909	0.027	0.000
1386	-5.909	0.027	0.000
1387	-5.909	0.027	0.000
1388	-5.909	0.027	0.000
1395	-5.909	0.027	0.000
1396	-5.909	0.027	0.000
968	-5.908	0.027	0.000
988	-5.908	0.027	0.000
1000	-5.908	0.027	0.000
1001	-5.908	0.027	0.000
1219	-5.908	0.027	0.000
1220	-5.908	0.027	0.000
1221	-5.908	0.027	0.000
1222	-5.908	0.027	0.000
1225	-5.908	0.027	0.000
1226	-5.908	0.027	0.000
1227	-5.908	0.027	0.000
1236	-5.908	0.027	0.000
1237	-5.908	0.027	0.000
1238	-5.908	0.027	0.000
1239	-5.908	0.027	0.000
1240	-5.908	0.027	0.000
1242	-5.908	0.027	0.000
1246	-5.908	0.027	0.000
1247	-5.908	0.027	0.000
1248	-5.908	0.027	0.000
1249	-5.908	0.027	0.000
1250	-5.908	0.027	0.000
1201	-5.894	0.030	0.000
1337	-5.881	0.109	0.000
1338	-5.881	0.109	0.000
1339	-5.881	0.109	0.000
1340	-5.881	0.109	0.000
1341	-5.881	0.109	0.000
1316	-5.881	0.109	0.000
1317	-5.881	0.109	0.000
1318	-5.881	0.109	0.000
1319	-5.881	0.109	0.000
1210	-5.880	0.108	0.000
1451	-5.866	0.103	0.000
1103	-5.639	0.074	0.000
1159	-5.639	0.074	0.000
973	-5.639	0.073	0.000
974	-5.639	0.073	0.000
975	-5.639	0.073	0.000
976	-5.639	0.073	0.000
1005	-5.637	0.081	0.000
934	-5.478	2.303	0.000
935	-5.478	2.303	0.000
936	-5.478	2.303	0.000
937	-5.478	2.303	0.000
938	-5.478	2.303	0.000
919	-5.474	2.303	0.000
920	-5.474	2.303	0.000
921	-5.474	2.303	0.000
922	-5.474	2.303	0.000
1184	-5.473	2.303	0.000
996	-5.472	2.303	0.000
1129	-5.469	2.303	0.000
1274	-5.434	2.305	0.000
1302	-5.434	2.305	0.000
1303	-5.434	2.305	0.000
1304	-5.434	2.305	0.000
1305	-5.434	2.305	0.000
1343	-5.434	2.305	0.000
1344	-5.434	2.305	0.000
1345	-5.434	2.305	0.000
1346	-5.434	2.305	0.000
1216	-5.433	2.305	0.000
1217	-5.433	2.305	0.000
1185	-5.433	2.305	0.000
1186	-5.433	2.305	0.000
989	-5.431	2.305	0.000
990	-5.431	2.305	0.000
991	-5.431	2.305	0.000
992	-5.431	2.305	0.000
993	-5.431	2.305	0.000
994	-5.431	2.305	0.000
995	-5.431	2.305	0.000
1018	-5.431	2.305	0.000
1019	-5.431	2.305	0.000
1055	-5.429	2.305	0.000
1056	-5.429	2.305	0.000
1057	-5.429	2.305	0.000
1058	-5.429	2.305	0.000
1059	-5.429	2.305	0.000
1156	-5.429	2.305	0.000
1172	-5.429	2.305	0.000
1173	-5.429	2.305	0.000
1174	-5.429	2.305	0.000
1175	-5.429	2.305	0.000
1176	-5.429	2.305	0.000
1298	-5.427	2.306	0.000
926	-5.426	2.305	0.000
933	-5.426	2.305	0.000
1135	-5.425	2.305	0.000
1136	-5.425	2.305	0.000
1144	-5.425	2.305	0.000
1139	-5.424	2.306	0.000
1140	-5.424	2.306	0.000
1003	-5.423	2.306	0.000
1004	-5.423	2.306	0.000
1062	-5.423	2.306	0.000
1063	-5.423	2.306	0.000
1113	-5.423	2.306	0.000
1114	-5.423	2.306	0.000
1115	-5.423	2.306	0.000
1116	-5.423	2.306	0.000
1117	-5.423	2.306	0.000
1118	-5.423	2.306	0.000
1119	-5.423	2.306	0.000
1152	-5.423	2.306	0.000
1153	-5.423	2.306	0.000
1154	-5.423	2.306	0.000
1360	-5.423	2.306	0.000
1361	-5.423	2.306	0.000
1047	-5.423	2.306	0.000
1060	-5.423	2.306	0.000
1283	-5.423	2.306	0.000
977	-5.421	2.306	0.000
986	-5.421	2.306	0.000
987	-5.421	2.306	0.000
1234	-5.421	2.306	0.000
1252	-5.421	2.306	0.000
1202	-5.414	2.305	0.000
1203	-5.414	2.305	0.000
1204	-5.414	2.305	0.000
1816	-5.405	2.306	0.000
1819	-5.405	2.306	0.000
1207	-5.404	2.306	0.000
1029	-5.357	1.800	0.000
952	-5.354	1.819	0.000
1054	-5.353	1.817	0.000
1065	-5.353	1.817	0.000
1066	-5.353	1.817	0.000
1067	-5.353	1.817	0.000
1068	-5.353	1.817	0.000
1069	-5.353	1.817	0.000
1070	-5.353	1.817	0.000
1071	-5.353	1.817	0.000
1072	-5.353	1.817	0.000
1073	-5.353	1.817	0.000
1074	-5.353	1.817	0.000
1075	-5.353	1.817	0.000
1081	-5.353	1.817	0.000
1082	-5.353	1.817	0.000
1083	-5.353	1.817	0.000
1108	-5.353	1.817	0.000
1110	-5.353	1.817	0.000
1111	-5.353	1.817	0.000
1128	-5.353	1.817	0.000
1150	-5.353	1.817	0.000
1155	-5.353	1.817	0.000
1170	-5.353	1.817	0.000
1197	-5.353	1.817	0.000
1281	-5.353	1.817	0.000
1352	-5.353	1.817	0.000
1453	-5.353	1.817	0.000
979	-5.350	1.815	0.000
980	-5.350	1.815	0.000
981	-5.350	1.815	0.000
982	-5.350	1.815	0.000
998	-5.350	1.815	0.000
1010	-5.350	1.815	0.000
1011	-5.350	1.815	0.000
1012	-5.350	1.815	0.000
1013	-5.350	1.815	0.000
1223	-5.350	1.815	0.000
1224	-5.350	1.815	0.000
1230	-5.350	1.815	0.000
1251	-5.350	1.815	0.000
1831	-4.879	1.109	0.000
1802	-4.878	1.105	0.000
1459	-4.788	1.158	0.000
1460	-4.788	1.158	0.000
1447	-4.784	1.161	0.000
1448	-4.784	1.161	0.000
1449	-4.784	1.161	0.000
1422	-4.769	1.167	0.000
1359	-4.769	1.165	0.000
1390	-4.769	1.165	0.000
1391	-4.769	1.165	0.000
1392	-4.769	1.165	0.000
1393	-4.769	1.165	0.000
1414	-4.769	1.165	0.000
1232	-4.769	0.449	0.000
1308	-4.768	0.458	0.000
1369	-4.768	0.458	0.000
1415	-4.768	0.457	0.000
1416	-4.768	0.458	0.000
1417	-4.768	0.458	0.000
1196	-4.767	0.459	0.000
1275	-4.766	0.462	0.000
1276	-4.766	0.462	0.000
1320	-4.764	1.929	0.000
1321	-4.764	1.929	0.000
1322	-4.764	1.929	0.000
1323	-4.764	1.929	0.000
1324	-4.764	1.929	0.000
1325	-4.764	1.929	0.000
1436	-4.764	1.930	0.000
1253	-4.763	1.931	0.000
1254	-4.763	1.931	0.000
1206	-4.762	0.453	0.000
806	-4.748	1.167	0.000
1385	-4.738	0.670	0.000
1294	-4.736	2.494	0.000
1295	-4.736	2.494	0.000
1296	-4.736	2.494	0.000
925	-4.733	2.426	0.000
914	-4.733	2.427	0.000
915	-4.733	2.427	0.000
916	-4.733	2.427	0.000
917	-4.733	2.427	0.000
918	-4.733	2.427	0.000
1050	-4.732	2.430	0.000
1255	-4.732	2.430	0.000
1284	-4.732	2.430	0.000
1285	-4.732	2.430	0.000
1286	-4.732	2.430	0.000
1287	-4.732	2.430	0.000
1288	-4.732	2.430	0.000
1289	-4.732	2.430	0.000
1290	-4.732	2.430	0.000
1277	-4.731	2.429	0.000
1148	-4.731	2.426	0.000
1463	-4.731	2.427	0.000
1464	-4.731	2.427	0.000
1331	-4.731	2.425	0.000
1332	-4.731	2.424	0.000
1333	-4.731	2.424	0.000
1354	-4.731	2.424	0.000
1355	-4.731	2.424	0.000
1356	-4.731	2.424	0.000
1357	-4.731	2.424	0.000
1389	-4.731	2.424	0.000
1257	-4.685	1.940	0.000
1258	-4.685	1.940	0.000
1259	-4.685	1.940	0.000
1260	-4.685	1.940	0.000
1261	-4.685	1.940	0.000
1262	-4.685	1.940	0.000
1263	-4.685	1.940	0.000
1265	-4.685	1.940	0.000
1372	-4.685	1.942	0.000
1404	-4.685	1.942	0.000
1405	-4.685	1.942	0.000
1120	-4.684	1.944	0.000
1433	-4.661	2.496	0.000
1412	-4.660	2.496	0.000
1370	-4.660	2.496	0.000
1462	-4.660	2.496	0.000
1456	-4.659	2.494	0.000
1450	-4.658	2.496	0.000
1291	-4.658	2.442	0.000
1292	-4.658	2.442	0.000
1293	-4.658	2.442	0.000
1358	-4.657	2.439	0.000
1040	-4.640	1.861	0.000
1041	-4.640	1.861	0.000
1042	-4.640	1.861	0.000
1043	-4.640	1.861	0.000
1044	-4.640	1.861	0.000
1045	-4.640	1.861	0.000
1046	-4.640	1.861	0.000
1064	-4.640	1.861	0.000
1122	-4.640	1.861	0.000
1124	-4.640	1.861	0.000
1130	-4.640	1.861	0.000
1177	-4.640	1.861	0.000
1178	-4.640	1.861	0.000
1256	-4.640	1.861	0.000
1264	-4.640	1.861	0.000
1266	-4.640	1.861	0.000
1282	-4.640	1.861	0.000
1300	-4.640	1.861	0.000
1326	-4.591	1.881	0.000
1327	-4.591	1.880	0.000
1454	-4.591	1.881	0.000
1455	-4.591	1.881	0.000
1228	-4.589	1.880	0.000
1229	-4.589	1.880	0.000
1231	-4.589	1.880	0.000
1138	-4.527	1.289	0.000
1195	-4.527	1.288	0.000
1347	-4.527	1.289	0.000
1432	-4.526	1.288	0.000
1235	-4.526	1.289	0.000
1218	-4.525	1.288	0.000
1413	-4.525	1.286	0.000
1312	-4.524	1.285	0.000
1142	-4.523	1.283	0.000
1143	-4.523	1.283	0.000
1408	-4.522	1.284	0.000
1409	-4.522	1.284	0.000
1299	-4.520	1.284	0.000
1233	-4.520	1.282	0.000
1205	-4.517	1.286	0.000
1434	-4.485	0.480	0.000
1731	-4.291	1.317	0.000
1301	-4.142	2.406	0.000
1097	-4.141	2.527	0.000
1098	-4.141	2.526	0.000
1099	-4.141	2.526	0.000
1100	-4.141	2.526	0.000
1190	-4.141	2.526	0.000
1398	-4.141	2.528	0.000
1424	-4.141	2.526	0.000
1268	-4.141	2.528	0.000
1269	-4.141	2.528	0.000
1271	-4.141	2.528	0.000
1272	-4.141	2.528	0.000
1273	-4.141	2.528	0.000
1342	-4.141	2.528	0.000
1270	-4.141	2.528	0.000
1335	-4.141	2.527	0.000
1280	-4.141	2.535	0.000
1048	-4.139	2.400	0.000
1049	-4.139	2.400	0.000
1211	-4.139	2.529	0.000
1212	-4.139	2.529	0.000
1213	-4.139	2.529	0.000
1214	-4.139	2.529	0.000
1215	-4.139	2.529	0.000
1471	-4.117	2.404	0.000
1421	-4.116	2.404	0.000
1137	-4.116	2.523	0.000
1423	-4.116	2.528	0.000
1394	-4.116	2.530	0.000
1033	-4.115	2.405	0.000
1131	-4.115	2.406	0.000
1132	-4.115	2.406	0.000
1133	-4.115	2.406	0.000
1134	-4.115	2.406	0.000
1191	-4.115	2.528	0.000
1192	-4.115	2.528	0.000
1193	-4.115	2.529	0.000
1194	-4.115	2.528	0.000
1426	-4.115	2.529	0.000
1427	-4.115	2.529	0.000
1428	-4.115	2.529	0.000
1429	-4.115	2.529	0.000
1431	-4.115	2.529	0.000
1465	-4.115	2.529	0.000
1466	-4.115	2.528	0.000
1467	-4.115	2.528	0.000
1468	-4.115	2.528	0.000
1469	-4.115	2.528	0.000
1470	-4.115	2.528	0.000
1430	-4.115	2.529	0.000
1334	-4.115	2.530	0.000
1379	-4.115	2.531	0.000
1380	-4.115	2.531	0.000
1381	-4.115	2.531	0.000
1399	-4.115	2.530	0.000
1400	-4.115	2.530	0.000
1053	-4.114	2.531	0.000
1397	-4.114	2.531	0.000
1435	-4.114	2.529	0.000
1419	-4.114	2.530	0.000
1420	-4.114	2.530	0.000
1309	-4.114	2.531	0.000
1310	-4.114	2.531	0.000
1311	-4.114	2.531	0.000
1313	-4.114	2.531	0.000
1314	-4.114	2.531	0.000
1315	-4.114	2.531	0.000
1328	-4.113	2.538	0.000
1438	-4.112	2.405	0.000
969	-4.112	2.532	0.000
972	-4.112	2.532	0.000
1373	-4.112	2.533	0.000
1374	-4.112	2.533	0.000
1375	-4.112	2.533	0.000
1376	-4.112	2.533	0.000
1406	-4.112	2.533	0.000
1407	-4.112	2.533	0.000
1410	-4.112	2.533	0.000
970	-4.112	2.532	0.000
971	-4.112	2.532	0.000
1002	-4.112	2.532	0.000
1171	-4.112	2.533	0.000
1241	-4.112	2.532	0.000
1474	-4.111	2.533	0.000
1669	-4.111	2.533	0.000
1670	-4.111	2.533	0.000
1671	-4.111	2.533	0.000
1672	-4.111	2.532	0.000
1439	-4.110	2.534	0.000
1440	-4.110	2.534	0.000
1445	-3.774	3.532	0.000
1297	-3.773	3.535	0.000
1384	-3.773	3.535	0.000
1437	-3.773	3.536	0.000
1725	-3.766	3.396	0.000
1726	-3.766	3.396	0.000
1727	-3.766	3.396	0.000
1728	-3.766	3.396	0.000
1441	-3.762	3.393	0.000
1442	-3.762	3.393	0.000
1443	-3.762	3.393	0.000
1444	-3.762	3.393	0.000
1683	-3.762	3.393	0.000
1684	-3.762	3.393	0.000
1685	-3.762	3.393	0.000
1706	-3.762	3.393	0.000
1707	-3.762	3.393	0.000
1708	-3.762	3.393	0.000
1709	-3.762	3.393	0.000
1710	-3.762	3.393	0.000
1716	-3.762	3.393	0.000
1718	-3.762	3.393	0.000
1719	-3.762	3.393	0.000
1735	-3.762	3.393	0.000
1736	-3.762	3.393	0.000
1737	-3.762	3.393	0.000
1738	-3.762	3.393	0.000
1739	-3.762	3.393	0.000
1740	-3.762	3.393	0.000
1743	-3.762	3.393	0.000
1753	-3.762	3.393	0.000
1457	-3.704	3.625	0.000
1458	-3.704	3.626	0.000
1473	-3.704	3.626	0.000
1472	-3.704	3.626	0.000
1411	-3.618	3.653	0.000
1722	-3.557	1.871	0.000
1729	-3.557	1.871	0.000
1730	-3.557	1.871	0.000
1732	-3.557	1.871	0.000
1733	-3.557	1.871	0.000
1734	-3.557	1.871	0.000
