157	-9.045	0.000	0.000
158	-9.045	0.000	0.000
166	-9.045	0.000	0.000
168	-9.045	0.000	0.000
533	-9.044	0.000	0.000
83	-9.033	0.001	0.000
241	-9.032	0.026	0.000
179	-9.021	0.021	0.000
184	-9.021	0.021	0.000
206	-9.021	0.021	0.000
219	-9.021	0.021	0.000
622	-9.021	0.021	0.000
242	-9.015	0.023	0.000
243	-9.015	0.023	0.000
389	-9.009	0.022	0.000
101	-9.008	0.020	0.000
258	-8.988	0.055	0.000
182	-7.284	2.160	0.000
183	-7.284	2.160	0.000
176	-7.284	2.160	0.000
177	-7.284	2.160	0.000
217	-7.284	2.160	0.000
218	-7.284	2.160	0.000
167	-7.283	2.160	0.000
191	-7.283	2.160	0.000
93	-7.278	2.160	0.000
549	-7.238	2.161	0.000
295	-7.226	2.163	0.000
296	-7.226	2.163	0.000
444	-7.220	2.161	0.000
445	-7.220	2.161	0.000
483	-7.175	0.615	0.000
492	-7.175	0.615	0.000
493	-7.175	0.615	0.000
515	-7.175	0.615	0.000
516	-7.175	0.615	0.000
517	-7.175	0.615	0.000
518	-7.175	0.615	0.000
519	-7.175	0.615	0.000
520	-7.175	0.615	0.000
521	-7.175	0.615	0.000
532	-7.175	0.615	0.000
755	-7.175	0.615	0.000
756	-7.175	0.615	0.000
760	-7.175	0.615	0.000
766	-7.175	0.615	0.000
767	-7.175	0.615	0.000
768	-7.175	0.615	0.000
769	-7.175	0.615	0.000
770	-7.175	0.615	0.000
777	-7.175	0.615	0.000
782	-7.175	0.615	0.000
783	-7.175	0.615	0.000
1840	-7.175	0.615	0.000
1841	-7.175	0.615	0.000
1842	-7.175	0.615	0.000
1843	-7.175	0.615	0.000
1844	-7.175	0.615	0.000
1846	-7.175	0.615	0.000
1848	-7.175	0.615	0.000
1849	-7.175	0.615	0.000
1850	-7.175	0.615	0.000
1851	-7.175	0.615	0.000
1852	-7.175	0.615	0.000
1853	-7.175	0.615	0.000
1854	-7.175	0.615	0.000
1855	-7.175	0.615	0.000
1856	-7.175	0.615	0.000
1859	-7.175	0.615	0.000
1861	-7.175	0.615	0.000
1862	-7.175	0.615	0.000
1863	-7.175	0.615	0.000
1864	-7.175	0.615	0.000
1865	-7.175	0.615	0.000
1866	-7.175	0.615	0.000
1867	-7.175	0.615	0.000
1868	-7.175	0.615	0.000
1869	-7.175	0.615	0.000
1870	-7.175	0.615	0.000
1871	-7.175	0.615	0.000
1872	-7.175	0.615	0.000
1873	-7.175	0.615	0.000
1874	-7.175	0.615	0.000
1875	-7.175	0.615	0.000
1883	-7.175	0.615	0.000
1884	-7.175	0.615	0.000
1902	-7.175	0.615	0.000
1903	-7.175	0.615	0.000
1904	-7.175	0.615	0.000
1905	-7.175	0.615	0.000
1906	-7.175	0.615	0.000
1917	-7.175	0.615	0.000
805	-7.175	0.615	0.000
832	-7.175	0.615	0.000
833	-7.175	0.615	0.000
834	-7.175	0.615	0.000
851	-7.175	0.615	0.000
852	-7.175	0.615	0.000
856	-7.175	0.615	0.000
857	-7.175	0.615	0.000
858	-7.175	0.615	0.000
863	-7.175	0.615	0.000
865	-7.175	0.615	0.000
867	-7.175	0.615	0.000
878	-7.175	0.615	0.000
879	-7.175	0.615	0.000
880	-7.175	0.615	0.000
885	-7.175	0.615	0.000
886	-7.175	0.615	0.000
894	-7.175	0.615	0.000
895	-7.175	0.615	0.000
896	-7.175	0.615	0.000
897	-7.175	0.615	0.000
912	-7.175	0.615	0.000
1845	-7.175	0.615	0.000
724	-7.172	0.621	0.000
725	-7.172	0.621	0.000
726	-7.172	0.621	0.000
739	-7.172	0.621	0.000
740	-7.172	0.621	0.000
741	-7.172	0.621	0.000
742	-7.172	0.621	0.000
882	-7.151	0.596	0.000
807	-7.148	0.580	0.000
808	-7.148	0.580	0.000
809	-7.148	0.580	0.000
810	-7.148	0.580	0.000
811	-7.148	0.580	0.000
812	-7.148	0.580	0.000
813	-7.148	0.580	0.000
814	-7.148	0.580	0.000
815	-7.148	0.580	0.000
816	-7.148	0.580	0.000
1876	-7.148	0.580	0.000
1885	-7.148	0.580	0.000
1886	-7.148	0.580	0.000
1887	-7.148	0.580	0.000
1888	-7.148	0.580	0.000
1889	-7.148	0.580	0.000
1892	-7.148	0.580	0.000
1893	-7.148	0.580	0.000
1894	-7.148	0.580	0.000
1895	-7.148	0.580	0.000
1896	-7.148	0.580	0.000
1897	-7.148	0.580	0.000
860	-7.147	0.580	0.000
861	-7.147	0.580	0.000
903	-7.147	0.580	0.000
904	-7.147	0.580	0.000
905	-7.147	0.580	0.000
906	-7.147	0.580	0.000
732	-7.145	0.587	0.000
733	-7.145	0.587	0.000
734	-7.145	0.587	0.000
484	-7.143	0.600	0.000
485	-7.143	0.600	0.000
486	-7.143	0.600	0.000
496	-7.143	0.600	0.000
497	-7.143	0.600	0.000
498	-7.143	0.600	0.000
507	-7.143	0.600	0.000
522	-7.143	0.600	0.000
523	-7.143	0.600	0.000
745	-7.143	0.600	0.000
746	-7.143	0.600	0.000
747	-7.143	0.600	0.000
748	-7.143	0.600	0.000
749	-7.143	0.600	0.000
752	-7.143	0.600	0.000
757	-7.143	0.600	0.000
758	-7.143	0.600	0.000
776	-7.143	0.600	0.000
778	-7.143	0.600	0.000
779	-7.143	0.600	0.000
786	-7.143	0.600	0.000
787	-7.143	0.600	0.000
788	-7.143	0.600	0.000
789	-7.143	0.600	0.000
790	-7.143	0.600	0.000
791	-7.143	0.600	0.000
792	-7.143	0.600	0.000
793	-7.143	0.600	0.000
794	-7.143	0.600	0.000
800	-7.143	0.600	0.000
822	-7.143	0.600	0.000
823	-7.143	0.600	0.000
826	-7.143	0.600	0.000
827	-7.143	0.600	0.000
828	-7.143	0.600	0.000
829	-7.143	0.600	0.000
862	-7.143	0.600	0.000
870	-7.143	0.600	0.000
888	-7.143	0.600	0.000
889	-7.143	0.600	0.000
890	-7.143	0.600	0.000
892	-7.143	0.600	0.000
738	-7.141	0.607	0.000
1877	-7.133	0.610	0.000
1878	-7.133	0.610	0.000
1879	-7.133	0.610	0.000
1880	-7.133	0.610	0.000
1881	-7.133	0.610	0.000
1913	-7.133	0.610	0.000
1914	-7.133	0.610	0.000
1915	-7.133	0.610	0.000
1916	-7.133	0.610	0.000
500	-7.125	0.560	0.000
854	-7.125	0.560	0.000
504	-7.117	0.563	0.000
795	-7.117	0.563	0.000
1908	-7.117	0.563	0.000
1911	-7.117	0.563	0.000
869	-7.116	0.564	0.000
872	-7.116	0.564	0.000
876	-7.116	0.564	0.000
836	-7.110	0.590	0.000
866	-7.110	0.590	0.000
907	-7.110	0.590	0.000
145	-7.102	0.624	0.000
626	-7.102	0.624	0.000
628	-7.102	0.625	0.000
629	-7.102	0.625	0.000
630	-7.102	0.624	0.000
631	-7.102	0.624	0.000
632	-7.102	0.624	0.000
645	-7.102	0.624	0.000
646	-7.102	0.624	0.000
647	-7.102	0.624	0.000
648	-7.102	0.624	0.000
649	-7.102	0.624	0.000
650	-7.102	0.624	0.000
651	-7.102	0.624	0.000
657	-7.102	0.625	0.000
658	-7.102	0.624	0.000
662	-7.102	0.624	0.000
663	-7.102	0.624	0.000
664	-7.102	0.624	0.000
665	-7.102	0.624	0.000
666	-7.102	0.625	0.000
667	-7.102	0.625	0.000
668	-7.102	0.624	0.000
669	-7.102	0.625	0.000
677	-7.102	0.624	0.000
678	-7.102	0.624	0.000
691	-7.102	0.625	0.000
717	-7.102	0.624	0.000
718	-7.102	0.625	0.000
719	-7.102	0.625	0.000
416	-7.100	0.623	0.000
426	-7.100	0.623	0.000
267	-7.096	0.601	0.000
268	-7.096	0.601	0.000
269	-7.096	0.601	0.000
270	-7.096	0.601	0.000
271	-7.096	0.601	0.000
272	-7.096	0.601	0.000
273	-7.096	0.601	0.000
274	-7.096	0.601	0.000
357	-7.093	0.624	0.000
358	-7.093	0.624	0.000
359	-7.093	0.624	0.000
360	-7.093	0.624	0.000
361	-7.093	0.624	0.000
380	-7.093	0.624	0.000
259	-7.088	0.605	0.000
263	-7.088	0.605	0.000
275	-7.088	0.605	0.000
276	-7.088	0.605	0.000
283	-7.088	0.605	0.000
830	-7.083	0.551	0.000
679	-7.078	0.606	0.000
680	-7.078	0.606	0.000
598	-7.078	0.628	0.000
620	-7.078	0.628	0.000
558	-7.078	0.628	0.000
562	-7.078	0.628	0.000
563	-7.078	0.628	0.000
564	-7.078	0.628	0.000
565	-7.078	0.628	0.000
566	-7.078	0.628	0.000
567	-7.078	0.628	0.000
568	-7.078	0.628	0.000
569	-7.078	0.628	0.000
570	-7.078	0.628	0.000
571	-7.078	0.628	0.000
572	-7.078	0.628	0.000
582	-7.078	0.628	0.000
615	-7.078	0.628	0.000
616	-7.078	0.628	0.000
617	-7.078	0.628	0.000
460	-7.077	0.626	0.000
672	-7.074	0.590	0.000
544	-7.073	0.607	0.000
545	-7.073	0.607	0.000
546	-7.073	0.607	0.000
547	-7.073	0.607	0.000
246	-7.070	0.609	0.000
146	-7.070	0.610	0.000
180	-7.070	0.610	0.000
185	-7.070	0.610	0.000
186	-7.070	0.610	0.000
207	-7.070	0.610	0.000
213	-7.070	0.610	0.000
214	-7.070	0.610	0.000
220	-7.070	0.610	0.000
227	-7.070	0.610	0.000
229	-7.070	0.610	0.000
234	-7.070	0.610	0.000
235	-7.070	0.610	0.000
236	-7.070	0.610	0.000
237	-7.070	0.610	0.000
239	-7.070	0.610	0.000
240	-7.070	0.610	0.000
659	-7.070	0.610	0.000
673	-7.070	0.610	0.000
710	-7.070	0.610	0.000
327	-7.069	0.606	0.000
328	-7.069	0.606	0.000
336	-7.069	0.606	0.000
337	-7.069	0.606	0.000
338	-7.069	0.606	0.000
362	-7.069	0.606	0.000
390	-7.068	0.608	0.000
391	-7.068	0.608	0.000
392	-7.068	0.608	0.000
404	-7.068	0.608	0.000
405	-7.068	0.608	0.000
417	-7.068	0.608	0.000
423	-7.068	0.608	0.000
424	-7.068	0.608	0.000
425	-7.068	0.608	0.000
400	-7.068	0.608	0.000
442	-7.068	0.608	0.000
443	-7.068	0.608	0.000
244	-7.067	0.616	0.000
159	-7.065	0.610	0.000
262	-7.062	0.569	0.000
265	-7.062	0.570	0.000
313	-7.062	0.610	0.000
315	-7.062	0.610	0.000
316	-7.062	0.610	0.000
317	-7.062	0.610	0.000
329	-7.062	0.610	0.000
330	-7.062	0.610	0.000
339	-7.062	0.610	0.000
340	-7.062	0.610	0.000
341	-7.062	0.610	0.000
342	-7.062	0.610	0.000
345	-7.062	0.610	0.000
346	-7.062	0.610	0.000
347	-7.062	0.610	0.000
351	-7.062	0.610	0.000
352	-7.062	0.610	0.000
353	-7.062	0.610	0.000
383	-7.062	0.610	0.000
384	-7.062	0.610	0.000
1821	-7.057	0.542	0.000
1805	-7.057	0.546	0.000
1835	-7.057	0.546	0.000
1836	-7.057	0.546	0.000
1838	-7.057	0.546	0.000
122	-7.055	0.607	0.000
123	-7.055	0.607	0.000
124	-7.055	0.607	0.000
125	-7.055	0.607	0.000
133	-7.055	0.607	0.000
134	-7.055	0.607	0.000
102	-7.054	0.607	0.000
103	-7.054	0.607	0.000
113	-7.054	0.607	0.000
114	-7.054	0.607	0.000
115	-7.054	0.607	0.000
116	-7.054	0.607	0.000
450	-7.052	0.609	0.000
451	-7.052	0.609	0.000
452	-7.052	0.609	0.000
641	-7.051	0.558	0.000
640	-7.051	0.571	0.000
600	-7.051	0.594	0.000
88	-7.049	0.608	0.000
89	-7.049	0.608	0.000
90	-7.049	0.608	0.000
91	-7.049	0.608	0.000
1801	-7.049	0.549	0.000
1808	-7.049	0.549	0.000
1814	-7.048	0.548	0.000
1813	-7.048	0.547	0.000
1815	-7.048	0.547	0.000
554	-7.046	0.614	0.000
574	-7.046	0.614	0.000
588	-7.046	0.614	0.000
596	-7.046	0.614	0.000
602	-7.046	0.613	0.000
605	-7.046	0.613	0.000
606	-7.046	0.613	0.000
607	-7.046	0.613	0.000
608	-7.046	0.613	0.000
618	-7.046	0.614	0.000
467	-7.045	0.612	0.000
468	-7.045	0.612	0.000
333	-7.043	0.571	0.000
643	-7.043	0.575	0.000
700	-7.043	0.575	0.000
701	-7.043	0.575	0.000
702	-7.043	0.575	0.000
703	-7.043	0.575	0.000
712	-7.043	0.575	0.000
394	-7.042	0.573	0.000
354	-7.035	0.575	0.000
355	-7.035	0.575	0.000
356	-7.035	0.575	0.000
601	-7.027	0.575	0.000
446	-7.018	0.577	0.000
459	-7.018	0.577	0.000
472	-7.018	0.577	0.000
376	-7.008	0.550	0.000
377	-7.008	0.550	0.000
501	-6.463	3.401	0.000
840	-6.459	3.404	0.000
841	-6.459	3.404	0.000
842	-6.459	3.404	0.000
913	-6.459	3.404	0.000
753	-6.454	3.438	0.000
754	-6.454	3.438	0.000
524	-6.453	3.442	0.000
525	-6.453	3.442	0.000
526	-6.453	3.442	0.000
527	-6.453	3.442	0.000
528	-6.453	3.442	0.000
761	-6.453	3.442	0.000
762	-6.453	3.442	0.000
763	-6.453	3.442	0.000
764	-6.453	3.442	0.000
765	-6.453	3.442	0.000
772	-6.453	3.442	0.000
773	-6.453	3.442	0.000
774	-6.453	3.442	0.000
775	-6.453	3.442	0.000
780	-6.453	3.442	0.000
781	-6.453	3.442	0.000
639	-6.451	3.489	0.000
697	-6.451	3.489	0.000
642	-6.451	3.489	0.000
821	-6.449	3.447	0.000
844	-6.449	3.447	0.000
855	-6.449	3.447	0.000
881	-6.449	3.447	0.000
887	-6.449	3.447	0.000
908	-6.449	3.447	0.000
909	-6.449	3.447	0.000
910	-6.449	3.447	0.000
277	-6.447	3.457	0.000
1820	-6.446	3.498	0.000
1828	-6.446	3.499	0.000
1829	-6.446	3.498	0.000
1822	-6.446	3.499	0.000
1823	-6.446	3.499	0.000
1824	-6.446	3.499	0.000
1826	-6.446	3.499	0.000
1833	-6.444	3.503	0.000
1832	-6.444	3.504	0.000
1837	-6.444	3.504	0.000
625	-6.442	3.522	0.000
653	-6.442	3.522	0.000
654	-6.442	3.522	0.000
656	-6.442	3.522	0.000
661	-6.442	3.522	0.000
671	-6.442	3.522	0.000
711	-6.442	3.522	0.000
1839	-6.442	3.998	0.000
578	-6.438	3.495	0.000
577	-6.438	3.496	0.000
579	-6.438	3.496	0.000
580	-6.438	3.496	0.000
581	-6.438	3.496	0.000
335	-6.437	3.496	0.000
334	-6.437	3.494	0.000
603	-6.436	3.540	0.000
621	-6.436	3.540	0.000
541	-6.433	3.515	0.000
722	-6.431	3.547	0.000
575	-6.429	3.528	0.000
585	-6.429	3.527	0.000
586	-6.429	3.528	0.000
587	-6.429	3.527	0.000
1847	-6.358	3.133	0.000
1857	-6.358	3.133	0.000
1920	-6.358	3.133	0.000
751	-6.354	3.116	0.000
502	-6.353	3.113	0.000
784	-6.353	3.113	0.000
797	-6.353	3.113	0.000
799	-6.353	3.113	0.000
817	-6.349	3.108	0.000
818	-6.349	3.108	0.000
819	-6.349	3.108	0.000
820	-6.349	3.108	0.000
843	-6.349	3.109	0.000
845	-6.349	3.109	0.000
847	-6.349	3.109	0.000
848	-6.349	3.109	0.000
849	-6.349	3.108	0.000
850	-6.349	3.109	0.000
831	-6.349	3.107	0.000
837	-6.349	3.107	0.000
839	-6.349	3.107	0.000
859	-6.349	3.108	0.000
874	-6.349	3.107	0.000
875	-6.349	3.107	0.000
883	-6.349	3.107	0.000
901	-6.349	3.109	0.000
902	-6.349	3.109	0.000
911	-6.349	3.109	0.000
736	-6.341	3.111	0.000
674	-6.339	3.162	0.000
675	-6.339	3.162	0.000
687	-6.339	3.163	0.000
688	-6.339	3.163	0.000
689	-6.339	3.163	0.000
690	-6.339	3.163	0.000
698	-6.339	3.162	0.000
699	-6.339	3.162	0.000
824	-6.335	3.121	0.000
825	-6.335	3.121	0.000
1798	-6.334	3.176	0.000
891	-6.334	3.121	0.000
1804	-6.333	3.177	0.000
1807	-6.333	3.177	0.000
1809	-6.333	3.177	0.000
1810	-6.333	3.177	0.000
1817	-6.332	3.173	0.000
1818	-6.332	3.173	0.000
381	-6.329	3.160	0.000
402	-6.325	3.150	0.000
660	-6.325	3.170	0.000
458	-6.324	3.165	0.000
593	-6.324	3.153	0.000
412	-6.316	3.166	0.000
318	-5.832	3.387	0.000
197	-5.682	3.406	0.000
200	-5.682	3.406	0.000
85	-5.682	3.405	0.000
86	-5.682	3.405	0.000
87	-5.682	3.405	0.000
92	-5.682	3.405	0.000
107	-5.682	3.405	0.000
108	-5.682	3.405	0.000
109	-5.682	3.405	0.000
110	-5.682	3.405	0.000
141	-5.682	3.405	0.000
142	-5.682	3.405	0.000
143	-5.682	3.405	0.000
163	-5.681	3.406	0.000
17	-5.680	3.403	0.000
18	-5.680	3.404	0.000
36	-5.680	3.404	0.000
1	-5.669	3.389	0.000
2	-5.669	3.389	0.000
98	-5.655	3.402	0.000
100	-5.655	3.402	0.000
198	-5.655	3.403	0.000
199	-5.655	3.403	0.000
175	-5.654	3.403	0.000
147	-5.654	3.402	0.000
148	-5.654	3.402	0.000
149	-5.654	3.402	0.000
150	-5.654	3.402	0.000
151	-5.654	3.402	0.000
152	-5.654	3.402	0.000
216	-5.654	3.402	0.000
221	-5.654	3.402	0.000
222	-5.654	3.402	0.000
223	-5.654	3.402	0.000
224	-5.654	3.402	0.000
225	-5.654	3.402	0.000
226	-5.654	3.402	0.000
248	-5.654	3.402	0.000
249	-5.654	3.402	0.000
250	-5.654	3.402	0.000
251	-5.654	3.402	0.000
252	-5.654	3.402	0.000
111	-5.654	3.402	0.000
126	-5.654	3.402	0.000
127	-5.654	3.402	0.000
128	-5.654	3.402	0.000
69	-5.653	3.401	0.000
70	-5.653	3.401	0.000
71	-5.653	3.401	0.000
72	-5.653	3.401	0.000
73	-5.653	3.401	0.000
74	-5.653	3.401	0.000
75	-5.653	3.401	0.000
476	-5.647	3.405	0.000
449	-5.647	3.405	0.000
475	-5.647	3.405	0.000
297	-5.647	3.404	0.000
310	-5.647	3.404	0.000
321	-5.647	3.404	0.000
322	-5.647	3.404	0.000
323	-5.647	3.404	0.000
324	-5.647	3.404	0.000
371	-5.647	3.404	0.000
387	-5.647	3.404	0.000
398	-5.646	3.404	0.000
399	-5.646	3.404	0.000
406	-5.646	3.404	0.000
264	-5.646	3.403	0.000
293	-5.646	3.403	0.000
529	-5.624	3.403	0.000
530	-5.624	3.403	0.000
178	-5.613	3.399	0.000
203	-5.613	3.399	0.000
204	-5.613	3.399	0.000
205	-5.613	3.399	0.000
174	-5.611	3.399	0.000
298	-5.605	3.400	0.000
299	-5.605	3.400	0.000
311	-5.605	3.400	0.000
325	-5.605	3.400	0.000
326	-5.605	3.400	0.000
286	-5.603	3.399	0.000
201	-5.599	3.416	0.000
884	-5.590	3.396	0.000
853	-5.589	3.396	0.000
506	-5.587	2.869	0.000
798	-5.587	2.869	0.000
750	-5.586	2.868	0.000
1858	-5.586	2.868	0.000
1909	-5.586	2.868	0.000
1918	-5.586	2.868	0.000
1919	-5.586	2.868	0.000
1860	-5.582	3.394	0.000
1912	-5.582	3.394	0.000
803	-5.580	3.390	0.000
802	-5.580	3.391	0.000
804	-5.580	3.391	0.000
873	-5.580	3.390	0.000
838	-5.580	3.390	0.000
868	-5.580	3.391	0.000
871	-5.580	3.390	0.000
846	-5.579	3.390	0.000
864	-5.579	3.390	0.000
898	-5.579	3.390	0.000
505	-5.578	3.390	0.000
785	-5.578	3.390	0.000
796	-5.578	3.390	0.000
716	-5.576	3.386	0.000
181	-5.576	3.388	0.000
735	-5.574	3.375	0.000
633	-5.573	3.388	0.000
635	-5.573	3.388	0.000
686	-5.573	3.388	0.000
692	-5.573	3.388	0.000
704	-5.573	3.388	0.000
1882	-5.573	3.388	0.000
1891	-5.573	3.388	0.000
1907	-5.573	3.388	0.000
171	-5.571	2.881	0.000
350	-5.567	3.390	0.000
382	-5.567	3.390	0.000
385	-5.567	3.390	0.000
386	-5.567	3.390	0.000
215	-5.567	2.873	0.000
638	-5.567	2.873	0.000
418	-5.566	3.390	0.000
419	-5.566	3.390	0.000
285	-5.566	3.389	0.000
289	-5.566	3.389	0.000
290	-5.566	3.389	0.000
291	-5.566	3.389	0.000
292	-5.566	3.389	0.000
288	-5.566	3.389	0.000
614	-5.565	3.380	0.000
634	-5.565	2.873	0.000
644	-5.565	2.874	0.000
676	-5.565	2.874	0.000
331	-5.560	2.874	0.000
332	-5.560	2.874	0.000
401	-5.560	2.874	0.000
555	-5.560	2.877	0.000
877	-5.556	3.389	0.000
470	-5.552	2.876	0.000
471	-5.552	2.876	0.000
494	-5.538	3.415	0.000
508	-5.538	3.415	0.000
509	-5.538	3.415	0.000
510	-5.538	3.415	0.000
511	-5.538	3.415	0.000
512	-5.538	3.415	0.000
513	-5.538	3.414	0.000
801	-5.538	3.415	0.000
612	-5.528	3.407	0.000
613	-5.528	3.407	0.000
474	-5.522	3.410	0.000
477	-5.522	3.410	0.000
453	-5.522	3.410	0.000
454	-5.522	3.410	0.000
455	-5.522	3.410	0.000
456	-5.522	3.410	0.000
395	-5.520	3.410	0.000
396	-5.520	3.410	0.000
397	-5.520	3.410	0.000
420	-5.519	3.409	0.000
440	-5.519	3.409	0.000
441	-5.519	3.409	0.000
495	-5.500	3.400	0.000
835	-5.500	3.400	0.000
1830	-5.500	3.404	0.000
1834	-5.493	3.395	0.000
1825	-5.431	2.854	0.000
1827	-5.431	2.854	0.000
469	-4.999	2.105	0.000
