631	-16.403	0.000	10.592
678	-16.344	0.069	10.595
707	-16.340	0.014	10.595
673	-16.340	0.060	10.595
754	-16.315	0.074	10.595
757	-16.315	0.075	10.594
777	-16.315	0.075	10.596
712	-16.315	0.073	10.597
734	-16.315	0.074	10.597
803	-16.315	0.074	10.597
811	-16.315	0.073	10.593
825	-16.315	0.074	10.595
828	-16.315	0.074	10.597
841	-16.315	0.074	10.597
868	-16.315	0.074	10.593
702	-16.310	0.074	10.595
735	-16.309	0.065	10.593
780	-16.309	0.061	10.595
709	-16.309	0.062	6.722
762	-16.309	0.061	10.595
778	-16.309	0.061	10.591
783	-16.308	0.063	10.595
697	-16.303	0.060	10.594
701	-16.303	0.060	10.595
696	-16.303	0.060	6.723
616	-16.263	0.081	10.595
614	-16.263	0.079	6.722
633	-16.263	0.079	6.722
598	-16.261	0.081	6.722
660	-16.255	0.065	6.722
643	-16.255	0.065	6.722
622	-16.255	0.065	10.598
650	-16.254	0.065	6.713
913	-16.215	0.067	6.740
930	-16.215	0.067	6.743
959	-16.215	0.067	6.743
1096	-16.198	0.075	7.415
1093	-16.197	0.075	7.393
1201	-16.196	0.075	6.849
1195	-16.195	0.075	6.835
1216	-16.195	0.075	7.402
740	-16.186	0.070	7.861
741	-16.186	0.070	7.861
789	-16.186	0.069	7.803
792	-16.186	0.069	7.788
748	-16.185	0.070	2.430
716	-16.185	0.070	2.430
746	-16.185	0.070	2.430
774	-16.185	0.069	2.429
810	-16.185	0.069	2.429
730	-16.185	0.070	2.431
863	-16.185	0.070	2.431
862	-16.185	0.069	2.479
784	-16.184	0.070	25.449
851	-16.184	0.069	25.449
687	-16.179	0.069	25.449
562	-16.172	0.074	2.420
508	-16.172	0.074	2.420
515	-16.171	0.084	2.420
254	-16.164	0.059	2.487
589	-16.162	1.444	26.474
973	-16.145	0.095	8.512
942	-16.143	0.082	26.474
924	-16.139	0.082	8.523
1065	-16.139	0.082	8.521
984	-16.126	0.090	8.519
1239	-16.122	0.087	8.515
951	-16.121	0.154	8.525
1227	-16.121	0.087	8.527
755	-16.120	0.091	8.529
1168	-16.119	0.087	8.539
763	-16.111	0.081	8.537
753	-16.107	0.080	8.771
940	-16.099	0.159	8.525
885	-16.097	0.079	8.536
676	-16.093	0.089	8.540
681	-16.093	0.089	2.859
933	-16.093	0.089	2.860
952	-16.086	0.082	2.860
675	-16.085	0.082	2.860
944	-16.085	0.081	2.860
1028	-16.083	0.082	2.860
1036	-16.083	0.082	2.860
672	-16.083	0.082	0.688
903	-16.083	0.082	0.688
904	-16.083	0.083	0.688
1014	-16.083	0.082	0.689
1020	-16.083	0.083	10.825
927	-16.082	0.082	25.212
916	-16.082	0.083	25.212
920	-16.082	0.083	25.212
1044	-16.082	0.083	25.509
1051	-16.082	0.083	2.845
922	-16.082	0.080	2.581
950	-16.082	0.069	0.594
975	-16.080	0.083	0.003
662	-16.078	0.078	6.821
1275	-16.065	0.091	0.584
1121	-16.065	0.085	6.853
1244	-16.064	0.088	0.016
1245	-16.064	0.079	2.181
756	-16.063	0.093	25.133
743	-16.063	0.093	2.903
1200	-16.063	0.085	2.901
744	-16.062	0.094	6.686
1309	-16.062	0.089	6.690
1304	-16.062	0.089	6.676
1153	-16.061	0.089	6.686
1158	-16.061	0.088	6.686
1152	-16.061	0.089	2.600
1209	-16.061	0.089	2.600
1161	-16.061	0.091	2.595
1157	-16.061	0.088	2.596
1255	-16.061	0.087	2.596
1119	-16.061	0.083	2.595
1188	-16.060	0.088	2.594
1193	-16.060	0.088	2.594
1185	-16.060	0.089	2.901
1127	-16.060	0.087	2.432
1133	-16.060	0.086	2.975
773	-16.059	0.093	2.975
770	-16.059	0.093	2.489
726	-16.059	0.093	4.659
689	-16.057	0.092	4.663
1219	-16.056	0.058	10.696
1002	-16.056	0.124	10.693
693	-16.054	0.093	10.855
742	-16.054	0.082	6.702
745	-16.054	0.082	10.596
760	-16.054	0.082	10.596
843	-16.054	0.081	10.596
758	-16.054	0.077	10.596
765	-16.051	0.083	10.596
823	-16.051	0.083	10.596
824	-16.051	0.083	10.596
838	-16.051	0.084	10.598
729	-16.050	0.083	10.598
752	-16.050	0.083	10.598
767	-16.050	0.085	10.598
715	-16.050	0.070	10.595
840	-16.049	0.066	10.595
850	-16.049	0.135	10.595
700	-16.047	0.081	10.594
1109	-16.047	0.067	10.590
816	-16.045	0.140	10.597
1029	-16.031	0.184	10.597
1025	-16.024	0.095	10.597
1019	-16.022	0.088	10.597
596	-16.012	0.098	10.593
620	-16.010	0.080	10.597
602	-16.007	1.443	6.723
656	-16.005	0.085	10.596
632	-16.005	0.084	10.596
623	-16.005	0.085	10.594
657	-16.005	0.084	10.596
624	-16.005	0.083	10.596
601	-16.004	0.083	10.596
653	-16.004	0.085	6.724
654	-16.004	0.083	10.595
630	-16.001	0.085	10.595
604	-16.000	0.084	10.596
647	-16.000	0.085	10.598
771	-15.997	0.180	6.722
797	-15.987	0.189	6.722
1092	-15.984	0.178	6.713
1012	-15.966	0.097	10.596
1073	-15.966	0.097	10.591
939	-15.961	0.087	6.749
931	-15.961	0.087	6.761
1008	-15.958	0.095	6.744
928	-15.958	0.088	6.745
998	-15.958	0.089	6.756
1009	-15.958	0.088	6.756
996	-15.955	0.088	6.747
1240	-15.940	0.096	6.747
1226	-15.940	0.095	6.743
1224	-15.940	0.094	6.744
1206	-15.940	0.093	6.743
1248	-15.940	0.090	6.740
1308	-15.939	0.095	6.742
1287	-15.938	0.097	6.742
1303	-15.938	0.095	6.742
1299	-15.937	0.097	6.739
1149	-15.937	0.095	7.484
1165	-15.937	0.095	7.484
1166	-15.937	0.095	6.856
1171	-15.937	0.094	7.420
1311	-15.937	0.095	6.843
1186	-15.936	0.099	6.876
1164	-15.936	0.090	7.424
871	-15.929	0.090	6.847
873	-15.926	0.091	6.840
1100	-15.915	0.094	7.857
570	-15.912	0.088	7.861
524	-15.910	0.095	7.861
1170	-15.903	0.113	7.849
23	-15.465	1.485	8.535
11	-15.465	1.483	2.859
1083	-15.182	1.518	6.722
1099	-15.156	1.571	6.722
443	-15.152	1.511	10.598
733	-15.020	1.469	7.478
858	-15.017	1.464	6.849
185	-14.886	1.484	2.479
801	-14.886	1.480	25.446
835	-14.885	1.482	25.449
197	-14.885	1.487	25.449
819	-14.885	1.490	25.450
859	-14.885	1.478	25.438
137	-14.884	1.463	2.420
164	-14.883	1.487	2.420
1091	-14.844	1.485	2.420
1085	-14.844	1.486	2.487
1138	-14.843	1.486	26.254
1097	-14.837	1.483	26.254
417	-14.831	1.481	26.475
375	-14.831	1.487	26.475
455	-14.830	1.489	8.519
566	-14.830	1.489	8.513
439	-14.830	1.493	26.475
473	-14.829	1.489	8.524
384	-14.826	1.455	8.521
534	-14.824	1.456	8.522
331	-14.822	1.500	8.520
499	-14.820	1.509	8.515
423	-14.819	1.516	8.527
362	-14.808	1.521	8.529
341	-14.805	1.474	8.539
263	-14.779	1.465	8.771
711	-14.773	1.343	8.534
339	-14.743	1.471	2.859
636	-14.706	1.427	2.860
577	-14.684	1.430	2.860
1067	-14.684	1.432	2.860
661	-14.662	1.437	2.860
1114	-14.651	1.458	2.860
946	-14.647	1.450	2.860
949	-14.645	1.436	0.685
962	-14.644	1.466	0.688
1243	-14.640	1.433	0.688
1072	-14.635	1.421	0.689
1154	-14.635	1.439	25.763
1134	-14.627	1.439	25.211
725	-14.603	1.235	25.213
1222	-14.584	1.452	2.846
1295	-14.571	1.399	0.004
1006	-14.508	1.450	0.007
908	-14.508	1.450	0.584
1233	-14.505	1.437	0.579
980	-14.504	1.446	0.016
1105	-14.501	1.441	2.181
1251	-14.500	1.413	25.133
1283	-14.500	1.441	2.903
1174	-14.499	1.416	2.903
1279	-14.498	1.441	6.686
1259	-14.497	1.464	6.689
554	-14.486	1.445	6.687
1261	-14.327	2.340	2.597
981	-14.285	2.338	2.596
972	-14.285	2.337	2.595
1011	-14.285	2.337	2.594
982	-14.285	2.336	2.595
1034	-14.285	2.339	2.901
1039	-14.285	2.340	2.431
1042	-14.285	2.341	2.975
1049	-14.284	2.343	2.974
1181	-14.284	2.347	2.488
1288	-14.284	2.346	4.659
1190	-14.284	2.348	3.431
1192	-14.284	2.349	10.696
1155	-14.284	2.339	10.694
891	-14.283	2.328	10.860
821	-14.279	2.349	6.702
720	-14.279	2.349	10.596
842	-14.279	2.348	10.596
877	-14.279	2.348	10.596
814	-14.274	2.379	10.596
912	-14.267	2.339	10.596
615	-14.255	2.344	10.595
627	-14.255	2.345	10.595
607	-14.254	2.344	10.594
652	-14.254	2.343	10.597
969	-14.241	2.344	10.597
1058	-14.241	2.344	10.597
958	-14.240	2.344	10.597
941	-14.240	2.345	10.597
895	-14.239	2.342	10.592
671	-14.239	2.344	10.597
883	-14.230	2.343	6.723
880	-14.209	2.454	10.596
945	-14.198	2.344	10.594
1214	-14.155	2.702	10.596
586	-14.106	1.249	6.713
1270	-14.093	2.332	6.713
781	-14.088	2.330	6.748
1087	-14.082	2.321	6.744
1284	-14.081	2.320	6.749
1274	-14.081	2.321	6.756
1280	-14.081	2.320	6.756
1310	-14.081	2.320	6.747
1183	-14.081	2.323	6.747
923	-14.047	2.322	6.744
1095	-14.046	2.408	6.743
1177	-14.038	2.396	6.740
1080	-14.036	2.316	6.742
1082	-14.034	2.307	6.742
834	-14.030	2.889	6.742
1060	-14.014	2.887	7.484
1081	-13.990	2.146	7.854
1156	-13.986	3.039	7.861
1086	-13.975	2.511	7.861
1232	-13.934	3.018	7.805
1084	-13.834	2.731	2.419
1160	-13.811	3.352	2.419
1296	-13.810	3.352	2.419
1229	-13.810	3.351	2.420
718	-13.808	3.352	2.420
934	-13.798	3.353	2.486
1151	-13.744	2.873	26.475
1046	-13.686	2.985	8.535
963	-13.612	3.088	10.692
1142	-13.436	3.461	10.595
1136	-13.435	3.462	10.597
1169	-13.435	3.463	10.597
1281	-13.435	3.462	10.597
1225	-13.435	3.461	10.599
1202	-13.435	3.463	10.594
1241	-13.434	3.464	10.594
967	-13.426	3.460	10.596
551	-13.390	3.309	10.593
1253	-13.305	2.233	6.722
1030	-13.298	2.253	10.597
889	-13.297	2.255	6.721
893	-13.297	2.258	6.721
731	-13.297	2.247	6.721
1135	-13.253	2.242	6.721
833	-13.252	2.214	10.597
719	-13.252	2.249	6.712
1307	-13.183	2.303	6.713
1113	-13.127	3.264	6.712
1256	-13.108	2.272	6.760
1221	-13.108	2.275	6.742
1260	-13.108	2.275	0.000
1266	-13.108	2.277	6.755
1196	-13.107	2.269	6.755
1110	-13.098	2.274	6.746
683	-12.886	3.823	6.739
1126	-12.880	2.979	6.741
1089	-12.801	2.690	7.393
98	-12.800	3.573	6.848
1173	-12.349	3.418	8.524
576	-12.330	3.583	8.535
498	-12.291	3.684	8.540
881	-12.184	3.819	2.859
