1888	-8.588	0.000	7.899
1816	-8.588	0.001	15.298
1093	-8.568	0.025	15.163
1102	-8.568	0.025	7.892
1103	-8.568	0.025	15.240
1109	-8.568	0.026	15.304
1141	-8.568	0.025	12.907
1149	-8.568	0.025	12.900
1159	-8.568	0.025	14.692
1172	-8.568	0.025	14.696
1173	-8.568	0.025	15.337
1175	-8.568	0.025	14.658
1176	-8.568	0.025	8.553
1279	-8.568	0.025	14.431
1280	-8.568	0.025	14.433
1281	-8.568	0.025	3.201
1282	-8.568	0.025	8.584
1382	-8.568	0.025	8.568
1383	-8.568	0.025	8.942
1820	-8.558	0.046	14.125
1821	-8.558	0.046	14.134
1826	-8.558	0.046	14.105
1819	-8.390	0.022	8.625
1814	-8.389	0.022	8.600
1815	-8.389	0.022	8.850
1833	-8.388	0.023	9.003
1837	-8.388	0.023	9.007
1852	-8.388	0.023	9.008
1859	-8.388	0.023	8.615
1860	-8.388	0.023	13.879
1854	-8.387	0.023	9.146
1817	-8.315	0.029	6.741
1818	-8.315	0.029	8.616
1824	-8.312	0.030	14.292
1828	-8.312	0.030	9.328
1829	-8.312	0.030	14.125
1830	-8.312	0.030	14.125
1832	-8.312	0.030	12.455
1836	-8.312	0.030	12.447
1838	-8.312	0.030	12.482
1839	-8.312	0.030	12.470
1840	-8.312	0.030	9.014
1844	-8.312	0.030	12.346
1845	-8.312	0.030	13.185
1846	-8.312	0.030	8.554
1848	-8.312	0.030	8.542
1849	-8.312	0.030	13.076
1850	-8.312	0.030	13.090
1851	-8.312	0.030	13.128
1855	-8.312	0.030	8.550
1856	-8.312	0.030	8.537
1857	-8.312	0.030	8.534
1858	-8.312	0.030	8.587
1861	-8.312	0.030	8.665
1862	-8.312	0.030	7.933
1864	-8.312	0.030	7.933
1866	-8.312	0.030	11.218
1867	-8.312	0.030	6.367
1868	-8.312	0.030	13.425
1869	-8.312	0.030	6.322
1871	-8.312	0.030	8.305
1872	-8.312	0.030	13.138
1873	-8.312	0.030	9.274
1874	-8.312	0.030	10.577
1875	-8.312	0.030	7.994
1876	-8.312	0.030	7.994
1877	-8.312	0.030	12.266
1878	-8.312	0.030	11.875
1879	-8.312	0.030	11.213
1880	-8.312	0.030	6.707
1881	-8.312	0.030	13.277
1882	-8.312	0.030	8.138
1883	-8.312	0.030	8.154
1884	-8.312	0.030	2.606
1885	-8.312	0.030	2.601
1886	-8.312	0.030	2.607
1887	-8.312	0.030	2.596
1847	-8.312	0.030	2.592
1889	-8.312	0.030	3.911
1890	-8.312	0.030	3.912
1891	-8.312	0.030	2.307
1892	-8.312	0.030	3.915
1893	-8.281	0.032	3.913
1863	-6.914	2.485	3.739
1822	-6.914	2.486	3.308
1823	-6.914	2.487	3.308
1841	-6.914	2.487	3.308
1825	-6.914	2.486	3.312
1827	-6.914	2.486	3.888
1831	-6.914	2.486	3.308
1834	-6.914	2.486	3.368
1835	-6.914	2.486	3.346
1842	-6.914	2.486	3.349
1843	-6.914	2.486	3.342
1853	-6.914	2.486	1.465
1865	-6.914	2.486	3.567
1870	-6.914	2.486	1.474
