1711	-14.509	0.000	9.616
1716	-14.509	0.000	9.616
1738	-14.509	0.000	9.616
1742	-14.508	0.001	9.616
1692	-14.506	0.000	9.616
1648	-14.505	0.000	9.642
1652	-14.505	0.000	9.643
1665	-14.505	0.000	9.643
1670	-14.505	0.000	8.688
1671	-14.505	0.000	8.689
1688	-14.505	0.000	9.599
1633	-14.342	0.007	8.370
1733	-14.212	0.011	8.360
1646	-14.208	0.011	8.360
1675	-14.208	0.011	8.360
1679	-14.208	0.011	8.360
1712	-13.154	1.324	14.724
1714	-13.154	1.324	14.724
1673	-13.151	1.324	14.724
1640	-13.151	1.324	14.724
1654	-13.151	1.324	14.725
1657	-13.151	1.324	8.286
1693	-13.151	1.324	16.183
1709	-12.822	1.296	8.229
1720	-12.822	1.296	8.370
1734	-12.822	1.296	8.370
1645	-12.819	1.295	8.370
1704	-12.819	1.296	8.223
