1592	-12.659	0.000	11.131
1467	-12.654	0.013	13.500
1468	-12.654	0.013	13.499
1469	-12.654	0.013	0.060
1472	-12.654	0.013	0.060
1475	-12.654	0.013	0.060
1476	-12.654	0.013	0.012
1480	-12.654	0.013	0.012
1482	-12.654	0.013	0.012
1487	-12.654	0.013	0.012
1488	-12.654	0.013	0.012
1491	-12.654	0.013	0.032
1494	-12.654	0.013	0.011
1495	-12.654	0.013	0.011
1593	-12.654	0.013	0.010
1486	-12.650	0.002	0.010
1493	-12.649	0.002	0.010
1596	-12.649	0.002	0.010
1477	-12.648	0.002	0.010
1479	-12.648	0.002	0.010
1481	-12.648	0.002	0.010
1489	-12.648	0.002	0.011
1557	-12.645	0.013	0.012
1580	-12.645	0.013	0.010
1540	-12.640	0.002	0.011
1556	-12.640	0.002	0.012
1610	-12.639	0.001	0.013
1518	-12.639	0.001	0.012
1497	-12.639	0.012	0.012
1571	-12.639	0.012	0.012
1573	-12.639	0.012	0.012
1574	-12.639	0.012	0.016
1618	-12.636	0.013	0.012
1622	-12.636	0.013	0.010
1628	-12.636	0.013	0.010
1630	-12.636	0.013	0.013
1533	-12.635	0.002	0.013
1501	-12.635	0.002	0.013
1502	-12.635	0.002	0.013
1508	-12.635	0.002	0.001
1510	-12.635	0.002	0.000
1505	-12.634	0.002	0.000
1506	-12.634	0.002	0.000
1572	-12.633	0.002	0.005
1562	-12.633	0.001	0.005
1627	-12.630	0.002	0.005
1478	-12.629	0.011	0.005
1490	-12.629	0.011	0.005
1474	-12.623	0.016	0.005
1558	-12.615	0.014	0.005
1555	-12.614	0.014	0.005
1577	-12.614	0.014	0.005
1523	-12.612	0.014	0.005
1545	-12.610	0.019	0.005
1621	-12.605	0.014	0.005
1526	-12.593	0.024	0.002
1524	-12.593	0.025	0.002
1527	-12.593	0.025	0.002
1539	-12.593	0.025	0.002
1553	-12.593	0.025	0.002
1576	-12.593	0.025	0.007
1512	-12.586	0.023	0.007
1548	-12.297	1.018	18.581
1515	-12.296	1.018	18.581
1513	-12.294	1.018	8.165
1470	-12.290	1.020	15.547
1471	-12.290	1.020	15.547
1473	-12.290	1.020	15.547
1595	-12.290	1.020	15.545
1529	-12.269	1.011	15.508
1547	-12.257	1.032	14.735
1492	-12.236	1.028	14.724
1599	-12.194	1.042	8.287
1517	-11.858	2.958	8.360
1612	-11.858	2.958	8.359
1485	-11.824	2.950	0.012
1534	-11.817	2.949	0.012
1543	-11.817	2.949	0.012
1552	-11.817	2.949	0.012
1500	-11.814	2.950	0.032
1511	-11.795	2.959	0.011
1550	-11.742	2.895	0.012
1484	-11.676	2.889	0.013
1519	-11.673	2.889	0.000
1520	-11.673	2.889	0.000
1522	-11.673	2.889	0.000
1535	-11.541	2.900	0.009
1605	-11.540	2.899	0.025
1585	-11.539	2.899	0.025
1586	-11.533	0.544	0.025
1541	-11.475	3.329	0.025
1584	-11.475	3.329	0.025
1570	-11.474	3.330	1.309
1619	-11.459	3.329	16.030
1583	-11.419	3.324	15.973
1624	-11.403	3.323	15.973
1509	-11.281	1.320	18.581
1581	-11.281	1.317	18.581
1566	-11.276	1.321	18.581
1611	-11.230	1.299	18.581
1525	-10.281	2.079	8.360
1536	-10.281	2.079	8.360
1559	-10.281	2.079	8.360
1507	-10.280	2.079	8.360
1483	-10.055	2.192	0.012
1594	-10.055	2.192	0.009
1579	-10.053	2.193	0.013
1504	-10.052	2.193	0.012
1499	-10.051	2.193	0.012
1613	-9.975	2.219	0.013
1589	-9.973	2.219	0.012
1623	-9.971	2.218	0.026
1575	-9.926	3.198	0.005
1496	-9.895	1.842	0.005
1561	-9.895	1.842	0.005
1591	-9.888	1.843	0.005
1516	-9.198	2.296	16.030
1602	-9.159	2.290	16.030
1514	-8.869	3.056	18.581
1582	-8.869	3.056	18.581
1544	-8.826	2.333	15.545
1528	-8.825	2.333	15.545
1578	-8.825	2.333	15.545
1608	-8.825	2.333	15.545
1625	-8.824	2.333	15.545
1626	-8.824	2.333	15.547
1597	-8.727	3.028	15.520
1600	-8.727	3.028	8.594
1598	-8.723	3.028	8.595
1549	-8.714	2.417	15.509
1590	-8.699	3.155	14.724
1542	-8.670	3.028	8.286
1607	-8.669	3.028	16.183
1604	-8.605	3.096	9.616
1617	-8.604	3.097	9.616
1587	-8.604	3.096	9.616
1551	-8.585	3.211	9.616
1588	-8.478	3.093	8.370
1629	-8.474	3.096	8.370
1606	-8.219	2.358	8.360
1603	-8.217	2.358	8.360
1616	-8.214	2.358	11.476
1609	-8.136	2.349	11.130
1554	-8.010	2.312	0.010
1503	-8.001	2.537	0.010
1568	-7.965	2.313	0.005
1620	-7.866	2.323	0.025
1560	-7.866	2.712	0.025
1532	-7.863	2.712	16.024
