1736	-8.142	0.000	6.707
1745	-8.141	0.001	7.269
1732	-8.141	0.001	7.269
1733	-8.141	0.001	7.269
1753	-8.140	0.001	6.711
1756	-8.140	0.001	6.711
1757	-8.140	0.001	6.711
1719	-8.135	0.002	6.711
1699	-7.856	2.161	14.714
1701	-7.801	1.414	14.715
1780	-7.774	2.120	14.714
1760	-7.765	1.271	14.724
1717	-7.746	1.433	14.724
1715	-7.746	1.433	14.725
1772	-7.745	1.433	14.725
1710	-7.744	1.432	14.725
1712	-7.744	1.458	14.725
1776	-7.744	1.457	14.725
1779	-7.743	1.432	14.725
1778	-7.742	1.456	14.724
1754	-7.217	1.973	5.807
