1006	-8.105	0.000	7.272
1297	-7.159	1.421	6.448
984	-7.159	1.422	5.734
1235	-7.157	1.416	5.733
1330	-7.157	1.416	6.707
1333	-7.157	1.416	7.269
1387	-7.156	1.416	7.269
1201	-7.156	1.415	7.269
1256	-7.156	1.416	6.711
1347	-7.156	1.417	6.711
1032	-7.155	1.418	6.711
1480	-7.154	1.416	6.711
1199	-7.154	1.416	7.272
1433	-7.153	1.416	7.272
1422	-7.153	1.417	7.272
1412	-7.152	1.415	7.272
1416	-7.152	1.416	7.272
1326	-6.522	1.988	14.720
1475	-6.519	1.989	14.714
1360	-6.519	1.989	14.714
1381	-6.519	1.989	14.715
