1596	-11.198	0.000	29.582
1322	-10.350	1.604	29.582
1015	-10.349	1.604	29.582
1269	-10.349	1.604	29.582
1319	-10.349	1.604	29.582
1418	-10.348	1.604	29.602
1466	-10.348	1.604	6.761
1536	-10.242	1.605	6.761
1578	-10.237	1.606	6.761
1556	-10.233	1.606	6.764
1503	-10.122	1.599	6.764
1501	-10.121	1.599	6.763
1562	-10.112	1.599	12.772
1553	-10.078	1.602	12.772
1504	-10.042	1.597	5.825
1509	-10.042	1.597	5.824
1533	-10.041	1.597	5.824
1587	-10.033	1.596	5.824
1589	-10.033	1.597	5.824
1591	-10.033	1.597	5.808
1592	-10.033	1.597	5.807
1595	-10.033	1.597	5.807
1563	-10.032	1.597	6.450
1559	-10.032	1.597	6.448
1494	-10.009	1.596	5.731
1495	-10.009	1.596	6.707
1497	-10.009	1.596	7.269
1598	-9.984	1.596	14.697
1538	-9.969	1.600	14.732
1336	-9.762	1.693	14.725
1288	-9.761	1.692	14.725
1070	-9.761	1.693	14.696
1440	-9.760	1.692	14.724
1490	-9.760	1.692	14.724
1437	-9.760	1.693	14.725
1492	-9.708	1.673	14.697
1157	-8.608	3.080	14.732
1007	-8.608	3.082	14.732
1329	-8.607	3.081	14.714
1346	-8.607	3.081	14.714
1582	-8.607	3.085	14.717
1331	-8.607	3.084	14.714
1388	-8.606	3.078	14.714
1247	-8.606	3.081	14.714
1280	-8.606	3.080	14.714
1521	-8.606	3.084	14.715
1557	-8.606	3.084	14.714
1261	-8.606	3.089	14.715
1317	-8.605	3.074	14.714
1289	-8.605	3.080	14.714
1337	-8.605	3.081	14.714
1367	-8.605	3.081	14.714
1446	-8.605	3.081	14.724
1415	-8.605	3.081	14.724
1417	-8.605	3.080	14.724
1430	-8.605	3.081	14.724
1476	-8.605	3.081	14.724
1486	-8.604	3.081	14.725
1487	-8.604	3.081	14.724
1532	-8.599	2.433	14.724
1526	-8.598	2.433	14.724
1523	-8.598	2.433	14.725
1568	-8.596	2.433	14.725
1398	-8.580	2.432	14.706
1214	-8.580	2.432	14.706
1342	-8.580	2.432	14.706
1448	-8.579	2.432	14.706
1452	-8.579	2.432	13.795
1499	-8.511	3.113	30.273
1515	-8.509	3.117	30.239
1579	-8.462	3.128	30.239
1500	-8.446	3.162	30.597
1511	-8.434	2.434	11.790
1593	-8.430	2.434	29.582
1552	-8.428	2.433	29.582
1548	-8.401	3.174	29.602
1542	-8.326	2.436	6.490
1530	-8.226	2.441	0.000
1531	-8.226	2.441	0.000
1535	-8.226	2.441	0.000
1502	-8.225	2.438	7.291
1514	-8.225	2.441	11.429
1522	-8.225	2.441	5.825
1525	-8.225	2.441	5.825
1543	-8.223	2.441	5.825
1546	-8.223	2.441	5.825
1545	-8.223	2.441	5.825
1541	-8.222	2.438	5.825
1583	-8.221	2.441	5.824
1572	-8.221	2.441	5.824
1555	-8.220	2.442	5.824
1505	-8.213	2.420	5.825
1491	-8.198	3.625	5.824
1573	-8.171	2.445	6.448
1577	-8.163	3.622	5.731
1493	-8.134	3.661	7.272
1529	-8.070	3.642	7.272
1510	-8.068	3.639	3.436
1427	-8.005	3.057	3.435
1377	-8.004	3.056	3.435
1217	-8.004	3.055	3.435
1397	-8.004	3.057	7.272
1026	-8.002	3.056	7.272
1125	-8.002	3.057	7.272
1498	-7.990	3.060	3.710
1594	-7.986	3.063	6.983
1519	-7.979	3.009	2.495
1506	-7.918	3.053	14.672
1517	-7.918	3.054	14.672
1580	-7.917	3.055	14.672
1586	-7.917	3.055	14.731
1528	-7.917	3.055	14.731
1534	-7.917	3.055	14.731
1540	-7.916	3.054	14.731
1561	-7.916	3.055	14.731
1588	-7.916	3.052	14.697
1584	-7.915	3.068	14.732
1590	-7.870	3.054	14.732
1566	-7.869	3.054	14.732
1512	-7.868	3.018	14.732
1550	-7.867	3.018	14.731
1539	-7.867	3.018	14.732
1544	-7.867	3.018	14.732
1565	-7.866	3.018	14.732
1571	-7.862	3.060	14.732
1564	-7.855	3.058	14.714
1513	-7.855	3.059	14.716
1516	-7.852	3.059	14.714
1570	-7.850	3.068	14.714
1549	-7.821	3.016	14.707
1537	-7.689	3.178	14.724
1554	-7.452	3.099	6.491
1183	-6.898	3.127	14.714
1496	-6.862	2.934	14.713
1524	-6.857	2.935	14.714
1574	-6.854	2.935	14.714
1507	-5.763	3.716	14.713
