8	-14.163	0.000	6.713
277	-13.974	0.161	3.438
46	-13.881	0.200	3.713
74	-13.881	0.200	3.713
77	-13.881	0.200	3.713
87	-13.881	0.200	2.492
91	-13.881	0.200	14.672
98	-13.881	0.200	14.672
100	-13.881	0.200	14.672
102	-13.881	0.200	14.672
51	-13.863	0.208	14.731
5	-13.862	0.217	14.731
43	-13.839	0.220	14.731
7	-13.825	0.220	14.731
146	-13.822	0.227	14.731
20	-13.806	0.227	14.731
86	-13.803	0.219	14.731
106	-13.803	0.218	14.732
128	-13.803	0.219	14.714
491	-13.803	0.203	14.714
203	-13.788	0.225	14.714
263	-13.731	0.183	14.714
259	-13.731	0.183	14.714
25	-13.684	0.217	14.714
930	-13.669	0.194	14.715
279	-13.668	0.195	14.711
305	-13.668	0.195	14.714
319	-13.668	0.195	14.714
393	-13.668	0.195	14.714
466	-13.668	0.195	14.724
327	-13.668	0.195	14.724
125	-13.658	0.214	14.724
120	-13.658	0.215	14.724
131	-13.657	0.215	14.724
96	-13.656	0.216	14.724
112	-13.655	0.216	14.724
1090	-13.654	0.196	14.724
1153	-13.653	0.196	14.723
1162	-13.653	0.195	14.724
541	-13.651	0.200	14.724
243	-13.651	0.200	14.724
271	-13.651	0.200	14.725
150	-13.644	0.220	14.724
156	-13.644	0.220	14.724
160	-13.644	0.220	14.724
161	-13.644	0.220	14.725
181	-13.644	0.220	14.725
1636	-13.644	0.201	14.725
209	-13.643	0.221	14.725
216	-13.643	0.221	14.725
197	-13.642	0.222	14.724
52	-13.640	0.221	14.724
1599	-13.636	0.203	14.725
1601	-13.636	0.203	14.725
1606	-13.636	0.203	14.725
1279	-13.634	0.202	14.725
59	-13.618	0.230	14.724
88	-13.579	0.232	14.684
154	-13.565	0.237	14.706
157	-13.565	0.237	14.706
169	-13.565	0.237	14.706
172	-13.565	0.237	14.706
180	-13.565	0.237	13.796
227	-13.564	0.238	30.234
350	-13.405	0.196	30.269
405	-13.403	0.203	30.235
287	-13.402	0.203	30.235
250	-13.380	0.213	30.239
644	-13.380	0.213	30.239
470	-13.376	0.257	30.597
333	-13.323	0.211	30.597
339	-13.323	0.211	11.790
347	-13.323	0.211	11.797
353	-13.323	0.212	29.582
370	-13.323	0.212	29.582
375	-13.323	0.212	29.582
390	-13.323	0.212	29.582
392	-13.323	0.212	29.582
323	-13.322	0.219	29.582
394	-13.322	0.219	29.582
397	-13.322	0.219	29.582
409	-13.322	0.219	29.582
430	-13.322	0.219	29.602
330	-13.322	0.219	29.602
328	-13.321	0.219	6.760
415	-13.319	0.218	6.760
459	-13.318	0.224	6.760
215	-13.303	0.235	6.763
191	-13.302	0.242	12.806
493	-13.299	0.225	5.756
498	-13.299	0.225	12.771
512	-13.299	0.225	12.771
517	-13.299	0.225	12.771
532	-13.299	0.225	12.770
251	-13.299	0.228	12.770
272	-13.299	0.228	12.770
543	-13.299	0.228	12.770
632	-13.299	0.228	12.770
245	-13.299	0.228	12.775
264	-13.299	0.227	12.775
269	-13.299	0.227	12.774
556	-13.299	0.228	12.748
653	-13.299	0.228	6.490
1623	-13.296	0.225	6.489
480	-13.296	0.272	12.691
1662	-13.294	0.228	12.690
1689	-13.294	0.228	12.690
1647	-13.294	0.228	0.022
1661	-13.294	0.228	0.022
1666	-13.294	0.228	0.007
1667	-13.294	0.228	0.001
475	-13.294	0.273	0.001
1685	-13.292	0.228	0.001
1687	-13.292	0.228	0.001
355	-13.291	0.211	0.003
413	-13.289	0.218	7.290
452	-13.286	0.223	5.825
461	-13.286	0.223	5.825
82	-13.283	0.232	5.825
76	-13.283	0.237	5.824
1600	-13.283	0.230	5.825
1602	-13.283	0.230	5.824
1603	-13.283	0.230	5.824
1610	-13.283	0.230	5.824
1616	-13.283	0.230	5.824
1251	-13.283	0.230	5.824
40	-13.282	0.231	5.824
1220	-13.280	0.234	5.824
1632	-13.272	0.271	5.824
170	-13.270	0.241	5.806
273	-13.266	0.227	6.449
599	-13.266	0.227	6.448
634	-13.266	0.227	5.734
687	-13.266	0.227	5.733
196	-13.263	0.250	6.706
34	-13.256	0.258	7.268
36	-13.256	0.258	6.710
118	-13.230	0.259	6.710
193	-13.223	0.258	7.271
210	-13.221	0.259	7.271
222	-13.221	0.259	7.271
185	-13.220	0.258	7.271
198	-13.187	0.259	3.710
429	-13.184	0.129	14.672
1669	-13.172	0.144	14.672
1617	-13.171	0.145	14.672
432	-13.168	0.129	14.731
396	-13.167	0.130	14.731
388	-13.166	0.122	14.731
1677	-13.166	0.142	14.731
368	-13.165	0.121	14.731
285	-13.162	0.128	14.731
444	-13.156	0.132	14.731
450	-13.156	0.133	14.731
465	-13.149	0.134	14.731
336	-13.141	0.124	14.731
726	-13.141	0.188	14.714
1629	-13.141	0.182	14.714
800	-13.138	0.182	14.713
246	-13.137	0.142	14.714
253	-13.137	0.142	14.713
600	-13.137	0.142	14.713
602	-13.137	0.142	14.713
606	-13.137	0.142	14.714
666	-13.137	0.142	14.714
647	-13.137	0.141	14.713
657	-13.137	0.142	14.714
240	-13.136	0.135	14.715
733	-13.136	0.182	14.712
736	-13.136	0.182	14.714
584	-13.133	0.140	14.724
1695	-13.132	0.141	14.724
1655	-13.128	0.140	14.724
472	-13.127	0.185	14.724
765	-13.123	0.185	14.724
786	-13.123	0.184	14.723
749	-13.121	0.183	14.684
752	-13.121	0.184	14.706
605	-13.107	0.142	30.273
1630	-13.102	0.180	30.239
574	-13.101	0.140	30.239
229	-13.098	0.173	30.597
787	-13.093	0.184	6.760
360	-13.081	0.135	6.706
105	-13.074	0.159	3.710
205	-13.071	0.168	3.710
79	-13.071	0.163	3.710
155	-13.060	0.167	14.672
162	-13.060	0.167	14.672
711	-13.057	0.199	14.715
525	-13.055	0.152	14.714
640	-13.052	0.154	14.714
542	-13.052	0.154	14.724
1648	-13.048	0.154	14.724
1664	-13.048	0.154	14.725
1690	-13.048	0.154	14.725
1696	-13.048	0.154	14.725
540	-13.047	0.149	14.725
1638	-13.047	0.154	14.725
1657	-13.044	0.152	14.723
1658	-13.044	0.152	14.724
1659	-13.044	0.152	14.725
1625	-13.043	0.148	14.725
1644	-13.042	0.152	14.725
1645	-13.042	0.152	14.725
1674	-13.042	0.152	14.724
1678	-13.042	0.152	14.724
718	-13.042	0.198	14.688
756	-13.039	0.195	14.706
801	-13.039	0.195	14.706
63	-13.027	0.174	29.582
66	-13.022	0.179	6.761
731	-13.022	0.194	6.761
1633	-13.018	0.192	6.764
778	-13.009	0.195	12.776
753	-13.008	0.195	12.750
853	-12.780	1.986	14.724
122	-12.670	1.978	14.701
163	-12.665	1.979	14.706
141	-12.664	1.979	14.704
953	-12.595	1.979	30.597
42	-12.586	1.984	11.790
124	-12.586	1.983	11.785
90	-12.585	1.983	29.582
104	-12.585	1.983	29.582
147	-12.580	1.984	29.582
37	-12.155	2.032	7.272
237	-12.149	2.031	3.711
278	-11.988	2.010	3.710
81	-11.960	2.016	3.710
99	-11.960	2.015	2.495
1619	-11.933	2.016	14.672
1621	-11.933	2.017	14.672
952	-11.923	2.017	14.672
1451	-11.923	2.017	14.672
1628	-11.504	2.032	14.714
503	-11.421	2.005	14.713
421	-11.386	2.005	14.724
451	-11.379	2.006	14.724
462	-11.379	2.006	14.725
310	-11.376	2.006	14.725
311	-11.376	2.006	14.725
1009	-11.373	2.005	14.725
182	-11.359	2.012	14.724
524	-11.318	2.012	14.706
258	-11.317	2.012	14.704
260	-11.317	2.012	13.788
274	-11.317	2.012	30.269
558	-11.316	2.012	30.270
1474	-11.310	2.012	30.236
1614	-11.306	2.012	30.236
1611	-11.306	2.013	30.273
1332	-11.303	2.013	30.273
1354	-11.303	2.013	30.239
1361	-11.298	2.013	30.239
488	-11.287	1.993	30.597
1423	-11.241	2.018	29.582
549	-11.221	1.764	29.582
664	-11.221	1.764	29.582
686	-11.221	1.764	29.582
1671	-11.219	1.767	29.582
373	-11.217	1.764	29.582
1649	-11.216	1.763	29.582
1618	-11.134	1.763	6.761
454	-11.126	1.966	6.761
306	-11.045	2.217	11.429
789	-11.029	3.059	5.825
804	-11.029	3.059	5.825
380	-11.027	3.058	5.825
422	-11.026	3.059	5.824
1635	-11.001	2.963	5.824
695	-10.996	2.966	5.825
1681	-10.992	2.964	5.808
1650	-10.991	2.964	5.807
575	-10.990	2.971	5.807
620	-10.990	2.971	6.450
629	-10.990	2.971	6.448
580	-10.990	2.971	5.733
588	-10.990	2.971	5.733
593	-10.990	2.971	6.707
649	-10.989	2.971	7.269
662	-10.989	2.971	7.269
688	-10.989	2.972	7.269
248	-10.989	2.971	6.711
249	-10.989	2.971	6.711
545	-10.989	2.972	6.711
685	-10.989	2.972	6.711
689	-10.989	2.972	7.272
247	-10.989	2.971	7.272
1654	-10.985	2.969	7.272
1670	-10.984	2.969	7.272
364	-10.983	2.972	3.435
324	-10.983	2.972	3.435
414	-10.983	2.972	3.435
349	-10.982	2.972	3.435
377	-10.982	2.972	7.272
474	-10.979	2.973	7.272
740	-10.979	2.973	7.272
468	-10.978	2.973	3.710
702	-10.978	2.973	2.495
803	-10.978	2.979	2.494
603	-10.975	3.053	14.672
746	-10.972	3.054	14.731
769	-10.972	3.054	14.731
308	-10.966	2.320	14.731
613	-10.954	2.317	14.698
533	-10.953	2.317	14.732
548	-10.953	2.317	14.732
16	-10.936	3.056	14.732
117	-10.931	2.972	14.732
13	-10.928	2.973	14.732
129	-10.928	2.972	14.732
220	-10.924	2.975	14.732
204	-10.923	2.975	14.732
211	-10.923	2.975	14.731
212	-10.923	2.977	14.714
188	-10.923	2.977	14.714
158	-10.922	2.975	14.719
184	-10.922	2.975	14.716
174	-10.922	2.975	14.714
143	-10.919	2.972	14.714
510	-10.915	2.318	14.714
255	-10.915	2.318	14.714
1660	-10.913	2.315	14.714
1668	-10.912	2.315	14.714
1691	-10.912	2.313	14.714
60	-10.911	2.973	14.714
400	-10.907	2.318	14.715
325	-10.906	2.318	14.715
295	-10.865	2.320	14.714
257	-10.852	2.316	14.714
777	-10.833	1.964	14.714
820	-10.833	1.964	14.714
1604	-10.662	2.940	14.724
1609	-10.647	2.982	14.724
1605	-10.643	2.980	14.724
1607	-10.635	2.945	14.725
1627	-10.624	2.943	14.725
113	-10.588	2.942	14.724
262	-10.582	2.946	14.724
871	-10.571	2.948	14.724
1682	-10.569	2.944	14.725
1641	-10.553	2.948	14.725
1646	-10.553	2.948	14.725
1663	-10.552	2.953	14.722
317	-10.552	2.953	14.724
289	-10.551	2.971	14.724
359	-10.549	2.953	14.725
206	-10.516	2.978	14.725
207	-10.516	2.979	14.725
508	-10.506	2.970	14.706
1612	-10.503	3.021	14.706
1686	-10.499	2.970	14.706
1639	-10.498	2.970	14.707
403	-10.495	2.971	14.631
1676	-10.477	2.968	13.794
1692	-10.476	2.969	30.269
1680	-10.476	2.971	30.269
223	-8.748	0.114	5.824
