72	-18.868	0.000	0.000
82	-18.867	0.000	8.316
16	-18.866	0.001	8.376
153	-18.863	0.001	8.376
242	-18.779	0.004	8.376
243	-18.779	0.004	8.376
342	-18.758	0.005	8.376
310	-18.754	0.005	8.346
49	-18.747	0.003	8.378
177	-18.747	0.003	8.378
207	-18.747	0.003	8.378
172	-18.747	0.003	8.378
193	-18.632	0.007	8.378
162	-18.631	0.007	8.378
288	-18.615	0.056	8.378
290	-18.615	0.056	8.378
298	-18.615	0.056	8.377
303	-18.612	0.056	8.360
304	-18.612	0.056	8.361
283	-18.611	0.056	8.366
272	-18.610	0.056	8.363
423	-18.576	0.058	8.361
318	-18.575	0.058	8.360
319	-18.575	0.058	8.361
326	-18.575	0.058	8.361
403	-18.575	0.058	8.360
385	-18.573	0.058	8.360
397	-18.573	0.058	8.361
381	-18.573	0.058	8.361
445	-18.573	0.058	8.362
451	-18.573	0.058	8.362
54	-18.566	0.057	8.361
79	-18.566	0.057	8.361
80	-18.566	0.057	8.361
104	-18.566	0.057	8.361
182	-18.566	0.057	8.370
205	-18.566	0.057	8.370
52	-18.566	0.057	8.370
53	-18.566	0.057	8.371
179	-18.566	0.057	8.372
63	-18.565	0.057	8.372
75	-18.565	0.057	8.372
109	-18.565	0.057	8.372
142	-18.565	0.057	8.372
174	-18.565	0.057	8.372
40	-18.564	0.058	8.372
41	-18.564	0.058	8.370
198	-18.564	0.057	8.372
199	-18.564	0.057	8.372
201	-18.564	0.057	8.372
65	-18.563	0.012	8.372
133	-18.563	0.012	8.371
154	-18.562	0.057	8.371
155	-18.562	0.057	8.371
192	-18.562	0.012	8.371
216	-18.562	0.012	8.371
20	-18.561	0.011	8.371
31	-18.561	0.011	8.371
36	-18.561	0.011	8.373
90	-18.490	0.014	8.373
276	-18.317	0.045	8.373
286	-18.317	0.045	8.368
289	-18.317	0.045	8.368
291	-18.317	0.045	8.368
297	-18.317	0.045	8.352
330	-18.279	0.048	8.352
339	-18.279	0.048	8.352
368	-18.279	0.048	8.352
382	-18.279	0.048	8.275
44	-18.268	0.047	7.553
45	-18.268	0.047	24.159
46	-18.268	0.047	24.159
48	-18.268	0.047	24.116
67	-18.268	0.047	24.116
68	-18.268	0.047	24.164
69	-18.268	0.047	24.164
70	-18.268	0.047	24.164
100	-18.268	0.047	24.120
131	-18.268	0.047	24.373
136	-18.268	0.047	24.373
137	-18.268	0.047	24.373
138	-18.268	0.047	5.687
144	-18.268	0.047	25.429
145	-18.268	0.047	25.429
50	-18.268	0.047	25.429
51	-18.268	0.047	25.429
55	-18.268	0.047	25.429
57	-18.268	0.047	25.429
58	-18.268	0.047	25.429
59	-18.268	0.047	25.429
60	-18.268	0.047	25.429
61	-18.268	0.047	25.429
76	-18.268	0.047	25.514
77	-18.268	0.047	2.037
78	-18.268	0.047	2.037
81	-18.268	0.047	2.037
92	-18.268	0.047	2.040
96	-18.268	0.047	2.040
97	-18.268	0.047	2.040
103	-18.268	0.047	9.724
165	-18.268	0.047	9.724
167	-18.268	0.047	9.724
175	-18.268	0.047	9.722
181	-18.268	0.047	9.722
204	-18.268	0.047	9.722
206	-18.268	0.047	9.722
214	-18.268	0.047	9.722
5	-18.267	0.047	9.723
6	-18.267	0.047	9.725
8	-18.267	0.047	9.726
9	-18.267	0.047	9.692
10	-18.267	0.047	9.693
11	-18.267	0.047	1.732
12	-18.267	0.047	1.732
13	-18.267	0.047	9.658
14	-18.267	0.047	9.658
18	-18.266	0.047	7.274
19	-18.266	0.047	7.263
21	-18.266	0.047	7.269
24	-18.266	0.047	7.269
26	-18.266	0.047	7.269
27	-18.266	0.047	7.269
28	-18.266	0.047	7.269
29	-18.266	0.047	7.269
30	-18.266	0.047	0.134
33	-18.266	0.047	9.570
34	-18.266	0.047	2.114
37	-18.266	0.047	2.114
347	-18.142	0.739	2.114
375	-18.139	0.739	2.114
269	-18.036	0.739	2.114
271	-18.034	0.739	2.115
228	-18.007	0.740	2.115
329	-17.995	0.740	2.115
353	-17.995	0.740	2.115
468	-17.995	0.740	2.115
4	-17.992	0.732	2.115
93	-17.978	0.739	2.114
168	-17.978	0.739	2.131
169	-17.978	0.739	2.131
170	-17.978	0.739	2.131
178	-17.978	0.739	1.680
180	-17.978	0.739	1.681
95	-17.978	0.739	2.152
108	-17.977	0.739	2.152
110	-17.977	0.739	1.965
117	-17.977	0.739	0.000
118	-17.977	0.739	0.001
119	-17.977	0.739	0.000
164	-17.977	0.739	1.967
211	-17.977	0.739	1.967
202	-17.976	0.739	1.967
32	-17.975	0.740	1.967
84	-17.974	0.739	0.014
85	-17.974	0.739	0.014
274	-17.728	0.739	0.014
275	-17.728	0.739	0.014
331	-17.690	0.740	0.014
43	-17.668	0.739	4.339
47	-17.668	0.739	4.339
56	-17.668	0.739	4.339
64	-17.668	0.739	4.339
66	-17.668	0.739	0.015
71	-17.668	0.739	0.015
91	-17.668	0.739	0.016
105	-17.668	0.739	3.969
123	-17.668	0.739	3.969
130	-17.668	0.739	3.969
135	-17.668	0.739	3.970
146	-17.668	0.739	5.597
157	-17.668	0.739	5.597
176	-17.668	0.739	8.316
183	-17.668	0.739	8.316
190	-17.668	0.739	8.316
224	-17.668	0.739	8.376
7	-17.665	0.739	8.376
15	-17.665	0.739	8.376
17	-17.665	0.739	8.376
22	-17.665	0.739	8.376
23	-17.665	0.739	8.344
25	-17.665	0.739	8.378
35	-17.665	0.739	8.378
39	-17.665	0.739	8.378
741	-9.029	1.355	8.372
744	-9.029	1.355	8.372
1699	-9.029	1.355	8.372
1708	-9.029	1.355	8.372
1717	-9.029	1.355	8.372
1720	-9.029	1.355	8.372
1729	-9.029	1.355	8.372
1731	-9.029	1.355	8.372
731	-9.028	1.356	8.371
1625	-9.027	1.360	8.371
1651	-9.027	1.360	8.371
1674	-9.027	1.360	8.371
1693	-9.027	1.360	8.371
248	-9.027	1.382	8.372
849	-9.026	1.359	8.371
850	-9.026	1.359	8.373
857	-9.026	1.359	8.373
623	-9.026	1.358	8.373
636	-9.026	1.358	8.368
645	-9.026	1.358	8.368
597	-9.025	1.358	8.368
564	-9.025	1.358	8.352
727	-9.025	1.358	8.352
493	-9.014	1.352	8.352
1604	-9.014	1.352	7.555
531	-9.013	1.351	24.159
829	-9.013	1.351	24.159
685	-9.012	1.350	24.159
790	-9.012	1.351	24.116
835	-9.012	1.351	24.164
836	-9.012	1.351	24.164
633	-9.012	1.350	24.164
634	-9.012	1.350	24.120
570	-9.011	1.350	24.373
602	-9.011	1.350	24.373
610	-9.011	1.350	5.686
652	-9.011	1.350	25.429
655	-9.011	1.350	25.429
670	-9.011	1.350	25.429
716	-9.011	1.350	25.429
724	-9.011	1.350	25.429
492	-9.007	1.376	25.429
1702	-8.997	1.367	25.429
1706	-8.997	1.367	25.429
1710	-8.997	1.367	25.429
1713	-8.997	1.367	25.429
1718	-8.997	1.367	25.514
1723	-8.997	1.367	25.514
1610	-8.995	1.372	2.037
1611	-8.995	1.372	2.037
1631	-8.995	1.372	2.040
1661	-8.995	1.372	2.040
1673	-8.995	1.372	9.764
1688	-8.995	1.372	9.724
1681	-8.995	1.372	9.724
1682	-8.995	1.372	9.724
507	-8.994	1.371	9.724
508	-8.994	1.371	9.722
624	-8.994	1.370	9.722
789	-8.994	1.371	9.722
680	-8.994	1.370	9.722
681	-8.994	1.370	9.722
505	-8.994	1.368	9.726
533	-8.994	1.368	9.725
814	-8.994	1.368	9.725
815	-8.994	1.368	9.693
823	-8.994	1.368	1.732
258	-8.993	1.373	9.658
261	-8.993	1.373	9.658
262	-8.993	1.373	9.660
263	-8.993	1.373	7.263
1914	-8.993	1.370	7.286
676	-8.993	1.370	7.268
1916	-8.993	1.370	7.269
1917	-8.993	1.370	7.269
1918	-8.993	1.370	7.269
1920	-8.993	1.370	7.269
1921	-8.993	1.370	0.133
1922	-8.993	1.370	9.570
1923	-8.993	1.370	2.114
1924	-8.993	1.370	2.114
1925	-8.993	1.370	2.114
1926	-8.993	1.370	2.114
1928	-8.993	1.370	2.114
1929	-8.993	1.370	2.115
1930	-8.993	1.370	2.115
546	-8.991	1.366	2.114
677	-8.991	1.366	2.115
1934	-8.991	1.371	2.130
1935	-8.991	1.371	2.131
1936	-8.991	1.371	1.680
1937	-8.991	1.371	1.681
1938	-8.991	1.371	2.152
1939	-8.991	1.371	2.152
742	-8.989	1.362	0.001
743	-8.989	1.362	0.000
745	-8.989	1.362	0.000
1700	-8.989	1.362	1.967
1701	-8.989	1.362	1.967
1724	-8.988	1.362	1.967
1725	-8.988	1.362	1.967
1727	-8.988	1.362	0.014
1733	-8.988	1.362	0.014
765	-8.987	1.366	0.014
767	-8.987	1.366	4.339
785	-8.987	1.366	4.339
757	-8.987	1.365	4.339
758	-8.987	1.365	4.339
1627	-8.987	1.366	0.015
1642	-8.987	1.366	0.015
1662	-8.987	1.366	0.016
791	-8.986	1.365	3.969
792	-8.986	1.365	3.970
796	-8.986	1.365	2.783
831	-8.986	1.365	5.597
833	-8.986	1.365	8.316
838	-8.986	1.365	8.316
753	-8.986	1.365	8.316
800	-8.986	1.366	8.376
805	-8.986	1.366	8.376
808	-8.986	1.366	8.376
810	-8.986	1.366	8.376
811	-8.986	1.366	8.376
867	-8.986	1.366	8.344
882	-8.986	1.366	8.378
883	-8.986	1.366	8.378
644	-8.985	1.365	8.378
679	-8.985	1.365	8.378
556	-8.985	1.364	8.378
560	-8.985	1.364	8.377
613	-8.985	1.364	8.377
614	-8.985	1.364	8.378
615	-8.985	1.364	8.378
630	-8.985	1.365	8.360
663	-8.985	1.364	8.361
671	-8.985	1.364	8.361
692	-8.985	1.365	8.364
713	-8.985	1.364	8.361
1872	-8.985	1.364	8.361
1875	-8.985	1.364	8.360
1884	-8.985	1.364	8.361
1885	-8.985	1.364	8.360
1887	-8.985	1.364	8.360
1889	-8.985	1.364	8.362
1890	-8.985	1.364	8.361
1891	-8.985	1.364	8.362
1892	-8.985	1.364	8.362
1893	-8.985	1.364	8.361
1894	-8.985	1.364	8.361
1899	-8.985	1.364	8.361
1900	-8.985	1.364	8.361
1901	-8.985	1.364	8.370
1902	-8.985	1.364	8.370
1906	-8.985	1.365	8.370
1908	-8.985	1.365	8.370
1910	-8.985	1.365	8.372
1911	-8.985	1.365	8.372
1912	-8.985	1.365	8.372
1913	-8.985	1.365	8.372
578	-8.984	1.364	8.372
697	-8.984	1.364	8.372
703	-8.984	1.364	8.372
704	-8.984	1.364	8.372
797	-8.979	1.360	8.373
798	-8.979	1.360	8.373
799	-8.979	1.360	8.373
251	-8.976	1.364	8.368
264	-8.976	1.364	8.368
257	-8.975	1.364	8.352
489	-8.975	1.354	8.352
525	-8.973	1.358	8.352
526	-8.973	1.358	8.352
501	-8.972	1.358	8.352
513	-8.972	1.358	7.555
795	-8.972	1.358	24.157
816	-8.972	1.358	24.159
832	-8.972	1.358	24.159
837	-8.972	1.358	24.116
860	-8.972	1.358	24.164
862	-8.972	1.358	24.164
863	-8.972	1.358	24.164
868	-8.972	1.358	24.120
873	-8.972	1.358	24.120
876	-8.972	1.358	24.373
878	-8.972	1.358	24.373
266	-8.972	1.358	5.686
267	-8.972	1.358	5.692
632	-8.972	1.358	25.429
635	-8.972	1.358	25.429
567	-8.971	1.357	25.429
600	-8.971	1.357	25.429
611	-8.971	1.357	25.429
627	-8.971	1.357	25.429
658	-8.971	1.357	25.429
672	-8.971	1.357	25.429
249	-8.950	1.481	25.429
750	-8.872	1.407	25.514
1698	-8.872	1.403	2.037
1703	-8.872	1.403	2.037
1663	-8.872	1.409	2.040
1664	-8.872	1.409	2.040
1680	-8.872	1.409	9.764
737	-8.872	1.403	9.724
770	-8.872	1.407	9.724
872	-8.871	1.407	9.724
530	-8.871	1.406	9.724
532	-8.871	1.406	9.722
760	-8.871	1.406	9.722
802	-8.871	1.406	9.722
828	-8.871	1.406	9.722
839	-8.871	1.406	9.722
643	-8.870	1.406	9.725
683	-8.870	1.406	9.726
586	-8.869	1.405	9.693
606	-8.869	1.405	1.733
607	-8.869	1.405	1.732
612	-8.869	1.405	9.658
656	-8.869	1.405	9.658
657	-8.869	1.405	9.658
661	-8.869	1.405	7.263
665	-8.869	1.405	7.286
707	-8.869	1.405	7.268
708	-8.869	1.405	7.269
689	-8.869	1.405	7.269
710	-8.869	1.405	7.269
726	-8.869	1.405	7.269
806	-8.852	1.426	2.114
807	-8.852	1.426	2.114
875	-8.852	1.426	2.114
709	-8.849	1.424	2.114
1692	-8.845	1.392	2.114
1696	-8.845	1.392	2.114
1697	-8.845	1.392	2.115
1707	-8.845	1.385	2.115
1730	-8.845	1.385	2.115
499	-8.844	1.389	2.115
625	-8.843	1.389	2.114
497	-8.833	1.413	1.680
498	-8.833	1.413	1.681
500	-8.833	1.413	2.153
502	-8.833	1.413	2.152
514	-8.833	1.413	1.965
515	-8.833	1.413	0.001
516	-8.833	1.413	0.001
518	-8.833	1.413	0.000
817	-8.833	1.413	1.967
818	-8.833	1.413	1.967
844	-8.833	1.413	1.967
845	-8.833	1.413	1.967
846	-8.833	1.413	0.014
847	-8.833	1.413	0.014
852	-8.833	1.413	0.014
853	-8.833	1.413	0.014
855	-8.833	1.413	0.014
869	-8.833	1.413	4.339
870	-8.833	1.413	4.339
877	-8.833	1.413	4.339
879	-8.833	1.413	4.339
880	-8.833	1.413	4.339
881	-8.833	1.413	0.015
884	-8.833	1.413	0.016
885	-8.833	1.413	0.016
511	-8.833	1.413	3.969
540	-8.833	1.413	3.969
840	-8.833	1.413	3.969
841	-8.833	1.413	2.782
861	-8.833	1.413	5.597
864	-8.833	1.413	8.316
268	-8.832	1.413	0.000
637	-8.832	1.413	8.316
638	-8.832	1.413	8.376
639	-8.832	1.413	8.376
640	-8.832	1.413	8.376
641	-8.832	1.413	8.376
682	-8.832	1.413	8.376
553	-8.831	1.412	8.344
554	-8.831	1.412	8.378
555	-8.831	1.412	8.378
565	-8.831	1.412	8.378
566	-8.831	1.412	8.378
576	-8.831	1.412	8.377
581	-8.831	1.412	8.378
592	-8.831	1.412	8.378
609	-8.831	1.412	8.378
674	-8.831	1.412	8.378
675	-8.831	1.412	8.378
723	-8.831	1.412	8.361
725	-8.831	1.412	8.361
738	-8.826	1.364	8.360
762	-8.825	1.414	8.360
512	-8.824	1.414	8.360
804	-8.824	1.414	8.360
809	-8.824	1.414	8.361
813	-8.824	1.414	8.353
820	-8.824	1.414	8.361
842	-8.824	1.414	8.352
851	-8.824	1.414	8.362
732	-8.823	1.410	8.361
259	-8.822	1.412	8.361
561	-8.822	1.412	8.361
562	-8.822	1.412	8.361
563	-8.822	1.412	8.370
544	-8.821	1.411	8.370
545	-8.821	1.411	8.370
568	-8.821	1.411	8.370
573	-8.821	1.412	8.372
574	-8.821	1.412	8.372
583	-8.821	1.412	8.372
618	-8.821	1.411	8.372
673	-8.821	1.412	8.373
693	-8.821	1.411	8.372
717	-8.821	1.412	8.372
720	-8.821	1.411	8.372
721	-8.821	1.411	8.373
1909	-8.814	1.363	8.371
1895	-8.813	1.363	8.372
1903	-8.813	1.363	8.372
730	-8.813	1.410	8.371
1632	-8.810	1.403	8.371
1675	-8.810	1.403	8.371
1919	-8.808	1.399	8.371
590	-8.807	1.399	8.371
786	-8.807	1.399	8.372
739	-8.807	1.395	8.371
821	-8.806	1.399	8.373
822	-8.806	1.399	8.373
843	-8.806	1.399	8.373
871	-8.806	1.399	8.333
859	-8.805	1.398	8.368
599	-8.804	1.397	8.368
1877	-8.804	1.397	8.352
1886	-8.804	1.397	8.352
1888	-8.804	1.397	8.352
1898	-8.804	1.397	8.352
698	-8.804	1.397	8.352
541	-8.801	1.454	7.554
1694	-8.795	1.421	24.114
256	-8.793	1.396	24.159
184	-8.788	1.453	24.164
185	-8.788	1.453	24.120
171	-8.786	1.452	24.120
247	-8.778	2.526	24.373
250	-8.778	2.526	24.373
98	-8.775	1.435	5.686
141	-8.775	1.435	5.692
642	-8.774	1.436	25.429
653	-8.773	1.435	25.429
718	-8.773	1.435	25.429
768	-8.770	1.446	25.429
631	-8.765	1.442	0.133
678	-8.765	1.442	9.570
230	-8.764	1.444	2.114
231	-8.764	1.444	2.114
378	-8.760	1.445	2.114
455	-8.757	1.439	2.114
523	-8.747	1.429	2.114
778	-8.747	1.429	2.115
784	-8.747	1.429	2.115
522	-8.747	1.429	2.114
336	-8.746	1.434	2.115
756	-8.746	1.429	2.115
647	-8.744	1.427	2.115
648	-8.744	1.427	2.114
649	-8.744	1.427	2.131
569	-8.743	1.426	2.131
589	-8.743	1.426	1.680
591	-8.743	1.426	1.681
620	-8.743	1.426	2.151
695	-8.743	1.426	2.152
712	-8.743	1.426	1.965
722	-8.743	1.426	0.001
1866	-8.743	1.426	0.001
471	-8.742	1.435	0.001
472	-8.742	1.435	1.967
714	-8.742	1.426	1.967
729	-8.742	1.426	1.967
1896	-8.742	1.426	1.967
1904	-8.742	1.426	0.014
1905	-8.742	1.426	0.014
1	-8.739	2.816	0.014
446	-8.736	1.453	0.014
452	-8.736	1.453	0.014
439	-8.736	1.453	4.339
260	-8.731	3.792	4.339
156	-8.729	1.452	4.339
281	-8.728	1.443	4.339
1881	-8.728	1.417	4.339
163	-8.727	1.453	0.015
197	-8.726	1.453	0.016
210	-8.726	1.453	0.016
299	-8.726	1.445	3.969
354	-8.726	1.429	3.969
348	-8.726	1.430	3.969
284	-8.725	1.444	3.969
459	-8.724	1.446	5.597
460	-8.724	1.446	8.316
159	-8.724	1.428	8.316
1878	-8.724	1.414	8.316
1876	-8.723	1.414	8.316
112	-8.721	1.428	8.376
212	-8.720	1.428	8.376
86	-8.719	1.428	8.376
394	-8.718	1.444	8.376
2	-8.718	3.784	8.344
3	-8.718	3.784	8.364
392	-8.717	1.444	8.378
417	-8.717	1.444	8.378
441	-8.717	1.444	8.378
345	-8.678	1.359	8.378
225	-8.670	1.396	8.360
226	-8.670	1.396	8.360
227	-8.670	1.396	8.360
239	-8.668	1.402	8.361
229	-8.660	1.383	8.361
232	-8.659	1.383	8.360
233	-8.659	1.383	8.368
234	-8.659	1.383	8.361
235	-8.659	1.383	8.361
236	-8.659	1.383	8.362
521	-8.658	2.733	8.360
279	-8.657	1.392	8.361
280	-8.657	1.392	8.361
333	-8.656	1.387	8.361
334	-8.656	1.387	8.370
195	-8.654	1.372	8.370
94	-8.654	2.569	8.370
111	-8.654	2.569	8.370
376	-8.653	1.384	8.372
213	-8.653	2.569	8.372
358	-8.652	2.562	8.372
359	-8.652	2.562	8.372
124	-8.650	1.385	8.371
125	-8.650	1.385	8.372
126	-8.650	1.385	8.372
127	-8.650	1.385	8.372
128	-8.650	1.385	8.372
147	-8.650	1.385	8.372
149	-8.650	1.385	8.372
150	-8.650	1.385	8.372
151	-8.650	1.385	8.371
158	-8.650	1.385	8.371
160	-8.650	1.385	8.371
186	-8.650	1.385	8.371
187	-8.650	1.385	8.371
188	-8.650	1.385	8.372
191	-8.650	1.385	8.372
292	-8.649	1.374	8.373
114	-8.648	1.382	8.373
115	-8.648	1.382	8.373
273	-8.643	2.562	8.332
454	-8.642	1.367	8.368
456	-8.642	1.367	8.368
387	-8.641	1.366	8.352
399	-8.641	1.366	8.352
432	-8.641	1.366	8.352
433	-8.641	1.366	8.352
434	-8.641	1.366	8.352
435	-8.641	1.366	7.555
436	-8.641	1.366	24.114
465	-8.641	1.366	24.159
466	-8.641	1.366	24.159
467	-8.641	1.366	24.116
99	-8.641	2.568	24.116
101	-8.641	2.568	24.164
102	-8.641	2.568	24.164
139	-8.641	2.568	24.120
140	-8.641	2.568	24.120
360	-8.639	1.391	24.373
367	-8.639	1.390	24.373
143	-8.639	2.568	5.686
73	-8.637	2.568	5.692
74	-8.637	2.568	25.429
173	-8.631	2.680	25.429
461	-8.626	1.373	25.429
425	-8.625	1.372	25.429
416	-8.625	1.372	25.429
402	-8.605	1.361	25.514
426	-8.605	1.361	25.514
763	-8.574	2.843	1.680
473	-8.565	1.394	0.016
622	-8.559	2.834	3.969
593	-8.559	2.834	3.969
1711	-8.554	1.242	3.969
728	-8.553	1.243	3.969
777	-8.553	1.243	5.597
848	-8.553	1.243	8.170
1676	-8.552	1.243	8.170
1678	-8.552	1.243	8.170
1683	-8.552	1.243	8.170
1684	-8.552	1.243	8.230
1685	-8.552	1.243	8.230
1677	-8.552	1.243	8.230
733	-8.545	1.242	8.230
1704	-8.544	1.242	8.196
1705	-8.544	1.242	8.188
1709	-8.544	1.242	8.231
1715	-8.544	1.242	8.231
1735	-8.544	1.242	8.231
1736	-8.544	1.242	8.231
265	-8.544	1.244	8.231
771	-8.544	1.244	8.231
1602	-8.543	1.243	8.231
1605	-8.543	1.243	8.231
1615	-8.543	1.243	8.231
1616	-8.543	1.243	8.213
1617	-8.543	1.243	8.213
1623	-8.543	1.243	8.214
1624	-8.543	1.243	8.213
1637	-8.543	1.243	8.214
1649	-8.543	1.243	8.212
1658	-8.543	1.243	8.213
1659	-8.543	1.243	8.213
1666	-8.543	1.243	8.212
1667	-8.543	1.243	8.224
539	-8.543	1.244	8.213
557	-8.543	1.244	8.213
575	-8.543	1.244	8.215
594	-8.543	1.244	8.211
603	-8.543	1.244	8.213
604	-8.543	1.244	8.213
662	-8.543	1.244	8.214
668	-8.543	1.244	8.224
669	-8.543	1.244	8.223
701	-8.543	1.244	8.223
854	-8.543	1.244	8.223
886	-8.543	1.244	8.224
748	-8.533	3.821	24.662
1907	-8.510	2.747	11.053
1874	-8.509	2.747	10.981
865	-8.496	2.726	2.052
332	-8.495	2.813	2.076
338	-8.494	2.814	2.076
240	-8.494	2.818	1.341
509	-8.493	1.231	1.341
1927	-8.493	1.231	1.961
107	-8.493	2.822	1.962
148	-8.493	2.823	0.010
189	-8.493	2.823	1.967
1630	-8.492	1.230	1.967
120	-8.491	2.823	1.967
121	-8.491	2.823	0.000
122	-8.491	2.823	0.001
746	-8.490	1.229	0.001
116	-8.490	2.824	0.001
779	-8.489	1.231	1.957
764	-8.489	1.231	1.957
794	-8.489	1.231	1.957
571	-8.486	2.707	1.957
619	-8.486	2.708	1.957
691	-8.486	2.708	3.533
751	-8.480	1.232	3.534
341	-8.476	2.818	3.533
321	-8.474	2.819	3.533
62	-8.474	2.828	3.533
208	-8.470	2.829	1.956
306	-8.458	1.120	1.956
287	-8.456	1.121	1.956
427	-8.453	1.121	3.172
161	-8.449	2.423	3.172
106	-8.449	2.423	3.172
203	-8.447	2.428	3.172
486	-8.438	1.135	5.418
222	-8.430	2.441	8.170
194	-8.429	2.434	8.170
485	-8.413	2.877	8.170
503	-8.400	3.577	8.170
335	-8.399	2.498	8.230
285	-8.398	1.109	8.230
309	-8.398	1.109	8.230
483	-8.398	2.499	8.230
356	-8.397	2.500	8.195
357	-8.397	2.500	8.195
477	-8.397	2.499	8.231
209	-8.395	2.486	8.231
220	-8.395	2.487	8.231
200	-8.395	2.486	8.231
322	-8.395	2.879	8.231
390	-8.394	1.110	8.231
422	-8.394	1.110	8.231
323	-8.394	2.477	8.230
404	-8.394	2.477	8.231
405	-8.394	2.477	8.213
437	-8.394	2.478	8.213
458	-8.394	2.478	8.214
320	-8.394	2.477	8.213
327	-8.394	2.477	8.213
340	-8.394	2.476	8.213
371	-8.394	2.477	8.213
428	-8.382	2.499	8.212
421	-8.382	2.499	8.213
377	-8.378	1.124	8.213
1686	-8.376	1.212	8.213
749	-8.376	3.604	8.213
504	-8.375	3.604	8.215
527	-8.375	3.604	8.212
246	-8.365	3.618	8.213
650	-8.355	3.590	8.213
596	-8.354	3.590	8.214
628	-8.354	3.590	8.224
314	-8.353	2.526	8.224
315	-8.353	2.526	8.223
317	-8.353	2.526	8.223
393	-8.352	2.528	8.224
418	-8.352	2.528	8.224
1932	-8.320	1.201	8.223
510	-8.314	1.955	8.224
517	-8.314	1.955	8.223
519	-8.314	1.955	8.224
542	-8.314	1.955	8.225
587	-8.314	1.955	8.224
588	-8.314	1.955	8.206
621	-8.314	1.955	8.224
667	-8.314	1.955	8.224
688	-8.314	1.955	8.224
766	-8.314	1.955	8.225
1598	-8.314	1.959	8.224
1599	-8.314	1.959	8.224
1600	-8.314	1.959	8.224
1601	-8.314	1.959	8.224
1603	-8.314	1.959	8.222
1606	-8.314	1.959	8.223
1607	-8.314	1.959	8.225
1608	-8.314	1.959	8.225
1609	-8.314	1.959	8.225
1612	-8.314	1.959	8.225
1613	-8.314	1.959	8.222
1614	-8.314	1.959	8.222
1618	-8.314	1.959	8.183
1619	-8.314	1.959	8.205
1620	-8.314	1.959	8.205
1621	-8.314	1.959	8.205
1622	-8.314	1.959	8.205
1628	-8.314	1.959	8.200
1629	-8.314	1.959	7.281
1633	-8.314	1.959	23.967
1634	-8.314	1.959	23.967
1635	-8.314	1.959	23.923
1636	-8.314	1.959	23.923
1638	-8.314	1.959	23.972
1639	-8.314	1.959	23.972
1640	-8.314	1.959	23.928
1641	-8.314	1.959	23.928
1643	-8.314	1.959	24.202
1644	-8.314	1.959	24.202
1645	-8.314	1.959	5.331
1646	-8.314	1.959	24.204
1647	-8.314	1.959	24.662
1648	-8.314	1.959	24.662
1650	-8.314	1.959	24.662
1652	-8.314	1.959	24.662
1653	-8.314	1.959	24.662
1654	-8.314	1.959	24.662
1655	-8.314	1.959	24.662
1656	-8.314	1.959	24.662
1657	-8.314	1.959	24.662
1660	-8.314	1.959	24.754
1665	-8.314	1.959	24.754
1668	-8.314	1.959	0.228
1669	-8.314	1.959	0.228
1670	-8.314	1.959	0.229
1671	-8.314	1.959	0.234
1672	-8.314	1.959	0.226
1687	-8.314	1.959	0.231
1689	-8.314	1.959	11.050
1690	-8.314	1.959	11.051
1695	-8.314	1.959	11.050
488	-8.309	1.953	11.049
487	-8.309	1.953	11.049
1712	-8.309	1.953	11.049
1714	-8.309	1.953	11.049
1716	-8.309	1.953	11.049
1726	-8.309	1.953	11.053
1732	-8.309	1.953	11.053
1734	-8.309	1.953	11.052
293	-8.289	3.584	11.020
241	-8.274	3.611	11.021
361	-8.272	3.615	1.274
362	-8.272	3.615	10.983
363	-8.272	3.615	10.981
365	-8.272	3.615	10.981
366	-8.272	3.615	6.708
302	-8.264	3.624	6.708
401	-8.261	3.612	6.713
424	-8.261	3.612	6.710
311	-8.260	3.611	6.710
312	-8.260	3.611	6.710
534	-8.244	1.941	6.710
547	-8.244	1.941	1.897
548	-8.244	1.941	1.902
549	-8.244	1.941	2.087
550	-8.244	1.941	2.053
551	-8.244	1.941	2.053
585	-8.244	1.941	2.053
601	-8.244	1.941	2.053
825	-8.244	1.941	2.052
646	-8.244	1.941	2.053
747	-8.239	1.938	2.053
1691	-8.190	1.979	2.052
1626	-8.189	1.979	2.053
1679	-8.189	1.979	2.053
1721	-8.184	1.975	2.053
1722	-8.184	1.975	2.052
1728	-8.184	1.975	2.077
1719	-8.184	1.975	2.076
479	-8.180	1.918	1.341
305	-8.170	1.899	1.341
324	-8.169	1.897	1.320
325	-8.169	1.897	1.962
386	-8.169	1.897	0.010
388	-8.169	1.897	0.010
389	-8.169	1.897	1.967
395	-8.169	1.897	1.967
400	-8.169	1.897	0.000
406	-8.169	1.897	0.001
407	-8.169	1.897	0.000
413	-8.169	1.897	0.001
420	-8.169	1.897	1.957
442	-8.169	1.897	1.957
443	-8.169	1.897	1.957
444	-8.169	1.897	1.957
453	-8.169	1.897	1.957
343	-8.167	1.894	3.533
344	-8.167	1.894	3.534
346	-8.167	1.894	3.533
866	-8.135	1.978	3.534
349	-8.109	1.899	3.533
352	-8.109	1.899	1.956
478	-8.109	1.899	1.956
