1737	-7.579	0.000	8.223
1738	-7.579	0.000	8.224
1739	-7.579	0.000	8.224
1742	-7.579	0.000	8.224
1743	-7.579	0.000	8.225
1744	-7.579	0.000	8.224
1745	-7.579	0.000	8.224
1747	-7.579	0.000	8.224
1748	-7.579	0.000	8.224
1749	-7.579	0.000	8.223
1750	-7.579	0.000	8.223
1751	-7.579	0.000	8.225
1752	-7.579	0.000	8.225
1753	-7.579	0.000	8.225
1754	-7.579	0.000	8.225
1755	-7.579	0.000	8.222
1756	-7.579	0.000	8.222
1758	-7.579	0.000	8.187
1759	-7.579	0.000	8.205
1760	-7.579	0.000	8.194
1761	-7.579	0.000	8.205
1762	-7.579	0.000	8.205
1763	-7.579	0.000	8.203
1765	-7.579	0.000	7.213
1766	-7.579	0.000	23.967
1767	-7.579	0.000	23.967
1768	-7.579	0.000	23.923
1769	-7.579	0.000	23.923
1770	-7.579	0.000	23.972
1771	-7.579	0.000	23.972
1772	-7.579	0.000	23.927
1773	-7.579	0.000	23.927
1777	-7.579	0.000	24.202
1781	-7.579	0.000	24.202
1782	-7.579	0.000	5.331
1783	-7.579	0.000	24.204
1784	-7.579	0.000	24.662
1785	-7.579	0.000	24.662
1788	-7.579	0.000	24.662
1789	-7.579	0.000	24.662
1790	-7.579	0.000	24.662
1791	-7.579	0.000	24.662
1793	-7.579	0.000	24.662
1794	-7.579	0.000	24.662
1795	-7.579	0.000	24.662
1796	-7.579	0.000	24.753
1797	-7.579	0.000	24.754
1798	-7.579	0.000	0.228
1799	-7.579	0.000	0.228
1800	-7.579	0.000	0.229
1801	-7.579	0.000	0.234
1802	-7.579	0.000	0.226
1803	-7.579	0.000	0.231
1804	-7.579	0.000	11.050
1809	-7.579	0.000	11.051
1810	-7.579	0.000	11.050
1812	-7.576	0.001	11.049
1814	-7.576	0.001	11.049
1818	-7.576	0.001	11.049
1826	-7.576	0.001	11.049
1827	-7.576	0.001	11.049
1829	-7.576	0.001	11.053
1830	-7.576	0.001	11.053
1831	-7.576	0.001	11.052
1832	-7.576	0.001	11.020
1833	-7.576	0.001	11.021
1834	-7.576	0.001	1.274
1836	-7.576	0.001	10.983
1837	-7.576	0.001	10.981
1838	-7.576	0.001	10.981
1839	-7.576	0.001	6.708
1840	-7.576	0.001	6.708
1843	-7.576	0.001	6.713
1844	-7.576	0.001	6.710
1845	-7.576	0.001	6.710
1846	-7.576	0.001	6.710
1847	-7.576	0.001	6.710
1848	-7.576	0.001	6.710
1778	-7.566	0.013	1.902
1779	-7.566	0.013	10.715
1780	-7.566	0.013	2.053
1786	-7.566	0.013	2.053
1787	-7.566	0.013	2.053
1807	-7.566	0.013	2.053
1808	-7.566	0.013	2.052
1813	-7.563	0.013	2.053
1815	-7.563	0.013	2.053
1816	-7.563	0.013	2.053
1820	-7.563	0.013	2.053
1821	-7.563	0.013	2.053
1824	-7.563	0.013	2.053
1841	-7.563	0.013	2.052
1842	-7.563	0.013	2.077
1740	-7.368	1.566	2.076
1741	-7.368	1.566	1.341
1746	-7.368	1.566	1.341
1757	-7.368	1.566	1.320
1764	-7.368	1.566	1.962
1774	-7.368	1.566	0.010
1776	-7.368	1.566	0.010
1805	-7.368	1.566	1.967
1806	-7.368	1.566	1.967
1775	-7.368	1.566	0.000
1792	-7.368	1.566	0.001
1817	-7.360	1.566	0.001
1819	-7.360	1.566	0.001
1822	-7.360	1.566	1.957
1823	-7.360	1.566	1.957
1825	-7.360	1.566	1.957
1828	-7.360	1.566	1.957
1835	-7.360	1.566	1.957
1849	-7.360	1.566	1.957
1811	-7.292	1.572	3.534
