964	-27.695	0.000	0.000
970	-25.915	0.043	1.391
1001	-25.913	0.043	5.116
1008	-25.913	0.043	1.390
979	-25.913	0.043	1.383
981	-25.913	0.043	1.383
857	-25.884	0.053	1.440
612	-25.879	0.053	1.443
715	-25.878	0.053	1.441
845	-25.764	0.043	1.463
792	-25.764	0.043	10.042
917	-25.764	0.043	1.450
932	-25.759	0.043	1.450
933	-25.759	0.043	1.449
723	-25.759	0.043	1.448
828	-25.758	0.044	10.043
953	-25.754	0.043	1.448
673	-25.749	0.044	1.447
721	-25.738	0.042	1.435
624	-25.652	0.039	1.433
645	-25.652	0.039	1.491
698	-25.652	0.039	10.044
753	-25.637	0.050	10.043
652	-25.629	0.049	10.043
664	-25.621	0.049	10.043
608	-25.615	0.049	1.466
926	-25.450	0.049	1.463
875	-25.449	0.049	1.463
650	-25.446	0.049	1.480
843	-25.394	2.116	1.455
734	-25.388	2.117	9.945
840	-25.213	0.041	1.420
997	-25.155	2.109	2.610
646	-25.154	2.116	1.423
977	-25.153	2.109	1.420
978	-25.153	2.109	1.404
1051	-25.152	2.109	2.609
632	-25.150	2.115	1.398
602	-25.135	2.115	9.955
606	-25.134	2.115	9.955
952	-25.032	2.109	9.955
791	-24.879	2.116	9.955
657	-24.878	2.117	5.137
761	-24.875	2.113	5.137
643	-24.872	2.113	1.234
751	-24.872	2.113	1.233
722	-24.858	2.113	1.234
609	-24.821	2.117	1.235
752	-24.670	2.116	5.128
610	-24.664	2.116	5.128
701	-24.424	2.109	5.128
825	-23.446	0.634	5.128
1035	-23.435	0.642	5.144
838	-23.314	0.637	5.146
892	-23.310	0.637	5.148
725	-23.310	0.637	5.149
922	-23.309	0.637	5.149
851	-23.307	0.637	2.849
707	-23.304	0.637	1.220
936	-23.304	0.637	2.864
731	-23.222	0.630	2.913
718	-23.220	0.635	2.528
781	-23.217	0.631	2.518
677	-22.987	0.626	3.630
1081	-20.961	1.889	1.968
625	-20.847	1.893	1.972
856	-20.462	1.857	1.972
620	-20.377	1.900	1.972
634	-19.944	1.871	17.819
680	-19.677	1.861	12.415
672	-18.017	2.752	1.463
842	-17.924	2.752	1.462
927	-17.924	2.752	3.833
839	-17.923	2.752	1.473
860	-17.923	2.752	1.470
727	-17.830	2.754	1.423
649	-17.828	2.755	1.404
700	-17.826	2.755	2.609
930	-17.782	2.756	9.955
741	-17.707	2.756	1.234
853	-17.707	2.756	1.234
861	-17.607	2.737	1.235
655	-15.581	2.917	5.099
660	-15.343	2.983	5.089
697	-15.319	2.990	5.071
314	-15.208	2.199	17.819
963	-15.185	2.198	17.819
962	-15.168	2.198	17.819
352	-15.159	2.199	17.819
353	-15.159	2.199	17.819
354	-15.159	2.199	17.819
478	-15.157	2.199	17.819
443	-15.143	2.199	17.822
519	-15.142	2.198	17.193
263	-15.138	2.199	17.193
411	-15.138	2.199	9.094
468	-15.138	2.199	9.101
528	-15.095	2.199	10.576
518	-15.068	2.198	8.109
786	-15.052	2.198	11.575
787	-15.052	2.198	11.576
370	-15.042	2.250	11.576
293	-15.023	2.250	11.576
816	-15.017	2.199	8.599
212	-15.009	2.253	11.577
470	-14.986	2.250	11.578
515	-14.983	2.248	10.513
332	-14.972	2.250	10.512
363	-14.972	2.250	10.512
322	-14.971	2.250	10.514
498	-14.971	2.247	10.515
507	-14.969	2.248	11.716
476	-14.969	2.248	11.713
526	-14.953	2.245	11.719
901	-14.914	2.202	11.713
916	-14.914	2.202	11.800
789	-14.882	2.250	12.420
790	-14.882	2.250	12.415
818	-14.849	2.252	12.407
812	-14.846	2.252	12.407
679	-14.737	1.867	12.480
1065	-14.663	2.207	12.750
1062	-14.663	2.207	12.858
1077	-14.662	2.207	0.045
883	-14.623	1.829	0.011
616	-14.559	3.008	0.011
633	-14.559	3.008	0.002
647	-14.559	3.008	0.000
626	-14.558	3.008	0.000
604	-14.556	3.008	0.000
603	-14.556	3.008	0.001
607	-14.556	3.008	0.001
600	-14.549	3.008	0.722
1111	-14.484	2.211	0.722
1069	-14.482	2.270	0.722
971	-14.433	2.210	8.675
990	-14.432	2.210	8.669
992	-14.432	2.210	8.677
1014	-14.432	2.210	8.677
1019	-14.432	2.210	8.677
629	-14.412	2.990	9.893
1114	-14.388	2.210	9.898
1103	-14.387	2.210	9.898
1105	-14.387	2.210	9.898
1110	-14.387	2.210	8.689
1109	-14.370	2.210	8.689
1130	-14.350	2.207	8.689
1154	-14.349	2.208	8.689
1121	-14.345	2.208	9.902
1889	-14.341	2.293	9.901
1895	-14.341	2.293	9.904
1896	-14.341	2.293	5.196
1900	-14.341	2.293	1.381
1901	-14.341	2.293	1.384
762	-14.336	3.798	1.377
742	-14.335	3.798	1.375
376	-14.326	2.293	1.393
431	-14.322	2.293	1.396
1879	-14.319	2.293	1.399
1882	-14.319	2.293	1.395
1893	-14.319	2.293	1.392
1113	-14.312	2.211	1.388
558	-14.311	2.293	1.391
582	-14.310	2.293	1.391
597	-14.309	2.293	1.391
489	-14.308	2.292	1.391
485	-14.305	2.292	1.390
619	-14.301	3.787	1.391
445	-14.297	2.292	5.116
382	-14.296	2.292	1.389
537	-14.286	2.292	1.382
637	-14.280	3.799	1.445
1117	-14.270	2.209	1.442
1148	-14.182	2.746	1.450
983	-14.172	2.730	1.449
986	-14.172	2.729	1.448
1021	-14.172	2.730	1.450
801	-14.161	2.291	1.447
1007	-14.146	2.812	10.043
832	-14.132	2.727	10.043
1059	-14.119	2.960	1.466
1042	-14.044	2.208	1.471
944	-13.989	2.209	1.421
923	-13.988	2.209	1.423
925	-13.988	2.209	2.604
938	-13.986	2.209	1.404
1087	-13.923	2.288	9.955
1142	-13.907	2.288	5.137
1144	-13.907	2.288	1.234
1153	-13.907	2.288	1.233
918	-13.887	2.289	1.234
858	-13.887	2.289	1.235
1036	-13.845	2.825	5.128
897	-13.811	2.824	5.128
726	-13.800	2.828	5.128
947	-13.800	2.822	5.128
1037	-13.783	2.285	1.221
1052	-13.775	2.284	1.221
748	-13.748	3.944	2.539
685	-13.747	3.003	1.096
724	-13.744	3.003	2.540
806	-13.740	3.003	1.968
945	-13.634	0.113	3.656
939	-13.632	0.113	1.954
627	-13.588	3.964	1.993
631	-13.558	3.769	1.910
862	-13.422	2.989	5.097
577	-13.382	2.150	5.099
209	-13.366	2.163	5.089
415	-13.359	2.149	5.091
488	-13.350	2.162	17.819
273	-13.324	2.159	17.819
349	-13.321	2.158	17.819
330	-13.320	2.158	17.819
381	-13.320	2.158	17.819
531	-13.317	2.140	17.822
403	-13.259	2.156	10.576
1891	-13.256	0.968	10.574
486	-13.255	2.154	10.574
311	-13.247	2.167	11.575
746	-13.216	2.114	8.591
766	-13.216	2.114	11.576
181	-13.215	2.156	11.576
513	-13.196	2.159	11.577
1884	-13.154	1.007	10.510
324	-13.046	2.181	10.513
960	-13.042	2.188	10.512
872	-12.936	2.190	11.703
1074	-12.898	2.275	12.417
867	-12.782	2.215	12.785
902	-12.773	2.219	0.044
931	-12.754	0.938	0.011
1068	-12.714	2.279	0.011
980	-12.603	2.397	0.000
1063	-12.590	2.324	0.001
199	-12.551	3.909	0.722
966	-12.547	2.380	0.722
743	-12.508	2.128	0.722
744	-12.508	2.128	0.722
745	-12.508	2.128	8.669
771	-12.507	2.128	8.677
774	-12.506	2.128	8.677
876	-12.493	2.394	9.892
418	-12.466	3.834	9.894
377	-12.462	2.130	9.897
277	-12.454	3.903	9.898
1408	-12.443	3.839	8.689
348	-12.435	2.128	8.690
480	-12.435	2.127	8.689
421	-12.434	2.128	9.900
368	-12.410	2.131	8.689
1904	-12.403	2.134	8.689
1897	-12.402	2.134	9.902
1906	-12.402	2.134	9.891
285	-12.400	2.130	5.179
497	-12.393	2.125	1.381
301	-12.392	2.134	1.384
1887	-12.391	2.132	1.377
1903	-12.391	2.132	1.376
1480	-12.386	3.820	1.393
578	-12.383	2.131	1.398
539	-12.382	2.133	1.394
1095	-12.381	2.512	1.395
557	-12.380	2.133	5.107
588	-12.379	2.133	1.391
419	-12.375	2.133	1.391
422	-12.373	2.133	1.391
1383	-12.370	3.824	0.000
1399	-12.370	3.824	1.391
1344	-12.365	3.823	5.110
1414	-12.365	3.823	5.113
542	-12.329	2.134	1.383
793	-12.326	2.452	1.440
574	-12.326	2.134	1.443
1129	-12.325	2.490	1.441
554	-12.325	2.134	1.463
593	-12.325	2.134	10.042
337	-12.320	2.134	1.450
474	-12.318	2.134	1.450
1784	-12.315	3.806	1.449
511	-12.306	2.132	1.448
514	-12.306	2.132	1.390
785	-12.294	2.131	1.448
693	-12.276	2.131	1.448
957	-12.272	2.131	1.435
820	-12.272	2.131	1.433
821	-12.272	2.131	1.491
822	-12.272	2.131	10.043
823	-12.272	2.131	10.043
1689	-12.255	3.790	10.044
865	-12.220	2.131	1.466
800	-12.210	2.131	1.480
444	-12.162	2.133	9.945
996	-12.115	3.900	1.409
1057	-12.115	2.768	1.423
1100	-12.102	3.906	1.411
1064	-12.098	2.128	1.404
1078	-12.098	2.128	1.428
1017	-12.036	2.124	9.955
1070	-12.029	2.128	9.955
989	-11.980	2.127	5.137
1013	-11.980	2.127	1.232
1024	-11.980	2.127	1.233
1032	-11.978	2.127	1.234
1009	-11.977	2.129	1.235
1018	-11.972	2.123	5.128
1112	-11.960	2.126	5.146
1115	-11.960	2.126	5.148
1131	-11.939	2.124	2.849
1147	-11.938	2.124	2.859
1156	-11.938	2.124	2.855
1127	-11.935	2.124	2.474
1128	-11.935	2.124	2.528
1137	-11.935	2.126	2.519
1116	-11.916	2.149	3.630
1132	-11.870	2.125	1.972
1043	-11.797	2.123	1.966
1047	-11.794	2.125	3.652
1053	-11.780	2.122	1.910
888	-11.777	2.128	1.910
826	-11.748	2.126	5.089
893	-11.743	2.125	5.090
924	-11.742	2.125	17.819
1058	-11.713	2.122	17.819
998	-11.713	2.122	17.819
1056	-11.712	2.122	17.819
255	-11.368	2.957	10.514
772	-11.331	3.104	10.515
684	-11.282	3.104	11.718
975	-11.200	3.099	11.720
758	-11.172	3.104	11.801
1088	-11.141	2.959	12.416
674	-11.038	2.960	12.415
797	-11.038	3.100	12.416
1041	-11.029	2.961	12.415
887	-11.008	3.100	12.407
974	-10.656	2.708	0.011
928	-10.546	3.110	0.011
661	-10.529	2.747	0.058
782	-10.529	2.747	0.002
659	-10.528	2.747	0.001
712	-10.528	2.747	0.001
713	-10.528	2.747	0.001
899	-10.519	2.723	0.000
796	-10.518	2.723	0.722
682	-10.516	2.723	0.721
490	-10.057	2.936	1.473
484	-10.057	2.936	1.464
479	-10.056	2.936	1.464
522	-10.050	2.935	1.434
523	-10.050	2.935	1.431
532	-10.050	2.935	1.423
536	-10.049	2.935	1.404
1898	-10.047	2.936	2.610
1899	-10.047	2.936	1.410
1894	-10.047	2.936	9.955
560	-10.046	2.936	9.955
590	-10.046	2.936	9.955
571	-10.046	2.936	9.955
572	-10.046	2.936	9.954
573	-10.046	2.936	5.138
595	-10.046	2.936	5.140
457	-10.043	2.936	1.233
482	-10.042	2.935	1.233
395	-10.042	2.936	1.234
396	-10.042	2.936	5.129
397	-10.042	2.936	5.129
70	-10.042	2.936	5.129
426	-10.042	2.936	5.129
412	-10.042	2.936	5.147
467	-10.042	2.936	5.148
1881	-10.031	2.935	2.469
1883	-10.031	2.935	2.541
1885	-10.031	2.935	2.521
1886	-10.031	2.935	3.645
1888	-10.031	2.935	1.190
1890	-10.031	2.935	1.972
1892	-10.031	2.935	1.972
1902	-10.031	2.935	1.972
1905	-10.031	2.935	1.972
275	-10.027	2.935	3.665
276	-10.027	2.935	1.954
463	-10.027	2.935	1.988
307	-10.026	2.935	1.910
527	-10.012	2.934	17.818
533	-10.011	2.934	17.819
89	-10.009	2.935	17.822
134	-10.004	2.935	17.193
135	-10.004	2.935	17.193
197	-10.004	2.934	9.094
323	-10.004	2.934	9.101
328	-10.004	2.934	10.577
451	-10.004	2.934	10.575
281	-10.004	2.934	10.575
389	-10.003	2.935	7.617
394	-10.003	2.934	11.576
355	-10.003	2.934	8.591
383	-10.003	2.934	11.577
423	-10.003	2.934	11.577
424	-10.003	2.934	11.593
409	-10.002	2.934	11.594
399	-10.000	2.935	11.579
262	-9.998	2.934	16.677
1071	-9.952	2.939	0.010
874	-9.951	2.935	0.059
904	-9.948	2.935	0.001
1096	-9.884	2.942	1.384
1094	-9.883	2.942	1.377
1155	-9.879	2.942	1.376
1157	-9.879	2.942	1.398
1158	-9.879	2.942	1.396
1120	-9.878	2.942	1.400
1124	-9.878	2.942	1.396
1025	-9.876	2.941	1.392
1101	-9.868	2.941	5.110
1104	-9.868	2.941	1.384
1006	-9.852	2.941	1.384
1086	-9.845	2.940	1.383
1108	-9.829	2.940	1.451
437	-9.813	2.927	10.044
1039	-9.766	2.941	1.480
898	-9.732	2.942	2.610
491	-9.209	2.919	1.392
240	-9.207	2.919	1.392
506	-9.200	2.919	1.391
549	-9.198	2.920	1.391
547	-9.198	2.920	1.391
584	-9.197	2.920	5.117
711	-9.181	2.918	1.390
481	-9.157	2.921	1.384
503	-9.153	2.920	1.383
504	-9.153	2.920	1.446
471	-9.152	2.921	1.443
472	-9.152	2.921	1.442
141	-9.151	2.921	1.461
548	-9.151	2.921	10.043
529	-9.151	2.921	1.451
117	-9.150	2.921	1.451
551	-9.150	2.921	1.450
570	-9.150	2.921	1.449
333	-9.150	2.921	1.451
384	-9.149	2.921	1.448
432	-9.149	2.921	1.448
388	-9.149	2.921	1.436
77	-9.149	2.921	1.434
104	-9.149	2.921	1.491
175	-9.149	2.921	10.044
469	-9.149	2.921	10.044
92	-9.148	2.921	10.044
295	-9.148	2.921	10.044
296	-9.148	2.921	1.467
564	-9.148	2.921	1.464
82	-9.147	2.921	2.853
310	-9.147	2.921	1.472
583	-9.147	2.921	1.455
587	-9.147	2.921	9.946
1075	-9.146	2.921	1.421
1079	-9.146	2.921	2.611
1080	-9.146	2.921	1.423
817	-9.136	2.921	1.420
813	-9.136	2.920	1.404
976	-9.131	2.922	2.610
909	-9.122	2.921	1.399
863	-9.122	2.921	9.955
804	-9.119	2.922	9.955
988	-9.113	2.923	9.955
1016	-9.113	2.923	9.955
1031	-9.112	2.923	5.138
1139	-9.103	2.923	5.138
1152	-9.103	2.923	1.233
1123	-9.102	2.923	1.232
1138	-9.101	2.923	1.233
1149	-9.101	2.923	1.234
62	-9.101	2.910	5.129
1140	-9.100	2.923	5.129
965	-9.066	2.924	5.145
972	-9.063	2.925	5.147
982	-9.063	2.925	2.783
1020	-9.062	2.924	5.149
1003	-9.060	2.925	5.149
878	-9.051	2.925	2.855
879	-9.051	2.925	2.860
831	-9.050	2.925	2.865
847	-9.050	2.925	3.618
1151	-9.050	2.925	2.916
1143	-9.050	2.925	2.519
1119	-9.049	2.925	3.632
1126	-9.049	2.924	1.968
849	-9.049	2.925	1.972
920	-9.049	2.925	1.972
837	-9.048	2.925	1.972
880	-9.048	2.925	1.972
881	-9.048	2.925	1.972
829	-9.048	2.925	3.652
954	-9.047	2.925	1.954
1038	-9.020	2.928	5.109
1046	-9.008	2.928	5.098
1045	-9.006	2.928	5.099
1050	-9.005	2.928	5.090
1055	-9.003	2.928	17.818
884	-9.003	2.928	17.818
1134	-8.289	2.796	5.129
1880	-8.231	2.833	10.515
798	-8.162	3.951	0.002
525	-8.156	3.930	0.001
414	-8.155	3.930	0.000
425	-8.155	3.930	0.000
254	-8.154	3.927	0.722
345	-8.154	3.927	0.721
407	-8.154	3.927	0.721
320	-8.154	3.927	0.721
211	-8.139	3.942	0.721
116	-8.138	3.942	8.676
315	-8.138	3.942	8.670
808	-8.129	3.944	8.678
61	-8.128	3.943	8.678
1060	-8.127	1.954	8.670
1073	-8.127	1.954	9.895
1093	-8.123	1.979	8.690
1106	-8.123	1.978	8.690
1107	-8.123	1.978	8.690
552	-8.114	3.937	1.377
1049	-8.112	2.011	1.376
810	-8.097	3.937	1.397
864	-8.085	3.939	1.391
873	-8.084	3.939	1.391
906	-8.083	3.939	1.391
1054	-8.072	2.003	5.111
1089	-8.056	1.973	1.450
836	-8.050	3.979	1.450
1061	-8.050	3.941	1.449
1066	-8.050	3.942	1.451
1067	-8.048	3.938	1.391
1072	-8.048	3.938	1.435
1146	-8.015	3.945	1.464
1029	-8.015	3.945	1.462
1034	-8.015	3.945	1.480
984	-8.014	3.941	1.473
985	-8.014	3.941	1.471
987	-8.014	3.941	1.434
1002	-8.014	3.941	1.431
1091	-8.011	3.947	1.423
1092	-8.011	3.947	1.423
882	-8.010	3.947	1.404
835	-8.008	3.943	2.610
935	-8.007	3.943	1.410
1145	-8.003	3.942	1.234
1125	-8.003	3.946	1.233
1000	-7.989	3.959	5.149
1040	-7.961	3.951	2.464
1044	-7.961	3.951	2.541
1048	-7.961	3.951	2.520
999	-7.957	3.951	3.645
949	-7.952	3.949	2.570
844	-7.946	3.950	1.972
508	-7.855	3.986	1.992
1015	-7.842	3.822	5.097
1098	-7.841	3.822	5.103
1102	-7.841	3.822	5.099
1135	-7.838	3.820	5.090
448	-7.837	3.841	5.072
282	-7.837	3.835	17.818
434	-7.837	3.835	17.818
326	-7.836	3.841	17.818
408	-7.835	3.841	17.818
495	-7.834	3.833	17.819
1150	-7.816	3.467	17.193
937	-7.799	3.820	9.102
