566	-8.260	0.000	6.055
498	-8.259	0.002	6.056
416	-8.258	0.002	5.155
604	-8.253	0.004	5.184
394	-8.252	0.004	3.479
623	-8.251	0.005	5.766
627	-8.251	0.005	2.369
673	-8.251	0.005	1.334
634	-8.250	0.005	5.189
635	-8.250	0.005	5.790
643	-8.250	0.005	2.398
650	-8.250	0.005	1.346
678	-8.250	0.005	4.838
600	-8.249	0.005	4.848
625	-8.249	0.005	4.875
467	-8.246	0.006	1.340
546	-8.246	0.006	1.331
4	-8.246	0.009	4.717
551	-8.245	0.006	5.256
685	-8.239	0.008	3.431
459	-8.234	0.013	5.254
699	-8.089	0.011	6.786
701	-8.089	0.011	6.785
702	-8.089	0.011	6.939
649	-8.089	0.011	6.773
558	-8.084	0.011	6.925
173	-6.966	2.863	5.072
328	-6.958	2.807	6.792
615	-6.902	2.845	6.781
524	-6.896	2.845	5.769
530	-6.766	2.782	0.092
642	-6.121	1.880	8.541
690	-5.988	2.812	5.495
495	-5.892	1.820	5.500
671	-5.887	1.819	5.500
632	-5.886	1.819	4.964
656	-5.886	1.819	4.964
684	-5.885	1.820	4.964
562	-5.882	1.819	4.964
665	-5.822	1.939	5.501
670	-5.767	1.822	5.501
