809	-14.555	0.000	4.994
753	-14.537	0.005	8.770
863	-14.491	0.003	8.770
731	-14.479	0.004	0.009
779	-14.479	0.004	0.005
769	-14.406	0.006	1.163
763	-14.394	0.006	2.742
800	-14.379	0.003	8.582
834	-14.317	0.001	4.823
788	-12.581	1.454	4.787
794	-11.076	2.226	6.769
907	-11.033	2.226	5.785
828	-11.026	2.226	5.783
758	-11.010	2.225	6.770
776	-10.892	2.169	6.765
859	-10.876	2.170	20.606
1212	-10.854	2.229	5.786
1031	-10.848	2.228	6.928
886	-10.846	2.229	6.924
814	-10.846	2.229	5.786
710	-10.841	2.228	5.784
711	-10.841	2.228	6.762
789	-10.838	2.228	5.795
1216	-10.832	2.229	5.791
1225	-10.832	2.229	3.129
1270	-10.832	2.229	3.129
1308	-10.831	2.229	3.128
953	-10.799	2.173	0.011
1018	-10.799	2.173	3.130
813	-10.770	2.151	3.129
864	-10.770	2.151	0.000
900	-10.770	2.151	0.005
1193	-10.768	2.174	0.016
1211	-10.766	2.174	3.130
927	-10.763	2.177	3.063
891	-10.754	2.177	2.821
837	-10.754	2.177	5.293
1228	-10.754	2.155	5.294
1236	-10.754	2.155	5.295
815	-10.752	2.177	5.291
1220	-10.748	2.174	5.289
1222	-10.748	2.174	5.287
910	-10.740	2.155	2.858
913	-10.740	2.155	3.812
842	-10.738	2.177	0.065
760	-10.725	2.174	0.081
1424	-10.676	2.440	19.976
1273	-10.668	2.228	0.080
1247	-10.668	2.228	0.942
838	-10.656	2.341	5.892
898	-10.639	2.228	2.688
867	-10.638	2.228	2.664
1033	-10.628	2.228	2.729
874	-10.626	2.342	2.739
876	-10.626	2.342	2.743
1574	-10.623	2.228	2.701
1387	-10.618	2.228	2.714
1402	-10.618	2.228	19.397
1410	-10.618	2.228	0.436
861	-10.609	1.856	3.720
1438	-10.606	2.228	4.388
1451	-10.605	2.228	20.252
1313	-10.599	2.228	1.047
1027	-10.582	2.181	2.075
994	-10.581	2.181	3.699
718	-10.579	2.227	8.557
1421	-10.573	2.228	7.340
926	-10.555	2.182	7.359
1028	-10.554	2.229	8.521
894	-10.554	1.862	8.520
782	-10.550	1.852	5.424
832	-10.544	2.183	5.124
852	-10.544	2.183	6.628
857	-10.544	2.182	5.100
1271	-10.542	2.182	7.110
1337	-10.541	2.181	8.367
1267	-10.541	2.182	7.657
1311	-10.541	2.182	5.686
1322	-10.541	2.182	6.708
1294	-10.538	2.267	5.370
1347	-10.537	2.267	6.633
1153	-10.522	2.185	5.499
1014	-10.506	2.184	5.497
1494	-10.501	2.264	5.498
890	-10.495	2.267	5.503
751	-10.469	1.862	4.965
762	-10.465	2.262	4.966
736	-10.461	1.863	4.966
1479	-10.451	2.266	5.502
1189	-10.350	2.330	5.149
1194	-10.235	2.431	6.936
1205	-10.235	2.431	6.780
1210	-10.235	2.431	0.091
1507	-10.235	2.431	6.935
1516	-10.235	2.431	6.950
506	-10.231	2.433	0.033
1372	-10.218	2.421	5.272
1264	-10.218	2.421	5.272
1218	-10.218	2.422	5.273
1224	-10.218	2.422	5.266
1286	-10.218	2.421	5.264
1290	-10.218	2.421	5.265
1320	-10.218	2.421	5.268
808	-10.200	2.714	2.699
906	-10.199	2.714	2.707
723	-10.179	2.712	1.035
884	-10.151	2.205	5.025
726	-10.147	2.714	6.002
739	-10.146	2.714	3.700
1249	-10.134	2.210	0.176
1296	-10.134	2.210	20.255
1297	-10.134	2.210	3.696
1367	-10.134	2.210	2.144
1368	-10.134	2.210	3.667
1369	-10.134	2.210	3.677
1230	-10.134	2.210	4.649
1235	-10.134	2.210	5.013
1238	-10.134	2.210	5.007
1334	-10.134	2.210	7.370
1259	-10.133	2.210	3.578
1283	-10.133	2.210	8.508
1191	-10.123	2.225	7.138
1192	-10.123	2.225	7.658
1197	-10.123	2.225	7.495
1198	-10.123	2.225	8.198
1199	-10.123	2.225	6.079
1206	-10.123	2.225	6.077
1493	-10.123	2.225	6.084
1500	-10.123	2.225	5.337
1524	-10.123	2.225	6.004
1412	-10.116	2.714	6.157
1195	-10.116	2.705	5.445
1213	-10.115	2.705	6.157
1054	-10.114	2.233	6.157
1035	-10.106	2.712	6.156
1036	-10.106	2.712	6.159
575	-10.106	2.232	6.159
1566	-10.105	2.713	6.082
697	-10.105	2.232	6.082
1572	-10.104	2.713	6.082
1200	-10.103	2.713	6.082
1555	-10.103	2.713	6.081
1217	-10.094	2.706	6.082
1242	-10.093	2.706	6.082
1252	-10.093	2.706	6.159
802	-10.079	1.871	6.080
1398	-10.074	2.714	6.159
1408	-10.074	2.714	6.088
1416	-10.074	2.714	6.088
836	-10.071	1.871	6.040
960	-10.059	2.713	6.087
988	-10.058	2.713	6.087
1056	-10.056	2.713	6.093
923	-10.041	2.715	5.184
933	-10.039	2.715	5.110
1234	-10.037	1.873	5.108
1281	-10.037	1.873	3.154
1190	-10.033	1.877	5.176
1203	-10.032	1.877	5.179
854	-10.026	2.651	6.031
1521	-9.990	2.707	6.030
1440	-9.988	2.708	3.135
1436	-9.988	2.708	3.125
1460	-9.988	2.707	3.126
1595	-9.988	2.707	3.171
1601	-9.988	2.707	3.172
1621	-9.988	2.707	3.169
1488	-9.987	2.708	3.152
1473	-9.987	2.707	4.499
1559	-9.987	2.707	4.493
1591	-9.987	2.707	4.478
1245	-9.982	2.744	3.145
1244	-9.982	2.745	2.830
1335	-9.980	2.745	3.277
1272	-9.977	2.707	5.375
1315	-9.977	2.707	5.383
1316	-9.977	2.707	5.380
1288	-9.976	2.707	4.219
1359	-9.975	2.707	5.390
1403	-9.975	2.707	5.380
1343	-9.975	2.707	5.404
1395	-9.975	2.707	7.712
1407	-9.975	2.707	5.387
1350	-9.974	2.707	5.422
1581	-9.970	2.746	7.875
1465	-9.968	2.747	5.154
1475	-9.968	2.747	5.148
1552	-9.967	2.746	7.839
1275	-9.965	2.746	18.485
1380	-9.965	2.746	18.485
1357	-9.964	2.747	7.965
714	-9.960	2.748	7.838
715	-9.960	2.748	5.735
1279	-9.958	2.706	5.733
1196	-9.947	2.602	5.738
1202	-9.947	2.602	7.969
1208	-9.947	2.602	7.969
1490	-9.939	2.707	18.752
1430	-9.939	2.707	7.963
1501	-9.938	2.707	3.046
1258	-9.935	2.749	5.735
1287	-9.935	2.748	7.838
1394	-9.933	2.748	3.100
1300	-9.932	2.707	1.638
1046	-9.924	2.752	3.061
1117	-9.924	2.752	0.003
957	-9.924	2.752	3.069
987	-9.923	2.752	0.000
823	-9.922	2.741	1.641
824	-9.922	2.745	1.645
1233	-9.921	2.606	0.010
879	-9.920	2.744	5.105
862	-9.920	2.742	5.107
746	-9.919	2.747	5.107
869	-9.919	2.743	5.107
1518	-9.919	2.390	5.101
1519	-9.919	2.390	4.879
822	-9.918	2.734	5.103
1620	-9.916	2.398	1.715
1642	-9.916	2.398	4.900
1464	-9.916	2.398	1.736
1561	-9.915	2.398	3.057
1568	-9.915	2.398	2.733
1474	-9.915	2.399	2.739
1246	-9.913	2.381	18.180
1329	-9.913	2.382	1.882
1223	-9.913	2.383	1.904
1314	-9.913	2.382	1.943
1309	-9.913	2.383	1.951
1317	-9.913	2.382	1.951
1306	-9.911	2.389	1.922
1277	-9.910	2.389	3.033
1239	-9.910	2.390	3.035
1240	-9.910	2.390	2.916
1298	-9.910	2.390	2.592
732	-9.901	2.747	2.580
734	-9.901	2.747	0.807
737	-9.900	2.747	3.540
721	-9.879	2.745	7.912
708	-9.872	2.410	3.512
1445	-9.811	2.602	6.157
1463	-9.811	2.601	6.157
1497	-9.811	2.601	6.157
1409	-9.796	2.604	6.082
1415	-9.795	2.604	6.159
1517	-9.747	2.607	4.499
1487	-9.746	2.607	6.122
1611	-9.746	2.607	3.150
1608	-9.745	2.607	4.472
1431	-9.745	2.607	4.452
1585	-9.745	2.607	4.361
1587	-9.745	2.607	4.295
1442	-9.744	2.607	5.380
1502	-9.744	2.607	5.379
1480	-9.743	2.607	7.712
1539	-9.743	2.607	5.420
1221	-9.741	2.608	5.425
1310	-9.739	2.609	6.242
1326	-9.738	2.609	7.875
1263	-9.735	1.821	3.438
986	-9.684	1.812	5.735
1303	-9.674	1.824	5.733
1338	-9.674	1.824	5.734
1229	-9.673	1.824	5.738
1237	-9.673	1.824	5.737
1254	-9.665	1.822	7.969
1461	-9.660	1.827	7.840
1441	-9.659	1.827	7.835
1342	-9.576	2.129	5.737
1351	-9.575	2.130	5.739
1389	-9.575	2.129	7.838
1392	-9.575	2.129	7.969
1404	-9.575	2.129	7.977
1325	-9.562	2.131	3.061
1381	-9.562	2.131	1.643
1483	-9.550	2.143	0.004
1462	-9.549	2.143	1.642
1446	-9.548	2.143	0.009
1447	-9.548	2.143	1.643
1634	-9.547	2.144	5.107
1538	-9.546	2.144	5.107
1549	-9.546	2.144	5.107
1550	-9.546	2.144	5.104
1365	-9.525	1.763	5.101
1563	-9.523	2.320	1.723
1600	-9.501	1.762	3.057
1606	-9.500	1.762	3.058
1616	-9.500	1.762	4.902
1499	-9.485	2.331	2.907
1570	-9.439	1.768	2.898
