1646	-10.910	0.000	0.000
1718	-10.910	0.006	0.000
1750	-10.910	0.007	0.000
1755	-10.910	0.006	0.000
1637	-10.910	0.006	0.000
1639	-10.910	0.006	0.000
1640	-10.910	0.006	0.000
1651	-10.910	0.007	0.000
1707	-10.910	0.007	0.000
1655	-10.910	0.007	0.000
1663	-10.910	0.007	0.000
1715	-10.910	0.007	0.000
1649	-10.910	0.007	0.000
1698	-10.909	0.019	0.000
1785	-10.908	0.010	0.000
1714	-10.908	0.033	0.000
1782	-10.907	0.010	0.000
1799	-10.907	0.010	0.000
1805	-10.907	0.010	0.000
1731	-10.907	0.010	0.000
1745	-10.907	0.010	0.000
1794	-10.907	0.010	0.000
1730	-10.907	0.010	0.000
1760	-10.907	0.010	0.000
1627	-10.901	0.006	0.000
1633	-10.901	0.006	0.000
1784	-10.838	0.007	0.000
1767	-10.838	0.007	0.000
1680	-10.838	0.008	0.000
1636	-10.837	0.007	0.000
1648	-10.837	0.007	0.000
1710	-10.837	0.007	0.000
1671	-10.833	0.006	0.000
1673	-10.833	0.006	0.000
1694	-10.797	2.769	0.000
1734	-10.797	2.769	0.000
1677	-10.797	2.769	0.000
1683	-10.797	2.769	0.000
1701	-10.797	2.769	0.000
1706	-10.797	2.769	0.000
1719	-10.797	2.769	0.000
1653	-10.796	2.769	0.000
1662	-10.796	2.769	0.000
1647	-10.778	0.687	0.000
1656	-10.778	0.681	0.000
1769	-10.778	0.680	0.000
1641	-10.777	0.679	0.000
1716	-10.721	0.695	0.000
1682	-10.721	0.694	0.000
1709	-10.721	0.694	0.000
1660	-10.720	0.694	0.000
1705	-10.720	0.694	0.000
1691	-10.720	0.693	0.000
1688	-10.720	0.693	0.000
1674	-10.714	0.694	0.000
1628	-10.709	0.693	0.000
1790	-10.688	2.739	0.000
1793	-10.688	2.739	0.000
1801	-10.688	2.739	0.000
1761	-10.679	2.753	0.000
1681	-10.679	2.753	0.000
1796	-10.679	2.753	0.000
1727	-10.679	2.753	0.000
1723	-10.679	2.752	0.000
1722	-10.679	2.750	0.000
1748	-10.679	2.748	0.000
1781	-10.679	2.748	0.000
1666	-10.676	2.745	0.000
1668	-10.676	2.742	0.000
1713	-10.674	2.750	0.000
1806	-10.674	2.749	0.000
1742	-10.673	2.752	0.000
1747	-10.673	2.750	0.000
1690	-10.673	2.747	0.000
1759	-10.584	1.221	0.000
1685	-10.580	1.219	0.000
1743	-10.580	1.219	0.000
1749	-10.580	1.220	0.000
1778	-10.580	1.219	0.000
1697	-10.580	1.220	0.000
1739	-10.580	1.220	0.000
1751	-10.580	1.220	0.000
1768	-10.580	1.220	0.000
1729	-10.579	1.220	0.000
1643	-10.523	1.962	0.000
1654	-10.523	1.962	0.000
1630	-10.517	1.962	0.000
1712	-10.499	1.963	0.000
1797	-10.489	1.224	0.000
1638	-10.484	1.219	0.000
1652	-10.483	1.220	0.000
1661	-10.479	1.965	0.000
1644	-10.476	1.965	0.000
1632	-10.475	1.223	0.000
1764	-10.467	1.965	0.000
1684	-10.453	2.753	0.000
1704	-10.453	2.753	0.000
1717	-10.453	2.753	0.000
1735	-10.453	2.753	0.000
1740	-10.453	2.753	0.000
1765	-10.453	2.753	0.000
1777	-10.453	2.753	0.000
1776	-10.413	1.966	0.000
1809	-10.412	1.965	0.000
1738	-10.410	1.965	0.000
1744	-10.410	1.965	0.000
1753	-10.410	1.965	0.000
1762	-10.410	1.965	0.000
1774	-10.410	1.965	0.000
1732	-10.409	1.966	0.000
1792	-10.409	1.965	0.000
1670	-10.408	1.966	0.000
1629	-10.405	1.966	0.000
1631	-10.405	1.966	0.000
1810	-10.403	1.983	0.000
1634	-10.397	2.077	0.000
1702	-10.367	1.806	0.000
1804	-10.364	1.807	0.000
1807	-10.311	1.806	0.000
1695	-10.310	1.806	0.000
1758	-10.310	1.806	0.000
1791	-10.310	1.806	0.000
1808	-10.310	1.806	0.000
1813	-10.310	1.806	0.000
1692	-10.303	1.840	0.000
1736	-10.303	1.840	0.000
1645	-10.300	1.841	0.000
1678	-10.299	1.841	0.000
1679	-10.299	1.841	0.000
1700	-10.299	1.841	0.000
1708	-10.299	1.841	0.000
1667	-10.294	1.842	0.000
1676	-10.294	1.842	0.000
1779	-10.238	2.736	0.000
1635	-10.166	2.736	0.000
1686	-10.164	2.736	0.000
1687	-10.164	2.736	0.000
1756	-10.164	2.736	0.000
1771	-10.164	2.736	0.000
1775	-10.164	2.736	0.000
1741	-10.164	2.736	0.000
1780	-10.163	2.736	0.000
1788	-10.163	2.736	0.000
1726	-10.158	2.736	0.000
1665	-10.158	2.734	0.000
1693	-10.142	1.836	0.000
1664	-10.139	1.838	0.000
1699	-10.138	1.837	0.000
1802	-10.138	1.837	0.000
1811	-10.138	1.837	0.000
1763	-10.138	1.837	0.000
1642	-10.088	2.109	0.000
1754	-10.012	2.112	0.000
1659	-10.006	2.111	0.000
1725	-10.004	2.111	0.000
1720	-10.001	2.111	0.000
1783	-9.997	2.650	0.000
1772	-9.857	2.106	0.000
1787	-9.857	2.106	0.000
1789	-9.857	2.106	0.000
1724	-9.361	3.287	0.000
1733	-9.361	3.287	0.000
1757	-9.361	3.287	0.000
1770	-9.229	3.291	0.000
1711	-9.204	2.276	0.000
1737	-9.204	2.276	0.000
1800	-9.204	2.276	0.000
1703	-9.204	2.276	0.000
1721	-9.204	2.276	0.000
1657	-9.203	2.276	0.000
1658	-9.203	2.276	0.000
1669	-9.201	2.276	0.000
1672	-9.201	2.276	0.000
1773	-9.110	2.656	0.000
1766	-9.106	2.656	0.000
1803	-9.106	2.656	0.000
1795	-9.102	2.656	0.000
1798	-9.102	2.656	0.000
1786	-9.065	2.655	0.000
1746	-8.829	1.737	0.000
1650	-8.826	1.737	0.000
1696	-8.631	1.701	0.000
1675	-8.606	1.625	0.000
1728	-8.604	1.628	0.000
1689	-8.603	1.618	0.000
1752	-8.434	2.704	0.000
1812	-7.904	2.901	0.000
