9	-8.646	0.000	0.000
33	-8.631	0.007	0.000
646	-8.631	0.007	0.000
15	-8.631	0.009	0.000
41	-8.631	0.009	0.000
45	-8.631	0.009	0.000
46	-8.631	0.009	0.000
466	-8.631	0.010	0.000
469	-8.631	0.009	0.000
495	-8.631	0.009	0.000
499	-8.631	0.010	0.000
616	-8.631	0.009	0.000
621	-8.631	0.009	0.000
643	-8.631	0.009	0.000
655	-8.631	0.009	0.000
665	-8.631	0.009	0.000
690	-8.631	0.009	0.000
696	-8.631	0.009	0.000
711	-8.631	0.009	0.000
290	-8.631	0.010	0.000
291	-8.631	0.010	0.000
298	-8.631	0.010	0.000
303	-8.631	0.010	0.000
307	-8.631	0.010	0.000
310	-8.631	0.010	0.000
318	-8.631	0.010	0.000
705	-8.631	0.011	0.000
13	-8.631	0.010	0.000
14	-8.631	0.010	0.000
19	-8.631	0.010	0.000
28	-8.631	0.010	0.000
32	-8.631	0.010	0.000
38	-8.631	0.010	0.000
39	-8.631	0.010	0.000
324	-8.631	0.010	0.000
467	-8.631	0.011	0.000
507	-8.631	0.010	0.000
650	-8.631	0.010	0.000
631	-8.631	0.011	0.000
376	-8.630	0.010	0.000
539	-8.630	0.005	0.000
404	-8.630	0.005	0.000
520	-8.630	0.006	0.000
16	-8.630	0.007	0.000
488	-8.630	0.009	0.000
247	-8.630	0.010	0.000
251	-8.630	0.010	0.000
258	-8.630	0.010	0.000
388	-8.630	0.010	0.000
425	-8.630	0.009	0.000
438	-8.630	0.010	0.000
521	-8.630	0.009	0.000
535	-8.630	0.010	0.000
277	-8.630	0.010	0.000
279	-8.630	0.010	0.000
343	-8.630	0.010	0.000
356	-8.630	0.010	0.000
361	-8.630	0.010	0.000
368	-8.630	0.010	0.000
374	-8.630	0.010	0.000
378	-8.630	0.010	0.000
383	-8.630	0.010	0.000
387	-8.630	0.010	0.000
405	-8.630	0.010	0.000
411	-8.630	0.010	0.000
459	-8.630	0.010	0.000
417	-8.630	0.010	0.000
418	-8.630	0.010	0.000
429	-8.630	0.010	0.000
434	-8.630	0.010	0.000
443	-8.630	0.010	0.000
448	-8.630	0.010	0.000
449	-8.630	0.010	0.000
476	-8.630	0.010	0.000
523	-8.630	0.010	0.000
525	-8.630	0.010	0.000
527	-8.630	0.010	0.000
529	-8.630	0.010	0.000
554	-8.630	0.010	0.000
560	-8.630	0.010	0.000
573	-8.630	0.010	0.000
574	-8.630	0.010	0.000
587	-8.630	0.010	0.000
598	-8.630	0.010	0.000
17	-8.630	0.012	0.000
334	-8.630	0.014	0.000
607	-8.630	0.015	0.000
394	-8.630	0.018	0.000
524	-8.630	0.024	0.000
4	-8.629	0.008	0.000
1	-8.629	0.010	0.000
6	-8.629	0.010	0.000
8	-8.629	0.009	0.000
727	-8.629	0.010	0.000
739	-8.629	0.010	0.000
743	-8.629	0.010	0.000
762	-8.629	0.010	0.000
767	-8.629	0.010	0.000
774	-8.629	0.010	0.000
582	-8.629	0.010	0.000
745	-8.629	0.011	0.000
973	-8.629	0.011	0.000
746	-8.629	0.010	0.000
732	-8.629	0.013	0.000
737	-8.629	0.013	0.000
855	-8.628	0.008	0.000
63	-8.628	0.008	0.000
148	-8.628	0.007	0.000
70	-8.628	0.008	0.000
96	-8.628	0.009	0.000
51	-8.628	0.011	0.000
55	-8.628	0.010	0.000
59	-8.628	0.011	0.000
65	-8.628	0.010	0.000
75	-8.628	0.011	0.000
94	-8.628	0.010	0.000
149	-8.628	0.010	0.000
238	-8.628	0.010	0.000
827	-8.628	0.010	0.000
834	-8.628	0.009	0.000
91	-8.628	0.014	0.000
880	-8.627	0.004	0.000
226	-8.627	0.004	0.000
166	-8.627	0.011	0.000
117	-8.627	0.007	0.000
112	-8.627	0.008	0.000
201	-8.627	0.008	0.000
208	-8.627	0.008	0.000
108	-8.627	0.007	0.000
844	-8.627	0.007	0.000
153	-8.627	0.009	0.000
141	-8.627	0.008	0.000
891	-8.627	0.008	0.000
146	-8.627	0.010	0.000
116	-8.627	0.010	0.000
118	-8.627	0.010	0.000
120	-8.627	0.010	0.000
130	-8.627	0.010	0.000
135	-8.627	0.010	0.000
142	-8.627	0.010	0.000
159	-8.627	0.010	0.000
211	-8.627	0.010	0.000
213	-8.627	0.010	0.000
215	-8.627	0.010	0.000
217	-8.627	0.010	0.000
230	-8.627	0.010	0.000
206	-8.627	0.011	0.000
109	-8.627	0.020	0.000
793	-8.626	0.010	0.000
796	-8.626	0.010	0.000
803	-8.626	0.010	0.000
868	-8.624	0.036	0.000
926	-8.554	0.310	0.000
191	-8.357	2.325	0.000
115	-8.357	2.320	0.000
205	-8.357	2.320	0.000
210	-8.357	2.321	0.000
218	-8.357	2.321	0.000
221	-8.357	2.321	0.000
224	-8.357	2.321	0.000
106	-8.357	2.321	0.000
129	-8.357	2.321	0.000
170	-8.357	2.321	0.000
181	-8.357	2.321	0.000
188	-8.357	2.321	0.000
202	-8.357	2.321	0.000
150	-8.355	2.320	0.000
939	-8.354	2.318	0.000
284	-8.354	2.324	0.000
331	-8.354	2.323	0.000
346	-8.354	2.323	0.000
348	-8.354	2.324	0.000
351	-8.354	2.323	0.000
358	-8.354	2.324	0.000
367	-8.354	2.324	0.000
384	-8.354	2.323	0.000
390	-8.354	2.324	0.000
392	-8.354	2.324	0.000
401	-8.354	2.324	0.000
408	-8.354	2.323	0.000
415	-8.354	2.324	0.000
450	-8.354	2.324	0.000
515	-8.354	2.323	0.000
518	-8.354	2.324	0.000
536	-8.354	2.324	0.000
537	-8.354	2.324	0.000
550	-8.354	2.324	0.000
568	-8.354	2.324	0.000
585	-8.354	2.323	0.000
608	-8.354	2.324	0.000
54	-8.354	2.320	0.000
912	-8.354	2.320	0.000
935	-8.354	2.320	0.000
565	-8.353	2.322	0.000
858	-8.353	2.319	0.000
645	-8.352	2.323	0.000
647	-8.352	2.323	0.000
421	-8.352	2.325	0.000
300	-8.352	2.323	0.000
301	-8.352	2.323	0.000
308	-8.352	2.323	0.000
470	-8.352	2.323	0.000
505	-8.352	2.323	0.000
613	-8.352	2.323	0.000
615	-8.352	2.323	0.000
625	-8.352	2.323	0.000
656	-8.352	2.325	0.000
703	-8.352	2.323	0.000
29	-8.352	2.323	0.000
31	-8.352	2.323	0.000
680	-8.351	2.322	0.000
795	-8.351	2.320	0.000
245	-8.349	2.325	0.000
248	-8.349	2.324	0.000
255	-8.349	2.324	0.000
267	-8.349	2.323	0.000
268	-8.349	2.324	0.000
1028	-8.348	2.327	0.000
771	-8.348	2.324	0.000
1016	-8.348	2.324	0.000
836	-8.348	2.280	0.000
826	-8.346	0.050	0.000
713	-8.345	2.342	0.000
843	-8.332	0.051	0.000
874	-8.211	0.210	0.000
754	-8.184	2.352	0.000
1027	-8.041	2.338	0.000
948	-7.907	2.162	0.000
431	-7.722	1.761	0.000
509	-7.720	1.760	0.000
651	-7.720	1.760	0.000
304	-7.720	1.758	0.000
1003	-7.719	1.775	0.000
996	-7.719	1.765	0.000
738	-7.719	1.762	0.000
1021	-7.719	1.763	0.000
219	-7.712	1.733	0.000
807	-7.709	1.733	0.000
918	-7.709	1.723	0.000
558	-7.676	2.417	0.000
292	-7.676	2.417	0.000
489	-7.675	2.418	0.000
10	-7.675	2.417	0.000
276	-7.675	2.417	0.000
336	-7.675	2.417	0.000
107	-7.671	2.419	0.000
125	-7.671	2.419	0.000
183	-7.671	2.419	0.000
71	-7.670	2.419	0.000
72	-7.670	2.419	0.000
2	-7.669	2.417	0.000
271	-7.669	2.416	0.000
1012	-7.651	0.992	0.000
274	-7.617	1.518	0.000
468	-7.607	1.519	0.000
617	-7.607	1.519	0.000
635	-7.607	1.519	0.000
506	-7.607	1.518	0.000
632	-7.607	1.518	0.000
664	-7.607	1.518	0.000
668	-7.607	1.518	0.000
659	-7.607	1.518	0.000
660	-7.607	1.518	0.000
295	-7.606	1.519	0.000
359	-7.606	1.518	0.000
370	-7.606	1.518	0.000
385	-7.606	1.518	0.000
458	-7.606	1.518	0.000
519	-7.606	1.518	0.000
540	-7.606	1.518	0.000
545	-7.606	1.518	0.000
547	-7.606	1.518	0.000
606	-7.606	1.519	0.000
286	-7.606	1.518	0.000
287	-7.606	1.518	0.000
332	-7.606	1.518	0.000
571	-7.606	1.518	0.000
514	-7.606	1.518	0.000
402	-7.606	1.517	0.000
357	-7.606	1.517	0.000
671	-7.606	1.516	0.000
557	-7.606	1.516	0.000
428	-7.605	1.524	0.000
11	-7.605	1.518	0.000
12	-7.605	1.518	0.000
18	-7.605	1.519	0.000
21	-7.605	1.518	0.000
24	-7.605	1.520	0.000
35	-7.605	1.518	0.000
40	-7.605	1.518	0.000
261	-7.605	1.518	0.000
264	-7.605	1.518	0.000
259	-7.605	1.518	0.000
22	-7.605	1.519	0.000
42	-7.605	1.518	0.000
26	-7.605	1.516	0.000
256	-7.605	1.518	0.000
622	-7.605	1.505	0.000
768	-7.604	1.518	0.000
7	-7.604	1.519	0.000
717	-7.604	1.518	0.000
740	-7.604	1.519	0.000
981	-7.604	1.519	0.000
5	-7.604	1.518	0.000
956	-7.604	1.518	0.000
126	-7.603	1.518	0.000
155	-7.603	1.519	0.000
186	-7.603	1.518	0.000
48	-7.603	1.518	0.000
79	-7.603	1.518	0.000
101	-7.603	1.518	0.000
102	-7.603	1.518	0.000
119	-7.603	1.518	0.000
128	-7.603	1.518	0.000
137	-7.603	1.518	0.000
154	-7.603	1.518	0.000
157	-7.603	1.518	0.000
164	-7.603	1.518	0.000
165	-7.603	1.518	0.000
182	-7.603	1.518	0.000
216	-7.603	1.518	0.000
223	-7.603	1.518	0.000
227	-7.603	1.518	0.000
232	-7.603	1.517	0.000
904	-7.603	1.518	0.000
49	-7.603	1.518	0.000
50	-7.603	1.517	0.000
64	-7.603	1.518	0.000
69	-7.603	1.518	0.000
77	-7.603	1.518	0.000
80	-7.603	1.518	0.000
87	-7.603	1.518	0.000
88	-7.603	1.518	0.000
145	-7.603	1.518	0.000
866	-7.603	1.517	0.000
171	-7.603	1.518	0.000
52	-7.603	1.517	0.000
124	-7.603	1.516	0.000
160	-7.603	1.517	0.000
173	-7.603	1.517	0.000
806	-7.602	1.517	0.000
314	-7.464	1.553	0.000
204	-7.455	1.527	0.000
1591	-7.455	1.553	0.000
1536	-7.444	1.523	0.000
1435	-7.435	1.594	0.000
25	-7.353	2.159	0.000
840	-7.347	2.161	0.000
344	-7.297	2.295	0.000
67	-7.089	2.516	0.000
58	-7.089	2.516	0.000
73	-7.089	2.516	0.000
76	-7.089	2.516	0.000
81	-7.089	2.516	0.000
579	-7.083	2.515	0.000
433	-7.083	2.516	0.000
329	-7.082	2.515	0.000
340	-7.082	2.516	0.000
299	-7.082	2.516	0.000
240	-7.077	2.516	0.000
753	-7.077	2.516	0.000
86	-7.060	2.501	0.000
829	-7.060	2.501	0.000
315	-7.052	2.501	0.000
472	-7.052	2.501	0.000
688	-7.052	2.501	0.000
320	-7.052	2.501	0.000
704	-7.052	2.501	0.000
275	-7.051	2.501	0.000
328	-7.051	2.501	0.000
335	-7.051	2.501	0.000
441	-7.051	2.501	0.000
442	-7.051	2.501	0.000
452	-7.051	2.501	0.000
241	-7.047	2.501	0.000
814	-7.026	2.545	0.000
846	-6.536	3.147	0.000
929	-6.536	3.147	0.000
564	-6.529	3.147	0.000
371	-6.528	3.147	0.000
464	-6.527	3.147	0.000
641	-6.527	3.147	0.000
657	-6.527	3.147	0.000
253	-6.526	3.147	0.000
748	-6.526	3.147	0.000
773	-6.526	3.147	0.000
957	-6.526	3.147	0.000
1006	-6.526	3.147	0.000
479	-6.518	3.155	0.000
47	-6.511	3.122	0.000
790	-6.506	3.126	0.000
1407	-6.490	3.139	0.000
835	-6.481	3.154	0.000
899	-6.481	3.152	0.000
380	-6.476	3.151	0.000
710	-6.473	3.152	0.000
999	-6.472	3.152	0.000
968	-6.429	3.125	0.000
859	-6.403	3.132	0.000
100	-6.403	3.132	0.000
123	-6.403	3.132	0.000
133	-6.403	3.132	0.000
136	-6.403	3.132	0.000
167	-6.403	3.132	0.000
172	-6.403	3.132	0.000
190	-6.403	3.132	0.000
192	-6.403	3.132	0.000
193	-6.403	3.132	0.000
214	-6.403	3.132	0.000
225	-6.403	3.132	0.000
228	-6.403	3.131	0.000
923	-6.403	3.136	0.000
57	-6.403	3.132	0.000
62	-6.403	3.132	0.000
861	-6.403	3.133	0.000
873	-6.403	3.133	0.000
884	-6.403	3.133	0.000
908	-6.403	3.133	0.000
931	-6.403	3.133	0.000
945	-6.403	3.130	0.000
89	-6.402	3.139	0.000
792	-6.398	3.133	0.000
805	-6.398	3.133	0.000
810	-6.398	3.133	0.000
817	-6.398	3.133	0.000
296	-6.396	3.134	0.000
306	-6.396	3.134	0.000
501	-6.396	3.135	0.000
628	-6.396	3.136	0.000
642	-6.396	3.135	0.000
679	-6.396	3.131	0.000
416	-6.395	3.134	0.000
439	-6.395	3.134	0.000
544	-6.395	3.134	0.000
552	-6.395	3.134	0.000
584	-6.395	3.134	0.000
586	-6.395	3.134	0.000
589	-6.395	3.134	0.000
591	-6.395	3.134	0.000
282	-6.395	3.133	0.000
355	-6.395	3.134	0.000
369	-6.395	3.134	0.000
379	-6.395	3.134	0.000
393	-6.395	3.134	0.000
396	-6.395	3.133	0.000
407	-6.395	3.134	0.000
426	-6.395	3.136	0.000
342	-6.395	3.137	0.000
37	-6.394	3.133	0.000
44	-6.394	3.134	0.000
260	-6.391	3.135	0.000
721	-6.390	3.134	0.000
764	-6.390	3.134	0.000
789	-6.390	3.134	0.000
987	-6.390	3.134	0.000
1014	-6.390	3.134	0.000
1051	-6.390	3.134	0.000
3	-6.389	3.134	0.000
1008	-6.389	3.137	0.000
1494	-6.297	3.152	0.000
1509	-6.297	3.146	0.000
1549	-6.297	3.145	0.000
1565	-6.297	3.145	0.000
1598	-6.297	3.145	0.000
1432	-6.292	3.145	0.000
1449	-6.292	3.146	0.000
229	-6.283	3.152	0.000
1559	-6.283	3.245	0.000
871	-6.281	3.155	0.000
872	-6.281	3.154	0.000
179	-6.281	3.154	0.000
949	-6.281	3.154	0.000
819	-6.279	3.153	0.000
821	-6.279	3.153	0.000
801	-6.277	3.153	0.000
496	-6.275	3.157	0.000
661	-6.275	3.159	0.000
595	-6.275	3.152	0.000
576	-6.274	3.156	0.000
360	-6.274	3.155	0.000
246	-6.271	3.155	0.000
958	-6.271	3.155	0.000
1007	-6.271	3.155	0.000
1022	-6.271	3.155	0.000
758	-6.269	3.156	0.000
962	-6.269	3.156	0.000
965	-6.269	3.154	0.000
979	-6.269	3.155	0.000
993	-6.269	3.156	0.000
1046	-6.269	3.156	0.000
719	-6.269	3.154	0.000
1025	-6.269	3.156	0.000
761	-6.269	3.170	0.000
1448	-6.267	3.278	0.000
639	-6.188	2.688	0.000
546	-6.187	2.688	0.000
436	-6.187	2.688	0.000
484	-6.187	2.688	0.000
486	-6.187	2.688	0.000
602	-6.187	2.688	0.000
759	-6.182	2.688	0.000
490	-6.148	3.603	0.000
916	-6.124	2.932	0.000
556	-6.118	3.682	0.000
1542	-5.991	3.250	0.000
1583	-5.949	3.737	0.000
1577	-5.948	3.772	0.000
413	-5.922	3.755	0.000
534	-5.922	3.755	0.000
588	-5.922	3.755	0.000
1421	-5.919	3.966	0.000
366	-5.916	3.754	0.000
139	-5.916	3.753	0.000
143	-5.916	3.753	0.000
176	-5.916	3.753	0.000
675	-5.915	3.755	0.000
321	-5.910	3.754	0.000
316	-5.910	3.754	0.000
770	-5.910	3.754	0.000
1000	-5.910	3.754	0.000
1013	-5.910	3.754	0.000
1038	-5.910	3.754	0.000
816	-5.910	3.754	0.000
27	-5.905	3.754	0.000
1015	-5.882	3.748	0.000
593	-5.729	3.100	0.000
1043	-5.561	2.794	0.000
460	-5.499	3.359	0.000
461	-5.499	3.358	0.000
462	-5.499	3.359	0.000
533	-5.499	3.359	0.000
338	-5.493	3.357	0.000
345	-5.493	3.356	0.000
362	-5.493	3.355	0.000
395	-5.493	3.355	0.000
623	-5.491	3.354	0.000
685	-5.491	3.358	0.000
122	-5.491	3.350	0.000
742	-5.485	3.370	0.000
994	-5.485	3.359	0.000
309	-5.484	3.375	0.000
257	-5.483	3.338	0.000
113	-5.481	3.488	0.000
140	-5.465	3.532	0.000
600	-5.448	3.724	0.000
777	-5.410	3.456	0.000
839	-5.409	3.426	0.000
720	-5.390	3.706	0.000
663	-5.274	3.554	0.000
618	-5.263	3.304	0.000
