1759	-7.111	0.000	0.000
1760	-7.111	0.000	0.000
1763	-7.111	0.000	0.000
1777	-7.007	0.007	0.000
1778	-7.007	0.007	0.000
1779	-7.007	0.007	0.000
1780	-7.007	0.007	0.000
1781	-7.007	0.007	0.000
1723	-7.006	0.007	0.000
1727	-7.006	0.007	0.000
1739	-7.006	0.007	0.000
1793	-7.006	0.007	0.000
1794	-7.006	0.007	0.000
1728	-7.006	0.007	0.000
1729	-7.006	0.007	0.000
1730	-7.006	0.007	0.000
1731	-7.006	0.007	0.000
1732	-7.006	0.007	0.000
1740	-7.006	0.007	0.000
1741	-7.006	0.007	0.000
1742	-7.006	0.007	0.000
1743	-7.006	0.007	0.000
1744	-7.006	0.007	0.000
1745	-7.006	0.007	0.000
1752	-7.006	0.007	0.000
1755	-7.006	0.007	0.000
1802	-7.006	0.007	0.000
1808	-7.006	0.007	0.000
1810	-7.006	0.007	0.000
1814	-7.006	0.007	0.000
1815	-7.006	0.007	0.000
1817	-7.006	0.007	0.000
1820	-7.006	0.007	0.000
1821	-7.006	0.007	0.000
1717	-6.998	0.009	0.000
1718	-6.998	0.009	0.000
1724	-6.993	0.010	0.000
1776	-6.993	0.010	0.000
1784	-6.993	0.010	0.000
1785	-6.993	0.010	0.000
1786	-6.993	0.010	0.000
1787	-6.993	0.010	0.000
1719	-6.987	0.010	0.000
1733	-6.623	2.299	0.000
1734	-6.623	2.299	0.000
1736	-6.623	2.299	0.000
1747	-6.623	2.299	0.000
1748	-6.623	2.299	0.000
1770	-6.623	2.299	0.000
1782	-6.623	2.299	0.000
1783	-6.623	2.299	0.000
1791	-6.623	2.299	0.000
1795	-6.623	2.299	0.000
1796	-6.623	2.299	0.000
1797	-6.623	2.299	0.000
1798	-6.623	2.299	0.000
1799	-6.623	2.299	0.000
1800	-6.623	2.299	0.000
1827	-6.623	2.299	0.000
1828	-6.623	2.299	0.000
1829	-6.623	2.299	0.000
1830	-6.623	2.299	0.000
1831	-6.623	2.299	0.000
1833	-6.623	2.299	0.000
1813	-6.364	1.807	0.000
1789	-6.364	1.808	0.000
1790	-6.364	1.808	0.000
1746	-6.358	1.706	0.000
1735	-6.356	1.709	0.000
1771	-6.356	1.709	0.000
1773	-6.356	1.709	0.000
1774	-6.356	1.709	0.000
1834	-6.356	1.709	0.000
1722	-6.345	1.801	0.000
1756	-6.156	2.282	0.000
1757	-6.156	2.282	0.000
1758	-6.156	2.282	0.000
1761	-6.156	2.282	0.000
1762	-6.156	2.282	0.000
1764	-6.156	2.282	0.000
1766	-6.155	2.282	0.000
1767	-6.155	2.282	0.000
1768	-6.155	2.282	0.000
1769	-6.155	2.282	0.000
1825	-6.155	2.282	0.000
1826	-6.155	2.282	0.000
1721	-6.128	2.298	0.000
1753	-6.029	1.643	0.000
1754	-6.029	1.643	0.000
1801	-6.029	1.642	0.000
1818	-6.029	1.643	0.000
1772	-6.025	1.643	0.000
1775	-6.025	1.643	0.000
1804	-6.025	1.643	0.000
1805	-6.025	1.643	0.000
1832	-6.025	1.643	0.000
1725	-5.957	2.148	0.000
1726	-5.957	2.148	0.000
1737	-5.957	2.148	0.000
1738	-5.957	2.148	0.000
1749	-5.957	2.148	0.000
1750	-5.957	2.148	0.000
1751	-5.957	2.148	0.000
1765	-5.957	2.148	0.000
1788	-5.957	2.148	0.000
1792	-5.957	2.148	0.000
1806	-5.957	2.148	0.000
1807	-5.957	2.148	0.000
1816	-5.957	2.148	0.000
1819	-5.957	2.148	0.000
1822	-5.957	2.148	0.000
1823	-5.957	2.148	0.000
1824	-5.957	2.148	0.000
1715	-5.954	2.147	0.000
1716	-5.954	2.147	0.000
1720	-5.954	2.147	0.000
1803	-5.931	2.141	0.000
1809	-5.931	2.141	0.000
1811	-5.931	2.142	0.000
1812	-5.931	2.141	0.000
