1339	-4.469	0.000	0.000
1360	-4.431	0.004	0.000
1365	-4.431	0.004	0.000
1385	-4.431	0.004	0.000
1391	-4.431	0.004	0.000
1400	-4.431	0.004	0.000
1401	-4.431	0.004	0.000
1404	-4.431	0.004	0.000
1421	-4.431	0.004	0.000
1422	-4.431	0.004	0.000
1423	-4.431	0.004	0.000
1424	-4.431	0.004	0.000
1425	-4.431	0.004	0.000
1440	-4.431	0.004	0.000
1456	-4.431	0.004	0.000
1457	-4.431	0.004	0.000
1463	-4.431	0.004	0.000
1464	-4.431	0.004	0.000
1465	-4.431	0.004	0.000
1466	-4.431	0.004	0.000
1470	-4.431	0.004	0.000
1471	-4.431	0.004	0.000
1311	-4.404	0.005	0.000
1314	-4.404	0.005	0.000
1316	-4.404	0.005	0.000
1546	-4.404	0.005	0.000
1171	-4.402	0.007	0.000
1172	-4.402	0.007	0.000
1173	-4.402	0.007	0.000
1174	-4.402	0.007	0.000
1175	-4.402	0.007	0.000
1176	-4.402	0.007	0.000
1177	-4.402	0.007	0.000
1178	-4.402	0.007	0.000
1179	-4.402	0.007	0.000
1203	-4.402	0.007	0.000
1218	-4.402	0.007	0.000
1243	-4.402	0.007	0.000
1244	-4.402	0.007	0.000
1245	-4.402	0.007	0.000
1246	-4.402	0.007	0.000
1247	-4.402	0.007	0.000
1248	-4.402	0.007	0.000
1250	-4.402	0.007	0.000
1251	-4.402	0.007	0.000
1263	-4.402	0.007	0.000
1264	-4.402	0.007	0.000
1265	-4.402	0.007	0.000
1266	-4.402	0.007	0.000
1267	-4.402	0.007	0.000
1268	-4.402	0.007	0.000
1269	-4.402	0.007	0.000
1270	-4.402	0.007	0.000
1281	-4.402	0.007	0.000
1282	-4.402	0.007	0.000
1283	-4.402	0.007	0.000
1284	-4.402	0.007	0.000
1285	-4.402	0.007	0.000
1286	-4.402	0.007	0.000
1287	-4.402	0.007	0.000
1288	-4.402	0.007	0.000
1289	-4.402	0.007	0.000
1478	-4.402	0.007	0.000
1480	-4.402	0.007	0.000
1481	-4.402	0.007	0.000
1482	-4.402	0.007	0.000
1483	-4.402	0.007	0.000
1484	-4.402	0.007	0.000
1487	-4.402	0.007	0.000
1488	-4.402	0.007	0.000
1489	-4.402	0.007	0.000
1490	-4.402	0.007	0.000
1491	-4.402	0.007	0.000
1346	-3.987	2.571	0.000
1347	-3.987	2.571	0.000
1348	-3.987	2.571	0.000
1349	-3.987	2.571	0.000
1350	-3.987	2.571	0.000
1351	-3.987	2.571	0.000
1352	-3.987	2.571	0.000
1353	-3.987	2.571	0.000
1354	-3.987	2.571	0.000
1355	-3.987	2.571	0.000
1356	-3.987	2.571	0.000
1357	-3.987	2.571	0.000
1358	-3.987	2.571	0.000
1362	-3.987	2.571	0.000
1363	-3.987	2.571	0.000
1364	-3.987	2.571	0.000
1366	-3.987	2.571	0.000
1367	-3.987	2.571	0.000
1368	-3.987	2.571	0.000
1370	-3.987	2.571	0.000
1371	-3.987	2.571	0.000
1372	-3.987	2.571	0.000
1373	-3.987	2.571	0.000
1374	-3.987	2.571	0.000
1375	-3.987	2.571	0.000
1376	-3.987	2.571	0.000
1392	-3.987	2.571	0.000
1393	-3.987	2.571	0.000
1394	-3.987	2.571	0.000
1395	-3.987	2.571	0.000
1396	-3.987	2.571	0.000
1397	-3.987	2.571	0.000
1398	-3.987	2.571	0.000
1406	-3.987	2.571	0.000
1407	-3.987	2.571	0.000
1411	-3.987	2.571	0.000
1417	-3.987	2.571	0.000
1419	-3.987	2.571	0.000
1428	-3.987	2.571	0.000
1430	-3.987	2.571	0.000
1431	-3.987	2.571	0.000
1432	-3.987	2.571	0.000
1433	-3.987	2.571	0.000
1434	-3.987	2.571	0.000
1435	-3.987	2.571	0.000
1437	-3.987	2.571	0.000
1438	-3.987	2.571	0.000
1439	-3.987	2.571	0.000
1441	-3.987	2.571	0.000
1442	-3.987	2.571	0.000
1443	-3.987	2.571	0.000
1444	-3.987	2.571	0.000
1445	-3.987	2.571	0.000
1446	-3.987	2.571	0.000
1447	-3.987	2.571	0.000
1448	-3.987	2.571	0.000
1449	-3.987	2.571	0.000
1467	-3.987	2.571	0.000
1468	-3.987	2.571	0.000
1469	-3.987	2.571	0.000
1472	-3.987	2.571	0.000
1306	-3.964	2.574	0.000
1313	-3.964	2.574	0.000
1315	-3.964	2.574	0.000
1317	-3.964	2.574	0.000
1318	-3.964	2.574	0.000
1319	-3.964	2.574	0.000
1320	-3.964	2.574	0.000
1321	-3.964	2.574	0.000
1330	-3.964	2.574	0.000
1331	-3.964	2.574	0.000
1332	-3.964	2.574	0.000
1333	-3.964	2.574	0.000
1334	-3.964	2.574	0.000
1335	-3.964	2.574	0.000
1337	-3.964	2.574	0.000
1338	-3.964	2.574	0.000
1535	-3.964	2.574	0.000
1536	-3.964	2.574	0.000
1541	-3.964	2.574	0.000
1542	-3.964	2.574	0.000
1543	-3.964	2.574	0.000
1544	-3.964	2.574	0.000
1545	-3.964	2.574	0.000
1547	-3.964	2.574	0.000
1548	-3.964	2.574	0.000
1549	-3.964	2.574	0.000
1550	-3.964	2.574	0.000
975	-3.954	2.579	0.000
976	-3.954	2.579	0.000
977	-3.954	2.579	0.000
1062	-3.954	2.579	0.000
1063	-3.954	2.579	0.000
1081	-3.954	2.579	0.000
1082	-3.954	2.579	0.000
1083	-3.954	2.579	0.000
885	-3.948	2.577	0.000
970	-3.948	2.577	0.000
971	-3.948	2.577	0.000
972	-3.948	2.577	0.000
973	-3.948	2.577	0.000
974	-3.948	2.577	0.000
1033	-3.948	2.578	0.000
1034	-3.948	2.578	0.000
1061	-3.948	2.578	0.000
1184	-3.948	2.578	0.000
1185	-3.948	2.578	0.000
1186	-3.948	2.578	0.000
1187	-3.948	2.577	0.000
1199	-3.948	2.578	0.000
1209	-3.948	2.578	0.000
1210	-3.948	2.578	0.000
1219	-3.948	2.578	0.000
1223	-3.948	2.578	0.000
1224	-3.948	2.578	0.000
1233	-3.947	2.578	0.000
1234	-3.947	2.578	0.000
1235	-3.947	2.578	0.000
1241	-3.947	2.578	0.000
1242	-3.947	2.578	0.000
1249	-3.947	2.578	0.000
1271	-3.947	2.578	0.000
1273	-3.947	2.578	0.000
1274	-3.947	2.578	0.000
1275	-3.947	2.578	0.000
1276	-3.947	2.578	0.000
1280	-3.947	2.578	0.000
1290	-3.947	2.578	0.000
1291	-3.947	2.578	0.000
1292	-3.947	2.578	0.000
1293	-3.947	2.578	0.000
1294	-3.947	2.578	0.000
1295	-3.947	2.578	0.000
1296	-3.947	2.578	0.000
1297	-3.947	2.578	0.000
1298	-3.947	2.578	0.000
1301	-3.947	2.578	0.000
1302	-3.947	2.578	0.000
1303	-3.947	2.578	0.000
1304	-3.947	2.578	0.000
1474	-3.947	2.578	0.000
1476	-3.947	2.578	0.000
1479	-3.947	2.578	0.000
1485	-3.947	2.578	0.000
1486	-3.947	2.578	0.000
1502	-3.945	2.577	0.000
1503	-3.945	2.577	0.000
1504	-3.945	2.577	0.000
1516	-3.945	2.577	0.000
1517	-3.945	2.577	0.000
