1348	-6.259	0.000	0.000
1370	-6.259	0.001	0.000
1376	-6.259	0.001	0.000
1230	-6.257	0.001	0.000
1240	-6.257	0.001	0.000
1241	-6.257	0.001	0.000
1267	-6.257	0.001	0.000
1269	-6.257	0.001	0.000
1271	-6.257	0.001	0.000
1308	-6.257	0.001	0.000
1395	-6.256	0.001	0.000
1397	-6.256	0.001	0.000
1432	-6.256	0.001	0.000
1443	-6.256	0.001	0.000
1452	-6.256	0.001	0.000
1455	-6.256	0.001	0.000
1473	-6.256	0.001	0.000
1482	-6.256	0.001	0.000
1538	-6.254	0.002	0.000
1505	-6.253	0.003	0.000
1518	-6.253	0.003	0.000
1519	-6.253	0.002	0.000
1535	-6.253	0.002	0.000
1544	-6.253	0.003	0.000
1351	-6.183	0.059	0.000
1352	-6.183	0.059	0.000
1330	-6.181	0.058	0.000
1420	-6.180	0.060	0.000
1454	-6.180	0.060	0.000
1466	-6.180	0.060	0.000
1492	-6.180	0.060	0.000
1509	-6.176	0.062	0.000
1525	-6.176	0.062	0.000
1354	-6.052	1.770	0.000
1364	-6.052	1.770	0.000
1380	-6.052	1.770	0.000
1277	-6.050	1.770	0.000
1205	-6.049	1.770	0.000
1236	-6.049	1.770	0.000
1246	-6.049	1.770	0.000
1253	-6.049	1.770	0.000
1312	-6.049	1.770	0.000
1320	-6.049	1.770	0.000
1324	-6.049	1.770	0.000
1400	-6.049	1.770	0.000
1438	-6.049	1.770	0.000
1462	-6.049	1.770	0.000
1439	-6.049	1.770	0.000
1445	-6.049	1.770	0.000
1542	-6.046	1.770	0.000
1389	-6.045	1.770	0.000
1355	-5.954	1.767	0.000
1386	-5.954	1.767	0.000
1193	-5.951	1.766	0.000
1194	-5.951	1.766	0.000
1212	-5.951	1.766	0.000
1213	-5.951	1.766	0.000
1272	-5.951	1.766	0.000
1278	-5.951	1.766	0.000
1299	-5.951	1.766	0.000
1328	-5.951	1.766	0.000
1329	-5.951	1.766	0.000
1331	-5.951	1.766	0.000
1404	-5.951	1.767	0.000
1411	-5.951	1.767	0.000
1446	-5.951	1.767	0.000
1447	-5.951	1.767	0.000
1449	-5.951	1.767	0.000
1458	-5.951	1.767	0.000
1474	-5.951	1.767	0.000
1479	-5.951	1.767	0.000
1513	-5.946	1.766	0.000
1522	-5.946	1.766	0.000
1541	-5.946	1.766	0.000
1496	-5.946	1.766	0.000
1506	-5.946	1.766	0.000
1258	-5.945	3.099	0.000
1280	-5.945	3.099	0.000
1294	-5.945	3.099	0.000
1349	-5.945	3.099	0.000
1356	-5.945	3.099	0.000
1366	-5.945	3.099	0.000
1367	-5.945	3.099	0.000
1396	-5.945	3.099	0.000
1431	-5.945	3.099	0.000
1440	-5.945	3.099	0.000
1478	-5.945	3.099	0.000
1487	-5.945	3.099	0.000
1491	-5.945	3.099	0.000
1187	-5.943	1.766	0.000
1190	-5.943	1.766	0.000
1387	-5.943	1.766	0.000
1388	-5.943	1.766	0.000
1511	-5.943	3.099	0.000
1503	-5.943	3.099	0.000
1529	-5.943	3.099	0.000
1533	-5.943	3.099	0.000
1476	-5.930	1.766	0.000
1537	-5.925	1.766	0.000
1383	-5.871	3.111	0.000
1384	-5.871	3.111	0.000
1259	-5.870	3.111	0.000
1286	-5.870	3.111	0.000
1295	-5.870	3.111	0.000
1297	-5.870	3.111	0.000
1305	-5.870	3.111	0.000
1314	-5.870	3.111	0.000
1336	-5.870	3.111	0.000
1394	-5.870	3.111	0.000
1399	-5.870	3.111	0.000
1417	-5.870	3.111	0.000
1423	-5.870	3.111	0.000
1424	-5.870	3.111	0.000
1434	-5.870	3.111	0.000
1436	-5.870	3.111	0.000
1448	-5.870	3.111	0.000
1457	-5.870	3.111	0.000
1461	-5.870	3.111	0.000
1484	-5.870	3.111	0.000
1527	-5.868	3.112	0.000
1545	-5.868	3.112	0.000
1494	-5.867	3.112	0.000
1501	-5.867	3.112	0.000
1392	-5.865	3.112	0.000
1341	-5.727	3.165	0.000
1427	-5.685	2.493	0.000
1453	-5.685	2.493	0.000
1515	-5.684	2.495	0.000
1360	-5.636	2.212	0.000
1232	-5.635	2.213	0.000
1248	-5.635	2.213	0.000
1298	-5.635	2.213	0.000
1315	-5.635	2.213	0.000
1407	-5.634	2.214	0.000
1408	-5.634	2.214	0.000
1410	-5.634	2.214	0.000
1485	-5.634	2.214	0.000
1510	-5.631	2.216	0.000
1275	-5.608	2.229	0.000
1339	-5.608	2.229	0.000
1412	-5.607	2.230	0.000
1435	-5.607	2.230	0.000
1444	-5.607	2.230	0.000
1362	-5.569	1.750	0.000
1414	-5.569	1.750	0.000
1229	-5.567	1.750	0.000
1325	-5.567	1.750	0.000
1342	-5.558	1.750	0.000
1361	-5.558	1.750	0.000
1371	-5.558	1.750	0.000
1379	-5.558	1.750	0.000
1450	-5.558	1.749	0.000
1451	-5.558	1.749	0.000
1463	-5.558	1.749	0.000
1495	-5.557	1.749	0.000
1530	-5.557	1.749	0.000
1220	-5.556	1.749	0.000
1257	-5.556	1.749	0.000
1302	-5.556	1.749	0.000
1318	-5.556	1.749	0.000
1326	-5.556	1.749	0.000
1471	-5.551	1.749	0.000
1499	-5.550	1.749	0.000
1385	-5.531	2.245	0.000
1274	-5.520	2.242	0.000
1282	-5.520	2.242	0.000
1500	-5.516	2.243	0.000
1357	-5.401	3.105	0.000
1488	-5.401	3.105	0.000
1489	-5.401	3.105	0.000
1475	-5.401	3.105	0.000
1504	-5.400	3.105	0.000
1521	-5.400	3.105	0.000
1338	-5.400	3.105	0.000
1508	-5.310	3.340	0.000
1377	-5.283	3.439	0.000
