174	-8.710	0.000	3.012
488	-8.641	0.036	3.008
637	-8.641	0.036	3.111
992	-8.641	0.036	10.131
221	-8.627	0.047	3.101
224	-8.627	0.047	3.101
232	-8.627	0.047	3.101
233	-8.627	0.047	3.100
240	-8.627	0.047	3.100
245	-8.627	0.047	3.100
246	-8.627	0.047	3.100
178	-8.625	0.047	10.153
180	-8.625	0.047	4.960
181	-8.625	0.047	4.960
206	-8.625	0.047	4.960
207	-8.625	0.047	4.961
209	-8.625	0.047	4.961
70	-8.609	0.039	4.960
75	-8.609	0.039	4.960
77	-8.609	0.039	4.961
80	-8.609	0.039	4.956
81	-8.609	0.039	4.956
85	-8.609	0.039	4.956
87	-8.609	0.039	4.956
92	-8.609	0.039	4.956
93	-8.609	0.039	4.956
104	-8.609	0.039	4.956
116	-8.609	0.039	4.956
125	-8.609	0.039	4.956
129	-8.609	0.039	4.956
133	-8.609	0.039	4.112
134	-8.609	0.039	4.112
138	-8.609	0.039	4.108
146	-8.609	0.039	4.108
157	-8.609	0.039	4.374
161	-8.609	0.039	4.374
162	-8.609	0.039	4.376
163	-8.609	0.039	4.106
173	-8.609	0.039	4.374
9	-8.608	0.039	4.370
17	-8.608	0.039	4.370
19	-8.608	0.039	1.643
28	-8.608	0.039	1.643
30	-8.608	0.039	1.643
36	-8.608	0.039	1.643
43	-8.608	0.039	1.674
44	-8.608	0.039	11.637
55	-8.608	0.039	11.657
294	-8.600	0.040	2.722
307	-8.600	0.040	2.728
351	-8.600	0.040	2.728
352	-8.600	0.040	9.077
362	-8.600	0.040	13.797
368	-8.600	0.040	2.983
369	-8.600	0.040	6.259
370	-8.600	0.040	6.257
373	-8.600	0.040	6.257
374	-8.600	0.040	6.257
379	-8.600	0.040	6.257
382	-8.600	0.040	6.252
386	-8.600	0.040	6.249
387	-8.600	0.040	6.263
388	-8.600	0.040	6.261
411	-8.600	0.040	6.261
419	-8.600	0.040	6.194
434	-8.600	0.040	5.159
440	-8.600	0.040	5.160
448	-8.600	0.040	5.158
460	-8.600	0.040	5.158
584	-8.600	0.040	5.158
598	-8.600	0.040	5.158
608	-8.600	0.040	5.158
609	-8.600	0.040	5.158
611	-8.600	0.040	5.157
612	-8.600	0.040	5.157
643	-8.600	0.040	5.156
659	-8.600	0.040	5.157
660	-8.600	0.040	10.643
662	-8.600	0.040	5.162
663	-8.600	0.040	5.162
668	-8.600	0.040	5.162
672	-8.600	0.040	5.162
681	-8.600	0.040	5.162
691	-8.600	0.040	5.162
693	-8.600	0.040	5.162
696	-8.600	0.040	5.162
698	-8.600	0.040	5.158
703	-8.600	0.040	3.570
706	-8.600	0.040	3.570
709	-8.600	0.040	8.195
712	-8.600	0.040	8.196
715	-8.600	0.040	7.917
719	-8.600	0.040	9.786
993	-8.600	0.040	8.230
995	-8.600	0.040	9.999
1001	-8.600	0.040	7.781
1004	-8.600	0.040	9.988
1007	-8.600	0.040	7.797
1011	-8.600	0.040	7.798
1014	-8.600	0.040	7.580
1015	-8.600	0.040	7.797
1018	-8.600	0.040	7.945
1028	-8.600	0.040	7.799
1035	-8.600	0.040	7.364
1037	-8.600	0.040	7.364
1047	-8.600	0.040	7.365
1050	-8.600	0.040	7.364
1063	-8.600	0.040	7.369
1066	-8.600	0.040	7.369
1067	-8.600	0.040	7.369
1073	-8.600	0.040	3.461
1088	-8.600	0.040	7.975
1090	-8.600	0.040	7.976
1115	-8.600	0.040	9.682
1127	-8.600	0.040	8.035
1131	-8.600	0.040	5.536
1134	-8.600	0.040	8.124
1141	-8.600	0.040	8.133
1150	-8.600	0.040	8.312
1156	-8.600	0.040	9.068
1162	-8.600	0.040	13.149
1173	-8.600	0.040	13.630
1224	-8.600	0.040	13.503
467	-8.599	0.040	4.350
482	-8.599	0.040	6.225
484	-8.599	0.040	6.219
508	-8.599	0.040	9.538
517	-8.599	0.040	9.533
530	-8.599	0.040	9.533
534	-8.599	0.040	9.836
542	-8.599	0.040	9.835
550	-8.599	0.040	9.836
554	-8.599	0.040	9.890
557	-8.599	0.040	11.065
558	-8.599	0.040	10.322
559	-8.599	0.040	10.652
566	-8.599	0.040	10.481
573	-8.599	0.040	10.482
625	-8.599	0.040	10.485
628	-8.599	0.040	0.001
634	-8.599	0.040	0.001
730	-8.599	0.040	0.001
733	-8.599	0.040	0.001
734	-8.599	0.040	0.001
740	-8.599	0.040	0.001
756	-8.599	0.040	0.001
771	-8.599	0.040	0.001
785	-8.599	0.040	0.001
792	-8.599	0.040	0.001
796	-8.599	0.040	0.001
799	-8.599	0.040	0.001
801	-8.599	0.040	0.001
806	-8.599	0.040	0.001
807	-8.599	0.040	0.000
809	-8.599	0.040	0.000
812	-8.599	0.040	0.000
815	-8.599	0.040	0.000
817	-8.599	0.040	10.493
821	-8.599	0.040	10.491
825	-8.599	0.040	3.272
831	-8.599	0.040	3.272
837	-8.599	0.040	0.023
846	-8.599	0.040	3.273
850	-8.599	0.040	3.274
854	-8.599	0.040	3.274
856	-8.599	0.040	3.274
861	-8.599	0.040	2.404
868	-8.599	0.040	3.016
872	-8.599	0.040	3.012
875	-8.599	0.040	3.110
903	-8.599	0.040	10.132
913	-8.599	0.040	10.131
915	-8.599	0.040	3.101
916	-8.599	0.040	3.101
921	-8.599	0.040	3.101
925	-8.599	0.040	3.100
938	-8.599	0.040	3.100
939	-8.599	0.040	3.100
941	-8.599	0.040	3.100
945	-8.599	0.040	10.153
953	-8.599	0.040	4.960
960	-8.599	0.040	4.960
969	-8.599	0.040	4.960
980	-8.599	0.040	4.961
981	-8.599	0.040	4.961
983	-8.599	0.040	4.960
2	-8.598	0.040	4.960
250	-8.598	0.040	4.961
253	-8.598	0.040	4.956
260	-8.598	0.040	4.956
264	-8.598	0.040	4.956
273	-8.598	0.040	4.956
274	-8.598	0.040	4.956
276	-8.598	0.040	4.956
280	-8.598	0.040	4.956
291	-8.598	0.040	4.956
500	-8.598	0.040	4.956
1223	-8.340	0.068	4.956
582	-7.664	3.902	2.403
228	-7.664	3.903	3.015
589	-7.664	3.902	3.012
640	-7.664	3.902	10.133
69	-7.664	3.902	10.132
79	-7.664	3.902	10.131
117	-7.664	3.902	3.101
123	-7.664	3.902	3.101
128	-7.664	3.902	3.101
132	-7.664	3.902	3.100
151	-7.664	3.902	3.100
166	-7.664	3.902	3.100
349	-7.664	3.902	3.100
389	-7.664	3.902	10.088
398	-7.664	3.902	4.960
446	-7.664	3.902	4.960
458	-7.664	3.902	4.960
21	-7.663	3.902	4.961
39	-7.663	3.902	4.961
40	-7.663	3.902	4.960
48	-7.663	3.902	4.960
53	-7.663	3.902	4.961
185	-7.663	3.902	4.956
187	-7.663	3.902	4.956
299	-7.663	3.902	4.956
324	-7.663	3.902	4.956
326	-7.663	3.902	4.956
522	-7.663	3.902	4.956
917	-7.663	3.902	4.956
285	-7.662	3.902	4.956
766	-7.662	3.902	4.956
767	-7.662	3.902	4.956
826	-7.662	3.902	4.112
1231	-7.661	3.902	4.112
420	-7.661	3.898	10.580
840	-7.655	3.882	4.108
84	-7.587	2.702	6.263
96	-7.587	2.702	6.261
100	-7.587	2.702	6.261
110	-7.587	2.702	10.438
118	-7.587	2.702	5.160
137	-7.587	2.702	5.160
140	-7.587	2.702	5.158
141	-7.587	2.702	5.158
214	-7.586	2.702	5.158
230	-7.586	2.702	5.158
504	-7.585	2.702	5.158
252	-7.584	2.702	5.156
255	-7.584	2.702	5.157
256	-7.584	2.702	5.156
266	-7.584	2.702	5.156
267	-7.584	2.702	5.157
290	-7.584	2.702	5.162
296	-7.584	2.702	5.162
317	-7.584	2.702	5.162
320	-7.584	2.702	5.162
346	-7.584	2.702	5.162
350	-7.584	2.702	5.162
356	-7.584	2.702	5.162
357	-7.584	2.702	5.162
415	-7.584	2.702	5.162
437	-7.584	2.702	5.158
453	-7.584	2.702	3.570
455	-7.584	2.702	7.356
483	-7.584	2.702	8.195
527	-7.584	2.702	8.196
540	-7.584	2.702	7.914
541	-7.584	2.702	7.919
546	-7.584	2.702	8.231
562	-7.584	2.702	9.119
772	-7.584	2.702	7.781
774	-7.584	2.702	7.370
931	-7.584	2.702	3.465
957	-7.584	2.702	7.798
984	-7.584	2.702	3.464
494	-7.583	2.702	7.945
614	-7.583	2.702	7.945
677	-7.583	2.702	7.946
686	-7.583	2.702	7.364
718	-7.583	2.702	7.364
720	-7.583	2.702	7.365
836	-7.582	2.703	7.364
699	-7.581	2.702	7.369
700	-7.574	3.876	7.369
1182	-7.553	3.925	7.369
168	-7.551	3.923	3.461
1355	-7.530	3.928	7.976
1357	-7.530	3.928	7.977
1412	-7.530	3.928	8.647
1418	-7.530	3.929	8.035
624	-7.509	3.690	8.255
342	-7.475	3.827	0.001
727	-7.395	3.611	3.100
869	-7.369	2.712	4.956
179	-7.350	2.272	4.956
182	-7.350	2.272	4.956
189	-7.350	2.272	4.956
190	-7.350	2.272	4.956
198	-7.350	2.272	4.956
202	-7.350	2.272	4.956
208	-7.350	2.272	4.956
212	-7.350	2.272	4.956
216	-7.350	2.272	4.956
234	-7.350	2.271	4.112
4	-7.343	2.272	4.106
7	-7.343	2.273	10.580
14	-7.343	2.272	4.108
24	-7.343	2.272	4.374
26	-7.343	2.272	4.374
37	-7.343	2.272	4.376
42	-7.343	2.272	4.106
72	-7.343	2.272	4.376
78	-7.343	2.272	4.370
82	-7.343	2.272	1.643
83	-7.343	2.272	1.643
94	-7.343	2.272	1.643
105	-7.343	2.272	1.643
139	-7.343	2.273	1.643
142	-7.343	2.272	1.674
297	-7.338	2.273	11.657
303	-7.338	2.273	2.725
304	-7.338	2.273	2.722
305	-7.338	2.273	2.728
312	-7.338	2.273	2.752
333	-7.338	2.273	9.077
341	-7.338	2.273	13.797
347	-7.338	2.273	6.259
355	-7.338	2.273	6.257
358	-7.338	2.273	6.257
364	-7.338	2.273	6.257
381	-7.338	2.273	6.257
383	-7.338	2.274	6.252
410	-7.338	2.273	6.252
427	-7.338	2.273	6.263
435	-7.338	2.273	6.263
439	-7.338	2.273	6.261
457	-7.338	2.273	13.807
476	-7.338	2.274	10.633
491	-7.338	2.273	5.159
512	-7.338	2.274	5.160
515	-7.338	2.274	5.158
519	-7.338	2.274	5.158
523	-7.338	2.274	5.158
536	-7.338	2.274	5.158
603	-7.338	2.274	5.158
636	-7.338	2.274	5.156
723	-7.338	2.273	5.158
823	-7.338	2.274	5.156
838	-7.338	2.274	5.156
841	-7.338	2.274	5.157
885	-7.338	2.274	5.162
899	-7.338	2.274	5.162
955	-7.338	2.274	5.162
1108	-7.338	2.273	5.162
249	-7.338	2.274	5.162
258	-7.338	2.274	5.162
272	-7.338	2.274	5.162
277	-7.338	2.274	5.162
279	-7.338	2.274	5.145
286	-7.338	2.274	5.158
760	-7.337	2.274	3.570
227	-7.312	2.807	7.356
237	-7.312	2.807	8.195
183	-7.311	2.807	8.196
193	-7.311	2.807	7.914
199	-7.311	2.807	9.678
201	-7.311	2.807	8.231
27	-7.310	2.808	7.781
31	-7.310	2.808	7.781
35	-7.310	2.808	7.370
41	-7.310	2.808	3.465
65	-7.310	2.808	7.797
99	-7.310	2.808	3.464
109	-7.310	2.808	7.946
111	-7.310	2.808	3.466
121	-7.310	2.808	7.946
156	-7.310	2.808	7.364
295	-7.308	2.809	7.364
322	-7.308	2.809	7.365
330	-7.308	2.809	7.364
407	-7.308	2.809	7.369
428	-7.308	2.809	7.369
600	-7.308	2.809	7.369
950	-7.308	2.809	9.921
268	-7.307	2.810	7.976
283	-7.307	2.810	7.977
288	-7.307	2.810	8.648
25	-7.047	3.098	11.038
175	-7.045	3.098	11.038
188	-6.916	2.719	11.038
197	-6.916	2.719	11.038
226	-6.915	2.719	11.817
56	-6.914	2.720	11.817
119	-6.914	2.720	11.817
120	-6.914	2.720	11.817
126	-6.914	2.720	11.817
135	-6.914	2.720	11.817
830	-6.913	2.720	11.817
800	-6.913	2.720	11.817
463	-6.912	2.720	11.817
469	-6.912	2.720	11.816
474	-6.912	2.720	11.816
475	-6.912	2.720	11.816
487	-6.912	2.720	11.816
505	-6.912	2.720	11.816
533	-6.912	2.720	11.816
900	-6.912	2.720	11.816
466	-6.911	2.720	11.816
251	-6.911	2.720	11.816
254	-6.911	2.720	3.571
259	-6.911	2.720	11.699
265	-6.911	2.720	11.699
281	-6.911	2.720	10.592
282	-6.911	2.720	11.702
495	-6.911	2.720	11.734
610	-6.911	2.720	11.734
639	-6.911	2.720	11.734
714	-6.911	2.720	11.703
721	-6.911	2.720	11.733
722	-6.911	2.720	11.733
743	-6.911	2.720	10.596
306	-6.910	2.720	10.596
318	-6.910	2.720	10.596
334	-6.910	2.720	10.596
335	-6.910	2.720	10.596
337	-6.910	2.720	10.602
365	-6.910	2.720	15.823
366	-6.910	2.720	10.273
385	-6.910	2.720	10.273
391	-6.910	2.720	10.272
408	-6.910	2.720	10.272
413	-6.910	2.720	10.395
417	-6.910	2.720	20.201
438	-6.910	2.720	10.211
441	-6.910	2.720	10.213
452	-6.910	2.720	10.213
1051	-6.910	2.720	10.213
218	-6.794	1.581	12.104
220	-6.794	1.581	12.104
225	-6.794	1.581	11.501
231	-6.794	1.581	11.501
239	-6.794	1.581	7.608
184	-6.793	1.581	9.260
204	-6.793	1.581	9.259
213	-6.793	1.581	8.315
38	-6.779	1.582	8.035
47	-6.779	1.582	13.188
49	-6.779	1.582	8.937
51	-6.779	1.582	8.937
61	-6.779	1.582	8.409
76	-6.779	1.582	8.920
86	-6.779	1.582	8.920
88	-6.779	1.582	9.632
89	-6.779	1.582	11.519
95	-6.779	1.582	9.629
143	-6.779	1.582	9.629
145	-6.779	1.582	8.418
148	-6.779	1.582	8.418
150	-6.779	1.582	8.418
155	-6.779	1.582	8.418
159	-6.779	1.582	8.414
167	-6.779	1.582	8.414
1200	-6.775	1.583	8.414
1114	-6.775	1.581	11.525
524	-6.775	1.582	11.526
563	-6.775	1.582	11.526
565	-6.775	1.582	10.438
630	-6.775	1.582	10.367
633	-6.775	1.582	12.962
635	-6.775	1.582	8.990
741	-6.775	1.582	8.991
829	-6.775	1.582	12.898
849	-6.775	1.582	11.629
882	-6.775	1.582	19.641
883	-6.775	1.582	19.649
888	-6.775	1.582	12.636
894	-6.775	1.582	12.900
905	-6.775	1.582	10.966
907	-6.775	1.582	2.114
914	-6.775	1.582	2.114
935	-6.775	1.582	2.115
936	-6.775	1.582	2.073
943	-6.775	1.582	2.073
954	-6.775	1.582	2.072
964	-6.775	1.582	2.060
1002	-6.775	1.583	2.059
590	-6.775	1.582	1.916
591	-6.775	1.582	1.892
597	-6.775	1.582	0.922
602	-6.775	1.582	1.291
644	-6.775	1.582	1.338
645	-6.775	1.582	10.764
666	-6.775	1.582	10.764
687	-6.775	1.582	10.764
690	-6.775	1.582	10.764
702	-6.775	1.582	10.764
710	-6.775	1.582	10.764
711	-6.775	1.582	10.764
1006	-6.775	1.582	10.764
1025	-6.775	1.582	10.764
1065	-6.775	1.582	10.764
1068	-6.775	1.582	10.764
1070	-6.775	1.582	10.764
1078	-6.775	1.582	10.764
1104	-6.775	1.582	10.764
1119	-6.775	1.582	10.764
1129	-6.775	1.582	10.764
1166	-6.775	1.582	10.764
1198	-6.775	1.582	10.764
1206	-6.775	1.582	10.764
904	-6.775	1.583	0.067
1103	-6.775	1.582	1.333
302	-6.774	1.582	11.194
331	-6.774	1.582	11.194
416	-6.774	1.582	11.194
423	-6.774	1.582	11.194
470	-6.774	1.582	11.194
503	-6.774	1.582	11.194
513	-6.774	1.582	11.093
514	-6.774	1.582	11.094
758	-6.774	1.582	11.510
773	-6.774	1.582	11.510
298	-6.774	1.582	2.214
301	-6.774	1.582	2.214
332	-6.774	1.582	11.038
354	-6.774	1.582	11.038
372	-6.774	1.582	11.038
409	-6.774	1.582	11.038
430	-6.774	1.582	11.038
454	-6.774	1.582	11.038
1	-6.773	1.582	11.038
257	-6.773	1.582	11.038
261	-6.773	1.582	11.817
262	-6.773	1.582	11.817
478	-6.773	1.582	11.817
499	-6.773	1.582	11.817
920	-6.773	1.582	11.817
1054	-6.773	1.582	11.817
751	-6.772	1.582	11.817
1020	-6.729	2.723	11.817
223	-6.674	1.810	11.817
243	-6.674	1.810	11.816
176	-6.671	1.809	11.816
186	-6.671	1.809	11.816
210	-6.671	1.809	11.816
235	-6.667	2.160	11.816
236	-6.667	2.160	11.816
241	-6.667	2.160	11.816
244	-6.667	2.160	11.816
3	-6.666	1.804	11.816
29	-6.653	1.812	11.699
50	-6.653	1.812	10.606
103	-6.653	1.812	11.702
144	-6.653	1.812	11.734
153	-6.653	1.812	11.734
164	-6.653	1.812	11.702
170	-6.653	1.812	11.704
68	-6.651	2.162	11.733
90	-6.651	2.162	11.733
124	-6.651	2.162	10.596
158	-6.651	2.162	10.596
171	-6.651	2.162	10.596
583	-6.648	1.811	10.596
615	-6.648	1.811	11.735
363	-6.647	1.811	10.601
401	-6.647	1.811	15.823
402	-6.647	1.811	10.273
403	-6.647	1.811	10.273
404	-6.647	1.811	10.273
271	-6.645	1.810	10.272
66	-6.644	2.160	20.201
599	-6.641	2.160	10.312
673	-6.641	2.160	10.211
994	-6.641	2.160	10.212
1023	-6.641	2.160	10.213
1030	-6.641	2.160	10.213
1034	-6.641	2.160	10.213
1041	-6.641	2.160	10.211
1077	-6.641	2.160	10.211
1147	-6.641	2.160	10.211
353	-6.640	2.161	10.212
361	-6.640	2.161	10.214
449	-6.640	2.161	10.206
531	-6.639	2.160	12.103
621	-6.639	2.160	12.103
738	-6.639	2.160	12.103
887	-6.639	2.160	12.103
922	-6.639	2.160	12.103
949	-6.639	2.160	12.103
570	-6.639	2.161	12.103
816	-6.639	2.161	12.103
857	-6.639	2.161	12.103
496	-6.638	2.161	12.103
498	-6.638	2.161	12.103
551	-6.638	2.161	12.103
567	-6.638	2.161	12.105
753	-6.638	2.160	12.104
754	-6.638	2.160	12.104
1130	-6.626	2.154	12.104
1214	-6.626	2.154	12.104
1218	-6.626	2.154	12.104
1060	-6.624	2.156	12.104
1076	-6.624	2.156	12.104
1111	-6.624	2.156	12.104
1138	-6.624	2.156	12.104
1139	-6.624	2.156	11.501
1192	-6.624	2.156	11.501
1168	-6.598	1.601	7.608
1213	-6.597	1.600	9.260
1203	-6.597	1.601	9.258
1207	-6.597	1.601	8.315
1125	-6.590	1.602	9.224
1226	-6.587	1.600	13.188
1170	-6.575	1.627	8.937
594	-6.565	1.616	8.937
1193	-6.552	1.666	9.606
194	-6.206	3.024	11.817
8	-6.199	3.028	11.817
10	-6.199	3.028	11.817
18	-6.199	3.028	11.817
23	-6.199	3.028	11.817
115	-6.199	3.028	11.816
136	-6.046	2.395	10.493
548	-6.042	2.396	10.493
564	-6.042	2.396	10.493
477	-6.041	2.396	10.493
574	-6.041	2.396	10.493
622	-6.041	2.396	10.493
786	-6.041	2.396	10.493
787	-6.041	2.396	10.493
811	-6.041	2.396	10.493
847	-6.041	2.396	10.493
927	-6.041	2.396	10.493
520	-6.041	2.396	10.493
768	-6.040	2.396	10.493
287	-6.040	2.396	10.493
310	-6.040	2.396	1.008
314	-6.040	2.396	1.810
647	-6.040	2.396	1.832
657	-6.040	2.396	10.501
679	-6.040	2.396	10.983
689	-6.040	2.396	10.983
697	-6.040	2.396	10.983
345	-6.039	2.396	10.983
375	-6.039	2.396	10.983
400	-6.039	2.396	10.911
433	-6.039	2.396	10.518
436	-6.039	2.396	11.344
442	-6.039	2.396	11.344
447	-6.039	2.396	2.403
641	-5.334	3.125	10.986
716	-5.334	3.125	0.564
998	-5.334	3.125	10.983
1000	-5.334	3.125	10.493
1027	-5.334	3.125	10.983
1029	-5.334	3.125	10.983
1033	-5.334	3.125	10.983
1095	-5.334	3.125	10.983
1112	-5.334	3.125	10.911
1144	-5.334	3.125	11.345
1158	-5.334	3.125	11.344
1174	-5.334	3.125	11.344
1079	-5.333	3.125	10.778
1082	-5.333	3.125	2.403
1098	-5.333	3.125	10.783
776	-5.331	3.128	10.783
876	-5.331	3.128	10.783
924	-5.331	3.128	10.783
948	-5.331	3.128	10.783
956	-5.331	3.128	10.783
979	-5.331	3.128	10.783
292	-5.326	3.129	10.775
789	-5.313	3.406	11.519
732	-5.313	3.406	11.519
1177	-5.226	3.177	15.248
880	-4.744	2.990	9.764
842	-4.743	2.990	9.749
932	-4.325	3.543	11.553
958	-4.325	3.543	11.067
426	-4.323	3.548	11.067
