907	-5.051	0.000	1.503
925	-5.051	0.000	1.499
946	-5.051	0.001	1.499
922	-5.050	0.002	4.473
923	-5.050	0.002	4.473
931	-5.050	0.002	4.474
935	-5.050	0.002	4.474
954	-5.050	0.002	4.400
965	-5.050	0.002	10.346
967	-5.050	0.002	12.958
313	-5.049	0.001	5.002
864	-5.049	0.001	5.002
423	-5.048	0.001	5.006
570	-5.048	0.001	9.569
660	-5.048	0.001	17.559
741	-5.048	0.001	13.114
818	-5.048	0.001	3.620
819	-5.048	0.001	3.620
863	-5.048	0.001	3.620
1496	-5.048	0.001	3.620
1510	-5.048	0.001	3.620
1511	-5.048	0.001	3.614
1514	-5.048	0.001	3.615
1544	-5.048	0.001	3.624
1547	-5.048	0.001	3.614
1585	-5.048	0.001	3.624
1602	-5.048	0.001	3.583
1284	-5.047	0.002	5.310
1341	-5.047	0.002	5.310
1474	-5.047	0.002	5.308
1005	-5.047	0.001	5.308
1017	-5.047	0.001	5.308
502	-5.045	0.001	5.308
515	-5.045	0.001	5.308
516	-5.045	0.001	5.306
1041	-5.045	0.001	5.307
1106	-5.045	0.001	5.306
1147	-5.045	0.001	5.305
1149	-5.045	0.001	5.292
1943	-5.039	0.009	5.308
1517	-5.034	0.009	5.308
1523	-5.034	0.009	5.308
1531	-5.034	0.009	5.308
1538	-5.034	0.009	5.308
1559	-5.034	0.009	5.308
1560	-5.034	0.009	5.308
1563	-5.034	0.009	5.308
1569	-5.034	0.009	5.307
1580	-5.034	0.009	4.874
1588	-5.034	0.009	4.874
1597	-5.034	0.009	5.236
1607	-5.034	0.009	5.237
1611	-5.034	0.009	5.238
492	-4.820	1.116	4.955
673	-4.820	1.116	4.955
696	-4.820	1.116	4.955
716	-4.820	1.116	4.955
881	-4.820	1.116	4.955
1493	-4.820	1.116	4.955
781	-4.820	1.116	4.955
1359	-4.820	1.116	4.955
1401	-4.820	1.116	4.956
1440	-4.820	1.116	4.956
1443	-4.820	1.116	4.956
1461	-4.820	1.116	4.956
1467	-4.820	1.116	11.519
1468	-4.820	1.116	11.514
1473	-4.820	1.116	2.545
1482	-4.820	1.116	2.543
1486	-4.820	1.116	2.544
1495	-4.820	1.116	2.544
1497	-4.820	1.116	2.544
1499	-4.820	1.116	2.544
1502	-4.820	1.116	2.544
1518	-4.820	1.116	3.499
1519	-4.820	1.116	2.883
1526	-4.820	1.116	2.885
1534	-4.820	1.116	2.891
1565	-4.820	1.116	2.693
1572	-4.820	1.116	10.644
1603	-4.820	1.116	2.705
1013	-4.819	1.116	2.705
1214	-4.818	1.116	0.009
1225	-4.818	1.116	0.008
1252	-4.818	1.116	0.009
1490	-4.818	1.116	0.009
900	-4.784	1.119	3.624
1543	-4.782	1.119	3.583
1546	-4.782	1.119	5.310
1558	-4.782	1.119	5.310
1568	-4.782	1.119	5.308
