1385	-13.256	0.000	17.559
1348	-13.249	0.008	17.559
1473	-13.240	0.005	16.732
1474	-13.240	0.010	16.731
2	-13.234	0.024	16.730
153	-13.230	3.203	16.939
75	-13.229	3.201	16.936
79	-13.206	3.193	16.936
203	-13.196	0.146	13.742
17	-13.191	3.250	13.741
237	-13.186	3.211	13.741
324	-13.146	3.274	11.131
1390	-13.119	3.195	13.378
1401	-13.119	3.195	13.365
1359	-13.118	3.193	13.299
1347	-13.118	3.192	17.880
1344	-13.118	3.195	17.879
1492	-13.105	3.197	13.703
1455	-13.105	3.197	13.703
88	-13.026	3.355	13.707
26	-13.013	0.019	13.707
21	-13.013	0.020	13.707
22	-13.013	0.020	13.707
31	-13.013	0.020	13.707
40	-13.013	0.021	13.707
45	-13.013	0.020	13.707
116	-13.012	0.020	13.708
169	-13.012	0.021	13.463
91	-13.011	0.017	13.463
28	-13.011	0.029	14.104
67	-13.011	0.020	20.358
87	-13.011	0.020	20.359
96	-13.011	0.020	13.725
101	-13.011	0.020	20.384
92	-13.011	0.024	10.016
65	-13.011	0.035	19.849
38	-13.004	0.093	19.849
15	-13.001	0.019	19.864
8	-13.001	0.016	19.864
375	-12.975	0.027	13.834
536	-12.975	0.033	13.834
557	-12.975	0.021	13.834
234	-12.975	0.020	13.838
314	-12.975	0.022	13.838
355	-12.966	0.083	13.838
414	-12.960	0.018	13.298
1431	-12.775	3.032	13.797
1411	-12.775	3.032	13.797
1460	-12.767	3.032	13.797
1488	-12.767	3.032	20.201
1439	-12.766	3.030	13.797
1469	-12.766	3.029	16.351
1442	-12.763	3.030	16.353
391	-12.732	3.030	15.693
474	-12.732	3.032	13.827
256	-12.732	3.031	16.398
331	-12.732	3.031	16.392
311	-12.732	3.031	20.416
507	-12.732	3.031	20.416
477	-12.732	3.031	16.089
489	-12.732	3.031	16.089
220	-12.731	3.031	16.089
447	-12.731	3.031	16.088
354	-12.730	3.035	16.088
317	-12.729	3.036	16.088
278	-12.726	3.027	16.088
142	-12.720	3.031	16.115
61	-12.719	3.031	17.562
41	-12.718	3.031	17.562
47	-12.718	3.031	17.562
29	-12.718	3.031	17.563
199	-12.717	3.025	17.563
493	-12.714	3.040	17.559
30	-12.713	3.034	17.559
3	-12.711	3.030	17.559
163	-12.668	3.030	17.559
461	-12.524	3.021	13.381
537	-12.446	2.960	17.874
258	-12.388	2.977	13.704
471	-12.375	2.952	13.704
539	-12.362	3.016	13.704
300	-12.356	2.978	13.704
387	-12.340	0.747	13.704
266	-12.316	2.962	13.714
527	-12.279	3.259	13.707
259	-12.194	2.886	13.707
14	-12.179	3.321	13.708
302	-12.007	3.019	20.385
446	-11.978	2.978	10.015
496	-11.933	3.020	19.849
1459	-11.762	3.250	19.864
254	-11.751	3.219	19.864
197	-11.746	3.201	20.782
1406	-11.741	3.207	19.866
1407	-11.741	3.206	13.834
73	-11.740	3.205	13.834
69	-11.739	3.196	13.834
1479	-11.736	3.205	13.834
1451	-11.736	3.206	13.838
1447	-11.736	3.204	13.838
476	-11.735	2.895	13.838
1443	-11.725	3.207	13.298
318	-11.668	3.249	20.819
486	-11.560	2.907	20.838
400	-11.473	2.946	20.252
135	-11.430	1.298	20.879
95	-11.256	3.998	2.984
326	-11.236	3.782	3.812
204	-11.233	3.848	5.264
174	-11.162	3.395	5.264
891	-11.116	3.348	5.261
276	-11.092	1.447	5.261
1162	-10.840	3.441	1.156
893	-10.767	3.993	4.978
215	-10.688	3.826	3.021
184	-10.515	3.216	7.435
377	-10.489	2.969	7.822
551	-10.368	3.277	3.789
299	-10.279	2.988	5.261
290	-10.223	3.052	4.544
35	-10.220	3.267	4.435
120	-10.065	3.517	0.001
180	-9.997	3.561	3.025
240	-9.981	3.562	3.025
484	-9.956	3.463	5.075
513	-9.889	3.616	3.842
554	-9.883	3.601	9.260
494	-9.865	3.615	9.845
511	-9.863	3.477	3.789
310	-9.861	3.615	3.789
257	-9.857	3.632	5.263
528	-9.841	3.652	5.261
108	-9.841	3.601	5.261
505	-9.838	3.654	5.261
131	-9.838	3.688	5.261
558	-9.820	3.724	4.437
93	-9.819	3.695	10.352
521	-9.796	3.713	2.129
450	-9.793	3.652	1.159
129	-9.792	3.628	1.156
526	-9.790	3.679	1.155
229	-9.787	3.642	13.299
344	-9.779	3.696	4.986
232	-9.778	3.712	4.982
538	-9.776	3.647	3.022
274	-9.776	3.702	3.021
416	-9.774	3.708	3.021
501	-9.773	3.684	3.021
467	-9.769	3.694	3.020
514	-9.766	3.653	3.021
510	-9.766	3.667	8.241
245	-9.765	3.716	3.025
360	-9.764	3.700	3.025
160	-9.764	3.709	3.025
178	-9.763	3.799	3.025
542	-9.762	3.662	3.025
210	-9.761	3.749	3.025
372	-9.759	3.683	3.031
107	-9.758	3.677	2.220
242	-9.758	3.662	2.221
162	-9.757	3.700	7.434
418	-9.756	3.695	7.435
508	-9.755	3.624	5.844
241	-9.755	3.656	7.572
252	-9.751	3.719	5.076
398	-9.751	3.695	7.237
171	-9.750	3.697	6.910
565	-9.748	3.734	1.824
379	-9.747	3.613	7.822
269	-9.745	3.705	7.822
126	-9.744	3.675	7.823
218	-9.735	3.710	5.075
359	-9.731	3.708	5.075
113	-9.704	3.295	5.080
287	-9.682	3.713	7.855
228	-9.671	3.669	7.596
1445	-9.600	3.767	2.984
429	-9.491	3.841	9.467
7	-9.487	2.728	5.263
1471	-9.483	3.814	5.263
1	-9.478	2.846	5.264
5	-9.474	2.849	5.264
122	-9.404	3.772	5.261
39	-9.402	3.773	5.261
46	-9.402	3.774	4.437
56	-9.401	3.772	4.437
57	-9.401	3.773	10.352
1253	-9.400	3.791	4.544
20	-9.400	3.773	4.544
11	-9.391	2.457	2.091
33	-9.382	2.642	2.091
366	-9.381	3.787	2.091
439	-9.381	3.788	2.091
403	-9.381	3.788	2.091
54	-9.380	2.585	2.129
353	-9.380	3.790	9.349
200	-9.367	2.584	1.159
145	-9.365	2.775	1.155
97	-9.358	2.860	1.150
181	-9.356	3.810	6.655
25	-9.354	2.848	13.299
63	-9.348	2.860	4.979
280	-9.337	3.678	4.979
59	-9.331	3.006	4.978
405	-9.315	2.767	4.987
457	-9.314	2.778	4.986
270	-9.312	2.878	4.982
412	-9.307	2.923	4.982
445	-9.303	2.782	10.152
230	-9.299	2.982	3.022
371	-9.282	3.025	3.021
109	-9.277	3.552	3.021
524	-9.274	3.087	3.020
24	-9.271	3.964	3.020
483	-9.256	3.230	7.435
251	-9.245	3.358	7.468
540	-9.244	3.348	6.715
114	-9.229	3.834	5.075
327	-9.227	3.834	5.075
239	-9.227	3.834	5.075
552	-9.226	3.834	5.079
18	-9.198	3.836	8.899
492	-9.197	3.699	13.239
512	-9.177	3.969	3.848
263	-9.161	3.289	6.003
350	-9.156	3.302	15.433
466	-9.142	3.311	15.434
358	-9.137	3.323	15.325
288	-9.117	3.304	15.326
335	-9.108	3.992	15.327
1477	-9.063	3.894	15.362
464	-9.025	2.226	15.369
223	-9.010	3.926	15.550
509	-9.009	3.374	16.128
490	-8.918	2.794	11.803
367	-8.808	3.948	13.156
517	-8.585	3.576	12.704
48	-8.278	3.097	9.642
430	-8.027	3.741	5.264
209	-7.842	3.546	4.980
99	-7.839	3.550	4.979
