581	-15.310	0.000	0.000
570	-15.309	0.001	16.088
573	-15.309	0.001	17.562
585	-15.304	0.002	17.562
566	-15.304	0.002	17.562
785	-15.277	0.007	17.563
715	-15.272	0.006	17.563
888	-15.205	0.011	17.563
735	-15.200	0.011	17.562
668	-15.198	0.011	17.563
698	-15.198	0.011	17.563
613	-15.195	0.012	17.559
609	-15.149	0.254	17.559
601	-15.126	2.216	17.559
635	-15.121	2.216	17.559
641	-15.121	2.215	17.559
661	-15.121	2.215	17.559
596	-14.999	2.246	17.558
588	-14.999	2.247	17.559
590	-14.999	2.246	17.559
592	-14.999	2.246	21.555
580	-14.999	2.245	16.732
593	-14.999	2.245	16.731
604	-14.999	2.245	14.402
603	-14.999	2.246	16.730
615	-14.998	2.248	16.939
620	-14.998	2.245	16.938
597	-14.996	2.245	16.729
623	-14.996	2.245	16.727
587	-14.996	2.246	16.936
660	-14.996	2.245	16.936
676	-14.996	2.245	13.742
572	-14.996	2.245	13.742
658	-14.996	2.245	13.741
605	-14.994	2.249	13.741
567	-14.906	3.191	16.934
571	-14.906	3.191	14.401
574	-14.906	3.191	11.131
576	-14.906	3.191	13.381
586	-14.902	3.192	13.358
591	-14.902	3.192	13.376
602	-14.902	3.192	13.365
618	-14.818	3.192	0.000
874	-14.818	3.192	13.299
629	-14.817	3.193	17.880
625	-14.816	3.193	17.874
634	-14.816	3.193	17.874
687	-14.816	3.193	17.874
659	-14.816	3.193	17.874
763	-14.816	3.193	17.875
606	-14.815	3.192	17.875
882	-14.814	3.192	17.882
884	-14.814	3.192	17.880
852	-14.813	3.192	17.875
875	-14.813	3.192	17.827
871	-14.813	3.192	13.703
632	-14.812	3.193	13.703
657	-14.812	3.193	13.704
664	-14.812	3.193	13.704
737	-14.812	3.193	13.704
706	-14.812	3.193	13.704
707	-14.812	3.193	13.704
712	-14.812	3.193	13.704
716	-14.812	3.193	13.704
734	-14.812	3.193	13.704
738	-14.812	3.193	13.704
740	-14.812	3.193	13.705
744	-14.812	3.193	13.714
710	-14.812	3.193	13.707
780	-14.812	3.193	13.707
806	-14.811	3.193	13.707
685	-14.811	3.193	13.707
723	-14.811	3.193	13.707
799	-14.811	3.193	13.707
809	-14.811	3.193	13.707
669	-14.810	3.193	13.707
700	-14.808	3.193	13.708
695	-14.808	3.193	13.463
859	-14.808	3.192	13.463
726	-14.806	3.193	14.105
731	-14.806	3.192	20.357
802	-14.805	3.192	20.359
759	-14.805	3.193	13.725
840	-14.804	3.193	20.384
868	-14.803	3.193	10.016
677	-14.802	3.193	19.849
786	-14.798	3.193	19.848
873	-14.761	2.254	13.311
827	-14.760	2.256	19.864
837	-14.760	2.255	19.864
870	-14.760	2.255	13.279
869	-14.760	2.254	20.782
666	-14.718	2.212	20.823
805	-14.717	2.212	20.567
671	-14.713	2.212	20.836
732	-14.710	2.250	13.181
790	-14.710	2.250	20.253
690	-14.710	2.250	20.254
708	-14.710	2.250	13.183
781	-14.710	2.250	21.886
812	-14.710	2.250	1.954
789	-14.710	2.250	2.617
680	-14.710	2.250	13.865
747	-14.710	2.250	12.841
720	-14.707	2.249	12.645
772	-14.707	2.249	19.437
749	-14.707	2.249	19.423
630	-14.707	2.249	19.422
736	-14.707	2.248	19.577
743	-14.706	2.251	19.577
679	-14.706	2.251	19.578
730	-14.706	2.251	19.638
770	-14.706	2.251	19.639
804	-14.706	2.250	20.840
699	-14.706	2.249	20.124
788	-14.706	2.249	20.508
691	-14.706	2.248	20.509
773	-14.702	2.250	20.561
784	-14.702	2.250	13.798
645	-14.701	2.249	13.798
845	-14.696	2.216	13.798
654	-14.696	2.248	13.798
824	-14.695	2.217	13.798
844	-14.692	2.274	13.798
822	-14.690	2.216	13.798
825	-14.690	2.216	13.798
877	-14.687	3.198	13.798
637	-14.673	3.198	13.798
640	-14.673	3.198	13.798
622	-14.673	3.198	13.797
705	-14.668	3.199	13.797
627	-14.667	3.198	13.797
656	-14.667	3.199	20.201
826	-14.658	3.198	20.236
633	-14.656	3.199	20.553
650	-14.656	3.199	13.797
628	-14.656	3.199	16.351
713	-14.656	3.199	16.353
686	-14.656	3.199	16.353
733	-14.656	3.199	16.353
761	-14.656	3.199	16.353
778	-14.656	3.199	15.692
647	-14.655	3.199	15.693
662	-14.655	3.199	16.398
674	-14.655	3.199	16.395
697	-14.650	2.212	20.416
608	-14.649	3.199	20.417
756	-14.645	2.272	16.089
753	-14.644	2.272	16.089
791	-14.644	2.272	16.089
813	-14.644	2.273	20.416
746	-14.643	2.272	16.088
758	-14.643	2.272	16.088
800	-14.643	2.272	16.088
692	-14.634	2.269	16.091
865	-14.633	3.196	17.562
667	-14.624	2.280	17.562
855	-14.616	3.196	17.563
823	-14.616	3.196	17.563
864	-14.616	3.196	17.563
711	-14.615	3.196	17.562
775	-14.615	3.196	17.563
709	-14.615	3.196	17.563
766	-14.615	3.196	17.559
777	-14.615	3.196	17.559
842	-14.615	3.196	17.559
760	-14.614	3.196	17.559
801	-14.614	3.196	17.559
814	-14.614	3.196	17.559
817	-14.614	3.196	17.558
742	-14.614	3.195	17.559
886	-14.613	3.197	17.559
776	-14.610	3.197	21.555
741	-14.609	2.212	16.732
795	-14.609	2.212	16.731
793	-14.608	3.196	16.729
816	-14.608	3.196	16.730
828	-14.594	2.217	16.936
848	-14.575	2.266	16.940
863	-14.575	2.265	16.936
846	-14.575	2.266	16.936
843	-14.574	2.266	13.742
853	-14.571	2.265	13.742
883	-14.571	2.265	13.741
878	-14.541	3.174	13.741
774	-14.524	2.263	13.810
803	-14.520	2.261	11.319
611	-14.412	3.202	13.382
642	-14.365	1.132	17.880
617	-14.252	1.148	14.104
860	-14.247	1.161	20.359
745	-14.051	2.846	13.834
815	-14.051	2.846	13.834
834	-14.050	2.846	13.838
612	-14.043	2.846	13.838
594	-14.042	2.846	13.838
595	-14.042	2.846	19.866
598	-14.042	2.846	20.818
683	-14.042	2.846	20.819
714	-14.042	2.846	10.168
724	-14.042	2.846	20.567
725	-14.042	2.846	20.838
727	-14.042	2.846	13.179
765	-14.042	2.846	20.252
616	-14.041	2.845	20.254
831	-14.041	2.845	13.183
867	-14.041	2.845	2.065
838	-13.978	3.253	1.777
751	-13.866	2.850	20.560
721	-13.866	2.850	13.798
810	-13.866	2.850	13.798
881	-13.866	2.849	13.798
861	-13.865	2.849	13.798
648	-13.864	3.292	13.797
794	-13.858	2.850	13.798
866	-13.856	2.850	13.798
857	-13.856	2.850	13.798
651	-13.850	3.288	13.798
694	-13.849	3.288	13.798
782	-13.849	3.288	13.798
821	-13.816	1.881	13.797
757	-13.598	1.296	16.353
819	-13.596	1.297	15.692
649	-13.585	3.279	15.693
702	-13.584	1.299	16.398
808	-13.583	1.299	16.392
610	-13.525	1.319	16.089
607	-13.512	1.320	16.089
631	-13.512	1.320	16.089
638	-13.512	1.320	16.088
675	-13.512	1.320	16.088
568	-13.512	1.320	16.088
643	-13.486	1.317	16.088
646	-13.486	1.317	16.115
797	-13.474	1.319	17.562
754	-13.373	3.283	17.562
779	-13.371	3.283	17.562
887	-13.290	1.606	17.559
578	-13.281	2.806	17.559
693	-13.278	2.806	17.559
807	-13.259	2.754	17.559
701	-13.258	2.754	17.559
583	-13.247	3.094	17.559
577	-13.240	3.097	21.555
689	-13.236	2.798	16.729
847	-13.229	2.757	16.729
835	-13.209	2.802	16.938
872	-13.118	2.995	0.000
653	-13.113	3.104	17.874
681	-13.113	3.104	17.874
769	-13.113	3.104	17.874
752	-13.112	3.104	17.875
880	-13.108	3.104	17.875
885	-13.108	3.104	17.875
614	-13.107	3.106	17.880
639	-13.106	3.106	17.875
621	-13.106	3.106	17.833
830	-13.102	3.107	13.704
767	-12.985	3.106	20.782
771	-12.985	3.107	19.866
792	-12.985	3.106	13.281
575	-12.897	3.745	20.819
582	-12.897	3.745	20.819
584	-12.897	3.745	10.167
589	-12.897	3.745	20.567
876	-12.856	3.743	11.996
854	-12.856	3.744	12.658
832	-12.855	3.744	19.439
739	-12.853	3.744	19.423
762	-12.853	3.744	19.422
663	-12.852	3.744	19.577
703	-12.852	3.744	19.577
768	-12.852	3.744	19.578
600	-12.851	3.744	19.638
796	-12.846	3.741	20.522
750	-12.846	3.733	20.508
619	-12.841	3.744	20.509
644	-12.838	3.744	20.560
729	-12.838	3.744	13.798
569	-12.627	3.834	17.559
811	-12.616	3.139	17.559
858	-12.610	3.141	16.732
862	-12.610	3.141	14.332
755	-12.596	3.831	16.730
798	-12.596	3.831	16.939
670	-12.596	3.830	16.940
833	-12.596	3.831	16.728
665	-12.595	3.832	16.938
624	-12.595	3.831	16.936
787	-12.595	3.831	16.936
818	-12.595	3.831	13.742
599	-12.595	3.832	13.742
579	-12.572	3.140	13.741
696	-12.555	3.833	21.745
728	-12.491	3.745	13.378
849	-12.490	3.738	13.370
636	-12.444	3.853	17.874
673	-12.441	3.145	17.874
652	-12.440	3.145	17.875
626	-12.440	3.144	17.875
678	-12.440	3.146	17.881
748	-12.440	3.146	17.875
820	-12.439	3.145	17.833
719	-12.439	3.146	13.703
879	-12.434	3.145	13.704
851	-12.398	3.828	13.704
718	-12.035	3.433	13.725
682	-11.797	3.799	19.864
688	-11.707	3.537	20.818
