1338	-8.906	0.000	11.803
1287	-8.906	0.006	11.803
1293	-8.906	0.007	11.803
1261	-8.898	0.009	11.803
1276	-8.897	0.007	11.803
1269	-8.896	0.023	11.803
104	-8.895	0.013	11.803
102	-8.894	0.006	16.141
428	-8.882	0.037	11.803
488	-8.878	0.106	11.803
1255	-8.875	0.035	11.803
265	-8.875	0.017	15.247
264	-8.875	0.011	15.249
330	-8.693	0.605	15.853
380	-8.690	0.668	12.804
328	-8.682	0.737	12.795
431	-8.679	3.479	12.795
194	-8.679	3.478	12.795
392	-8.679	3.478	12.795
309	-8.679	3.478	12.795
349	-8.676	0.743	13.115
192	-8.657	3.443	13.115
293	-8.522	1.419	11.670
1330	-8.044	3.465	5.265
365	-8.039	3.463	5.265
413	-8.036	3.449	5.265
279	-8.034	3.490	5.264
520	-8.016	3.527	5.262
172	-7.985	3.599	5.262
205	-7.979	3.626	10.352
231	-7.979	3.622	10.352
407	-7.978	3.625	4.437
98	-7.978	3.632	4.545
90	-7.977	3.625	4.545
289	-7.977	3.622	4.436
255	-7.977	3.637	4.545
442	-7.976	3.635	4.545
202	-7.975	3.642	2.091
316	-7.975	3.642	2.091
499	-7.974	3.640	2.091
225	-7.974	3.642	2.091
267	-7.972	3.614	1.159
1317	-7.798	3.687	4.988
150	-7.795	3.671	4.987
319	-7.795	3.674	4.983
470	-7.795	3.672	13.307
294	-7.795	3.674	8.232
