1151	-11.024	0.000	5.261
1090	-10.985	0.159	5.261
1144	-10.982	0.321	5.261
1430	-10.971	0.117	5.261
1425	-10.951	0.222	4.436
1446	-10.944	0.167	4.544
979	-10.787	3.328	4.978
957	-10.734	3.367	3.021
940	-10.669	3.265	3.021
1015	-10.668	3.425	3.021
890	-10.662	3.385	3.021
1021	-10.608	3.277	3.020
970	-10.599	3.271	3.027
897	-10.574	3.259	3.025
901	-10.573	3.243	3.025
907	-10.550	3.249	3.025
1014	-10.522	3.291	3.025
902	-10.475	3.342	3.101
973	-10.440	3.348	2.984
1020	-10.417	3.340	2.984
934	-10.417	3.342	2.984
939	-10.417	3.342	2.984
1002	-10.417	3.342	2.984
947	-10.417	3.342	2.984
951	-10.417	3.342	2.984
960	-10.417	3.342	2.984
1124	-10.416	3.343	2.984
1050	-10.415	3.342	2.984
1083	-10.415	3.342	2.984
1089	-10.415	3.342	2.984
1029	-10.415	3.342	9.845
1106	-10.415	3.340	9.843
1150	-10.415	3.343	4.323
1108	-10.415	3.346	4.324
1073	-10.415	3.337	4.324
1114	-10.415	3.354	4.325
1037	-10.414	3.358	4.325
1138	-10.414	3.358	4.325
1068	-10.414	3.352	4.325
985	-10.413	3.353	4.003
925	-10.399	3.352	4.607
1136	-10.374	3.367	3.789
930	-10.355	3.395	3.789
942	-10.341	3.346	3.789
983	-10.340	3.332	3.789
988	-10.340	3.356	9.743
1044	-10.340	3.346	5.263
1122	-10.339	3.342	5.263
1067	-10.339	3.345	5.263
1036	-10.339	3.349	5.264
1104	-10.339	3.345	5.264
1078	-10.339	3.348	5.263
1081	-10.339	3.357	5.263
1137	-10.338	3.342	5.264
1129	-10.338	3.362	5.261
1120	-10.338	3.338	5.261
916	-10.335	3.347	5.261
1026	-10.302	3.440	5.261
1063	-10.286	3.446	5.261
1022	-10.221	3.432	4.544
1143	-10.123	3.590	9.329
1024	-10.109	1.074	1.159
1012	-10.094	3.520	13.299
1449	-10.056	2.941	4.979
1463	-10.055	2.947	4.979
1133	-10.045	3.531	4.979
1058	-10.034	3.523	4.972
1110	-10.021	3.445	3.025
953	-9.996	3.553	3.025
1019	-9.979	3.548	3.025
969	-9.904	3.550	8.899
1030	-9.904	3.745	12.875
1145	-9.876	3.622	9.367
1115	-9.876	3.634	9.367
903	-9.874	3.588	9.414
996	-9.872	3.614	10.125
1097	-9.867	3.563	2.984
1040	-9.867	3.670	2.984
920	-9.864	3.627	3.789
1043	-9.862	3.618	3.789
1069	-9.860	3.660	5.263
895	-9.843	3.545	5.263
1130	-9.816	3.640	4.544
1039	-9.810	3.592	4.544
1060	-9.809	3.622	4.544
997	-9.803	3.588	4.435
935	-9.803	3.662	4.544
929	-9.800	3.641	4.544
944	-9.800	3.624	2.091
974	-9.798	2.165	2.091
989	-9.797	3.616	2.091
917	-9.794	3.619	1.138
941	-9.790	3.643	6.655
964	-9.786	3.632	4.984
994	-9.785	3.628	4.979
943	-9.784	3.621	4.979
495	-9.783	3.134	4.979
1008	-9.783	3.622	4.979
931	-9.782	3.624	4.979
1064	-9.781	3.628	4.978
1033	-9.781	3.628	4.987
900	-9.778	3.619	4.982
894	-9.777	3.621	4.927
914	-9.777	3.625	3.022
889	-9.776	3.631	3.021
918	-9.775	3.623	3.021
908	-9.775	3.623	3.021
1093	-9.770	2.568	3.021
1091	-9.767	3.658	3.020
1000	-9.751	2.543	6.894
1103	-9.671	2.528	8.461
1013	-9.619	3.264	13.239
963	-9.619	3.273	8.300
1004	-9.619	3.280	13.158
962	-9.619	3.279	2.506
959	-9.619	3.277	3.848
990	-9.618	2.754	9.251
1121	-9.616	3.260	9.252
1100	-9.616	3.270	9.255
1099	-9.616	3.273	9.368
1031	-9.615	3.263	9.368
1109	-9.615	3.266	9.367
1119	-9.615	3.273	9.414
1053	-9.615	3.274	10.697
1076	-9.615	3.272	9.643
77	-9.589	3.866	2.984
1116	-9.540	3.279	4.324
1128	-9.540	3.290	4.324
6	-9.532	3.580	4.325
936	-9.526	3.302	4.609
1152	-9.515	3.151	9.727
1147	-9.430	3.311	5.261
911	-9.331	3.687	4.979
981	-8.857	3.668	13.155
1080	-8.325	3.500	15.267
992	-8.279	2.908	10.687
