1746	-7.631	0.000	6.480
1762	-7.631	0.000	6.480
1777	-7.631	0.000	6.480
1747	-7.610	0.025	7.379
1748	-7.610	0.024	7.374
1752	-7.610	0.024	20.253
1753	-7.610	0.024	7.282
1755	-7.610	0.023	3.139
1756	-7.610	0.024	3.140
1757	-7.610	0.024	3.146
1760	-7.610	0.024	3.146
1767	-7.610	0.024	3.146
1770	-7.610	0.024	3.143
1771	-7.610	0.024	3.143
1772	-7.610	0.024	3.145
1778	-7.610	0.024	3.140
1779	-7.610	0.024	3.145
1781	-7.610	0.023	3.166
1782	-7.610	0.024	7.265
1786	-7.610	0.024	7.265
1793	-7.610	0.024	7.264
1798	-7.610	0.024	7.264
1800	-7.610	0.024	7.264
1820	-7.610	0.024	7.264
1822	-7.610	0.024	7.264
1824	-7.610	0.026	7.264
1834	-7.610	0.024	7.263
1838	-7.610	0.024	7.263
1840	-7.610	0.024	7.263
1841	-7.610	0.024	7.263
1842	-7.610	0.024	7.255
1844	-7.610	0.024	7.261
1852	-7.610	0.024	7.261
1751	-7.609	0.031	7.261
1741	-7.609	0.025	7.261
1740	-7.609	0.029	7.261
1754	-7.609	0.020	7.261
1742	-7.608	0.066	7.261
1758	-7.608	0.031	7.261
1780	-7.578	0.223	7.260
1768	-7.532	0.606	8.034
1724	-6.831	2.605	8.134
1725	-6.792	2.614	8.135
1726	-6.792	2.614	8.135
1727	-6.792	2.614	8.135
1728	-6.792	2.614	8.135
1730	-6.792	2.614	8.994
1731	-6.792	2.614	6.764
1732	-6.792	2.614	8.874
1733	-6.792	2.614	6.780
1737	-6.792	2.614	8.144
1738	-6.792	2.614	6.779
1743	-6.792	2.614	6.779
1744	-6.792	2.614	6.779
1759	-6.792	2.614	6.779
1773	-6.792	2.614	7.293
1774	-6.792	2.614	6.936
1776	-6.792	2.614	6.938
1789	-6.792	2.614	6.943
1790	-6.792	2.614	6.471
1791	-6.792	2.614	7.799
1792	-6.792	2.614	6.480
1801	-6.792	2.614	6.480
1833	-6.792	2.614	6.480
745	-6.645	2.626	5.612
747	-6.645	2.626	5.612
762	-6.645	2.626	5.611
763	-6.645	2.626	5.611
764	-6.645	2.626	5.612
765	-6.645	2.626	5.612
766	-6.645	2.626	5.611
788	-6.645	2.626	5.614
808	-6.645	2.626	5.614
810	-6.645	2.626	5.614
893	-6.645	2.626	5.614
908	-6.645	2.626	5.614
944	-6.645	2.626	5.614
976	-6.645	2.626	5.614
