594	-8.918	0.000	10.694
1741	-8.898	0.228	1.377
6	-8.898	0.227	1.381
1670	-8.898	0.228	10.357
1672	-8.898	0.228	10.357
1675	-8.898	0.228	10.412
1679	-8.898	0.228	10.358
1682	-8.898	0.228	10.388
1683	-8.898	0.228	10.361
1684	-8.898	0.228	10.361
1687	-8.898	0.228	10.361
1688	-8.898	0.228	10.362
1692	-8.898	0.228	0.013
1693	-8.898	0.227	0.025
1694	-8.898	0.228	0.025
1714	-8.898	0.228	0.026
1724	-8.898	0.228	10.570
1725	-8.898	0.228	10.570
1729	-8.898	0.228	10.570
1740	-8.898	0.228	12.241
1759	-8.898	0.228	12.239
1762	-8.898	0.228	12.239
1764	-8.898	0.228	12.238
1771	-8.898	0.227	2.199
281	-8.898	0.229	2.886
1707	-8.898	0.231	2.889
1763	-8.898	0.233	12.239
695	-8.898	0.240	2.199
1761	-8.898	0.244	2.198
29	-8.877	0.009	2.329
289	-8.877	0.009	2.329
468	-8.877	0.009	2.328
1691	-8.877	0.009	2.328
1730	-8.877	0.009	2.328
1747	-8.877	0.010	2.330
1773	-8.877	0.009	2.330
1695	-8.858	0.340	2.841
595	-8.819	0.104	9.967
596	-8.819	0.104	9.966
599	-8.819	0.104	9.964
604	-8.819	0.104	9.965
607	-8.819	0.104	9.974
608	-8.819	0.104	9.974
610	-8.819	0.104	9.969
612	-8.819	0.104	9.974
614	-8.819	0.104	20.000
617	-8.819	0.104	10.373
619	-8.819	0.104	10.370
624	-8.819	0.104	10.371
625	-8.819	0.104	10.756
601	-8.819	0.104	21.821
602	-8.819	0.104	10.698
609	-8.819	0.104	10.698
611	-8.819	0.104	10.698
613	-8.819	0.104	10.698
623	-8.819	0.104	12.002
1681	-8.818	0.103	10.696
636	-8.816	0.106	10.697
637	-8.816	0.106	9.367
638	-8.816	0.106	9.367
639	-8.816	0.106	9.367
646	-8.816	0.106	11.132
647	-8.816	0.106	13.411
649	-8.816	0.106	20.651
654	-8.816	0.106	11.015
657	-8.816	0.106	12.664
659	-8.816	0.106	2.276
661	-8.816	0.106	2.591
662	-8.816	0.106	2.260
664	-8.816	0.106	2.260
665	-8.816	0.105	2.259
666	-8.816	0.106	2.573
669	-8.816	0.106	2.257
670	-8.816	0.105	2.572
671	-8.816	0.106	10.597
674	-8.816	0.106	1.456
675	-8.816	0.106	1.462
676	-8.816	0.106	1.458
677	-8.816	0.106	1.457
679	-8.816	0.106	10.682
681	-8.816	0.106	10.583
682	-8.816	0.106	10.682
683	-8.816	0.106	10.682
684	-8.816	0.106	10.682
685	-8.816	0.106	10.682
686	-8.816	0.106	10.682
689	-8.816	0.106	10.682
690	-8.816	0.106	10.682
691	-8.816	0.106	10.682
33	-8.816	0.105	10.682
58	-8.816	0.105	10.683
59	-8.816	0.105	10.683
66	-8.816	0.105	10.683
68	-8.816	0.105	10.683
69	-8.816	0.105	1.367
71	-8.816	0.105	1.370
78	-8.816	0.105	10.344
79	-8.816	0.105	10.345
82	-8.816	0.105	10.400
85	-8.816	0.105	10.345
87	-8.816	0.105	10.376
97	-8.816	0.105	10.348
101	-8.816	0.105	10.348
102	-8.816	0.105	10.348
103	-8.816	0.105	10.349
108	-8.816	0.105	0.016
110	-8.816	0.105	0.000
126	-8.816	0.105	0.001
134	-8.816	0.105	0.001
137	-8.816	0.105	10.558
142	-8.816	0.105	10.558
144	-8.816	0.105	10.558
159	-8.816	0.105	12.229
160	-8.816	0.105	12.227
184	-8.816	0.105	12.227
193	-8.816	0.105	12.226
196	-8.816	0.105	2.194
197	-8.816	0.105	2.882
198	-8.816	0.105	2.884
199	-8.816	0.105	12.227
202	-8.816	0.105	2.194
205	-8.816	0.105	2.194
207	-8.816	0.105	2.324
208	-8.816	0.105	2.324
212	-8.816	0.104	2.323
290	-8.816	0.105	2.324
291	-8.816	0.105	2.323
301	-8.816	0.105	2.325
309	-8.816	0.105	2.325
326	-8.816	0.105	2.836
337	-8.816	0.105	2.838
341	-8.816	0.105	9.683
374	-8.816	0.105	9.683
376	-8.816	0.105	9.683
383	-8.816	0.105	15.986
384	-8.816	0.105	13.844
394	-8.816	0.105	14.031
397	-8.816	0.105	13.576
401	-8.816	0.105	13.577
402	-8.816	0.105	11.641
403	-8.816	0.105	12.755
426	-8.816	0.105	13.996
427	-8.816	0.105	12.752
432	-8.816	0.105	12.748
433	-8.816	0.105	12.748
435	-8.816	0.105	12.748
451	-8.816	0.105	10.126
454	-8.816	0.105	10.143
455	-8.816	0.105	13.994
457	-8.816	0.105	12.754
487	-8.816	0.105	12.740
495	-8.816	0.105	9.834
497	-8.816	0.105	12.555
502	-8.816	0.105	12.555
509	-8.816	0.105	12.555
532	-8.816	0.105	12.555
533	-8.816	0.105	12.553
534	-8.816	0.105	12.553
536	-8.816	0.105	12.553
543	-8.816	0.105	12.553
544	-8.816	0.105	12.553
546	-8.816	0.105	12.551
550	-8.816	0.105	12.551
559	-8.816	0.105	15.915
562	-8.816	0.105	8.963
563	-8.816	0.105	8.963
569	-8.816	0.105	8.966
570	-8.816	0.105	9.963
573	-8.816	0.105	9.961
574	-8.816	0.105	9.962
575	-8.816	0.105	12.296
576	-8.816	0.105	8.915
577	-8.816	0.105	8.918
582	-8.816	0.105	8.917
583	-8.816	0.105	12.593
584	-8.816	0.105	12.289
585	-8.816	0.105	12.289
587	-8.816	0.105	21.139
588	-8.816	0.105	5.352
590	-8.816	0.105	21.126
591	-8.816	0.105	9.921
592	-8.816	0.105	11.116
1733	-8.816	0.105	11.190
1734	-8.816	0.105	8.767
1735	-8.816	0.105	9.692
1749	-8.816	0.105	10.985
1775	-8.816	0.105	10.985
1776	-8.816	0.105	9.693
1779	-8.816	0.105	9.693
697	-8.815	0.105	9.693
698	-8.815	0.105	11.540
699	-8.815	0.105	11.533
1696	-8.815	0.105	11.528
1697	-8.815	0.105	11.540
1701	-8.815	0.105	11.534
1703	-8.815	0.105	9.544
1704	-8.815	0.105	9.543
1709	-8.815	0.105	19.975
1710	-8.815	0.105	11.270
1680	-8.718	0.805	9.982
632	-8.615	0.149	20.006
633	-8.615	0.149	10.381
1678	-8.613	0.151	10.378
1783	-8.613	0.151	10.379
1723	-8.611	0.150	10.764
1676	-8.610	0.151	21.828
696	-8.608	1.061	10.706
241	-8.605	0.163	10.706
260	-8.605	0.163	10.706
268	-8.605	0.163	10.706
273	-8.605	0.163	12.008
274	-8.605	0.163	10.704
277	-8.605	0.163	10.704
1669	-8.605	0.163	9.374
1708	-8.605	0.912	9.374
628	-8.526	0.542	13.417
606	-8.525	0.542	20.657
615	-8.525	0.542	11.022
618	-8.525	0.542	12.671
622	-8.525	0.542	2.276
640	-8.523	0.540	2.591
648	-8.523	0.540	2.260
660	-8.523	0.540	2.260
668	-8.523	0.540	2.259
672	-8.523	0.540	2.573
673	-8.523	0.540	2.257
680	-8.523	0.540	2.572
687	-8.523	0.541	10.597
688	-8.523	0.540	1.456
65	-8.522	0.541	1.462
566	-8.522	0.542	1.458
1702	-8.522	0.542	1.457
43	-8.522	0.542	10.682
48	-8.522	0.542	10.583
52	-8.522	0.543	10.682
53	-8.522	0.543	10.682
57	-8.522	0.542	10.682
63	-8.522	0.542	10.682
80	-8.522	0.542	10.682
83	-8.522	0.542	10.682
94	-8.522	0.542	10.682
95	-8.522	0.542	10.682
109	-8.522	0.542	10.682
113	-8.522	0.542	10.683
114	-8.522	0.542	10.683
115	-8.522	0.542	10.683
127	-8.522	0.542	10.683
129	-8.522	0.542	1.367
151	-8.522	0.543	1.370
152	-8.522	0.542	10.344
165	-8.522	0.542	10.345
175	-8.522	0.542	10.400
176	-8.522	0.542	10.345
178	-8.522	0.543	10.376
179	-8.522	0.542	10.348
185	-8.522	0.542	10.348
186	-8.522	0.542	10.348
195	-8.522	0.542	10.349
201	-8.522	0.543	0.016
296	-8.522	0.543	0.000
298	-8.522	0.542	0.001
325	-8.522	0.542	0.001
332	-8.522	0.542	10.558
340	-8.522	0.542	10.558
343	-8.522	0.542	10.558
356	-8.522	0.542	12.229
359	-8.522	0.542	12.227
360	-8.522	0.542	12.227
366	-8.522	0.542	12.226
379	-8.522	0.542	2.194
381	-8.522	0.542	2.882
395	-8.522	0.542	2.884
407	-8.522	0.542	12.227
416	-8.522	0.542	2.194
420	-8.522	0.542	2.194
422	-8.522	0.543	2.324
434	-8.522	0.542	2.324
437	-8.522	0.542	2.323
438	-8.522	0.543	2.324
443	-8.522	0.542	2.323
445	-8.522	0.542	2.325
446	-8.522	0.542	2.325
447	-8.522	0.542	2.836
453	-8.522	0.542	2.838
458	-8.522	0.542	9.683
519	-8.522	0.543	9.683
526	-8.522	0.542	9.683
531	-8.522	0.542	15.986
537	-8.522	0.542	13.844
539	-8.522	0.542	14.031
552	-8.522	0.542	13.576
557	-8.522	0.542	13.577
564	-8.522	0.542	11.641
565	-8.522	0.542	12.755
572	-8.522	0.543	13.996
581	-8.522	0.542	12.752
586	-8.522	0.542	12.748
589	-8.522	0.542	12.748
1778	-8.522	0.542	12.748
224	-8.522	0.551	10.126
269	-8.306	0.546	8.767
272	-8.306	0.546	9.692
280	-8.306	0.546	10.985
627	-7.426	2.454	10.985
663	-7.426	2.454	9.693
694	-7.426	2.454	9.693
1736	-7.424	2.454	9.693
1748	-7.424	2.454	11.540
1777	-7.424	2.454	11.533
118	-7.423	2.454	11.528
119	-7.423	2.454	11.540
135	-7.423	2.454	11.534
162	-7.423	2.454	9.544
336	-7.423	2.454	9.543
373	-7.423	2.454	19.975
492	-7.423	2.454	11.270
527	-7.423	2.454	20.001
555	-7.423	2.454	9.975
593	-7.423	2.454	9.974
653	-7.402	2.190	9.972
655	-7.402	2.190	9.973
656	-7.402	2.190	9.982
1774	-7.402	2.189	9.981
1756	-7.372	2.480	9.977
1757	-7.372	2.480	9.982
635	-6.839	3.764	10.706
603	-6.805	3.770	10.706
620	-6.805	3.770	10.706
621	-6.805	3.770	10.706
642	-6.582	3.788	1.458
643	-6.582	3.788	10.682
693	-6.582	3.788	10.584
