1762	-8.448	0.000	13.314
1752	-8.356	2.963	8.684
1741	-8.348	2.947	7.345
670	-8.346	2.948	7.009
1787	-8.339	2.944	5.238
1820	-8.337	2.945	11.613
1796	-8.328	2.946	11.080
1802	-8.328	2.946	11.645
1772	-8.307	2.965	11.106
1790	-8.307	2.965	11.107
1759	-8.296	3.192	11.107
1763	-8.100	2.272	0.876
1809	-8.032	3.052	6.900
1773	-8.032	3.052	13.382
1794	-8.031	3.052	3.694
1797	-8.031	3.052	3.694
1803	-8.031	3.052	3.718
1745	-8.027	3.052	8.091
1751	-8.027	3.052	13.385
305	-8.017	3.053	13.358
318	-8.017	3.053	4.111
321	-8.017	3.053	4.103
486	-8.017	3.053	4.103
560	-8.017	3.053	4.103
367	-8.017	3.053	4.083
632	-8.017	3.053	4.083
643	-8.017	3.053	4.081
655	-8.017	3.053	4.081
658	-8.017	3.053	5.014
665	-8.017	3.053	5.083
676	-8.017	3.053	5.083
683	-8.017	3.053	5.079
686	-8.017	3.053	5.439
694	-8.017	3.053	6.938
565	-8.016	3.053	5.804
587	-8.016	3.053	5.804
599	-8.016	3.053	5.804
605	-8.016	3.053	5.804
606	-8.016	3.053	6.944
612	-8.016	3.053	5.813
618	-8.016	3.053	5.814
1733	-8.016	3.053	7.160
376	-8.016	3.053	6.962
379	-8.016	3.053	6.959
389	-8.016	3.053	13.300
415	-8.016	3.053	8.668
464	-8.016	3.053	7.361
52	-7.983	3.056	11.645
60	-7.983	3.056	11.645
95	-7.983	3.056	11.106
119	-7.983	3.056	11.107
141	-7.983	3.056	11.107
283	-7.983	3.056	11.107
238	-7.982	3.056	12.250
301	-7.982	3.056	12.253
1825	-7.853	0.096	0.878
1739	-7.793	3.376	7.890
1775	-7.723	2.632	8.516
1769	-7.711	2.631	7.954
1795	-7.699	2.630	3.109
424	-7.692	2.632	2.849
1764	-7.621	3.363	4.429
1777	-7.617	3.371	4.549
1821	-7.617	3.371	12.753
1765	-7.616	3.369	12.741
1746	-7.613	3.372	12.740
1747	-7.613	3.368	12.769
1757	-7.613	3.371	3.931
1779	-7.609	3.320	3.931
1734	-7.601	3.374	4.111
417	-7.599	3.371	4.111
698	-7.599	3.371	4.111
573	-7.595	3.412	4.111
528	-7.592	3.323	11.683
616	-7.583	3.319	12.438
1760	-7.535	3.397	11.548
1761	-7.535	3.398	11.549
1771	-7.494	3.317	11.548
356	-7.493	3.318	11.550
630	-7.493	3.319	12.403
697	-7.493	3.319	12.405
1798	-7.492	3.317	3.916
544	-7.491	3.317	3.916
398	-7.491	3.318	3.916
1806	-7.488	3.315	11.559
306	-7.487	3.312	8.026
610	-7.484	3.287	8.141
624	-7.482	3.326	4.051
1776	-7.477	3.520	7.679
1784	-7.475	3.250	0.033
1788	-7.475	3.250	12.536
1785	-7.474	2.767	7.675
1819	-7.474	2.771	0.046
1791	-7.474	2.774	0.019
1766	-7.473	3.250	0.019
309	-7.471	3.252	0.019
700	-7.471	3.252	0.019
1748	-7.470	3.252	3.916
1801	-7.458	2.687	0.016
1815	-7.427	2.496	7.689
1808	-7.423	2.367	0.032
1770	-7.422	2.367	3.614
1753	-7.420	2.496	0.876
1778	-7.418	3.108	0.876
1816	-7.416	1.648	0.876
1767	-7.416	1.658	0.875
1780	-7.416	1.646	0.875
1750	-7.415	1.658	0.875
1800	-7.415	1.658	2.254
1781	-7.401	2.309	0.876
1810	-7.400	2.273	0.878
1789	-7.356	3.257	7.908
1792	-7.356	3.257	1.086
1744	-7.355	3.257	5.528
142	-7.332	2.812	5.531
1782	-7.317	3.933	14.106
433	-7.311	3.801	14.106
622	-7.308	3.921	7.946
657	-7.308	3.949	8.516
542	-7.307	3.887	2.771
562	-7.307	3.945	7.954
458	-7.306	3.924	3.109
419	-7.306	3.945	2.849
393	-7.306	3.945	2.849
451	-7.306	3.947	6.900
434	-7.306	3.961	6.901
1786	-7.295	2.212	13.382
1768	-7.293	2.215	3.694
1814	-7.293	2.227	3.694
1805	-7.278	2.844	3.718
1799	-7.277	2.824	3.701
1824	-7.274	3.992	8.091
1817	-7.270	3.062	13.385
245	-7.266	3.988	13.387
705	-7.266	3.989	2.519
65	-7.266	3.992	13.358
154	-7.266	3.991	4.111
267	-7.266	3.990	4.103
381	-7.264	1.336	4.103
222	-7.262	3.991	4.083
195	-7.262	3.990	4.081
1774	-7.259	3.065	4.081
1736	-7.190	2.899	6.959
1737	-7.187	2.691	13.300
1804	-7.180	2.573	8.668
1826	-7.175	2.573	7.361
1822	-7.148	2.583	12.248
1813	-7.117	2.547	4.429
689	-7.109	2.153	4.429
400	-7.084	2.073	4.429
682	-7.078	2.072	4.429
1740	-7.067	2.529	4.111
668	-7.034	2.571	11.548
1807	-6.960	2.040	11.550
1823	-6.935	3.092	3.916
1743	-6.900	2.444	3.916
1732	-6.895	2.447	11.559
1738	-6.804	2.468	8.141
1749	-6.788	3.437	4.051
1754	-6.788	3.437	7.679
1735	-6.784	3.438	0.033
192	-6.672	3.176	3.916
1811	-6.633	3.441	3.614
325	-6.627	3.443	6.119
1742	-6.512	3.484	3.969
274	-6.318	2.918	5.804
