359	-11.413	0.000	5.668
441	-11.413	0.000	5.668
619	-11.413	0.000	5.668
925	-11.411	0.004	5.668
803	-11.411	0.004	5.668
834	-11.411	0.004	11.454
854	-11.411	0.004	11.451
874	-11.411	0.004	5.457
889	-11.411	0.004	5.292
893	-11.411	0.004	5.292
916	-11.411	0.004	5.291
922	-11.411	0.004	5.292
924	-11.411	0.004	5.278
722	-11.410	0.004	5.291
728	-11.410	0.004	5.291
744	-11.410	0.004	5.291
751	-11.410	0.004	5.374
762	-11.410	0.004	11.657
790	-11.400	3.967	11.645
801	-11.400	3.967	11.645
819	-11.400	3.967	11.673
829	-11.400	3.967	2.117
855	-11.400	3.967	2.117
875	-11.400	3.967	6.061
921	-11.400	3.967	6.060
1215	-11.400	3.967	6.060
712	-11.399	3.967	6.060
717	-11.399	3.967	10.721
724	-11.399	3.967	11.845
735	-11.399	3.967	11.847
764	-11.399	3.967	6.062
774	-11.399	3.967	10.727
781	-11.399	3.967	10.727
969	-11.399	3.967	10.563
983	-11.399	3.967	10.563
987	-11.399	3.967	10.567
992	-11.399	3.967	10.568
1007	-11.399	3.967	10.568
1016	-11.399	3.967	10.573
1025	-11.399	3.967	10.575
1048	-11.399	3.967	11.801
1069	-11.399	3.967	11.803
1078	-11.399	3.967	3.084
1093	-11.399	3.967	3.084
1209	-11.399	3.967	3.084
1232	-11.399	0.003	10.588
1233	-11.399	0.003	6.197
1240	-11.399	0.003	6.285
1247	-11.399	0.003	5.991
1248	-11.399	0.003	5.929
1253	-11.399	0.003	3.025
1255	-11.399	0.003	11.849
1269	-11.399	0.003	5.925
948	-11.398	0.003	3.030
967	-11.398	0.003	3.019
977	-11.398	0.003	3.019
1001	-11.398	0.003	3.019
1013	-11.398	0.003	3.019
1022	-11.398	0.003	4.532
1028	-11.398	0.003	3.018
1035	-11.398	0.003	5.935
1044	-11.398	0.003	3.020
1049	-11.398	0.003	3.044
1066	-11.398	0.003	4.317
1085	-11.398	0.003	2.788
1090	-11.398	0.003	2.788
1092	-11.398	0.003	2.788
1100	-11.398	0.003	2.789
1101	-11.398	0.003	2.790
1124	-11.398	0.003	2.790
1134	-11.398	0.003	1.074
1139	-11.398	0.003	2.789
1149	-11.398	0.003	2.780
1184	-11.398	0.003	2.780
1191	-11.398	0.003	7.262
1192	-11.398	0.003	8.883
1200	-11.398	0.003	8.883
1210	-11.398	0.003	8.884
706	-11.397	3.967	2.429
28	-11.397	0.005	2.429
265	-11.397	0.002	2.429
5	-11.397	0.003	11.349
8	-11.397	0.003	8.891
10	-11.397	0.003	8.890
86	-11.397	0.003	8.890
104	-11.397	0.003	3.348
106	-11.397	0.003	3.709
130	-11.397	0.003	3.712
157	-11.397	0.003	12.436
160	-11.397	0.003	12.436
239	-11.397	0.003	12.408
263	-11.397	0.003	8.860
941	-11.397	0.003	10.027
1176	-11.397	0.003	3.079
1177	-11.397	0.003	8.862
1178	-11.397	0.003	3.421
1181	-11.397	0.003	3.027
20	-11.397	0.003	3.027
207	-11.396	0.003	4.881
209	-11.396	0.003	4.881
223	-11.396	0.003	4.880
117	-11.396	0.007	11.652
13	-11.396	0.013	2.039
808	-11.346	3.979	2.039
888	-11.346	3.979	2.063
753	-11.344	3.979	2.045
1137	-11.344	3.979	5.814
1031	-11.344	3.979	11.654
911	-11.344	3.990	11.655
862	-11.343	3.991	2.995
873	-11.343	3.990	11.648
883	-11.343	3.991	3.622
890	-11.343	3.991	3.620
1245	-11.342	3.991	3.620
1290	-11.342	3.991	3.620
989	-11.340	3.991	3.613
995	-11.340	3.991	3.613
1036	-11.340	3.991	3.611
1060	-11.340	3.991	3.634
1102	-11.340	3.991	3.986
791	-11.333	3.992	6.425
797	-11.333	3.992	6.425
805	-11.333	3.992	6.420
831	-11.333	3.992	6.275
879	-11.333	3.992	4.987
880	-11.333	3.992	7.314
904	-11.333	3.992	7.314
716	-11.332	3.992	7.314
719	-11.332	3.992	7.314
720	-11.332	3.992	4.991
721	-11.332	3.992	7.324
731	-11.332	3.992	7.324
742	-11.332	3.992	5.225
747	-11.332	3.992	5.372
773	-11.332	3.992	5.370
778	-11.332	3.992	12.268
1053	-11.330	3.992	7.642
1142	-11.330	3.992	8.931
1497	-11.326	3.991	8.571
853	-11.322	3.991	4.439
1220	-11.322	3.991	10.454
1244	-11.322	3.991	9.855
1340	-11.322	3.991	9.855
1424	-11.322	3.990	10.479
1553	-11.322	3.991	10.482
1382	-11.322	3.994	9.882
1021	-11.319	3.991	9.883
1061	-11.319	3.991	9.883
1098	-11.319	3.991	9.883
1171	-11.319	3.991	11.079
1204	-11.319	3.991	11.082
1214	-11.318	3.991	11.077
1307	-11.318	3.991	11.083
1321	-11.318	3.991	11.093
1323	-11.318	3.991	2.143
1344	-11.318	3.991	5.671
1402	-11.318	3.991	5.671
1305	-11.318	3.993	5.680
1266	-11.317	3.991	5.671
1225	-11.317	3.991	5.671
1230	-11.317	3.991	5.671
1212	-11.316	3.993	5.671
685	-11.174	0.037	5.671
457	-11.174	0.037	5.671
327	-11.169	0.037	5.671
317	-11.169	0.036	5.671
189	-11.158	0.035	11.459
58	-11.157	0.036	11.456
166	-11.157	0.034	5.460
196	-11.157	0.035	5.295
194	-11.156	0.038	5.295
149	-11.152	0.033	5.294
251	-11.145	0.033	5.295
817	-10.989	2.731	10.567
825	-10.989	2.731	10.570
908	-10.989	2.731	10.571
711	-10.988	2.731	10.571
713	-10.988	2.731	10.576
715	-10.988	2.731	10.578
951	-10.986	2.731	11.805
998	-10.986	2.731	11.807
1023	-10.986	2.731	3.087
1029	-10.986	2.731	3.087
1162	-10.986	2.731	3.087
1196	-10.986	2.731	10.591
938	-10.985	2.731	6.195
1238	-10.957	2.734	5.927
903	-10.881	3.794	2.785
460	-10.525	3.972	8.863
1020	-10.379	3.613	3.611
794	-10.362	1.342	3.634
809	-10.362	1.342	3.988
906	-10.362	1.342	6.426
913	-10.362	1.342	6.426
936	-10.362	1.342	6.420
730	-10.361	1.342	6.276
755	-10.361	1.342	4.986
1221	-10.356	1.342	7.315
946	-10.355	1.343	7.315
1097	-10.355	1.343	7.315
1125	-10.355	1.343	7.315
1132	-10.355	1.343	4.990
1170	-10.355	1.343	7.324
1207	-10.355	1.343	7.325
1179	-10.354	1.343	5.226
739	-10.286	2.704	5.373
868	-10.286	2.704	5.371
933	-10.286	2.705	12.266
788	-10.286	2.706	7.638
784	-10.286	2.707	8.933
861	-10.286	2.706	8.572
886	-10.286	2.706	4.435
847	-10.286	2.706	10.455
915	-10.286	2.706	9.856
752	-10.286	2.708	9.856
836	-10.286	2.708	10.480
757	-10.286	2.707	10.483
812	-10.286	2.707	9.883
850	-10.286	2.709	9.884
761	-10.286	2.708	9.884
807	-10.286	2.709	9.884
923	-10.286	2.710	11.081
882	-10.286	2.717	11.084
846	-10.285	2.663	11.078
708	-10.285	2.681	11.084
723	-10.285	2.683	11.095
765	-10.285	2.689	2.145
749	-10.285	2.698	5.671
783	-10.285	2.708	5.672
709	-10.285	2.719	5.681
710	-10.285	2.735	5.671
776	-10.284	2.641	5.671
1229	-10.282	2.690	5.671
29	-10.282	2.702	5.671
1165	-10.282	2.699	5.671
1182	-10.282	2.705	5.671
1258	-10.282	2.704	5.671
980	-10.282	2.708	5.671
1174	-10.282	2.706	5.671
997	-10.282	2.708	5.671
1027	-10.282	2.709	11.460
1055	-10.282	2.712	11.457
1105	-10.282	2.708	5.460
1131	-10.282	2.708	5.295
994	-10.282	2.710	5.295
1056	-10.282	2.710	5.295
1057	-10.282	2.710	5.295
1045	-10.282	2.710	5.281
1154	-10.282	2.709	5.294
1114	-10.282	2.712	5.294
996	-10.282	2.713	5.294
1018	-10.282	2.714	5.377
975	-10.282	2.713	11.662
729	-10.272	2.757	11.651
839	-10.271	3.764	11.650
726	-10.269	2.809	11.678
1133	-10.267	2.707	2.120
766	-10.253	2.880	2.120
848	-10.149	3.672	4.316
863	-10.110	2.502	2.787
927	-10.110	2.514	2.787
727	-10.109	2.492	2.787
894	-10.109	2.522	1.073
952	-10.107	3.685	2.786
772	-10.106	2.488	2.778
1119	-10.106	2.509	2.778
1068	-10.105	2.495	7.257
849	-10.104	2.552	8.886
147	-10.103	2.502	8.886
1201	-10.090	2.526	2.434
1115	-10.088	2.586	2.434
1009	-10.085	2.568	2.433
785	-10.084	2.766	11.354
1185	-10.079	2.595	8.893
1032	-10.067	2.650	8.893
577	-9.949	2.187	12.434
539	-9.948	2.190	12.405
512	-9.947	2.174	8.863
482	-9.947	2.188	10.029
490	-9.947	2.193	3.080
491	-9.947	2.189	8.865
571	-9.947	2.206	3.423
553	-9.947	2.204	3.031
488	-9.946	2.183	3.031
484	-9.946	2.194	4.882
545	-9.941	2.191	4.883
511	-9.920	2.193	4.882
867	-9.915	2.216	11.651
822	-9.915	2.216	2.033
837	-9.915	2.216	2.033
892	-9.915	2.216	2.058
928	-9.915	2.216	2.040
741	-9.913	2.216	11.653
297	-9.905	2.192	11.646
252	-9.903	2.212	3.622
94	-9.902	2.186	3.620
1077	-9.901	2.187	3.620
1082	-9.901	2.215	3.621
118	-9.900	2.190	3.613
127	-9.900	2.194	3.613
133	-9.900	2.193	3.611
168	-9.900	2.193	3.634
233	-9.900	2.194	3.989
75	-9.900	2.196	6.426
113	-9.899	2.193	6.426
59	-9.899	2.196	6.420
136	-9.899	2.205	6.276
348	-9.898	2.207	4.986
102	-9.897	2.192	7.315
456	-9.896	2.197	7.315
6	-9.896	2.212	7.315
319	-9.895	2.227	7.315
70	-9.891	2.215	4.990
33	-9.891	2.226	7.324
100	-9.891	2.242	0.000
74	-9.890	2.214	5.227
387	-9.890	2.222	5.374
129	-9.887	2.176	5.372
116	-9.887	2.241	12.265
72	-9.887	2.254	7.638
109	-9.882	2.248	8.933
120	-9.877	2.221	8.572
80	-9.877	2.284	4.435
328	-9.876	2.251	10.455
64	-9.870	2.283	9.856
264	-9.869	2.308	9.856
199	-9.868	2.246	10.480
158	-9.865	2.308	10.483
338	-9.863	2.266	9.883
793	-9.858	2.623	9.884
798	-9.858	2.623	9.884
818	-9.858	2.624	9.884
832	-9.858	2.623	11.080
842	-9.858	2.624	11.083
865	-9.858	2.624	11.078
910	-9.858	2.623	11.084
767	-9.855	2.624	11.094
150	-9.846	2.254	5.672
1237	-9.843	2.623	5.681
1189	-9.841	2.623	5.672
970	-9.841	2.622	5.672
1000	-9.841	2.623	5.672
1161	-9.841	2.623	5.672
707	-9.841	2.633	5.672
4	-9.839	2.623	5.672
12	-9.839	2.623	5.671
14	-9.839	2.622	5.671
17	-9.839	2.622	5.671
289	-9.839	2.623	5.671
3	-9.839	2.621	11.460
11	-9.839	2.621	11.457
16	-9.839	2.622	5.460
81	-9.831	2.354	5.295
396	-9.814	2.616	5.295
409	-9.814	2.614	5.295
461	-9.814	2.615	5.295
462	-9.814	2.615	5.282
404	-9.814	2.618	5.294
459	-9.814	2.616	5.294
420	-9.814	2.619	5.294
330	-9.813	2.601	5.377
335	-9.813	2.593	11.662
364	-9.811	2.614	11.651
623	-9.811	2.616	11.650
73	-9.810	2.292	11.678
172	-9.807	2.571	2.120
191	-9.807	2.584	2.120
286	-9.807	2.587	6.062
210	-9.806	2.568	6.061
24	-9.806	2.611	6.061
230	-9.806	2.596	6.061
473	-9.762	2.147	10.579
835	-9.731	2.891	3.018
851	-9.731	2.891	3.018
852	-9.731	2.891	3.018
857	-9.731	2.891	4.535
897	-9.731	2.891	3.017
907	-9.731	2.891	5.932
931	-9.731	2.891	3.019
860	-9.731	2.898	3.048
748	-9.730	2.891	4.316
760	-9.730	2.891	2.785
775	-9.730	2.891	2.785
974	-9.722	2.891	2.785
976	-9.722	2.891	2.787
993	-9.722	2.891	2.787
1010	-9.722	2.891	2.787
1030	-9.722	2.891	1.073
1040	-9.722	2.891	2.786
1103	-9.722	2.891	2.778
1112	-9.722	2.891	2.778
1122	-9.722	2.891	7.257
1144	-9.722	2.891	8.886
1151	-9.722	2.891	8.886
1091	-9.715	3.747	2.434
151	-9.707	3.744	11.354
198	-9.676	2.894	3.708
1080	-9.676	2.895	3.711
771	-9.555	3.352	2.058
378	-9.428	2.563	7.315
372	-9.428	2.563	7.315
385	-9.428	2.563	7.315
620	-9.428	2.563	7.315
671	-9.428	2.563	4.990
674	-9.428	2.562	7.325
401	-9.428	2.563	7.325
204	-9.427	2.565	5.226
211	-9.426	2.564	5.373
218	-9.426	2.565	5.371
224	-9.426	2.564	12.265
234	-9.426	2.564	7.638
180	-9.425	2.565	8.933
183	-9.425	2.565	8.572
186	-9.425	2.564	4.435
135	-9.425	2.564	10.455
182	-9.425	2.562	9.856
69	-9.425	2.564	9.856
173	-9.424	2.565	10.480
203	-9.424	2.572	10.483
244	-9.423	2.564	9.883
162	-9.423	2.564	9.884
271	-9.423	2.565	9.884
108	-9.423	2.564	9.884
124	-9.423	2.564	11.080
161	-9.423	2.565	11.083
241	-9.422	2.563	11.078
165	-9.418	2.575	11.084
654	-9.418	2.548	11.094
292	-9.416	2.571	2.144
54	-9.414	2.565	5.672
584	-9.383	2.569	5.681
531	-9.383	2.568	5.672
563	-9.383	2.568	5.672
814	-9.360	2.562	5.671
816	-9.360	2.562	5.671
858	-9.360	2.562	11.460
905	-9.360	2.562	11.457
926	-9.360	2.562	5.460
786	-9.358	2.562	5.295
1052	-9.353	2.562	5.295
947	-9.353	2.562	5.295
963	-9.353	2.562	5.295
965	-9.353	2.562	5.282
1003	-9.353	2.562	5.294
1006	-9.353	2.562	5.294
1038	-9.353	2.562	5.294
1058	-9.353	2.562	5.377
1059	-9.353	2.562	11.662
1070	-9.353	2.562	11.650
1116	-9.353	2.562	11.650
1153	-9.353	2.562	11.678
1156	-9.353	2.562	2.120
1188	-9.353	2.562	2.120
1199	-9.353	2.562	6.062
178	-9.352	2.562	6.061
7	-9.352	2.562	6.061
9	-9.352	2.562	6.061
39	-9.352	2.562	10.726
46	-9.352	2.562	11.850
56	-9.352	2.562	11.852
132	-9.352	2.562	6.063
1015	-9.348	2.561	10.732
986	-9.341	2.589	10.732
98	-9.294	2.501	11.808
371	-9.127	2.563	12.258
596	-9.104	3.437	4.740
103	-9.088	2.366	4.743
633	-9.055	2.461	4.740
529	-9.025	2.528	4.419
123	-9.001	2.513	4.419
323	-8.982	3.549	4.419
41	-8.979	3.574	4.419
1127	-8.910	2.397	4.542
402	-8.764	2.726	3.918
506	-8.662	3.965	11.562
1002	-8.657	3.977	8.047
959	-8.657	3.976	8.162
991	-8.657	3.976	4.032
810	-8.657	3.972	7.700
1219	-8.656	3.973	0.013
1274	-8.656	3.973	12.536
1793	-8.653	3.969	7.697
955	-8.652	3.972	0.015
958	-8.652	3.972	0.017
960	-8.652	3.972	0.017
962	-8.652	3.972	0.017
982	-8.652	3.972	0.017
1050	-8.652	3.972	3.905
1063	-8.652	3.971	0.019
1108	-8.652	3.972	7.711
1109	-8.652	3.972	0.000
1158	-8.652	3.972	3.616
1202	-8.652	3.972	6.141
756	-8.652	3.970	0.894
1194	-8.652	3.972	0.894
1254	-8.648	3.978	0.894
1228	-8.648	3.978	0.893
1234	-8.648	3.978	0.893
105	-8.647	3.971	0.893
939	-8.647	3.971	2.267
510	-8.646	3.969	0.894
502	-8.646	3.971	0.896
600	-8.646	3.971	0.896
1128	-8.646	3.976	8.147
500	-8.646	3.970	7.881
1208	-8.645	3.976	7.881
567	-8.645	3.971	7.881
1062	-8.645	3.976	3.975
470	-8.645	3.972	3.977
582	-8.645	3.970	3.977
1168	-8.644	3.976	12.426
1167	-8.644	3.977	7.900
1211	-8.644	3.975	7.899
485	-8.643	3.963	7.899
536	-8.643	3.991	1.066
480	-8.643	3.970	5.548
495	-8.643	3.970	5.551
235	-8.642	3.973	14.126
226	-8.642	3.973	14.127
202	-8.642	3.976	14.094
216	-8.642	3.976	7.935
220	-8.642	3.976	8.500
232	-8.642	3.976	2.767
214	-8.642	3.977	7.943
418	-8.641	3.973	3.113
406	-8.641	3.971	2.851
465	-8.641	3.973	2.851
407	-8.641	3.973	6.917
410	-8.641	3.973	6.918
426	-8.641	3.973	6.917
445	-8.641	3.973	13.401
675	-8.640	3.966	3.712
48	-8.640	3.975	3.712
346	-8.640	3.974	3.736
628	-8.640	3.974	3.719
360	-8.640	3.973	8.111
369	-8.640	3.974	13.404
659	-8.640	3.973	13.406
44	-8.640	3.975	2.522
61	-8.640	3.975	13.377
62	-8.640	3.975	4.122
187	-8.640	3.975	4.114
354	-8.640	3.974	4.114
67	-8.640	3.978	4.114
134	-8.640	3.974	4.094
639	-8.640	3.978	4.094
661	-8.639	3.977	4.092
91	-8.639	3.977	4.092
270	-8.639	3.975	5.026
277	-8.639	3.976	5.067
285	-8.639	3.969	5.067
112	-8.639	3.975	5.063
125	-8.639	3.976	5.429
268	-8.639	3.974	6.959
85	-8.639	3.975	5.788
140	-8.639	3.975	5.788
258	-8.639	3.975	5.788
1175	-8.639	3.978	5.788
645	-8.629	3.958	6.964
345	-8.626	3.922	5.798
76	-8.552	3.331	6.977
110	-8.267	3.221	4.751
515	-8.224	3.336	4.754
673	-8.138	3.181	3.614
1226	-7.969	3.988	12.684
177	-7.953	3.775	4.579
19	-7.952	3.775	4.429
50	-7.952	3.775	4.429
390	-7.888	3.832	11.549
405	-7.888	3.832	11.548
429	-7.888	3.832	11.550
411	-7.888	3.832	12.403
315	-7.887	3.832	3.916
324	-7.887	3.832	3.916
374	-7.887	3.832	3.916
631	-7.887	3.832	11.559
652	-7.887	3.832	8.026
653	-7.887	3.832	8.141
666	-7.887	3.832	4.051
601	-7.883	3.836	0.033
520	-7.882	3.835	12.536
538	-7.882	3.836	7.675
555	-7.882	3.836	0.046
51	-7.862	3.815	0.019
96	-7.861	3.816	0.019
175	-7.861	3.816	3.916
78	-7.860	3.816	0.016
145	-7.860	3.816	7.689
290	-7.860	3.816	0.032
299	-7.860	3.816	3.614
21	-7.860	3.816	6.119
107	-7.860	3.816	0.876
122	-7.860	3.817	0.876
88	-7.860	3.818	0.876
159	-7.860	3.817	0.875
242	-7.860	3.817	0.875
208	-7.855	3.814	0.876
200	-7.855	3.815	0.878
163	-7.838	3.313	8.130
569	-7.768	3.985	3.969
295	-7.754	3.921	5.528
365	-7.741	3.864	14.106
246	-7.494	3.216	11.549
602	-7.230	3.951	5.804
395	-6.930	3.312	3.916
