1252	-8.095	0.000	0.875
806	-8.091	0.009	0.875
877	-8.091	0.006	0.875
833	-8.091	0.006	2.254
937	-8.091	0.008	0.876
792	-8.091	0.003	0.878
800	-8.091	0.004	0.878
820	-8.091	0.003	8.130
840	-8.091	0.004	7.891
900	-8.091	0.004	7.891
909	-8.091	0.003	7.890
1223	-8.090	0.056	3.968
954	-8.089	0.003	3.969
1094	-8.089	0.004	3.969
1088	-8.089	0.006	12.421
1146	-8.088	0.005	7.909
1123	-8.088	0.004	7.908
1148	-8.088	0.003	7.908
1099	-8.088	0.004	1.086
966	-8.088	0.002	5.528
93	-8.079	0.007	5.531
217	-8.041	0.062	2.849
171	-8.040	0.060	2.849
185	-8.040	0.061	6.900
1087	-7.991	0.018	5.222
950	-7.991	0.020	11.613
1011	-7.991	0.021	11.080
1166	-7.991	0.018	11.080
823	-7.980	2.124	12.248
828	-7.980	2.124	12.253
838	-7.980	2.124	12.261
856	-7.980	2.124	3.855
864	-7.980	2.124	4.751
885	-7.980	2.124	4.751
920	-7.980	2.124	4.754
1236	-7.979	2.124	4.750
1250	-7.979	2.124	4.750
981	-7.977	2.124	4.750
988	-7.977	2.124	4.750
990	-7.977	2.124	4.750
999	-7.977	2.125	4.750
1005	-7.977	2.125	4.751
1096	-7.977	2.124	4.751
1074	-7.977	2.124	4.751
1195	-7.977	2.123	4.750
1197	-7.975	2.103	12.686
439	-7.949	2.102	4.429
684	-7.948	2.106	4.429
408	-7.948	1.783	4.512
1081	-7.946	2.122	4.429
1086	-7.946	2.122	4.429
943	-7.946	2.121	4.429
1039	-7.945	2.134	4.549
1164	-7.945	2.125	12.753
1198	-7.944	2.109	12.741
261	-7.941	2.056	12.740
92	-7.915	1.811	12.769
82	-7.915	1.810	3.931
83	-7.915	1.811	3.931
479	-7.915	1.813	4.111
231	-7.914	1.810	4.111
262	-7.914	1.809	4.111
254	-7.914	1.809	4.111
131	-7.913	1.797	11.683
554	-7.912	1.810	12.438
501	-7.912	1.811	12.440
503	-7.910	1.800	4.115
593	-7.910	1.824	11.688
650	-7.905	1.812	11.688
358	-7.905	1.798	11.545
635	-7.904	1.792	11.545
281	-7.901	1.795	11.548
574	-7.897	1.830	11.549
811	-7.887	1.807	12.405
1012	-7.886	1.806	7.679
137	-7.877	1.809	0.019
77	-7.876	1.810	0.019
412	-7.856	1.868	2.254
240	-7.828	1.878	7.891
84	-7.816	1.657	7.891
422	-7.782	1.895	3.968
566	-7.762	1.970	3.969
284	-7.762	3.013	12.421
99	-7.761	3.009	7.909
79	-7.761	3.013	7.908
333	-7.759	2.984	7.908
589	-7.757	1.961	1.086
115	-7.753	1.969	5.531
341	-7.751	1.938	14.106
543	-7.740	1.990	14.074
692	-7.729	1.937	7.946
477	-7.673	1.967	2.849
351	-7.422	1.909	6.119
294	-7.205	2.493	6.962
416	-6.721	2.870	0.019
382	-6.720	2.870	0.019
68	-6.705	2.867	0.019
660	-6.358	3.932	4.103
640	-6.358	3.925	4.083
591	-6.352	3.927	4.083
556	-6.351	3.930	4.081
148	-6.340	3.902	4.081
170	-6.323	3.913	5.083
174	-6.323	3.914	5.083
121	-6.321	3.914	5.079
126	-6.321	3.938	5.439
257	-6.319	3.912	6.938
237	-6.317	3.917	5.804
