6	-13.585	0.000	0.000
162	-13.372	1.012	4.696
168	-13.372	1.012	4.711
209	-13.372	1.012	4.711
211	-13.372	1.012	4.711
113	-13.371	1.012	3.105
62	-13.371	1.012	3.114
69	-13.371	1.012	11.416
73	-13.371	1.012	4.690
78	-13.371	1.012	4.718
79	-13.371	1.012	4.640
91	-13.371	1.012	4.803
92	-13.371	1.012	4.802
94	-13.371	1.012	4.802
96	-13.371	1.012	4.802
99	-13.371	1.012	4.798
132	-13.371	1.012	4.798
140	-13.371	1.012	4.798
55	-13.369	1.012	4.797
9	-13.353	1.012	4.797
12	-13.353	1.012	4.805
14	-13.353	1.012	4.805
17	-13.353	1.012	11.441
18	-13.353	1.012	3.825
19	-13.353	1.012	3.825
20	-13.353	1.012	3.823
23	-13.353	1.012	5.791
26	-13.353	1.012	5.791
35	-13.348	1.012	5.788
38	-13.348	1.012	8.725
43	-13.348	1.012	3.856
47	-13.348	1.012	3.854
48	-13.294	1.011	3.854
169	-13.257	0.024	4.168
221	-13.257	0.024	8.718
121	-13.256	0.024	8.720
81	-13.255	0.024	18.392
87	-13.255	0.024	11.759
88	-13.255	0.024	18.363
90	-13.255	0.024	3.678
98	-13.255	0.024	4.409
101	-13.255	0.024	4.471
125	-13.255	0.024	3.928
142	-13.255	0.024	8.625
143	-13.255	0.024	4.743
53	-13.253	0.024	4.743
54	-13.253	0.024	8.624
56	-13.253	0.024	8.625
59	-13.253	0.024	8.624
8	-13.235	0.023	6.621
10	-13.235	0.023	6.600
13	-13.235	0.023	6.590
34	-13.229	0.023	6.625
42	-13.229	0.023	6.604
46	-13.229	0.023	9.753
763	-13.176	1.016	9.760
818	-13.176	1.016	17.536
841	-13.176	1.016	4.655
1	-13.175	1.016	17.500
2	-13.175	1.016	5.181
3	-13.175	1.016	5.185
4	-13.175	1.016	5.189
483	-13.175	1.016	5.187
700	-13.175	1.016	5.162
543	-13.173	1.016	5.163
562	-13.173	1.016	5.173
244	-13.171	1.016	5.158
275	-13.171	1.016	17.530
311	-13.171	1.016	0.909
317	-13.171	1.016	0.908
323	-13.171	1.016	0.906
354	-13.171	1.016	0.000
360	-13.171	1.016	17.501
430	-13.171	1.016	1.496
431	-13.171	1.016	1.496
436	-13.171	1.016	1.496
717	-13.068	0.156	1.496
741	-13.068	0.156	9.699
758	-13.068	0.156	1.503
1012	-13.068	0.156	1.504
470	-13.066	0.157	8.132
547	-13.065	0.157	8.132
627	-13.065	0.157	8.129
639	-13.065	0.157	2.592
495	-13.064	0.157	11.168
568	-13.064	0.157	18.758
604	-13.064	0.157	2.791
609	-13.064	0.157	7.642
634	-13.064	0.157	9.958
265	-13.063	0.158	9.552
350	-13.063	0.158	9.992
402	-13.062	0.158	9.992
437	-13.062	0.158	9.991
63	-11.851	1.070	9.573
65	-11.851	1.070	10.006
76	-11.851	1.070	9.572
106	-11.851	1.070	6.287
136	-11.851	1.070	10.433
139	-11.851	1.070	10.430
52	-11.850	1.070	10.433
57	-11.850	1.070	10.434
11	-11.824	1.069	3.896
25	-11.824	1.069	6.278
370	-11.704	1.076	3.894
74	-10.951	1.368	3.825
77	-10.951	1.368	3.823
117	-10.951	1.368	5.791
124	-10.951	1.368	5.791
16	-10.934	1.368	5.788
564	-10.799	1.370	3.678
137	-9.348	3.454	9.409
160	-9.348	3.454	9.409
164	-9.348	3.454	9.669
176	-9.348	3.454	9.669
720	-9.329	3.454	5.014
742	-9.329	3.454	5.014
778	-9.329	3.454	5.015
793	-9.329	3.454	11.426
561	-9.327	3.454	11.266
572	-9.327	3.454	11.378
619	-9.327	3.454	10.972
636	-9.327	3.454	10.973
645	-9.327	3.454	6.301
297	-9.326	3.454	4.705
322	-9.326	3.454	11.416
353	-9.326	3.454	4.696
385	-9.326	3.454	4.711
395	-9.326	3.454	4.711
399	-9.326	3.454	4.711
426	-9.326	3.454	3.105
427	-9.326	3.454	3.114
428	-9.326	3.454	11.416
525	-9.326	3.454	4.690
367	-9.326	3.454	4.718
559	-9.326	3.454	4.639
129	-8.106	2.711	18.079
156	-8.106	2.711	2.168
200	-8.106	2.711	2.168
201	-8.106	2.711	2.168
208	-8.106	2.711	2.168
214	-8.106	2.711	9.020
223	-8.106	2.711	2.172
226	-8.106	2.711	2.173
466	-8.061	2.718	7.128
477	-8.061	2.718	3.430
497	-8.060	2.718	10.450
640	-8.060	2.718	0.000
662	-8.060	2.718	2.951
675	-8.060	2.718	7.091
245	-8.059	2.718	10.143
251	-8.059	2.718	9.708
339	-8.059	2.718	10.177
552	-8.059	2.718	10.176
554	-8.059	2.718	10.175
255	-8.058	2.718	9.727
299	-8.058	2.718	10.190
330	-8.058	2.718	9.726
355	-8.058	2.718	7.218
408	-8.058	2.718	10.506
409	-8.058	2.718	10.502
413	-8.058	2.718	10.506
418	-8.058	2.718	10.506
442	-8.058	2.718	4.698
458	-8.058	2.718	7.208
513	-8.058	2.718	4.696
371	-7.512	3.437	9.202
303	-7.467	2.907	12.022
192	-7.193	2.595	5.067
229	-7.193	2.595	5.081
122	-7.192	2.594	11.430
70	-7.191	2.594	9.589
82	-7.191	2.594	9.586
104	-7.191	2.594	9.586
36	-7.185	2.595	13.336
155	-7.082	1.888	11.303
170	-7.082	1.888	10.391
178	-7.082	1.888	11.314
222	-7.082	1.888	11.314
66	-7.081	1.888	11.322
151	-7.077	3.408	10.413
232	-7.077	3.408	5.953
235	-7.068	3.411	11.669
373	-7.068	3.411	11.665
414	-7.068	3.411	11.666
863	-7.068	3.410	11.665
489	-7.065	3.413	9.758
460	-7.031	1.895	11.949
520	-7.031	1.895	11.940
557	-7.031	1.895	9.200
501	-7.030	1.895	9.200
599	-7.030	1.895	9.302
629	-7.030	1.895	9.200
644	-7.030	1.895	9.279
649	-7.030	1.895	9.201
658	-7.030	1.895	9.202
732	-7.028	1.895	9.201
735	-7.028	1.895	9.202
768	-7.028	1.895	12.029
787	-7.028	1.895	12.022
814	-7.028	1.895	12.022
839	-7.028	1.895	12.022
955	-7.028	1.895	6.240
985	-7.028	1.895	6.240
1048	-7.028	1.895	6.240
695	-7.027	1.896	10.293
934	-7.027	1.896	10.293
84	-7.026	2.607	10.293
694	-7.024	2.596	11.273
752	-7.024	2.596	13.040
764	-7.024	2.596	13.041
883	-7.024	2.596	10.296
886	-7.024	2.596	11.276
1013	-7.024	2.596	11.277
1015	-7.024	2.596	11.183
1052	-7.024	2.596	11.183
248	-7.023	2.596	11.182
433	-7.022	2.596	11.185
260	-6.922	3.624	4.996
204	-6.880	3.299	6.962
218	-6.880	3.299	2.466
219	-6.880	3.299	6.970
173	-6.880	3.091	6.952
210	-6.880	3.091	6.952
89	-6.877	3.091	6.952
240	-6.874	3.299	8.324
254	-6.874	3.299	8.332
256	-6.874	3.299	2.465
262	-6.874	3.299	6.980
264	-6.874	3.299	6.938
273	-6.874	3.299	6.454
278	-6.874	3.299	6.643
279	-6.874	3.299	6.645
287	-6.874	3.299	6.645
289	-6.874	3.299	6.645
301	-6.874	3.299	6.646
302	-6.874	3.299	6.646
309	-6.874	3.299	6.646
319	-6.874	3.299	6.647
337	-6.874	3.299	6.647
362	-6.874	3.299	6.643
374	-6.874	3.299	6.643
378	-6.874	3.299	4.523
401	-6.874	3.299	11.302
404	-6.874	3.299	11.302
411	-6.874	3.299	11.304
452	-6.874	3.299	5.879
457	-6.874	3.299	5.876
510	-6.874	3.299	5.874
523	-6.874	3.299	1.950
691	-6.874	3.299	11.288
885	-6.872	3.298	11.289
1009	-6.862	2.609	7.628
965	-6.862	2.609	1.953
93	-6.837	1.899	1.951
105	-6.835	1.898	11.279
152	-6.785	2.568	16.183
100	-6.785	2.568	11.273
1053	-6.784	1.905	11.964
937	-6.783	1.906	7.576
1074	-6.783	1.906	7.669
575	-6.762	3.175	2.920
363	-6.756	2.570	7.385
698	-6.755	2.570	7.385
776	-6.746	3.094	2.920
779	-6.746	3.094	2.920
154	-6.655	1.777	11.411
167	-6.655	1.777	5.060
196	-6.655	1.777	5.056
197	-6.655	1.777	5.053
198	-6.655	1.777	5.055
1300	-6.633	3.345	5.078
871	-6.630	1.784	5.077
1257	-6.630	3.345	5.067
1259	-6.630	3.345	5.081
1283	-6.630	3.345	11.430
830	-6.628	3.346	9.589
900	-6.628	3.347	9.586
901	-6.628	3.347	9.586
978	-6.628	3.347	9.698
922	-6.628	3.347	13.336
957	-6.628	3.347	10.300
975	-6.628	3.347	10.300
976	-6.628	3.347	10.300
1003	-6.628	3.347	10.301
1061	-6.628	3.347	0.020
861	-6.627	3.347	10.307
907	-6.627	3.347	10.308
926	-6.603	3.099	5.953
757	-6.602	3.098	11.669
825	-6.602	3.098	11.664
1024	-6.602	3.098	11.666
499	-6.601	3.347	11.665
755	-6.601	3.347	9.758
785	-6.601	3.347	5.949
850	-6.601	3.347	9.757
898	-6.601	3.347	9.757
947	-6.601	3.347	9.754
970	-6.601	3.347	9.757
991	-6.601	3.347	9.757
238	-6.601	3.098	9.757
504	-6.600	3.347	9.757
527	-6.600	3.347	9.757
591	-6.600	3.347	9.757
608	-6.600	3.347	9.757
701	-6.600	3.347	9.757
703	-6.600	3.347	9.757
928	-6.600	3.347	9.757
475	-6.599	3.098	11.949
569	-6.481	3.018	9.200
324	-6.481	3.018	9.279
432	-6.481	3.018	9.201
1225	-6.399	3.289	9.202
1276	-6.399	3.289	9.201
1288	-6.399	3.289	9.202
794	-6.393	3.294	12.029
1347	-6.392	3.292	12.022
868	-6.392	3.294	12.022
869	-6.392	3.294	12.021
880	-6.392	3.294	6.240
769	-6.392	3.294	6.240
929	-6.392	3.294	6.240
930	-6.392	3.294	10.293
945	-6.392	3.295	10.293
974	-6.392	3.294	10.293
982	-6.392	3.295	10.293
993	-6.392	3.294	11.273
1021	-6.392	3.294	13.040
1037	-6.392	3.294	13.041
1051	-6.392	3.295	10.296
864	-6.391	3.294	11.276
862	-6.390	3.294	11.277
33	-6.367	3.288	11.183
570	-6.354	3.293	11.182
571	-6.354	3.293	11.184
647	-6.354	3.293	11.185
683	-6.354	3.293	11.189
743	-6.354	3.293	11.192
748	-6.354	3.293	12.981
749	-6.354	3.293	12.982
790	-6.354	3.293	6.565
798	-6.354	3.293	6.565
802	-6.354	3.293	6.565
820	-6.354	3.293	4.607
912	-6.354	3.293	2.515
939	-6.354	3.293	2.482
987	-6.354	3.293	2.226
745	-6.354	3.293	2.226
828	-6.354	3.293	4.996
845	-6.354	3.293	6.962
867	-6.354	3.293	2.467
878	-6.354	3.293	6.971
911	-6.354	3.293	6.953
472	-6.353	3.293	6.953
508	-6.353	3.293	6.953
509	-6.353	3.293	8.324
699	-6.353	3.293	8.332
185	-6.198	2.871	5.081
193	-6.198	2.871	11.431
224	-6.198	2.871	9.589
286	-6.171	2.872	9.757
329	-6.171	2.872	9.757
372	-6.171	2.872	9.754
386	-6.171	2.872	9.757
389	-6.171	2.872	9.757
403	-6.171	2.872	9.757
407	-6.171	2.872	9.757
423	-6.171	2.872	9.757
449	-6.171	2.872	9.757
269	-6.170	2.872	9.757
270	-6.170	2.872	9.757
341	-6.170	2.872	9.757
365	-6.170	2.872	9.757
578	-6.170	2.872	11.949
583	-6.170	2.872	11.940
638	-6.170	2.872	9.200
641	-6.170	2.872	9.200
667	-6.170	2.872	9.302
714	-6.168	2.872	9.200
479	-6.167	2.872	9.279
482	-6.167	2.872	9.201
733	-5.953	3.072	9.202
859	-5.953	3.072	12.029
68	-5.824	2.970	10.293
202	-5.520	3.397	11.302
116	-5.518	3.396	11.302
27	-5.506	3.398	11.304
31	-5.505	3.398	5.879
533	-5.496	3.400	5.876
807	-5.496	3.399	5.874
824	-5.496	3.399	1.951
833	-5.496	3.399	11.288
836	-5.496	3.399	11.288
856	-5.496	3.399	11.288
902	-5.496	3.399	7.628
953	-5.496	3.399	1.953
973	-5.496	3.399	1.951
999	-5.496	3.399	11.279
1019	-5.496	3.399	16.183
1020	-5.496	3.399	11.274
358	-5.495	3.400	11.964
891	-5.242	3.736	3.537
895	-5.242	3.736	11.864
917	-5.242	3.735	2.551
1067	-5.242	3.736	11.672
44	-5.238	3.748	11.686
45	-5.238	3.748	4.004
979	-5.218	3.748	20.493
996	-5.218	3.748	20.493
1006	-5.218	3.748	20.498
696	-5.215	3.749	20.099
249	-5.017	3.103	20.548
