68	-6.185	0.000	6.649
69	-6.185	0.000	3.849
208	-6.185	0.000	3.848
209	-6.185	0.000	7.699
210	-6.185	0.000	7.695
211	-6.185	0.000	7.321
672	-6.125	0.020	5.916
712	-6.125	0.020	5.686
879	-6.125	0.020	5.686
880	-6.125	0.020	5.992
1140	-6.125	0.020	5.992
1154	-6.125	0.020	5.690
1971	-6.125	0.018	5.688
1982	-6.125	0.018	5.399
1983	-6.125	0.018	5.398
285	-6.124	0.020	5.398
286	-6.124	0.020	5.399
461	-6.124	0.020	5.398
462	-6.124	0.020	5.853
463	-6.124	0.020	5.399
464	-6.124	0.020	6.109
532	-6.124	0.020	5.399
533	-6.124	0.020	5.399
534	-6.124	0.020	5.993
535	-6.124	0.020	5.853
536	-6.124	0.020	5.993
537	-6.124	0.020	5.993
632	-6.124	0.020	6.109
633	-6.124	0.020	6.110
397	-6.122	0.018	5.397
398	-6.122	0.018	6.109
399	-6.122	0.018	5.398
400	-6.122	0.018	7.230
401	-6.122	0.018	5.994
402	-6.122	0.018	5.994
403	-6.122	0.018	5.994
404	-6.122	0.018	6.111
405	-6.122	0.018	6.111
406	-6.122	0.018	3.180
407	-6.122	0.018	3.188
549	-6.122	0.018	3.188
580	-6.122	0.018	6.114
581	-6.122	0.018	7.231
582	-6.122	0.018	6.108
583	-6.122	0.018	6.111
584	-6.122	0.018	7.227
642	-6.122	0.018	7.004
1268	-6.122	0.018	7.004
13	-6.122	0.018	7.003
16	-6.122	0.018	6.112
25	-6.122	0.018	7.004
26	-6.122	0.018	6.998
27	-6.122	0.018	6.998
31	-6.122	0.018	5.238
33	-6.122	0.018	5.521
35	-6.122	0.018	7.334
41	-6.122	0.018	5.519
55	-6.122	0.018	5.233
57	-6.122	0.018	4.620
58	-6.122	0.018	4.617
323	-6.122	0.018	6.642
340	-6.122	0.018	6.642
341	-6.122	0.018	6.641
342	-6.122	0.018	6.641
343	-6.122	0.018	6.641
344	-6.122	0.018	6.642
346	-6.122	0.018	6.642
347	-6.122	0.018	3.141
356	-6.122	0.018	9.500
360	-6.122	0.018	4.135
362	-6.122	0.018	3.402
363	-6.122	0.018	5.873
371	-6.122	0.018	2.326
373	-6.122	0.018	2.326
374	-6.122	0.018	3.142
375	-6.122	0.018	11.450
376	-6.122	0.018	3.568
383	-6.122	0.018	3.568
492	-6.122	0.018	3.568
494	-6.122	0.018	3.153
495	-6.122	0.018	2.401
588	-6.122	0.018	4.139
590	-6.122	0.018	3.008
591	-6.122	0.018	3.009
592	-6.122	0.018	9.864
1615	-6.120	0.021	3.010
1617	-6.120	0.021	3.010
1618	-6.120	0.021	2.776
1620	-6.120	0.021	3.007
1623	-6.120	0.021	3.003
1626	-6.120	0.021	3.008
1629	-6.120	0.021	3.007
1637	-6.120	0.021	5.558
1638	-6.120	0.021	4.066
1645	-6.120	0.021	4.876
1651	-6.120	0.021	4.876
1655	-6.120	0.021	4.877
1657	-6.120	0.021	4.879
1661	-6.120	0.021	4.879
1662	-6.120	0.021	4.878
1663	-6.120	0.021	5.185
1668	-6.120	0.021	3.136
1672	-6.120	0.021	6.033
1673	-6.120	0.021	9.687
1675	-6.120	0.021	5.608
1676	-6.120	0.021	5.606
1680	-6.120	0.021	5.637
1682	-6.120	0.021	5.616
1687	-6.120	0.021	3.101
1688	-6.120	0.021	3.101
1689	-6.120	0.021	4.748
1690	-6.120	0.021	4.696
1694	-6.120	0.021	4.750
1696	-6.120	0.021	3.958
1697	-6.120	0.021	3.967
1699	-6.120	0.021	5.491
1705	-6.120	0.021	6.182
1707	-6.120	0.021	5.494
1712	-6.120	0.021	5.244
1714	-6.120	0.021	6.267
1715	-6.120	0.021	6.305
1718	-6.120	0.021	7.119
1728	-6.120	0.021	7.096
1730	-6.120	0.021	7.106
1734	-6.120	0.021	7.086
1735	-6.120	0.021	4.521
1738	-6.120	0.021	4.520
1740	-6.120	0.021	4.520
1744	-6.120	0.021	6.974
1745	-6.120	0.021	7.025
1748	-6.120	0.021	5.254
1001	-6.119	0.020	5.255
1750	-6.119	0.020	5.458
1751	-6.119	0.020	5.394
1753	-6.119	0.020	5.125
1754	-6.119	0.020	5.395
1755	-6.119	0.020	5.126
1756	-6.119	0.020	5.368
1757	-6.119	0.020	12.186
1761	-6.119	0.020	12.183
1762	-6.119	0.020	7.227
1765	-6.119	0.020	1.575
1766	-6.119	0.020	1.576
1768	-6.119	0.020	1.576
1769	-6.119	0.020	1.058
1771	-6.119	0.020	1.061
1774	-6.119	0.020	1.574
1775	-6.119	0.020	1.574
1776	-6.119	0.020	1.012
1778	-6.119	0.020	0.000
1784	-6.119	0.020	6.017
1785	-6.119	0.020	6.018
1790	-6.119	0.020	6.018
1796	-6.119	0.020	6.016
1797	-6.119	0.020	4.817
1800	-6.119	0.020	4.820
1802	-6.119	0.020	4.820
1806	-6.119	0.020	4.818
1808	-6.119	0.020	6.977
1809	-6.119	0.020	6.978
1813	-6.119	0.020	5.903
1815	-6.119	0.020	5.110
1817	-6.119	0.020	4.634
1818	-6.119	0.020	4.638
1819	-6.119	0.020	4.638
1820	-6.119	0.020	5.112
1825	-6.119	0.020	4.639
1827	-6.119	0.020	5.113
1829	-6.119	0.020	6.649
1830	-6.119	0.020	3.849
1831	-6.119	0.020	3.848
1837	-6.119	0.020	7.701
1838	-6.119	0.020	7.695
1840	-6.119	0.020	7.320
1841	-6.119	0.020	5.916
1845	-6.119	0.020	5.686
1846	-6.119	0.020	5.686
1847	-6.119	0.020	5.992
1848	-6.119	0.020	5.992
1849	-6.119	0.020	5.992
1855	-6.119	0.020	5.688
1856	-6.119	0.020	5.399
1857	-6.119	0.020	5.688
1858	-6.119	0.020	5.992
1859	-6.119	0.020	5.399
1862	-6.119	0.020	5.398
1868	-6.119	0.020	5.853
1874	-6.119	0.020	5.399
1877	-6.119	0.020	6.109
1881	-6.119	0.020	5.399
1884	-6.119	0.020	5.399
1887	-6.119	0.020	5.993
1888	-6.119	0.020	5.993
1890	-6.119	0.020	5.993
1891	-6.119	0.020	5.993
1892	-6.119	0.020	6.109
1893	-6.119	0.020	6.109
1895	-6.119	0.020	5.397
1896	-6.119	0.020	6.109
1897	-6.119	0.020	5.398
1899	-6.119	0.020	7.230
1900	-6.119	0.020	5.994
1903	-6.119	0.020	5.994
1906	-6.119	0.020	5.994
1907	-6.119	0.020	6.111
1909	-6.119	0.020	6.111
1910	-6.119	0.020	5.857
1917	-6.119	0.020	3.188
1918	-6.119	0.020	3.188
1920	-6.119	0.020	6.114
1921	-6.119	0.020	7.231
1922	-6.119	0.020	6.108
1924	-6.119	0.020	6.111
1925	-6.119	0.020	7.456
1931	-6.119	0.020	7.004
1932	-6.119	0.020	7.004
1934	-6.119	0.020	7.002
1936	-6.119	0.020	6.112
1937	-6.119	0.020	7.004
102	-6.118	0.018	6.998
103	-6.118	0.018	6.998
105	-6.118	0.018	5.238
106	-6.118	0.018	5.239
108	-6.118	0.018	7.334
116	-6.118	0.018	5.519
119	-6.118	0.018	5.233
121	-6.118	0.018	3.329
124	-6.118	0.018	6.957
125	-6.118	0.018	6.642
969	-6.116	0.019	6.642
731	-6.116	0.019	6.641
732	-6.116	0.019	6.641
733	-6.116	0.019	6.641
930	-6.116	0.019	6.642
947	-6.116	0.019	6.642
949	-6.116	0.019	11.553
950	-6.116	0.019	9.500
951	-6.116	0.019	4.135
1725	-6.063	1.061	3.402
1603	-6.061	1.060	5.873
1604	-6.061	1.060	2.326
1605	-6.061	1.060	2.326
1606	-6.061	1.060	3.142
1607	-6.061	1.060	11.450
1608	-6.061	1.060	3.568
1609	-6.061	1.060	3.568
1610	-6.061	1.060	3.568
1611	-6.061	1.060	3.153
1944	-6.061	1.061	2.401
1950	-6.061	1.061	8.352
1954	-6.061	1.061	3.008
1967	-6.061	1.061	3.009
1978	-6.061	1.061	9.864
1992	-6.061	1.061	3.576
650	-6.060	1.061	3.010
651	-6.060	1.061	2.776
713	-6.060	1.061	3.007
714	-6.060	1.061	3.007
715	-6.060	1.061	3.007
716	-6.060	1.061	3.007
717	-6.060	1.061	5.565
718	-6.060	1.061	4.066
719	-6.060	1.061	4.876
720	-6.060	1.061	4.876
721	-6.060	1.061	4.877
722	-6.060	1.061	3.134
723	-6.060	1.061	4.879
724	-6.060	1.061	4.878
725	-6.060	1.061	4.878
726	-6.060	1.061	3.136
727	-6.060	1.061	3.136
728	-6.060	1.061	2.423
878	-6.060	1.061	5.608
881	-6.060	1.061	5.604
1074	-6.060	1.061	5.637
653	-6.060	1.061	5.616
654	-6.060	1.061	3.100
655	-6.060	1.061	3.101
656	-6.060	1.061	4.749
657	-6.060	1.061	4.696
658	-6.060	1.061	4.750
659	-6.060	1.061	4.487
660	-6.060	1.061	3.967
661	-6.060	1.061	5.491
662	-6.060	1.061	6.185
663	-6.060	1.061	6.182
664	-6.060	1.061	5.244
665	-6.060	1.061	6.267
666	-6.060	1.061	6.305
667	-6.060	1.061	7.120
668	-6.060	1.061	7.096
734	-6.060	1.062	7.107
735	-6.060	1.062	7.084
736	-6.060	1.062	4.521
877	-6.060	1.062	4.520
884	-6.060	1.062	4.520
885	-6.060	1.062	4.966
886	-6.060	1.062	7.020
887	-6.060	1.062	5.254
888	-6.060	1.062	5.253
1194	-6.060	1.062	5.459
284	-6.059	1.060	5.395
465	-6.059	1.060	5.125
9	-6.058	1.061	5.395
10	-6.058	1.061	5.127
11	-6.058	1.061	5.367
12	-6.058	1.061	12.186
14	-6.058	1.061	12.183
15	-6.058	1.061	7.227
17	-6.058	1.061	1.575
18	-6.058	1.061	1.575
19	-6.058	1.061	1.576
20	-6.058	1.061	1.058
21	-6.058	1.061	1.061
22	-6.058	1.061	1.574
23	-6.058	1.061	1.574
24	-6.058	1.061	1.012
28	-6.058	1.061	0.000
29	-6.058	1.061	6.017
30	-6.058	1.061	6.018
32	-6.058	1.061	6.018
34	-6.058	1.061	6.016
36	-6.058	1.061	4.817
37	-6.058	1.061	4.817
38	-6.058	1.061	4.820
39	-6.058	1.061	4.819
40	-6.058	1.061	6.977
42	-6.058	1.061	6.978
43	-6.058	1.061	5.903
44	-6.058	1.061	5.110
45	-6.058	1.061	5.110
46	-6.058	1.061	4.638
47	-6.058	1.061	4.638
48	-6.058	1.061	5.112
49	-6.058	1.061	4.639
50	-6.058	1.061	5.113
51	-6.058	1.061	6.649
52	-6.058	1.061	3.849
53	-6.058	1.061	3.848
54	-6.058	1.061	7.701
56	-6.058	1.061	7.695
296	-6.058	1.061	7.320
297	-6.058	1.061	5.916
298	-6.058	1.061	5.991
299	-6.058	1.061	5.686
300	-6.058	1.061	5.992
301	-6.058	1.061	5.992
302	-6.058	1.061	5.992
303	-6.058	1.061	5.689
304	-6.058	1.061	5.399
305	-6.058	1.061	5.688
306	-6.058	1.061	5.398
307	-6.058	1.061	5.399
308	-6.058	1.061	5.399
309	-6.058	1.061	5.853
310	-6.058	1.061	5.399
311	-6.058	1.061	6.109
312	-6.058	1.061	5.399
313	-6.058	1.061	5.399
314	-6.058	1.061	5.993
315	-6.058	1.061	5.993
316	-6.058	1.061	5.993
317	-6.058	1.061	5.993
318	-6.058	1.061	6.109
319	-6.058	1.061	6.109
320	-6.058	1.061	7.738
321	-6.058	1.061	6.109
322	-6.058	1.061	5.398
326	-6.058	1.061	5.398
327	-6.058	1.061	5.994
328	-6.058	1.061	5.994
329	-6.058	1.061	5.994
330	-6.058	1.061	6.111
331	-6.058	1.061	6.111
332	-6.058	1.061	5.857
333	-6.058	1.061	6.113
334	-6.058	1.061	3.188
335	-6.058	1.061	3.188
345	-6.058	1.061	7.231
348	-6.058	1.061	6.108
349	-6.058	1.061	5.853
350	-6.058	1.061	6.111
351	-6.058	1.061	7.004
352	-6.058	1.061	7.004
353	-6.058	1.061	7.002
354	-6.058	1.061	6.112
355	-6.058	1.061	7.004
359	-6.058	1.061	5.238
361	-6.058	1.061	6.998
364	-6.058	1.061	6.997
365	-6.058	1.061	5.239
366	-6.058	1.061	5.238
367	-6.058	1.061	5.519
368	-6.058	1.061	5.234
369	-6.058	1.061	4.623
370	-6.058	1.061	6.958
372	-6.058	1.061	6.641
377	-6.058	1.061	6.643
378	-6.058	1.061	6.641
379	-6.058	1.061	6.641
380	-6.058	1.061	6.641
381	-6.058	1.061	6.642
382	-6.058	1.061	6.642
384	-6.058	1.061	5.874
386	-6.058	1.061	9.500
387	-6.058	1.061	4.135
388	-6.058	1.061	3.399
389	-6.058	1.061	5.873
390	-6.058	1.061	2.326
391	-6.058	1.061	2.326
392	-6.058	1.061	3.142
393	-6.058	1.061	5.495
394	-6.058	1.061	3.568
395	-6.058	1.061	3.568
396	-6.058	1.061	3.568
467	-6.058	1.061	8.147
477	-6.058	1.061	3.114
478	-6.058	1.061	4.126
479	-6.058	1.061	3.008
493	-6.058	1.061	3.009
546	-6.058	1.061	9.864
547	-6.058	1.061	3.576
548	-6.058	1.061	3.010
550	-6.058	1.061	7.016
579	-6.058	1.061	3.007
586	-6.058	1.061	3.007
587	-6.058	1.061	3.008
589	-6.058	1.061	3.007
607	-6.058	1.061	5.471
608	-6.058	1.061	5.232
609	-6.058	1.061	4.876
610	-6.058	1.061	4.876
611	-6.058	1.061	4.877
612	-6.058	1.061	3.134
803	-6.058	1.061	4.879
804	-6.058	1.061	4.878
639	-6.058	1.061	4.878
640	-6.058	1.061	3.136
641	-6.058	1.061	3.136
643	-6.058	1.061	5.599
644	-6.058	1.061	5.608
104	-6.055	1.061	5.604
107	-6.055	1.061	5.636
109	-6.055	1.061	5.617
110	-6.055	1.061	3.099
111	-6.055	1.061	3.101
112	-6.055	1.061	4.749
113	-6.055	1.061	4.696
114	-6.055	1.061	4.749
115	-6.055	1.061	4.487
117	-6.055	1.061	3.967
118	-6.055	1.061	5.491
120	-6.055	1.061	6.185
122	-6.055	1.061	6.182
123	-6.055	1.061	5.248
1612	-6.047	1.056	6.267
1613	-6.047	1.056	6.305
1614	-6.047	1.056	6.296
1616	-6.047	1.056	7.096
1619	-6.047	1.056	7.108
1621	-6.047	1.056	7.085
1622	-6.047	1.056	4.519
1624	-6.047	1.056	4.520
1625	-6.047	1.056	4.520
1627	-6.047	1.056	6.973
1628	-6.047	1.056	4.967
1630	-6.047	1.056	5.256
1631	-6.047	1.056	5.255
1632	-6.047	1.056	5.459
1633	-6.047	1.056	5.394
1634	-6.047	1.056	5.125
1635	-6.047	1.056	5.395
1636	-6.047	1.056	5.127
1639	-6.047	1.056	5.364
1640	-6.047	1.056	5.150
1641	-6.047	1.056	12.183
1642	-6.047	1.056	7.226
1643	-6.047	1.056	1.574
1644	-6.047	1.056	1.574
1646	-6.047	1.056	1.575
1647	-6.047	1.056	1.057
1648	-6.047	1.056	1.060
1649	-6.047	1.056	1.573
1650	-6.047	1.056	1.573
1652	-6.047	1.056	1.010
1653	-6.047	1.056	0.003
1654	-6.047	1.056	6.017
1656	-6.047	1.056	6.017
1658	-6.047	1.056	6.017
1659	-6.047	1.056	6.016
1660	-6.047	1.056	4.817
1664	-6.047	1.056	4.817
1665	-6.047	1.056	4.820
1666	-6.047	1.056	4.819
1667	-6.047	1.056	6.978
1669	-6.047	1.056	6.979
1670	-6.047	1.056	5.902
1671	-6.047	1.056	4.633
1674	-6.047	1.056	5.110
1677	-6.047	1.056	4.638
1678	-6.047	1.056	4.638
1679	-6.047	1.056	5.112
1681	-6.047	1.056	5.113
1683	-6.047	1.056	5.113
1684	-6.047	1.056	6.649
1685	-6.047	1.056	3.848
1686	-6.047	1.056	3.848
1691	-6.047	1.056	3.848
1692	-6.047	1.056	7.695
1693	-6.047	1.056	7.320
1695	-6.047	1.056	5.916
1698	-6.047	1.056	5.990
1700	-6.047	1.056	5.685
1701	-6.047	1.056	5.852
1702	-6.047	1.056	5.992
1703	-6.047	1.056	5.992
1704	-6.047	1.056	5.916
1706	-6.047	1.056	5.688
1708	-6.047	1.056	5.688
1709	-6.047	1.056	5.399
1710	-6.047	1.056	5.399
1711	-6.047	1.056	5.399
1713	-6.047	1.056	5.853
1716	-6.047	1.056	5.399
1717	-6.047	1.056	6.108
1719	-6.047	1.056	5.399
1720	-6.047	1.056	5.399
1721	-6.047	1.056	5.993
1722	-6.047	1.056	5.993
1723	-6.047	1.056	5.993
1724	-6.047	1.056	5.993
1726	-6.047	1.056	6.110
1727	-6.047	1.056	6.109
1729	-6.047	1.056	7.738
1731	-6.047	1.056	6.109
1732	-6.047	1.056	7.738
1733	-6.047	1.056	5.398
1736	-6.047	1.056	5.853
1737	-6.047	1.056	5.993
1739	-6.047	1.056	5.993
1741	-6.047	1.056	6.110
1742	-6.047	1.056	6.110
1743	-6.047	1.056	6.109
1746	-6.047	1.056	6.112
1747	-6.047	1.056	3.187
1749	-6.047	1.056	3.187
1752	-6.046	1.056	6.114
1758	-6.046	1.056	6.108
1759	-6.046	1.056	5.852
1760	-6.046	1.056	6.110
1763	-6.046	1.056	6.111
1764	-6.046	1.056	7.003
1767	-6.046	1.056	7.002
1770	-6.046	1.056	6.111
1772	-6.046	1.056	7.004
1773	-6.046	1.056	5.521
1777	-6.046	1.056	6.998
1779	-6.046	1.056	6.997
1780	-6.046	1.056	5.239
1781	-6.046	1.056	5.238
1782	-6.046	1.056	5.519
1783	-6.046	1.056	5.234
1786	-6.046	1.056	3.958
1787	-6.046	1.056	6.957
1788	-6.046	1.056	6.641
1789	-6.046	1.056	6.642
1791	-6.046	1.056	6.641
1792	-6.046	1.056	6.641
1793	-6.046	1.056	6.641
1794	-6.046	1.056	6.642
1795	-6.046	1.056	6.642
1798	-6.046	1.056	5.875
1799	-6.046	1.056	9.498
1801	-6.046	1.056	9.499
1803	-6.046	1.056	3.399
1804	-6.046	1.056	5.874
1805	-6.046	1.056	2.325
1807	-6.046	1.056	2.325
1810	-6.046	1.056	3.141
1811	-6.046	1.056	4.136
1812	-6.046	1.056	3.908
1814	-6.046	1.056	3.567
1816	-6.046	1.056	3.567
1821	-6.046	1.056	3.567
1822	-6.046	1.056	4.132
1823	-6.046	1.056	4.128
1824	-6.046	1.056	2.130
1826	-6.046	1.056	3.010
1828	-6.046	1.056	9.862
1832	-6.046	1.056	3.575
1833	-6.046	1.056	3.576
1834	-6.046	1.056	7.016
1835	-6.046	1.056	3.007
1836	-6.046	1.056	3.008
1839	-6.046	1.056	3.008
1842	-6.046	1.056	3.008
1843	-6.046	1.056	5.470
1844	-6.046	1.056	5.229
1850	-6.046	1.056	4.877
1851	-6.046	1.056	4.877
1852	-6.046	1.056	4.881
1853	-6.046	1.056	3.134
1854	-6.046	1.056	4.880
1860	-6.046	1.056	4.879
1861	-6.046	1.056	4.879
1863	-6.046	1.056	3.136
1864	-6.046	1.056	3.135
1865	-6.046	1.056	5.599
1866	-6.046	1.056	5.608
1867	-6.046	1.056	5.604
1869	-6.046	1.056	5.638
1870	-6.046	1.056	5.617
1871	-6.046	1.056	3.098
1872	-6.046	1.056	3.102
1873	-6.046	1.056	4.750
1875	-6.046	1.056	4.696
1876	-6.046	1.056	4.700
1878	-6.046	1.056	4.487
1879	-6.046	1.056	3.966
1880	-6.046	1.056	5.492
1882	-6.046	1.056	6.185
1883	-6.046	1.056	6.182
1885	-6.046	1.056	5.248
1886	-6.046	1.056	11.608
1889	-6.046	1.056	6.305
1894	-6.046	1.056	6.296
1898	-6.046	1.056	7.096
1901	-6.046	1.056	7.106
1902	-6.046	1.056	7.085
1904	-6.046	1.056	4.520
1905	-6.046	1.056	4.521
1908	-6.046	1.056	4.521
1911	-6.046	1.056	6.974
1916	-6.046	1.056	4.968
1919	-6.046	1.056	5.256
1923	-6.046	1.056	5.255
1926	-6.046	1.056	5.458
1927	-6.046	1.056	5.394
1928	-6.046	1.056	5.125
1929	-6.046	1.056	5.395
1930	-6.046	1.056	5.127
1933	-6.046	1.056	5.364
1935	-6.046	1.056	5.371
645	-6.044	1.057	12.182
948	-6.044	1.057	7.228
1005	-6.044	1.057	1.574
671	-5.965	2.878	1.574
675	-5.965	2.878	1.575
677	-5.965	2.878	1.057
679	-5.965	2.878	1.060
682	-5.965	2.878	1.573
683	-5.965	2.878	1.573
684	-5.965	2.878	1.010
686	-5.965	2.878	0.003
688	-5.965	2.878	6.017
690	-5.965	2.878	6.017
691	-5.965	2.878	6.017
692	-5.965	2.878	6.016
868	-5.965	2.878	4.817
939	-5.965	2.878	4.817
941	-5.965	2.878	4.819
1009	-5.965	2.878	4.820
1011	-5.965	2.878	6.978
1012	-5.965	2.878	6.979
1050	-5.965	2.878	5.902
1083	-5.965	2.878	4.633
1137	-5.965	2.878	5.110
1139	-5.965	2.878	4.638
1141	-5.965	2.878	4.638
1142	-5.965	2.878	5.112
1145	-5.965	2.878	5.113
1146	-5.965	2.878	5.113
1148	-5.965	2.878	5.113
1150	-5.965	2.878	3.848
1151	-5.965	2.878	3.848
1152	-5.965	2.878	3.848
1153	-5.965	2.878	5.742
1163	-5.965	2.878	7.320
1173	-5.965	2.878	5.916
1178	-5.965	2.878	5.990
4	-5.964	2.878	5.685
5	-5.964	2.878	5.852
6	-5.964	2.878	5.992
7	-5.964	2.878	5.992
254	-5.964	2.878	5.916
257	-5.964	2.878	5.688
259	-5.964	2.878	5.991
260	-5.964	2.878	5.399
263	-5.964	2.878	5.399
265	-5.964	2.878	5.399
266	-5.964	2.878	5.853
267	-5.964	2.878	5.853
268	-5.964	2.878	5.689
269	-5.964	2.878	5.399
270	-5.964	2.878	5.399
271	-5.964	2.878	5.399
272	-5.964	2.878	5.993
273	-5.964	2.878	5.993
274	-5.964	2.878	5.993
277	-5.964	2.878	6.110
281	-5.964	2.878	6.109
282	-5.964	2.878	7.738
283	-5.964	2.878	6.109
293	-5.964	2.878	6.109
336	-5.964	2.878	5.398
337	-5.964	2.878	5.398
385	-5.964	2.878	5.993
430	-5.964	2.878	5.849
438	-5.964	2.878	6.110
441	-5.964	2.878	6.110
443	-5.964	2.878	6.109
444	-5.964	2.878	3.180
468	-5.964	2.878	3.187
470	-5.964	2.878	3.187
480	-5.964	2.878	6.114
481	-5.964	2.878	5.852
482	-5.964	2.878	5.852
485	-5.964	2.878	6.110
497	-5.964	2.878	6.111
499	-5.964	2.878	7.003
500	-5.964	2.878	7.003
523	-5.964	2.878	6.111
525	-5.964	2.878	5.521
526	-5.964	2.878	7.003
545	-5.964	2.878	6.998
560	-5.964	2.878	6.997
561	-5.964	2.878	5.239
562	-5.964	2.878	5.238
563	-5.964	2.878	5.519
564	-5.964	2.878	5.234
565	-5.964	2.878	7.333
566	-5.964	2.878	6.963
567	-5.964	2.878	6.641
568	-5.964	2.878	6.642
569	-5.964	2.878	6.641
570	-5.964	2.878	6.641
571	-5.964	2.878	6.641
572	-5.964	2.878	6.642
573	-5.964	2.878	6.642
574	-5.964	2.878	5.875
576	-5.964	2.878	3.140
578	-5.964	2.878	9.499
70	-5.963	2.878	4.143
71	-5.963	2.878	5.874
72	-5.963	2.878	2.325
73	-5.963	2.878	2.325
74	-5.963	2.878	3.141
75	-5.963	2.878	4.136
76	-5.963	2.878	6.799
77	-5.963	2.878	3.567
78	-5.963	2.878	3.567
89	-5.963	2.878	3.567
92	-5.963	2.878	2.333
190	-5.963	2.878	4.128
191	-5.963	2.878	3.009
192	-5.963	2.878	3.010
213	-5.963	2.878	9.862
216	-5.963	2.878	3.576
217	-5.963	2.878	3.010
218	-5.963	2.878	8.953
219	-5.963	2.878	3.007
221	-5.963	2.878	3.008
224	-5.963	2.878	3.008
225	-5.963	2.878	3.008
226	-5.963	2.878	5.470
227	-5.963	2.878	5.229
230	-5.963	2.878	4.877
231	-5.963	2.878	4.877
232	-5.963	2.878	4.072
233	-5.963	2.878	4.880
236	-5.963	2.878	4.880
237	-5.963	2.878	4.879
238	-5.963	2.878	4.879
240	-5.963	2.878	3.136
241	-5.963	2.878	3.136
243	-5.963	2.878	6.045
244	-5.963	2.878	5.608
247	-5.963	2.878	5.604
248	-5.963	2.878	5.638
1975	-5.950	2.886	5.617
1021	-5.930	2.873	3.098
670	-5.821	1.673	3.102
1008	-5.821	1.673	4.750
1085	-5.821	1.673	4.696
279	-5.820	1.673	4.700
420	-5.820	1.673	4.487
421	-5.820	1.673	5.587
422	-5.820	1.673	5.492
423	-5.820	1.673	5.489
424	-5.820	1.673	6.183
503	-5.820	1.673	5.248
504	-5.820	1.673	5.245
505	-5.820	1.673	6.268
506	-5.820	1.673	6.297
507	-5.820	1.673	7.096
508	-5.820	1.673	7.109
509	-5.820	1.673	7.109
510	-5.820	1.673	4.520
511	-5.820	1.673	4.521
512	-5.820	1.673	4.521
513	-5.820	1.673	6.974
514	-5.820	1.673	4.968
530	-5.820	1.673	5.256
531	-5.820	1.673	5.255
619	-5.820	1.673	5.459
100	-5.818	1.674	5.394
101	-5.818	1.674	5.125
129	-5.818	1.674	5.124
1	-5.578	3.974	5.127
2	-5.578	3.974	5.363
3	-5.578	3.974	5.372
8	-5.578	3.974	12.182
59	-5.578	3.974	12.200
60	-5.578	3.974	1.580
61	-5.578	3.974	1.580
62	-5.578	3.974	1.581
63	-5.578	3.974	1.064
64	-5.578	3.974	1.063
65	-5.578	3.974	1.579
66	-5.578	3.974	1.579
67	-5.578	3.974	1.017
251	-5.578	3.974	1.017
252	-5.578	3.974	0.000
253	-5.578	3.974	6.019
255	-5.578	3.974	6.019
256	-5.578	3.974	6.018
258	-5.578	3.974	4.817
261	-5.578	3.974	4.817
262	-5.578	3.974	4.820
264	-5.578	3.974	4.820
275	-5.578	3.974	1.243
276	-5.578	3.974	1.239
278	-5.578	3.974	5.904
280	-5.578	3.974	4.633
287	-5.578	3.974	5.108
288	-5.578	3.974	4.638
289	-5.578	3.974	4.637
290	-5.578	3.974	5.110
291	-5.578	3.974	5.111
292	-5.578	3.974	4.637
294	-5.578	3.974	5.111
295	-5.578	3.974	3.852
324	-5.578	3.974	3.852
325	-5.578	3.974	3.852
338	-5.578	3.974	7.701
339	-5.578	3.974	7.320
357	-5.578	3.974	5.918
358	-5.578	3.974	5.919
408	-5.578	3.974	5.684
409	-5.578	3.974	5.854
410	-5.578	3.974	5.994
411	-5.578	3.974	5.994
412	-5.578	3.974	5.687
413	-5.578	3.974	5.686
414	-5.578	3.974	5.993
415	-5.578	3.974	5.394
416	-5.578	3.974	5.394
417	-5.578	3.974	5.395
418	-5.578	3.974	5.855
419	-5.578	3.974	5.855
425	-5.578	3.974	5.394
426	-5.578	3.974	5.395
427	-5.578	3.974	5.395
428	-5.578	3.974	5.395
429	-5.578	3.974	5.995
431	-5.578	3.974	5.994
432	-5.578	3.974	5.994
433	-5.578	3.974	5.994
434	-5.578	3.974	6.111
435	-5.578	3.974	7.739
436	-5.578	3.974	6.111
437	-5.578	3.974	5.393
439	-5.578	3.974	5.393
440	-5.578	3.974	5.393
442	-5.578	3.974	5.995
445	-5.578	3.974	5.858
446	-5.578	3.974	6.112
447	-5.578	3.974	6.112
448	-5.578	3.974	6.111
449	-5.578	3.974	3.184
450	-5.578	3.974	3.192
451	-5.578	3.974	3.192
452	-5.578	3.974	6.116
453	-5.578	3.974	5.854
454	-5.578	3.974	5.854
455	-5.578	3.974	6.113
456	-5.578	3.974	6.113
457	-5.578	3.974	7.003
458	-5.578	3.974	7.003
459	-5.578	3.974	6.114
460	-5.578	3.974	5.517
466	-5.578	3.974	7.003
469	-5.578	3.974	5.234
471	-5.578	3.974	6.997
472	-5.578	3.974	5.234
473	-5.578	3.974	5.233
474	-5.578	3.974	5.515
475	-5.578	3.974	5.515
476	-5.578	3.974	7.334
483	-5.578	3.974	6.957
484	-5.578	3.974	6.640
486	-5.578	3.974	6.642
487	-5.578	3.974	6.641
488	-5.578	3.974	6.640
489	-5.578	3.974	6.641
490	-5.578	3.974	6.642
491	-5.578	3.974	6.642
496	-5.578	3.974	5.869
498	-5.578	3.974	11.558
501	-5.578	3.974	9.506
502	-5.578	3.974	4.138
515	-5.578	3.974	5.868
516	-5.578	3.974	4.132
517	-5.578	3.974	2.328
518	-5.578	3.974	3.155
519	-5.578	3.974	4.131
520	-5.578	3.974	11.460
521	-5.578	3.974	3.568
522	-5.578	3.974	3.568
524	-5.578	3.974	3.568
527	-5.578	3.974	2.336
528	-5.578	3.974	4.123
529	-5.578	3.974	2.128
551	-5.578	3.974	3.005
552	-5.578	3.974	9.869
553	-5.578	3.974	9.870
554	-5.578	3.974	3.006
555	-5.578	3.974	8.356
556	-5.578	3.974	3.002
557	-5.578	3.974	3.003
558	-5.578	3.974	3.004
559	-5.578	3.974	3.004
575	-5.578	3.974	5.470
577	-5.578	3.974	5.223
585	-5.578	3.974	4.874
594	-5.578	3.974	4.874
595	-5.578	3.974	4.069
596	-5.578	3.974	4.873
597	-5.578	3.974	4.877
598	-5.578	3.974	4.875
599	-5.578	3.974	4.875
600	-5.578	3.974	3.136
601	-5.578	3.974	3.136
602	-5.578	3.974	11.622
603	-5.578	3.974	5.608
604	-5.578	3.974	5.605
605	-5.578	3.974	5.633
606	-5.578	3.974	5.612
613	-5.578	3.974	5.350
614	-5.578	3.974	3.097
616	-5.578	3.974	4.695
618	-5.578	3.974	4.697
620	-5.578	3.974	4.701
621	-5.578	3.974	4.487
622	-5.578	3.974	5.581
623	-5.578	3.974	5.486
624	-5.578	3.974	5.584
625	-5.578	3.974	6.182
626	-5.578	3.974	5.248
627	-5.578	3.974	5.243
628	-5.578	3.974	6.264
629	-5.578	3.974	6.295
630	-5.578	3.974	7.091
631	-5.578	3.974	7.106
646	-5.578	3.974	7.104
647	-5.578	3.974	4.514
648	-5.578	3.974	4.515
649	-5.578	3.974	4.515
652	-5.578	3.974	6.970
669	-5.578	3.974	4.968
673	-5.578	3.974	5.255
674	-5.578	3.974	5.255
676	-5.578	3.974	5.114
678	-5.578	3.974	5.392
680	-5.578	3.974	5.123
681	-5.578	3.974	5.124
685	-5.578	3.974	5.125
687	-5.578	3.974	5.364
689	-5.578	3.974	5.373
793	-5.578	3.974	12.189
794	-5.578	3.974	12.189
795	-5.578	3.974	5.623
796	-5.578	3.974	5.623
797	-5.578	3.974	5.623
798	-5.578	3.974	5.538
799	-5.578	3.974	5.538
800	-5.578	3.974	5.625
801	-5.578	3.974	5.625
802	-5.578	3.974	5.570
807	-5.578	3.974	5.570
808	-5.578	3.974	6.017
809	-5.578	3.974	0.001
810	-5.578	3.974	0.001
811	-5.578	3.974	0.001
812	-5.578	3.974	6.138
813	-5.578	3.974	6.138
867	-5.578	3.974	6.136
931	-5.578	3.974	6.136
940	-5.578	3.974	6.002
942	-5.578	3.974	11.698
944	-5.578	3.974	0.967
968	-5.578	3.974	6.189
1002	-5.578	3.974	5.752
1004	-5.578	3.974	5.846
1061	-5.578	3.974	5.845
1097	-5.578	3.974	5.752
1138	-5.578	3.974	5.845
1147	-5.578	3.974	5.845
1149	-5.578	3.974	5.752
1157	-5.578	3.974	6.083
1158	-5.578	3.974	5.723
1165	-5.578	3.974	5.723
1172	-5.578	3.974	6.323
1235	-5.578	3.974	6.039
1239	-5.578	3.974	4.790
79	-5.577	3.974	0.163
80	-5.577	3.974	5.818
81	-5.577	3.974	0.826
82	-5.577	3.974	0.993
83	-5.577	3.974	0.993
84	-5.577	3.974	5.812
85	-5.577	3.974	5.812
86	-5.577	3.974	0.992
87	-5.577	3.974	5.793
88	-5.577	3.974	5.793
90	-5.577	3.974	5.794
91	-5.577	3.974	0.825
93	-5.577	3.974	0.825
94	-5.577	3.974	5.786
95	-5.577	3.974	5.785
96	-5.577	3.974	5.785
97	-5.577	3.974	5.785
98	-5.577	3.974	0.996
99	-5.577	3.974	0.996
126	-5.577	3.974	0.996
127	-5.577	3.974	0.996
128	-5.577	3.974	0.537
130	-5.577	3.974	9.097
131	-5.577	3.974	0.536
132	-5.577	3.974	5.771
133	-5.577	3.974	5.772
134	-5.577	3.974	5.770
135	-5.577	3.974	0.998
136	-5.577	3.974	0.826
137	-5.577	3.974	0.540
138	-5.577	3.974	0.540
139	-5.577	3.974	0.540
140	-5.577	3.974	5.650
141	-5.577	3.974	5.650
142	-5.577	3.974	5.650
143	-5.577	3.974	0.542
144	-5.577	3.974	0.832
145	-5.577	3.974	0.990
146	-5.577	3.974	0.538
147	-5.577	3.974	0.538
148	-5.577	3.974	4.076
149	-5.577	3.974	5.944
150	-5.577	3.974	0.539
151	-5.577	3.974	5.944
152	-5.577	3.974	5.944
153	-5.577	3.974	4.090
154	-5.577	3.974	4.089
155	-5.577	3.974	5.808
156	-5.577	3.974	5.801
157	-5.577	3.974	5.939
158	-5.577	3.974	5.940
159	-5.577	3.974	9.252
160	-5.577	3.974	4.385
161	-5.577	3.974	4.314
162	-5.577	3.974	4.313
163	-5.577	3.974	4.325
164	-5.577	3.974	4.317
165	-5.577	3.974	4.317
166	-5.577	3.974	4.313
167	-5.577	3.974	4.313
168	-5.577	3.974	6.267
169	-5.577	3.974	4.403
170	-5.577	3.974	11.004
171	-5.577	3.974	4.368
172	-5.577	3.974	8.737
173	-5.577	3.974	8.737
174	-5.577	3.974	4.361
175	-5.577	3.974	4.361
176	-5.577	3.974	4.401
177	-5.577	3.974	14.214
178	-5.577	3.974	4.470
179	-5.577	3.974	4.470
180	-5.577	3.974	4.470
181	-5.577	3.974	4.355
182	-5.577	3.974	8.049
183	-5.577	3.974	5.129
184	-5.577	3.974	4.993
185	-5.577	3.974	11.424
186	-5.577	3.974	11.425
187	-5.577	3.974	4.993
188	-5.577	3.974	4.602
189	-5.577	3.974	4.874
193	-5.577	3.974	4.874
194	-5.577	3.974	4.873
195	-5.577	3.974	4.873
196	-5.577	3.974	4.153
197	-5.577	3.974	5.639
198	-5.577	3.974	8.072
199	-5.577	3.974	8.564
200	-5.577	3.974	8.075
201	-5.577	3.974	8.073
202	-5.577	3.974	8.567
203	-5.577	3.974	8.564
204	-5.577	3.974	8.566
205	-5.577	3.974	4.066
206	-5.577	3.974	4.067
207	-5.577	3.974	5.891
212	-5.577	3.974	6.984
214	-5.577	3.974	6.979
215	-5.577	3.974	5.325
220	-5.577	3.974	5.305
222	-5.577	3.974	1.118
223	-5.577	3.974	4.836
228	-5.577	3.974	1.148
229	-5.577	3.974	5.966
234	-5.577	3.974	5.973
235	-5.577	3.974	2.510
239	-5.577	3.974	4.867
242	-5.577	3.974	8.136
245	-5.577	3.974	7.223
246	-5.577	3.974	8.032
249	-5.577	3.974	7.253
250	-5.577	3.974	7.247
694	-4.348	3.826	4.801
695	-4.348	3.826	4.836
696	-4.348	3.826	5.460
697	-4.348	3.826	5.478
698	-4.348	3.826	5.484
699	-4.348	3.826	5.804
700	-4.348	3.826	5.804
701	-4.348	3.826	5.806
702	-4.348	3.826	5.806
703	-4.348	3.826	6.606
704	-4.348	3.826	2.662
705	-4.348	3.826	2.667
706	-4.348	3.826	3.244
707	-4.348	3.826	3.259
708	-4.348	3.826	12.293
709	-4.348	3.826	2.954
729	-4.348	3.826	2.953
730	-4.348	3.826	6.608
814	-4.348	3.826	6.620
815	-4.348	3.826	13.350
816	-4.348	3.826	13.350
817	-4.348	3.826	5.623
819	-4.348	3.826	5.623
820	-4.348	3.826	5.623
821	-4.348	3.826	5.538
822	-4.348	3.826	5.538
862	-4.348	3.826	5.625
863	-4.348	3.826	5.625
864	-4.348	3.827	5.570
865	-4.348	3.826	5.570
866	-4.348	3.826	6.017
883	-4.348	3.826	12.076
891	-4.348	3.826	0.001
892	-4.348	3.826	0.001
893	-4.348	3.826	6.138
894	-4.348	3.826	6.138
895	-4.348	3.826	6.136
896	-4.348	3.826	6.136
897	-4.348	3.826	6.002
898	-4.348	3.826	11.698
900	-4.348	3.826	0.967
901	-4.348	3.826	6.189
902	-4.348	3.826	6.189
903	-4.348	3.826	5.846
905	-4.348	3.826	5.845
907	-4.348	3.826	5.752
908	-4.348	3.826	5.845
911	-4.348	3.826	5.845
912	-4.348	3.826	5.752
913	-4.348	3.826	11.908
916	-4.348	3.826	5.723
918	-4.348	3.826	5.723
919	-4.348	3.826	6.323
920	-4.348	3.826	6.038
921	-4.348	3.826	4.790
922	-4.348	3.826	0.163
923	-4.348	3.826	5.818
925	-4.348	3.826	0.826
926	-4.348	3.826	0.993
927	-4.348	3.826	0.993
928	-4.348	3.826	5.814
934	-4.348	3.826	5.812
935	-4.348	3.826	5.795
936	-4.348	3.826	5.793
937	-4.348	3.826	5.793
938	-4.348	3.826	5.794
963	-4.348	3.826	5.808
964	-4.348	3.826	0.825
965	-4.348	3.826	0.723
966	-4.348	3.826	5.785
967	-4.348	3.826	5.785
970	-4.348	3.826	5.785
984	-4.348	3.826	0.996
986	-4.348	3.826	0.996
987	-4.348	3.826	0.996
989	-4.348	3.826	0.996
992	-4.348	3.826	0.537
993	-4.348	3.826	9.097
994	-4.348	3.826	0.536
996	-4.348	3.826	5.771
1006	-4.348	3.826	5.772
1010	-4.348	3.826	8.420
1022	-4.348	3.826	0.998
1023	-4.348	3.826	0.826
1024	-4.348	3.826	0.999
1025	-4.348	3.826	0.540
1026	-4.348	3.826	0.998
1039	-4.348	3.826	5.650
1040	-4.348	3.827	5.650
1042	-4.348	3.826	5.650
1043	-4.348	3.826	0.542
1044	-4.348	3.826	0.988
1045	-4.348	3.826	0.990
1047	-4.348	3.826	0.538
1048	-4.348	3.826	0.538
1049	-4.348	3.826	4.076
1057	-4.348	3.826	4.076
1060	-4.348	3.826	0.539
1062	-4.348	3.826	5.944
1080	-4.348	3.826	4.075
1081	-4.348	3.826	4.090
1082	-4.348	3.826	4.088
1086	-4.348	3.826	5.808
1087	-4.348	3.826	5.801
1090	-4.348	3.826	5.939
1091	-4.348	3.826	5.939
1092	-4.348	3.826	0.900
1096	-4.348	3.826	4.383
1098	-4.348	3.826	14.572
1099	-4.348	3.826	4.313
1102	-4.348	3.826	4.313
1104	-4.348	3.826	4.317
1105	-4.348	3.826	4.317
1106	-4.348	3.826	4.313
1107	-4.348	3.826	4.313
1112	-4.348	3.826	6.267
1114	-4.348	3.826	4.403
1115	-4.348	3.826	11.003
1117	-4.348	3.826	4.367
1126	-4.348	3.826	8.737
1133	-4.348	3.826	6.258
1136	-4.348	3.826	4.361
1144	-4.348	3.826	4.361
1155	-4.348	3.826	4.401
1170	-4.348	3.826	14.214
1175	-4.348	3.826	4.470
1176	-4.348	3.826	4.470
1177	-4.348	3.826	4.470
1179	-4.348	3.826	5.207
1185	-4.348	3.826	8.049
1201	-4.348	3.826	5.129
1202	-4.348	3.826	4.993
1203	-4.348	3.826	11.424
1204	-4.348	3.826	11.425
1205	-4.348	3.826	4.993
1206	-4.348	3.826	4.993
1207	-4.348	3.826	4.874
1208	-4.348	3.826	4.874
1209	-4.348	3.826	4.873
1210	-4.348	3.826	4.873
1214	-4.348	3.826	4.153
1215	-4.348	3.826	5.639
1216	-4.348	3.826	8.072
1218	-4.348	3.826	8.564
1221	-4.348	3.826	8.564
1222	-4.348	3.826	8.567
1224	-4.348	3.826	8.567
1225	-4.348	3.826	8.565
1226	-4.348	3.826	8.566
1227	-4.348	3.826	4.066
1228	-4.348	3.826	4.067
1229	-4.348	3.826	5.838
1230	-4.348	3.826	11.337
1231	-4.348	3.826	6.979
1232	-4.348	3.826	5.325
1233	-4.348	3.826	5.305
1234	-4.348	3.826	5.308
1236	-4.348	3.826	4.836
1237	-4.348	3.826	1.137
1238	-4.348	3.826	5.967
1240	-4.348	3.826	5.973
1243	-4.348	3.826	6.835
1244	-4.348	3.826	4.867
1246	-4.348	3.826	8.136
1247	-4.348	3.826	7.223
1249	-4.348	3.826	8.032
1939	-4.340	3.824	7.253
1940	-4.340	3.824	7.247
1941	-4.340	3.824	4.801
1945	-4.340	3.824	4.836
1949	-4.340	3.824	5.460
1951	-4.340	3.824	5.478
1953	-4.340	3.824	5.492
1955	-4.340	3.824	5.804
1956	-4.340	3.824	5.804
1957	-4.340	3.824	5.806
1958	-4.340	3.824	5.806
1960	-4.340	3.824	6.607
1988	-4.340	3.824	2.657
1991	-4.340	3.824	2.662
1993	-4.340	3.824	12.272
1995	-4.340	3.824	3.517
1997	-4.340	3.824	12.293
1031	-4.338	3.824	2.953
1033	-4.338	3.824	2.953
1181	-4.338	3.825	6.610
1182	-4.338	3.824	6.615
1183	-4.338	3.825	13.350
538	-4.337	3.825	13.350
539	-4.337	3.825	5.623
540	-4.337	3.825	5.623
541	-4.337	3.825	5.623
542	-4.337	3.825	5.538
543	-4.337	3.825	5.538
544	-4.337	3.825	5.625
593	-4.337	3.825	5.625
615	-4.337	3.825	5.570
617	-4.337	3.825	5.570
634	-4.337	3.825	6.017
635	-4.337	3.825	0.000
636	-4.337	3.825	0.001
637	-4.337	3.825	0.001
638	-4.337	3.825	6.138
768	-4.337	3.825	6.138
774	-4.337	3.825	6.136
775	-4.337	3.825	6.136
776	-4.337	3.825	6.002
777	-4.337	3.825	11.698
778	-4.337	3.825	0.968
779	-4.337	3.825	11.704
780	-4.337	3.825	5.752
781	-4.337	3.825	5.847
782	-4.337	3.825	5.845
783	-4.337	3.825	5.752
784	-4.337	3.825	5.845
785	-4.337	3.825	5.845
786	-4.337	3.825	5.752
787	-4.337	3.825	5.844
789	-4.337	3.825	5.723
790	-4.337	3.825	5.723
791	-4.337	3.825	6.323
792	-4.337	3.825	6.039
1251	-4.337	3.825	0.163
1252	-4.337	3.825	0.163
1253	-4.337	3.825	5.818
1254	-4.337	3.825	0.826
1257	-4.337	3.825	0.993
1259	-4.337	3.825	0.993
1279	-4.337	3.825	5.814
1262	-4.328	3.823	5.812
1264	-4.328	3.823	5.795
1265	-4.328	3.823	5.793
1266	-4.328	3.823	5.793
1267	-4.328	3.823	5.794
1269	-4.328	3.823	5.793
1270	-4.328	3.823	0.825
1272	-4.328	3.823	0.723
1273	-4.328	3.823	5.785
1274	-4.328	3.823	5.785
1275	-4.328	3.823	0.824
1276	-4.328	3.823	0.996
1278	-4.328	3.823	0.996
806	-4.282	3.821	0.996
869	-4.282	3.821	0.996
870	-4.282	3.821	0.537
871	-4.282	3.821	0.729
872	-4.282	3.821	5.771
873	-4.282	3.821	5.771
874	-4.282	3.821	5.772
875	-4.282	3.821	8.420
876	-4.282	3.821	0.998
929	-4.282	3.821	0.998
945	-4.282	3.821	0.999
946	-4.282	3.821	0.540
961	-4.282	3.821	0.540
971	-4.282	3.821	5.650
972	-4.282	3.821	5.650
973	-4.282	3.821	5.650
974	-4.282	3.821	0.542
975	-4.282	3.821	8.427
976	-4.282	3.821	0.990
977	-4.282	3.821	0.538
978	-4.282	3.821	0.538
979	-4.282	3.821	4.076
980	-4.282	3.821	4.076
981	-4.282	3.821	0.539
982	-4.282	3.821	5.944
983	-4.282	3.821	4.075
1007	-4.282	3.821	4.090
1028	-4.282	3.821	4.088
