818	-4.228	0.000	5.808
899	-4.228	0.000	5.801
904	-4.228	0.000	5.939
906	-4.228	0.000	5.939
909	-4.228	0.000	5.388
915	-4.228	0.000	8.906
917	-4.228	0.000	14.572
924	-4.228	0.000	4.313
985	-4.228	0.000	4.313
1051	-4.228	0.000	4.317
1052	-4.228	0.000	4.317
1053	-4.228	0.000	4.313
1055	-4.228	0.000	4.313
1056	-4.228	0.000	6.267
1058	-4.228	0.000	4.403
1059	-4.228	0.000	11.003
1063	-4.228	0.000	4.367
1064	-4.228	0.000	5.218
1065	-4.228	0.000	6.258
1066	-4.228	0.000	4.361
1067	-4.228	0.000	8.731
1068	-4.228	0.000	4.401
1070	-4.228	0.000	14.214
1071	-4.228	0.000	4.602
1073	-4.228	0.000	4.470
1075	-4.228	0.000	4.470
1076	-4.228	0.000	5.207
1077	-4.228	0.000	4.600
1078	-4.228	0.000	5.129
1084	-4.228	0.000	4.993
1100	-4.228	0.000	11.424
1103	-4.228	0.000	11.425
1108	-4.228	0.000	4.993
1110	-4.228	0.000	4.993
1116	-4.228	0.000	4.874
1118	-4.228	0.000	4.874
1119	-4.228	0.000	4.873
1120	-4.228	0.000	4.873
1121	-4.228	0.000	4.873
1122	-4.228	0.001	5.639
1123	-4.228	0.000	8.072
1124	-4.228	0.000	8.565
1125	-4.228	0.000	8.565
1128	-4.228	0.000	8.074
1131	-4.228	0.000	8.567
1132	-4.228	0.000	8.567
1134	-4.228	0.000	8.566
1135	-4.228	0.000	4.066
1143	-4.228	0.000	4.067
1171	-4.228	0.000	3.735
1211	-4.228	0.000	11.337
1212	-4.228	0.000	6.979
1213	-4.228	0.000	5.325
1242	-4.228	0.000	5.305
1248	-4.228	0.000	5.304
1250	-4.228	0.000	4.836
932	-4.227	0.000	8.770
953	-4.227	0.000	5.967
954	-4.227	0.000	5.973
693	-4.218	0.871	8.032
710	-4.218	0.872	7.253
711	-4.218	0.872	7.247
737	-4.218	0.872	4.801
738	-4.218	0.872	4.835
739	-4.218	0.872	5.459
740	-4.218	0.872	5.477
741	-4.218	0.872	5.475
742	-4.218	0.872	5.804
743	-4.218	0.872	5.804
744	-4.218	0.872	5.811
745	-4.218	0.872	5.806
746	-4.218	0.872	6.604
747	-4.218	0.872	2.657
748	-4.218	0.872	2.662
749	-4.218	0.872	4.711
750	-4.218	0.871	3.517
861	-4.218	0.871	3.259
882	-4.218	0.871	2.953
889	-4.218	0.871	3.519
890	-4.218	0.871	2.956
910	-4.218	0.871	6.615
914	-4.218	0.871	13.350
933	-4.218	0.872	13.350
943	-4.218	0.872	5.545
952	-4.218	0.872	5.623
988	-4.218	0.871	5.623
990	-4.218	0.871	5.538
991	-4.218	0.871	5.538
995	-4.218	0.871	5.625
997	-4.218	0.871	5.625
998	-4.218	0.871	5.570
999	-4.218	0.871	5.570
1000	-4.218	0.871	6.017
1003	-4.218	0.872	0.000
1027	-4.218	0.872	0.001
1041	-4.218	0.871	0.001
1046	-4.218	0.871	0.001
1054	-4.218	0.871	6.138
1069	-4.218	0.871	6.137
1072	-4.218	0.871	6.136
1079	-4.218	0.871	6.002
1088	-4.218	0.871	11.698
1089	-4.218	0.871	0.968
1093	-4.218	0.871	11.704
1094	-4.218	0.871	5.752
1095	-4.218	0.871	6.189
1101	-4.218	0.871	5.845
1109	-4.218	0.871	5.752
1111	-4.218	0.871	5.845
1113	-4.218	0.871	5.845
1127	-4.218	0.871	5.752
1129	-4.218	0.871	11.537
1130	-4.218	0.871	5.723
1156	-4.218	0.871	5.723
1159	-4.218	0.871	6.324
1160	-4.218	0.871	6.039
1161	-4.218	0.871	9.100
1162	-4.218	0.871	0.163
1164	-4.218	0.871	5.818
1166	-4.218	0.871	5.818
1167	-4.218	0.871	0.993
1168	-4.218	0.871	0.993
1169	-4.218	0.871	0.993
1174	-4.218	0.871	5.812
1186	-4.218	0.871	5.795
1187	-4.218	0.871	5.793
1188	-4.218	0.871	5.793
1217	-4.218	0.871	5.794
1219	-4.218	0.871	5.793
1220	-4.218	0.871	0.825
1223	-4.218	0.871	5.787
1241	-4.218	0.871	5.785
1245	-4.218	0.871	5.785
1013	-4.218	0.003	0.824
1029	-4.218	0.003	0.996
1030	-4.218	0.003	0.996
1032	-4.218	0.003	0.996
1034	-4.218	0.003	0.996
1035	-4.218	0.003	0.537
1036	-4.218	0.003	0.729
1037	-4.218	0.003	5.771
1038	-4.218	0.003	5.771
1180	-4.218	0.003	5.772
1184	-4.218	0.003	8.420
1189	-4.218	0.003	0.998
1190	-4.218	0.003	0.998
1191	-4.218	0.003	0.983
1193	-4.218	0.003	0.540
1195	-4.218	0.003	0.540
1196	-4.218	0.003	5.650
1938	-4.218	0.004	5.650
1942	-4.218	0.004	5.650
1943	-4.218	0.004	0.542
1946	-4.218	0.004	8.427
1947	-4.218	0.004	0.536
1948	-4.218	0.004	0.538
1952	-4.218	0.004	5.699
1959	-4.218	0.004	4.076
1961	-4.218	0.004	4.076
1966	-4.218	0.004	4.075
1972	-4.218	0.004	5.944
1973	-4.218	0.004	4.075
1976	-4.218	0.004	4.090
1977	-4.218	0.004	4.088
1979	-4.218	0.004	5.808
1980	-4.218	0.004	5.801
1981	-4.218	0.004	5.939
1984	-4.218	0.004	5.939
1985	-4.218	0.004	5.388
1987	-4.218	0.004	8.908
1989	-4.218	0.004	10.990
1994	-4.218	0.004	4.314
1996	-4.218	0.004	4.313
1998	-4.218	0.004	4.317
764	-4.214	0.004	4.317
770	-4.214	0.004	4.313
788	-4.214	0.004	4.313
751	-4.209	0.874	6.267
752	-4.209	0.874	4.403
753	-4.209	0.874	11.003
754	-4.209	0.874	4.367
755	-4.209	0.874	5.222
756	-4.209	0.874	8.734
757	-4.209	0.874	4.361
758	-4.209	0.874	4.361
759	-4.209	0.874	4.401
760	-4.209	0.874	8.283
761	-4.209	0.874	4.602
762	-4.209	0.874	4.470
763	-4.209	0.874	4.470
765	-4.209	0.874	4.361
766	-4.209	0.874	4.600
767	-4.209	0.874	5.129
769	-4.209	0.874	4.993
771	-4.209	0.874	11.424
772	-4.209	0.874	11.425
773	-4.209	0.874	4.993
805	-4.209	0.874	4.993
1255	-4.209	0.874	4.874
1256	-4.209	0.874	4.874
1258	-4.209	0.874	4.873
1260	-4.209	0.874	4.873
1261	-4.209	0.874	4.873
1263	-4.204	0.002	5.639
1271	-4.204	0.002	8.072
1277	-4.204	0.002	8.565
1962	-4.199	0.859	8.565
1974	-4.199	0.859	8.560
1986	-4.199	0.859	8.567
1990	-4.199	0.859	8.567
1192	-4.199	0.858	8.566
1197	-4.169	0.887	4.066
1198	-4.169	0.887	4.066
1199	-4.169	0.887	3.735
1200	-4.169	0.887	11.336
823	-4.146	0.036	6.979
824	-4.146	0.036	14.249
825	-4.146	0.036	5.305
826	-4.146	0.036	5.303
827	-4.146	0.036	4.836
828	-4.146	0.036	8.771
829	-4.146	0.036	6.841
830	-4.146	0.036	5.973
831	-4.146	0.036	6.835
832	-4.146	0.036	4.852
833	-4.146	0.036	8.286
834	-4.146	0.036	7.222
835	-4.146	0.036	8.032
836	-4.146	0.036	7.253
837	-4.146	0.036	7.247
838	-4.146	0.036	4.801
839	-4.146	0.036	4.835
840	-4.146	0.036	5.458
841	-4.146	0.036	5.460
842	-4.146	0.036	5.476
843	-4.146	0.036	5.074
844	-4.146	0.036	5.804
845	-4.146	0.036	5.811
846	-4.146	0.036	5.806
847	-4.146	0.036	6.603
848	-4.146	0.036	2.657
849	-4.146	0.036	2.667
850	-4.146	0.036	4.285
851	-4.146	0.036	3.517
852	-4.146	0.036	3.259
853	-4.146	0.036	2.953
854	-4.146	0.036	3.260
855	-4.146	0.036	2.954
856	-4.146	0.036	6.614
857	-4.146	0.036	13.352
858	-4.146	0.036	13.350
859	-4.146	0.036	14.926
860	-4.146	0.036	5.623
955	-4.146	0.036	5.623
956	-4.146	0.036	5.622
957	-4.146	0.036	5.538
958	-4.146	0.036	5.536
959	-4.146	0.036	5.625
960	-4.146	0.036	5.570
962	-4.146	0.036	5.570
1014	-4.146	0.036	6.017
1015	-4.146	0.036	0.000
1016	-4.146	0.036	0.001
1017	-4.146	0.036	0.001
1018	-4.146	0.036	0.001
1019	-4.146	0.036	6.138
1020	-4.146	0.036	6.137
