1733	-7.811	0.000	9.933
1687	-7.811	0.001	5.934
1741	-7.811	0.001	9.165
1658	-7.801	0.004	5.308
1677	-7.783	0.046	2.757
1710	-7.783	0.045	2.759
1715	-7.705	0.055	11.228
1742	-7.705	0.054	11.213
1731	-7.704	0.054	11.220
1744	-7.704	0.054	11.207
1691	-7.648	2.367	7.318
1681	-7.648	2.367	11.432
1713	-7.624	3.060	8.683
1673	-7.624	3.060	8.684
1698	-7.598	2.066	8.285
1724	-7.598	2.064	3.522
1709	-7.529	3.062	5.398
1692	-7.528	3.062	5.772
1723	-7.528	3.062	5.772
1699	-7.527	3.063	5.772
1702	-7.527	3.062	5.771
1705	-7.527	3.062	3.979
1695	-7.465	1.966	3.979
1697	-7.465	1.966	3.979
1732	-7.465	1.965	3.984
1668	-7.464	1.965	11.600
1655	-7.451	1.952	5.823
1657	-7.451	1.952	2.677
1662	-7.451	1.952	4.269
1654	-7.398	2.360	5.484
1726	-7.357	0.429	2.370
1680	-7.333	1.969	0.044
1690	-7.333	1.969	2.370
1703	-7.333	1.968	5.860
1707	-7.333	1.969	0.043
1716	-7.333	1.967	0.042
1729	-7.333	1.968	5.783
1736	-7.332	1.968	0.034
1674	-7.332	1.968	5.674
1665	-7.243	3.090	5.808
1696	-7.233	1.659	5.673
1712	-7.232	1.659	10.810
1671	-7.232	1.659	5.671
1664	-7.231	1.661	5.671
1708	-7.186	1.664	3.722
1686	-7.186	1.664	3.719
1719	-7.185	1.664	3.719
1720	-7.185	1.664	3.719
1735	-7.182	2.402	3.721
1728	-7.181	2.397	3.721
1722	-7.181	2.385	15.549
1739	-7.124	3.094	4.049
1727	-7.097	2.430	3.274
1700	-7.097	2.432	3.274
1717	-7.097	2.423	13.239
1701	-7.064	3.094	3.350
1740	-7.063	3.095	3.201
1730	-7.062	3.101	3.201
1711	-7.049	3.096	2.960
1682	-7.030	2.802	7.110
1704	-7.029	2.801	8.093
1670	-7.029	2.801	8.093
1669	-7.029	2.801	8.092
1721	-7.029	2.801	4.352
1676	-7.029	2.802	8.097
1675	-7.029	2.802	8.095
1694	-7.022	3.084	4.351
1661	-7.011	2.800	2.388
1656	-7.011	2.800	2.372
1659	-7.011	2.802	3.330
1660	-7.011	2.800	3.329
1685	-6.955	3.099	3.934
1714	-6.955	3.100	4.393
1718	-6.955	3.099	8.503
1666	-6.954	3.099	15.561
1734	-6.954	3.099	15.559
1693	-6.886	2.984	5.690
1678	-6.866	2.916	3.213
1689	-6.865	2.796	3.214
1672	-6.865	2.916	2.676
1688	-6.865	2.796	3.215
1684	-6.855	2.811	2.676
1706	-6.855	2.810	11.323
1679	-6.855	2.811	5.485
1737	-6.570	2.826	0.030
1738	-6.456	3.713	0.030
