1643	-11.640	0.000	2.982
293	-11.622	0.002	2.982
1727	-11.606	0.002	2.981
1652	-11.602	0.002	0.013
1657	-11.602	0.002	0.001
308	-11.573	0.002	10.010
431	-11.573	0.002	9.996
435	-11.573	0.002	10.038
613	-11.573	0.002	10.067
835	-11.573	0.002	10.073
41	-11.572	0.002	9.810
235	-11.572	0.002	9.811
246	-11.572	0.002	9.812
250	-11.572	0.002	9.877
214	-11.571	0.002	9.631
199	-11.571	0.002	10.090
207	-11.571	0.002	9.826
211	-11.571	0.002	16.610
93	-11.568	0.002	16.538
94	-11.568	0.002	9.809
97	-11.568	0.002	9.373
100	-11.568	0.002	9.370
103	-11.568	0.002	11.205
127	-11.568	0.002	10.237
62	-11.567	0.003	11.204
67	-11.567	0.003	11.204
72	-11.567	0.003	8.932
373	-10.689	2.157	13.037
265	-10.689	2.157	9.739
459	-10.689	2.157	9.172
173	-10.688	2.157	9.687
39	-10.687	2.157	13.464
12	-10.687	2.157	13.038
64	-10.684	2.157	13.446
263	-10.683	2.160	9.692
273	-10.683	2.160	9.692
274	-10.683	2.160	14.260
298	-10.683	2.160	13.689
327	-10.683	2.160	9.087
522	-10.683	2.160	8.095
225	-10.651	1.518	8.181
395	-10.643	2.156	8.199
1782	-10.620	2.191	8.195
1604	-10.599	2.075	8.171
983	-10.571	2.230	9.223
995	-10.571	2.230	10.005
1238	-10.571	2.230	9.846
780	-10.563	2.230	20.253
782	-10.563	2.230	20.343
868	-10.563	2.230	12.203
376	-10.563	2.230	20.355
603	-10.563	2.230	8.894
759	-10.562	2.230	11.123
794	-10.562	2.230	9.008
141	-10.562	2.231	10.914
162	-10.562	2.231	10.942
215	-10.562	2.230	20.519
767	-10.562	2.230	20.342
256	-10.561	2.230	8.891
1104	-10.547	2.244	8.982
1478	-10.543	2.234	9.002
1504	-10.543	2.234	8.641
1505	-10.543	2.234	8.687
1510	-10.543	2.234	9.133
1609	-10.543	2.234	9.831
1496	-10.543	2.234	11.883
1673	-10.537	2.234	3.453
1679	-10.537	2.234	3.452
1682	-10.537	2.234	3.413
1688	-10.537	2.234	2.982
1690	-10.537	2.234	2.982
1720	-10.537	2.234	2.828
1738	-10.537	2.234	2.981
1705	-10.537	2.234	3.040
1752	-10.537	2.234	3.924
1534	-10.536	2.235	3.039
1647	-10.534	2.234	3.039
1660	-10.534	2.234	3.042
1664	-10.534	2.234	3.042
352	-10.527	2.235	9.702
492	-10.527	2.235	9.702
206	-10.527	2.236	9.701
282	-10.527	2.236	1.402
309	-10.527	2.236	1.398
335	-10.527	2.236	1.398
340	-10.527	2.236	1.390
384	-10.527	2.236	2.575
388	-10.527	2.236	2.575
391	-10.527	2.236	10.631
503	-10.527	2.236	10.250
514	-10.527	2.236	10.250
618	-10.527	2.236	10.250
638	-10.527	2.236	10.254
348	-10.526	2.235	10.509
381	-10.526	2.235	10.456
440	-10.526	2.235	10.456
490	-10.526	2.235	10.509
645	-10.526	2.235	1.188
238	-10.526	2.236	1.188
510	-10.525	2.235	10.794
553	-10.525	2.235	0.014
556	-10.525	2.235	0.001
84	-10.525	2.236	0.011
423	-10.524	2.235	10.452
1649	-10.500	2.177	10.463
1786	-10.436	2.353	10.355
1469	-10.100	2.054	8.832
151	-10.073	2.057	10.082
3	-10.072	2.057	9.597
47	-10.072	2.057	9.386
105	-10.072	2.057	16.513
68	-10.070	2.057	16.539
69	-10.070	2.057	9.850
1492	-10.026	2.056	9.370
144	-9.496	2.048	13.771
145	-9.496	2.047	9.209
156	-9.496	2.048	10.554
172	-9.496	2.047	10.548
188	-9.496	2.047	11.130
203	-9.496	2.047	11.047
220	-9.496	2.047	9.582
165	-9.496	2.047	8.860
270	-9.496	2.047	9.715
272	-9.496	2.047	9.716
276	-9.496	2.047	8.629
283	-9.496	2.047	12.783
296	-9.496	2.047	12.783
319	-9.496	2.047	12.783
325	-9.496	2.047	12.778
363	-9.496	2.047	12.795
374	-9.496	2.047	10.431
453	-9.496	2.047	12.607
90	-9.494	2.048	9.184
121	-9.494	2.048	9.221
17	-9.493	2.045	13.324
24	-9.493	2.045	9.228
35	-9.493	2.045	9.210
44	-9.493	2.045	9.210
50	-9.493	2.045	13.332
57	-9.493	2.045	13.433
254	-9.493	2.045	11.757
70	-9.491	2.046	8.001
411	-9.475	2.066	13.036
549	-9.475	2.066	13.036
192	-9.475	2.066	14.004
313	-9.475	2.066	9.753
321	-9.475	2.066	13.493
610	-9.475	2.066	9.639
262	-9.474	2.066	9.693
1525	-9.446	2.046	9.006
65	-9.426	2.118	8.527
1694	-9.421	2.034	10.816
1497	-9.391	3.424	8.851
1519	-9.391	3.424	12.037
1689	-9.382	3.418	3.414
1633	-9.378	3.414	3.413
1668	-9.378	3.414	2.982
1622	-9.378	3.414	2.982
365	-9.374	3.418	2.834
620	-9.374	3.418	2.979
826	-9.374	3.418	3.040
79	-9.371	3.414	3.040
520	-9.363	3.413	10.642
1667	-9.324	3.100	9.290
1114	-9.322	3.100	13.659
1117	-9.322	3.101	8.002
1187	-9.321	3.100	7.987
196	-9.320	3.100	7.989
392	-9.320	3.100	7.990
413	-9.320	3.100	13.770
450	-9.320	3.100	13.745
488	-9.320	3.100	13.777
537	-9.320	3.100	13.751
568	-9.320	3.100	10.544
612	-9.320	3.100	13.771
643	-9.320	3.100	10.390
646	-9.320	3.100	11.061
724	-9.320	3.100	10.508
727	-9.320	3.100	8.849
761	-9.320	3.100	9.715
791	-9.320	3.100	9.715
793	-9.320	3.100	9.709
802	-9.320	3.100	9.722
872	-9.320	3.100	12.785
362	-9.320	3.100	12.783
516	-9.320	3.100	12.783
631	-9.320	3.100	10.326
447	-9.319	3.100	8.268
742	-9.319	3.100	7.940
16	-9.316	3.099	14.619
42	-9.316	3.099	9.198
81	-9.315	3.099	14.787
383	-9.306	3.101	8.000
393	-9.306	3.101	11.758
445	-9.306	3.101	9.543
448	-9.306	3.101	13.037
460	-9.306	3.101	9.759
483	-9.306	3.101	9.209
499	-9.306	3.101	13.151
515	-9.306	3.101	13.465
535	-9.306	3.101	13.085
546	-9.306	3.101	13.445
561	-9.306	3.101	9.693
586	-9.306	3.101	9.693
688	-9.306	3.101	13.448
23	-9.302	3.101	9.571
26	-9.302	3.101	8.967
43	-9.302	3.101	8.095
63	-9.301	3.101	8.193
1598	-9.295	3.098	8.199
1475	-9.295	3.098	8.199
1481	-9.295	3.098	9.376
1491	-9.295	3.098	9.061
1509	-9.295	3.098	20.586
1520	-9.295	3.098	12.948
1542	-9.295	3.098	20.253
1549	-9.295	3.098	20.343
1553	-9.295	3.098	11.298
1572	-9.295	3.098	20.355
1586	-9.295	3.098	8.901
1683	-9.292	3.098	11.620
1731	-9.291	3.098	10.993
1698	-9.290	3.098	12.138
1704	-9.290	3.098	10.860
1710	-9.290	3.098	8.985
1711	-9.290	3.098	20.331
1743	-9.290	3.098	8.949
1468	-9.288	3.097	9.491
1535	-9.286	3.097	9.491
1656	-9.284	3.097	20.308
1658	-9.284	3.097	8.973
1662	-9.284	3.097	8.946
462	-9.280	3.097	20.365
1627	-9.235	3.513	3.413
769	-9.234	3.216	2.982
824	-9.234	3.216	2.982
472	-9.231	3.513	2.828
699	-9.229	3.215	2.981
1671	-9.205	3.209	3.041
1762	-9.203	3.209	3.922
333	-9.066	3.014	3.041
623	-9.066	3.014	9.702
22	-9.063	3.013	9.702
83	-9.062	3.013	3.041
123	-9.059	3.017	1.402
670	-9.059	3.017	1.398
717	-9.059	3.017	1.398
280	-9.059	3.017	2.575
338	-9.059	3.017	2.575
361	-9.059	3.017	2.575
366	-9.059	3.017	10.623
401	-9.059	3.017	10.250
464	-9.059	3.017	10.250
479	-9.059	3.017	10.250
501	-9.059	3.017	10.254
565	-9.059	3.017	10.509
685	-9.059	3.017	10.454
18	-9.056	3.016	10.456
38	-9.056	3.016	10.509
461	-9.056	3.016	1.188
692	-9.056	3.016	1.188
1580	-9.052	3.009	10.795
1691	-9.046	3.010	0.014
1460	-9.046	3.009	0.001
1708	-9.045	3.010	0.011
1783	-9.038	3.009	10.450
573	-9.035	3.009	10.355
739	-9.023	2.916	10.390
208	-9.022	3.366	10.462
419	-9.021	3.366	10.254
1628	-9.016	3.367	10.007
1631	-9.016	3.367	10.011
1632	-9.016	3.367	10.043
1634	-9.016	3.367	10.056
1635	-9.016	3.367	9.985
143	-9.013	3.367	10.003
455	-9.012	3.367	9.811
1532	-8.935	3.142	9.814
344	-8.923	3.142	10.036
438	-8.923	3.142	8.833
27	-8.917	3.141	10.053
247	-8.910	3.142	9.597
518	-8.899	2.342	16.595
1472	-8.864	3.133	8.688
1477	-8.864	3.133	8.711
1566	-8.864	3.133	10.369
1601	-8.864	3.133	10.301
1670	-8.859	3.134	9.539
1678	-8.859	3.134	10.374
1737	-8.857	3.133	10.868
1742	-8.856	3.133	9.772
1655	-8.849	3.132	13.971
175	-8.823	2.778	8.373
185	-8.823	2.778	8.001
221	-8.823	2.778	7.989
229	-8.823	2.778	7.990
303	-8.822	2.778	7.989
307	-8.822	2.778	9.243
359	-8.822	2.778	13.764
399	-8.822	2.778	13.768
1769	-8.808	2.786	13.765
647	-8.804	2.785	9.210
598	-8.803	2.785	10.557
200	-8.799	2.782	10.524
498	-8.761	2.934	12.783
1225	-8.710	3.123	13.985
539	-8.687	2.668	3.453
1571	-8.682	3.951	3.452
1739	-8.672	3.119	3.039
1715	-8.669	3.971	3.042
1763	-8.654	3.985	10.250
284	-8.630	2.977	10.454
1605	-8.364	2.158	7.990
649	-8.229	3.749	10.452
599	-8.229	3.746	10.454
74	-8.223	3.731	10.797
560	-8.222	3.762	10.790
604	-8.222	3.762	0.011
534	-8.221	3.762	0.000
75	-8.216	3.758	10.458
1595	-8.149	3.745	10.399
1516	-7.818	3.731	3.451
