1476	-8.902	0.000	9.608
1650	-8.892	0.002	16.521
1625	-8.675	0.724	3.414
1630	-8.675	0.724	3.413
1636	-8.675	0.724	2.982
1637	-8.675	0.722	2.982
1639	-8.675	0.725	2.834
1640	-8.675	0.725	2.979
231	-8.673	0.723	3.040
232	-8.673	0.723	3.040
258	-8.670	0.724	3.039
1685	-8.667	0.703	9.702
1686	-8.667	0.702	9.702
1693	-8.667	0.702	9.702
1724	-8.667	0.702	9.656
1725	-8.667	0.702	1.402
1747	-8.666	0.701	1.399
1701	-8.666	0.702	9.280
1750	-8.666	0.702	2.577
1759	-8.666	0.702	2.575
1653	-8.664	0.701	2.564
336	-8.661	0.702	10.634
436	-8.661	0.701	10.250
1778	-8.661	0.700	10.250
517	-7.996	0.792	11.757
1527	-7.977	0.797	13.037
1788	-7.972	0.797	11.529
397	-7.966	0.797	13.464
530	-7.966	0.797	9.687
544	-7.966	0.797	13.458
569	-7.966	0.797	13.443
619	-7.962	0.796	9.687
198	-7.793	3.359	3.446
223	-7.793	3.359	3.411
291	-7.793	3.359	2.983
322	-7.793	3.359	2.983
496	-7.793	3.359	2.837
130	-7.792	3.359	2.980
257	-7.786	3.358	3.039
1254	-7.768	3.358	3.038
1563	-7.718	3.352	3.038
1593	-7.718	3.353	3.041
1562	-7.698	3.351	9.701
1651	-7.697	3.350	2.579
1654	-7.697	3.350	2.578
1669	-7.689	3.350	10.248
1687	-7.689	3.350	10.247
1574	-7.537	1.575	13.306
1733	-7.532	1.575	13.444
1774	-7.531	1.575	13.477
1666	-7.523	1.574	11.228
812	-7.107	3.982	20.245
651	-7.106	3.984	12.297
1248	-7.100	3.981	20.255
1486	-7.082	3.912	10.017
1501	-7.082	3.934	12.202
1555	-7.081	3.890	20.356
1546	-7.040	3.836	3.452
1557	-7.040	3.836	3.452
1585	-7.040	3.836	3.450
1728	-7.029	3.835	3.039
1770	-7.028	3.835	3.038
1461	-7.028	3.836	3.038
1561	-7.023	3.834	3.041
1606	-7.022	3.834	3.041
1659	-7.021	3.836	9.701
1661	-7.021	3.836	9.702
1663	-7.021	3.836	9.693
1744	-7.012	3.832	1.412
1517	-6.900	3.915	2.578
1748	-6.888	3.915	2.568
1741	-6.887	3.915	10.629
1522	-6.611	3.484	9.595
1521	-6.611	3.499	9.971
1781	-6.603	3.477	8.737
1470	-6.601	3.479	8.815
1610	-6.601	3.482	8.648
1700	-6.593	3.476	11.234
1730	-6.593	3.477	10.950
1734	-6.593	3.478	9.231
1777	-6.593	3.475	9.242
1785	-6.593	3.474	1.610
1591	-6.496	3.364	9.626
1590	-6.333	3.656	10.251
1674	-6.332	3.657	10.507
1735	-6.329	3.657	10.454
1583	-6.257	3.670	7.939
1729	-6.253	3.671	9.214
1526	-6.029	3.816	9.132
1556	-6.029	3.816	9.896
1582	-6.029	3.818	3.452
1716	-6.022	3.822	3.452
1751	-6.018	3.814	3.411
1775	-6.018	3.814	2.983
1779	-6.018	3.814	2.983
1616	-5.999	3.807	3.039
1567	-5.773	3.802	10.015
1780	-5.750	3.799	9.847
1495	-5.663	3.852	10.038
1511	-5.663	3.852	8.833
1611	-5.644	3.848	10.343
