281	-13.237	0.000	9.186
297	-13.237	0.000	9.241
331	-13.237	0.000	8.139
349	-13.237	0.000	8.132
350	-13.237	0.000	9.197
409	-13.237	0.000	13.333
434	-13.237	0.000	13.331
491	-13.237	0.000	8.001
540	-13.237	0.000	11.757
577	-13.237	0.000	8.002
734	-13.237	0.000	9.429
828	-13.237	0.000	13.036
152	-13.236	0.000	13.896
204	-13.236	0.000	9.763
226	-13.236	0.001	13.491
1	-13.236	0.000	9.642
15	-13.236	0.000	9.693
37	-13.236	0.000	9.693
48	-13.236	0.000	13.446
243	-13.236	0.000	13.449
110	-13.233	0.001	13.699
137	-13.233	0.001	12.302
77	-13.232	0.001	9.021
1178	-12.947	0.016	8.198
691	-12.937	0.017	20.171
695	-12.853	0.012	10.476
266	-11.606	0.888	2.981
275	-11.606	0.888	3.040
299	-11.606	0.888	3.040
323	-11.606	0.888	3.039
406	-11.606	0.888	3.040
427	-11.606	0.888	3.042
470	-11.606	0.888	9.702
559	-11.606	0.888	9.702
591	-11.606	0.888	3.934
778	-11.606	0.888	10.998
7	-11.605	0.888	9.282
9	-11.605	0.888	1.399
11	-11.605	0.888	9.278
13	-11.605	0.888	2.577
14	-11.605	0.888	2.575
19	-11.605	0.888	2.564
25	-11.605	0.888	10.636
31	-11.605	0.888	10.250
53	-11.605	0.888	10.250
54	-11.605	0.888	2.572
147	-11.604	0.888	10.509
150	-11.604	0.888	10.454
158	-11.604	0.888	2.572
160	-11.604	0.888	10.456
170	-11.604	0.888	1.187
180	-11.604	0.888	1.189
191	-11.604	0.888	10.795
227	-11.604	0.888	10.794
88	-11.602	0.888	0.011
124	-11.602	0.888	2.662
108	-9.850	2.679	11.205
174	-9.850	2.679	10.259
178	-9.850	2.679	10.281
183	-9.850	2.679	8.961
184	-9.850	2.679	11.205
193	-9.850	2.679	11.199
210	-9.850	2.679	11.195
213	-9.850	2.679	8.940
40	-9.849	2.679	10.302
58	-9.849	2.679	10.376
240	-9.849	2.679	11.229
242	-9.849	2.679	8.657
259	-9.849	2.679	10.366
286	-9.849	2.679	8.641
310	-9.849	2.679	8.561
328	-9.849	2.679	15.926
356	-9.849	2.679	9.236
408	-9.849	2.679	8.463
421	-9.849	2.679	4.327
422	-9.849	2.679	13.658
467	-9.849	2.679	13.740
481	-9.849	2.679	8.001
576	-9.849	2.679	7.988
731	-9.849	2.679	7.990
4	-9.616	1.628	13.771
10	-9.616	1.628	13.768
251	-9.616	1.628	13.768
169	-9.422	2.620	20.171
187	-9.422	2.620	8.201
201	-9.422	2.620	7.801
224	-9.422	2.620	8.209
46	-9.422	2.620	20.184
236	-9.422	2.620	12.948
252	-9.422	2.620	12.225
306	-9.422	2.620	20.348
315	-9.422	2.620	14.029
316	-9.422	2.620	12.208
332	-9.422	2.620	8.904
495	-9.422	2.620	11.601
87	-9.421	2.619	20.256
95	-9.421	2.619	12.141
111	-9.421	2.619	20.492
163	-8.763	2.285	11.172
186	-8.763	2.285	9.014
197	-8.763	2.285	8.999
228	-8.763	2.285	8.422
98	-8.763	2.285	9.715
135	-8.763	2.285	9.718
138	-8.763	2.286	13.599
342	-8.762	2.285	12.783
357	-8.762	2.285	12.783
840	-8.744	3.232	7.939
718	-8.744	3.232	9.906
334	-8.737	3.235	8.158
410	-8.737	3.235	9.231
536	-8.737	3.234	10.425
632	-8.737	3.235	9.198
171	-8.737	3.234	9.198
222	-8.737	3.234	13.333
61	-8.736	3.234	9.535
71	-8.736	3.234	11.766
109	-8.736	3.234	11.758
234	-8.736	3.235	13.036
101	-8.736	3.234	13.036
205	-8.701	3.831	8.990
343	-8.700	3.832	13.490
396	-8.700	3.832	13.015
402	-8.700	3.832	9.693
474	-8.700	3.832	9.692
478	-8.700	3.832	13.441
554	-8.700	3.832	9.693
558	-8.700	3.832	12.310
694	-8.700	3.832	8.998
168	-8.697	2.026	9.303
177	-8.697	2.026	8.942
106	-8.696	2.026	20.172
116	-8.696	2.025	8.199
131	-8.696	2.025	7.804
66	-8.694	2.025	8.209
78	-8.694	2.025	20.184
278	-8.694	2.025	12.948
294	-8.694	2.025	10.013
404	-8.694	2.025	20.348
486	-8.694	2.025	14.027
489	-8.694	2.025	0.000
614	-8.694	2.025	20.355
652	-8.694	2.025	11.582
663	-8.694	2.025	20.256
719	-8.694	2.025	12.142
2	-8.692	2.025	20.264
5	-8.692	2.025	9.035
6	-8.692	2.025	10.884
20	-8.692	2.025	20.340
21	-8.692	2.025	20.331
29	-8.692	2.025	9.492
30	-8.692	2.025	8.881
33	-8.692	2.025	10.686
34	-8.692	2.025	8.985
45	-8.692	2.025	20.316
52	-8.692	2.025	9.311
55	-8.692	2.025	10.394
244	-8.692	2.025	20.353
51	-8.691	2.028	9.896
1095	-8.483	2.032	1.188
1098	-8.483	2.032	1.186
1212	-8.483	2.032	10.794
941	-8.472	2.032	10.585
991	-8.472	2.032	0.001
992	-8.472	2.032	0.011
653	-8.437	2.030	2.674
439	-8.437	2.030	10.351
716	-8.437	2.030	10.355
578	-8.436	2.029	10.464
212	-8.434	2.030	0.031
96	-8.433	2.030	10.005
122	-8.432	2.030	9.999
913	-8.431	2.027	10.011
73	-8.431	2.030	10.052
836	-8.431	2.030	10.018
883	-8.431	2.030	10.051
902	-8.431	2.030	9.886
912	-8.431	2.030	9.856
690	-8.430	2.030	9.800
813	-8.429	2.030	9.902
482	-8.421	2.029	9.834
117	-8.414	2.608	10.067
146	-8.414	2.608	9.628
358	-8.411	2.608	10.332
368	-8.411	2.608	16.537
443	-8.411	2.608	10.182
458	-8.411	2.608	9.364
583	-8.411	2.608	9.372
737	-8.411	2.608	8.925
253	-8.410	2.608	10.259
142	-8.381	1.944	8.851
337	-8.378	1.944	10.278
345	-8.378	1.944	10.014
347	-8.378	1.944	10.406
379	-8.378	1.944	8.704
405	-8.378	1.943	8.730
449	-8.378	1.944	10.407
463	-8.378	1.944	8.610
538	-8.378	1.944	10.434
547	-8.378	1.944	9.242
550	-8.378	1.944	9.239
567	-8.378	1.944	9.269
602	-8.378	1.944	10.684
637	-8.378	1.943	13.659
776	-8.378	1.944	8.002
28	-8.376	1.943	13.726
249	-8.376	1.943	7.988
167	-8.258	1.371	9.664
380	-8.151	1.874	9.811
644	-8.151	1.874	9.941
803	-8.149	1.861	9.755
703	-8.148	1.860	9.594
157	-8.126	1.964	9.367
838	-8.125	1.964	11.202
839	-8.125	1.964	10.305
792	-8.102	3.134	8.934
311	-8.101	3.134	11.201
400	-8.101	3.134	8.937
414	-8.101	3.134	11.193
484	-8.101	3.134	8.770
521	-8.101	3.134	8.841
523	-8.101	3.134	10.363
527	-8.101	3.134	8.784
621	-8.101	3.134	10.340
277	-8.101	3.134	9.550
279	-8.101	3.134	10.503
378	-8.101	3.134	8.590
382	-8.101	3.134	8.557
430	-8.101	3.134	9.226
433	-8.101	3.134	9.207
564	-8.101	3.134	10.373
648	-8.101	3.134	13.972
662	-8.101	3.134	9.696
672	-8.101	3.134	8.003
680	-8.101	3.134	9.113
89	-8.101	3.599	7.992
107	-8.101	3.600	7.991
113	-8.101	3.599	9.213
118	-8.101	3.599	13.769
129	-8.101	3.599	13.767
132	-8.101	3.599	13.769
134	-8.101	3.599	9.207
176	-8.101	3.600	10.544
264	-8.098	3.600	13.768
269	-8.098	3.600	11.158
369	-8.098	3.600	8.971
385	-8.098	3.600	17.024
49	-8.097	3.600	8.951
852	-8.082	1.931	8.390
733	-8.075	3.135	9.713
841	-8.074	3.135	10.681
849	-8.074	3.135	10.658
850	-8.074	3.135	12.783
853	-8.074	3.135	12.789
866	-8.074	3.135	12.784
753	-8.074	3.135	7.938
771	-8.074	3.135	9.903
743	-8.073	3.136	7.939
715	-8.072	3.136	8.159
710	-8.071	3.135	8.159
1215	-8.069	3.133	12.783
1011	-8.069	3.133	9.438
624	-8.067	3.135	13.335
292	-8.025	2.888	11.783
353	-8.025	2.888	13.387
375	-8.025	2.888	8.005
585	-7.857	2.912	3.452
656	-7.771	1.337	3.039
149	-7.698	3.481	9.701
370	-7.697	3.481	9.694
420	-7.697	3.482	1.412
424	-7.697	3.481	1.409
589	-7.697	3.481	1.409
115	-7.695	3.479	2.568
119	-7.695	3.480	10.629
126	-7.695	3.480	10.247
487	-7.683	3.362	10.507
289	-7.683	3.362	10.515
372	-7.683	3.362	10.447
582	-7.683	3.362	10.454
634	-7.683	3.362	10.409
56	-7.681	3.362	1.184
239	-7.681	3.362	1.183
697	-7.681	3.362	10.789
1166	-7.561	3.807	7.991
834	-7.561	3.810	10.529
729	-7.559	3.808	13.767
726	-7.559	3.811	13.770
755	-7.559	3.811	13.765
764	-7.559	3.811	13.776
770	-7.559	3.811	10.549
772	-7.559	3.811	10.532
775	-7.559	3.811	10.573
800	-7.559	3.811	10.599
801	-7.559	3.810	8.966
808	-7.559	3.810	17.062
842	-7.559	3.811	10.280
671	-7.559	3.811	8.704
848	-7.559	3.810	9.713
820	-7.559	3.828	11.045
738	-7.558	3.811	12.785
744	-7.558	3.811	12.783
164	-7.555	3.810	12.784
179	-7.555	3.810	12.785
707	-7.554	3.808	10.410
314	-7.554	3.810	7.939
387	-7.554	3.810	8.159
429	-7.554	3.810	9.178
457	-7.554	3.810	9.132
471	-7.554	3.810	8.097
480	-7.554	3.810	13.874
505	-7.554	3.810	9.188
557	-7.554	3.810	9.188
595	-7.554	3.810	13.322
654	-7.554	3.810	9.068
1195	-7.553	3.808	11.758
1005	-7.553	3.808	13.045
1043	-7.553	3.808	13.038
1044	-7.553	3.808	13.038
1133	-7.553	3.808	9.309
1251	-7.553	3.808	12.962
85	-7.548	3.808	13.463
611	-7.439	3.485	2.835
642	-7.439	3.485	2.982
398	-7.439	3.486	2.979
511	-7.439	3.487	3.038
465	-7.439	3.489	3.039
302	-7.439	3.490	3.038
641	-7.439	3.490	3.041
125	-7.437	3.486	2.578
139	-7.437	3.492	2.578
8	-7.436	3.478	10.629
237	-7.436	3.478	10.634
241	-7.436	3.479	10.247
102	-7.436	3.489	10.247
437	-7.434	3.201	10.508
574	-7.434	3.201	10.453
686	-7.434	3.201	10.454
777	-7.434	3.201	10.455
704	-7.428	3.201	1.183
112	-7.349	2.935	8.949
82	-7.347	2.936	9.203
446	-7.347	2.935	11.202
287	-7.331	2.893	11.201
426	-7.331	2.893	11.200
1079	-7.287	3.227	4.396
1082	-7.287	3.227	9.192
1086	-7.287	3.227	9.240
1108	-7.287	3.227	9.270
1137	-7.287	3.227	9.784
1246	-7.287	3.227	8.385
1003	-7.287	3.226	9.648
1205	-7.287	3.227	8.003
959	-7.276	3.226	8.005
1152	-7.275	3.226	7.992
664	-7.235	3.236	10.356
720	-7.235	3.236	10.768
128	-7.234	3.238	9.714
831	-7.234	3.236	8.666
897	-7.229	3.238	12.785
785	-7.228	3.238	12.783
650	-7.227	3.238	12.780
509	-7.227	3.238	12.784
746	-7.227	3.238	12.762
76	-7.226	3.238	9.903
418	-7.226	3.238	10.604
494	-7.226	3.238	9.177
609	-7.226	3.238	9.203
617	-7.226	3.238	12.783
677	-7.226	3.238	9.037
683	-7.226	3.238	9.191
750	-7.226	3.238	9.189
788	-7.226	3.238	10.691
789	-7.226	3.238	9.197
797	-7.226	3.238	11.767
805	-7.226	3.238	11.758
696	-7.222	3.237	13.038
639	-7.181	2.777	9.687
261	-6.492	3.277	9.687
317	-6.492	3.276	13.448
367	-6.491	3.276	10.826
389	-6.491	3.276	12.304
477	-6.491	3.276	10.135
504	-6.491	3.276	8.197
541	-6.465	3.786	22.013
815	-6.465	3.786	12.965
851	-6.465	3.786	20.405
855	-6.465	3.786	9.035
938	-6.455	3.791	20.251
978	-6.455	3.792	8.896
980	-6.455	3.792	11.609
982	-6.455	3.792	10.957
1170	-6.455	3.791	12.142
922	-6.455	3.791	20.477
1054	-6.451	3.795	20.312
1080	-6.451	3.795	20.306
725	-6.391	3.517	2.981
428	-6.338	3.755	10.634
