1499	-7.615	0.000	9.236
1550	-7.615	0.000	9.235
1594	-7.615	0.000	9.191
1471	-7.575	2.513	13.976
1540	-7.575	2.513	9.244
1545	-7.575	2.513	8.003
1558	-7.575	2.513	8.006
1607	-7.575	2.513	7.990
1479	-7.525	0.037	9.567
1559	-7.525	0.037	12.304
1602	-7.443	2.477	2.983
1675	-7.436	2.467	10.251
1603	-7.349	1.650	9.368
1456	-7.345	1.649	11.200
1487	-7.273	2.049	7.991
1554	-7.273	2.049	9.213
1569	-7.273	2.049	13.770
1584	-7.273	2.049	13.767
1596	-7.273	2.049	13.763
1613	-7.267	2.049	13.768
1618	-7.266	2.049	10.542
1619	-7.266	2.049	10.552
1474	-7.190	3.736	9.683
1485	-7.190	3.736	13.433
1508	-7.190	3.736	9.687
1588	-7.190	3.736	13.457
1703	-7.177	3.735	9.687
1709	-7.177	3.735	12.311
1537	-7.177	2.056	9.007
1771	-7.156	3.734	8.098
1498	-7.139	3.119	9.477
1514	-7.139	3.119	8.199
1518	-7.139	3.119	20.172
1465	-7.138	3.119	8.174
1467	-7.138	3.119	11.898
1493	-7.049	1.873	10.989
1494	-7.049	1.873	12.144
1576	-7.049	1.873	20.268
1462	-7.046	1.873	10.805
1696	-7.042	1.873	20.516
1706	-7.042	1.873	20.344
1707	-7.042	1.873	20.334
1713	-7.042	1.873	9.492
1745	-7.042	1.873	9.490
1721	-7.041	1.873	20.310
1722	-7.041	1.873	8.969
1723	-7.041	1.873	8.923
1749	-7.041	1.873	9.161
1753	-7.041	1.873	10.391
1740	-7.041	1.873	9.132
1787	-7.041	1.873	9.896
1473	-7.035	3.178	3.412
1530	-7.035	3.178	2.983
1552	-7.035	3.178	2.983
1560	-7.035	3.178	2.835
1577	-7.035	3.178	2.980
1697	-7.034	3.178	3.039
1489	-6.822	2.826	0.000
1483	-6.609	1.179	16.545
1488	-6.609	1.179	16.371
1503	-6.609	1.179	16.570
1515	-6.609	1.179	9.368
1524	-6.609	1.179	11.200
1581	-6.609	1.179	11.202
1592	-6.609	1.179	10.332
1608	-6.609	1.179	11.201
1512	-6.608	1.181	11.201
1482	-6.608	1.184	11.199
1459	-6.604	1.182	10.259
1464	-6.604	1.180	10.269
1466	-6.604	1.196	10.314
1617	-6.601	1.181	10.365
1480	-6.577	1.895	13.739
1490	-6.577	1.895	7.990
1538	-6.577	1.895	7.992
1541	-6.577	1.895	7.988
1544	-6.577	1.895	13.767
1523	-6.574	2.984	13.770
1528	-6.574	2.984	13.767
1533	-6.574	2.984	13.770
1458	-6.574	1.896	10.540
1612	-6.573	2.984	10.516
1702	-6.573	2.984	10.544
1615	-6.570	1.896	10.605
1507	-6.493	1.181	9.687
1736	-6.486	1.183	9.460
1502	-6.473	3.310	8.207
1531	-6.305	1.011	11.202
1578	-6.305	1.011	10.291
1587	-6.305	1.011	11.201
1500	-6.296	2.636	10.366
1597	-6.296	2.636	10.334
1614	-6.295	1.009	8.684
1620	-6.294	1.009	10.411
1621	-6.294	1.009	10.240
1568	-6.164	2.257	13.448
1548	-5.908	3.403	2.568
1600	-5.908	3.403	10.629
1784	-5.906	3.403	10.247
1536	-5.826	2.131	10.458
1575	-5.742	2.563	9.808
1570	-5.672	3.009	9.823
1543	-5.656	2.851	9.908
1579	-5.656	2.851	9.595
1457	-5.655	1.835	9.185
1717	-5.654	2.794	16.538
1755	-5.654	2.794	16.573
1757	-5.654	2.794	9.717
1758	-5.654	2.794	9.368
1773	-5.652	2.850	11.202
1623	-5.650	2.849	11.202
1564	-5.647	1.821	10.302
1529	-5.592	2.881	10.329
1589	-5.563	2.316	13.681
1547	-5.483	2.494	12.784
