1331	-14.874	0.000	0.000
1373	-14.874	0.000	10.798
1307	-14.873	0.000	10.614
1351	-14.873	0.000	0.001
1325	-14.872	0.000	0.011
1367	-14.872	0.000	2.771
1404	-14.871	0.000	10.462
1289	-14.869	0.000	10.453
1341	-14.818	0.002	10.400
1278	-14.813	0.002	10.463
1279	-14.813	0.002	10.007
1287	-14.813	0.002	10.003
1407	-14.759	0.010	10.016
1348	-14.758	0.010	10.049
1309	-14.757	0.010	10.019
1368	-14.757	0.010	9.850
1390	-14.754	0.010	9.811
1343	-14.723	0.011	9.812
1355	-14.723	0.011	9.826
1370	-14.722	0.011	10.041
1376	-14.722	0.011	8.832
1403	-14.719	0.011	9.912
1280	-14.717	0.011	9.598
1372	-14.661	1.082	9.186
1374	-14.661	1.082	16.537
1375	-14.661	1.082	16.573
1339	-14.660	1.082	9.718
1350	-14.660	1.082	9.370
1321	-14.660	1.082	11.206
1295	-14.658	1.082	11.206
1392	-14.657	1.082	10.303
1291	-14.655	1.082	10.344
1386	-14.602	1.082	11.204
1276	-14.592	1.080	11.199
1290	-14.591	1.080	11.201
1271	-14.576	1.080	10.267
1272	-14.576	1.080	10.331
1273	-14.576	1.080	10.373
1326	-14.543	1.080	10.355
1301	-14.543	1.080	10.374
1305	-14.543	1.080	8.604
1288	-14.538	1.080	9.441
1274	-14.523	1.080	10.458
1387	-14.510	1.081	10.998
1439	-14.150	0.053	9.245
1441	-14.150	0.053	13.681
1443	-14.150	0.053	9.640
1421	-14.149	0.053	13.971
1449	-14.145	0.053	13.763
1415	-14.142	0.053	8.001
1410	-14.115	0.053	7.988
1450	-14.110	0.053	7.990
1418	-13.970	0.709	7.989
1354	-13.964	0.709	9.240
1436	-13.762	2.273	13.768
1438	-13.762	2.273	13.767
1445	-13.762	2.273	13.772
1371	-13.758	2.273	11.050
1299	-13.758	2.273	10.550
1318	-13.758	2.273	10.547
1416	-13.753	2.273	11.116
1283	-13.751	2.273	11.049
1362	-13.749	3.509	10.468
1381	-13.746	2.273	11.056
1428	-13.704	3.513	9.705
1277	-13.663	2.332	9.715
1408	-13.587	2.331	9.547
1423	-13.587	2.331	12.783
1345	-13.585	2.331	12.783
1338	-13.584	2.331	12.783
1340	-13.584	2.331	12.785
1377	-13.583	2.331	10.714
1282	-13.576	2.331	7.940
1286	-13.576	2.331	7.951
1294	-12.261	3.252	10.419
1300	-12.261	3.252	11.898
1302	-12.261	3.252	20.184
1406	-12.257	3.250	12.948
1364	-12.242	3.248	10.013
1414	-12.116	1.835	20.348
1304	-12.115	1.835	13.484
1296	-12.113	1.835	12.207
1396	-11.916	1.841	8.900
1332	-11.914	1.836	11.617
1312	-11.908	1.841	20.254
1400	-11.904	1.841	12.142
1454	-11.878	2.163	20.486
1322	-11.834	2.714	10.743
1313	-11.794	2.163	20.299
1315	-11.794	2.163	20.337
1327	-11.794	2.163	8.907
1328	-11.794	2.163	9.492
1398	-11.790	2.163	9.487
1346	-11.688	2.719	8.986
1430	-11.687	2.718	20.316
1303	-11.686	2.718	20.524
1310	-11.686	2.718	10.361
1314	-11.686	2.718	9.756
1347	-11.686	2.718	9.873
1388	-11.681	2.718	3.453
1399	-11.679	2.718	3.452
1391	-11.656	2.733	3.414
1356	-11.646	1.923	2.982
1281	-11.592	2.294	10.355
1429	-11.590	1.924	10.356
1357	-11.590	1.923	10.448
1427	-11.590	1.924	0.035
1360	-11.589	1.923	9.999
1444	-11.548	2.740	11.196
1455	-11.532	2.738	10.319
1336	-11.531	2.738	10.290
1369	-11.530	2.738	10.302
1453	-11.468	1.921	10.402
1323	-11.157	2.786	10.340
1349	-11.157	2.963	8.619
1425	-11.157	2.963	8.580
1432	-11.157	2.963	10.435
1297	-11.157	2.963	10.495
1308	-11.157	2.963	9.241
1319	-11.157	2.963	9.229
1320	-11.157	2.963	9.219
1311	-11.154	2.963	9.727
1329	-11.154	2.963	13.972
1353	-11.154	2.963	8.002
1298	-11.154	2.963	8.002
1394	-11.153	2.963	10.455
1395	-11.153	2.963	7.990
1405	-11.153	2.963	7.990
1292	-11.152	2.963	13.770
1380	-11.134	2.716	13.764
1363	-11.133	2.716	13.770
1366	-11.132	2.716	13.740
1419	-11.127	2.794	10.549
1424	-11.024	2.797	13.770
1378	-11.023	2.797	11.146
1451	-11.023	2.797	11.108
1361	-11.022	2.796	10.617
1434	-11.022	2.797	8.397
1442	-11.000	2.977	9.716
1411	-10.999	2.977	9.716
1452	-10.999	2.977	10.162
1393	-10.995	2.977	10.708
1409	-10.993	2.977	10.753
1383	-10.929	2.462	12.776
1413	-10.870	2.411	12.783
1284	-10.864	2.453	12.788
1317	-10.864	2.453	8.259
1293	-10.862	2.409	7.940
1285	-10.862	2.409	10.798
1275	-10.861	2.409	9.163
1342	-10.824	2.411	9.179
1422	-10.806	3.455	8.011
1433	-10.792	2.458	9.198
1447	-10.792	2.940	9.200
1384	-10.791	2.459	10.719
1389	-10.791	2.459	13.327
1448	-10.750	2.943	8.942
1440	-10.731	2.453	11.758
1446	-10.723	2.794	9.531
1333	-10.560	2.950	9.491
1358	-10.560	2.950	9.491
1401	-10.556	2.950	20.308
1420	-10.429	2.957	10.348
1417	-10.423	2.957	10.463
1412	-10.387	3.051	10.011
1426	-10.387	3.051	10.008
1431	-10.387	3.051	10.010
1435	-10.387	3.051	10.038
1335	-10.386	3.051	10.003
1379	-10.386	3.051	10.018
1352	-10.384	3.051	9.962
1306	-10.384	3.051	9.810
1382	-10.380	3.050	9.815
1365	-10.258	3.067	10.007
1385	-9.805	3.261	7.989
1344	-9.467	2.948	9.693
1316	-9.465	2.948	13.445
1330	-9.465	2.948	9.693
1402	-9.453	2.947	12.302
1324	-9.316	3.541	8.719
1334	-9.316	3.541	9.069
1359	-9.310	3.541	13.306
1337	-9.250	3.558	10.328
1397	-9.239	3.558	11.884
1437	-8.499	2.870	1.405
