820	-7.485	0.000	2.987
779	-7.473	0.085	5.762
51	-7.472	0.085	6.341
570	-7.472	0.084	5.844
436	-7.472	0.084	5.829
742	-7.472	0.084	4.135
60	-7.472	0.085	8.151
107	-7.472	0.085	6.060
130	-7.472	0.085	6.057
171	-7.472	0.085	7.881
188	-7.472	0.085	0.000
196	-7.472	0.085	5.296
215	-7.472	0.085	7.562
227	-7.472	0.085	7.563
228	-7.472	0.085	7.563
357	-7.472	0.085	6.357
145	-7.472	0.084	7.572
162	-7.472	0.085	7.933
163	-7.472	0.085	7.879
213	-7.472	0.085	7.932
381	-7.472	0.088	6.687
409	-7.472	0.085	7.933
413	-7.472	0.085	7.936
419	-7.472	0.085	1.576
430	-7.472	0.085	8.974
518	-7.472	0.085	4.316
522	-7.472	0.085	5.904
529	-7.472	0.085	5.905
558	-7.472	0.085	5.906
583	-7.472	0.085	15.124
610	-7.472	0.084	15.588
615	-7.472	0.085	6.287
623	-7.472	0.085	15.241
627	-7.472	0.084	5.396
136	-7.472	0.083	2.294
72	-7.472	0.085	4.499
184	-7.472	0.082	15.227
452	-7.472	0.085	4.241
201	-7.472	0.086	5.097
89	-7.472	0.090	4.622
211	-7.472	0.090	5.349
546	-7.472	0.080	4.670
54	-7.472	0.089	4.933
104	-7.471	0.071	5.097
63	-7.471	0.079	15.280
116	-7.471	0.072	3.533
229	-7.471	0.090	3.533
210	-7.471	0.085	3.528
290	-7.471	0.083	3.705
328	-7.471	0.082	3.708
268	-7.471	0.084	15.151
311	-7.471	0.085	4.298
320	-7.471	0.086	15.062
24	-7.471	0.085	5.185
258	-7.471	0.085	0.000
260	-7.471	0.085	8.839
278	-7.471	0.085	8.840
283	-7.471	0.085	8.943
284	-7.471	0.085	8.880
294	-7.471	0.085	8.880
297	-7.471	0.085	9.324
301	-7.471	0.085	8.887
303	-7.471	0.085	8.883
304	-7.471	0.085	9.203
305	-7.471	0.085	9.208
319	-7.471	0.085	9.207
326	-7.471	0.085	9.221
338	-7.471	0.085	9.220
342	-7.471	0.085	5.541
344	-7.471	0.085	5.541
751	-7.471	0.085	9.215
571	-7.471	0.084	15.192
618	-7.471	0.093	9.388
266	-7.471	0.090	9.390
97	-7.471	0.100	5.568
523	-7.471	0.099	9.764
333	-7.471	0.094	9.766
600	-7.471	0.104	5.305
445	-7.470	0.088	5.301
48	-7.470	0.085	5.139
14	-7.470	0.079	5.138
973	-7.470	0.081	5.140
1088	-7.470	0.080	4.593
16	-7.470	0.084	5.273
241	-7.470	0.080	5.275
864	-7.470	0.083	5.277
37	-7.470	0.090	9.165
824	-7.470	0.085	9.168
74	-7.470	0.096	4.851
839	-7.470	0.085	4.856
971	-7.470	0.085	8.708
755	-7.470	0.085	8.708
853	-7.470	0.085	9.739
965	-7.470	0.085	4.896
1074	-7.470	0.085	4.902
232	-7.470	0.085	4.902
243	-7.470	0.085	9.141
459	-7.470	0.084	8.712
466	-7.470	0.085	0.000
470	-7.470	0.085	4.867
474	-7.470	0.085	4.525
477	-7.470	0.085	4.310
754	-7.470	0.085	4.365
240	-7.470	0.085	4.284
237	-7.470	0.086	4.616
943	-7.470	0.087	4.614
1150	-7.470	0.086	4.690
247	-7.470	0.086	5.615
249	-7.470	0.085	4.298
1036	-7.470	0.085	3.817
487	-7.470	0.086	3.782
867	-7.470	0.089	13.619
32	-7.470	0.089	13.576
39	-7.470	0.089	5.147
18	-7.470	0.092	3.485
443	-7.470	0.105	3.221
594	-7.470	0.112	5.305
300	-7.470	0.108	5.328
720	-7.469	0.077	5.628
42	-7.469	0.073	5.305
785	-7.469	0.085	5.305
801	-7.469	0.085	5.309
815	-7.469	0.085	5.638
1359	-7.469	0.085	5.616
1449	-7.469	0.086	5.634
759	-7.469	0.086	5.637
892	-7.469	0.084	2.516
491	-7.469	0.099	2.476
252	-7.469	0.099	2.448
267	-7.468	0.077	9.123
28	-7.468	0.079	3.182
492	-7.468	0.083	2.277
302	-7.468	0.092	2.385
55	-7.467	0.097	5.437
120	-7.467	0.080	2.276
87	-7.467	0.094	3.263
276	-7.467	0.084	8.484
142	-7.467	0.113	8.486
93	-7.467	0.132	7.952
1055	-7.466	0.092	7.951
43	-7.466	0.119	3.122
263	-7.466	0.084	11.166
537	-7.466	0.087	0.000
788	-7.466	0.113	11.163
1063	-7.466	0.071	11.163
33	-7.466	0.121	5.353
589	-7.466	0.144	5.376
206	-7.465	0.118	5.311
105	-7.465	0.136	3.550
674	-7.464	0.095	5.448
1049	-7.464	0.048	5.396
324	-7.464	0.131	4.441
197	-7.464	0.114	4.444
366	-7.463	0.089	0.076
10	-7.463	0.147	10.644
181	-7.462	0.075	10.645
34	-7.461	0.138	10.637
490	-7.461	0.125	10.646
185	-7.460	0.047	10.601
547	-7.460	0.114	3.091
41	-7.459	0.133	5.756
1024	-7.459	0.113	3.125
135	-7.457	0.078	3.143
307	-7.455	0.133	10.667
68	-7.453	0.064	3.111
164	-7.453	0.094	3.489
166	-7.453	0.131	3.489
934	-7.452	0.125	4.833
115	-7.450	0.027	2.994
139	-7.450	0.208	8.393
417	-7.447	0.188	8.380
200	-7.446	0.077	10.831
272	-7.441	0.061	10.830
495	-7.440	0.117	11.673
431	-7.440	0.069	3.684
264	-7.435	0.086	3.920
50	-7.431	0.188	11.140
327	-7.431	0.099	3.929
388	-7.424	0.201	11.149
554	-7.414	0.136	18.375
708	-7.414	0.152	8.582
248	-7.414	0.115	10.534
662	-7.409	0.087	18.527
434	-7.409	0.143	8.888
156	-7.407	0.106	18.537
1306	-7.403	0.277	4.261
170	-7.402	0.156	8.778
479	-7.395	0.168	18.388
76	-7.390	0.234	4.612
514	-7.378	0.259	7.395
373	-7.375	0.202	8.703
95	-7.366	0.258	18.603
78	-7.361	0.193	7.333
226	-7.360	0.216	18.841
586	-7.359	0.221	18.285
578	-7.352	0.277	18.279
134	-7.352	0.320	6.458
82	-7.319	0.355	3.860
598	-7.304	0.453	2.590
189	-7.286	0.409	3.909
647	-7.282	0.542	6.085
62	-7.280	0.435	15.546
1113	-7.272	0.698	10.145
128	-7.272	0.557	10.238
271	-7.271	0.527	10.169
281	-7.259	0.830	4.421
805	-7.256	0.857	3.916
38	-7.256	0.746	3.809
665	-7.254	0.805	3.805
193	-7.249	0.898	3.828
125	-7.248	0.561	3.624
938	-7.246	0.927	4.294
133	-7.243	0.956	4.477
151	-7.238	0.945	3.936
473	-7.237	0.896	10.435
6	-7.237	0.889	10.396
577	-7.232	0.775	3.166
312	-7.229	1.041	3.021
117	-7.227	1.056	3.504
354	-7.225	3.340	3.254
49	-7.225	3.340	3.502
1106	-7.219	1.114	3.058
101	-7.211	1.067	3.238
231	-7.203	3.342	3.219
497	-7.202	3.342	3.299
880	-7.189	1.043	3.357
425	-7.172	3.339	3.103
428	-7.172	3.339	3.057
536	-7.172	3.339	11.328
562	-7.172	3.339	2.974
714	-7.172	3.339	3.070
828	-7.171	3.339	3.208
924	-7.171	3.339	0.000
361	-7.171	3.339	6.492
81	-7.171	3.339	8.190
108	-7.171	3.339	6.492
109	-7.171	3.339	6.491
113	-7.171	3.339	3.910
124	-7.171	3.339	6.183
186	-7.171	3.339	2.578
212	-7.171	3.339	7.680
217	-7.171	3.339	7.675
220	-7.171	3.339	7.680
382	-7.171	3.338	7.676
1039	-7.170	3.339	2.801
269	-7.170	3.339	2.809
298	-7.170	3.339	3.312
308	-7.170	3.339	3.780
332	-7.170	3.339	3.693
17	-7.170	3.339	3.097
19	-7.170	3.339	0.007
22	-7.170	3.339	2.714
254	-7.170	3.339	3.002
763	-7.155	1.372	3.952
644	-7.133	1.350	7.308
734	-7.089	0.114	5.830
1573	-7.088	0.111	5.988
765	-6.710	1.669	2.796
1110	-6.608	1.676	3.955
511	-6.561	1.886	0.005
390	-6.533	1.881	7.331
444	-6.533	1.883	7.333
560	-6.533	1.883	7.352
397	-6.533	1.886	2.796
387	-6.533	1.882	5.773
412	-6.533	1.884	5.736
447	-6.533	1.886	5.879
569	-6.533	1.883	5.812
602	-6.533	1.884	4.088
613	-6.533	1.883	4.284
631	-6.533	1.883	6.098
712	-6.533	1.884	7.868
726	-6.533	1.883	7.871
614	-6.532	1.873	5.257
355	-6.532	1.876	6.260
371	-6.532	1.887	6.502
375	-6.532	1.884	7.532
877	-6.532	1.880	8.386
424	-6.532	1.887	1.957
356	-6.532	1.885	7.899
363	-6.532	1.885	6.627
652	-6.532	1.885	6.729
886	-6.532	1.883	6.729
914	-6.532	1.884	7.894
964	-6.532	1.882	7.894
383	-6.532	1.881	8.308
129	-6.531	1.868	8.951
819	-6.531	1.880	5.602
177	-6.531	1.877	5.907
315	-6.531	1.880	15.082
325	-6.531	1.879	1.896
59	-6.531	1.882	1.695
103	-6.531	1.881	7.719
198	-6.531	1.880	15.086
202	-6.531	1.881	6.495
94	-6.531	1.880	7.341
165	-6.531	1.882	15.184
259	-6.531	1.880	7.485
280	-6.531	1.884	5.415
313	-6.531	1.883	4.294
316	-6.531	1.884	5.089
360	-6.531	1.874	15.142
501	-6.531	1.883	5.336
56	-6.531	1.887	15.499
57	-6.531	1.884	4.628
64	-6.531	1.886	15.250
65	-6.531	1.885	15.091
77	-6.531	1.884	5.454
106	-6.531	1.885	3.543
114	-6.531	1.889	3.551
119	-6.531	1.884	15.129
179	-6.531	1.884	3.712
180	-6.531	1.884	15.121
205	-6.531	1.883	14.497
222	-6.531	1.885	4.338
53	-6.531	1.882	6.353
67	-6.531	1.881	5.642
88	-6.531	1.883	10.690
91	-6.531	1.882	10.691
122	-6.531	1.883	10.870
169	-6.531	1.882	10.507
173	-6.531	1.879	10.507
176	-6.531	1.884	10.507
61	-6.531	1.876	10.515
146	-6.531	1.885	10.511
460	-6.531	1.884	11.380
486	-6.531	1.881	11.386
458	-6.531	1.872	11.385
496	-6.531	1.887	11.383
167	-6.530	1.870	11.403
255	-6.530	1.874	3.316
40	-6.530	1.883	3.316
7	-6.530	1.885	11.881
23	-6.530	1.876	7.027
998	-6.530	1.882	3.310
2	-6.530	1.884	11.000
3	-6.530	1.881	3.314
13	-6.530	1.883	11.682
15	-6.530	1.882	11.682
30	-6.530	1.883	11.688
35	-6.530	1.880	6.302
44	-6.530	1.885	5.558
36	-6.530	1.886	5.558
218	-6.530	1.890	11.684
246	-6.530	1.883	5.756
234	-6.530	1.885	4.705
314	-6.530	1.894	11.687
92	-6.530	1.897	4.709
187	-6.530	1.887	10.956
80	-6.530	1.891	10.958
194	-6.529	1.869	6.478
4	-6.529	1.875	6.478
12	-6.529	1.888	10.662
235	-6.529	1.884	10.663
502	-6.528	1.846	10.662
83	-6.526	1.876	11.423
1185	-6.522	1.850	5.829
611	-6.497	1.997	5.830
147	-6.496	1.998	5.702
168	-6.496	1.997	10.678
175	-6.496	1.997	5.405
178	-6.496	1.997	5.419
182	-6.496	1.997	5.402
199	-6.496	1.997	5.031
244	-6.495	1.997	5.025
204	-6.494	2.177	5.126
230	-6.483	1.563	4.547
637	-6.431	1.564	5.000
158	-6.431	1.566	6.138
214	-6.431	1.566	4.321
414	-6.431	1.575	8.854
20	-6.430	1.567	8.807
591	-6.430	1.568	4.255
471	-6.414	2.231	4.414
453	-6.403	2.221	4.402
86	-6.402	2.222	3.471
150	-6.402	2.223	1.761
503	-6.402	2.219	3.470
157	-6.401	2.228	3.472
21	-6.393	2.228	4.864
349	-6.383	2.154	3.467
351	-6.378	2.150	1.629
476	-6.349	1.820	8.067
608	-6.348	1.828	2.606
242	-6.348	1.822	6.147
1205	-6.340	2.178	3.678
1144	-6.273	2.015	6.189
469	-6.216	3.403	6.572
597	-6.213	3.403	7.104
404	-6.213	3.403	5.715
416	-6.213	3.403	5.409
439	-6.213	3.403	5.400
441	-6.213	3.403	5.391
442	-6.213	3.403	5.610
525	-6.213	3.403	3.603
549	-6.213	3.403	2.888
646	-6.213	3.403	1.009
654	-6.213	3.403	13.337
657	-6.213	3.403	13.188
660	-6.213	3.403	4.774
669	-6.213	3.403	13.195
676	-6.213	3.403	6.370
691	-6.213	3.403	3.046
704	-6.213	3.403	6.678
697	-6.213	3.405	3.014
634	-6.212	3.407	2.901
58	-6.212	3.403	13.428
70	-6.212	3.403	13.134
71	-6.212	3.404	7.224
75	-6.212	3.403	3.973
85	-6.212	3.403	3.973
118	-6.212	3.403	13.282
126	-6.212	3.404	3.849
131	-6.212	3.403	3.861
160	-6.212	3.404	3.864
192	-6.212	3.403	3.463
889	-6.212	3.402	3.954
219	-6.212	3.404	4.094
834	-6.212	3.403	5.171
891	-6.212	3.403	10.144
994	-6.212	3.403	10.145
66	-6.212	3.403	10.249
127	-6.212	3.403	10.114
152	-6.212	3.403	10.114
195	-6.212	3.403	10.381
207	-6.212	3.403	10.121
216	-6.212	3.403	10.462
963	-6.212	3.403	11.274
233	-6.212	3.398	10.468
1214	-6.211	3.404	10.468
287	-6.211	3.403	10.483
5	-6.211	3.403	10.483
27	-6.211	3.403	4.279
291	-6.211	3.403	4.279
310	-6.211	3.403	4.282
348	-6.211	3.403	10.190
1086	-6.211	3.403	10.197
1173	-6.211	3.403	10.197
1181	-6.211	3.403	10.192
1190	-6.211	3.403	10.702
1	-6.211	3.403	10.703
8	-6.211	3.403	5.450
9	-6.211	3.403	5.092
11	-6.211	3.403	5.092
25	-6.211	3.403	5.092
45	-6.211	3.403	5.102
47	-6.211	3.403	5.084
250	-6.211	3.403	4.995
261	-6.211	3.403	4.992
277	-6.211	3.403	5.093
279	-6.211	3.403	10.075
282	-6.211	3.403	10.075
339	-6.211	3.403	5.374
802	-6.211	3.403	9.711
1230	-6.211	3.403	9.715
137	-6.211	3.402	9.714
265	-6.209	3.398	4.987
96	-6.208	3.413	4.677
1145	-6.206	3.403	4.488
46	-6.206	3.396	4.301
590	-6.202	3.399	4.297
377	-6.202	3.388	4.300
245	-6.200	3.379	3.899
871	-6.195	3.412	3.792
1147	-6.192	3.402	3.847
532	-6.191	3.385	3.811
822	-6.091	3.426	3.491
650	-6.042	3.342	3.504
1189	-5.948	3.480	7.652
292	-5.798	3.542	7.677
408	-5.742	3.349	7.677
926	-5.693	3.370	7.682
161	-5.673	3.329	2.704
1071	-5.615	3.295	5.880
457	-5.362	3.510	10.144
90	-5.185	3.566	3.384
747	-5.059	3.875	5.907
1027	-5.052	3.876	15.087
1246	-5.000	2.456	15.265
1142	-4.970	3.844	3.973
832	-4.492	2.955	5.336
617	-3.935	3.518	2.807
309	-3.892	3.716	0.001
389	-3.883	3.691	2.663
