1150	-5.029	0.000	0.000
1154	-5.029	0.001	0.000
1176	-5.029	0.001	0.000
1177	-5.029	0.001	0.000
1189	-5.029	0.001	0.000
1201	-5.029	0.001	0.000
1203	-5.029	0.001	0.000
1205	-5.029	0.001	0.000
1210	-5.029	0.001	0.000
1282	-5.029	0.001	0.000
1286	-5.029	0.001	0.000
1291	-5.029	0.001	0.000
1358	-5.029	0.001	0.000
1433	-5.029	0.001	0.000
1289	-4.981	0.047	0.000
1352	-4.980	0.044	0.000
1168	-4.861	2.272	0.000
1333	-4.861	2.272	0.000
1160	-4.854	2.189	0.000
1200	-4.854	2.189	0.000
1211	-4.854	2.189	0.000
1257	-4.854	2.188	0.000
1280	-4.854	2.189	0.000
1281	-4.854	2.189	0.000
1304	-4.854	2.189	0.000
1369	-4.854	2.189	0.000
1383	-4.854	2.189	0.000
1387	-4.854	2.189	0.000
1409	-4.854	2.189	0.000
1424	-4.854	2.189	0.000
1336	-4.833	2.192	0.000
1423	-4.833	2.192	0.000
1148	-4.832	2.192	0.000
1157	-4.824	2.481	0.000
1167	-4.824	2.481	0.000
1197	-4.824	2.481	0.000
1293	-4.824	2.481	0.000
1296	-4.824	2.481	0.000
1361	-4.824	2.481	0.000
1364	-4.824	2.481	0.000
1179	-4.760	2.491	0.000
1300	-4.760	2.491	0.000
1511	-4.760	2.192	0.000
1538	-4.760	2.192	0.000
1467	-4.759	2.192	0.000
1248	-4.758	2.490	0.000
1152	-4.757	2.490	0.000
1159	-4.757	2.490	0.000
1161	-4.757	2.490	0.000
1181	-4.757	2.490	0.000
1186	-4.757	2.490	0.000
1270	-4.757	2.490	0.000
1274	-4.757	2.490	0.000
1290	-4.757	2.490	0.000
1325	-4.757	2.490	0.000
1329	-4.757	2.490	0.000
1330	-4.757	2.490	0.000
1375	-4.757	2.490	0.000
1394	-4.757	2.490	0.000
1357	-4.755	2.197	0.000
1402	-4.744	0.086	0.000
1430	-4.744	0.086	0.000
1311	-4.738	2.194	0.000
1487	-4.731	2.304	0.000
1347	-4.730	2.305	0.000
1355	-4.730	2.305	0.000
1360	-4.730	2.304	0.000
1326	-4.730	2.304	0.000
1371	-4.730	2.303	0.000
1217	-4.728	1.395	0.000
1470	-4.728	1.395	0.000
1169	-4.727	1.395	0.000
1532	-4.727	1.395	0.000
1374	-4.727	1.395	0.000
1379	-4.727	1.395	0.000
1432	-4.727	1.395	0.000
1531	-4.727	1.395	0.000
1319	-4.722	2.302	0.000
1442	-4.722	2.302	0.000
1446	-4.722	2.302	0.000
1450	-4.722	2.302	0.000
1479	-4.722	2.302	0.000
1514	-4.722	2.302	0.000
1534	-4.722	2.302	0.000
1314	-4.704	2.301	0.000
1377	-4.704	2.301	0.000
1439	-4.704	2.301	0.000
1441	-4.704	2.301	0.000
1449	-4.704	2.300	0.000
1453	-4.704	2.301	0.000
1494	-4.704	2.301	0.000
1234	-4.703	2.301	0.000
1303	-4.703	2.301	0.000
1461	-4.703	2.300	0.000
1473	-4.703	2.300	0.000
1480	-4.703	2.301	0.000
1363	-4.672	1.397	0.000
1335	-4.584	3.090	0.000
1226	-4.570	3.267	0.000
1404	-4.570	3.267	0.000
1331	-4.521	3.083	0.000
1332	-4.521	3.083	0.000
1221	-4.520	3.082	0.000
1250	-4.520	3.082	0.000
1273	-4.520	3.083	0.000
1370	-4.504	3.382	0.000
1264	-4.475	3.265	0.000
1472	-4.475	3.261	0.000
1438	-4.475	3.261	0.000
1507	-4.466	3.258	0.000
1524	-4.466	3.252	0.000
1485	-4.446	3.259	0.000
1483	-4.437	3.251	0.000
1222	-4.436	3.260	0.000
1320	-4.436	3.267	0.000
1405	-4.428	2.122	0.000
1408	-4.428	2.122	0.000
1464	-4.428	2.123	0.000
1530	-4.422	2.806	0.000
1428	-4.418	2.803	0.000
1490	-4.418	2.806	0.000
1495	-4.418	2.805	0.000
1526	-4.418	2.805	0.000
1227	-4.403	2.797	0.000
1272	-4.403	2.797	0.000
1488	-4.403	2.797	0.000
1500	-4.403	2.796	0.000
1503	-4.403	2.797	0.000
1256	-4.378	2.116	0.000
1174	-4.377	2.116	0.000
1397	-4.318	2.590	0.000
1525	-4.316	3.612	0.000
1155	-4.299	2.565	0.000
1213	-4.299	2.565	0.000
1353	-4.238	1.395	0.000
1306	-4.232	3.395	0.000
1426	-4.232	3.392	0.000
1451	-4.232	3.392	0.000
1476	-4.231	3.395	0.000
1292	-4.228	2.514	0.000
1498	-4.207	3.383	0.000
1539	-4.185	3.297	0.000
1339	-4.168	3.246	0.000
1346	-4.156	3.114	0.000
1294	-4.155	3.113	0.000
1421	-4.153	2.993	0.000
1422	-4.152	3.278	0.000
1491	-4.135	2.695	0.000
1209	-4.121	3.273	0.000
1496	-4.103	1.979	0.000
1522	-4.103	1.978	0.000
1465	-4.014	2.601	0.000
