1749	-10.763	0.000	0.000
1787	-10.763	0.000	0.000
1813	-10.763	0.000	0.000
1781	-10.763	0.002	0.000
1697	-10.761	0.001	0.000
1752	-10.692	0.010	0.000
1744	-10.691	0.012	0.000
1672	-10.691	0.011	0.000
1702	-10.691	0.010	0.000
1705	-10.691	0.010	0.000
1708	-10.691	0.011	0.000
1738	-10.691	0.010	0.000
1766	-10.691	0.011	0.000
1790	-10.691	0.011	0.000
1800	-10.691	0.011	0.000
1809	-10.691	0.010	0.000
1575	-10.690	0.012	0.000
1670	-10.690	0.011	0.000
1618	-10.690	0.010	0.000
1633	-10.690	0.010	0.000
1658	-10.690	0.010	0.000
1698	-10.690	0.010	0.000
1544	-10.690	0.011	0.000
1547	-10.690	0.011	0.000
1550	-10.690	0.011	0.000
1558	-10.690	0.011	0.000
1568	-10.690	0.011	0.000
1573	-10.690	0.011	0.000
1574	-10.690	0.011	0.000
1577	-10.690	0.011	0.000
1580	-10.690	0.011	0.000
1581	-10.690	0.010	0.000
1586	-10.690	0.011	0.000
1590	-10.690	0.011	0.000
1595	-10.690	0.010	0.000
1602	-10.690	0.011	0.000
1611	-10.690	0.011	0.000
1615	-10.690	0.011	0.000
1620	-10.690	0.011	0.000
1630	-10.690	0.011	0.000
1632	-10.690	0.010	0.000
1635	-10.690	0.011	0.000
1650	-10.690	0.011	0.000
1659	-10.690	0.011	0.000
1661	-10.690	0.011	0.000
1663	-10.690	0.011	0.000
1721	-10.690	0.011	0.000
1756	-10.690	0.011	0.000
1616	-10.690	0.012	0.000
1695	-10.689	0.010	0.000
1686	-10.689	0.010	0.000
1693	-10.689	0.011	0.000
1694	-10.689	0.010	0.000
1706	-10.684	0.056	0.000
1720	-10.612	0.017	0.000
1552	-10.611	0.017	0.000
1728	-10.611	0.017	0.000
1626	-10.611	0.016	0.000
1631	-10.611	0.017	0.000
1652	-10.313	1.816	0.000
1680	-10.276	1.841	0.000
1668	-10.255	1.835	0.000
1793	-10.255	1.835	0.000
1761	-10.254	0.057	0.000
1641	-10.254	1.834	0.000
1785	-10.249	1.701	0.000
1612	-10.249	1.701	0.000
1682	-10.249	1.702	0.000
1763	-10.199	1.774	0.000
1723	-10.161	2.414	0.000
1585	-10.140	1.799	0.000
1644	-10.140	1.799	0.000
1654	-10.140	1.799	0.000
1660	-10.140	1.799	0.000
1730	-10.140	1.799	0.000
1735	-10.140	1.799	0.000
1767	-10.111	2.414	0.000
1776	-10.111	2.413	0.000
1784	-10.111	2.414	0.000
1791	-10.111	2.414	0.000
1804	-10.111	2.414	0.000
1610	-10.021	2.420	0.000
1707	-10.021	2.420	0.000
1757	-10.021	2.420	0.000
1719	-10.020	2.420	0.000
1664	-10.005	2.717	0.000
1740	-10.005	2.717	0.000
1572	-10.004	2.717	0.000
1589	-10.004	2.717	0.000
1629	-10.004	2.718	0.000
1666	-9.975	2.736	0.000
1671	-9.975	2.736	0.000
1715	-9.975	2.736	0.000
1729	-9.975	2.736	0.000
1733	-9.975	2.736	0.000
1778	-9.975	2.736	0.000
1588	-9.975	2.736	0.000
1647	-9.975	2.736	0.000
1648	-9.975	2.736	0.000
1743	-9.975	2.736	0.000
1799	-9.975	2.736	0.000
1688	-9.975	2.736	0.000
1754	-9.974	2.736	0.000
1601	-9.899	2.591	0.000
1600	-9.899	2.590	0.000
1560	-9.899	2.583	0.000
1606	-9.899	2.573	0.000
1563	-9.885	2.734	0.000
1565	-9.885	2.734	0.000
1570	-9.885	2.734	0.000
1571	-9.885	2.734	0.000
1579	-9.885	2.734	0.000
1582	-9.885	2.734	0.000
1603	-9.885	2.734	0.000
1605	-9.885	2.734	0.000
1607	-9.885	2.734	0.000
1617	-9.885	2.734	0.000
1628	-9.885	2.734	0.000
1656	-9.885	2.734	0.000
1553	-9.885	2.734	0.000
1643	-9.885	2.734	0.000
1594	-9.884	2.734	0.000
1780	-9.867	3.152	0.000
1725	-9.866	3.151	0.000
1722	-9.816	3.157	0.000
1746	-9.816	3.157	0.000
1807	-9.816	3.157	0.000
1812	-9.816	3.157	0.000
1786	-9.816	3.157	0.000
1622	-9.815	3.158	0.000
1623	-9.815	3.158	0.000
1646	-9.815	3.158	0.000
1717	-9.815	3.157	0.000
1638	-9.795	2.524	0.000
1608	-9.794	2.546	0.000
1614	-9.794	2.547	0.000
1685	-9.794	2.544	0.000
1704	-9.794	2.534	0.000
1564	-9.794	2.531	0.000
1609	-9.794	2.524	0.000
1561	-9.794	2.549	0.000
1709	-9.739	2.538	0.000
1681	-9.738	2.541	0.000
1802	-9.722	2.853	0.000
1819	-9.722	2.853	0.000
1624	-9.702	1.911	0.000
1742	-9.701	1.911	0.000
1700	-9.701	1.911	0.000
1692	-9.643	1.963	0.000
1667	-9.642	1.959	0.000
1732	-9.642	1.962	0.000
1816	-9.642	1.963	0.000
1649	-9.641	1.962	0.000
1703	-9.641	1.963	0.000
1736	-9.641	1.966	0.000
1806	-9.614	1.917	0.000
1662	-9.614	1.917	0.000
1674	-9.614	1.915	0.000
1777	-9.614	1.915	0.000
1596	-9.613	1.917	0.000
1684	-9.613	1.917	0.000
1636	-9.613	1.916	0.000
1548	-9.613	1.916	0.000
1545	-9.613	1.915	0.000
1557	-9.613	1.917	0.000
1556	-9.613	1.915	0.000
1782	-9.613	1.916	0.000
1815	-9.613	1.916	0.000
1592	-9.613	1.914	0.000
1758	-9.612	1.918	0.000
1731	-9.612	1.916	0.000
1760	-9.612	1.916	0.000
1737	-9.612	1.916	0.000
1651	-9.608	3.200	0.000
1699	-9.555	1.915	0.000
1657	-9.554	1.915	0.000
1675	-9.554	1.916	0.000
1701	-9.553	1.918	0.000
1798	-9.551	1.933	0.000
1770	-9.551	1.933	0.000
1814	-9.540	1.932	0.000
1764	-9.539	1.932	0.000
1765	-9.539	1.932	0.000
1712	-9.530	2.049	0.000
1773	-9.502	2.917	0.000
1818	-9.501	2.917	0.000
1711	-9.501	2.917	0.000
1690	-9.501	2.917	0.000
1691	-9.501	2.917	0.000
1665	-9.500	2.918	0.000
1653	-9.454	3.124	0.000
1673	-9.454	3.123	0.000
1678	-9.454	3.122	0.000
1655	-9.454	3.120	0.000
1783	-9.453	3.125	0.000
1713	-9.453	3.122	0.000
1768	-9.453	3.121	0.000
1747	-9.453	3.121	0.000
1775	-9.453	3.120	0.000
1771	-9.400	3.018	0.000
1562	-9.363	3.109	0.000
1555	-9.363	3.109	0.000
1613	-9.363	3.109	0.000
1619	-9.363	3.108	0.000
1645	-9.363	3.109	0.000
1639	-9.363	3.108	0.000
1546	-9.363	3.107	0.000
1599	-9.363	3.108	0.000
1625	-9.363	3.107	0.000
1598	-9.363	3.106	0.000
1551	-9.363	3.106	0.000
1541	-9.328	3.278	0.000
1677	-9.323	3.277	0.000
1687	-9.323	3.277	0.000
1696	-9.323	3.278	0.000
1642	-9.322	3.277	0.000
1788	-9.322	3.277	0.000
1584	-9.322	3.277	0.000
1637	-9.322	3.278	0.000
1734	-9.322	3.277	0.000
1739	-9.322	3.277	0.000
1762	-9.322	3.277	0.000
1769	-9.322	3.278	0.000
1789	-9.322	3.278	0.000
1796	-9.322	3.277	0.000
1726	-9.322	3.278	0.000
1792	-9.322	3.278	0.000
1803	-9.322	3.278	0.000
1748	-9.322	3.277	0.000
1714	-9.322	3.279	0.000
1718	-9.321	3.278	0.000
1795	-9.295	3.110	0.000
1621	-9.293	3.109	0.000
1627	-9.293	3.109	0.000
1797	-9.267	3.042	0.000
1710	-9.246	3.065	0.000
1634	-9.235	1.985	0.000
1779	-9.235	3.045	0.000
1587	-9.235	3.044	0.000
1741	-9.235	3.045	0.000
1774	-9.235	3.044	0.000
1811	-9.234	3.044	0.000
1801	-9.233	3.044	0.000
1597	-9.229	1.984	0.000
1549	-9.224	3.268	0.000
1583	-9.224	3.267	0.000
1554	-9.224	3.269	0.000
1559	-9.224	3.268	0.000
1578	-9.224	3.269	0.000
1604	-9.224	3.268	0.000
1669	-9.224	3.268	0.000
1689	-9.224	3.268	0.000
1569	-9.224	3.268	0.000
1576	-9.224	3.268	0.000
1566	-9.224	3.269	0.000
1567	-9.224	3.269	0.000
1593	-9.223	3.269	0.000
1727	-9.223	3.269	0.000
1679	-9.210	3.148	0.000
1810	-9.180	2.554	0.000
1683	-9.109	1.871	0.000
1808	-9.107	1.876	0.000
1542	-9.080	2.948	0.000
1543	-9.080	2.947	0.000
1591	-9.017	2.949	0.000
1794	-8.797	3.524	0.000
1759	-8.769	2.777	0.000
1772	-8.768	3.885	0.000
1755	-8.658	1.973	0.000
1817	-8.628	3.547	0.000
1724	-8.618	3.546	0.000
1805	-8.618	3.546	0.000
1640	-8.453	3.552	0.000
1676	-8.452	3.552	0.000
1745	-8.451	3.552	0.000
1750	-8.451	3.552	0.000
1751	-8.451	3.552	0.000
1753	-8.391	3.043	0.000
1716	-8.224	3.035	0.000
