793	-7.320	0.000	0.000
1455	-7.318	0.061	0.000
146	-6.914	2.338	0.000
239	-6.914	2.353	0.000
60	-6.912	2.399	0.000
152	-6.877	2.315	0.000
122	-6.877	2.314	0.000
197	-6.877	2.318	0.000
77	-6.876	2.343	0.000
399	-6.801	2.289	0.000
432	-6.801	2.289	0.000
461	-6.801	2.291	0.000
447	-6.801	2.298	0.000
403	-6.801	2.303	0.000
386	-6.801	2.300	0.000
238	-6.800	2.303	0.000
550	-6.798	2.302	0.000
682	-6.798	2.300	0.000
473	-6.798	2.349	0.000
522	-6.797	2.299	0.000
820	-6.797	2.300	0.000
995	-6.797	2.299	0.000
1044	-6.797	2.301	0.000
1051	-6.797	2.300	0.000
1093	-6.797	2.300	0.000
1094	-6.797	2.301	0.000
1136	-6.797	2.300	0.000
1359	-6.797	2.300	0.000
813	-6.797	2.308	0.000
1410	-6.797	2.308	0.000
1010	-6.796	2.283	0.000
736	-6.796	2.298	0.000
494	-6.796	2.301	0.000
924	-6.796	2.331	0.000
809	-6.796	2.329	0.000
1009	-6.795	2.375	0.000
800	-6.790	2.443	0.000
172	-6.787	2.278	0.000
303	-6.787	2.279	0.000
369	-6.787	2.283	0.000
178	-6.787	2.279	0.000
179	-6.787	2.279	0.000
201	-6.787	2.279	0.000
280	-6.787	2.279	0.000
284	-6.787	2.278	0.000
328	-6.787	2.283	0.000
479	-6.787	2.289	0.000
222	-6.786	2.273	0.000
190	-6.786	2.278	0.000
207	-6.786	2.280	0.000
243	-6.786	2.279	0.000
561	-6.785	2.291	0.000
2	-6.779	1.367	0.000
32	-6.774	1.363	0.000
34	-6.774	1.363	0.000
35	-6.774	1.363	0.000
64	-6.774	1.362	0.000
72	-6.774	1.362	0.000
99	-6.774	1.362	0.000
102	-6.774	1.362	0.000
607	-6.774	2.357	0.000
15	-6.773	1.362	0.000
58	-6.773	1.362	0.000
59	-6.773	1.362	0.000
763	-6.772	2.295	0.000
1367	-6.772	2.304	0.000
1122	-6.772	2.307	0.000
1158	-6.772	2.306	0.000
1434	-6.772	2.309	0.000
1236	-6.772	2.322	0.000
1178	-6.772	2.324	0.000
1486	-6.772	2.345	0.000
149	-6.770	3.086	0.000
157	-6.770	3.086	0.000
78	-6.769	3.086	0.000
136	-6.769	3.086	0.000
327	-6.763	2.284	0.000
323	-6.763	2.283	0.000
355	-6.762	2.284	0.000
383	-6.762	2.283	0.000
392	-6.762	2.284	0.000
407	-6.762	2.284	0.000
458	-6.762	2.283	0.000
169	-6.762	2.284	0.000
213	-6.762	2.284	0.000
225	-6.762	2.284	0.000
229	-6.762	2.285	0.000
401	-6.762	2.283	0.000
217	-6.762	2.290	0.000
305	-6.762	2.287	0.000
315	-6.762	2.284	0.000
145	-6.762	2.287	0.000
224	-6.762	2.289	0.000
118	-6.762	2.289	0.000
423	-6.762	2.319	0.000
53	-6.760	3.087	0.000
12	-6.760	3.087	0.000
17	-6.760	3.087	0.000
38	-6.760	3.087	0.000
39	-6.760	3.087	0.000
534	-6.760	2.297	0.000
31	-6.759	3.087	0.000
20	-6.759	3.087	0.000
26	-6.759	3.087	0.000
28	-6.759	3.087	0.000
29	-6.759	3.087	0.000
66	-6.759	3.087	0.000
98	-6.759	3.087	0.000
100	-6.759	3.087	0.000
150	-6.759	3.087	0.000
168	-6.759	3.087	0.000
206	-6.759	3.087	0.000
4	-6.759	3.088	0.000
7	-6.759	3.087	0.000
9	-6.759	3.087	0.000
112	-6.759	3.087	0.000
307	-6.759	2.373	0.000
1073	-6.758	2.282	0.000
875	-6.758	2.294	0.000
904	-6.758	2.295	0.000
1013	-6.758	2.294	0.000
1057	-6.758	2.294	0.000
1092	-6.758	2.294	0.000
953	-6.758	2.297	0.000
1088	-6.758	2.295	0.000
1144	-6.758	2.297	0.000
837	-6.758	2.294	0.000
866	-6.758	2.294	0.000
1100	-6.758	2.295	0.000
936	-6.758	2.298	0.000
825	-6.758	2.305	0.000
740	-6.758	2.295	0.000
1130	-6.758	2.292	0.000
1109	-6.757	2.292	0.000
1074	-6.757	2.358	0.000
1107	-6.745	1.899	0.000
973	-6.742	2.323	0.000
1104	-6.731	2.316	0.000
560	-6.683	3.096	0.000
510	-6.679	3.095	0.000
51	-6.672	1.996	0.000
123	-6.672	1.996	0.000
127	-6.672	1.996	0.000
1035	-6.665	3.095	0.000
317	-6.655	3.837	0.000
270	-6.654	3.840	0.000
257	-6.650	1.338	0.000
345	-6.650	1.338	0.000
410	-6.642	1.338	0.000
299	-6.642	1.337	0.000
314	-6.642	1.337	0.000
334	-6.642	1.337	0.000
364	-6.642	1.337	0.000
365	-6.642	1.340	0.000
81	-6.641	1.337	0.000
110	-6.641	1.337	0.000
134	-6.641	1.338	0.000
140	-6.641	1.337	0.000
195	-6.641	1.337	0.000
202	-6.641	1.338	0.000
231	-6.641	1.337	0.000
1252	-6.638	1.347	0.000
1351	-6.638	1.345	0.000
1052	-6.629	1.344	0.000
347	-6.627	1.340	0.000
125	-6.626	1.341	0.000
67	-6.626	1.340	0.000
194	-6.626	1.341	0.000
30	-6.626	1.341	0.000
593	-6.626	3.087	0.000
594	-6.626	3.086	0.000
46	-6.625	1.341	0.000
56	-6.625	1.341	0.000
597	-6.625	3.087	0.000
535	-6.623	3.084	0.000
543	-6.623	3.084	0.000
397	-6.623	3.081	0.000
1478	-6.622	3.086	0.000
526	-6.619	3.083	0.000
832	-6.619	3.083	0.000
853	-6.619	3.083	0.000
47	-6.610	3.084	0.000
166	-6.610	3.084	0.000
218	-6.610	3.083	0.000
261	-6.610	3.083	0.000
565	-6.610	3.085	0.000
579	-6.610	3.084	0.000
137	-6.610	3.083	0.000
306	-6.610	3.084	0.000
417	-6.610	3.083	0.000
83	-6.609	3.081	0.000
927	-6.606	3.083	0.000
933	-6.606	3.083	0.000
1039	-6.606	3.083	0.000
1118	-6.606	3.083	0.000
1427	-6.606	3.083	0.000
377	-6.593	3.818	0.000
1048	-6.592	3.083	0.000
268	-6.592	3.820	0.000
586	-6.571	1.997	0.000
961	-6.570	1.997	0.000
988	-6.569	1.998	0.000
260	-6.567	1.997	0.000
1278	-6.560	1.997	0.000
95	-6.558	1.997	0.000
402	-6.558	1.997	0.000
71	-6.558	1.997	0.000
109	-6.547	1.996	0.000
158	-6.547	1.996	0.000
351	-6.543	2.012	0.000
147	-6.542	2.011	0.000
170	-6.541	2.011	0.000
143	-6.541	2.011	0.000
255	-6.518	2.399	0.000
205	-6.516	2.396	0.000
135	-6.516	2.396	0.000
90	-6.515	2.396	0.000
944	-6.458	2.003	0.000
220	-6.450	1.987	0.000
926	-6.448	2.039	0.000
1175	-6.448	2.904	0.000
568	-6.438	1.998	0.000
767	-6.438	3.100	0.000
324	-6.437	1.999	0.000
318	-6.437	1.998	0.000
319	-6.437	1.999	0.000
356	-6.437	1.998	0.000
374	-6.437	1.999	0.000
404	-6.437	1.998	0.000
413	-6.437	1.998	0.000
452	-6.437	1.998	0.000
296	-6.436	1.998	0.000
310	-6.436	1.998	0.000
116	-6.436	1.999	0.000
126	-6.436	1.999	0.000
139	-6.436	1.999	0.000
183	-6.436	1.999	0.000
214	-6.436	1.999	0.000
262	-6.435	1.998	0.000
75	-6.435	1.998	0.000
103	-6.435	1.998	0.000
430	-6.421	3.836	0.000
352	-6.421	3.839	0.000
435	-6.421	3.840	0.000
601	-6.421	3.839	0.000
442	-6.420	3.859	0.000
337	-6.419	3.808	0.000
501	-6.415	3.879	0.000
598	-6.399	3.843	0.000
605	-6.398	3.856	0.000
1316	-6.398	3.844	0.000
1443	-6.397	3.846	0.000
1172	-6.397	3.846	0.000
1194	-6.397	3.846	0.000
1191	-6.397	3.840	0.000
546	-6.397	3.846	0.000
556	-6.397	3.846	0.000
576	-6.397	3.846	0.000
577	-6.397	3.847	0.000
584	-6.397	3.846	0.000
591	-6.397	3.848	0.000
592	-6.397	3.846	0.000
1128	-6.391	2.480	0.000
246	-6.384	2.365	0.000
493	-6.382	2.362	0.000
424	-6.381	3.811	0.000
408	-6.378	3.765	0.000
283	-6.371	2.624	0.000
297	-6.371	2.624	0.000
311	-6.371	2.624	0.000
375	-6.371	2.623	0.000
325	-6.371	2.623	0.000
414	-6.369	2.622	0.000
416	-6.369	2.622	0.000
484	-6.369	3.469	0.000
208	-6.368	2.623	0.000
85	-6.366	2.621	0.000
215	-6.366	2.359	0.000
167	-6.360	3.191	0.000
82	-6.360	3.191	0.000
88	-6.360	3.191	0.000
540	-6.357	3.815	0.000
273	-6.356	3.817	0.000
847	-6.355	3.821	0.000
908	-6.355	3.819	0.000
523	-6.355	3.821	0.000
525	-6.355	3.821	0.000
390	-6.355	3.821	0.000
545	-6.355	3.820	0.000
570	-6.355	3.820	0.000
581	-6.355	3.818	0.000
230	-6.355	3.820	0.000
455	-6.355	3.819	0.000
459	-6.355	3.820	0.000
286	-6.355	3.820	0.000
290	-6.355	3.820	0.000
338	-6.355	3.851	0.000
518	-6.354	3.833	0.000
428	-6.354	3.840	0.000
251	-6.354	3.813	0.000
814	-6.353	3.850	0.000
490	-6.353	3.808	0.000
445	-6.318	3.213	0.000
536	-6.316	3.212	0.000
602	-6.316	3.212	0.000
958	-6.315	3.212	0.000
1123	-6.315	3.212	0.000
1307	-6.315	3.212	0.000
1536	-6.315	3.212	0.000
332	-6.291	3.211	0.000
346	-6.291	3.211	0.000
350	-6.291	3.211	0.000
370	-6.291	3.211	0.000
380	-6.291	3.211	0.000
419	-6.291	3.211	0.000
281	-6.290	3.211	0.000
309	-6.290	3.211	0.000
312	-6.290	3.211	0.000
1030	-6.288	3.209	0.000
669	-6.242	3.274	0.000
322	-6.239	3.206	0.000
277	-6.238	3.207	0.000
469	-6.238	3.207	0.000
177	-6.237	3.207	0.000
181	-6.237	3.207	0.000
219	-6.237	3.207	0.000
160	-6.237	3.207	0.000
236	-6.237	3.207	0.000
1070	-6.236	3.206	0.000
263	-6.236	3.207	0.000
80	-6.236	3.207	0.000
563	-6.235	3.206	0.000
1481	-6.235	3.208	0.000
489	-6.234	3.209	0.000
420	-6.215	2.645	0.000
478	-6.215	2.640	0.000
595	-6.214	2.645	0.000
203	-6.213	2.630	0.000
982	-6.213	2.645	0.000
1077	-6.213	2.647	0.000
496	-6.212	2.645	0.000
41	-6.202	2.344	0.000
119	-6.201	2.312	0.000
153	-6.201	2.337	0.000
384	-6.197	2.639	0.000
379	-6.197	2.638	0.000
292	-6.194	2.626	0.000
714	-6.185	2.631	0.000
23	-6.184	2.631	0.000
63	-6.183	2.631	0.000
68	-6.183	2.631	0.000
73	-6.183	2.631	0.000
79	-6.183	2.631	0.000
84	-6.183	2.631	0.000
101	-6.183	2.631	0.000
106	-6.183	2.631	0.000
108	-6.183	2.631	0.000
124	-6.183	2.631	0.000
130	-6.183	2.631	0.000
138	-6.183	2.631	0.000
154	-6.183	2.631	0.000
159	-6.183	2.631	0.000
161	-6.183	2.631	0.000
163	-6.183	2.631	0.000
189	-6.183	2.631	0.000
193	-6.183	2.631	0.000
221	-6.183	2.631	0.000
227	-6.183	2.631	0.000
235	-6.183	2.631	0.000
242	-6.183	2.631	0.000
285	-6.183	2.631	0.000
1350	-6.176	2.628	0.000
811	-6.173	2.626	0.000
1099	-6.173	2.627	0.000
254	-6.173	2.630	0.000
1131	-6.172	2.627	0.000
1134	-6.172	2.627	0.000
165	-6.172	2.629	0.000
185	-6.172	2.629	0.000
258	-6.172	2.629	0.000
483	-6.163	2.093	0.000
443	-6.157	2.621	0.000
248	-6.156	2.620	0.000
275	-6.156	2.620	0.000
405	-6.156	2.620	0.000
514	-6.155	2.620	0.000
585	-6.155	2.620	0.000
583	-6.154	2.639	0.000
488	-6.154	2.620	0.000
1120	-6.154	2.620	0.000
269	-6.154	2.620	0.000
533	-6.154	2.620	0.000
578	-6.153	2.604	0.000
527	-6.153	2.621	0.000
551	-6.153	2.605	0.000
937	-6.153	2.793	0.000
943	-6.153	2.791	0.000
964	-6.153	2.793	0.000
548	-6.153	2.798	0.000
749	-6.152	2.608	0.000
745	-6.152	2.773	0.000
756	-6.145	2.739	0.000
382	-6.139	2.860	0.000
367	-6.138	2.541	0.000
301	-6.136	2.788	0.000
361	-6.136	2.787	0.000
353	-6.136	2.788	0.000
223	-6.136	2.807	0.000
1396	-6.129	2.683	0.000
360	-6.128	2.472	0.000
606	-6.126	2.797	0.000
1310	-6.125	2.786	0.000
1171	-6.125	2.787	0.000
240	-6.125	2.638	0.000
288	-6.125	2.661	0.000
320	-6.125	2.657	0.000
340	-6.125	2.668	0.000
465	-6.125	2.656	0.000
1288	-6.124	2.784	0.000
541	-6.123	2.683	0.000
876	-6.121	2.618	0.000
1050	-6.121	2.673	0.000
394	-6.112	2.693	0.000
828	-6.111	2.777	0.000
450	-6.111	2.678	0.000
1006	-6.108	2.661	0.000
92	-6.108	2.779	0.000
467	-6.108	2.781	0.000
1028	-6.108	2.702	0.000
516	-6.108	2.705	0.000
914	-6.108	2.692	0.000
117	-6.107	2.759	0.000
1127	-6.106	2.576	0.000
1049	-6.102	2.552	0.000
156	-6.086	3.043	0.000
596	-6.074	3.989	0.000
54	-6.041	3.032	0.000
842	-5.994	3.922	0.000
845	-5.994	3.924	0.000
856	-5.994	3.924	0.000
336	-5.989	2.315	0.000
171	-5.985	3.924	0.000
192	-5.985	3.924	0.000
226	-5.985	3.925	0.000
308	-5.985	3.925	0.000
341	-5.985	3.924	0.000
409	-5.985	3.924	0.000
439	-5.985	3.924	0.000
93	-5.985	3.925	0.000
291	-5.985	3.935	0.000
191	-5.984	2.345	0.000
520	-5.983	3.924	0.000
538	-5.983	3.924	0.000
603	-5.983	3.924	0.000
730	-5.983	3.924	0.000
750	-5.983	3.924	0.000
753	-5.983	3.924	0.000
894	-5.983	3.924	0.000
354	-5.970	3.926	0.000
422	-5.970	3.926	0.000
537	-5.968	3.926	0.000
985	-5.968	3.926	0.000
1004	-5.968	3.926	0.000
1027	-5.968	3.926	0.000
1034	-5.968	3.926	0.000
1043	-5.968	3.925	0.000
1055	-5.968	3.926	0.000
713	-5.962	3.328	0.000
935	-5.959	3.315	0.000
1482	-5.959	3.313	0.000
1054	-5.959	3.322	0.000
895	-5.959	3.344	0.000
1069	-5.958	3.274	0.000
349	-5.954	3.971	0.000
76	-5.907	3.322	0.000
878	-5.906	3.344	0.000
148	-5.897	3.987	0.000
373	-5.896	3.350	0.000
294	-5.879	3.345	0.000
326	-5.878	3.345	0.000
188	-5.878	3.345	0.000
358	-5.878	3.344	0.000
396	-5.878	3.345	0.000
457	-5.878	3.345	0.000
427	-5.878	3.345	0.000
237	-5.877	3.344	0.000
264	-5.877	3.344	0.000
335	-5.877	3.344	0.000
411	-5.877	3.344	0.000
608	-5.875	3.348	0.000
1080	-5.874	3.347	0.000
500	-5.873	3.347	0.000
244	-5.872	3.348	0.000
733	-5.872	3.349	0.000
774	-5.872	3.346	0.000
872	-5.872	3.346	0.000
1026	-5.872	3.346	0.000
1111	-5.869	3.345	0.000
552	-5.845	3.681	0.000
910	-5.831	3.486	0.000
249	-5.787	3.338	0.000
233	-5.787	3.328	0.000
485	-5.787	3.330	0.000
415	-5.787	3.328	0.000
1484	-5.784	3.341	0.000
444	-5.783	3.339	0.000
529	-5.782	3.332	0.000
530	-5.782	3.334	0.000
557	-5.782	3.333	0.000
521	-5.780	3.330	0.000
865	-5.780	3.332	0.000
1112	-5.780	3.335	0.000
393	-5.778	3.337	0.000
400	-5.778	3.338	0.000
1141	-5.772	3.339	0.000
1116	-5.772	3.336	0.000
1005	-5.670	3.434	0.000
278	-5.496	3.215	0.000
1033	-5.471	3.114	0.000
1117	-5.344	3.068	0.000
