1634	-6.911	0.000	0.000
1635	-6.911	0.000	0.000
1636	-6.911	0.000	0.000
1637	-6.911	0.000	0.000
1669	-6.911	0.001	0.000
1672	-6.911	0.001	0.000
1673	-6.911	0.001	0.000
1675	-6.911	0.001	0.000
1676	-6.911	0.005	0.000
1692	-6.911	0.001	0.000
1696	-6.911	0.001	0.000
1701	-6.911	0.000	0.000
1702	-6.911	0.000	0.000
1703	-6.911	0.000	0.000
1712	-6.911	0.000	0.000
1725	-6.911	0.000	0.000
1727	-6.911	0.000	0.000
1729	-6.911	0.000	0.000
1730	-6.911	0.000	0.000
1741	-6.911	0.000	0.000
1602	-6.911	0.005	0.000
1603	-6.911	0.005	0.000
1604	-6.911	0.005	0.000
1605	-6.911	0.005	0.000
1606	-6.911	0.005	0.000
1607	-6.911	0.005	0.000
1608	-6.911	0.005	0.000
1706	-6.911	0.000	0.000
1575	-6.910	0.005	0.000
1579	-6.910	0.005	0.000
1617	-6.910	0.005	0.000
1618	-6.910	0.005	0.000
1664	-6.910	0.005	0.000
1666	-6.910	0.005	0.000
1682	-6.910	0.005	0.000
1683	-6.910	0.005	0.000
1737	-6.910	0.005	0.000
1477	-6.909	0.006	0.000
1479	-6.909	0.005	0.000
1515	-6.909	0.006	0.000
1516	-6.909	0.006	0.000
1533	-6.909	0.006	0.000
1534	-6.909	0.005	0.000
1535	-6.909	0.006	0.000
1536	-6.909	0.006	0.000
1537	-6.909	0.006	0.000
1538	-6.909	0.006	0.000
1539	-6.909	0.006	0.000
1540	-6.909	0.006	0.000
1541	-6.909	0.006	0.000
1547	-6.909	0.006	0.000
1548	-6.909	0.006	0.000
1549	-6.909	0.006	0.000
1550	-6.909	0.006	0.000
1551	-6.909	0.006	0.000
1553	-6.909	0.006	0.000
1557	-6.909	0.005	0.000
1558	-6.909	0.006	0.000
1559	-6.909	0.006	0.000
1560	-6.909	0.006	0.000
1561	-6.909	0.006	0.000
1562	-6.909	0.006	0.000
1563	-6.909	0.006	0.000
1564	-6.909	0.006	0.000
1568	-6.909	0.006	0.000
1569	-6.909	0.006	0.000
1570	-6.909	0.006	0.000
1612	-6.909	0.006	0.000
1613	-6.909	0.006	0.000
1614	-6.909	0.006	0.000
1629	-6.909	0.006	0.000
1600	-6.887	0.011	0.000
1710	-6.887	0.011	0.000
1519	-6.884	0.011	0.000
1520	-6.884	0.011	0.000
1521	-6.884	0.011	0.000
1522	-6.884	0.011	0.000
1647	-6.785	2.450	0.000
1648	-6.785	2.450	0.000
1657	-6.785	2.450	0.000
1667	-6.785	2.449	0.000
1691	-6.785	2.449	0.000
1693	-6.785	2.450	0.000
1694	-6.785	2.450	0.000
1447	-6.784	2.449	0.000
1456	-6.783	2.449	0.000
1491	-6.783	2.449	0.000
1492	-6.783	2.449	0.000
1493	-6.783	2.449	0.000
1494	-6.783	2.449	0.000
1495	-6.783	2.449	0.000
1496	-6.783	2.449	0.000
1497	-6.783	2.449	0.000
1513	-6.783	2.449	0.000
1514	-6.783	2.449	0.000
1517	-6.783	2.449	0.000
1518	-6.783	2.449	0.000
1528	-6.783	2.449	0.000
1529	-6.783	2.449	0.000
1530	-6.783	2.449	0.000
1542	-6.783	2.449	0.000
1543	-6.783	2.449	0.000
1544	-6.783	2.449	0.000
1545	-6.783	2.449	0.000
1546	-6.783	2.449	0.000
1567	-6.783	2.449	0.000
1582	-6.783	2.449	0.000
1584	-6.783	2.449	0.000
1589	-6.783	2.449	0.000
1590	-6.783	2.449	0.000
1591	-6.783	2.449	0.000
1592	-6.783	2.449	0.000
1593	-6.783	2.449	0.000
1594	-6.783	2.449	0.000
1595	-6.783	2.449	0.000
1596	-6.783	2.449	0.000
1597	-6.783	2.449	0.000
1598	-6.783	2.449	0.000
1609	-6.783	2.449	0.000
1620	-6.783	2.449	0.000
1621	-6.783	2.449	0.000
1622	-6.783	2.449	0.000
1623	-6.783	2.449	0.000
1624	-6.783	2.449	0.000
1625	-6.783	2.449	0.000
1639	-6.783	2.449	0.000
1640	-6.783	2.449	0.000
1641	-6.783	2.449	0.000
1717	-6.783	2.449	0.000
1718	-6.783	2.449	0.000
1719	-6.783	2.449	0.000
1742	-6.783	2.449	0.000
1448	-6.757	2.452	0.000
1449	-6.757	2.452	0.000
1450	-6.757	2.452	0.000
1451	-6.757	2.452	0.000
1452	-6.757	2.452	0.000
1453	-6.757	2.452	0.000
1454	-6.757	2.452	0.000
1455	-6.757	2.452	0.000
1651	-6.757	2.452	0.000
1652	-6.757	2.452	0.000
1653	-6.757	2.452	0.000
1654	-6.757	2.452	0.000
1655	-6.757	2.452	0.000
1704	-6.756	2.452	0.000
1705	-6.756	2.452	0.000
1457	-6.756	2.452	0.000
1458	-6.756	2.452	0.000
1459	-6.756	2.452	0.000
1460	-6.756	2.452	0.000
1461	-6.756	2.452	0.000
1462	-6.756	2.452	0.000
1463	-6.756	2.452	0.000
1464	-6.756	2.452	0.000
1465	-6.756	2.452	0.000
1466	-6.756	2.452	0.000
1467	-6.756	2.452	0.000
1468	-6.756	2.452	0.000
1469	-6.756	2.452	0.000
1472	-6.756	2.452	0.000
1473	-6.756	2.452	0.000
1481	-6.756	2.452	0.000
1482	-6.756	2.452	0.000
1483	-6.756	2.452	0.000
1484	-6.756	2.452	0.000
1485	-6.756	2.452	0.000
1486	-6.756	2.452	0.000
1501	-6.756	2.452	0.000
1502	-6.756	2.452	0.000
1524	-6.756	2.452	0.000
1531	-6.756	2.452	0.000
1532	-6.756	2.452	0.000
1587	-6.756	2.452	0.000
1601	-6.692	1.252	0.000
1573	-6.692	1.252	0.000
1574	-6.692	1.252	0.000
1709	-6.692	1.252	0.000
1474	-6.691	1.252	0.000
1475	-6.691	1.252	0.000
1476	-6.691	1.252	0.000
1478	-6.691	1.252	0.000
1480	-6.691	1.252	0.000
1506	-6.691	1.252	0.000
1552	-6.691	1.252	0.000
1554	-6.691	1.252	0.000
1555	-6.691	1.252	0.000
1565	-6.691	1.252	0.000
1599	-6.691	1.252	0.000
1610	-6.691	1.252	0.000
1611	-6.691	1.252	0.000
1658	-6.690	1.252	0.000
1659	-6.690	1.252	0.000
1660	-6.690	1.252	0.000
1695	-6.690	1.252	0.000
1707	-6.688	1.251	0.000
1708	-6.688	1.251	0.000
1720	-6.688	1.251	0.000
1721	-6.688	1.251	0.000
1722	-6.688	1.251	0.000
1723	-6.688	1.251	0.000
1726	-6.688	1.251	0.000
1728	-6.688	1.251	0.000
1731	-6.688	1.251	0.000
1646	-6.680	1.256	0.000
1668	-6.638	2.061	0.000
1670	-6.638	2.061	0.000
1671	-6.638	2.061	0.000
1674	-6.638	2.061	0.000
1690	-6.638	2.061	0.000
1686	-6.622	2.637	0.000
1687	-6.622	2.637	0.000
1688	-6.622	2.637	0.000
1689	-6.622	2.637	0.000
1697	-6.622	2.637	0.000
1571	-6.621	2.637	0.000
1580	-6.621	2.637	0.000
1581	-6.621	2.637	0.000
1583	-6.621	2.637	0.000
1632	-6.621	2.637	0.000
1633	-6.621	2.637	0.000
1643	-6.621	2.637	0.000
1698	-6.621	2.637	0.000
1699	-6.621	2.637	0.000
1700	-6.621	2.637	0.000
1740	-6.621	2.637	0.000
1665	-6.612	2.421	0.000
1661	-6.601	1.218	0.000
1526	-6.558	2.059	0.000
1527	-6.558	2.059	0.000
1677	-6.556	2.644	0.000
1615	-6.555	2.644	0.000
1616	-6.555	2.644	0.000
1638	-6.555	2.644	0.000
1679	-6.553	2.059	0.000
1684	-6.553	2.059	0.000
1470	-6.552	2.059	0.000
1471	-6.552	2.059	0.000
1487	-6.552	2.059	0.000
1488	-6.552	2.059	0.000
1489	-6.552	2.059	0.000
1490	-6.552	2.059	0.000
1498	-6.552	2.059	0.000
1499	-6.552	2.059	0.000
1500	-6.552	2.059	0.000
1505	-6.552	2.059	0.000
1508	-6.552	2.059	0.000
1523	-6.552	2.059	0.000
1566	-6.552	2.059	0.000
1572	-6.552	2.059	0.000
1585	-6.552	2.059	0.000
1586	-6.552	2.059	0.000
1588	-6.552	2.059	0.000
1619	-6.552	2.059	0.000
1626	-6.552	2.059	0.000
1627	-6.552	2.059	0.000
1628	-6.552	2.059	0.000
1630	-6.552	2.059	0.000
1631	-6.552	2.059	0.000
1642	-6.552	2.059	0.000
1733	-6.552	2.059	0.000
1734	-6.552	2.059	0.000
1735	-6.552	2.059	0.000
1738	-6.552	2.059	0.000
1739	-6.552	2.059	0.000
1662	-6.516	2.061	0.000
1663	-6.516	2.061	0.000
1650	-6.516	2.061	0.000
1556	-6.515	2.061	0.000
1680	-6.515	2.061	0.000
1681	-6.515	2.061	0.000
1724	-6.515	2.061	0.000
1736	-6.515	2.061	0.000
1713	-6.515	2.061	0.000
1714	-6.515	2.061	0.000
1715	-6.515	2.061	0.000
1716	-6.515	2.061	0.000
1576	-6.457	2.656	0.000
1577	-6.457	2.656	0.000
1578	-6.457	2.656	0.000
1511	-6.456	2.656	0.000
1512	-6.456	2.656	0.000
1525	-6.173	2.891	0.000
1644	-6.133	2.896	0.000
1645	-6.133	2.896	0.000
1678	-6.057	1.997	0.000
1685	-6.057	1.997	0.000
1711	-6.057	1.997	0.000
1656	-6.056	1.998	0.000
1732	-6.056	1.997	0.000
1503	-6.055	1.998	0.000
1504	-6.055	1.998	0.000
1507	-6.055	1.997	0.000
1509	-6.055	1.997	0.000
1510	-6.055	1.998	0.000
1649	-6.006	1.995	0.000
