475	-6.982	0.000	0.000
476	-6.982	0.000	0.000
539	-6.982	0.000	0.000
567	-6.982	0.000	0.000
568	-6.982	0.000	0.000
25	-6.861	1.684	0.000
27	-6.861	1.684	0.000
29	-6.861	1.684	0.000
24	-6.825	1.764	0.000
21	-6.817	1.765	0.000
26	-6.817	1.765	0.000
603	-6.801	0.060	0.000
478	-6.640	1.618	0.000
566	-6.638	1.618	0.000
272	-6.613	0.143	0.000
504	-6.613	0.143	0.000
13	-6.606	1.747	0.000
14	-6.606	1.747	0.000
19	-6.606	1.747	0.000
20	-6.606	1.747	0.000
316	-6.597	1.749	0.000
1221	-6.597	1.749	0.000
31	-6.588	1.749	0.000
53	-6.588	1.749	0.000
78	-6.588	1.749	0.000
117	-6.588	1.749	0.000
128	-6.588	1.749	0.000
129	-6.588	1.749	0.000
425	-6.584	0.139	0.000
214	-6.581	0.139	0.000
123	-6.571	1.641	0.000
1082	-6.522	2.012	0.000
1337	-6.522	2.012	0.000
1391	-6.522	2.012	0.000
259	-6.521	2.012	0.000
1219	-6.521	2.012	0.000
1220	-6.521	2.012	0.000
1248	-6.521	2.012	0.000
1250	-6.521	2.012	0.000
1395	-6.521	2.012	0.000
375	-6.521	2.012	0.000
100	-6.520	2.010	0.000
1261	-6.514	1.997	0.000
47	-5.480	2.151	0.000
1	-5.479	2.152	0.000
2	-5.479	2.152	0.000
3	-5.479	2.152	0.000
5	-5.479	2.152	0.000
6	-5.479	2.152	0.000
4	-5.479	2.152	0.000
23	-5.477	2.151	0.000
49	-5.476	2.151	0.000
82	-5.476	2.152	0.000
81	-5.476	2.151	0.000
28	-5.476	2.151	0.000
34	-5.476	2.151	0.000
35	-5.476	2.151	0.000
38	-5.476	2.152	0.000
39	-5.476	2.151	0.000
40	-5.476	2.151	0.000
41	-5.476	2.151	0.000
42	-5.476	2.151	0.000
43	-5.476	2.151	0.000
44	-5.476	2.152	0.000
55	-5.476	2.151	0.000
56	-5.476	2.152	0.000
57	-5.476	2.152	0.000
58	-5.476	2.152	0.000
59	-5.476	2.151	0.000
60	-5.476	2.152	0.000
61	-5.476	2.151	0.000
62	-5.476	2.151	0.000
71	-5.476	2.151	0.000
72	-5.476	2.151	0.000
73	-5.476	2.151	0.000
74	-5.476	2.151	0.000
75	-5.476	2.151	0.000
95	-5.476	2.151	0.000
99	-5.476	2.151	0.000
110	-5.476	2.151	0.000
135	-5.476	2.151	0.000
141	-5.476	2.151	0.000
52	-5.475	2.155	0.000
261	-5.467	2.154	0.000
288	-5.467	2.154	0.000
289	-5.467	2.154	0.000
349	-5.467	2.154	0.000
350	-5.467	2.154	0.000
351	-5.467	2.154	0.000
372	-5.467	2.154	0.000
386	-5.467	2.154	0.000
387	-5.467	2.154	0.000
388	-5.467	2.154	0.000
530	-5.467	2.154	0.000
1233	-5.467	2.154	0.000
273	-5.467	2.154	0.000
1157	-5.466	2.154	0.000
498	-5.465	2.154	0.000
22	-5.465	2.153	0.000
341	-5.463	2.154	0.000
337	-5.463	2.154	0.000
338	-5.463	2.154	0.000
340	-5.463	2.154	0.000
342	-5.463	2.154	0.000
137	-5.463	2.153	0.000
50	-5.463	2.153	0.000
51	-5.463	2.153	0.000
69	-5.463	2.153	0.000
80	-5.463	2.153	0.000
83	-5.463	2.153	0.000
84	-5.463	2.153	0.000
85	-5.463	2.153	0.000
94	-5.463	2.153	0.000
101	-5.463	2.153	0.000
111	-5.463	2.153	0.000
112	-5.463	2.153	0.000
116	-5.463	2.153	0.000
119	-5.463	2.153	0.000
120	-5.463	2.153	0.000
122	-5.463	2.153	0.000
125	-5.463	2.153	0.000
130	-5.463	2.153	0.000
173	-5.463	2.153	0.000
234	-5.463	2.153	0.000
443	-5.462	2.155	0.000
465	-5.461	2.154	0.000
343	-5.459	2.162	0.000
546	-5.441	2.157	0.000
604	-5.440	2.157	0.000
545	-5.436	2.157	0.000
33	-4.469	3.249	0.000
36	-4.469	3.249	0.000
37	-4.469	3.249	0.000
45	-4.469	3.249	0.000
54	-4.469	3.249	0.000
63	-4.469	3.249	0.000
64	-4.469	3.249	0.000
65	-4.469	3.249	0.000
66	-4.469	3.249	0.000
67	-4.469	3.249	0.000
68	-4.469	3.249	0.000
70	-4.469	3.249	0.000
92	-4.469	3.249	0.000
93	-4.469	3.249	0.000
96	-4.469	3.249	0.000
97	-4.469	3.249	0.000
113	-4.469	3.249	0.000
7	-4.468	3.251	0.000
8	-4.468	3.251	0.000
9	-4.468	3.251	0.000
10	-4.468	3.251	0.000
11	-4.468	3.251	0.000
12	-4.468	3.251	0.000
15	-4.468	3.251	0.000
16	-4.468	3.251	0.000
17	-4.468	3.251	0.000
18	-4.468	3.251	0.000
980	-4.436	3.995	0.000
584	-4.398	3.193	0.000
30	-4.393	3.206	0.000
32	-4.393	3.206	0.000
46	-4.393	3.206	0.000
79	-4.393	3.206	0.000
104	-4.393	3.206	0.000
115	-4.393	3.206	0.000
118	-4.393	3.206	0.000
124	-4.393	3.206	0.000
315	-4.391	3.206	0.000
331	-4.391	3.206	0.000
538	-4.391	3.206	0.000
479	-4.383	3.178	0.000
534	-4.376	3.194	0.000
