1265	-7.118	0.000	11.298
1292	-7.118	0.000	11.298
1324	-7.118	0.000	11.126
1416	-7.118	0.000	11.152
35	-7.118	0.000	11.239
36	-7.118	0.000	11.176
60	-7.118	0.001	11.176
87	-7.118	0.001	11.176
91	-7.118	0.001	11.234
96	-7.118	0.001	10.554
116	-7.118	0.001	11.148
571	-7.118	0.000	2.891
1370	-7.118	0.001	2.891
1387	-7.118	0.001	2.892
1505	-7.118	0.000	2.892
157	-7.117	0.002	2.893
158	-7.117	0.002	2.893
159	-7.117	0.002	2.893
163	-7.117	0.002	15.587
1350	-7.117	0.002	2.216
98	-7.117	0.002	2.216
114	-7.117	0.002	2.216
130	-7.117	0.002	2.216
138	-7.117	0.002	2.216
167	-7.117	0.002	2.243
212	-7.117	0.002	2.242
368	-7.117	0.001	2.243
459	-7.117	0.001	2.243
499	-7.116	0.002	3.317
228	-7.116	0.002	3.312
245	-7.116	0.002	3.312
31	-7.116	0.002	1.267
34	-7.116	0.002	1.267
122	-7.116	0.002	15.320
153	-7.116	0.002	2.268
469	-7.116	0.002	2.270
470	-7.116	0.002	2.270
471	-7.116	0.002	2.271
572	-7.116	0.001	14.965
438	-7.023	1.051	0.000
419	-7.022	1.051	3.516
465	-7.022	1.051	16.126
59	-7.022	1.051	16.126
100	-7.022	1.051	16.126
136	-7.022	1.051	16.121
144	-7.022	1.051	16.121
174	-7.022	1.051	16.123
213	-7.022	1.051	16.123
1426	-7.022	1.051	16.128
16	-7.021	1.051	19.767
33	-7.021	1.051	19.749
1515	-7.021	1.051	19.748
249	-7.020	1.051	19.750
292	-6.938	1.751	17.776
295	-6.938	1.751	17.776
320	-6.938	1.751	17.776
340	-6.938	1.751	17.776
342	-6.938	1.751	17.776
350	-6.938	1.751	17.776
351	-6.938	1.751	17.776
359	-6.938	1.751	17.776
386	-6.938	1.751	17.776
460	-6.938	1.751	17.776
468	-6.938	1.751	17.776
474	-6.938	1.751	16.454
475	-6.938	1.751	17.777
488	-6.938	1.751	15.304
492	-6.938	1.751	15.304
493	-6.938	1.751	15.300
494	-6.938	1.751	15.389
584	-6.938	1.751	15.314
309	-6.938	1.751	15.315
311	-6.938	1.751	15.395
314	-6.938	1.751	15.328
330	-6.938	1.751	15.328
335	-6.938	1.751	15.328
390	-6.938	1.751	15.328
393	-6.938	1.751	15.315
400	-6.938	1.751	15.318
404	-6.938	1.751	15.332
405	-6.938	1.751	15.416
431	-6.938	1.751	15.411
440	-6.938	1.751	15.240
441	-6.938	1.751	15.240
452	-6.938	1.751	15.239
453	-6.938	1.751	15.324
328	-6.938	1.751	15.251
407	-6.938	1.751	15.323
551	-6.938	1.751	15.323
47	-6.937	1.752	15.323
56	-6.937	1.752	15.323
62	-6.937	1.752	15.323
80	-6.937	1.752	15.323
94	-6.937	1.752	15.324
108	-6.937	1.752	17.378
124	-6.937	1.752	17.379
132	-6.937	1.752	17.380
135	-6.937	1.752	17.375
141	-6.937	1.752	17.375
151	-6.937	1.752	17.375
152	-6.937	1.752	17.375
154	-6.937	1.752	17.375
161	-6.937	1.752	17.375
162	-6.937	1.752	17.375
181	-6.937	1.752	17.382
219	-6.937	1.752	17.383
224	-6.937	1.752	17.383
355	-6.937	1.752	17.379
375	-6.937	1.752	17.387
484	-6.937	1.751	18.182
521	-6.937	1.751	18.182
532	-6.937	1.752	18.182
537	-6.937	1.752	18.182
540	-6.937	1.751	14.115
545	-6.937	1.752	17.928
546	-6.937	1.752	17.927
565	-6.937	1.751	17.927
566	-6.937	1.751	17.927
574	-6.937	1.751	17.928
118	-6.937	1.752	12.336
119	-6.937	1.752	12.336
255	-6.937	1.751	12.336
256	-6.937	1.751	12.336
265	-6.937	1.751	12.336
280	-6.936	1.751	12.336
286	-6.936	1.751	12.336
2	-6.936	1.752	12.336
448	-6.915	1.128	11.587
145	-6.914	1.128	11.587
178	-6.914	1.128	14.545
489	-6.914	1.128	14.545
490	-6.914	1.128	11.170
568	-6.914	1.128	11.170
1357	-6.914	1.129	11.168
263	-6.914	1.128	11.168
264	-6.914	1.128	11.204
1519	-6.914	1.129	11.231
14	-6.913	1.128	10.683
457	-6.875	0.652	17.768
93	-6.875	0.663	17.769
1243	-6.875	0.663	17.769
1250	-6.875	0.663	15.298
1303	-6.875	0.663	15.312
1419	-6.875	0.663	15.385
81	-6.875	0.663	15.312
102	-6.875	0.663	15.310
103	-6.875	0.663	15.389
463	-6.875	0.664	15.389
476	-6.875	0.664	15.322
76	-6.875	0.671	15.322
149	-6.875	0.671	15.322
160	-6.875	0.671	15.309
581	-6.875	0.672	15.312
246	-6.875	0.671	15.326
194	-6.861	1.899	15.234
233	-6.861	1.899	15.308
294	-6.861	1.899	15.245
302	-6.861	1.899	15.317
322	-6.861	1.899	15.317
323	-6.861	1.899	15.317
325	-6.861	1.899	15.317
332	-6.861	1.899	15.317
338	-6.861	1.899	15.317
365	-6.861	1.899	15.317
412	-6.861	1.899	17.372
442	-6.861	1.899	17.372
444	-6.861	1.899	17.373
473	-6.861	1.899	17.368
523	-6.861	1.899	17.368
556	-6.861	1.899	17.369
201	-6.860	1.899	17.369
205	-6.860	1.899	17.369
220	-6.860	1.899	17.369
543	-6.860	1.899	17.369
48	-6.859	1.899	17.377
49	-6.859	1.899	17.373
54	-6.859	1.899	17.373
61	-6.859	1.899	18.175
63	-6.859	1.899	18.174
67	-6.859	1.899	18.174
70	-6.859	1.899	18.175
73	-6.859	1.899	18.176
77	-6.859	1.899	14.554
86	-6.859	1.899	17.920
106	-6.859	1.899	17.920
110	-6.859	1.899	17.920
115	-6.859	1.899	17.921
131	-6.859	1.899	12.325
137	-6.859	1.899	12.325
150	-6.859	1.899	12.326
164	-6.859	1.899	12.326
344	-6.859	1.899	12.326
500	-6.859	1.899	12.326
505	-6.859	1.899	12.326
12	-6.858	1.899	17.489
13	-6.858	1.899	12.374
20	-6.858	1.899	12.384
25	-6.858	1.899	19.444
26	-6.858	1.899	19.404
28	-6.858	1.899	19.464
30	-6.858	1.899	16.601
39	-6.858	1.899	16.601
3	-6.858	1.899	19.481
1520	-6.857	1.899	12.300
503	-6.767	1.508	15.405
45	-6.767	1.508	15.234
97	-6.767	1.508	15.234
123	-6.767	1.508	15.308
125	-6.767	1.508	15.245
128	-6.767	1.508	15.317
129	-6.767	1.508	15.317
133	-6.767	1.508	15.317
143	-6.767	1.508	15.317
147	-6.767	1.508	15.317
168	-6.767	1.508	15.317
171	-6.767	1.508	15.317
202	-6.767	1.508	15.318
203	-6.767	1.508	17.373
208	-6.767	1.508	17.373
209	-6.767	1.508	17.368
237	-6.767	1.508	17.368
289	-6.767	1.508	17.368
290	-6.767	1.508	17.369
336	-6.767	1.508	17.369
425	-6.767	1.508	17.369
426	-6.767	1.508	17.369
466	-6.767	1.508	17.369
472	-6.767	1.508	17.376
482	-6.767	1.508	17.377
525	-6.767	1.508	17.373
528	-6.767	1.508	17.373
557	-6.767	1.508	14.176
567	-6.767	1.508	18.175
580	-6.767	1.508	18.174
183	-6.767	1.508	18.175
191	-6.767	1.508	14.103
215	-6.767	1.508	14.554
218	-6.767	1.508	17.920
230	-6.767	1.508	17.920
261	-6.767	1.508	17.920
276	-6.767	1.508	17.920
284	-6.767	1.508	17.920
353	-6.767	1.508	12.325
374	-6.767	1.508	12.325
535	-6.767	1.508	12.325
559	-6.767	1.508	12.325
561	-6.767	1.508	12.325
310	-6.636	1.938	1.998
312	-6.636	1.938	1.999
391	-6.636	1.938	1.999
454	-6.636	1.938	1.999
1368	-6.636	1.938	17.059
50	-6.635	1.938	2.467
52	-6.635	1.937	2.467
65	-6.635	1.938	2.467
74	-6.635	1.938	2.467
83	-6.635	1.938	2.467
90	-6.635	1.938	2.456
95	-6.635	1.938	2.456
176	-6.635	1.938	2.456
192	-6.635	1.938	2.457
206	-6.635	1.938	1.379
207	-6.635	1.938	1.377
221	-6.635	1.938	17.708
226	-6.635	1.938	3.323
229	-6.635	1.938	3.323
231	-6.635	1.938	17.069
378	-6.635	1.938	3.342
379	-6.635	1.938	2.166
388	-6.635	1.938	2.166
1281	-6.635	1.938	2.165
1293	-6.635	1.938	17.019
1	-6.635	1.938	2.167
4	-6.635	1.937	3.524
5	-6.635	1.938	0.015
6	-6.635	1.938	17.981
7	-6.635	1.938	17.981
10	-6.635	1.937	17.981
24	-6.635	1.937	17.975
38	-6.635	1.937	17.975
282	-6.635	1.938	17.978
496	-6.635	1.938	17.978
555	-6.260	1.985	15.056
326	-6.259	1.985	15.056
327	-6.259	1.985	15.057
513	-6.259	1.985	15.057
199	-6.258	1.985	15.057
247	-6.258	1.985	15.057
536	-6.258	1.985	15.057
547	-6.258	1.985	15.057
88	-6.257	1.984	15.057
11	-6.243	1.975	15.057
51	-6.242	1.975	15.057
216	-6.223	1.976	15.099
234	-6.223	1.975	15.100
348	-6.223	1.976	22.020
349	-6.223	1.976	21.982
437	-6.223	1.976	21.983
526	-6.223	1.976	22.040
563	-6.223	1.976	19.272
333	-6.222	1.976	19.272
334	-6.222	1.976	14.828
46	-6.222	1.976	14.833
64	-6.222	1.976	14.833
69	-6.222	1.976	14.830
89	-6.222	1.976	14.835
134	-6.222	1.976	14.835
139	-6.222	1.976	14.835
267	-6.222	1.976	14.835
281	-6.222	1.976	14.206
456	-5.911	2.171	20.399
498	-5.911	2.171	20.399
534	-5.911	2.171	20.399
239	-5.911	2.171	20.399
363	-5.911	2.171	20.399
439	-5.911	2.171	20.399
451	-5.911	2.171	20.399
530	-5.911	2.171	20.399
541	-5.911	2.171	18.926
576	-5.911	2.171	20.400
