1829	-10.083	0.000	4.685
1868	-10.083	0.001	4.685
1894	-10.083	0.001	4.685
1895	-10.083	0.001	4.697
1731	-10.082	0.002	4.693
1832	-10.068	0.013	8.008
1823	-10.057	0.004	7.991
1647	-10.055	0.005	7.998
1737	-10.055	0.005	7.997
1742	-10.055	0.005	8.008
1676	-10.055	0.005	8.006
1699	-10.055	0.005	8.007
1700	-10.055	0.005	10.204
1716	-10.055	0.005	1.871
1717	-10.055	0.005	9.547
1720	-10.055	0.005	0.031
1721	-10.055	0.005	0.018
1722	-10.055	0.005	0.018
1729	-10.055	0.005	0.018
1730	-10.055	0.005	0.010
1734	-10.055	0.005	0.018
1735	-10.055	0.005	0.018
1689	-10.055	0.005	0.017
1745	-10.055	0.005	0.017
1842	-10.055	0.005	0.017
1781	-10.055	0.005	0.016
1786	-10.055	0.005	0.000
1792	-10.055	0.005	3.812
1793	-10.055	0.005	3.812
1798	-10.055	0.005	3.812
1806	-10.055	0.005	3.812
1807	-10.055	0.005	3.812
1808	-10.055	0.005	3.812
1813	-10.055	0.005	3.812
1816	-10.055	0.005	3.812
1846	-10.055	0.005	3.812
1849	-10.055	0.005	3.812
1852	-10.055	0.005	3.812
1863	-10.055	0.005	3.812
1866	-10.055	0.005	3.814
1873	-10.055	0.005	3.815
1889	-10.055	0.005	1.807
1752	-10.054	0.005	1.796
1753	-10.054	0.005	1.742
1758	-10.054	0.005	1.791
1760	-10.054	0.005	1.792
1761	-10.054	0.005	1.740
1756	-10.054	0.005	1.739
1762	-10.054	0.005	1.782
1772	-10.053	0.005	1.782
1773	-10.053	0.005	1.782
1854	-10.053	0.005	1.793
1878	-10.053	0.005	1.791
1810	-10.042	0.040	1.778
1814	-10.042	0.039	1.717
1649	-10.041	0.041	1.721
1681	-10.041	0.041	1.722
1736	-10.041	0.041	2.701
1765	-10.041	0.041	2.699
1766	-10.041	0.041	1.572
1779	-10.041	0.040	2.734
1785	-10.041	0.040	1.574
1790	-10.041	0.040	1.569
1694	-10.040	0.041	1.569
1851	-10.040	0.040	1.569
1872	-10.040	0.040	1.571
1875	-10.040	0.040	1.570
1886	-10.040	0.040	1.570
1907	-10.040	0.040	2.047
1702	-10.014	0.040	2.049
1650	-10.014	0.040	2.049
1711	-10.014	0.040	2.741
1714	-10.014	0.040	2.742
1724	-10.014	0.040	2.741
1725	-10.014	0.040	2.741
1738	-10.014	0.040	2.741
1869	-10.014	0.039	2.741
1687	-10.013	0.040	2.741
1688	-10.013	0.040	2.743
1656	-10.013	0.040	2.055
1670	-10.013	0.040	2.056
1673	-10.013	0.040	2.741
1675	-10.013	0.040	2.741
1751	-10.013	0.040	3.863
1892	-10.013	0.039	3.862
1908	-10.013	0.039	3.862
1652	-10.012	0.040	3.863
1701	-10.010	0.054	3.865
1627	-9.999	0.033	2.187
1763	-9.210	2.849	17.524
1804	-9.210	2.849	17.525
1805	-9.210	2.849	17.525
1809	-9.210	2.849	17.525
1641	-9.209	2.849	17.521
1648	-9.209	2.849	4.223
1897	-9.209	2.849	17.520
1831	-9.209	2.849	17.520
1739	-9.197	2.850	17.520
1768	-9.197	2.850	17.520
1696	-9.197	2.850	17.520
1705	-9.197	2.850	17.557
1710	-9.197	2.850	17.557
1887	-9.197	2.850	17.556
1797	-9.196	2.850	18.221
1629	-9.163	2.852	18.221
1733	-9.158	2.852	18.217
1709	-9.157	2.852	17.355
1743	-9.157	2.853	16.281
1744	-9.157	2.853	17.394
1782	-9.157	2.853	5.141
1646	-9.157	2.853	16.265
1657	-9.157	2.853	17.351
1658	-9.157	2.853	17.351
1659	-9.157	2.853	4.553
1661	-9.157	2.853	17.350
1668	-9.157	2.853	4.554
1672	-9.157	2.853	18.925
1683	-9.157	2.853	4.689
1684	-9.157	2.853	4.685
1723	-9.157	2.852	4.685
1726	-9.157	2.852	4.685
1795	-9.157	2.852	4.697
1871	-9.156	2.853	4.698
1637	-9.156	2.853	4.693
1862	-9.156	2.853	4.693
1818	-9.040	1.846	8.008
1820	-9.040	1.846	8.008
1833	-9.040	1.846	7.991
1839	-9.040	1.846	7.991
1845	-9.040	1.846	7.998
1848	-9.040	1.846	7.998
1856	-9.040	1.846	8.005
1857	-9.040	1.846	8.006
1870	-9.040	1.846	8.007
1874	-9.040	1.846	10.204
1880	-9.040	1.846	1.871
1884	-9.040	1.846	1.872
1891	-9.040	1.846	0.031
1896	-9.040	1.846	0.016
1904	-9.040	1.846	0.018
1791	-9.007	1.844	0.018
1799	-9.007	1.844	0.018
1800	-9.007	1.844	0.018
1821	-9.007	1.844	0.018
1840	-9.007	1.844	0.018
1850	-9.007	1.844	0.017
1881	-9.007	1.844	0.017
1882	-9.007	1.844	0.016
1888	-9.007	1.844	0.016
1905	-9.007	1.844	3.812
1774	-9.007	1.843	3.812
1903	-9.007	1.844	3.812
1651	-9.006	1.844	3.812
1690	-9.006	1.844	3.812
1698	-9.006	1.844	3.812
1707	-9.006	1.844	3.812
1844	-8.997	1.196	3.812
1771	-8.996	1.212	3.812
1770	-8.996	1.198	3.812
1817	-8.992	1.477	3.812
1778	-8.966	1.480	3.812
1794	-8.966	1.480	3.814
1825	-8.966	1.480	3.814
1828	-8.966	1.480	1.807
1728	-8.964	1.480	1.796
1764	-8.963	1.480	1.742
1802	-8.963	1.478	1.742
1780	-8.963	1.478	1.792
1811	-8.963	1.478	1.793
1697	-8.961	1.478	1.738
1712	-8.961	1.478	1.781
1686	-8.960	1.478	1.782
1747	-8.960	1.478	1.782
1759	-8.960	1.478	1.793
1660	-8.960	1.478	1.795
1834	-8.937	1.481	1.569
1858	-8.937	1.481	1.569
1865	-8.937	1.481	1.569
1901	-8.937	1.481	1.570
1902	-8.937	1.481	1.570
1678	-8.935	1.481	2.049
1680	-8.935	1.481	2.049
1631	-8.934	1.481	2.741
1635	-8.934	1.481	2.742
1638	-8.934	1.481	2.741
1639	-8.934	1.481	2.741
1662	-8.934	1.481	2.741
1663	-8.934	1.481	2.741
1666	-8.934	1.481	2.741
1674	-8.934	1.481	2.741
1691	-8.934	1.481	2.055
1692	-8.934	1.481	2.056
1741	-8.934	1.481	2.741
1843	-8.909	1.952	2.577
1788	-8.909	1.952	3.863
1755	-8.909	1.951	3.862
1642	-8.888	1.929	3.863
1653	-8.888	1.929	2.648
1732	-8.888	1.929	2.188
1803	-8.887	1.929	3.844
1841	-8.887	1.929	3.844
1885	-8.887	1.929	3.844
1682	-8.874	1.953	8.561
1812	-8.821	3.330	8.562
1899	-8.821	3.330	8.562
1910	-8.821	3.330	8.562
1826	-8.809	1.856	8.562
1749	-8.792	3.331	8.562
1775	-8.792	3.331	8.562
1860	-8.792	3.331	3.276
1654	-8.761	3.325	8.613
1669	-8.761	3.325	8.616
1640	-8.760	3.325	7.870
1740	-8.760	3.325	7.828
1815	-8.760	3.325	7.829
1819	-8.760	3.325	7.889
1830	-8.760	3.325	7.032
1777	-8.760	3.325	7.032
1628	-8.760	3.336	8.413
1719	-8.755	3.337	8.425
1727	-8.755	3.337	8.429
1750	-8.755	3.337	8.428
1754	-8.755	3.337	8.428
1898	-8.755	3.337	8.429
1824	-8.730	3.327	7.410
1776	-8.730	3.327	7.406
1861	-8.730	3.327	7.606
1784	-8.730	3.327	7.433
1835	-8.729	3.327	7.434
1836	-8.729	3.327	9.387
1679	-8.694	3.333	7.771
1643	-8.693	3.333	7.774
1644	-8.693	3.333	7.774
1664	-8.693	3.333	8.274
1671	-8.693	3.333	8.267
1685	-8.693	3.333	8.243
1704	-8.693	3.333	7.632
1715	-8.693	3.333	7.876
1718	-8.693	3.333	7.876
1695	-8.693	3.333	7.640
1708	-8.693	3.333	7.640
1757	-8.693	3.333	9.046
1748	-8.691	3.333	8.327
1789	-8.464	3.096	17.520
1827	-8.464	3.096	17.557
1853	-8.464	3.096	17.557
1855	-8.464	3.096	17.557
1879	-8.464	3.096	17.556
1783	-8.462	2.469	18.221
1838	-8.462	2.469	18.217
1746	-8.434	3.096	5.099
1769	-8.434	3.096	16.281
1859	-8.433	3.096	16.281
1876	-8.433	3.096	5.141
1877	-8.433	3.096	16.265
1801	-8.418	2.433	17.351
1890	-8.416	2.434	17.351
1655	-8.381	2.449	18.919
1787	-8.380	2.449	4.685
1796	-8.380	2.449	4.685
1837	-8.380	2.449	4.685
1893	-8.380	2.449	4.697
1706	-8.374	2.441	7.990
1767	-8.373	2.441	8.006
1630	-8.213	2.803	0.018
1632	-8.188	2.694	0.018
1633	-8.188	2.694	0.018
1864	-8.188	2.689	0.018
1645	-8.186	2.686	0.017
1665	-8.186	2.686	0.017
1667	-8.186	2.686	0.017
1636	-8.184	3.055	0.016
1703	-8.183	3.053	0.001
1713	-8.183	3.053	3.812
1677	-8.182	3.053	3.812
1847	-8.153	3.107	3.812
1883	-7.699	3.667	1.790
1693	-7.694	3.715	1.790
1906	-7.686	3.874	2.733
1867	-7.685	3.875	1.569
1822	-7.521	3.757	4.705
1634	-7.500	3.323	8.008
1909	-7.315	2.248	1.871
1900	-7.314	3.415	0.032
