887	-5.775	0.000	1.721
900	-5.775	0.000	2.701
922	-5.775	0.000	2.701
923	-5.775	0.000	2.040
927	-5.775	0.000	2.734
964	-5.775	0.000	1.574
982	-5.775	0.000	1.569
1045	-5.775	0.000	1.569
1068	-5.775	0.000	1.569
1070	-5.775	0.000	1.570
1117	-5.775	0.000	1.570
1122	-5.775	0.000	1.570
1124	-5.775	0.000	1.569
1165	-5.775	0.000	2.050
968	-5.774	0.001	2.050
975	-5.774	0.001	2.741
1009	-5.774	0.000	2.743
1133	-5.774	0.000	2.741
515	-5.774	0.001	2.741
523	-5.774	0.001	2.741
573	-5.774	0.001	2.741
579	-5.774	0.001	2.741
630	-5.774	0.001	2.743
753	-5.774	0.001	2.055
757	-5.774	0.001	2.055
768	-5.774	0.001	2.056
771	-5.774	0.001	2.742
782	-5.774	0.001	2.634
783	-5.774	0.001	3.863
787	-5.774	0.001	3.863
816	-5.774	0.001	3.863
817	-5.774	0.000	2.650
837	-5.774	0.001	2.187
838	-5.774	0.001	3.844
843	-5.774	0.000	3.844
874	-5.774	0.001	3.844
878	-5.774	0.001	3.844
1090	-5.774	0.001	3.845
1103	-5.774	0.001	8.562
1188	-5.774	0.001	8.562
1206	-5.774	0.001	8.562
683	-5.773	0.001	8.562
581	-5.773	0.001	8.562
569	-5.691	1.220	17.557
607	-5.691	1.220	17.557
825	-5.691	1.220	17.557
884	-5.691	1.220	17.557
893	-5.691	1.220	18.221
909	-5.691	1.220	18.217
916	-5.691	1.220	18.224
924	-5.691	1.220	16.281
977	-5.691	1.220	16.281
1011	-5.691	1.220	5.140
1019	-5.691	1.220	17.355
1025	-5.691	1.220	17.351
1039	-5.691	1.220	17.351
1080	-5.691	1.220	17.351
1081	-5.691	1.220	4.553
1119	-5.691	1.220	17.350
1120	-5.691	1.220	16.448
1125	-5.691	1.220	18.926
1137	-5.691	1.220	4.686
1143	-5.691	1.220	4.685
1164	-5.691	1.220	4.685
1174	-5.691	1.220	4.696
1175	-5.691	1.220	4.697
1182	-5.691	1.220	4.693
1183	-5.691	1.220	4.693
1229	-5.691	1.220	4.705
1230	-5.691	1.220	8.008
826	-5.690	1.220	7.991
1017	-5.686	0.583	7.990
886	-5.685	0.583	7.991
1021	-5.685	0.583	7.998
1067	-5.685	0.583	7.997
1158	-5.685	0.583	8.006
860	-5.685	0.583	8.006
868	-5.685	0.583	8.007
931	-5.685	0.583	10.204
944	-5.685	0.583	1.871
981	-5.685	0.583	0.033
984	-5.685	0.583	0.031
987	-5.685	0.583	0.018
1008	-5.685	0.583	0.018
1046	-5.685	0.583	0.018
1065	-5.685	0.583	0.010
1111	-5.685	0.583	0.019
1121	-5.685	0.583	0.019
1168	-5.685	0.583	0.017
593	-5.684	0.584	0.017
602	-5.684	0.584	0.017
857	-5.684	0.584	0.016
876	-5.684	0.584	0.001
896	-5.684	0.584	3.813
908	-5.684	0.584	3.813
914	-5.684	0.584	3.813
933	-5.684	0.584	3.813
1186	-5.684	0.584	3.813
1210	-5.684	0.584	3.813
1241	-5.684	0.584	3.813
777	-5.684	0.584	3.814
775	-5.684	0.583	3.813
791	-5.684	0.583	3.813
807	-5.684	0.583	3.812
813	-5.684	0.583	0.008
815	-5.684	0.583	3.814
819	-5.684	0.583	1.807
820	-5.684	0.583	1.806
1218	-5.684	0.583	1.740
1248	-5.684	0.583	1.742
1001	-5.682	0.585	1.792
293	-5.682	0.582	1.792
371	-5.682	0.583	1.739
298	-5.659	1.612	8.562
299	-5.659	1.612	8.562
344	-5.659	1.612	8.562
539	-5.657	1.612	8.562
789	-5.657	1.612	8.562
495	-5.654	1.611	8.562
889	-5.653	1.611	8.562
1032	-5.653	1.611	8.562
1109	-5.653	1.611	8.562
509	-5.652	1.611	8.562
564	-5.652	1.611	8.561
565	-5.652	1.611	8.613
750	-5.652	1.611	8.616
751	-5.652	1.611	7.870
752	-5.652	1.611	7.871
755	-5.652	1.611	7.828
756	-5.652	1.611	7.889
760	-5.652	1.611	7.032
765	-5.652	1.611	7.032
772	-5.652	1.611	9.256
784	-5.652	1.611	8.425
831	-5.652	1.611	8.425
850	-5.652	1.611	8.417
736	-5.617	1.910	8.429
1327	-5.617	1.910	8.429
1448	-5.617	1.910	8.429
620	-5.615	1.911	8.429
890	-5.615	1.911	7.432
918	-5.615	1.911	7.410
979	-5.615	1.911	7.606
1023	-5.615	1.910	7.434
1096	-5.615	1.911	7.434
1113	-5.615	1.911	9.387
1114	-5.615	1.911	9.387
1129	-5.615	1.911	7.771
1145	-5.615	1.911	7.771
1222	-5.615	1.911	7.774
1231	-5.615	1.911	7.774
449	-5.615	1.911	8.274
489	-5.615	1.911	8.243
493	-5.615	1.911	7.632
494	-5.615	1.911	7.876
516	-5.615	1.911	7.876
528	-5.615	1.911	7.876
553	-5.615	1.911	7.640
574	-5.615	1.911	7.871
576	-5.615	1.911	7.673
577	-5.615	1.911	7.396
643	-5.615	1.910	19.054
660	-5.615	1.910	19.054
673	-5.615	1.910	19.054
747	-5.615	1.911	19.054
748	-5.615	1.911	19.055
749	-5.615	1.911	19.055
754	-5.615	1.911	19.053
758	-5.615	1.911	18.916
759	-5.615	1.911	18.916
761	-5.615	1.911	18.916
762	-5.615	1.911	18.916
763	-5.615	1.911	18.916
764	-5.615	1.911	18.951
767	-5.615	1.911	18.950
770	-5.615	1.911	18.951
774	-5.615	1.911	18.951
778	-5.615	1.911	19.674
800	-5.615	1.911	19.674
801	-5.615	1.911	19.670
818	-5.615	1.911	17.613
829	-5.615	1.911	17.613
832	-5.615	1.911	8.024
833	-5.615	1.911	7.290
839	-5.615	1.911	18.954
841	-5.615	1.911	18.955
842	-5.615	1.911	18.955
851	-5.615	1.911	7.233
856	-5.615	1.910	18.954
865	-5.615	1.910	17.583
872	-5.615	1.910	20.399
877	-5.615	1.910	7.396
879	-5.615	1.910	7.393
894	-5.615	1.910	7.393
895	-5.615	1.910	7.417
897	-5.615	1.910	7.403
899	-5.615	1.910	7.400
903	-5.615	1.910	7.400
921	-5.615	1.910	7.441
926	-5.615	1.910	8.568
940	-5.615	1.910	8.548
945	-5.615	1.910	8.548
985	-5.615	1.910	8.549
1026	-5.615	1.910	8.555
1243	-5.615	1.910	8.554
1249	-5.615	1.910	8.563
402	-5.614	1.910	8.559
411	-5.614	1.910	8.559
508	-5.614	1.910	10.634
512	-5.614	1.910	4.753
563	-5.614	1.910	3.795
591	-5.614	1.910	3.795
811	-5.614	1.910	3.803
814	-5.614	1.910	3.803
846	-5.614	1.910	3.803
496	-5.614	1.911	3.808
635	-5.612	1.910	3.803
675	-5.612	1.910	3.803
536	-5.612	1.910	3.803
457	-5.509	1.198	0.003
1126	-5.507	0.976	0.003
1128	-5.507	0.975	0.003
835	-5.506	0.976	0.003
836	-5.505	1.198	0.003
992	-5.505	1.198	0.003
960	-5.505	1.198	0.014
995	-5.505	1.198	4.705
1033	-5.505	1.198	4.699
1063	-5.505	1.198	4.679
1064	-5.505	1.198	4.702
1086	-5.505	1.198	4.703
1091	-5.505	1.198	4.678
1112	-5.505	1.198	4.690
662	-5.503	0.976	4.694
962	-5.503	0.976	4.694
558	-5.500	1.759	4.694
613	-5.500	1.759	4.702
959	-5.499	1.759	4.701
773	-5.499	1.759	4.692
781	-5.499	1.759	4.673
793	-5.499	1.759	4.672
796	-5.499	1.759	4.673
809	-5.499	1.759	5.449
810	-5.499	1.759	5.447
822	-5.499	1.759	4.387
1003	-5.499	1.759	5.481
1048	-5.499	1.759	4.351
730	-5.497	1.754	4.343
470	-5.492	1.754	4.342
503	-5.491	1.754	4.343
526	-5.491	1.754	4.345
544	-5.491	1.754	4.345
599	-5.491	1.754	4.342
795	-5.491	1.754	2.192
797	-5.491	1.754	2.190
812	-5.491	1.754	2.190
862	-5.491	1.754	2.847
864	-5.491	1.754	2.846
444	-5.491	1.019	2.847
794	-5.489	1.017	2.847
821	-5.489	1.017	2.847
957	-5.489	1.017	2.847
974	-5.489	1.017	2.847
1160	-5.489	1.017	2.186
861	-5.432	2.054	7.259
880	-5.432	2.054	7.259
881	-5.432	2.054	7.259
892	-5.432	2.054	7.259
902	-5.432	2.054	7.259
907	-5.432	2.054	7.259
910	-5.432	2.054	7.259
920	-5.432	2.054	7.259
925	-5.432	2.054	7.259
932	-5.432	2.054	7.258
934	-5.432	2.054	2.510
935	-5.432	2.054	7.284
937	-5.432	2.054	8.598
938	-5.432	2.054	8.599
946	-5.432	2.054	8.556
955	-5.432	2.054	8.618
956	-5.432	2.054	7.550
971	-5.432	2.054	7.550
972	-5.432	2.054	8.640
1005	-5.432	2.054	7.360
1010	-5.432	2.054	7.360
1012	-5.432	2.054	7.357
1015	-5.432	2.054	7.362
1038	-5.432	2.054	7.362
1043	-5.432	2.054	7.362
1051	-5.432	2.054	7.356
1069	-5.432	2.054	7.200
1071	-5.432	2.054	7.200
1074	-5.432	2.054	7.420
1087	-5.432	2.054	7.200
1094	-5.432	2.054	7.200
1110	-5.432	2.054	9.782
1127	-5.432	2.054	9.782
1142	-5.432	2.054	7.848
1166	-5.432	2.054	7.850
1167	-5.432	2.054	7.846
1169	-5.432	2.054	7.846
1170	-5.432	2.054	7.795
1178	-5.432	2.054	7.763
1196	-5.432	2.054	7.679
1226	-5.432	2.053	8.028
1235	-5.432	2.053	8.030
1193	-5.432	2.054	8.029
1202	-5.432	2.054	7.657
1203	-5.432	2.054	8.022
1207	-5.432	2.054	7.518
729	-5.431	2.055	7.396
779	-5.431	2.054	19.054
780	-5.431	2.054	19.054
827	-5.431	2.054	19.055
828	-5.431	2.054	19.055
834	-5.431	2.054	19.055
852	-5.431	2.054	19.055
943	-5.431	2.055	19.054
994	-5.431	2.054	18.917
788	-5.431	2.054	18.917
1223	-5.431	2.054	18.917
1237	-5.430	2.054	18.917
538	-5.358	1.466	8.030
766	-5.357	1.466	18.955
769	-5.357	1.466	18.955
776	-5.357	1.466	18.955
882	-5.357	1.467	7.234
891	-5.357	1.467	18.954
1151	-5.357	1.467	17.583
1173	-5.357	1.467	20.400
1204	-5.357	1.466	7.397
443	-5.356	1.466	7.394
628	-5.337	1.491	7.394
804	-5.337	1.491	7.404
524	-5.334	1.491	8.563
594	-5.334	1.491	8.559
430	-5.333	1.490	8.559
482	-5.333	1.490	10.633
487	-5.333	1.490	4.754
845	-5.318	1.480	3.803
578	-5.311	1.999	0.000
614	-5.311	1.999	0.000
624	-5.311	1.999	0.000
792	-5.311	1.999	0.000
798	-5.311	1.999	0.000
799	-5.311	1.999	0.001
802	-5.311	1.999	0.000
803	-5.311	1.999	0.001
805	-5.311	1.999	0.001
806	-5.311	1.999	0.002
808	-5.311	1.999	0.002
823	-5.311	1.999	4.708
830	-5.311	1.999	4.699
847	-5.311	1.999	4.679
870	-5.311	1.999	4.679
873	-5.310	1.999	4.703
888	-5.310	1.999	4.678
898	-5.310	1.999	4.678
901	-5.310	1.999	4.694
912	-5.310	1.999	4.694
917	-5.310	1.999	4.694
1089	-5.310	1.999	4.702
650	-5.237	1.879	4.704
658	-5.237	1.879	4.701
869	-5.237	1.880	4.673
905	-5.237	1.880	4.673
1041	-5.237	1.880	4.673
996	-5.236	1.880	5.449
885	-5.227	1.879	5.448
904	-5.227	1.879	4.340
390	-5.227	2.128	5.482
286	-5.226	2.129	4.352
422	-5.226	2.129	4.343
532	-5.225	2.129	4.343
533	-5.225	2.129	4.343
582	-5.225	2.129	4.345
587	-5.225	2.129	4.345
702	-5.225	2.129	4.345
875	-5.225	2.129	5.507
911	-5.225	2.129	2.189
952	-5.225	2.129	2.189
1058	-5.225	2.129	2.848
1220	-5.225	2.129	2.847
570	-5.224	2.130	2.848
1066	-5.224	2.130	2.848
1215	-5.224	2.130	2.848
600	-5.224	2.128	2.848
505	-5.221	2.130	2.848
1194	-5.188	2.332	2.185
376	-5.184	2.326	2.184
424	-5.184	2.326	2.849
476	-5.184	2.326	2.849
616	-5.182	2.327	1.518
507	-5.181	2.327	1.518
556	-5.181	2.327	1.518
1020	-5.167	2.025	1.518
786	-5.166	2.025	1.518
824	-5.166	2.025	4.174
840	-5.166	2.025	2.202
848	-5.166	2.025	2.202
853	-5.166	2.025	2.202
854	-5.166	2.025	2.202
858	-5.166	2.025	2.202
942	-5.166	2.024	7.259
948	-5.166	2.025	7.259
966	-5.166	2.025	7.259
997	-5.166	2.025	7.259
1004	-5.166	2.025	7.259
1055	-5.166	2.025	7.259
1085	-5.166	2.024	7.259
1107	-5.166	2.025	7.259
1116	-5.166	2.025	7.259
1141	-5.166	2.025	7.259
1147	-5.166	2.025	2.537
1150	-5.166	2.025	7.284
1155	-5.166	2.025	7.284
1156	-5.166	2.025	8.599
1162	-5.166	2.025	8.556
1219	-5.166	2.025	8.617
844	-5.160	2.027	8.617
849	-5.160	2.027	7.550
863	-5.160	2.027	7.550
867	-5.160	2.027	7.360
883	-5.160	2.027	7.361
906	-5.160	2.027	7.361
929	-5.160	2.027	7.362
947	-5.160	2.027	7.362
954	-5.160	2.027	7.362
958	-5.160	2.027	7.362
980	-5.160	2.027	7.200
983	-5.160	2.027	7.200
1049	-5.160	2.027	7.420
1118	-5.160	2.027	7.200
1185	-5.160	2.027	7.200
1211	-5.160	2.027	9.782
859	-4.925	2.062	18.917
866	-4.925	2.062	18.917
939	-4.925	2.062	18.952
1062	-4.925	2.062	18.951
1072	-4.925	2.062	18.951
1134	-4.925	2.062	18.951
1140	-4.925	2.062	19.675
785	-4.924	2.062	19.671
790	-4.924	2.062	7.873
