12	-11.228	0.000	0.000
32	-11.228	0.000	3.845
256	-11.228	0.001	8.562
303	-11.228	0.001	8.562
380	-11.228	0.001	8.562
437	-11.228	0.001	8.562
95	-11.222	0.009	8.562
139	-11.222	0.009	8.562
52	-11.218	0.007	8.562
23	-10.990	0.092	8.562
46	-10.990	0.092	8.562
8	-10.986	0.095	8.562
5	-10.986	0.095	8.561
10	-10.986	0.095	8.576
77	-10.985	0.101	8.616
81	-10.985	0.101	7.870
17	-10.984	0.094	7.871
336	-10.984	0.094	7.828
468	-10.984	0.094	7.889
58	-10.981	0.099	7.032
93	-10.979	0.103	7.032
124	-10.979	0.103	8.416
136	-10.979	0.103	8.425
161	-10.979	0.103	8.425
185	-10.979	0.103	8.417
49	-10.975	0.101	8.429
35	-10.963	0.174	8.429
39	-10.963	0.174	8.429
72	-10.960	0.184	8.416
90	-10.960	0.184	7.432
105	-10.960	0.184	7.410
56	-10.956	0.182	7.606
60	-10.397	1.647	7.434
110	-10.176	2.015	7.434
51	-10.172	2.015	9.387
70	-10.168	2.015	9.387
50	-10.163	2.015	7.771
22	-10.156	2.012	7.771
28	-10.156	2.012	7.774
38	-10.156	2.012	7.774
471	-10.136	0.244	8.274
480	-10.136	0.244	8.243
184	-10.135	0.254	9.022
335	-10.132	0.247	7.647
33	-10.132	0.247	7.876
34	-10.132	0.247	7.876
322	-10.132	0.247	7.640
130	-10.131	0.256	7.871
232	-10.131	0.257	7.673
967	-10.126	0.226	4.255
1042	-10.126	0.226	17.524
1146	-10.126	0.226	17.524
1179	-10.126	0.226	17.524
1198	-10.126	0.226	17.524
1201	-10.126	0.227	17.525
1239	-10.126	0.226	17.525
1600	-10.126	0.226	17.522
930	-10.125	0.221	17.521
724	-10.123	0.226	17.520
1102	-10.117	0.163	17.520
86	-10.112	1.993	17.520
48	-10.104	1.994	17.520
31	-10.102	1.989	17.557
44	-10.101	1.989	17.557
97	-10.099	1.993	17.556
36	-10.089	1.989	17.557
37	-10.089	1.989	18.221
518	-10.084	0.236	18.221
529	-10.084	0.236	18.217
557	-10.084	0.236	17.355
559	-10.084	0.236	16.281
571	-10.084	0.236	5.136
580	-10.084	0.236	4.153
621	-10.084	0.236	17.351
1006	-10.084	0.236	17.351
1212	-10.084	0.236	17.351
1240	-10.084	0.236	4.553
1251	-10.084	0.236	17.350
1191	-10.083	0.236	16.252
1236	-10.083	0.236	18.926
1246	-10.083	0.236	4.689
1106	-10.082	0.236	4.698
723	-10.081	0.236	4.699
739	-10.081	0.236	8.008
715	-10.065	1.650	7.990
249	-9.740	1.799	3.844
21	-9.727	2.093	3.844
1029	-9.724	1.796	3.844
603	-9.724	1.797	3.844
652	-9.724	1.797	8.561
659	-9.724	1.797	8.561
676	-9.724	1.797	8.562
703	-9.724	1.797	8.562
706	-9.724	1.797	8.562
1044	-9.724	1.797	8.562
1059	-9.724	1.796	8.562
1153	-9.724	1.797	8.562
1216	-9.724	1.797	8.562
1227	-9.724	1.796	8.562
552	-9.723	1.797	8.561
1079	-9.723	1.797	3.302
1083	-9.723	1.797	8.616
726	-9.720	1.796	8.628
855	-9.712	1.796	7.871
1002	-9.712	1.796	7.828
1035	-9.712	1.796	7.889
1057	-9.712	1.796	7.032
1084	-9.712	1.797	7.032
1138	-9.712	1.796	7.911
1159	-9.712	1.796	8.425
1213	-9.712	1.796	8.425
104	-9.650	2.072	8.425
157	-9.650	2.072	8.428
131	-9.650	2.073	8.428
79	-9.640	2.072	8.429
606	-9.640	2.123	8.416
205	-9.639	2.072	7.410
162	-9.639	2.072	7.411
169	-9.639	2.072	7.606
177	-9.639	2.072	7.433
201	-9.639	2.072	7.434
218	-9.637	2.072	9.387
243	-9.637	2.072	9.387
115	-9.637	2.071	7.771
116	-9.637	2.071	7.771
321	-9.637	2.070	7.774
76	-9.633	2.072	7.774
477	-9.626	2.070	8.274
392	-9.624	2.069	7.669
273	-9.624	2.069	7.662
290	-9.624	2.069	7.874
324	-9.624	2.069	7.876
331	-9.624	2.069	7.876
429	-9.624	2.069	7.640
450	-9.624	2.069	7.871
47	-9.306	1.442	7.673
108	-9.266	2.997	4.255
125	-9.266	2.997	17.524
16	-9.256	2.997	17.524
225	-8.948	2.489	1.792
206	-8.947	3.007	1.792
263	-8.946	3.006	1.721
237	-8.946	3.007	1.721
238	-8.946	3.007	2.701
239	-8.946	3.007	2.699
20	-8.946	2.834	1.572
419	-8.938	2.485	2.734
462	-8.937	2.493	1.574
360	-8.935	3.008	1.570
359	-8.935	3.009	1.569
306	-8.933	3.008	2.742
329	-8.886	2.552	3.844
7	-8.875	1.767	3.844
208	-8.862	1.769	8.561
332	-8.840	2.614	8.562
337	-8.813	2.872	8.562
705	-8.757	3.038	8.425
1	-8.721	1.712	9.387
687	-8.704	1.712	7.615
212	-8.658	2.665	17.524
176	-8.634	2.735	17.524
191	-8.634	2.735	17.524
207	-8.634	2.735	17.524
210	-8.634	2.735	17.524
228	-8.634	2.736	17.525
473	-8.625	2.736	17.525
231	-8.527	2.837	5.154
1050	-8.522	2.600	17.521
941	-8.522	2.601	17.520
585	-8.519	2.573	17.520
377	-8.470	2.757	17.520
217	-8.386	2.695	17.351
213	-8.386	2.695	4.553
226	-8.386	2.695	17.350
230	-8.385	2.694	16.448
485	-8.376	2.695	4.697
484	-8.376	2.696	4.693
280	-8.375	2.695	4.693
432	-8.375	2.697	8.008
393	-8.374	2.692	8.008
317	-8.374	2.697	7.991
349	-8.373	2.695	7.991
362	-8.373	2.694	7.998
351	-8.373	2.694	7.997
428	-8.372	2.695	8.005
316	-8.365	2.682	8.007
340	-8.354	2.685	10.204
460	-8.349	2.680	1.872
43	-8.265	2.254	0.032
40	-8.258	2.254	0.017
118	-8.249	2.237	0.018
141	-8.247	2.237	0.018
446	-8.127	2.621	3.812
41	-8.039	2.366	3.812
122	-8.036	2.364	3.812
73	-8.036	2.364	3.812
1592	-8.025	2.716	3.814
1027	-8.025	2.717	3.812
961	-8.024	2.714	3.812
978	-8.024	2.716	3.812
973	-8.024	2.717	3.814
1047	-8.024	2.717	3.814
915	-8.024	2.717	1.807
1073	-8.024	2.716	1.808
1030	-8.024	2.717	1.738
1099	-8.023	2.723	1.742
1100	-8.022	2.723	1.792
1139	-8.021	2.719	1.793
1018	-8.021	2.722	1.739
527	-8.018	2.718	1.782
548	-8.018	2.729	1.782
700	-8.018	2.718	1.782
1478	-8.015	2.883	1.782
1295	-8.014	2.719	1.795
233	-7.690	2.414	1.717
128	-7.690	2.414	1.721
168	-7.690	2.413	2.701
173	-7.690	2.413	2.701
186	-7.690	2.413	2.699
192	-7.690	2.414	1.564
112	-7.689	2.423	1.574
264	-7.684	2.416	1.569
295	-7.684	2.416	1.569
308	-7.684	2.416	1.570
313	-7.684	2.416	1.570
323	-7.684	2.416	1.569
414	-7.684	2.416	2.047
420	-7.684	2.417	2.049
421	-7.684	2.417	2.048
438	-7.684	2.416	2.742
456	-7.684	2.418	2.742
486	-7.684	2.416	2.741
448	-7.683	2.418	2.741
246	-7.674	2.406	2.741
196	-7.674	2.409	2.741
209	-7.674	2.409	2.743
197	-7.674	2.411	2.055
214	-7.674	2.410	2.055
221	-7.674	2.410	2.056
222	-7.674	2.410	2.741
120	-7.673	2.410	2.635
248	-7.673	2.410	3.862
236	-7.673	2.410	3.862
241	-7.673	2.410	3.863
463	-7.667	2.401	3.863
375	-7.667	2.409	2.187
310	-7.667	2.408	3.844
373	-7.667	2.407	3.844
403	-7.667	2.412	3.844
404	-7.667	2.408	3.844
458	-7.667	2.409	3.844
354	-7.667	2.411	8.561
271	-7.667	2.412	8.561
397	-7.667	2.412	8.562
399	-7.667	2.412	8.562
406	-7.667	2.412	8.562
266	-7.667	2.412	8.562
475	-7.667	2.412	8.562
481	-7.667	2.411	8.562
439	-7.667	2.414	8.562
276	-7.667	2.411	8.562
307	-7.667	2.418	8.561
361	-7.666	2.405	8.613
353	-7.666	2.409	8.616
379	-7.666	2.411	7.870
465	-7.666	2.411	7.828
265	-7.666	2.412	7.829
267	-7.666	2.412	7.889
269	-7.666	2.412	7.032
369	-7.666	2.412	7.032
455	-7.666	2.413	8.414
464	-7.666	2.421	8.425
467	-7.666	2.412	8.425
418	-7.666	2.418	8.417
425	-7.662	2.465	8.428
301	-7.662	2.444	8.428
435	-7.661	2.402	8.428
294	-7.648	2.390	8.429
461	-7.647	2.467	7.432
483	-7.645	2.490	7.598
555	-7.635	2.445	7.606
522	-7.635	2.444	7.434
633	-7.618	2.440	7.432
710	-7.618	2.436	9.387
648	-7.617	2.432	9.387
575	-7.617	2.437	7.771
250	-7.617	2.444	7.770
605	-7.617	2.440	7.774
642	-7.617	2.447	7.774
670	-7.617	2.440	8.274
1464	-7.617	2.441	8.243
542	-7.617	2.442	7.625
589	-7.617	2.443	7.876
684	-7.617	2.441	7.876
562	-7.617	2.447	7.876
1024	-7.616	2.435	7.640
743	-7.616	2.436	9.046
1093	-7.616	2.435	7.673
1077	-7.616	2.440	17.524
1056	-7.616	2.440	17.524
530	-7.616	2.438	17.524
1123	-7.616	2.438	17.524
546	-7.616	2.440	17.525
746	-7.616	2.440	17.525
993	-7.616	2.443	17.524
1022	-7.616	2.443	5.073
1161	-7.616	2.441	17.521
498	-7.616	2.441	17.520
919	-7.616	2.440	17.520
928	-7.616	2.440	17.520
936	-7.616	2.440	17.520
965	-7.616	2.440	17.557
1014	-7.616	2.440	17.557
519	-7.616	2.444	17.556
1054	-7.616	2.439	17.557
1242	-7.616	2.444	18.221
535	-7.616	2.453	18.217
611	-7.616	2.444	18.217
1013	-7.616	2.448	16.281
632	-7.615	2.410	16.281
1040	-7.615	2.458	18.199
551	-7.615	2.472	5.058
681	-7.614	2.463	17.351
601	-7.612	2.417	17.351
1294	-7.611	2.447	17.351
963	-7.609	2.392	4.553
592	-7.608	2.444	17.350
259	-7.607	2.595	16.252
636	-7.607	2.373	18.926
696	-7.607	2.417	4.685
1297	-7.605	2.448	4.685
707	-7.604	2.344	4.685
584	-7.602	2.383	4.697
727	-7.595	2.404	4.697
1190	-7.581	2.558	4.693
664	-7.578	2.326	4.693
669	-7.478	2.703	7.991
1016	-7.414	2.788	7.990
1265	-7.402	2.695	7.991
949	-7.394	2.745	7.998
629	-7.352	2.375	7.997
383	-7.350	2.726	8.008
1567	-7.315	2.784	10.204
999	-7.242	2.857	0.018
1078	-7.238	2.923	0.010
490	-7.232	3.018	0.018
871	-7.191	2.872	3.812
1189	-7.164	3.009	1.782
1214	-7.120	3.029	0.000
685	-7.120	3.177	1.717
969	-7.111	3.010	1.721
598	-7.101	3.073	2.701
976	-7.054	3.310	2.701
514	-7.022	3.462	2.699
732	-7.016	3.366	1.565
1031	-6.976	3.568	2.734
678	-6.969	3.534	1.569
1092	-6.816	3.804	2.049
407	-6.813	3.829	2.741
491	-6.764	3.865	2.742
1499	-6.744	3.836	2.741
500	-5.741	3.369	7.606
637	-5.741	3.368	7.434
170	-5.738	3.376	7.434
180	-5.738	3.374	9.387
29	-5.738	3.374	9.387
30	-5.738	3.375	9.387
320	-5.737	3.373	7.771
413	-5.737	3.372	7.774
274	-5.736	3.372	7.774
1409	-5.667	3.352	1.782
989	-5.667	3.353	1.782
1108	-5.667	3.353	1.781
665	-5.666	3.350	1.781
604	-5.666	3.353	1.795
610	-5.666	3.353	1.791
617	-5.666	3.353	1.790
634	-5.666	3.352	1.717
641	-5.666	3.353	1.721
647	-5.666	3.352	2.701
651	-5.666	3.352	2.701
653	-5.666	3.353	2.699
680	-5.666	3.352	1.565
682	-5.666	3.353	1.573
686	-5.666	3.353	2.734
688	-5.666	3.353	1.569
691	-5.666	3.353	1.569
698	-5.666	3.353	1.569
711	-5.666	3.352	1.570
510	-5.666	3.352	1.570
537	-5.666	3.352	1.569
545	-5.666	3.352	2.048
554	-5.666	3.352	2.050
567	-5.666	3.352	2.050
583	-5.666	3.352	2.742
674	-5.666	3.352	2.743
1217	-5.665	3.359	2.741
1061	-5.665	3.362	2.741
1221	-5.665	3.362	2.741
1233	-5.665	3.362	2.741
1234	-5.665	3.362	2.743
1224	-5.665	3.362	2.055
391	-5.665	3.371	2.055
1036	-5.664	3.362	2.056
1208	-5.664	3.362	2.742
497	-5.663	3.351	2.636
388	-5.662	3.357	3.863
319	-5.662	3.358	3.863
345	-5.662	3.359	3.863
347	-5.662	3.359	3.863
357	-5.662	3.359	2.186
367	-5.662	3.358	3.845
382	-5.662	3.358	3.844
426	-5.662	3.358	3.844
427	-5.662	3.358	3.844
454	-5.662	3.358	3.845
