1289	-9.173	0.000	0.000
1296	-9.173	0.001	4.341
1297	-9.173	0.000	4.341
1320	-9.173	0.001	4.341
1327	-9.173	0.001	4.342
1330	-9.173	0.000	4.341
1348	-9.173	0.001	4.341
1353	-9.173	0.000	4.340
1357	-9.173	0.001	4.342
1360	-9.173	0.001	4.342
1362	-9.173	0.001	1.364
1371	-9.173	0.001	1.365
1373	-9.173	0.000	1.410
1374	-9.173	0.001	1.411
1377	-9.173	0.001	1.355
1383	-9.173	0.001	1.355
1385	-9.173	0.001	1.411
1397	-9.173	0.001	1.364
1402	-9.173	0.000	1.364
1425	-9.173	0.001	1.364
1198	-9.172	0.001	1.364
1202	-9.172	0.001	1.357
1207	-9.172	0.001	1.357
1232	-9.172	0.001	1.358
1236	-9.172	0.001	1.407
1238	-9.172	0.001	1.407
1247	-9.172	0.001	1.617
1265	-9.172	0.001	1.617
1266	-9.172	0.001	1.615
1272	-9.172	0.001	0.018
1299	-9.148	1.635	0.036
1257	-9.147	1.635	1.659
1249	-9.136	0.025	0.027
1158	-9.118	1.634	0.027
1228	-9.118	1.634	0.030
1316	-9.113	1.635	0.029
1179	-9.112	1.635	0.030
1181	-9.112	1.635	0.030
1186	-9.112	1.635	3.153
1187	-9.112	1.635	3.155
1263	-9.112	1.635	3.154
1286	-9.112	1.635	3.183
1163	-9.112	1.635	3.183
1177	-9.112	1.635	3.182
1204	-9.112	1.635	3.182
1213	-9.112	1.635	3.182
1218	-9.112	1.635	3.182
1226	-9.112	1.635	3.184
1269	-9.112	1.635	3.160
1167	-9.111	1.635	3.159
1240	-9.111	1.635	3.160
1216	-9.062	0.821	3.183
1175	-9.062	0.821	1.775
1191	-9.062	0.821	4.711
1231	-9.062	0.821	4.711
1287	-9.059	0.813	4.711
1288	-9.059	0.813	4.711
1291	-9.059	0.813	1.434
1295	-9.059	0.813	4.541
1298	-9.059	0.813	4.541
1309	-9.059	0.813	4.541
1315	-9.059	0.813	4.541
1321	-9.059	0.813	4.541
1337	-9.059	0.813	7.921
1341	-9.059	0.813	7.921
1366	-9.059	0.813	7.922
1398	-9.059	0.813	7.922
1407	-9.059	0.813	7.922
1417	-9.059	0.813	7.922
1440	-9.059	0.813	7.922
1251	-9.059	0.813	7.922
1276	-9.059	0.813	7.922
1195	-9.058	0.813	7.922
1201	-9.058	0.813	7.921
1203	-9.058	0.813	7.981
1208	-9.058	0.813	7.985
1215	-9.058	0.813	8.569
1234	-9.058	0.813	8.526
1334	-9.003	3.577	8.527
1259	-8.988	1.881	8.589
1278	-8.988	1.881	7.117
1305	-8.988	1.881	7.117
1307	-8.988	1.881	7.789
1310	-8.988	1.881	7.800
1369	-8.988	1.881	7.800
1160	-8.987	1.881	7.793
1170	-8.987	1.881	7.804
1235	-8.987	1.881	7.804
1317	-8.984	1.884	7.804
1326	-8.984	1.884	7.804
1349	-8.984	1.884	6.746
1173	-8.983	1.884	6.850
1200	-8.983	1.884	6.858
1205	-8.983	1.884	6.748
1262	-8.983	1.884	6.746
1273	-8.983	1.884	9.240
1189	-8.983	1.884	9.240
1404	-8.872	1.606	7.104
1300	-8.841	1.887	7.101
1302	-8.841	1.887	7.105
1183	-8.840	1.887	7.105
1184	-8.840	1.887	7.617
1185	-8.840	1.887	7.591
1229	-8.826	3.704	6.973
1303	-8.824	3.705	7.236
1406	-8.823	3.705	7.236
1161	-8.823	3.704	7.236
1162	-8.823	3.704	6.987
1165	-8.823	3.704	8.218
1190	-8.823	3.704	6.934
1193	-8.823	3.704	16.279
1199	-8.823	3.704	16.279
1221	-8.823	3.704	16.280
1233	-8.823	3.705	16.280
1284	-8.823	3.705	16.280
1290	-8.823	3.704	16.280
1314	-8.823	3.705	16.280
1322	-8.823	3.704	4.643
1332	-8.823	3.705	16.367
1339	-8.823	3.704	16.366
1344	-8.823	3.705	16.366
1351	-8.823	3.705	16.366
1358	-8.823	3.705	16.366
1363	-8.823	3.705	16.402
1387	-8.823	3.704	16.402
1418	-8.754	0.585	16.401
1325	-8.718	3.430	16.402
1168	-8.570	2.146	17.003
1239	-8.570	2.146	17.000
1376	-8.510	2.091	17.000
1462	-8.507	3.766	15.116
1436	-8.506	3.760	15.117
1336	-8.465	2.114	16.981
1329	-8.464	2.115	4.647
1378	-8.464	2.115	16.221
1210	-8.464	2.115	16.221
1159	-8.455	3.613	16.221
1169	-8.452	3.613	3.719
1196	-8.452	3.613	16.220
1224	-8.452	3.613	15.088
1225	-8.452	3.613	17.751
1282	-8.452	3.613	4.078
1294	-8.452	3.613	4.077
1311	-8.452	3.613	4.077
1356	-8.452	3.613	4.087
1389	-8.452	3.613	4.087
1244	-8.451	3.613	4.084
1365	-8.450	3.598	4.084
1254	-8.449	3.598	4.097
1156	-8.449	3.613	8.549
1157	-8.449	3.613	8.529
122	-8.446	3.756	8.529
360	-8.446	3.756	8.530
146	-8.444	3.756	8.536
1835	-8.423	3.716	8.536
1243	-8.411	0.336	8.547
1164	-8.409	0.335	8.546
1166	-8.409	0.335	8.547
1230	-8.409	0.335	10.974
1268	-8.409	0.335	1.335
1270	-8.409	0.335	1.579
1279	-8.409	0.335	1.572
1318	-8.409	0.335	1.575
1368	-8.409	0.335	1.575
1372	-8.409	0.335	1.575
1379	-8.409	0.335	1.572
1393	-8.409	0.335	1.575
1395	-8.409	0.335	1.575
1409	-8.409	0.335	1.575
1415	-8.409	0.335	1.575
1429	-8.409	0.335	1.575
1447	-8.409	0.335	1.575
1458	-8.409	0.335	1.572
1470	-8.409	0.335	4.340
1237	-8.409	0.335	4.340
1403	-8.389	1.667	4.340
1399	-8.362	0.349	4.340
1408	-8.362	0.349	4.340
1426	-8.362	0.349	4.340
1430	-8.362	0.349	4.340
1477	-8.355	0.342	4.340
1478	-8.355	0.342	4.340
1304	-8.347	0.349	4.340
1370	-8.346	0.350	4.340
1375	-8.346	1.862	1.574
1194	-8.345	0.350	4.342
1220	-8.345	0.350	1.364
1264	-8.345	0.350	1.365
1267	-8.345	0.350	1.371
1274	-8.345	0.350	1.411
1292	-8.345	0.350	1.355
1293	-8.345	0.350	1.354
1328	-8.345	0.350	1.412
1331	-8.345	0.350	1.364
1347	-8.345	0.350	1.364
1400	-8.345	0.350	1.364
1401	-8.345	0.350	1.364
1227	-8.338	0.343	1.357
1174	-8.314	0.871	1.357
1182	-8.314	0.871	1.364
1342	-8.314	0.872	1.407
1346	-8.314	0.872	1.407
1361	-8.314	0.871	1.617
1433	-8.314	0.871	1.617
1338	-8.312	1.864	1.615
1354	-8.312	1.864	0.018
1390	-8.303	0.886	1.660
1464	-8.303	0.886	0.036
1340	-8.296	3.630	0.027
1391	-8.296	3.630	0.027
1394	-8.296	3.630	0.027
1396	-8.296	3.630	0.030
1412	-8.296	3.630	0.030
1188	-8.288	3.637	0.028
1192	-8.288	3.637	3.153
1209	-8.288	3.637	3.154
1214	-8.288	3.637	3.155
1217	-8.288	3.637	3.181
1219	-8.288	3.637	3.183
1223	-8.288	3.637	3.182
1252	-8.288	3.637	3.182
1261	-8.288	3.637	3.182
1280	-8.288	3.637	3.181
1283	-8.288	3.637	3.181
1359	-8.288	3.637	3.159
1384	-8.288	3.637	3.159
1352	-8.283	0.892	3.160
1367	-8.283	0.892	3.183
1253	-8.282	0.892	3.162
1413	-8.282	0.892	4.711
144	-8.159	0.456	4.710
150	-8.159	0.456	4.710
1471	-8.102	0.485	4.711
1494	-8.091	0.474	4.713
1277	-8.072	2.163	1.432
1335	-8.072	2.163	4.541
1355	-8.072	2.163	4.541
1405	-8.072	2.163	4.541
1441	-8.072	2.163	4.541
1457	-8.072	2.163	7.921
1386	-8.056	2.164	7.921
1392	-8.056	2.164	7.922
1178	-8.055	2.163	7.922
1212	-8.055	2.163	7.922
1242	-8.055	2.163	7.922
1246	-8.055	2.164	7.922
1248	-8.055	2.163	7.921
1250	-8.055	2.163	7.922
1260	-8.055	2.164	7.922
1271	-8.055	2.163	7.921
1281	-8.044	2.603	7.937
1285	-8.044	2.603	7.985
1301	-8.044	2.603	8.569
1306	-8.044	2.603	8.569
1308	-8.044	2.603	8.526
1312	-8.044	2.603	8.588
1313	-8.044	2.603	7.116
1319	-8.044	2.603	7.116
1323	-8.044	2.603	7.791
1324	-8.044	2.603	7.800
1333	-8.044	2.603	7.800
1343	-8.044	2.603	7.792
1345	-8.044	2.603	7.804
1350	-8.044	2.603	7.804
1364	-8.044	2.603	7.804
1380	-8.044	2.603	7.791
1381	-8.044	2.603	6.723
1382	-8.044	2.603	6.723
1171	-8.043	2.603	6.858
1172	-8.043	2.603	6.747
1176	-8.043	2.603	6.747
1180	-8.043	2.603	9.240
1197	-8.043	2.603	9.240
1206	-8.043	2.603	7.104
1211	-8.043	2.603	7.105
1241	-8.043	2.603	7.105
1245	-8.043	2.603	7.105
1256	-8.043	2.603	7.617
1258	-8.043	2.603	7.591
1275	-8.043	2.603	7.009
1481	-7.913	0.997	6.994
468	-7.816	3.733	7.235
350	-7.811	3.730	7.235
1842	-7.787	1.796	6.987
420	-7.782	1.797	7.229
370	-7.782	1.797	6.934
371	-7.782	1.797	3.995
1851	-7.781	1.796	16.236
109	-7.781	1.797	16.235
323	-7.781	1.797	16.236
364	-7.781	1.797	16.236
398	-7.781	1.797	16.236
399	-7.781	1.797	16.236
423	-7.781	1.797	16.233
459	-7.781	1.797	16.328
590	-7.781	1.790	16.328
1153	-7.781	1.797	16.328
1869	-7.781	1.797	16.328
434	-7.781	1.793	16.328
635	-7.781	1.793	16.364
329	-7.781	1.796	16.364
1414	-7.773	2.181	16.363
1410	-7.773	2.181	16.363
1411	-7.773	2.181	16.959
1419	-7.773	2.181	16.959
1032	-7.769	1.787	16.956
1439	-7.760	2.607	16.188
1639	-7.752	1.748	15.080
441	-7.743	2.264	4.553
624	-7.743	2.269	4.559
285	-7.743	2.264	16.185
303	-7.743	2.264	16.184
375	-7.743	2.264	16.184
462	-7.743	2.264	3.649
231	-7.743	2.263	16.183
1388	-7.709	2.458	15.052
1222	-7.709	2.458	17.710
1255	-7.709	2.458	4.009
111	-7.703	0.485	4.006
1784	-7.693	0.480	4.006
384	-7.693	0.486	4.006
396	-7.693	0.486	4.015
397	-7.693	0.486	4.017
422	-7.693	0.486	4.012
615	-7.693	0.486	4.018
638	-7.693	0.486	8.611
648	-7.693	0.486	8.612
1768	-7.693	0.486	8.592
1786	-7.693	0.486	8.593
1790	-7.693	0.487	8.599
1794	-7.693	0.487	8.599
1821	-7.693	0.486	8.610
1825	-7.693	0.486	8.609
676	-7.693	0.486	8.610
425	-7.682	0.482	11.047
295	-7.682	0.487	1.390
341	-7.682	0.487	1.380
361	-7.682	0.487	1.652
391	-7.682	0.487	1.647
400	-7.682	0.487	1.648
403	-7.682	0.487	1.647
410	-7.682	0.487	1.647
413	-7.682	0.487	1.648
416	-7.682	0.487	1.648
417	-7.682	0.487	1.647
418	-7.682	0.487	1.647
421	-7.682	0.487	1.648
433	-7.682	0.487	1.647
437	-7.682	0.487	1.644
453	-7.682	0.487	4.388
457	-7.682	0.487	4.388
1849	-7.682	0.487	4.388
950	-7.681	0.485	4.388
262	-7.681	0.487	4.388
284	-7.681	0.487	4.388
298	-7.681	0.487	4.388
322	-7.681	0.487	4.388
324	-7.681	0.487	4.388
335	-7.681	0.487	4.388
345	-7.681	0.487	4.388
381	-7.681	0.487	4.388
606	-7.681	0.487	4.389
627	-7.681	0.487	4.390
634	-7.681	0.487	1.423
643	-7.681	0.487	1.431
660	-7.681	0.487	1.474
667	-7.681	0.486	1.415
668	-7.681	0.487	1.414
671	-7.681	0.487	1.474
1116	-7.681	0.487	1.474
1127	-7.681	0.487	1.425
1833	-7.681	0.487	1.425
1841	-7.681	0.487	1.425
1873	-7.681	0.487	1.417
173	-7.680	0.489	1.418
197	-7.680	0.489	1.424
208	-7.680	0.489	1.469
233	-7.680	0.489	1.471
234	-7.680	0.489	1.471
241	-7.680	0.489	1.536
1815	-7.676	0.580	1.534
1785	-7.663	0.727	0.094
663	-7.661	0.657	1.578
1859	-7.645	0.346	0.091
1469	-7.645	1.873	0.096
1788	-7.532	1.221	0.096
1084	-7.518	1.174	0.095
1837	-7.477	0.814	0.094
651	-7.446	1.085	0.095
252	-7.283	2.289	0.094
386	-7.283	2.289	1.591
1914	-7.282	2.289	3.219
158	-7.280	2.289	3.220
1123	-7.280	2.286	3.214
1473	-7.250	2.686	3.215
293	-7.227	2.687	3.214
306	-7.227	2.687	3.214
309	-7.227	2.687	3.214
616	-7.226	2.687	3.213
349	-7.225	2.685	3.213
151	-7.224	2.687	3.216
155	-7.224	2.687	3.225
230	-7.224	2.687	3.226
290	-7.165	2.496	3.215
1068	-7.164	2.497	3.215
1872	-7.164	2.496	4.779
269	-7.153	2.716	4.779
199	-7.150	2.715	4.779
228	-7.150	2.717	4.779
1422	-7.129	2.419	4.781
1416	-7.129	2.419	1.448
277	-7.063	2.267	4.583
1780	-5.523	2.907	1.431
1782	-5.523	2.907	4.535
1792	-5.523	2.907	4.534
1799	-5.523	2.907	4.534
1800	-5.523	2.907	4.534
1876	-5.523	2.907	4.534
395	-5.510	2.907	7.925
448	-5.510	2.907	7.925
362	-5.509	2.906	7.925
647	-5.509	2.907	7.925
607	-5.507	2.906	7.925
1117	-5.507	2.906	7.925
