1730	-3.904	0.000	5.483
1511	-3.883	0.658	2.578
1776	-3.867	0.020	3.877
1724	-3.867	0.020	4.305
1728	-3.867	0.020	4.306
1743	-3.867	0.020	3.876
1585	-3.865	0.021	3.876
1618	-3.865	0.021	2.657
1633	-3.865	0.021	6.023
1694	-3.865	0.021	6.023
1695	-3.865	0.021	6.023
1732	-3.857	0.020	2.530
1749	-3.857	0.020	5.387
1758	-3.857	0.020	5.387
1760	-3.857	0.020	5.387
1725	-3.857	0.020	5.387
1746	-3.857	0.020	5.387
1514	-3.856	0.021	8.680
1707	-3.856	0.021	8.680
1520	-3.855	0.021	8.681
1537	-3.855	0.021	8.681
1550	-3.855	0.021	8.681
1570	-3.855	0.021	8.681
1576	-3.855	0.021	8.681
1701	-3.855	0.021	8.681
1702	-3.855	0.021	8.681
1710	-3.855	0.021	8.681
1711	-3.855	0.021	5.135
1759	-3.844	0.651	9.508
1766	-3.844	0.652	9.510
1767	-3.844	0.651	9.569
1740	-3.844	0.649	8.150
1518	-3.813	1.731	8.421
1528	-3.813	1.731	8.433
1719	-3.806	1.738	8.433
1549	-3.805	1.738	8.437
1554	-3.805	1.738	8.437
1558	-3.805	1.738	8.437
1560	-3.805	1.738	8.437
1561	-3.805	1.738	7.405
1562	-3.805	1.738	7.402
1564	-3.805	1.738	7.563
1565	-3.805	1.738	7.428
1567	-3.805	1.738	7.428
1573	-3.805	1.738	10.112
1578	-3.805	1.738	10.112
1581	-3.805	1.738	7.572
1582	-3.805	1.738	7.870
1583	-3.805	1.738	7.870
1587	-3.805	1.738	7.870
1593	-3.805	1.738	8.264
1594	-3.805	1.738	8.258
1599	-3.805	1.738	8.240
1600	-3.805	1.738	7.618
1613	-3.805	1.738	7.887
1617	-3.805	1.738	7.887
1624	-3.805	1.738	7.625
1627	-3.805	1.738	7.625
1629	-3.805	1.738	8.964
1644	-3.805	1.738	8.432
1645	-3.805	1.738	15.940
1648	-3.805	1.738	15.940
1662	-3.805	1.738	15.940
1665	-3.805	1.738	15.940
1691	-3.805	1.738	15.940
1703	-3.805	1.738	15.941
1509	-3.790	1.004	15.941
1516	-3.790	1.004	3.350
1517	-3.790	1.004	16.152
1521	-3.790	1.004	16.152
1533	-3.790	1.004	16.152
1538	-3.790	1.004	16.152
1614	-3.790	1.004	16.152
1616	-3.790	1.004	16.187
1519	-3.780	1.006	16.659
1735	-3.715	1.762	3.607
1764	-3.715	1.762	14.961
1536	-3.714	1.763	14.961
1555	-3.714	1.763	3.340
1568	-3.714	1.763	14.945
1569	-3.714	1.763	15.981
1579	-3.714	1.763	15.981
1588	-3.714	1.763	15.981
1596	-3.714	1.763	2.798
1619	-3.714	1.763	15.981
1622	-3.714	1.763	15.245
1630	-3.714	1.763	17.428
1631	-3.714	1.763	2.648
1632	-3.714	1.763	2.648
1647	-3.714	1.763	2.648
1688	-3.714	1.763	2.657
1714	-3.714	1.763	2.658
1715	-3.699	1.683	2.654
1755	-3.699	1.684	2.654
1685	-3.696	1.684	9.474
1706	-3.688	1.722	9.474
1748	-3.688	1.722	9.456
1684	-3.687	1.723	9.456
1623	-3.684	1.723	9.457
1535	-3.680	1.513	9.462
1563	-3.680	1.513	9.461
1574	-3.680	1.513	9.473
1575	-3.680	1.513	9.472
1584	-3.680	1.513	9.475
1589	-3.680	1.513	12.006
1590	-3.680	1.513	2.528
1601	-3.680	1.513	2.745
1608	-3.680	1.513	2.740
1666	-3.680	1.513	2.740
1673	-3.680	1.513	2.740
1676	-3.680	1.513	2.740
1692	-3.680	1.513	2.740
1522	-3.669	1.727	2.740
1524	-3.669	1.727	2.740
1540	-3.669	1.727	2.740
1547	-3.669	1.727	2.739
1571	-3.669	1.727	2.740
1502	-3.667	1.728	2.740
1503	-3.667	1.727	2.734
1504	-3.667	1.728	5.482
1505	-3.667	1.727	5.482
1506	-3.667	1.728	5.482
1731	-3.610	1.816	5.482
1595	-3.542	1.381	5.482
1527	-3.541	2.088	5.482
1529	-3.541	2.088	5.482
1539	-3.541	2.088	5.483
1545	-3.541	2.088	5.482
1546	-3.541	2.088	5.482
1559	-3.541	2.088	5.482
1580	-3.541	2.088	5.484
1586	-3.541	2.088	5.483
1605	-3.541	2.088	2.583
1612	-3.541	2.088	2.584
1625	-3.541	2.088	2.637
1733	-3.540	1.385	2.640
1690	-3.518	2.062	2.575
1737	-3.518	2.063	2.575
1674	-3.513	1.665	2.639
1729	-3.513	1.663	2.590
1773	-3.512	1.663	2.590
1544	-3.509	1.664	2.590
1553	-3.494	1.665	2.590
