1491	-8.733	0.000	13.764
294	-8.700	0.011	13.518
386	-8.700	0.011	13.518
494	-8.700	0.011	13.518
1320	-8.660	3.307	14.152
1403	-8.561	0.054	12.171
1421	-8.557	3.307	8.408
1244	-8.553	3.308	8.408
1359	-8.553	3.307	8.408
1220	-8.553	3.308	8.408
1471	-8.553	3.307	8.408
1201	-8.553	3.307	8.409
1437	-8.552	3.308	8.409
1423	-8.552	0.077	8.416
1205	-8.543	0.075	7.357
1206	-8.543	0.076	7.357
1207	-8.543	0.075	7.357
1323	-8.534	0.074	7.357
1213	-8.534	0.075	7.357
1215	-8.534	0.075	7.357
1217	-8.534	0.075	7.357
1236	-8.534	0.075	7.356
1312	-8.534	0.075	7.898
1223	-8.534	0.075	7.903
1224	-8.534	0.075	7.953
1239	-8.534	0.075	7.909
1273	-8.534	0.075	7.908
1274	-8.534	0.075	7.955
1296	-8.534	0.074	7.955
1357	-8.534	0.075	7.913
1267	-8.533	0.074	7.913
1228	-8.532	0.074	7.913
1283	-8.531	0.076	7.906
1382	-8.530	0.074	7.909
1438	-8.530	0.075	7.915
1250	-8.530	0.074	7.973
1261	-8.530	0.075	7.968
1299	-8.530	0.075	7.969
1334	-8.530	0.074	8.393
1335	-8.530	0.074	8.391
1381	-8.530	0.074	7.792
1458	-8.527	0.074	8.424
404	-8.524	0.065	7.801
629	-8.494	3.446	7.777
1365	-8.493	3.445	7.777
1386	-8.493	3.445	7.777
1393	-8.470	3.309	7.950
1410	-8.461	3.438	7.781
1221	-8.461	3.438	7.781
1319	-8.461	3.440	7.823
1246	-8.461	3.439	7.823
1327	-8.461	3.440	7.823
1481	-8.461	3.440	7.823
1279	-8.459	3.309	7.375
1345	-8.457	3.437	2.180
1202	-8.421	0.094	2.298
1200	-8.421	0.105	2.836
1225	-8.421	0.104	3.861
1196	-8.421	0.105	3.860
1199	-8.421	0.105	3.860
1356	-8.379	3.446	22.394
1445	-8.221	1.078	2.144
1383	-8.220	1.078	2.136
1493	-8.178	3.211	2.131
1377	-8.165	3.191	2.058
1486	-8.163	3.186	9.021
561	-8.157	3.208	9.249
22	-8.149	3.216	9.248
1424	-8.111	3.693	9.250
1210	-8.107	3.697	9.618
1234	-8.107	3.697	9.618
1243	-8.107	3.697	9.618
1307	-8.107	3.697	9.618
1368	-8.107	3.697	9.618
1391	-8.107	3.698	9.618
1399	-8.107	3.697	9.618
1413	-8.107	3.697	9.618
1439	-8.107	3.697	9.618
1483	-8.107	3.697	9.618
1295	-8.105	3.692	9.618
1369	-8.096	1.567	9.619
1376	-8.094	1.555	8.965
1396	-8.094	1.556	8.953
1430	-8.093	1.515	8.906
1401	-8.087	0.472	8.972
1455	-8.086	1.618	8.906
1257	-8.077	1.295	8.907
1420	-8.054	1.477	9.940
1258	-8.048	1.491	8.900
1419	-8.038	3.210	8.698
523	-8.028	1.101	8.901
327	-8.028	1.102	8.901
1194	-8.025	3.226	8.901
1233	-8.023	3.209	8.700
1231	-8.023	3.209	10.113
1443	-8.022	3.208	8.519
1306	-8.013	1.626	13.756
400	-7.998	3.241	12.690
437	-7.938	1.788	14.829
1269	-7.932	3.255	10.347
535	-7.918	3.276	12.186
556	-7.884	1.662	12.169
1310	-7.873	3.238	12.176
1468	-7.864	1.839	8.406
1466	-7.781	1.010	7.355
1436	-7.771	3.300	8.411
1431	-7.749	3.290	7.801
1216	-7.723	3.310	7.775
1447	-7.709	1.906	7.948
167	-7.668	3.367	7.373
1198	-7.641	3.491	2.180
1288	-7.640	3.495	2.181
1247	-7.639	0.940	2.181
1086	-7.631	3.432	2.181
351	-7.630	3.342	2.181
1195	-7.617	3.499	0.016
505	-7.574	3.476	2.139
1343	-7.535	3.430	13.762
1427	-7.534	3.446	13.763
1235	-7.527	3.450	13.764
1197	-7.521	3.466	13.764
1211	-7.520	3.452	13.765
1270	-7.520	2.191	13.518
1214	-7.495	1.738	13.553
518	-7.487	3.909	13.552
1277	-7.485	3.908	14.153
1248	-7.465	3.909	13.669
1227	-7.464	3.910	13.670
1355	-7.447	3.400	10.348
521	-7.438	3.985	10.348
1380	-7.438	3.984	10.357
1457	-7.438	3.984	10.351
1309	-7.438	3.984	10.350
637	-7.437	3.975	10.352
1192	-7.420	3.985	12.186
1218	-7.419	3.985	12.169
1349	-7.419	3.985	12.168
1328	-7.419	3.985	12.179
1480	-7.345	3.906	14.206
1330	-7.341	3.891	7.867
1336	-7.339	3.775	8.401
1456	-7.336	3.885	8.406
1203	-7.332	3.939	8.406
1408	-7.326	3.933	8.409
1361	-7.320	3.918	8.406
1490	-7.307	3.871	8.406
1444	-7.307	3.872	8.407
1241	-7.289	2.277	8.414
1487	-7.203	3.910	7.351
1440	-7.196	3.823	7.895
1289	-7.188	3.377	7.901
14	-7.187	3.379	7.950
558	-7.187	3.368	7.907
1278	-7.186	3.380	7.906
1033	-7.185	3.389	7.953
1298	-7.164	3.371	7.906
1418	-7.153	3.368	7.971
1370	-7.105	3.581	7.800
603	-7.083	3.494	7.799
1453	-7.034	3.772	7.949
525	-7.000	2.356	7.775
1184	-6.978	3.378	7.948
340	-6.947	3.379	7.948
560	-6.907	2.685	7.779
1325	-6.864	3.593	7.822
1263	-6.864	3.592	7.822
1475	-6.864	3.592	7.822
1441	-6.864	3.593	7.822
1459	-6.864	3.593	7.821
1311	-6.842	3.391	6.728
187	-6.836	3.385	7.373
633	-6.836	3.391	7.373
600	-6.822	3.392	7.373
1208	-6.816	3.490	7.374
1253	-6.815	3.490	2.180
1331	-6.815	3.490	2.180
496	-6.807	3.492	2.180
527	-6.807	3.493	2.180
430	-6.796	3.492	2.180
1373	-6.629	3.497	11.733
1204	-6.593	3.493	11.805
197	-6.575	3.604	9.229
325	-6.572	3.546	9.229
344	-6.284	3.846	11.827
