1885	-12.059	0.000	5.852
1852	-12.058	0.028	9.743
1851	-12.044	0.080	9.743
1845	-11.986	0.021	3.590
1854	-11.955	0.028	3.557
1886	-11.954	0.141	3.607
1856	-11.951	0.033	3.607
1857	-11.945	0.079	0.000
1842	-11.933	0.024	0.000
1864	-11.923	0.093	9.240
1868	-11.113	3.388	17.932
1883	-11.113	3.388	10.548
1878	-11.105	0.692	19.273
1880	-10.988	3.386	7.030
1865	-10.988	3.387	7.551
1832	-10.968	3.388	6.126
1872	-10.318	3.398	7.050
1848	-9.916	3.515	12.372
1853	-9.916	3.515	12.372
1843	-9.905	3.517	12.372
1860	-9.897	3.535	6.766
1844	-9.846	1.989	11.843
1862	-9.794	3.534	10.388
1841	-9.437	1.984	11.831
1847	-9.298	3.938	10.191
1867	-9.291	3.847	13.518
1849	-8.837	2.332	2.203
