1439	-9.555	0.000	6.109
1507	-9.555	0.000	6.109
1548	-9.555	0.000	6.109
1536	-9.555	0.000	6.110
1441	-9.555	0.000	17.718
1474	-9.555	0.000	17.710
1512	-9.555	0.000	18.140
1546	-9.555	0.000	18.141
1496	-9.554	0.000	18.140
1429	-9.498	0.004	0.001
1434	-9.498	0.004	0.001
1487	-9.498	0.004	0.001
1498	-9.498	0.004	0.006
1523	-9.498	0.004	9.154
1422	-9.478	0.016	9.150
1475	-9.474	0.016	9.151
1490	-9.418	0.023	2.009
1509	-9.414	0.024	2.009
1537	-9.414	0.024	2.008
1506	-9.414	0.024	2.009
1552	-9.414	0.024	2.009
1520	-9.409	0.024	2.009
1522	-9.408	0.024	2.009
1470	-7.423	2.230	5.605
1373	-7.416	2.220	0.019
1396	-7.399	2.221	0.001
1410	-7.399	2.221	0.002
1425	-7.399	2.221	0.001
1454	-7.399	2.221	0.002
1485	-7.399	2.221	0.001
1534	-7.399	2.221	0.001
1492	-7.398	1.667	0.002
1528	-7.392	2.222	0.001
1525	-7.392	2.221	0.001
1517	-7.384	2.221	0.001
1519	-7.384	2.221	0.001
1447	-7.259	2.148	2.557
1421	-7.259	2.146	2.557
1433	-7.259	2.146	2.557
1452	-7.259	2.146	2.557
1477	-7.259	2.147	2.557
1482	-7.259	2.146	3.458
1486	-7.259	2.147	17.044
1491	-7.259	2.146	7.340
1495	-7.259	2.146	7.340
1542	-7.259	2.146	7.340
1403	-7.259	2.137	7.340
1376	-7.258	2.139	7.340
1497	-7.258	2.152	7.340
1465	-7.258	2.138	7.340
1467	-7.258	2.149	6.973
1489	-7.258	2.121	6.971
1450	-7.258	2.136	6.973
1531	-7.258	2.142	6.973
1412	-7.258	2.138	5.764
1398	-7.257	2.125	5.764
1484	-7.257	2.114	5.764
1514	-7.256	2.116	5.764
1814	-6.176	3.519	7.340
1406	-6.155	2.610	7.340
1413	-6.155	2.610	6.973
1539	-6.137	3.524	6.041
1466	-6.135	3.524	6.109
1408	-6.134	3.524	6.109
1417	-6.134	3.525	6.109
1472	-6.134	3.524	6.109
1483	-6.134	3.524	6.109
1544	-6.134	3.524	6.109
1382	-6.130	2.584	6.110
1391	-6.130	2.584	17.718
1420	-6.130	2.584	17.710
1456	-6.130	2.584	18.140
1500	-6.128	2.584	18.141
1529	-6.128	2.584	18.140
1540	-6.128	2.584	18.140
1464	-6.126	2.584	5.605
1549	-5.994	3.553	2.557
1418	-5.994	3.553	2.557
1446	-5.994	3.553	3.458
1393	-5.992	3.556	17.044
1478	-5.991	3.559	7.339
1479	-5.754	1.850	7.656
1524	-5.101	2.374	5.888
1451	-4.904	2.717	5.887
1550	-4.903	2.718	5.887
1532	-4.777	2.477	6.041
