1241	-9.526	0.000	9.472
1110	-9.523	0.003	12.529
1126	-9.523	0.003	12.819
1135	-9.523	0.003	12.819
1123	-9.523	0.002	12.819
1138	-9.523	0.002	12.819
1142	-9.523	0.003	12.820
1363	-9.523	0.003	9.051
1041	-9.523	0.003	6.973
1083	-9.523	0.003	6.973
286	-9.522	0.003	6.973
307	-9.522	0.003	6.973
459	-9.522	0.003	6.974
150	-9.522	0.003	6.973
364	-9.522	0.003	6.973
397	-9.522	0.003	6.973
472	-9.522	0.003	6.973
485	-9.522	0.003	6.973
497	-9.522	0.003	6.973
1117	-9.522	0.008	6.973
334	-9.522	0.004	6.973
1125	-9.522	0.018	6.974
566	-9.520	0.039	6.973
647	-9.514	0.007	6.974
684	-9.514	0.007	6.974
691	-9.514	0.007	6.974
694	-9.514	0.007	6.974
699	-9.514	0.007	6.974
638	-9.513	0.007	6.974
714	-9.513	0.007	11.771
708	-9.513	0.007	11.771
716	-9.513	0.006	11.773
3	-9.507	0.007	7.361
4	-9.507	0.007	7.362
6	-9.507	0.007	7.362
722	-9.504	0.007	7.362
723	-9.504	0.006	7.362
735	-9.504	0.007	7.362
961	-9.504	0.007	7.362
962	-9.504	0.007	7.362
726	-9.503	0.006	7.362
740	-9.503	0.006	7.362
743	-9.503	0.006	7.362
727	-9.503	0.006	7.362
728	-9.503	0.006	7.362
748	-9.503	0.007	7.444
1032	-9.503	0.007	7.443
1048	-9.503	0.007	7.445
1050	-9.503	0.007	7.444
1065	-9.503	0.007	23.956
1078	-9.503	0.007	23.956
1106	-9.503	0.007	23.956
1116	-9.503	0.007	23.956
1022	-9.502	0.012	23.956
130	-9.502	0.007	23.959
413	-9.502	0.007	23.959
766	-9.502	0.007	23.959
808	-9.502	0.006	23.974
814	-9.502	0.007	7.259
921	-9.502	0.007	7.259
989	-9.502	0.006	23.980
995	-9.502	0.007	23.981
998	-9.502	0.007	12.034
296	-9.502	0.007	12.035
27	-9.502	0.007	7.484
37	-9.502	0.007	7.484
256	-9.502	0.006	7.484
517	-9.502	0.007	7.484
750	-9.502	0.007	7.484
755	-9.502	0.007	7.484
785	-9.502	0.007	7.484
787	-9.502	0.007	7.484
790	-9.502	0.006	7.484
797	-9.502	0.007	7.484
801	-9.502	0.007	7.484
819	-9.502	0.007	7.484
821	-9.502	0.007	7.484
838	-9.502	0.007	7.484
841	-9.502	0.007	7.484
845	-9.502	0.007	7.484
852	-9.502	0.007	5.922
854	-9.502	0.006	23.434
857	-9.502	0.007	22.572
870	-9.502	0.007	0.928
882	-9.502	0.007	0.928
896	-9.502	0.007	0.928
898	-9.502	0.007	0.928
916	-9.502	0.007	0.928
933	-9.502	0.007	0.928
934	-9.502	0.007	0.928
1004	-9.502	0.006	0.001
907	-9.502	0.007	0.001
909	-9.502	0.007	0.001
445	-9.501	0.007	0.001
761	-9.501	0.007	0.079
762	-9.501	0.007	1.536
970	-9.501	0.008	1.536
973	-9.501	0.007	1.536
320	-9.501	0.007	1.536
967	-9.501	0.007	1.536
293	-9.489	0.079	1.535
249	-9.489	0.066	1.535
1003	-9.489	0.068	1.535
325	-9.489	0.053	1.536
1027	-9.477	0.017	1.753
1066	-9.477	0.016	1.753
1067	-9.477	0.016	1.753
18	-9.476	0.016	1.753
57	-9.476	0.017	1.555
303	-9.476	0.016	1.555
314	-9.476	0.016	1.761
421	-9.476	0.017	1.759
457	-9.476	0.017	1.759
749	-9.476	0.017	1.759
759	-9.476	0.016	1.759
770	-9.476	0.017	1.759
818	-9.476	0.016	1.759
830	-9.476	0.016	1.759
877	-9.476	0.016	1.759
902	-9.476	0.016	1.759
913	-9.476	0.017	0.041
914	-9.476	0.016	0.086
924	-9.476	0.017	1.548
1009	-9.476	0.016	1.548
267	-9.476	0.019	1.547
263	-9.476	0.026	1.548
197	-9.470	0.095	7.501
626	-9.469	0.014	7.501
642	-9.469	0.014	7.501
644	-9.469	0.014	7.500
649	-9.469	0.014	7.500
664	-9.469	0.014	2.194
674	-9.469	0.014	2.194
703	-9.469	0.014	7.502
246	-9.461	0.114	6.320
720	-9.459	0.015	6.316
729	-9.459	0.015	6.579
778	-9.457	0.016	6.579
816	-9.457	0.016	3.099
764	-9.457	0.015	3.097
769	-9.457	0.016	12.553
802	-9.457	0.016	12.553
923	-9.457	0.016	12.553
210	-9.447	0.116	12.553
1122	-9.380	1.774	12.553
990	-9.371	1.480	12.553
983	-9.371	1.475	9.475
575	-9.365	1.476	9.475
1010	-9.364	1.476	9.475
1014	-9.364	1.476	9.475
704	-9.350	1.480	9.475
416	-9.348	2.084	9.475
1105	-9.348	2.081	9.475
1069	-9.348	2.081	9.475
1099	-9.348	2.081	9.475
1052	-9.347	2.082	9.475
164	-9.346	2.086	9.475
695	-9.342	1.481	9.475
709	-9.339	2.083	9.475
688	-9.338	2.083	9.475
127	-9.336	1.483	9.475
1025	-9.336	1.483	9.475
1031	-9.336	1.483	9.475
1058	-9.336	1.483	9.475
974	-9.335	2.084	9.475
971	-9.335	1.483	9.475
415	-9.334	1.483	9.475
812	-9.333	2.085	9.475
985	-9.333	2.085	9.475
784	-9.332	2.086	9.471
148	-9.332	2.086	12.537
779	-9.332	2.086	12.529
855	-9.332	2.086	12.819
888	-9.332	2.086	12.819
915	-9.332	2.086	12.819
107	-9.324	2.095	12.819
399	-9.323	2.110	12.820
807	-9.311	2.099	9.051
1079	-9.296	2.077	6.973
602	-9.273	2.742	6.973
531	-9.268	2.119	6.973
1237	-9.186	2.721	6.973
1098	-9.184	2.731	6.973
1114	-9.184	2.732	6.973
1118	-9.184	2.732	6.973
1134	-9.184	2.732	6.973
1143	-9.184	2.728	6.973
1119	-9.184	2.729	6.973
434	-9.183	2.733	6.973
149	-9.183	2.733	6.973
1111	-9.180	2.717	6.973
628	-9.179	2.732	6.973
639	-9.179	2.733	6.973
620	-9.179	2.734	6.973
632	-9.179	2.735	6.973
591	-9.179	2.734	6.973
601	-9.179	2.734	6.973
618	-9.179	2.736	6.974
705	-9.179	2.733	11.771
707	-9.179	2.733	11.770
710	-9.179	2.733	11.773
646	-9.179	2.733	7.361
592	-9.179	2.733	7.361
593	-9.179	2.734	7.362
594	-9.179	2.729	7.362
605	-9.179	2.732	7.362
607	-9.179	2.733	7.362
611	-9.179	2.733	7.362
613	-9.179	2.731	7.362
616	-9.179	2.731	7.362
619	-9.179	2.732	7.362
624	-9.179	2.733	7.362
629	-9.179	2.733	7.362
630	-9.179	2.733	7.362
631	-9.179	2.733	7.444
635	-9.179	2.733	7.443
650	-9.179	2.733	7.445
667	-9.179	2.733	7.444
669	-9.179	2.732	23.956
675	-9.179	2.733	23.956
702	-9.179	2.733	23.956
660	-9.179	2.730	23.956
662	-9.179	2.730	23.956
588	-9.178	2.741	23.959
1112	-9.178	2.739	23.959
240	-9.176	2.732	23.959
719	-9.176	2.732	23.974
1087	-9.174	2.730	7.259
721	-9.174	2.733	7.259
732	-9.174	2.732	23.980
734	-9.174	2.733	23.981
965	-9.174	2.733	12.033
1053	-9.174	2.733	12.035
1057	-9.174	2.733	7.484
1076	-9.174	2.732	7.484
1029	-9.174	2.733	7.484
1037	-9.174	2.733	7.484
1072	-9.174	2.730	7.484
1094	-9.174	2.733	7.484
1109	-9.174	2.733	7.484
753	-9.174	2.730	7.484
1074	-9.174	2.729	7.484
228	-9.173	2.737	7.484
876	-9.173	2.734	7.484
827	-9.173	2.735	7.484
899	-9.173	2.735	7.484
266	-9.173	2.733	7.484
751	-9.173	2.733	7.484
781	-9.173	2.733	7.484
782	-9.173	2.733	5.922
795	-9.173	2.733	23.434
831	-9.173	2.733	22.572
849	-9.173	2.733	0.928
860	-9.173	2.733	0.928
862	-9.173	2.733	0.928
878	-9.173	2.733	0.928
885	-9.173	2.734	0.928
897	-9.173	2.733	0.928
926	-9.173	2.733	0.928
951	-9.173	2.733	0.001
1019	-9.173	2.733	0.001
530	-9.173	2.734	0.001
881	-9.173	2.735	0.001
906	-9.173	2.733	0.079
247	-9.173	2.730	1.536
304	-9.173	2.730	1.536
97	-9.173	2.730	1.536
221	-9.173	2.730	1.536
1133	-9.168	2.675	1.536
183	-9.161	2.736	1.535
1100	-9.161	2.736	1.535
115	-9.161	2.736	1.535
205	-9.161	2.737	1.535
310	-9.161	2.736	1.753
510	-9.161	2.736	1.753
514	-9.161	2.736	1.753
180	-9.160	2.740	1.753
596	-9.157	2.737	1.555
604	-9.157	2.738	1.555
625	-9.157	2.736	1.760
665	-9.157	2.736	1.759
672	-9.157	2.737	1.759
676	-9.157	2.736	1.759
679	-9.157	2.737	1.759
682	-9.157	2.736	1.759
698	-9.157	2.737	1.759
960	-9.153	2.737	1.759
733	-9.153	2.736	1.759
825	-9.151	2.737	1.759
556	-9.133	2.763	0.041
1121	-8.947	1.780	1.547
1131	-8.947	1.780	1.547
1403	-8.946	1.780	1.547
1201	-8.896	1.776	7.501
1097	-8.895	1.776	7.501
1145	-8.895	1.776	7.500
1358	-8.895	1.776	7.500
1115	-8.895	1.777	7.500
134	-8.894	1.776	2.194
177	-8.894	1.776	2.194
581	-8.894	1.776	7.502
670	-8.893	1.775	6.320
653	-8.890	1.776	6.316
677	-8.890	1.776	6.579
689	-8.890	1.776	6.579
833	-8.890	1.775	3.099
952	-8.890	1.775	3.097
151	-8.889	1.775	12.553
313	-8.889	1.775	12.553
321	-8.889	1.775	12.553
817	-8.889	1.775	12.553
835	-8.889	1.775	12.553
988	-8.889	1.775	12.553
156	-8.889	1.775	9.475
327	-8.889	1.775	9.475
504	-8.889	1.775	9.475
570	-8.889	1.775	9.475
75	-8.888	1.769	9.475
108	-8.888	1.775	9.475
1063	-8.887	1.777	9.475
508	-8.887	1.776	9.475
741	-8.887	1.776	9.475
777	-8.887	1.776	9.475
793	-8.887	1.776	9.475
806	-8.887	1.776	9.475
842	-8.887	1.776	9.475
848	-8.887	1.776	9.475
900	-8.887	1.776	9.475
903	-8.887	1.776	9.475
938	-8.887	1.776	9.475
941	-8.887	1.776	9.475
949	-8.887	1.776	9.475
955	-8.887	1.776	9.475
1011	-8.887	1.776	9.475
1018	-8.887	1.776	9.475
1021	-8.887	1.776	9.475
1103	-8.887	1.777	9.471
1038	-8.887	1.776	12.537
1046	-8.887	1.776	12.529
1056	-8.887	1.776	12.819
1061	-8.887	1.776	12.819
1070	-8.887	1.776	12.819
1075	-8.887	1.776	12.819
1084	-8.887	1.776	12.820
1085	-8.887	1.776	9.051
1088	-8.887	1.776	6.973
1089	-8.887	1.776	6.973
1093	-8.887	1.776	6.973
1095	-8.887	1.776	6.973
132	-8.886	1.777	6.973
972	-8.886	1.777	6.973
352	-8.886	1.776	6.973
381	-8.886	1.777	6.973
945	-8.886	1.776	6.973
975	-8.886	1.776	6.973
978	-8.886	1.776	6.973
979	-8.886	1.776	6.973
986	-8.886	1.776	6.973
997	-8.886	1.776	6.973
826	-8.657	1.620	11.770
880	-8.651	1.617	7.361
227	-8.634	2.997	7.362
925	-8.574	2.700	7.362
283	-8.558	2.626	0.000
430	-8.557	2.626	7.362
893	-8.555	2.624	7.362
382	-8.555	2.625	7.362
158	-8.554	2.624	7.362
213	-8.554	2.624	7.362
216	-8.554	2.624	7.362
617	-8.553	2.625	7.362
622	-8.553	2.625	7.444
696	-8.553	2.625	7.443
663	-8.553	2.625	7.445
964	-8.549	2.626	7.444
1033	-8.549	2.625	23.956
1073	-8.549	2.625	23.956
295	-8.548	2.626	23.956
772	-8.548	2.626	23.956
774	-8.548	2.626	23.956
820	-8.548	2.626	23.959
846	-8.548	2.626	23.959
850	-8.548	2.626	23.959
853	-8.548	2.626	23.974
859	-8.548	2.626	7.259
866	-8.548	2.626	7.259
890	-8.548	2.626	23.980
892	-8.548	2.626	23.981
895	-8.548	2.626	12.033
939	-8.548	2.626	12.035
950	-8.548	2.626	7.484
1012	-8.548	2.626	7.484
528	-8.547	2.626	7.484
489	-8.534	2.627	7.484
858	-8.531	2.611	7.484
15	-8.524	2.623	7.484
1039	-8.389	2.720	1.760
693	-8.285	3.624	1.759
473	-8.284	3.623	1.759
661	-8.284	3.628	1.759
775	-8.284	3.628	1.759
30	-8.283	3.620	1.759
71	-8.283	3.627	0.041
85	-8.283	3.627	0.086
245	-8.283	3.627	1.548
255	-8.283	3.627	1.547
771	-8.283	3.627	1.547
83	-8.283	3.627	1.547
103	-8.283	3.627	7.501
199	-8.283	3.626	7.501
233	-8.283	3.627	7.501
133	-8.283	3.626	7.500
45	-8.283	3.644	7.500
1034	-8.279	3.627	7.500
1060	-8.279	3.629	2.194
711	-8.278	3.625	2.194
652	-8.278	3.626	7.502
680	-8.278	3.626	6.320
718	-8.278	3.626	6.316
681	-8.278	3.629	6.579
911	-8.278	3.627	6.579
957	-8.278	3.628	3.099
746	-8.278	3.630	3.097
204	-8.278	3.634	12.553
954	-8.277	3.625	12.553
1005	-8.277	3.624	12.553
884	-8.277	3.628	12.553
206	-8.277	3.627	12.553
809	-8.277	3.628	12.553
918	-8.277	3.626	9.475
935	-8.277	3.626	9.475
1000	-8.277	3.628	9.475
742	-8.277	3.631	9.475
372	-8.277	3.631	9.475
752	-8.277	3.629	9.475
856	-8.277	3.628	9.475
994	-8.277	3.630	9.475
1015	-8.277	3.630	9.475
482	-8.233	2.724	9.475
209	-8.170	1.995	9.475
901	-8.170	1.995	9.475
944	-8.067	2.768	6.973
966	-8.067	2.667	6.973
829	-8.062	2.825	6.973
46	-8.062	2.645	6.973
193	-8.061	2.618	6.974
738	-8.040	2.768	7.361
765	-8.039	2.772	7.362
767	-8.039	2.756	7.362
724	-8.039	2.731	7.362
717	-8.033	2.772	7.362
654	-8.032	2.620	7.362
917	-8.031	2.758	7.362
1473	-8.026	2.707	7.362
637	-8.024	2.577	7.362
1538	-8.020	3.005	7.362
1141	-8.018	2.674	7.362
1013	-8.017	2.660	7.444
1059	-8.006	2.317	7.443
1	-7.994	2.718	7.445
1533	-7.993	3.110	7.444
13	-7.993	2.770	23.956
968	-7.992	2.713	23.956
981	-7.991	2.709	23.956
560	-7.988	2.705	23.956
562	-7.988	2.682	23.956
687	-7.987	2.679	23.959
668	-7.987	2.685	23.959
1137	-7.987	2.671	23.959
700	-7.987	2.679	23.974
794	-7.986	2.706	7.259
28	-7.986	2.702	7.259
1090	-7.986	2.701	23.980
930	-7.986	2.692	23.981
840	-7.986	2.679	12.034
956	-7.986	2.678	12.035
758	-7.986	2.671	7.484
776	-7.986	2.657	7.484
1091	-7.986	2.651	7.484
984	-7.985	2.630	7.484
886	-7.985	2.649	7.484
927	-7.984	2.728	7.484
745	-7.984	2.529	7.484
874	-7.984	2.667	7.484
891	-7.982	2.733	7.484
336	-7.982	2.700	7.484
1007	-7.982	2.613	7.484
867	-7.982	2.677	7.484
448	-7.981	2.933	7.484
713	-7.981	2.641	7.484
641	-7.980	2.448	7.484
1077	-7.977	2.520	7.484
931	-7.976	2.552	5.922
7	-7.973	2.405	23.434
894	-7.973	2.518	22.572
810	-7.969	2.195	0.928
910	-7.968	2.728	0.928
1044	-7.967	3.559	0.928
1082	-7.967	3.559	0.928
22	-7.967	3.559	0.928
23	-7.967	3.559	0.928
24	-7.967	3.559	0.928
38	-7.967	3.559	0.001
40	-7.967	3.559	0.001
55	-7.967	3.559	0.001
65	-7.967	3.559	0.001
99	-7.967	3.559	0.079
106	-7.967	3.559	1.536
120	-7.967	3.559	1.536
122	-7.967	3.559	1.536
125	-7.967	3.559	1.536
135	-7.967	3.559	1.536
167	-7.967	3.559	1.535
168	-7.967	3.559	1.535
190	-7.967	3.559	1.535
257	-7.967	3.559	1.536
348	-7.967	3.559	1.753
420	-7.967	3.559	1.753
493	-7.967	3.559	1.753
543	-7.967	3.559	1.753
558	-7.967	3.559	1.555
568	-7.967	3.559	1.555
579	-7.967	3.559	1.761
773	-7.967	3.559	1.759
788	-7.967	3.559	1.759
789	-7.967	3.559	1.759
805	-7.967	3.559	1.759
813	-7.967	3.559	1.759
953	-7.967	3.559	1.759
1002	-7.967	3.559	1.759
51	-7.966	3.559	0.086
110	-7.966	3.559	1.548
443	-7.966	3.559	1.548
576	-7.966	3.559	1.547
162	-7.960	3.560	7.502
539	-7.960	3.561	7.501
1107	-7.960	3.561	7.501
712	-7.958	3.560	9.475
815	-7.958	3.561	9.475
904	-7.958	3.561	9.475
1020	-7.958	3.561	9.475
1042	-7.958	3.561	9.475
1140	-7.958	3.561	9.475
1146	-7.958	3.561	9.475
976	-7.919	3.122	9.475
268	-7.917	3.102	9.475
464	-7.917	3.112	9.475
538	-7.890	3.230	9.475
323	-7.810	3.941	23.980
414	-7.688	3.763	0.001
1045	-7.685	1.762	0.001
760	-7.291	2.460	7.484
385	-7.265	3.871	7.484
52	-7.264	3.872	7.484
10	-7.239	3.893	0.928
14	-7.239	3.893	0.928
