1474	-7.571	0.000	1.760
1632	-7.571	0.001	1.760
1213	-7.571	0.002	1.760
1271	-7.571	0.002	1.759
1323	-7.571	0.001	1.759
1406	-7.571	0.001	1.759
1464	-7.571	0.002	1.759
1570	-7.570	0.011	1.759
1430	-7.570	0.001	0.041
1342	-7.570	0.002	0.086
1216	-7.570	0.002	1.548
1425	-7.570	0.002	1.547
1513	-7.570	0.002	1.547
1568	-7.570	0.002	1.547
1416	-7.570	0.005	7.502
1574	-7.570	0.003	7.501
1361	-7.570	0.019	7.501
1610	-7.560	0.124	7.501
1600	-7.556	0.126	7.501
1240	-7.535	0.068	2.194
1227	-7.535	0.068	2.194
1439	-7.535	0.066	7.502
1621	-7.535	0.065	6.321
1630	-7.535	0.065	6.316
1498	-7.535	0.066	6.579
1234	-7.535	0.065	6.579
1339	-7.534	0.069	3.099
1304	-7.534	0.065	3.097
1374	-7.534	0.066	12.553
1555	-7.534	0.065	12.553
1165	-7.534	0.065	12.553
1189	-7.534	0.065	12.553
1280	-7.534	0.063	12.553
1365	-7.534	0.065	12.553
1386	-7.534	0.065	9.475
1420	-7.534	0.064	9.475
1163	-7.534	0.062	9.475
1539	-7.534	0.060	9.475
1433	-7.387	3.669	7.484
1221	-7.381	3.649	7.484
1594	-7.256	0.031	7.484
1295	-7.254	0.033	7.484
1398	-7.253	0.031	7.484
1259	-7.253	0.040	7.484
1545	-7.252	0.032	5.922
1376	-7.238	0.100	0.928
1315	-7.232	0.102	0.928
1188	-7.232	0.104	0.001
1419	-7.229	0.110	0.001
1180	-7.157	2.574	7.500
1314	-7.157	2.574	7.500
1353	-7.157	2.574	2.194
1410	-7.157	2.574	2.194
1287	-7.136	2.527	7.502
1148	-7.125	3.107	6.320
1204	-7.125	3.109	6.316
1212	-7.125	3.109	6.579
1438	-7.125	3.110	6.579
1617	-7.125	3.108	3.099
1217	-7.125	3.107	3.097
1317	-7.125	3.107	12.551
1364	-7.125	3.107	12.551
1441	-7.125	3.106	12.551
1199	-7.124	3.107	12.551
1341	-7.097	2.833	12.551
1412	-7.097	2.833	12.551
1602	-7.097	2.833	9.479
1161	-7.077	3.116	9.479
1236	-7.077	3.116	9.479
1197	-7.076	3.116	9.479
1456	-7.017	2.321	9.475
1238	-7.016	2.320	12.536
1167	-7.016	2.321	12.527
1171	-7.016	2.320	12.818
1155	-7.016	2.321	12.818
1178	-7.016	2.322	12.818
1219	-7.016	2.324	12.818
1223	-6.983	2.145	6.977
1446	-6.983	2.145	6.977
1504	-6.983	2.145	6.977
1547	-6.983	2.145	6.977
1587	-6.983	2.145	6.977
1627	-6.983	2.145	6.977
1426	-6.982	2.145	6.977
1428	-6.982	2.145	6.978
1578	-6.982	2.145	6.978
1397	-6.981	2.145	6.978
1325	-6.981	2.145	6.978
1625	-6.979	3.500	6.978
1562	-6.979	3.500	6.978
1320	-6.970	2.144	11.774
1405	-6.970	2.144	11.777
1590	-6.970	2.144	7.365
1442	-6.970	2.144	7.366
1231	-6.954	2.575	7.366
1541	-6.954	2.575	7.366
1564	-6.953	2.576	7.366
1461	-6.953	2.575	7.366
1467	-6.953	2.574	7.366
1508	-6.953	2.574	7.366
1558	-6.953	2.574	7.366
1182	-6.953	2.575	7.366
1404	-6.953	2.575	7.366
1432	-6.953	2.575	7.366
1566	-6.953	2.575	7.366
1616	-6.953	2.575	7.448
1620	-6.953	2.575	7.448
1272	-6.933	1.619	7.449
1282	-6.933	1.619	23.960
1306	-6.933	1.619	23.960
1350	-6.933	1.619	23.960
1359	-6.933	1.619	23.960
1556	-6.933	1.619	23.960
1584	-6.933	1.619	23.962
1607	-6.933	1.619	23.963
1612	-6.933	1.619	23.963
1309	-6.917	0.799	23.984
1348	-6.909	0.700	23.985
1266	-6.907	3.123	12.038
1322	-6.907	3.123	12.039
1344	-6.907	3.123	7.487
1623	-6.907	3.123	7.487
1608	-6.906	3.123	7.487
1475	-6.906	3.123	7.487
1575	-6.906	3.123	7.487
1310	-6.896	2.838	7.487
1624	-6.887	2.836	7.487
1311	-6.887	2.836	7.487
1319	-6.887	2.835	7.487
1494	-6.887	2.836	7.487
1505	-6.887	2.836	7.487
1529	-6.887	2.835	7.487
1605	-6.887	2.836	7.487
1615	-6.887	2.836	7.487
1482	-6.887	2.837	7.487
1468	-6.886	2.836	7.487
1444	-6.874	0.786	5.926
1191	-6.856	3.135	23.438
1338	-6.856	3.135	22.575
1355	-6.855	3.135	0.922
1399	-6.855	3.135	0.922
1448	-6.854	2.144	0.922
1157	-6.853	2.144	0.922
1162	-6.853	2.144	0.922
1222	-6.853	2.144	0.922
1225	-6.853	2.144	0.922
1481	-6.853	2.144	0.007
1156	-6.853	2.144	0.008
1147	-6.853	2.144	0.006
1149	-6.853	2.143	0.007
1151	-6.853	2.144	0.085
1198	-6.853	2.144	1.539
1207	-6.853	2.144	1.539
1265	-6.853	2.143	1.539
1284	-6.853	2.143	1.539
1183	-6.853	2.144	1.539
1210	-6.853	2.144	1.539
1248	-6.853	2.144	1.539
1334	-6.852	2.144	1.539
1536	-6.852	2.144	1.539
1537	-6.852	2.144	1.755
1351	-6.852	2.142	1.755
1390	-6.852	2.148	1.755
1307	-6.852	2.144	1.755
1193	-6.852	3.133	1.559
1261	-6.852	3.132	1.559
1267	-6.852	3.132	1.762
1270	-6.852	3.132	1.761
1347	-6.852	3.132	1.761
1414	-6.852	3.133	1.761
1421	-6.852	3.133	1.761
1530	-6.852	3.133	1.761
1546	-6.852	3.133	1.761
1195	-6.852	3.133	1.761
1209	-6.852	3.133	1.761
1249	-6.852	3.133	1.761
1375	-6.852	3.133	0.041
1383	-6.852	3.134	0.092
1595	-6.852	3.134	1.551
1495	-6.852	3.133	1.551
1298	-6.851	2.144	1.550
1604	-6.851	2.144	1.551
1401	-6.851	2.145	7.506
1206	-6.851	2.144	7.506
1269	-6.851	2.145	7.505
1230	-6.851	2.144	7.505
1194	-6.851	2.144	7.505
1331	-6.851	3.133	7.505
1400	-6.851	3.133	2.195
1396	-6.851	3.133	2.195
1226	-6.851	3.132	7.506
1408	-6.851	3.133	6.324
1524	-6.851	3.133	6.319
1606	-6.851	3.133	6.582
1153	-6.851	3.132	6.581
1173	-6.851	3.132	3.103
1175	-6.851	3.132	3.101
1275	-6.851	3.133	12.553
1294	-6.851	3.132	12.553
1296	-6.851	3.132	12.553
1369	-6.851	3.132	12.553
1496	-6.851	3.132	12.553
1557	-6.851	3.133	12.553
1609	-6.851	3.133	9.475
1393	-6.849	2.144	9.475
1378	-6.849	2.144	9.475
1343	-6.849	2.144	9.475
1243	-6.849	2.144	9.475
1395	-6.849	2.144	9.475
1571	-6.848	2.143	9.475
1291	-6.846	2.146	9.475
1435	-6.846	3.132	9.475
73	-6.838	2.144	9.475
302	-6.838	2.144	9.475
1196	-6.838	2.144	9.475
1245	-6.833	2.319	9.475
1356	-6.832	2.318	9.475
1387	-6.832	2.318	9.475
1458	-6.832	2.318	9.475
1462	-6.832	2.319	9.475
1478	-6.832	2.319	9.475
1318	-6.832	2.318	9.475
1418	-6.832	2.321	9.475
1366	-6.786	1.609	9.475
1411	-6.785	1.609	9.475
1328	-6.784	1.609	9.471
1567	-6.766	2.629	12.537
1487	-6.765	2.629	12.529
1443	-6.764	2.630	12.819
1534	-6.763	2.630	12.819
1489	-6.763	2.630	12.819
1384	-6.762	2.631	12.819
1440	-6.761	2.631	12.820
1394	-6.761	2.645	9.051
1250	-6.760	2.632	6.973
1447	-6.759	0.739	6.973
1172	-6.742	2.324	6.973
1160	-6.742	2.327	6.973
1254	-6.711	1.722	6.973
1502	-6.711	1.722	6.973
1493	-6.711	2.675	6.973
1601	-6.710	1.723	6.973
1402	-6.710	1.723	6.973
1335	-6.709	1.723	6.973
1289	-6.708	1.723	6.973
1511	-6.706	1.724	6.973
1273	-6.690	1.649	6.973
1391	-6.690	1.648	6.974
1476	-6.689	1.648	11.771
1247	-6.688	1.737	11.770
1313	-6.688	1.737	11.772
1434	-6.688	1.737	7.361
1179	-6.671	2.148	7.361
1276	-6.646	1.462	7.362
1413	-6.612	2.158	7.361
1415	-6.612	2.158	7.361
1517	-6.612	2.158	7.361
1519	-6.612	2.158	7.362
1551	-6.612	2.158	7.444
1579	-6.612	2.158	7.443
1619	-6.612	2.158	7.445
1514	-6.610	3.042	7.444
1239	-6.554	2.515	23.956
1262	-6.554	2.515	23.956
1392	-6.554	2.515	23.956
1177	-6.554	2.515	23.956
1544	-6.550	3.686	7.259
1349	-6.550	3.686	7.259
1484	-6.549	3.686	23.980
1185	-6.549	3.680	23.981
1423	-6.547	1.641	7.484
1228	-6.547	1.643	7.484
1303	-6.547	1.641	7.484
1290	-6.547	1.641	7.484
1572	-6.546	1.643	7.484
1332	-6.541	1.628	7.484
1389	-6.540	2.321	7.484
1486	-6.540	2.323	7.484
1424	-6.540	2.627	7.484
1618	-6.540	2.627	7.484
1500	-6.537	2.309	7.484
1527	-6.535	2.313	5.922
1525	-6.535	2.324	23.434
230	-6.535	1.638	22.572
1451	-6.529	2.514	0.928
84	-6.497	1.495	1.759
311	-6.497	1.495	1.759
1305	-6.483	3.600	7.500
1586	-6.483	3.600	7.500
1427	-6.483	3.600	7.500
1526	-6.483	3.600	7.500
1577	-6.483	3.600	2.194
1152	-6.462	3.071	2.194
1154	-6.462	3.071	7.502
1169	-6.462	3.072	6.320
1174	-6.462	3.072	6.316
1252	-6.462	3.072	6.579
1522	-6.448	1.740	6.579
1417	-6.447	1.741	3.098
1268	-6.438	2.792	9.475
1164	-6.417	3.080	12.819
1202	-6.417	3.080	12.819
1218	-6.404	2.287	12.819
1316	-6.403	2.630	12.820
1540	-6.403	2.630	9.051
1246	-6.397	2.625	6.973
1491	-6.397	2.624	6.973
1497	-6.397	2.625	6.973
1549	-6.397	2.627	6.973
1585	-6.390	2.812	6.973
1312	-6.390	2.813	6.973
1257	-6.388	3.418	6.973
1521	-6.388	3.423	6.973
1327	-6.387	3.732	6.973
1613	-6.387	3.732	6.973
1631	-6.387	3.732	6.973
1492	-6.372	2.233	6.973
1463	-6.366	2.237	6.973
1308	-6.362	3.070	6.973
1422	-6.362	3.069	6.973
1548	-6.361	3.069	6.973
1283	-6.361	3.070	6.973
1488	-6.361	3.070	6.973
1208	-6.361	3.211	6.974
1285	-6.361	3.211	11.771
1436	-6.360	3.211	11.770
1454	-6.353	3.191	11.772
1377	-6.332	3.186	7.361
1450	-6.332	3.186	7.361
1186	-6.325	3.082	7.361
1187	-6.325	3.082	7.361
1215	-6.325	3.082	7.361
1232	-6.325	3.082	7.361
1520	-6.323	3.143	7.361
1229	-6.318	3.089	7.361
1203	-6.314	2.346	7.361
1214	-6.314	2.353	7.361
1597	-6.314	2.348	7.362
1388	-6.310	3.080	7.444
1542	-6.310	2.271	7.443
1184	-6.309	3.080	7.445
1510	-6.309	3.080	7.444
1158	-6.309	3.080	23.956
1159	-6.309	3.080	23.956
1166	-6.309	3.080	23.956
1274	-6.309	3.080	23.956
1278	-6.309	3.080	23.956
1292	-6.309	3.080	23.958
1337	-6.309	3.080	23.959
1479	-6.309	3.080	23.958
1552	-6.309	3.080	23.973
1455	-6.309	3.080	7.259
1336	-6.309	3.074	7.259
1506	-6.309	2.809	23.980
1569	-6.308	2.810	23.981
1471	-6.308	2.810	12.033
1563	-6.308	2.810	12.035
1379	-6.308	2.664	7.484
1329	-6.308	2.667	7.484
1518	-6.308	2.670	7.484
1345	-6.308	2.675	7.484
1535	-6.308	2.673	7.484
1300	-6.298	2.301	7.484
1326	-6.291	3.866	7.484
1611	-6.289	2.293	7.484
1588	-6.288	3.868	7.484
1264	-6.275	2.616	7.484
1629	-6.266	2.155	7.484
1626	-6.266	2.112	7.484
1253	-6.266	2.829	7.484
1346	-6.266	2.828	7.484
1381	-6.266	2.829	7.484
1445	-6.266	2.829	7.484
1457	-6.266	2.829	5.922
1466	-6.266	2.829	23.434
1501	-6.266	2.829	22.571
1503	-6.266	2.829	0.928
1550	-6.266	2.829	0.928
1593	-6.266	2.829	0.928
1603	-6.266	2.829	0.928
1622	-6.266	2.829	0.928
1560	-6.265	2.829	0.928
1573	-6.265	2.829	0.928
1561	-6.262	2.297	0.000
1437	-6.261	2.829	0.001
1190	-6.247	3.106	0.001
1288	-6.243	2.690	0.001
154	-6.234	2.273	0.079
1372	-6.213	3.530	1.536
1242	-6.207	2.233	1.535
1340	-6.190	3.242	1.535
1277	-6.133	2.398	1.555
1592	-6.128	3.278	1.760
1581	-6.111	3.341	1.759
1150	-6.103	2.484	1.759
1596	-6.100	3.663	1.759
1321	-6.100	3.670	1.759
1409	-6.099	3.645	1.759
1523	-6.099	3.672	1.759
1357	-6.099	3.672	1.759
1352	-6.099	3.666	1.759
1515	-6.099	3.665	0.041
1449	-6.099	3.670	0.086
1255	-6.098	3.676	1.548
1598	-6.098	3.669	1.547
1370	-6.093	3.685	7.500
1382	-6.087	3.742	7.500
1429	-6.074	3.725	2.194
1634	-6.074	3.726	2.194
1263	-6.074	3.727	7.502
1589	-6.074	3.729	6.320
1554	-6.073	3.686	6.316
1168	-6.073	3.727	6.579
1354	-6.073	3.732	6.579
1367	-6.073	3.735	3.098
1460	-6.042	2.515	12.572
1453	-6.021	3.483	9.416
1251	-6.013	3.610	9.416
1477	-6.012	3.628	9.416
1333	-6.012	3.587	9.416
1176	-5.997	3.614	9.416
1528	-5.920	3.484	9.416
1580	-5.836	3.449	9.416
1472	-5.817	3.455	9.416
1256	-5.816	3.452	9.416
1480	-5.816	3.455	9.416
1368	-5.816	3.453	9.416
1211	-5.814	3.475	9.416
1324	-5.620	2.596	6.914
1220	-5.569	3.468	6.914
1224	-5.569	3.467	6.914
1233	-5.569	3.467	6.914
1205	-5.568	3.468	6.914
1553	-5.568	3.469	6.914
1192	-5.568	3.466	6.914
1371	-5.568	3.467	6.914
1431	-5.568	3.468	6.914
1559	-5.568	3.469	6.914
1181	-5.564	3.470	6.914
1299	-5.553	3.466	6.914
203	-5.551	3.465	6.914
178	-5.551	2.985	11.713
1286	-5.417	2.868	7.297
1452	-5.417	2.868	7.297
1483	-5.417	2.868	7.297
1576	-5.415	2.866	7.297
1281	-5.410	2.865	7.297
1512	-5.409	2.865	7.297
1516	-5.409	2.864	7.297
1565	-5.409	2.865	7.297
1235	-5.409	2.865	7.297
