908	-8.087	0.000	9.475
919	-8.087	0.000	9.475
608	-8.082	0.001	9.475
636	-8.082	0.001	9.475
747	-8.082	0.001	9.472
89	-8.081	0.001	12.537
234	-8.081	0.001	12.528
265	-8.081	0.001	12.819
278	-8.081	0.001	12.819
393	-8.081	0.001	12.819
475	-8.081	0.001	12.819
577	-8.081	0.001	12.820
754	-8.081	0.001	9.051
42	-8.056	1.244	6.973
202	-8.056	1.243	6.973
673	-8.056	1.243	6.973
34	-8.056	1.243	6.973
67	-8.056	1.242	6.973
70	-8.056	1.243	6.973
72	-8.056	1.243	6.973
86	-8.056	1.242	6.973
861	-8.056	1.242	6.974
93	-8.055	1.241	6.973
94	-8.055	1.243	6.974
452	-8.054	1.260	6.974
1008	-8.050	1.241	6.974
725	-7.966	1.284	1.759
731	-7.966	1.284	1.759
1092	-7.966	1.284	0.041
9	-7.960	1.285	1.548
640	-7.960	1.285	7.502
471	-7.959	1.280	7.501
68	-7.959	1.285	7.501
100	-7.959	1.285	2.194
157	-7.959	1.285	2.194
182	-7.959	1.285	7.502
188	-7.959	1.285	6.321
189	-7.959	1.285	6.316
194	-7.959	1.285	6.579
214	-7.959	1.293	6.579
224	-7.959	1.285	3.099
260	-7.959	1.285	3.097
369	-7.959	1.284	12.553
390	-7.959	1.285	12.553
417	-7.959	1.285	12.553
432	-7.959	1.285	12.553
435	-7.959	1.285	12.553
536	-7.959	1.285	12.553
1035	-7.883	2.670	9.475
290	-7.882	2.670	9.475
41	-7.881	2.670	9.475
262	-7.881	2.670	9.475
272	-7.881	2.670	9.475
444	-7.881	2.670	9.475
527	-7.881	2.670	9.475
851	-7.881	2.670	9.475
48	-7.881	2.670	9.475
49	-7.881	2.670	9.475
368	-7.881	2.670	9.475
440	-7.881	2.670	9.471
969	-7.881	2.670	12.537
285	-7.881	2.670	12.529
16	-7.880	2.670	12.819
289	-7.875	2.635	12.819
467	-7.875	2.637	12.819
487	-7.875	2.644	12.819
19	-7.875	2.646	12.820
306	-7.875	2.641	9.051
375	-7.875	2.637	6.973
153	-7.875	2.634	6.973
370	-7.875	2.636	6.973
513	-7.875	2.637	6.973
17	-7.875	2.628	6.973
25	-7.875	2.630	6.973
32	-7.875	2.631	6.973
33	-7.875	2.629	6.973
35	-7.875	2.630	6.973
76	-7.875	2.630	6.973
92	-7.875	2.631	6.973
111	-7.875	2.632	6.973
112	-7.875	2.630	6.973
139	-7.875	2.629	6.973
140	-7.875	2.632	6.973
200	-7.875	2.631	6.973
226	-7.875	2.632	6.973
242	-7.875	2.629	6.973
248	-7.875	2.632	6.973
258	-7.875	2.629	6.973
288	-7.875	2.632	6.974
316	-7.875	2.631	11.771
358	-7.875	2.628	11.771
388	-7.875	2.630	11.773
433	-7.875	2.632	7.361
481	-7.875	2.632	7.362
498	-7.875	2.630	7.362
533	-7.875	2.630	7.362
541	-7.875	2.632	7.362
547	-7.875	2.630	7.362
56	-7.875	2.631	7.362
137	-7.875	2.643	7.362
529	-7.875	2.625	7.362
535	-7.875	2.619	7.362
29	-7.875	2.627	7.362
60	-7.875	2.626	7.362
98	-7.875	2.627	7.362
104	-7.875	2.627	7.444
160	-7.875	2.627	7.443
428	-7.875	2.622	7.445
512	-7.875	2.620	7.444
287	-7.874	2.651	23.956
163	-7.874	2.655	23.956
561	-7.874	2.644	23.956
20	-7.874	2.631	23.956
312	-7.874	2.628	23.956
277	-7.874	2.640	23.959
466	-7.873	2.679	23.959
977	-7.748	1.237	23.981
284	-7.730	2.028	12.035
39	-7.713	1.755	7.484
64	-7.713	1.755	7.484
78	-7.713	1.755	7.484
81	-7.713	1.755	7.484
113	-7.713	1.755	7.484
119	-7.713	1.755	7.484
124	-7.713	1.755	7.484
142	-7.713	1.755	7.484
171	-7.713	1.755	7.484
207	-7.713	1.755	7.484
218	-7.713	1.755	7.484
236	-7.713	1.755	7.484
238	-7.713	1.755	7.484
279	-7.713	1.755	7.484
297	-7.713	1.755	7.484
356	-7.713	1.755	7.484
362	-7.713	1.755	5.922
363	-7.713	1.755	23.434
379	-7.713	1.755	22.571
389	-7.713	1.755	0.928
412	-7.713	1.755	0.928
426	-7.713	1.755	0.928
436	-7.713	1.755	0.928
442	-7.713	1.755	0.928
478	-7.713	1.755	0.928
516	-7.713	1.755	0.928
12	-7.712	1.755	0.001
864	-7.707	1.756	0.001
309	-7.662	2.864	0.079
520	-7.662	2.865	1.536
580	-7.662	2.865	1.536
344	-7.662	2.865	1.536
401	-7.662	2.865	1.536
545	-7.662	2.865	1.536
871	-7.662	2.863	1.535
43	-7.661	2.865	1.535
374	-7.655	2.875	1.535
523	-7.606	1.541	1.753
114	-7.605	1.543	1.555
308	-7.605	1.541	1.555
943	-7.605	1.543	1.761
373	-7.603	1.535	1.760
578	-7.537	2.464	7.501
537	-7.532	2.464	9.475
66	-7.448	2.725	9.475
79	-7.448	2.725	9.475
143	-7.448	2.725	9.475
144	-7.448	2.725	9.475
152	-7.448	2.725	9.475
174	-7.448	2.725	9.475
192	-7.448	2.725	9.475
195	-7.448	2.725	9.475
215	-7.448	2.725	9.475
217	-7.448	2.725	9.475
280	-7.448	2.725	9.475
282	-7.448	2.725	9.475
322	-7.448	2.725	9.475
326	-7.448	2.725	9.475
331	-7.448	2.725	9.475
360	-7.448	2.725	9.475
378	-7.448	2.725	9.475
391	-7.448	2.725	9.475
398	-7.448	2.725	9.472
405	-7.448	2.725	12.537
427	-7.448	2.725	12.529
438	-7.448	2.725	12.819
450	-7.448	2.725	12.819
458	-7.448	2.725	12.819
468	-7.448	2.725	12.819
474	-7.448	2.725	12.820
491	-7.448	2.725	9.051
503	-7.448	2.725	6.973
526	-7.448	2.725	6.973
559	-7.448	2.725	6.973
564	-7.448	2.725	6.973
565	-7.448	2.725	6.974
11	-7.447	2.725	6.973
678	-7.447	2.726	6.973
730	-7.447	2.725	6.973
875	-7.447	2.725	6.973
244	-7.402	2.606	6.973
486	-7.402	2.607	6.973
59	-7.402	2.609	6.973
58	-7.401	2.604	6.974
483	-7.401	2.606	6.973
31	-7.401	2.605	6.974
161	-7.401	2.604	6.974
353	-7.401	2.604	6.974
365	-7.401	2.606	6.974
496	-7.401	2.603	6.974
367	-7.401	2.603	6.974
96	-7.401	2.608	11.771
408	-7.401	2.609	11.771
431	-7.401	2.611	11.773
222	-7.401	2.608	7.361
231	-7.401	2.607	7.362
281	-7.401	2.605	7.362
340	-7.401	2.607	7.362
396	-7.401	2.607	7.362
441	-7.401	2.607	7.362
449	-7.401	2.608	7.362
484	-7.401	2.607	7.362
502	-7.401	2.608	7.362
518	-7.401	2.606	7.362
557	-7.401	2.608	7.362
582	-7.401	2.607	7.362
225	-7.401	2.606	7.362
332	-7.401	2.606	7.444
544	-7.401	2.605	7.443
36	-7.401	2.612	7.445
54	-7.401	2.611	7.444
299	-7.401	2.612	23.956
219	-7.401	2.609	23.956
337	-7.401	2.609	23.956
404	-7.401	2.610	23.956
53	-7.392	2.609	7.484
865	-7.286	2.847	7.484
239	-7.251	2.542	23.434
159	-7.241	2.515	22.572
5	-7.235	2.513	0.928
8	-7.235	2.513	0.928
786	-7.233	2.509	0.928
129	-7.197	2.458	0.001
47	-7.197	2.459	0.079
361	-7.197	2.459	1.536
410	-7.197	2.459	1.536
109	-7.197	2.458	1.536
169	-7.196	2.458	1.536
223	-7.196	2.457	1.536
252	-7.196	2.457	1.535
342	-7.196	2.457	1.535
480	-7.196	2.458	1.535
274	-7.066	2.490	9.479
507	-7.066	2.490	9.479
26	-7.065	2.788	9.479
44	-7.065	2.787	9.479
184	-7.065	2.788	9.479
456	-7.065	2.788	9.479
402	-7.065	2.788	9.479
208	-6.758	1.997	6.973
