1646	-5.165	0.000	13.045
1647	-5.165	0.000	13.045
1652	-5.165	0.000	8.341
1657	-5.165	0.000	8.341
1668	-5.165	0.000	8.341
1689	-5.165	0.000	8.341
1690	-5.165	0.000	8.341
1691	-5.165	0.000	8.341
1706	-5.165	0.000	8.341
1713	-5.165	0.000	8.341
1723	-5.165	0.000	8.341
1725	-5.165	0.000	8.341
1730	-5.165	0.000	8.341
1733	-5.165	0.000	8.341
1746	-5.165	0.000	8.341
1748	-5.165	0.000	8.341
1752	-5.165	0.000	8.341
1753	-5.165	0.000	8.341
1738	-5.151	0.015	5.761
1741	-5.151	0.015	5.761
1742	-5.151	0.015	5.761
1743	-5.151	0.015	5.761
1754	-5.148	0.020	5.761
1757	-5.148	0.020	5.761
1700	-5.148	0.020	5.761
1702	-5.148	0.020	5.761
1703	-5.148	0.020	5.761
1711	-5.148	0.020	5.761
1715	-5.148	0.020	5.761
1716	-5.148	0.020	5.761
1717	-5.148	0.020	5.761
1747	-5.148	0.020	5.744
1758	-5.148	0.020	10.725
1710	-5.044	0.041	6.095
1650	-4.454	1.478	13.045
1654	-4.449	1.448	8.340
1291	-4.362	1.593	22.800
1737	-3.871	2.142	0.000
1701	-3.865	2.152	6.380
1675	-3.864	2.152	6.377
1676	-3.864	2.152	6.377
1677	-3.864	2.152	6.376
