719	-4.898	0.000	12.239
1062	-4.896	0.026	9.383
1120	-4.895	0.026	9.383
1051	-4.892	0.024	9.383
811	-4.870	0.657	9.383
760	-4.865	0.658	9.383
798	-4.865	0.658	9.383
799	-4.865	0.658	9.383
819	-4.865	0.658	9.383
836	-4.865	0.658	9.383
837	-4.865	0.658	9.383
839	-4.865	0.658	9.383
953	-4.865	0.658	11.502
957	-4.865	0.658	11.502
965	-4.865	0.658	9.355
973	-4.865	0.658	9.354
1028	-4.865	0.658	11.489
742	-4.865	0.658	5.222
871	-4.865	0.658	9.424
927	-4.865	0.658	9.051
929	-4.865	0.658	9.050
1065	-4.865	0.658	9.051
765	-4.864	0.022	9.037
1037	-4.864	0.022	9.037
1100	-4.864	0.022	9.037
1149	-4.864	0.021	9.037
793	-4.864	0.658	8.918
909	-4.864	0.658	8.918
914	-4.864	0.658	9.213
917	-4.864	0.658	9.213
918	-4.864	0.658	9.203
784	-4.863	0.021	9.203
791	-4.863	0.022	9.203
833	-4.863	0.022	9.203
843	-4.863	0.022	9.203
850	-4.863	0.022	9.957
860	-4.863	0.021	9.957
861	-4.863	0.022	9.329
966	-4.863	0.022	10.840
969	-4.863	0.022	10.483
976	-4.863	0.022	8.577
980	-4.863	0.022	10.045
1000	-4.863	0.022	0.131
1015	-4.863	0.021	15.849
1027	-4.863	0.022	15.849
1032	-4.863	0.021	15.849
1138	-4.863	0.022	15.849
902	-4.863	0.022	15.849
911	-4.863	0.022	15.856
938	-4.863	0.022	15.856
939	-4.863	0.022	15.856
1121	-4.863	0.022	15.856
1125	-4.863	0.022	15.856
709	-4.832	0.662	15.856
710	-4.832	0.662	15.847
597	-4.832	0.662	15.853
796	-4.832	0.662	1.434
951	-4.832	0.662	0.000
815	-4.831	0.662	0.026
972	-4.831	0.662	0.022
982	-4.831	0.662	0.022
1030	-4.831	0.662	0.022
1057	-4.831	0.662	0.022
1067	-4.831	0.662	0.022
1109	-4.831	0.662	0.022
1139	-4.831	0.662	15.280
801	-4.831	0.662	15.280
1066	-4.831	0.662	15.280
727	-4.819	1.616	1.725
667	-4.816	1.618	1.725
842	-4.815	1.618	1.725
873	-4.815	1.618	1.943
919	-4.815	1.618	1.783
607	-4.792	1.629	1.783
734	-4.791	1.629	1.783
764	-4.791	1.629	1.783
785	-4.791	1.629	1.783
821	-4.791	1.629	1.783
912	-4.791	1.629	1.783
754	-4.790	1.629	1.783
788	-4.790	1.629	1.783
720	-4.766	2.568	1.925
813	-4.766	2.569	1.925
590	-4.766	2.570	1.925
615	-4.766	2.570	1.926
635	-4.766	2.570	14.660
680	-4.766	2.570	2.345
895	-4.766	2.569	6.125
1074	-4.766	2.569	6.125
1079	-4.766	2.569	6.129
589	-4.766	2.570	6.129
637	-4.763	2.574	6.129
1026	-4.557	1.517	7.600
630	-4.460	1.512	9.050
599	-4.443	1.514	9.957
609	-4.443	1.514	9.329
689	-4.443	1.514	10.840
790	-4.442	1.514	9.899
745	-4.374	1.469	0.026
556	-4.374	1.468	0.022
577	-4.374	1.468	0.022
1092	-4.367	1.468	0.022
1054	-4.348	1.475	0.022
1071	-4.348	1.475	0.022
1108	-4.348	1.475	15.280
1078	-4.347	1.470	15.280
699	-3.817	2.271	4.845
822	-3.817	2.271	4.845
823	-3.817	2.271	4.845
755	-3.817	2.271	4.844
998	-3.814	2.175	4.844
1090	-3.814	2.175	3.880
747	-3.814	2.175	3.872
715	-3.813	2.175	12.649
887	-3.802	2.173	6.099
1010	-3.781	1.962	6.099
1119	-3.781	1.962	6.099
721	-3.770	1.960	6.099
1094	-3.757	0.727	6.099
1102	-3.757	0.727	6.101
1106	-3.757	0.727	6.101
937	-3.756	0.727	6.101
865	-3.701	2.390	6.102
687	-3.694	2.304	6.101
688	-3.694	2.304	6.101
695	-3.694	2.304	6.102
725	-3.694	2.304	6.101
806	-3.694	2.304	6.107
916	-3.694	2.304	10.973
975	-3.694	2.304	10.974
987	-3.694	2.304	12.300
1060	-3.694	2.304	12.221
1137	-3.694	2.304	12.221
1145	-3.683	2.140	7.600
1091	-3.682	2.297	7.600
1103	-3.682	2.297	7.601
892	-3.681	2.297	12.224
931	-3.671	2.141	12.224
1134	-3.671	2.141	12.224
746	-3.659	2.290	7.270
946	-3.659	2.291	9.383
1055	-3.652	2.391	9.383
