1903	-15.700	0.000	8.727
1912	-15.607	0.008	8.670
1942	-15.606	0.009	9.472
1943	-15.606	0.009	10.602
1944	-15.606	0.009	8.524
1945	-15.606	0.009	8.524
1926	-15.605	0.009	8.523
1948	-15.604	0.010	8.524
1937	-15.604	0.009	9.804
1951	-15.604	0.009	9.192
1952	-15.604	0.009	9.077
1955	-15.604	0.009	8.453
1956	-15.604	0.009	8.679
1958	-15.604	0.009	9.162
1964	-15.603	0.010	8.418
1965	-15.603	0.010	6.442
1875	-15.588	0.007	8.479
1904	-15.586	0.008	6.108
1918	-15.360	2.622	8.668
1934	-15.360	2.622	7.305
1936	-15.360	2.622	7.312
1954	-15.360	2.622	7.315
1879	-15.358	2.622	7.285
1880	-15.358	2.622	7.944
1886	-15.358	2.622	7.333
1888	-15.358	2.622	7.284
1900	-15.358	2.622	7.353
1902	-15.358	2.622	3.913
1917	-15.290	2.622	3.792
1922	-15.265	2.622	3.786
1919	-15.264	2.622	3.790
1938	-15.264	2.622	3.783
1953	-15.264	2.622	15.960
1881	-15.262	2.622	3.816
1882	-15.262	2.622	2.337
1901	-15.262	2.622	2.322
1896	-15.220	2.622	2.316
1915	-14.927	3.077	11.618
1872	-14.926	3.077	11.617
1877	-14.926	3.077	11.601
1876	-14.925	3.077	11.598
1950	-14.860	2.599	13.747
1933	-14.756	3.084	11.149
1932	-14.755	3.084	1.712
1927	-14.754	3.084	6.441
1897	-14.753	3.084	6.441
1905	-14.753	3.084	6.441
1895	-14.752	3.084	6.441
1908	-14.752	3.084	6.444
1910	-14.707	3.088	6.445
1890	-14.706	3.088	6.445
1887	-14.705	3.088	6.445
1924	-14.562	3.287	6.804
1921	-14.562	3.287	6.819
1884	-14.560	3.287	6.820
1898	-14.560	3.287	16.958
1894	-14.560	3.286	6.688
1923	-14.466	2.613	4.438
1959	-14.466	2.613	6.611
1963	-14.466	2.613	6.417
1913	-14.460	2.615	4.836
1946	-14.453	2.615	4.836
1947	-14.453	2.615	4.836
1916	-14.390	2.615	17.264
1871	-14.229	2.131	17.053
1873	-14.229	2.131	5.946
1874	-14.229	2.131	5.946
1878	-14.229	2.131	5.946
1868	-14.214	3.003	5.946
1870	-14.214	3.003	5.946
1883	-14.209	3.003	5.946
1962	-14.191	3.374	5.946
1949	-14.142	3.052	3.474
1891	-14.140	2.808	3.521
1867	-14.140	3.052	3.523
1869	-14.140	3.052	3.603
1892	-14.140	3.052	3.742
1899	-14.140	3.052	7.666
1907	-14.140	3.052	7.666
1935	-14.068	2.679	6.885
1939	-14.067	2.679	6.885
1940	-14.067	2.679	6.882
1961	-13.994	2.603	0.011
1906	-13.985	2.871	0.011
1957	-13.982	2.870	0.003
1941	-13.982	2.870	5.967
1925	-13.779	2.137	7.087
1914	-13.778	2.137	4.491
1920	-13.778	2.137	4.495
1885	-13.777	2.137	4.460
1909	-13.382	2.217	7.895
1930	-13.210	2.209	5.187
1931	-12.868	2.342	6.607
1893	-12.820	2.424	4.832
1911	-12.820	2.424	4.832
1889	-12.035	2.788	5.963
1960	-12.025	2.832	5.963
1928	-11.808	2.299	0.028
1929	-11.808	2.299	6.287
