247	-8.450	0.000	17.112
29	-8.358	0.029	5.030
57	-8.358	0.029	1.700
108	-8.350	0.021	1.695
130	-8.350	0.021	1.650
138	-8.350	0.021	7.760
212	-8.350	0.021	16.538
289	-8.350	0.021	2.918
314	-8.350	0.021	2.917
1354	-8.332	0.027	3.385
217	-8.329	0.014	16.407
395	-8.329	0.014	5.301
422	-8.329	0.014	5.301
10	-8.312	0.875	3.127
74	-8.308	0.013	4.098
12	-8.183	0.900	0.000
500	-8.179	0.908	5.238
525	-8.178	0.511	5.238
1441	-8.164	0.856	5.239
1433	-8.163	0.856	5.242
313	-8.141	0.927	2.537
346	-8.141	0.927	5.609
347	-8.141	0.927	5.249
95	-8.138	0.520	5.490
1128	-8.126	0.930	16.945
8	-8.061	1.178	3.026
11	-8.061	1.178	6.616
63	-8.049	1.173	6.616
73	-8.042	1.175	3.023
547	-7.949	1.176	0.753
288	-7.940	1.177	17.523
85	-7.939	1.177	3.301
185	-7.939	1.176	0.722
66	-7.935	1.179	0.719
99	-7.935	1.178	0.719
143	-7.935	1.179	15.791
281	-7.935	1.179	5.441
287	-7.935	1.179	5.441
549	-7.927	1.179	1.269
518	-7.927	1.180	1.262
520	-7.927	1.180	1.267
1145	-7.923	1.182	1.667
1325	-7.922	1.182	3.565
1352	-7.922	1.182	4.406
1357	-7.922	1.182	3.467
98	-7.914	1.183	9.188
105	-7.914	1.183	9.200
106	-7.914	1.183	8.432
115	-7.914	1.183	6.269
273	-7.914	1.182	6.269
193	-6.896	2.592	7.074
375	-6.896	2.592	7.074
1253	-6.681	1.795	3.594
1293	-6.681	1.795	3.598
1320	-6.681	1.795	4.814
