1468	-14.170	0.000	1.739
1606	-14.155	0.006	4.546
1464	-14.154	0.005	4.546
1569	-14.101	0.005	4.546
1484	-14.100	0.005	4.546
1489	-14.100	0.005	4.546
1492	-14.100	0.005	4.546
1502	-13.736	2.767	15.360
1531	-13.684	2.766	1.944
1620	-13.684	2.766	2.557
1628	-13.684	2.766	2.525
1548	-13.682	2.766	1.942
1603	-13.651	2.766	9.471
1633	-13.651	2.766	9.471
1479	-13.424	1.640	9.471
1506	-13.247	2.933	3.708
1523	-13.247	2.933	3.712
1560	-13.247	2.933	9.557
1600	-13.247	2.933	4.764
1621	-13.247	2.933	4.764
1627	-13.247	2.933	4.764
1611	-13.195	2.933	4.764
1540	-13.194	2.933	3.805
1567	-13.194	2.933	5.025
1557	-13.190	2.933	3.801
1563	-13.140	2.274	9.439
1553	-13.137	2.281	2.133
1494	-13.131	2.281	2.086
1496	-13.131	2.281	2.085
1497	-13.131	2.281	2.124
1528	-13.130	2.281	2.123
1533	-13.130	2.281	2.082
1535	-13.130	2.281	2.097
1539	-13.130	2.281	2.091
1482	-13.129	2.281	1.877
1470	-13.128	2.281	2.729
1559	-13.030	0.499	2.730
1542	-13.004	0.497	2.688
1544	-13.004	0.497	3.405
1602	-13.004	0.497	3.403
1619	-12.953	2.620	3.386
1549	-12.952	2.620	3.388
1476	-12.948	2.620	6.194
1629	-12.925	2.618	6.194
1573	-12.915	2.954	3.382
1575	-12.915	2.954	3.385
1583	-12.915	2.954	3.095
1499	-12.914	2.955	8.887
1613	-12.914	2.954	14.637
1615	-12.914	2.954	1.091
1564	-12.912	2.954	1.089
1590	-12.909	1.046	2.854
1463	-12.908	1.046	16.219
1587	-12.883	2.619	2.356
1501	-12.841	2.907	2.867
1526	-12.841	2.906	2.868
1532	-12.841	2.907	2.868
1538	-12.841	2.906	14.589
1574	-12.841	2.906	6.116
1594	-12.841	2.906	6.116
1604	-12.841	2.906	2.691
1466	-12.818	1.047	2.692
1570	-12.779	2.909	2.691
1511	-12.778	2.909	3.327
1529	-12.778	2.909	3.213
1530	-12.778	2.909	4.088
1546	-12.778	2.909	5.166
1551	-12.778	2.909	4.021
1566	-12.778	2.909	4.020
1568	-12.778	2.909	4.024
1582	-12.778	2.909	5.373
1595	-12.778	2.909	3.150
1605	-12.778	2.909	3.155
1622	-12.778	2.909	9.593
1632	-12.778	2.909	9.603
1477	-12.778	0.970	8.287
1495	-12.776	2.909	8.157
1589	-12.775	2.909	8.157
1618	-12.775	2.909	8.157
1515	-12.655	2.525	8.139
1550	-12.655	2.525	7.979
1631	-12.655	2.525	8.903
1554	-12.630	2.538	8.281
1490	-12.626	2.539	4.015
1509	-12.625	2.539	8.879
1481	-12.625	2.539	8.878
1469	-12.624	2.539	8.878
1472	-12.624	2.539	8.878
1562	-12.622	2.539	8.678
1558	-12.620	2.539	8.678
1578	-12.613	2.539	8.885
1612	-12.555	2.912	8.580
1609	-12.555	2.912	8.745
1580	-12.555	2.912	8.743
1584	-12.555	2.911	10.916
1596	-12.555	2.912	8.743
1516	-12.551	2.912	8.740
1503	-12.533	2.542	8.740
1534	-12.525	1.857	8.740
1565	-12.525	1.857	9.492
1571	-12.525	1.856	8.605
1577	-12.519	2.566	8.242
1527	-12.460	1.851	9.499
1608	-12.450	2.566	8.788
1480	-12.436	1.869	7.847
1475	-12.435	1.869	8.259
1625	-12.407	3.225	8.554
1579	-12.400	3.226	7.922
1485	-12.372	1.861	7.972
1465	-12.370	1.861	7.364
1467	-12.369	1.861	7.900
1471	-12.369	1.861	7.908
1473	-12.369	1.861	7.908
1474	-12.369	1.861	7.442
1478	-12.226	2.480	4.867
1486	-12.226	2.480	4.759
1487	-12.226	2.480	4.759
1521	-12.225	2.480	4.759
1543	-12.225	2.480	4.729
1500	-12.223	2.480	9.169
1561	-11.885	2.495	4.330
1513	-11.770	3.050	3.868
1518	-11.770	3.050	4.827
1520	-11.770	3.050	3.863
1614	-11.739	1.555	9.375
1545	-11.739	1.555	2.130
1517	-11.737	1.555	2.104
1610	-11.733	1.555	2.102
1536	-11.698	3.054	2.119
1537	-11.698	3.054	2.082
1512	-11.697	3.055	2.095
1522	-11.697	3.055	2.089
1547	-11.697	3.055	1.862
1524	-11.696	3.055	2.655
1552	-11.658	2.587	3.372
1607	-11.602	2.597	5.945
1504	-11.545	3.018	3.091
1588	-11.545	3.018	8.840
1519	-11.509	2.957	2.604
1572	-11.509	2.957	2.606
1586	-11.509	2.957	2.605
1591	-11.509	2.957	3.198
1593	-11.509	2.957	3.252
1598	-11.508	2.957	3.934
1525	-11.508	2.957	5.005
1507	-11.495	1.791	3.902
1585	-11.412	3.060	3.905
1626	-11.412	3.060	5.216
1630	-11.412	3.060	3.174
1555	-11.401	2.820	8.081
1483	-11.399	2.966	8.081
1510	-11.397	2.821	8.081
1493	-11.396	2.820	8.063
1498	-11.396	2.820	7.906
1581	-11.396	2.821	8.807
1491	-11.333	3.009	8.848
1508	-11.301	2.866	8.648
1541	-11.301	2.866	8.648
1505	-11.264	2.922	8.855
1617	-11.245	3.020	8.550
1556	-11.175	2.923	10.885
1576	-11.174	2.923	8.714
1623	-11.174	2.923	8.711
1616	-10.980	2.923	8.711
1624	-10.976	2.923	9.456
1514	-10.833	2.831	8.574
1488	-10.832	2.831	8.213
1601	-10.770	2.540	9.463
1599	-10.616	2.919	7.836
1592	-10.450	2.998	7.210
1597	-10.182	2.372	7.837
