1725	-8.440	0.000	0.000
1745	-8.440	0.000	0.000
1790	-8.440	0.000	0.000
1738	-8.393	0.027	0.000
1777	-8.388	0.032	0.000
1719	-8.377	0.029	0.000
1721	-8.377	0.029	0.000
1722	-8.377	0.029	0.000
1788	-8.373	0.028	0.000
1670	-8.345	0.236	0.000
1756	-8.252	2.917	0.000
1685	-8.248	2.997	0.000
1701	-8.245	2.996	0.000
1653	-8.229	3.010	0.000
1648	-8.229	3.012	0.000
1656	-8.222	0.336	0.000
1715	-8.220	2.937	0.000
1755	-8.217	2.937	0.000
1761	-8.217	2.936	0.000
1731	-8.217	2.937	0.000
1737	-8.217	2.937	0.000
1741	-8.217	2.936	0.000
1747	-8.217	2.936	0.000
1662	-8.217	0.470	0.000
1698	-8.212	2.943	0.000
1667	-8.212	2.991	0.000
1699	-8.212	2.936	0.000
1649	-8.210	2.994	0.000
1714	-8.205	2.984	0.000
1679	-8.185	3.289	0.000
1650	-8.185	3.287	0.000
1651	-8.185	3.287	0.000
1657	-8.185	3.288	0.000
1672	-8.185	3.287	0.000
1769	-8.183	3.294	0.000
1767	-8.183	3.289	0.000
1783	-8.183	3.294	0.000
1694	-8.177	3.292	0.000
1787	-8.175	2.976	0.000
1749	-8.175	2.976	0.000
1740	-8.175	2.978	0.000
1753	-8.175	2.978	0.000
1776	-8.175	2.977	0.000
1780	-8.175	2.978	0.000
1785	-8.175	2.978	0.000
1732	-8.174	3.288	0.000
1750	-8.112	2.930	0.000
1789	-8.111	2.935	0.000
1730	-8.107	2.731	0.000
1655	-8.080	2.904	0.000
1675	-8.080	2.905	0.000
1663	-8.080	2.902	0.000
1668	-8.080	2.898	0.000
1706	-8.075	2.904	0.000
1707	-8.075	2.904	0.000
1744	-8.072	2.895	0.000
1759	-8.072	2.881	0.000
1779	-8.072	2.876	0.000
1770	-8.052	2.868	0.000
1696	-7.983	2.237	0.000
1748	-7.977	1.920	0.000
1757	-7.977	1.920	0.000
1768	-7.977	1.920	0.000
1729	-7.976	1.919	0.000
1727	-7.976	1.920	0.000
1760	-7.976	1.920	0.000
1771	-7.976	1.920	0.000
1754	-7.966	3.109	0.000
1762	-7.966	3.109	0.000
1784	-7.966	3.109	0.000
1666	-7.959	3.145	0.000
1700	-7.954	2.239	0.000
1671	-7.939	3.107	0.000
1687	-7.938	2.239	0.000
1690	-7.938	2.239	0.000
1654	-7.938	3.107	0.000
1659	-7.938	3.107	0.000
1764	-7.935	3.145	0.000
1775	-7.935	3.145	0.000
1778	-7.935	3.145	0.000
1702	-7.933	3.106	0.000
1705	-7.933	3.106	0.000
1782	-7.927	1.916	0.000
1728	-7.926	1.914	0.000
1774	-7.926	1.914	0.000
1682	-7.924	1.913	0.000
1713	-7.921	3.107	0.000
1711	-7.852	2.119	0.000
1676	-7.850	2.119	0.000
1704	-7.844	2.201	0.000
1743	-7.844	2.119	0.000
1746	-7.844	2.119	0.000
1772	-7.844	2.119	0.000
1786	-7.844	2.119	0.000
1678	-7.842	2.120	0.000
1733	-7.824	2.199	0.000
1708	-7.800	3.278	0.000
1736	-7.791	2.642	0.000
1724	-7.777	2.642	0.000
1712	-7.777	3.276	0.000
1658	-7.750	2.645	0.000
1661	-7.750	2.645	0.000
1665	-7.750	2.645	0.000
1673	-7.737	2.645	0.000
1677	-7.737	2.645	0.000
1726	-7.732	2.645	0.000
1709	-7.721	2.645	0.000
1718	-7.719	2.645	0.000
1720	-7.719	2.645	0.000
1739	-7.692	1.552	0.000
1674	-7.688	0.886	0.000
1669	-7.685	3.499	0.000
1684	-7.663	3.266	0.000
1723	-7.653	1.671	0.000
1742	-7.652	1.475	0.000
1660	-7.648	2.682	0.000
1683	-7.648	2.682	0.000
1692	-7.648	1.652	0.000
1763	-7.636	3.265	0.000
1773	-7.636	2.682	0.000
1680	-7.615	3.478	0.000
1735	-7.608	3.480	0.000
1752	-7.608	2.696	0.000
1781	-7.606	3.041	0.000
1652	-7.521	2.210	0.000
1664	-7.521	2.210	0.000
1686	-7.519	2.210	0.000
1688	-7.519	2.210	0.000
1689	-7.519	2.210	0.000
1697	-7.517	2.210	0.000
1716	-7.517	2.210	0.000
1717	-7.517	2.210	0.000
1758	-7.516	2.210	0.000
1766	-7.500	3.481	0.000
1681	-7.468	3.014	0.000
1693	-7.465	3.015	0.000
1703	-7.465	3.015	0.000
1691	-7.465	3.015	0.000
1734	-7.461	3.052	0.000
1751	-7.360	2.683	0.000
1765	-7.360	2.683	0.000
1710	-7.126	2.304	0.000
1695	-7.117	2.305	0.000
