91	-9.385	0.000	0.000
176	-9.385	0.000	0.000
32	-9.101	1.043	0.000
263	-9.100	0.025	0.000
286	-9.099	0.025	0.000
278	-9.097	0.024	0.000
90	-9.085	0.651	0.000
237	-9.073	0.043	0.000
46	-9.072	0.025	0.000
83	-9.072	0.026	0.000
219	-9.071	0.025	0.000
92	-9.071	0.025	0.000
235	-9.070	0.025	0.000
297	-8.968	0.027	0.000
289	-8.868	1.117	0.000
361	-8.835	0.648	0.000
317	-8.833	0.648	0.000
336	-8.806	0.646	0.000
360	-8.806	0.646	0.000
275	-8.803	0.647	0.000
496	-8.789	1.141	0.000
159	-8.785	0.650	0.000
243	-8.783	0.651	0.000
302	-8.504	2.314	0.000
303	-8.440	3.226	0.000
382	-8.440	3.225	0.000
500	-8.440	3.225	0.000
54	-8.424	3.226	0.000
89	-8.424	3.227	0.000
108	-8.424	3.227	0.000
131	-8.424	3.226	0.000
181	-8.424	3.227	0.000
63	-8.424	3.226	0.000
107	-8.424	3.227	0.000
215	-8.424	3.226	0.000
23	-8.387	1.310	0.000
71	-8.386	3.230	0.000
81	-8.386	3.234	0.000
79	-8.380	3.234	0.000
1275	-8.375	3.234	0.000
1338	-8.375	3.234	0.000
1347	-8.373	3.234	0.000
35	-8.336	2.441	0.000
274	-8.331	2.413	0.000
264	-8.330	1.322	0.000
269	-8.330	1.322	0.000
1	-8.330	1.322	0.000
250	-8.330	1.322	0.000
254	-8.322	2.312	0.000
42	-8.322	1.321	0.000
50	-8.322	1.321	0.000
51	-8.322	1.321	0.000
59	-8.322	1.321	0.000
75	-8.322	1.321	0.000
98	-8.322	1.321	0.000
99	-8.322	1.321	0.000
101	-8.322	1.321	0.000
119	-8.322	1.321	0.000
124	-8.322	1.321	0.000
126	-8.322	1.321	0.000
234	-8.322	1.321	0.000
47	-8.322	1.321	0.000
4	-8.321	1.321	0.000
10	-8.321	1.321	0.000
11	-8.321	1.321	0.000
14	-8.321	1.321	0.000
15	-8.321	1.321	0.000
19	-8.321	1.321	0.000
25	-8.321	1.321	0.000
26	-8.321	1.321	0.000
36	-8.321	1.321	0.000
37	-8.321	1.321	0.000
188	-8.320	2.312	0.000
207	-8.320	2.312	0.000
48	-8.319	1.324	0.000
214	-8.319	2.407	0.000
70	-8.318	2.415	0.000
194	-8.318	2.412	0.000
115	-8.317	2.411	0.000
80	-8.317	2.413	0.000
148	-8.317	2.414	0.000
72	-8.307	1.256	0.000
74	-8.303	3.220	0.000
61	-8.302	1.697	0.000
95	-8.302	1.697	0.000
123	-8.302	1.697	0.000
133	-8.302	1.697	0.000
199	-8.302	1.697	0.000
220	-8.302	1.697	0.000
9	-8.300	1.697	0.000
419	-8.285	2.320	0.000
137	-8.279	2.320	0.000
347	-8.241	2.808	0.000
84	-8.240	2.315	0.000
147	-8.240	2.316	0.000
311	-8.240	2.807	0.000
420	-8.240	2.807	0.000
217	-8.230	2.809	0.000
86	-8.224	2.823	0.000
66	-8.223	2.823	0.000
118	-8.223	2.823	0.000
179	-8.223	2.823	0.000
167	-8.223	2.823	0.000
127	-8.223	2.823	0.000
216	-8.223	2.823	0.000
393	-8.188	2.839	0.000
395	-8.188	2.839	0.000
185	-8.184	2.839	0.000
174	-8.184	2.840	0.000
53	-8.183	2.839	0.000
238	-8.182	2.840	0.000
45	-8.181	2.840	0.000
225	-8.179	2.840	0.000
1899	-8.175	2.829	0.000
397	-8.121	1.364	0.000
376	-8.117	3.207	0.000
184	-8.116	1.362	0.000
186	-8.116	1.362	0.000
520	-8.114	3.207	0.000
191	-8.104	3.208	0.000
206	-8.103	3.208	0.000
200	-8.102	3.208	0.000
221	-8.102	3.208	0.000
427	-8.093	2.384	0.000
294	-8.091	2.382	0.000
312	-8.084	1.366	0.000
416	-8.084	1.366	0.000
265	-8.083	1.366	0.000
271	-8.083	1.366	0.000
279	-8.083	1.366	0.000
144	-8.078	1.365	0.000
178	-8.078	1.365	0.000
192	-8.078	1.365	0.000
211	-8.078	1.365	0.000
218	-8.078	1.365	0.000
233	-8.078	1.365	0.000
120	-8.078	1.365	0.000
152	-8.078	1.365	0.000
202	-8.077	1.365	0.000
203	-8.077	1.365	0.000
226	-8.077	1.364	0.000
434	-8.077	3.215	0.000
252	-8.073	3.214	0.000
498	-8.071	1.364	0.000
258	-8.070	3.214	0.000
244	-8.063	3.215	0.000
134	-8.063	3.215	0.000
209	-8.062	3.216	0.000
145	-8.062	3.192	0.000
151	-8.060	1.614	0.000
56	-7.996	3.345	0.000
16	-7.990	2.401	0.000
154	-7.957	2.301	0.000
491	-7.869	3.351	0.000
296	-7.712	3.081	0.000
282	-7.712	3.081	0.000
68	-7.702	3.080	0.000
78	-7.702	3.080	0.000
85	-7.702	3.080	0.000
102	-7.702	3.080	0.000
109	-7.702	3.080	0.000
141	-7.702	3.080	0.000
157	-7.702	3.080	0.000
162	-7.702	3.080	0.000
163	-7.702	3.080	0.000
177	-7.702	3.080	0.000
228	-7.702	3.080	0.000
7	-7.699	3.081	0.000
8	-7.699	3.081	0.000
18	-7.699	3.081	0.000
21	-7.699	3.081	0.000
52	-7.670	1.380	0.000
69	-7.655	1.386	0.000
114	-7.653	3.199	0.000
457	-7.627	3.074	0.000
298	-7.625	3.074	0.000
122	-7.617	3.074	0.000
138	-7.617	3.074	0.000
149	-7.616	3.073	0.000
246	-7.611	3.074	0.000
112	-7.610	1.753	0.000
3	-7.523	1.986	0.000
22	-7.523	1.986	0.000
44	-7.503	1.986	0.000
49	-7.503	1.986	0.000
58	-7.503	1.986	0.000
62	-7.503	1.986	0.000
82	-7.503	1.986	0.000
97	-7.503	1.986	0.000
105	-7.503	1.986	0.000
117	-7.503	1.986	0.000
132	-7.503	1.986	0.000
175	-7.503	1.986	0.000
6	-7.500	1.986	0.000
20	-7.500	1.986	0.000
38	-7.500	1.986	0.000
27	-7.499	1.986	0.000
31	-7.499	1.986	0.000
301	-7.453	1.987	0.000
318	-7.452	1.987	0.000
492	-7.451	1.987	0.000
349	-7.449	2.003	0.000
260	-7.449	2.003	0.000
355	-7.449	2.002	0.000
249	-7.448	1.987	0.000
197	-7.437	1.987	0.000
198	-7.437	1.987	0.000
67	-7.437	1.987	0.000
183	-7.368	2.549	0.000
190	-7.368	2.549	0.000
116	-7.368	2.549	0.000
166	-7.355	2.550	0.000
248	-7.325	2.003	0.000
548	-7.323	2.003	0.000
518	-7.323	2.003	0.000
223	-7.310	2.003	0.000
245	-7.301	2.555	0.000
160	-7.299	1.993	0.000
130	-7.298	1.993	0.000
255	-7.298	1.993	0.000
247	-7.297	1.993	0.000
348	-7.296	2.067	0.000
290	-7.295	2.068	0.000
187	-7.186	1.941	0.000
331	-7.154	2.010	0.000
93	-7.139	3.342	0.000
113	-7.139	3.342	0.000
204	-7.119	3.316	0.000
2	-7.114	1.662	0.000
146	-7.100	1.664	0.000
150	-7.100	1.664	0.000
60	-7.080	3.317	0.000
129	-7.078	3.317	0.000
468	-7.068	3.315	0.000
381	-7.067	3.315	0.000
308	-7.066	3.315	0.000
1354	-7.065	3.318	0.000
213	-7.063	1.657	0.000
262	-7.040	3.402	0.000
253	-7.037	3.398	0.000
454	-7.027	3.316	0.000
431	-7.027	3.316	0.000
96	-7.026	3.400	0.000
100	-7.026	3.400	0.000
158	-7.026	3.401	0.000
172	-7.026	3.400	0.000
173	-7.026	3.400	0.000
136	-7.026	3.399	0.000
414	-7.026	3.317	0.000
170	-7.025	3.400	0.000
251	-7.025	3.317	0.000
110	-7.024	3.378	0.000
365	-7.024	3.317	0.000
17	-7.023	3.400	0.000
40	-7.023	3.400	0.000
5	-7.023	3.394	0.000
389	-7.023	3.317	0.000
12	-7.022	3.410	0.000
33	-7.022	3.400	0.000
29	-7.022	3.395	0.000
436	-7.020	3.410	0.000
476	-7.020	3.410	0.000
333	-7.019	3.409	0.000
352	-7.019	3.409	0.000
362	-7.019	3.410	0.000
340	-7.015	1.658	0.000
462	-7.015	1.658	0.000
413	-7.014	1.659	0.000
277	-7.014	1.659	0.000
299	-7.014	1.659	0.000
208	-7.012	3.317	0.000
195	-7.011	3.317	0.000
171	-7.002	1.660	0.000
24	-6.999	1.661	0.000
292	-6.994	2.261	0.000
1202	-6.935	3.431	0.000
1264	-6.935	3.432	0.000
1319	-6.935	3.429	0.000
1340	-6.935	3.427	0.000
1222	-6.934	3.428	0.000
1223	-6.934	3.428	0.000
481	-6.932	3.436	0.000
1324	-6.920	3.429	0.000
1400	-6.919	3.431	0.000
1346	-6.919	3.430	0.000
1389	-6.918	3.420	0.000
239	-6.854	1.950	0.000
273	-6.803	3.417	0.000
161	-6.801	3.417	0.000
121	-6.782	3.033	0.000
34	-6.779	3.034	0.000
103	-6.771	2.840	0.000
55	-6.769	3.361	0.000
64	-6.769	3.361	0.000
125	-6.769	3.361	0.000
153	-6.755	3.045	0.000
104	-6.752	3.365	0.000
142	-6.752	3.365	0.000
73	-6.752	3.365	0.000
65	-6.752	3.364	0.000
128	-6.751	3.365	0.000
30	-6.751	3.365	0.000
135	-6.751	3.364	0.000
39	-6.750	3.365	0.000
13	-6.747	2.839	0.000
94	-6.746	2.840	0.000
210	-6.746	2.840	0.000
523	-6.745	2.998	0.000
540	-6.745	2.998	0.000
557	-6.745	2.998	0.000
560	-6.745	2.998	0.000
563	-6.745	2.998	0.000
451	-6.742	2.999	0.000
487	-6.742	2.999	0.000
455	-6.741	3.000	0.000
474	-6.741	3.000	0.000
363	-6.726	3.049	0.000
259	-6.724	3.369	0.000
111	-6.724	2.852	0.000
182	-6.723	2.852	0.000
257	-6.722	3.049	0.000
472	-6.721	2.019	0.000
315	-6.718	3.369	0.000
212	-6.718	3.369	0.000
76	-6.717	3.369	0.000
57	-6.716	3.369	0.000
201	-6.711	3.050	0.000
28	-6.709	3.370	0.000
232	-6.709	3.050	0.000
447	-6.709	2.388	0.000
139	-6.707	3.050	0.000
165	-6.707	3.051	0.000
164	-6.707	3.050	0.000
224	-6.705	3.051	0.000
88	-6.695	3.373	0.000
143	-6.693	3.373	0.000
156	-6.693	3.373	0.000
168	-6.692	3.373	0.000
140	-6.689	3.374	0.000
564	-6.637	3.002	0.000
372	-6.634	3.003	0.000
471	-6.634	3.003	0.000
229	-6.600	2.383	0.000
534	-6.569	1.920	0.000
417	-6.562	1.920	0.000
272	-6.562	1.921	0.000
488	-6.558	1.920	0.000
356	-6.558	1.919	0.000
452	-6.558	1.920	0.000
494	-6.556	1.920	0.000
283	-6.556	1.920	0.000
293	-6.553	2.946	0.000
241	-6.552	2.946	0.000
77	-6.551	2.946	0.000
466	-6.550	1.919	0.000
502	-6.543	2.342	0.000
180	-6.536	2.950	0.000
544	-6.534	1.918	0.000
486	-6.524	1.918	0.000
321	-6.520	1.917	0.000
368	-6.518	1.917	0.000
433	-6.518	1.917	0.000
464	-6.508	2.337	0.000
469	-6.508	2.337	0.000
404	-6.507	2.336	0.000
377	-6.507	2.336	0.000
387	-6.507	2.336	0.000
388	-6.507	2.336	0.000
506	-6.507	2.336	0.000
509	-6.507	2.336	0.000
550	-6.507	2.336	0.000
552	-6.507	2.336	0.000
319	-6.507	2.337	0.000
479	-6.507	2.336	0.000
483	-6.507	2.336	0.000
484	-6.507	2.336	0.000
465	-6.492	2.928	0.000
497	-6.492	2.335	0.000
490	-6.377	2.342	0.000
380	-6.363	1.818	0.000
467	-6.362	1.820	0.000
341	-6.354	2.219	0.000
256	-6.353	2.219	0.000
477	-6.353	2.219	0.000
351	-6.352	2.219	0.000
495	-6.351	2.220	0.000
535	-6.351	2.219	0.000
566	-6.351	2.219	0.000
305	-6.337	2.108	0.000
513	-6.331	3.380	0.000
364	-6.329	2.130	0.000
527	-6.306	2.487	0.000
446	-6.303	2.487	0.000
475	-6.280	2.007	0.000
437	-6.279	2.007	0.000
326	-6.279	2.007	0.000
528	-6.278	2.007	0.000
343	-6.277	3.389	0.000
295	-6.276	2.007	0.000
424	-6.275	3.389	0.000
448	-6.275	2.710	0.000
43	-6.274	2.709	0.000
231	-6.273	2.709	0.000
385	-6.272	2.239	0.000
242	-6.271	2.007	0.000
554	-6.270	3.390	0.000
559	-6.270	3.390	0.000
493	-6.269	3.390	0.000
106	-6.249	2.711	0.000
339	-6.242	2.804	0.000
354	-6.240	2.798	0.000
442	-6.239	2.801	0.000
41	-6.192	3.776	0.000
441	-6.172	3.414	0.000
543	-6.168	3.415	0.000
504	-6.168	3.415	0.000
546	-6.166	3.415	0.000
344	-6.105	1.991	0.000
366	-6.105	1.990	0.000
285	-6.104	1.990	0.000
328	-6.104	1.991	0.000
313	-6.104	1.990	0.000
405	-6.104	1.991	0.000
379	-6.103	1.990	0.000
539	-5.986	1.949	0.000
562	-5.954	3.032	0.000
375	-5.937	2.807	0.000
485	-5.879	3.350	0.000
316	-5.879	3.350	0.000
421	-5.864	3.373	0.000
406	-5.852	3.376	0.000
551	-5.821	3.356	0.000
402	-5.818	3.356	0.000
193	-5.814	3.357	0.000
542	-5.806	3.361	0.000
516	-5.805	3.361	0.000
517	-5.805	3.361	0.000
480	-5.800	3.360	0.000
270	-5.757	3.385	0.000
505	-5.736	3.368	0.000
514	-5.736	3.368	0.000
280	-5.735	3.367	0.000
281	-5.735	3.366	0.000
515	-5.735	3.368	0.000
499	-5.734	3.366	0.000
460	-5.733	3.367	0.000
412	-5.733	3.367	0.000
358	-5.732	3.367	0.000
529	-5.732	3.369	0.000
482	-5.731	3.367	0.000
458	-5.729	3.367	0.000
314	-5.729	3.368	0.000
432	-5.596	3.522	0.000
342	-5.595	3.521	0.000
507	-5.565	3.532	0.000
189	-5.555	3.886	0.000
337	-5.554	3.886	0.000
304	-5.531	3.545	0.000
538	-5.531	3.545	0.000
266	-5.531	3.544	0.000
508	-5.531	3.545	0.000
478	-5.530	3.544	0.000
390	-5.529	3.543	0.000
473	-5.529	3.544	0.000
345	-5.529	3.544	0.000
236	-5.520	3.552	0.000
155	-5.509	3.701	0.000
329	-5.508	3.701	0.000
330	-5.508	3.701	0.000
1901	-5.486	3.535	0.000
526	-5.326	3.951	0.000
300	-5.317	3.951	0.000
426	-5.314	3.952	0.000
411	-5.312	3.953	0.000
531	-5.309	3.953	0.000
549	-5.198	3.771	0.000
267	-5.180	3.772	0.000
435	-5.180	3.774	0.000
346	-5.178	3.770	0.000
522	-5.178	3.787	0.000
287	-5.064	3.569	0.000
334	-5.063	3.572	0.000
335	-5.063	3.572	0.000
445	-5.063	3.572	0.000
449	-5.063	3.571	0.000
450	-5.063	3.571	0.000
556	-5.062	3.572	0.000
512	-5.061	3.572	0.000
489	-5.058	3.498	0.000
327	-4.749	3.808	0.000
325	-4.748	3.795	0.000
359	-4.748	3.772	0.000
320	-4.748	3.769	0.000
401	-4.748	3.758	0.000
463	-4.641	3.383	0.000
1917	-4.638	3.447	0.000
553	-4.494	2.842	0.000
205	-4.492	2.840	0.000
561	-4.444	2.862	0.000
291	-4.444	2.861	0.000
1942	-4.442	2.859	0.000
1929	-4.442	2.859	0.000
