838	-14.178	0.000	0.000
17	-14.058	0.010	2.673
320	-13.560	1.904	2.681
558	-13.094	0.041	2.667
269	-13.047	0.030	2.682
425	-13.041	0.035	2.688
240	-13.021	0.033	2.664
245	-12.993	0.068	2.664
436	-12.987	1.906	2.680
189	-12.986	1.906	2.687
92	-12.982	0.029	2.685
130	-12.980	0.030	6.517
149	-12.980	0.030	6.523
350	-12.979	0.030	6.523
200	-12.979	0.030	6.523
322	-12.978	0.030	6.526
329	-12.978	0.030	6.526
397	-12.978	0.030	6.526
58	-12.970	1.906	6.597
81	-12.969	1.906	6.596
133	-12.942	1.904	6.596
175	-12.939	0.067	6.596
548	-12.939	0.041	19.919
417	-12.933	1.894	19.258
339	-12.932	0.049	19.260
358	-12.932	0.049	19.261
349	-12.931	0.049	19.261
441	-12.931	0.049	5.221
38	-12.925	1.904	5.628
300	-12.916	1.905	6.681
278	-12.915	0.044	6.740
284	-12.915	0.044	19.365
373	-12.914	1.907	6.741
235	-12.914	1.907	6.739
171	-12.913	1.908	6.683
177	-12.913	1.907	6.684
93	-12.910	1.907	6.743
82	-12.895	1.907	4.983
34	-12.893	1.907	19.267
543	-12.883	1.893	5.160
157	-12.870	1.905	5.162
84	-12.867	1.896	12.518
218	-12.865	0.040	12.533
357	-12.863	0.041	12.570
198	-12.863	0.040	12.523
199	-12.863	0.040	12.522
336	-12.862	1.896	6.930
398	-12.862	1.896	6.736
116	-12.862	1.896	6.933
117	-12.862	1.896	6.934
325	-12.862	1.896	6.934
355	-12.862	1.896	6.936
371	-12.862	1.896	6.940
6	-12.861	1.908	6.938
9	-12.861	1.908	9.399
348	-12.861	1.896	8.525
374	-12.861	1.896	8.339
176	-12.861	1.896	8.338
237	-12.861	1.896	8.669
161	-12.861	1.896	9.770
260	-12.857	1.897	9.720
528	-12.851	1.897	4.133
540	-12.851	1.897	4.134
535	-12.851	1.897	4.637
557	-12.851	1.896	0.075
521	-12.850	1.897	4.145
282	-12.847	0.037	4.145
270	-12.847	0.037	4.145
304	-12.834	1.897	4.145
243	-12.834	1.897	4.145
244	-12.834	1.897	4.145
248	-12.834	1.897	4.145
255	-12.834	1.897	4.148
4	-12.821	1.906	4.136
400	-12.769	1.900	4.136
158	-12.767	1.900	4.136
541	-12.745	0.088	4.140
87	-12.402	2.349	4.140
90	-12.401	2.349	4.140
165	-12.401	2.349	4.140
217	-12.401	2.349	4.143
232	-12.401	2.349	4.131
344	-12.400	2.349	4.148
345	-12.400	2.349	4.148
196	-12.400	2.349	4.148
128	-12.400	2.349	4.148
76	-12.385	2.350	4.125
35	-12.383	2.216	4.149
126	-12.348	2.351	0.054
32	-12.335	2.352	4.143
50	-12.335	2.352	4.143
86	-12.289	2.354	4.140
139	-12.289	2.354	4.143
228	-12.286	2.352	4.143
236	-12.280	2.354	4.143
2	-12.257	2.352	4.125
249	-12.156	2.358	4.142
178	-12.134	2.358	4.142
527	-12.122	2.358	0.056
97	-11.585	1.473	4.144
231	-11.585	1.473	4.134
85	-11.584	1.473	0.064
164	-11.584	1.473	0.064
227	-11.584	1.473	0.064
140	-11.584	1.473	0.064
155	-11.584	1.473	0.060
223	-11.583	1.473	0.069
401	-11.582	1.474	0.069
410	-11.582	1.474	0.069
135	-11.582	1.474	4.135
190	-11.582	1.473	0.014
153	-11.582	1.473	0.014
276	-11.581	1.469	0.013
497	-11.573	1.479	0.016
54	-11.566	1.477	0.019
7	-11.563	1.471	0.019
46	-11.469	1.489	0.012
40	-11.382	1.502	0.011
115	-11.380	1.507	0.010
163	-11.268	1.479	0.004
215	-11.268	1.479	0.011
113	-11.268	1.479	0.001
253	-11.256	1.485	0.009
55	-11.119	1.494	0.009
83	-10.073	2.621	0.010
14	-9.908	2.630	0.758
59	-9.685	3.053	2.690
118	-9.580	3.139	0.053
316	-9.113	1.041	0.069
390	-9.102	1.029	0.069
489	-9.067	0.950	4.135
755	-9.065	0.949	0.014
1752	-9.064	0.950	0.014
834	-9.064	0.945	0.022
821	-9.063	0.945	0.015
732	-9.058	0.956	0.019
754	-9.058	0.956	0.019
791	-9.057	0.953	0.011
801	-9.057	0.953	0.010
810	-9.057	0.953	0.010
824	-9.057	0.953	0.003
1811	-9.052	0.951	0.010
1845	-9.046	0.958	0.000
1865	-9.046	0.958	0.009
1871	-9.046	0.958	0.009
1787	-9.028	0.953	0.753
1778	-9.027	0.953	0.123
805	-9.027	0.949	0.736
478	-9.023	0.960	0.126
734	-9.022	0.959	0.661
757	-9.022	0.959	0.119
792	-9.020	0.956	0.120
835	-9.020	0.956	0.108
1789	-9.016	0.955	1.119
1800	-9.016	0.955	1.146
148	-8.901	2.372	5.784
210	-8.900	2.372	19.451
182	-8.897	2.372	19.455
63	-8.891	2.371	19.455
895	-8.887	0.855	5.855
846	-8.879	0.858	20.263
882	-8.879	0.858	20.537
889	-8.879	0.858	20.537
898	-8.879	0.858	20.537
566	-8.870	0.857	20.537
574	-8.870	0.857	2.677
594	-8.870	0.857	2.677
600	-8.870	0.857	2.672
623	-8.870	0.857	2.677
672	-8.870	0.858	5.830
705	-8.870	0.857	2.683
549	-8.870	0.857	2.680
551	-8.870	0.857	2.682
859	-8.842	0.858	2.682
866	-8.842	0.858	2.683
633	-8.841	0.855	2.686
567	-8.832	0.857	2.664
576	-8.832	0.857	2.680
581	-8.832	0.857	2.686
589	-8.832	0.857	6.517
592	-8.832	0.857	6.523
457	-8.806	3.254	6.523
408	-8.804	3.256	6.523
475	-8.792	3.271	6.523
312	-8.782	3.394	6.526
318	-8.775	2.370	6.526
795	-8.773	3.275	6.523
170	-8.773	2.370	6.596
293	-8.772	2.371	6.596
294	-8.772	2.371	6.596
299	-8.772	2.371	6.596
393	-8.770	2.371	19.627
740	-8.769	3.270	19.260
751	-8.769	3.270	19.260
1757	-8.769	3.272	19.261
403	-8.769	2.371	5.225
496	-8.766	2.378	5.222
798	-8.766	2.378	5.625
799	-8.766	2.378	5.216
800	-8.766	2.378	6.740
804	-8.766	2.378	6.741
809	-8.766	2.378	6.740
818	-8.766	2.378	19.365
725	-8.764	2.378	6.683
735	-8.764	2.378	6.762
722	-8.764	2.378	4.983
1870	-8.761	2.379	4.983
1823	-8.760	2.379	4.978
1829	-8.760	2.379	5.160
1831	-8.760	2.379	8.505
1832	-8.760	2.379	12.517
99	-8.749	2.375	12.570
101	-8.749	2.375	12.523
102	-8.749	2.375	12.522
808	-8.738	2.381	6.933
737	-8.736	2.381	6.934
483	-8.729	2.379	6.744
493	-8.729	2.379	6.934
785	-8.729	2.380	6.936
831	-8.729	2.380	6.937
718	-8.727	2.380	6.940
720	-8.727	2.380	6.940
238	-8.720	2.379	9.399
896	-8.703	3.292	8.339
779	-8.702	2.376	8.338
691	-8.690	3.304	8.338
48	-8.684	2.343	7.466
845	-8.683	3.298	9.770
878	-8.683	3.298	9.749
685	-8.681	3.303	4.135
564	-8.681	3.303	4.636
602	-8.681	3.303	4.590
406	-8.681	2.275	4.145
203	-8.681	2.063	4.145
583	-8.680	3.301	4.145
653	-8.680	3.301	4.145
673	-8.680	3.301	4.145
697	-8.680	3.301	4.145
703	-8.680	3.301	4.145
613	-8.679	3.301	4.145
625	-8.679	3.301	4.148
1860	-8.667	2.382	4.136
479	-8.664	2.376	4.140
1772	-8.660	2.377	4.140
1784	-8.660	2.377	4.140
1786	-8.660	2.377	4.140
1816	-8.656	2.377	4.128
863	-8.631	2.398	4.148
865	-8.631	2.398	4.148
881	-8.631	2.398	4.139
887	-8.631	2.398	4.148
900	-8.631	2.398	4.149
610	-8.625	2.400	4.143
651	-8.625	2.400	4.143
612	-8.598	2.403	5.854
670	-8.598	2.403	5.780
343	-8.592	2.399	2.676
368	-8.592	2.399	20.537
324	-8.590	2.400	2.679
352	-8.590	2.400	2.677
555	-8.589	2.401	2.677
559	-8.589	2.401	2.673
577	-8.589	2.401	2.677
687	-8.589	2.402	5.830
78	-8.588	2.558	2.681
803	-8.586	2.072	2.682
273	-8.586	2.401	2.689
280	-8.586	2.401	2.688
1825	-8.575	2.072	2.687
1826	-8.575	2.072	2.690
1862	-8.575	2.072	6.517
1872	-8.575	2.072	6.522
1874	-8.575	2.072	6.522
1884	-8.575	2.072	6.522
1886	-8.575	2.072	6.524
1835	-8.575	2.072	0.000
806	-8.571	2.074	6.525
415	-8.565	2.403	6.526
500	-8.563	2.404	6.596
502	-8.563	2.404	6.596
505	-8.563	2.404	6.595
512	-8.563	2.404	19.920
533	-8.560	3.308	19.627
822	-8.560	2.070	19.261
438	-8.554	3.309	19.261
491	-8.554	2.070	19.261
422	-8.552	3.309	5.228
523	-8.551	3.307	5.627
539	-8.549	3.305	6.680
152	-8.543	2.126	6.762
876	-8.537	2.402	19.365
427	-8.524	2.397	6.739
429	-8.524	2.397	2.041
506	-8.497	2.401	6.761
389	-8.486	2.264	4.982
1864	-8.482	2.065	4.982
1883	-8.482	2.065	4.977
546	-8.479	2.423	5.163
328	-8.475	2.419	8.516
440	-8.475	2.419	12.533
264	-8.470	2.422	12.569
266	-8.470	2.422	12.523
267	-8.470	2.422	12.521
307	-8.466	2.421	6.930
708	-8.463	2.066	6.944
601	-8.448	2.062	6.741
706	-8.437	2.063	6.933
317	-8.433	3.333	6.932
642	-8.433	2.064	6.934
879	-8.432	2.060	6.938
631	-8.423	2.060	6.938
662	-8.423	2.060	9.398
1773	-8.410	2.274	9.398
225	-8.398	2.230	8.338
495	-8.395	3.329	8.338
721	-8.391	3.326	8.666
107	-8.377	3.336	9.769
715	-8.373	3.330	9.720
730	-8.369	3.325	4.133
454	-8.349	2.409	4.133
530	-8.346	2.023	4.636
453	-8.338	2.216	0.075
456	-8.331	2.215	4.145
1876	-8.301	2.423	4.145
1748	-8.296	2.231	4.145
472	-8.284	3.323	4.145
47	-8.275	3.911	4.145
88	-8.275	3.912	4.145
761	-8.273	3.367	4.145
485	-8.260	2.237	4.136
1783	-8.260	2.240	4.136
807	-8.255	2.237	4.136
1785	-8.254	2.238	4.140
1818	-8.251	2.240	4.140
470	-8.249	3.309	4.140
395	-8.247	3.310	4.140
396	-8.247	3.310	4.143
486	-8.246	3.340	4.131
1806	-8.245	2.239	4.148
747	-8.244	3.338	4.148
827	-8.240	3.319	4.148
37	-8.239	3.459	4.139
167	-8.237	3.464	4.142
849	-8.235	3.385	4.149
890	-8.234	3.397	4.149
435	-8.220	3.394	4.143
106	-8.220	3.489	4.143
91	-8.218	3.921	4.140
98	-8.218	3.921	4.142
121	-8.218	3.493	4.133
772	-8.213	3.324	4.143
843	-8.212	3.395	4.125
614	-8.210	3.397	4.142
655	-8.210	3.399	4.141
660	-8.210	3.399	0.056
591	-8.209	3.396	4.144
599	-8.209	3.396	4.144
604	-8.209	3.396	0.064
637	-8.209	3.396	0.064
638	-8.209	3.396	0.064
1889	-8.201	3.329	0.064
1866	-8.192	3.309	0.064
508	-8.180	3.409	0.060
828	-8.179	3.339	0.069
476	-8.166	3.554	0.068
120	-8.159	3.544	4.135
291	-8.148	3.523	0.014
147	-8.146	3.522	0.014
407	-8.142	3.528	0.022
313	-8.135	2.526	0.015
314	-8.135	2.526	0.019
462	-8.126	2.526	0.019
405	-8.119	2.527	0.012
570	-8.115	3.340	0.011
582	-8.115	3.340	0.013
624	-8.115	3.340	0.004
628	-8.115	3.340	0.011
644	-8.115	3.340	0.010
650	-8.115	3.340	0.009
668	-8.105	3.319	0.009
467	-8.100	3.527	0.009
480	-8.091	3.553	0.010
416	-8.088	3.335	0.796
768	-8.087	2.535	0.753
790	-8.087	2.535	0.124
758	-8.086	2.534	0.747
762	-8.086	2.534	0.683
488	-8.081	2.536	0.662
618	-8.079	3.326	0.119
681	-8.072	3.337	0.121
814	-8.071	2.545	0.128
970	-8.065	3.634	1.147
529	-8.058	1.986	1.149
544	-8.058	1.986	1.086
1770	-8.053	3.553	5.841
1775	-8.053	3.543	5.841
532	-8.049	3.474	5.840
490	-8.042	2.539	5.783
1814	-8.042	3.551	19.452
439	-8.039	3.472	19.455
484	-8.039	3.613	19.455
230	-8.039	3.743	19.443
1804	-8.037	2.534	5.854
392	-8.037	3.743	5.854
409	-8.037	3.743	5.854
1738	-8.033	3.542	5.854
1779	-8.033	3.543	5.780
550	-8.021	3.649	2.677
526	-8.012	1.983	2.683
545	-8.012	1.983	2.680
783	-8.011	3.539	2.682
716	-8.010	3.642	2.682
331	-8.006	3.647	2.684
332	-8.006	3.647	2.686
459	-8.000	3.504	2.664
782	-7.996	3.536	2.680
254	-7.992	3.667	2.686
43	-7.986	3.754	6.516
96	-7.986	3.754	6.522
184	-7.984	3.755	6.522
1820	-7.984	3.188	6.522
1821	-7.984	3.188	6.522
1822	-7.984	3.188	6.525
1824	-7.984	3.188	6.525
1827	-7.984	3.188	6.525
1828	-7.984	3.188	6.596
1830	-7.984	3.188	6.596
1833	-7.984	3.188	6.596
1834	-7.984	3.188	6.595
1837	-7.984	3.188	19.627
1838	-7.984	3.188	19.261
1839	-7.984	3.188	19.261
1840	-7.984	3.188	19.261
1842	-7.984	3.188	19.628
1843	-7.984	3.188	5.221
1844	-7.984	3.188	5.624
1846	-7.984	3.188	5.631
1847	-7.984	3.188	6.739
1848	-7.984	3.188	6.740
1849	-7.984	3.188	6.739
1850	-7.984	3.188	19.366
1852	-7.984	3.188	6.683
1853	-7.984	3.188	1.778
1855	-7.984	3.188	1.735
1856	-7.984	3.188	4.982
1858	-7.984	3.188	19.268
1859	-7.984	3.188	5.160
1863	-7.984	3.188	5.162
1868	-7.984	3.188	12.517
1875	-7.984	3.188	12.533
1879	-7.984	3.188	12.523
1882	-7.984	3.188	12.521
1887	-7.984	3.188	5.180
1888	-7.984	3.188	6.933
1890	-7.984	3.188	6.934
333	-7.981	3.367	6.744
193	-7.978	3.665	6.933
773	-7.978	3.187	6.936
781	-7.978	3.187	6.936
812	-7.978	3.187	6.939
154	-7.977	3.665	6.939
719	-7.977	3.187	9.399
738	-7.977	3.187	8.537
743	-7.977	3.187	8.338
744	-7.977	3.187	8.338
745	-7.977	3.187	7.466
756	-7.977	3.187	9.769
819	-7.974	3.187	4.131
1101	-7.971	3.599	0.075
492	-7.970	3.189	4.145
714	-7.970	3.189	4.145
671	-7.962	2.277	4.144
813	-7.959	3.187	4.145
836	-7.959	3.187	4.145
750	-7.958	3.187	4.148
858	-7.955	3.181	4.136
885	-7.955	3.181	4.136
892	-7.955	3.181	4.140
1851	-7.954	3.181	4.139
1854	-7.954	3.181	4.139
1857	-7.954	3.181	4.139
1885	-7.954	3.182	4.127
1869	-7.954	3.182	4.134
556	-7.953	3.182	4.147
606	-7.953	3.182	4.139
686	-7.953	3.182	4.148
534	-7.952	3.337	4.148
575	-7.952	3.182	4.148
595	-7.952	3.182	0.047
611	-7.952	3.182	4.142
620	-7.952	3.182	4.142
643	-7.952	3.182	4.142
648	-7.952	3.182	4.145
677	-7.952	3.182	4.143
700	-7.952	3.182	4.143
709	-7.952	3.182	4.141
894	-7.951	3.181	4.141
867	-7.951	3.181	4.127
494	-7.951	3.188	0.048
664	-7.949	3.182	4.143
678	-7.949	3.182	4.134
469	-7.948	3.283	0.056
571	-7.948	3.784	0.056
746	-7.944	3.603	0.056
537	-7.942	3.314	0.056
323	-7.936	3.779	0.062
841	-7.935	3.181	0.062
856	-7.935	3.180	0.064
361	-7.934	3.180	0.029
562	-7.933	3.181	0.008
666	-7.933	3.181	0.024
692	-7.933	3.181	0.005
701	-7.933	3.181	0.017
702	-7.933	3.181	0.017
326	-7.927	3.317	0.006
519	-7.927	3.182	0.006
683	-7.921	3.784	0.009
444	-7.920	2.281	0.000
509	-7.919	3.785	0.000
525	-7.916	3.321	0.003
447	-7.912	3.779	0.751
839	-7.908	3.635	0.745
868	-7.907	3.635	0.687
854	-7.904	3.174	0.131
1782	-7.899	3.945	0.122
580	-7.895	3.637	0.689
627	-7.895	3.637	0.689
1769	-7.883	3.943	0.119
641	-7.879	3.634	1.140
1880	-7.873	3.144	1.144
1881	-7.873	3.144	1.139
784	-7.867	3.143	1.068
802	-7.867	3.142	1.080
354	-7.866	3.632	5.843
723	-7.866	3.143	5.843
234	-7.858	3.974	5.843
520	-7.851	3.656	5.843
607	-7.850	3.965	5.841
285	-7.850	3.958	5.841
873	-7.849	3.963	5.841
615	-7.847	3.967	5.785
679	-7.845	3.967	19.448
886	-7.845	3.136	19.452
861	-7.844	3.136	19.452
862	-7.844	3.136	19.453
306	-7.842	3.974	19.445
661	-7.842	3.137	5.855
690	-7.842	3.137	5.855
698	-7.842	3.137	5.855
156	-7.841	3.967	5.855
507	-7.833	3.965	5.855
513	-7.833	2.083	5.855
515	-7.833	2.083	5.855
365	-7.826	3.966	5.855
775	-7.824	3.802	5.855
619	-7.823	3.137	5.782
680	-7.823	3.137	2.687
367	-7.822	3.969	20.260
870	-7.818	3.968	20.534
424	-7.818	3.784	20.534
888	-7.811	2.107	2.676
129	-7.810	3.780	2.675
593	-7.808	2.107	20.534
640	-7.808	2.107	2.678
634	-7.808	2.107	2.677
645	-7.808	2.107	2.676
649	-7.808	2.107	2.672
160	-7.803	3.167	2.676
413	-7.796	2.086	5.831
518	-7.793	2.082	2.681
632	-7.781	2.503	2.682
585	-7.780	2.503	2.687
609	-7.780	2.503	2.686
159	-7.769	3.796	2.667
173	-7.768	3.795	2.686
840	-7.763	2.103	4.984
850	-7.763	2.103	4.984
897	-7.763	2.103	4.979
586	-7.761	2.103	12.524
636	-7.761	2.103	12.523
684	-7.761	2.103	6.933
553	-7.760	2.103	6.935
1861	-7.745	2.191	4.139
1867	-7.745	2.191	4.142
1873	-7.745	2.191	4.131
1877	-7.745	2.191	4.147
774	-7.744	2.189	4.139
787	-7.744	2.189	4.141
794	-7.744	2.189	4.148
797	-7.744	2.189	4.148
711	-7.737	2.186	4.142
499	-7.727	2.478	0.660
1795	-7.704	3.150	5.855
1798	-7.704	3.150	5.782
830	-7.701	3.147	20.260
731	-7.700	3.147	2.671
748	-7.700	3.147	20.534
1741	-7.700	3.148	2.677
1746	-7.700	3.148	2.677
1780	-7.699	3.148	2.676
817	-7.696	2.187	2.687
1836	-7.693	3.152	2.667
1878	-7.693	3.152	2.679
1841	-7.693	3.152	2.686
832	-7.690	3.150	6.526
837	-7.690	3.150	6.528
1808	-7.688	3.154	6.528
214	-7.684	3.149	6.528
1796	-7.682	3.152	6.597
1797	-7.682	3.152	6.597
816	-7.679	3.149	6.597
829	-7.679	3.149	6.597
729	-7.678	3.149	5.224
726	-7.678	3.149	5.628
1749	-7.677	3.150	19.362
1776	-7.677	3.150	6.684
851	-7.673	3.146	8.340
869	-7.673	3.146	8.340
883	-7.673	3.146	8.704
616	-7.670	3.147	4.145
667	-7.670	3.147	4.144
481	-7.669	3.150	4.144
713	-7.668	3.150	4.144
769	-7.668	3.152	4.145
855	-7.662	3.148	4.148
860	-7.662	3.148	4.136
874	-7.662	3.148	4.136
899	-7.662	3.148	4.136
579	-7.659	3.149	4.139
621	-7.659	3.149	4.139
853	-7.652	3.148	4.139
864	-7.651	3.148	4.142
847	-7.651	3.148	4.134
542	-7.650	3.148	4.147
699	-7.649	3.149	4.147
704	-7.649	3.149	4.148
669	-7.649	3.149	4.139
596	-7.648	3.149	4.148
1724	-7.645	3.141	0.047
412	-7.644	3.150	4.142
501	-7.633	3.151	4.142
498	-7.622	3.153	4.142
