378	-11.138	0.000	0.000
77	-11.131	0.001	0.001
61	-11.025	0.014	0.001
52	-11.024	0.014	0.001
55	-11.024	0.014	0.001
20	-11.024	0.014	0.001
22	-11.024	0.014	0.000
23	-11.024	0.014	0.000
27	-11.024	0.014	0.117
28	-11.024	0.014	24.677
81	-11.022	0.014	24.678
93	-11.022	0.014	24.920
105	-11.022	0.014	24.920
120	-11.022	0.014	7.132
125	-11.022	0.014	7.128
152	-11.022	0.014	24.920
155	-11.022	0.014	7.136
175	-11.022	0.014	7.135
38	-10.591	0.877	7.135
48	-10.591	0.877	7.134
5	-10.590	0.877	7.133
51	-10.590	0.877	7.129
29	-10.590	0.877	7.139
205	-10.587	0.877	7.585
220	-10.587	0.877	7.144
162	-10.587	0.877	7.153
420	-10.529	0.040	7.580
457	-10.506	0.041	7.579
470	-10.506	0.041	7.136
694	-10.499	0.041	7.146
393	-10.489	0.041	7.145
396	-10.488	0.041	2.300
475	-10.486	0.041	2.302
510	-10.458	0.040	2.302
291	-10.457	0.040	2.302
361	-10.457	0.040	2.303
366	-10.457	0.040	2.303
308	-10.456	0.040	2.303
541	-10.438	0.042	1.807
600	-10.438	0.042	1.805
519	-10.437	0.042	1.805
522	-10.437	0.042	1.803
527	-10.437	0.042	24.246
533	-10.437	0.042	23.751
343	-10.436	0.042	23.753
327	-10.436	0.042	23.753
332	-10.436	0.042	23.753
334	-10.436	0.042	1.180
335	-10.436	0.042	0.462
346	-10.436	0.042	1.918
355	-10.436	0.042	2.417
305	-10.435	0.042	23.793
348	-10.435	0.042	2.420
498	-10.423	0.042	2.414
294	-10.416	0.042	1.928
269	-10.415	0.042	1.933
270	-10.415	0.042	2.433
238	-10.412	0.046	1.866
240	-10.412	0.046	23.683
210	-10.405	0.047	1.302
211	-10.405	0.047	1.297
225	-10.405	0.047	7.105
228	-10.405	0.047	7.113
231	-10.405	0.047	7.121
95	-10.404	0.047	7.108
119	-10.404	0.047	7.106
176	-10.404	0.047	2.519
178	-10.404	0.047	2.394
139	-10.404	0.047	2.521
234	-10.370	0.047	2.522
435	-10.368	0.047	2.522
451	-10.368	0.047	2.522
213	-10.362	0.048	2.525
385	-10.352	0.045	2.524
284	-10.337	0.047	4.429
551	-10.296	0.048	3.526
256	-10.296	0.048	3.376
340	-10.295	0.048	3.376
342	-10.295	0.048	3.620
293	-10.294	0.048	4.374
290	-10.294	0.048	5.000
325	-10.146	0.875	9.801
262	-10.146	0.875	9.800
263	-10.146	0.875	9.638
300	-10.146	0.875	5.819
307	-10.145	0.875	9.722
401	-10.091	0.876	9.722
158	-10.071	0.876	9.721
7	-10.070	0.875	9.721
244	-10.048	0.876	9.721
436	-10.046	0.875	9.722
488	-10.046	0.875	9.722
164	-10.042	0.875	9.724
265	-10.026	0.876	9.720
315	-10.026	0.876	9.720
392	-9.064	2.131	9.720
30	-9.003	2.328	9.720
87	-9.001	2.328	9.720
127	-9.001	2.328	9.720
434	-8.893	2.409	9.720
233	-8.706	2.181	9.720
414	-8.705	2.181	9.718
184	-8.700	2.181	9.722
209	-8.700	2.181	9.722
254	-8.653	2.183	9.722
215	-8.636	2.187	9.722
194	-8.635	2.187	9.714
804	-8.628	2.179	9.722
37	-8.623	2.189	5.839
66	-8.623	2.189	9.720
72	-8.623	2.189	9.720
73	-8.623	2.189	9.718
74	-8.623	2.189	9.720
85	-8.622	2.189	9.720
186	-8.622	2.189	9.720
583	-8.619	2.180	9.715
321	-8.583	2.189	9.720
666	-8.555	2.178	9.720
221	-8.534	2.182	5.839
157	-8.533	2.182	9.720
497	-8.517	2.172	9.719
704	-8.509	2.113	5.835
135	-8.480	2.357	5.835
202	-8.480	2.357	5.835
199	-8.479	2.357	5.835
799	-8.475	2.262	5.829
25	-8.448	2.125	5.826
64	-8.448	2.125	5.826
68	-8.448	2.125	5.826
13	-8.447	2.125	9.719
163	-8.447	2.125	5.862
80	-8.446	2.125	5.860
96	-8.446	2.125	5.857
275	-8.442	2.179	5.862
585	-8.442	2.179	5.870
538	-8.442	2.179	5.870
496	-8.436	2.358	5.861
530	-8.433	2.358	5.861
531	-8.433	2.358	5.857
532	-8.433	2.358	5.858
232	-8.422	2.174	5.857
235	-8.422	2.371	5.854
418	-8.421	2.174	5.855
86	-8.416	2.371	5.855
751	-8.407	2.443	5.855
707	-8.404	2.127	5.852
351	-8.404	2.127	6.566
506	-8.404	2.127	6.561
535	-8.404	2.127	5.964
516	-8.404	2.279	6.503
693	-8.404	2.279	5.953
459	-8.397	2.452	6.477
17	-8.390	2.128	5.938
36	-8.389	2.128	5.956
62	-8.389	2.128	6.448
111	-8.388	2.129	6.907
148	-8.388	2.129	6.914
387	-8.387	2.173	6.914
405	-8.387	2.173	6.860
413	-8.387	2.173	6.862
417	-8.387	2.173	0.027
477	-8.386	2.173	0.027
179	-8.383	2.129	0.027
599	-8.369	2.368	0.027
732	-8.367	2.176	0.027
739	-8.367	2.176	0.028
251	-8.367	2.176	0.028
504	-8.367	2.176	0.106
314	-8.364	2.373	23.877
797	-8.359	2.434	23.880
800	-8.341	2.174	23.880
808	-8.341	2.174	23.880
279	-8.340	2.173	23.880
358	-8.340	2.173	23.869
743	-8.338	2.317	0.001
687	-8.335	2.317	0.001
273	-8.334	2.175	0.001
274	-8.334	2.175	0.001
319	-8.334	2.174	0.001
320	-8.334	2.174	0.001
520	-8.333	2.174	0.001
543	-8.333	2.174	0.000
571	-8.333	2.174	0.000
303	-8.285	2.188	0.117
439	-8.265	2.339	24.678
404	-8.258	2.443	24.920
480	-8.256	2.076	24.920
492	-8.254	2.453	24.920
402	-8.251	3.365	7.132
39	-8.251	2.453	24.920
40	-8.251	2.453	24.920
43	-8.250	3.365	7.135
170	-8.250	2.453	7.135
59	-8.250	2.453	7.129
31	-8.249	3.365	7.133
67	-8.249	3.365	0.072
108	-8.249	3.365	7.142
130	-8.249	3.365	7.584
201	-8.249	3.365	7.144
78	-8.249	3.365	7.156
82	-8.249	2.453	7.571
100	-8.249	2.453	7.150
101	-8.249	2.453	7.575
131	-8.249	2.453	7.136
190	-8.249	2.453	7.144
10	-8.248	3.365	2.300
14	-8.248	3.365	2.302
6	-8.248	3.365	7.581
12	-8.248	3.365	2.302
15	-8.248	3.365	2.303
16	-8.248	3.365	2.303
425	-8.242	2.446	2.303
627	-8.225	2.423	2.303
4	-8.224	3.368	1.805
84	-8.222	2.438	1.805
503	-8.221	2.445	1.803
640	-8.214	2.340	1.803
329	-8.206	2.447	23.995
277	-8.205	2.447	23.753
569	-8.205	2.448	23.753
517	-8.199	2.076	23.753
658	-8.197	2.447	1.118
206	-8.192	2.343	1.178
126	-8.191	2.343	1.917
159	-8.191	2.343	0.679
182	-8.191	2.343	23.793
183	-8.191	2.343	2.420
54	-8.175	2.449	2.414
106	-8.174	2.449	23.795
219	-8.174	2.449	1.928
720	-8.138	2.322	2.486
1	-8.129	3.372	1.866
550	-8.124	2.092	1.866
9	-8.052	3.797	1.885
33	-8.051	3.798	1.300
34	-8.051	3.798	11.448
44	-8.051	3.798	7.104
47	-8.051	3.798	7.121
58	-8.051	3.798	7.108
60	-8.051	3.798	7.106
65	-8.051	3.798	2.519
71	-8.051	3.798	2.521
75	-8.051	3.798	2.522
90	-8.051	3.798	2.400
91	-8.051	3.798	2.522
107	-8.051	3.798	2.523
123	-8.051	3.798	2.524
212	-8.051	3.798	2.525
356	-8.028	3.803	2.525
56	-7.851	3.810	3.376
116	-7.850	3.810	1.861
118	-7.778	3.763	4.374
99	-7.777	3.764	4.351
136	-7.696	3.927	9.720
150	-7.696	3.927	9.718
151	-7.696	3.927	9.722
260	-7.689	3.944	9.722
146	-7.626	3.804	9.720
18	-7.616	3.880	9.718
21	-7.615	3.880	9.718
24	-7.615	3.880	5.839
26	-7.615	3.880	9.720
79	-7.615	3.880	9.719
8	-7.615	3.880	5.835
11	-7.615	3.880	5.835
271	-7.587	3.896	5.826
2	-7.583	3.897	5.873
3	-7.583	3.897	5.860
556	-7.555	3.825	5.861
372	-7.250	0.966	23.995
430	-7.241	0.999	23.753
313	-7.237	0.996	1.180
562	-7.231	1.003	2.420
368	-7.222	0.704	1.928
431	-7.204	0.991	7.106
1951	-7.198	1.021	9.638
1957	-7.198	1.021	9.586
1966	-7.198	1.021	9.722
1967	-7.198	1.021	9.722
1644	-7.196	1.021	9.722
1726	-7.196	1.021	9.721
567	-7.194	0.998	9.720
468	-7.161	1.033	5.839
654	-7.151	1.035	9.719
767	-7.148	1.036	5.835
575	-7.148	1.036	5.835
733	-7.148	1.036	5.835
738	-7.148	1.036	5.835
674	-7.145	1.039	5.861
1606	-7.145	1.016	5.861
729	-7.144	3.419	5.855
779	-7.140	1.035	6.470
490	-7.139	1.035	6.916
524	-7.136	1.037	6.901
611	-7.136	1.036	6.868
621	-7.136	1.036	0.027
696	-7.136	1.037	0.027
699	-7.136	1.037	0.027
512	-7.135	1.037	0.027
484	-7.126	1.029	23.880
486	-7.126	1.030	23.880
469	-7.123	1.030	23.869
450	-7.122	1.030	0.001
389	-7.119	1.031	0.000
479	-7.119	1.031	0.000
634	-7.118	1.036	0.000
455	-7.113	1.031	0.000
752	-7.113	1.034	0.000
655	-7.113	1.033	0.000
587	-7.112	1.033	0.001
588	-7.112	1.033	0.001
589	-7.112	1.033	0.117
590	-7.112	1.033	24.678
395	-7.110	1.031	24.678
399	-7.110	1.032	24.920
742	-7.110	1.033	24.920
671	-7.107	1.033	7.134
665	-7.105	1.034	7.132
353	-7.104	1.034	24.920
602	-7.098	1.035	7.137
612	-7.098	1.035	7.135
613	-7.098	1.035	7.134
701	-7.098	1.035	7.129
514	-7.097	1.034	7.133
433	-6.986	3.880	9.720
406	-6.982	3.881	9.720
1687	-6.907	3.411	5.855
753	-6.906	3.870	5.852
771	-6.906	3.871	6.601
668	-6.905	3.871	6.561
606	-6.904	3.871	5.964
750	-6.902	3.408	6.556
558	-6.893	3.407	6.914
759	-6.891	3.410	0.027
769	-6.891	3.410	0.027
485	-6.891	3.408	0.028
592	-6.889	3.409	0.028
647	-6.889	3.409	0.106
1645	-6.889	3.408	23.877
1678	-6.889	3.408	23.880
1722	-6.889	3.408	23.880
489	-6.888	3.409	23.880
643	-6.888	3.409	23.869
494	-6.886	3.408	0.000
427	-6.886	3.409	0.000
657	-6.886	3.410	0.000
397	-6.741	3.841	0.000
1666	-6.711	3.848	2.303
384	-6.708	3.838	2.303
561	-6.708	3.838	2.303
1761	-6.707	3.843	1.805
446	-6.705	3.837	1.805
447	-6.705	3.837	1.803
642	-6.704	3.837	24.247
645	-6.704	3.836	23.995
768	-6.704	3.837	23.753
777	-6.704	3.837	23.753
689	-6.704	3.836	23.753
803	-6.704	3.837	1.173
542	-6.703	3.836	0.462
670	-6.703	3.836	1.917
672	-6.703	3.836	2.484
708	-6.703	3.836	23.793
648	-6.702	3.837	2.420
483	-6.702	3.837	2.414
715	-6.701	3.837	5.493
528	-6.700	3.836	1.930
636	-6.699	3.835	2.484
628	-6.697	3.835	1.884
631	-6.697	3.835	1.295
1611	-6.692	3.843	7.121
1619	-6.692	3.843	7.108
1735	-6.664	2.355	3.376
1750	-6.663	2.355	3.376
1783	-6.663	2.356	1.860
1943	-6.662	2.357	4.999
1944	-6.662	2.357	4.351
1946	-6.662	2.357	9.799
1947	-6.662	2.357	9.638
1948	-6.662	2.357	5.819
1950	-6.662	2.357	9.722
1954	-6.662	2.357	9.722
1955	-6.662	2.357	9.721
1956	-6.662	2.357	9.721
1958	-6.662	2.357	9.721
1965	-6.662	2.357	9.721
1968	-6.662	2.357	9.722
1975	-6.662	2.357	9.722
757	-6.650	2.368	9.720
785	-6.650	2.368	9.720
595	-6.649	2.367	9.720
731	-6.649	2.367	9.720
572	-6.648	2.367	9.720
717	-6.647	2.369	9.720
719	-6.647	2.369	9.718
603	-6.644	2.371	9.718
604	-6.644	2.371	9.720
491	-6.643	2.374	9.722
377	-6.642	2.348	9.722
685	-6.640	2.349	9.718
557	-6.639	2.350	9.720
560	-6.639	2.350	9.718
638	-6.635	2.379	9.720
1779	-6.628	2.356	9.720
763	-6.625	2.369	9.715
796	-6.625	2.369	9.720
718	-6.621	2.370	9.721
487	-6.618	2.367	5.835
440	-6.617	2.368	5.835
460	-6.617	2.368	5.835
461	-6.617	2.368	5.827
801	-6.617	2.368	5.826
773	-6.616	2.368	5.827
788	-6.616	2.368	5.827
443	-6.616	2.368	5.861
448	-6.616	2.368	5.861
649	-6.615	2.367	5.875
453	-6.613	2.371	5.855
386	-6.613	2.371	5.870
360	-6.613	2.369	5.870
660	-6.612	2.370	5.857
354	-6.612	2.370	5.861
712	-6.612	2.369	5.852
422	-6.611	2.372	5.858
471	-6.611	2.372	5.856
552	-6.611	2.371	5.856
554	-6.611	2.370	5.854
744	-6.611	2.366	5.855
328	-6.609	2.373	5.855
344	-6.609	2.373	5.852
534	-6.609	2.371	6.601
609	-6.609	2.371	6.561
624	-6.609	2.371	6.512
703	-6.609	2.372	6.556
662	-6.578	3.944	7.134
740	-6.577	3.945	7.132
523	-6.573	3.945	7.142
1530	-6.419	3.953	0.453
445	-6.397	3.941	2.414
632	-6.394	3.939	5.495
778	-6.394	3.943	1.928
549	-6.394	3.942	2.486
591	-6.394	3.942	1.866
593	-6.394	3.942	1.866
697	-6.392	3.941	1.885
559	-6.392	3.946	1.297
711	-6.391	3.942	11.448
669	-6.391	3.942	7.113
580	-6.391	3.942	7.121
513	-6.390	3.942	7.106
364	-6.267	3.434	9.718
1942	-6.261	3.434	9.720
1953	-6.261	3.434	9.718
1959	-6.261	3.434	9.720
1960	-6.261	3.434	5.839
1963	-6.261	3.434	9.720
1964	-6.261	3.434	9.713
1969	-6.261	3.434	9.720
1970	-6.261	3.434	9.715
1971	-6.261	3.434	9.717
1974	-6.261	3.434	5.839
465	-6.259	3.424	9.720
466	-6.259	3.424	5.835
1636	-6.259	3.434	5.835
1692	-6.259	3.434	5.835
499	-6.256	3.421	5.835
540	-6.256	3.424	5.835
597	-6.256	3.424	9.719
734	-6.256	3.424	5.826
495	-6.255	3.418	5.827
661	-6.255	3.422	5.823
507	-6.255	3.424	5.860
548	-6.255	3.424	5.861
529	-6.254	3.422	5.874
570	-6.252	3.417	5.855
681	-6.244	3.427	5.870
1952	-6.244	3.688	5.871
1972	-6.244	3.688	5.857
1973	-6.244	3.688	5.861
761	-6.241	3.682	5.853
1759	-6.239	3.428	5.858
1791	-6.239	3.428	5.856
1797	-6.239	3.428	5.856
1802	-6.239	3.428	5.854
1747	-6.238	3.427	5.855
710	-6.238	3.683	5.855
1731	-6.237	3.427	5.853
746	-6.236	3.418	6.601
714	-6.233	3.418	6.561
691	-6.233	3.418	6.512
1769	-6.223	3.684	6.556
1760	-6.222	3.684	6.497
1780	-6.222	3.684	6.477
1801	-6.222	3.684	5.958
1757	-6.221	3.685	5.945
1728	-6.220	3.684	6.484
783	-6.219	3.677	6.471
786	-6.219	3.677	6.914
748	-6.219	3.679	6.914
806	-6.218	3.677	6.859
677	-6.217	3.415	6.846
735	-6.216	3.679	0.027
736	-6.216	3.679	0.027
1788	-6.212	3.416	0.027
505	-6.207	3.405	0.027
577	-6.207	3.405	0.027
598	-6.207	3.405	0.028
555	-6.206	3.404	0.028
525	-6.205	3.403	0.106
1701	-6.191	3.410	0.106
758	-6.191	3.670	23.880
1752	-6.189	3.409	23.880
1756	-6.189	3.409	23.880
1739	-6.189	3.409	23.880
756	-6.187	3.399	23.869
790	-6.187	3.399	0.000
795	-6.187	3.398	0.000
802	-6.187	3.400	0.000
605	-6.187	3.669	0.000
625	-6.187	3.669	0.000
805	-6.186	3.399	0.000
650	-6.185	3.401	0.000
723	-6.185	3.400	0.001
724	-6.185	3.400	0.001
725	-6.185	3.400	0.117
737	-6.185	3.400	24.678
709	-6.184	3.399	24.678
1717	-6.173	3.671	24.920
1785	-6.172	3.671	24.920
1786	-6.172	3.671	7.132
1800	-6.172	3.671	7.127
1690	-6.170	3.672	24.920
755	-6.169	3.666	7.136
726	-6.167	3.666	7.135
700	-6.165	3.665	7.135
781	-6.069	3.113	5.835
1945	-6.068	3.123	5.835
1949	-6.068	3.123	5.835
1976	-6.068	3.123	5.835
1962	-6.068	3.123	5.829
