245	-7.726	0.000	9.799
429	-7.726	0.000	9.638
380	-7.725	0.000	9.635
70	-7.709	0.005	9.722
57	-7.709	0.005	9.722
69	-7.709	0.005	9.721
76	-7.709	0.005	9.721
83	-7.709	0.005	9.721
114	-7.709	0.005	9.721
122	-7.709	0.005	9.722
129	-7.709	0.005	9.721
133	-7.709	0.005	9.723
154	-7.709	0.005	9.720
177	-7.709	0.005	9.720
316	-7.707	0.008	9.722
287	-7.707	0.008	9.720
299	-7.707	0.008	9.720
312	-7.706	0.018	9.720
675	-7.686	0.042	9.722
501	-7.672	1.357	9.718
185	-7.671	1.580	9.722
132	-7.670	1.342	9.722
153	-7.670	1.342	9.722
160	-7.670	1.342	9.718
282	-7.666	1.350	9.720
292	-7.666	1.350	9.720
336	-7.666	1.350	9.720
367	-7.666	1.350	5.839
149	-7.622	1.156	9.720
207	-7.619	1.154	9.720
264	-7.612	1.154	5.835
102	-7.599	0.061	5.835
142	-7.594	1.147	9.719
187	-7.594	1.147	5.826
113	-7.590	0.786	5.827
181	-7.575	1.082	5.875
144	-7.566	1.545	5.856
145	-7.566	1.545	5.870
137	-7.565	1.546	5.870
138	-7.565	1.546	5.870
196	-7.559	1.557	5.856
94	-7.556	1.561	5.861
318	-7.539	1.642	5.856
563	-7.537	1.558	5.856
564	-7.537	1.558	5.854
203	-7.537	1.642	5.855
208	-7.537	1.642	5.855
112	-7.536	1.643	5.855
104	-7.536	1.642	6.605
169	-7.535	1.642	6.561
257	-7.534	1.646	6.561
200	-7.533	1.571	6.556
338	-7.532	1.547	6.502
376	-7.532	1.547	6.477
289	-7.531	1.548	5.958
161	-7.531	1.549	6.504
247	-7.531	1.549	6.458
382	-7.531	1.549	6.471
362	-7.531	0.712	6.914
586	-7.530	1.571	6.916
115	-7.530	1.550	6.860
117	-7.530	1.551	6.846
124	-7.530	1.551	6.856
545	-7.529	1.572	0.027
509	-7.529	1.573	0.027
141	-7.529	1.552	0.027
174	-7.529	1.552	0.027
259	-7.528	1.574	0.028
601	-7.528	1.576	0.028
610	-7.528	1.576	0.106
623	-7.528	1.576	0.106
49	-7.528	1.581	23.877
218	-7.528	1.644	23.880
128	-7.527	1.644	23.880
1586	-7.526	1.554	23.880
226	-7.526	1.645	23.869
230	-7.526	1.645	0.001
324	-7.524	1.560	0.000
481	-7.524	1.560	0.000
482	-7.524	1.560	0.000
444	-7.523	1.561	0.000
463	-7.523	1.561	0.000
456	-7.522	1.564	0.000
191	-7.522	1.645	0.001
192	-7.522	1.645	0.001
193	-7.522	1.645	0.117
311	-7.521	1.565	24.678
349	-7.521	1.565	24.678
394	-7.521	1.565	24.920
474	-7.521	1.565	24.920
302	-7.519	1.570	7.132
32	-7.510	1.644	7.132
143	-7.507	1.642	24.920
173	-7.506	1.643	7.137
618	-7.504	1.646	7.135
266	-7.501	1.647	7.135
236	-7.501	1.644	7.134
204	-7.501	1.646	7.133
322	-7.500	1.645	0.081
309	-7.500	1.646	7.139
388	-7.499	1.645	7.585
407	-7.499	1.645	7.144
411	-7.499	1.645	7.153
97	-7.499	1.647	7.579
98	-7.499	1.647	7.580
217	-7.498	1.645	7.135
333	-7.497	1.645	7.146
345	-7.497	1.645	7.153
874	-7.476	1.942	2.300
890	-7.476	1.942	2.302
895	-7.476	1.942	2.302
897	-7.476	1.942	2.302
905	-7.476	1.942	2.302
912	-7.476	1.942	2.303
914	-7.476	1.942	2.303
927	-7.476	1.942	1.787
935	-7.476	1.942	1.805
942	-7.476	1.942	1.805
943	-7.476	1.942	1.803
944	-7.476	1.942	24.247
953	-7.476	1.942	23.995
956	-7.476	1.942	23.753
961	-7.476	1.942	23.753
962	-7.476	1.942	23.753
963	-7.476	1.942	1.173
967	-7.476	1.942	0.462
968	-7.476	1.942	1.917
970	-7.476	1.942	2.416
971	-7.476	1.942	23.793
981	-7.476	1.942	2.420
984	-7.476	1.942	2.414
986	-7.476	1.942	5.053
987	-7.476	1.941	1.930
1029	-7.473	1.944	2.432
1040	-7.473	1.944	1.866
1048	-7.473	1.944	1.866
1053	-7.473	1.944	1.884
1106	-7.473	1.944	1.296
1122	-7.473	1.944	0.483
1130	-7.473	1.943	7.113
1162	-7.473	1.944	7.121
1178	-7.473	1.943	7.108
1186	-7.473	1.943	7.106
1187	-7.473	1.943	2.520
1320	-7.473	1.944	2.394
1321	-7.473	1.944	2.516
991	-7.471	1.941	2.521
352	-7.464	1.191	2.521
156	-7.460	1.192	2.522
168	-7.455	0.899	2.524
121	-7.454	0.899	2.525
140	-7.454	0.899	4.428
180	-7.454	0.899	4.429
283	-7.448	1.193	3.376
103	-7.447	1.195	3.376
41	-7.437	0.898	3.620
46	-7.437	0.898	4.374
63	-7.437	0.898	4.999
35	-7.436	0.898	9.801
88	-7.436	0.898	9.800
171	-7.436	0.898	9.638
615	-7.435	1.195	5.819
573	-7.419	1.627	9.722
508	-7.417	1.627	9.722
616	-7.416	1.628	9.721
537	-7.396	1.458	9.721
350	-7.394	1.454	9.721
518	-7.377	1.874	9.722
248	-7.372	2.606	9.722
261	-7.372	2.608	9.721
408	-7.369	1.863	9.720
419	-7.369	1.863	9.720
416	-7.368	1.863	9.720
478	-7.368	1.863	9.720
421	-7.368	1.864	9.720
223	-7.368	2.607	9.720
441	-7.366	2.561	9.720
347	-7.366	2.607	9.720
379	-7.366	2.607	9.718
415	-7.365	2.561	9.722
904	-7.363	1.904	9.722
940	-7.362	1.903	9.722
926	-7.361	1.902	9.718
1377	-7.360	1.906	9.720
1446	-7.360	1.899	9.722
1454	-7.360	1.899	9.722
1455	-7.360	1.899	9.720
1460	-7.360	1.899	9.720
1462	-7.360	1.899	9.718
1464	-7.360	1.899	9.720
1465	-7.360	1.899	9.719
1469	-7.360	1.899	9.720
1470	-7.360	1.899	9.715
1504	-7.360	1.899	9.720
1506	-7.360	1.899	9.720
1228	-7.359	1.905	5.839
1310	-7.359	1.905	9.720
996	-7.359	1.905	9.717
997	-7.359	1.905	5.835
1163	-7.359	1.905	5.835
189	-7.358	1.901	5.835
1275	-7.357	1.902	5.835
1173	-7.356	1.900	5.830
1174	-7.356	1.900	5.829
323	-7.355	1.904	5.826
1155	-7.355	1.898	5.827
1249	-7.355	1.897	9.719
1256	-7.355	1.898	5.861
1277	-7.355	1.898	5.861
1295	-7.355	1.898	5.875
1329	-7.355	1.898	5.862
1331	-7.355	1.898	5.870
224	-7.354	1.906	5.870
222	-7.354	1.905	5.861
227	-7.353	1.907	5.861
1494	-7.352	1.886	5.857
1500	-7.352	1.886	5.858
1516	-7.352	1.886	5.856
1527	-7.352	1.886	5.855
1532	-7.352	1.886	5.855
1533	-7.352	1.886	5.855
1646	-7.347	1.890	5.855
1662	-7.347	1.890	5.852
1663	-7.347	1.890	6.566
1672	-7.347	1.890	6.562
1700	-7.347	1.890	5.964
1247	-7.347	1.988	6.545
1599	-7.346	1.892	5.953
1622	-7.346	1.892	6.477
990	-7.345	1.986	5.958
147	-7.344	2.607	5.956
403	-7.344	2.607	5.929
276	-7.340	2.608	6.890
249	-7.339	2.611	6.914
286	-7.339	2.608	6.916
306	-7.339	2.608	6.860
835	-7.332	1.950	6.849
899	-7.332	1.949	0.027
1261	-7.330	1.952	0.027
1098	-7.329	1.960	0.027
1141	-7.329	1.953	0.027
833	-7.327	1.679	0.027
837	-7.327	1.680	0.028
853	-7.327	1.679	0.028
976	-7.327	1.679	0.106
850	-7.327	1.679	23.877
1061	-7.323	1.678	23.880
1114	-7.323	1.680	23.880
716	-7.322	1.666	23.880
357	-7.322	1.664	23.880
390	-7.315	1.665	23.869
391	-7.315	1.665	0.000
410	-7.315	1.665	0.000
449	-7.315	1.665	0.000
851	-7.307	2.687	0.000
915	-7.307	2.687	0.000
916	-7.307	2.687	0.000
925	-7.307	2.687	0.000
928	-7.307	2.687	0.001
931	-7.307	2.687	0.001
932	-7.307	2.687	0.117
938	-7.307	2.687	24.678
941	-7.307	2.687	24.920
951	-7.307	2.687	24.920
954	-7.307	2.687	24.920
957	-7.307	2.687	7.132
1184	-7.305	2.688	24.920
1218	-7.305	2.688	24.920
993	-7.305	2.688	7.135
1006	-7.305	2.688	7.135
1060	-7.305	2.688	7.129
1079	-7.305	2.688	7.133
1540	-7.297	1.665	0.072
892	-7.297	1.667	7.142
834	-7.296	1.667	7.139
838	-7.296	1.667	7.144
1483	-7.296	1.666	7.144
1432	-7.295	1.666	7.147
1436	-7.295	1.666	7.150
1437	-7.295	1.666	7.579
1457	-7.295	1.666	7.136
188	-7.293	1.667	7.145
1664	-7.290	1.666	2.300
1713	-7.290	1.666	2.302
1715	-7.290	1.666	2.302
280	-7.287	1.668	2.302
281	-7.287	1.668	2.302
216	-7.286	1.668	2.303
242	-7.286	1.668	2.303
285	-7.286	1.668	2.302
229	-7.285	1.669	1.805
268	-7.284	1.669	1.805
317	-7.254	1.155	1.805
365	-7.253	1.156	1.803
250	-7.244	1.161	23.753
412	-7.242	1.174	23.753
646	-7.241	1.170	1.123
596	-7.241	1.170	1.177
584	-7.240	1.171	0.466
359	-7.233	0.807	2.417
1740	-7.223	1.907	2.415
1746	-7.223	1.907	23.794
1245	-7.219	1.917	2.486
1241	-7.216	1.911	1.866
576	-7.216	0.174	1.866
1771	-7.215	1.894	1.885
1776	-7.215	1.894	1.301
1796	-7.215	1.894	11.434
1798	-7.215	1.895	7.105
1799	-7.215	1.894	7.121
1792	-7.215	1.898	7.108
1380	-7.204	1.879	2.400
1383	-7.204	1.878	2.520
1546	-7.204	1.869	2.521
1551	-7.204	1.867	2.400
1260	-7.203	1.877	2.522
885	-7.202	2.596	2.523
911	-7.202	2.596	2.523
933	-7.202	2.596	2.525
965	-7.202	2.596	2.525
1289	-7.201	1.873	4.429
1313	-7.201	1.873	3.379
1391	-7.201	1.873	3.376
1721	-7.200	1.874	3.376
1316	-7.200	1.870	1.860
1255	-7.199	1.868	4.374
1230	-7.199	1.865	4.351
1334	-7.199	1.868	9.800
995	-7.198	2.597	9.721
1031	-7.198	2.597	9.721
1033	-7.198	2.597	9.721
1068	-7.198	2.597	9.721
1710	-7.195	1.859	9.723
1723	-7.195	1.858	9.720
921	-7.194	2.591	9.722
842	-7.194	2.591	9.720
896	-7.192	2.591	9.720
1649	-7.191	2.588	9.720
1652	-7.191	2.588	9.722
1212	-7.191	2.592	9.715
1628	-7.190	2.588	9.722
1227	-7.190	2.592	9.722
1272	-7.190	2.592	9.722
1515	-7.190	2.589	9.718
1418	-7.188	2.590	9.722
1426	-7.188	2.590	9.722
1442	-7.188	2.590	9.722
1463	-7.188	2.590	9.720
1479	-7.188	2.590	9.720
1314	-7.186	2.591	9.720
1298	-7.186	2.591	9.720
337	-7.176	1.194	5.839
374	-7.176	1.194	9.720
375	-7.176	1.194	9.720
432	-7.175	1.195	9.720
363	-7.175	1.194	9.718
400	-7.168	1.197	9.717
267	-7.159	1.954	9.720
919	-7.148	2.649	5.830
920	-7.148	2.649	5.826
974	-7.148	2.649	5.827
862	-7.147	2.649	5.826
906	-7.147	2.649	5.832
977	-7.147	2.649	5.862
1001	-7.146	2.650	5.874
1166	-7.146	2.650	5.857
1268	-7.146	2.650	5.870
1357	-7.146	2.650	5.870
1348	-7.146	2.650	5.870
1763	-7.145	1.672	5.861
1793	-7.145	1.672	5.856
1499	-7.145	2.648	5.856
1503	-7.145	2.648	5.854
1507	-7.145	2.648	5.855
1508	-7.145	2.648	0.000
1487	-7.144	2.648	5.852
1224	-7.144	2.649	6.561
1354	-7.144	2.649	6.561
1215	-7.143	2.650	6.556
1406	-7.143	2.649	6.502
1293	-7.142	2.649	5.953
398	-7.141	2.648	5.958
1231	-7.141	2.649	6.504
1278	-7.141	2.649	6.506
437	-7.140	2.648	6.910
1584	-7.138	2.644	6.860
1589	-7.135	2.644	0.028
1592	-7.135	2.644	0.028
1621	-7.135	2.644	0.028
1642	-7.135	2.644	0.106
1667	-7.135	2.644	23.876
1371	-7.125	1.670	23.880
464	-7.069	2.523	2.303
1765	-7.068	2.609	2.303
608	-7.063	1.847	1.805
633	-7.060	1.848	1.805
982	-7.057	2.602	23.753
371	-7.057	0.792	23.753
1120	-7.054	2.603	23.753
1734	-7.047	1.523	1.173
45	-7.041	2.110	2.484
1755	-7.040	1.654	23.793
1674	-7.039	1.514	2.420
1680	-7.039	1.514	2.414
1681	-7.039	1.514	5.053
1720	-7.039	1.514	1.930
888	-7.039	0.796	2.486
1698	-7.038	1.514	1.866
1651	-7.038	1.515	1.866
1659	-7.038	1.515	1.884
1634	-7.037	1.515	1.295
695	-7.033	1.519	11.448
462	-7.029	0.789	7.113
1670	-7.028	1.652	7.121
1689	-7.028	1.652	7.108
1703	-7.028	1.653	7.106
1753	-7.027	1.525	2.519
1772	-7.027	1.518	2.527
1773	-7.027	1.518	2.398
1782	-7.027	1.518	2.521
1805	-7.027	1.518	2.521
1806	-7.027	1.517	2.521
1764	-7.026	1.518	2.524
1794	-7.026	1.518	2.524
1766	-7.025	1.518	4.428
1768	-7.025	1.518	4.429
1738	-7.021	1.534	3.376
1697	-7.021	2.592	3.376
1344	-7.021	2.593	3.619
1590	-7.019	2.592	4.374
1288	-7.019	2.593	4.999
1303	-7.018	2.592	9.801
1304	-7.018	2.592	9.799
1104	-7.015	1.516	5.819
1346	-7.014	1.508	9.722
780	-7.004	1.486	9.722
776	-7.004	1.490	9.721
1282	-7.002	1.653	9.721
652	-7.001	1.489	9.721
620	-6.999	1.491	9.721
442	-6.996	1.195	9.720
762	-6.980	1.648	9.720
772	-6.980	1.648	9.720
676	-6.979	1.645	9.720
684	-6.979	1.645	9.718
749	-6.978	1.136	9.722
809	-6.978	1.136	9.722
664	-6.971	1.647	9.722
730	-6.958	1.131	9.722
1635	-6.955	1.134	9.722
1961	-6.948	1.126	9.720
766	-6.942	1.125	9.720
774	-6.942	1.125	9.718
791	-6.942	1.125	9.720
792	-6.942	1.125	9.719
793	-6.942	1.125	9.720
798	-6.942	1.125	9.715
807	-6.942	1.125	9.720
770	-6.942	1.124	9.721
745	-6.940	1.125	5.839
500	-6.939	1.126	9.720
1784	-6.935	1.129	5.835
565	-6.931	1.118	5.835
679	-6.931	1.118	5.835
686	-6.931	1.118	5.835
452	-6.927	1.123	5.835
728	-6.925	1.120	5.829
574	-6.924	1.120	5.826
426	-6.923	1.124	5.827
702	-6.923	1.121	9.719
705	-6.923	1.121	5.861
1727	-6.922	1.124	5.861
639	-6.918	1.122	5.856
741	-6.917	1.123	5.856
713	-6.917	1.123	5.855
683	-6.911	0.786	5.855
1977	-6.901	0.789	6.497
747	-6.900	0.788	6.477
811	-6.900	0.788	5.959
1388	-6.899	2.569	5.956
784	-6.898	0.788	5.963
789	-6.898	0.788	6.890
258	-6.889	2.865	23.880
680	-6.888	0.785	0.000
765	-6.874	0.787	0.000
721	-6.863	0.784	0.000
692	-6.862	0.784	0.001
641	-6.862	0.784	0.001
547	-6.861	0.784	0.117
810	-6.860	0.164	24.678
812	-6.860	0.164	24.678
760	-6.859	0.163	24.920
1677	-6.859	0.184	24.920
553	-6.858	0.784	7.132
659	-6.858	0.783	24.920
706	-6.855	0.784	7.135
622	-6.855	0.784	7.135
1433	-6.851	2.126	7.129
1434	-6.851	2.126	7.134
1467	-6.851	2.126	7.132
134	-6.848	2.127	7.142
1008	-6.847	2.896	7.139
1050	-6.847	2.896	7.144
722	-6.843	0.165	7.144
727	-6.843	0.165	7.147
754	-6.837	0.163	1.329
782	-6.837	0.163	2.521
794	-6.837	0.163	2.521
787	-6.837	0.164	2.400
698	-6.836	0.161	2.522
1708	-6.836	0.187	2.523
644	-6.821	0.167	4.429
544	-6.821	0.166	3.530
582	-6.820	0.166	3.376
667	-6.819	0.165	1.860
673	-6.819	0.165	4.374
526	-6.815	0.162	9.721
617	-6.815	0.162	9.722
1711	-6.815	0.172	9.722
1729	-6.812	0.172	9.723
19	-6.806	2.990	9.720
1706	-6.801	2.540	9.720
339	-6.763	2.891	0.028
295	-6.758	2.894	0.028
110	-6.738	2.981	0.000
42	-6.737	2.980	0.001
89	-6.737	2.980	0.001
172	-6.737	2.980	0.117
326	-6.736	2.981	7.159
53	-6.735	2.981	24.678
568	-6.724	2.883	24.920
678	-6.724	2.883	24.920
272	-6.724	2.889	7.134
288	-6.724	2.889	7.132
383	-6.724	2.888	24.920
304	-6.722	2.890	7.142
255	-6.721	2.885	7.135
521	-6.721	2.885	7.134
197	-6.721	2.889	7.129
198	-6.721	2.889	7.133
239	-6.721	2.889	0.072
241	-6.721	2.889	7.140
341	-6.721	2.889	7.585
409	-6.721	2.888	7.144
424	-6.721	2.889	7.153
515	-6.720	2.885	7.151
166	-6.720	2.890	7.150
167	-6.720	2.890	7.578
296	-6.720	2.890	7.146
297	-6.720	2.890	7.145
310	-6.720	2.890	2.300
438	-6.720	2.889	2.302
930	-6.719	2.992	2.302
301	-6.719	2.890	2.302
330	-6.719	2.890	2.302
1451	-6.693	2.890	11.448
1468	-6.693	2.890	7.113
246	-6.687	2.906	7.106
92	-6.687	2.907	2.518
50	-6.683	2.911	2.398
369	-6.677	2.981	2.521
373	-6.677	2.981	2.521
237	-6.676	2.981	2.523
454	-6.675	2.982	2.399
278	-6.674	2.982	2.524
165	-6.673	2.982	4.428
252	-6.670	2.980	4.429
978	-6.650	2.737	9.720
1003	-6.648	2.736	9.720
1473	-6.646	2.984	9.722
1489	-6.645	2.984	9.722
1490	-6.645	2.984	9.722
502	-6.628	2.861	9.720
214	-6.622	2.863	9.716
423	-6.622	2.863	5.839
458	-6.622	2.863	5.839
493	-6.620	2.864	5.835
298	-6.619	2.863	5.835
109	-6.607	2.721	6.497
381	-6.606	2.977	6.477
195	-6.605	2.721	5.959
331	-6.603	2.978	5.956
253	-6.600	2.718	5.963
682	-6.596	2.882	6.916
594	-6.593	2.883	0.027
688	-6.593	2.883	0.027
579	-6.592	2.883	0.027
614	-6.592	2.883	0.027
626	-6.592	2.883	0.027
663	-6.592	2.883	0.028
1424	-6.592	2.887	0.028
1427	-6.592	2.887	0.106
1428	-6.592	2.887	0.106
1430	-6.592	2.887	23.880
1435	-6.592	2.887	23.880
1408	-6.592	2.887	23.880
1409	-6.592	2.887	23.880
1410	-6.592	2.887	23.869
1413	-6.592	2.887	0.000
1425	-6.592	2.887	0.000
1438	-6.592	2.887	0.000
1459	-6.592	2.887	0.000
1471	-6.592	2.887	0.000
1472	-6.592	2.887	0.000
1522	-6.592	2.887	0.000
1524	-6.592	2.887	0.001
1536	-6.592	2.887	0.001
1556	-6.592	2.887	0.117
1560	-6.592	2.887	24.678
1576	-6.592	2.887	24.678
1419	-6.592	2.887	24.920
1420	-6.592	2.887	24.920
1421	-6.592	2.887	7.132
1429	-6.592	2.887	7.127
1637	-6.591	2.887	24.920
1640	-6.591	2.887	7.135
629	-6.590	2.884	7.135
630	-6.590	2.884	7.135
1485	-6.576	2.731	7.142
566	-6.575	2.838	7.139
536	-6.569	2.839	7.144
546	-6.569	2.839	7.147
690	-6.569	2.840	7.151
1466	-6.566	2.724	7.579
1444	-6.562	2.890	7.135
1449	-6.561	2.890	7.146
1450	-6.561	2.890	2.300
1453	-6.561	2.890	2.300
1456	-6.561	2.890	2.302
1458	-6.561	2.890	2.302
1541	-6.561	2.891	2.302
1567	-6.561	2.891	2.302
1575	-6.561	2.890	2.303
1585	-6.561	2.891	2.303
1660	-6.560	2.891	1.805
1615	-6.559	2.891	1.805
1676	-6.559	2.891	1.805
1758	-6.553	2.893	1.803
1422	-6.550	2.984	23.995
1423	-6.550	2.984	23.753
1443	-6.550	2.984	23.753
1511	-6.549	2.984	23.753
1407	-6.549	2.984	23.996
1411	-6.549	2.984	1.177
1440	-6.549	2.984	0.464
1448	-6.549	2.984	1.919
476	-6.546	2.984	2.417
472	-6.546	2.984	2.420
539	-6.540	2.982	23.794
578	-6.540	2.982	1.928
581	-6.540	2.982	5.491
607	-6.540	2.982	2.429
619	-6.540	2.982	1.866
637	-6.539	2.982	23.683
370	-6.531	2.693	1.301
243	-6.528	2.694	1.294
1474	-6.519	2.966	7.105
1714	-6.516	2.986	7.113
511	-6.512	2.843	7.114
1431	-6.476	2.716	2.521
1548	-6.476	2.716	2.398
1475	-6.476	2.716	2.522
1412	-6.475	2.715	2.523
1416	-6.475	2.716	2.523
1493	-6.475	2.716	2.525
467	-6.474	2.717	2.525
1737	-6.469	2.857	4.429
1732	-6.469	2.857	3.529
1733	-6.469	2.857	3.376
1481	-6.469	2.858	3.376
1476	-6.469	2.858	3.647
1477	-6.469	2.858	4.374
1478	-6.469	2.858	4.351
1745	-6.468	2.857	9.801
1748	-6.468	2.856	9.799
1751	-6.468	2.857	9.634
1762	-6.468	2.858	5.813
1790	-6.468	2.858	9.722
1484	-6.468	2.857	9.722
1480	-6.468	2.858	9.721
1415	-6.466	2.857	9.721
1505	-6.466	2.857	9.721
1445	-6.466	2.858	9.722
1447	-6.466	2.858	9.722
1461	-6.466	2.858	9.723
1414	-6.466	2.858	9.720
1439	-6.466	2.858	9.720
1495	-6.466	2.858	9.720
1496	-6.466	2.858	9.720
1502	-6.466	2.858	9.720
1510	-6.466	2.858	9.720
1518	-6.466	2.858	9.720
1520	-6.466	2.858	9.720
1521	-6.466	2.858	9.716
1528	-6.466	2.858	9.722
1529	-6.466	2.858	9.722
1535	-6.466	2.858	9.722
1547	-6.466	2.858	9.722
1498	-6.466	2.860	9.718
1486	-6.466	2.858	9.722
1568	-6.465	2.857	5.839
1570	-6.465	2.857	9.720
1573	-6.465	2.858	9.720
1488	-6.465	2.858	9.720
1491	-6.465	2.858	9.720
1513	-6.465	2.858	9.720
1523	-6.465	2.858	9.720
1537	-6.465	2.858	5.839
1539	-6.465	2.858	9.720
1542	-6.465	2.858	9.720
1543	-6.465	2.858	5.839
1544	-6.465	2.858	9.720
1545	-6.465	2.858	9.719
1557	-6.465	2.858	5.835
1562	-6.465	2.858	5.835
1563	-6.465	2.857	5.835
1564	-6.465	2.858	5.835
1577	-6.465	2.858	5.829
1578	-6.465	2.858	5.826
1579	-6.465	2.858	5.826
1581	-6.465	2.858	5.822
1582	-6.465	2.858	9.713
1583	-6.465	2.858	5.862
1558	-6.465	2.857	5.875
1501	-6.465	2.870	5.857
1638	-6.464	2.858	5.870
1647	-6.464	2.858	5.870
1661	-6.464	2.858	5.870
1671	-6.464	2.858	5.861
1673	-6.464	2.858	5.861
1691	-6.464	2.858	5.857
1694	-6.464	2.858	5.858
1718	-6.464	2.858	5.856
1656	-6.464	2.858	5.855
1682	-6.464	2.858	5.855
1719	-6.464	2.862	5.855
1587	-6.463	2.858	5.855
1588	-6.463	2.858	5.852
1591	-6.463	2.858	6.561
1597	-6.463	2.860	6.562
1601	-6.463	2.858	6.556
1604	-6.463	2.858	6.503
1605	-6.463	2.858	5.953
1612	-6.463	2.858	5.959
1616	-6.463	2.858	6.503
1620	-6.463	2.858	5.955
1623	-6.463	2.858	5.949
1625	-6.463	2.858	6.910
1626	-6.463	2.861	6.914
1632	-6.463	2.857	6.914
1610	-6.463	2.864	6.901
1514	-6.461	2.856	6.852
1526	-6.461	2.856	0.027
1554	-6.461	2.856	0.027
1572	-6.461	2.856	0.027
1574	-6.461	2.856	0.027
1705	-6.460	2.857	0.027
1725	-6.460	2.857	0.028
1657	-6.460	2.857	0.028
1492	-6.460	2.857	0.106
1804	-6.458	2.842	23.877
1482	-6.451	2.874	23.880
1538	-6.447	2.903	23.880
1789	-6.446	2.722	23.880
1630	-6.438	2.914	23.880
1777	-6.437	2.974	0.000
1643	-6.434	2.721	0.000
1452	-6.434	2.720	0.000
764	-6.431	2.853	0.000
1509	-6.430	2.973	0.000
1512	-6.430	2.973	0.000
1549	-6.430	2.973	0.000
1569	-6.430	2.973	0.001
1767	-6.430	2.974	0.001
1595	-6.428	2.974	0.007
651	-6.428	2.853	0.111
653	-6.428	2.853	24.678
1787	-6.428	2.862	24.920
1770	-6.428	2.862	24.920
1781	-6.428	2.863	24.920
1803	-6.428	2.862	7.132
473	-6.426	2.854	24.920
1741	-6.426	2.861	7.142
1555	-6.425	2.974	7.135
1417	-6.425	2.974	7.134
1534	-6.425	2.974	7.129
1553	-6.425	2.974	7.133
1559	-6.425	2.974	0.072
1561	-6.425	2.974	7.140
1650	-6.425	2.853	7.584
1658	-6.425	2.853	7.144
1668	-6.425	2.854	7.161
1684	-6.425	2.853	7.151
1685	-6.425	2.853	7.150
1688	-6.425	2.853	7.578
428	-6.425	2.854	7.149
1441	-6.425	2.862	7.145
1709	-6.424	2.974	2.300
635	-6.424	2.854	2.302
1607	-6.424	2.853	2.302
1608	-6.424	2.853	2.302
1716	-6.424	2.862	2.302
1654	-6.424	2.862	2.303
1655	-6.424	2.862	2.303
1707	-6.424	2.862	2.303
1600	-6.423	2.974	1.805
1603	-6.423	2.974	1.805
1627	-6.423	2.974	1.803
1679	-6.423	2.862	24.246
1631	-6.423	2.862	23.995
1614	-6.423	2.862	23.753
1617	-6.423	2.862	23.753
1702	-6.421	2.868	23.753
1743	-6.420	2.971	1.171
1172	-6.419	2.863	1.917
1669	-6.414	2.914	2.484
1497	-6.410	2.860	23.793
1744	-6.403	2.758	2.420
1675	-6.391	2.977	7.108
1749	-6.388	2.856	2.518
1665	-6.386	2.971	2.520
1724	-6.384	2.857	6.682
1695	-6.383	2.857	2.521
1696	-6.383	2.857	2.521
656	-6.376	2.969	2.524
1550	-6.355	2.695	2.530
1774	-6.355	2.697	2.524
1775	-6.355	2.697	2.526
1517	-6.351	2.696	4.429
1519	-6.351	2.696	3.379
1531	-6.350	2.696	3.376
1525	-6.350	2.696	3.376
1565	-6.350	2.697	1.860
1566	-6.350	2.696	4.374
1571	-6.350	2.696	4.351
1580	-6.350	2.697	9.799
1686	-6.349	2.697	9.638
1693	-6.349	2.697	5.821
1712	-6.349	2.697	9.722
1730	-6.349	2.697	9.722
1639	-6.349	2.697	9.721
1641	-6.349	2.697	9.721
1683	-6.349	2.697	9.721
1736	-6.349	2.693	9.721
1602	-6.348	2.697	9.722
1593	-6.348	2.697	9.722
1598	-6.348	2.697	9.717
1613	-6.348	2.697	9.720
1624	-6.348	2.697	9.720
1633	-6.348	2.696	9.720
1754	-6.347	2.694	9.720
1699	-6.313	2.690	9.720
1399	-6.312	2.701	9.720
1704	-6.312	2.690	9.720
775	-6.312	2.687	9.718
1552	-6.308	2.702	9.722
1648	-6.307	2.704	9.722
1653	-6.307	2.703	9.722
1594	-6.306	2.703	9.718
1609	-6.306	2.703	9.720
1778	-6.275	2.696	9.722
1795	-6.275	2.696	9.722
