1452	-11.055	0.000	6.742
1409	-11.054	0.003	6.742
1433	-11.031	0.137	7.419
1426	-11.030	0.140	6.848
1344	-11.024	0.106	7.386
1362	-11.024	0.109	7.856
1381	-11.024	0.109	7.862
1519	-11.024	0.110	7.803
1355	-11.023	0.111	7.848
1419	-10.978	0.103	2.416
1416	-10.978	0.108	2.416
1472	-10.977	0.109	2.416
1342	-10.976	0.114	2.416
1336	-10.976	0.102	2.417
1417	-10.975	0.020	2.417
1318	-10.968	0.115	2.484
1320	-10.968	0.107	26.252
1330	-10.967	0.117	26.252
1317	-10.962	0.113	8.517
1496	-10.927	0.015	2.859
1500	-10.926	0.013	2.859
1397	-10.925	0.014	2.859
1400	-10.924	0.013	0.684
1373	-10.863	0.080	2.745
1386	-10.863	0.079	2.596
1338	-10.860	0.072	2.595
1357	-10.860	0.075	2.594
1499	-10.812	0.056	10.597
1405	-10.810	0.054	10.594
1364	-10.809	0.056	10.593
1468	-10.788	0.114	6.742
1482	-9.501	2.176	7.860
1339	-9.497	2.173	7.862
1434	-9.463	2.210	2.424
1465	-9.462	2.094	2.424
1497	-9.155	2.714	8.510
1509	-9.101	3.914	26.472
1558	-8.910	3.732	8.529
