442	-11.719	0.000	10.596
1598	-11.267	3.976	8.513
1574	-11.265	3.975	8.519
1622	-11.265	3.975	2.471
1605	-11.265	3.974	8.529
1633	-11.263	3.993	8.524
1603	-11.259	3.972	8.528
1554	-11.257	3.973	8.530
441	-11.251	3.968	8.770
470	-11.246	3.969	8.525
429	-11.246	3.973	8.534
344	-11.246	3.971	2.858
271	-11.246	3.967	2.858
482	-11.246	3.968	2.859
503	-11.246	3.968	2.859
410	-11.246	3.960	2.859
529	-11.245	3.968	2.859
552	-11.245	3.968	2.859
421	-11.245	3.964	2.859
1646	-11.144	3.965	10.597
1524	-11.070	3.951	6.721
1623	-11.009	3.945	2.426
1628	-11.009	3.944	2.426
1612	-11.004	3.905	2.428
1538	-10.994	3.941	2.428
1523	-10.993	3.943	2.476
1529	-10.993	3.941	25.444
1525	-10.992	3.951	25.448
215	-10.961	3.308	8.520
502	-10.951	3.308	8.513
177	-10.886	3.307	0.004
325	-10.877	3.307	6.413
382	-10.877	3.306	0.578
425	-10.877	3.307	0.081
440	-10.877	3.307	2.179
485	-10.877	3.306	2.179
223	-10.876	3.306	2.172
247	-10.876	3.307	2.899
225	-10.876	3.306	12.914
543	-10.875	3.306	6.689
93	-10.874	3.307	6.678
54	-10.866	3.305	6.685
64	-10.866	3.305	2.600
204	-10.864	3.305	2.593
286	-10.862	3.306	2.596
343	-10.856	3.305	2.594
376	-10.856	3.305	2.903
322	-10.856	3.305	2.902
430	-10.856	3.305	2.974
232	-10.855	3.305	2.973
449	-10.855	3.305	2.488
516	-10.855	3.305	4.656
559	-10.853	3.305	3.433
548	-10.853	3.305	10.696
85	-10.845	3.305	10.859
79	-10.845	3.305	6.701
251	-10.841	3.305	10.596
132	-10.544	3.294	2.179
385	-10.542	3.294	25.131
478	-10.541	3.295	2.900
412	-10.538	3.295	2.898
452	-10.537	3.295	6.684
453	-10.537	3.294	6.688
1579	-9.985	3.359	2.576
1547	-9.953	3.344	0.083
1546	-9.953	3.332	25.327
235	-9.927	3.808	2.595
1592	-9.860	0.622	6.700
1527	-9.751	3.965	10.594
1641	-9.741	0.854	10.596
1589	-9.733	3.725	10.596
1581	-9.662	3.965	10.592
1596	-9.662	3.963	10.595
1610	-9.637	1.622	10.592
1614	-9.616	3.954	10.594
42	-9.606	3.434	10.594
404	-9.604	3.434	10.594
218	-9.604	3.434	6.722
249	-9.588	3.446	6.721
151	-9.584	3.446	6.721
173	-9.584	3.446	6.721
228	-9.583	3.446	6.721
297	-9.583	3.447	6.721
307	-9.583	3.446	6.721
1577	-9.582	1.387	6.710
511	-9.582	3.446	6.712
517	-9.582	3.446	6.713
530	-9.582	3.446	6.712
582	-9.582	3.446	6.747
472	-9.582	3.446	6.747
544	-9.582	3.446	6.759
558	-9.582	3.446	6.741
338	-9.570	3.944	6.755
1539	-9.527	3.974	7.476
304	-9.492	2.529	7.802
1575	-9.356	2.574	2.424
1556	-9.331	2.539	2.425
395	-9.309	2.638	25.447
1582	-9.276	3.342	25.447
145	-9.266	3.423	25.447
239	-9.266	3.423	25.435
209	-9.264	3.419	2.414
408	-9.263	3.431	2.414
138	-9.260	3.424	2.414
457	-9.253	3.424	2.414
100	-9.250	3.399	2.414
116	-9.246	3.440	2.414
1638	-9.227	3.314	2.414
1606	-9.226	3.307	2.414
1608	-9.226	3.309	2.414
547	-9.219	3.277	2.481
460	-9.158	3.388	8.517
329	-7.576	3.300	0.003
