860	-9.281	0.000	9.367
891	-9.201	0.009	8.026
905	-9.201	0.009	11.213
1010	-9.200	0.009	7.388
1036	-9.200	0.009	11.007
1043	-9.200	0.009	8.141
1044	-9.200	0.009	6.982
1045	-9.200	0.009	3.416
1046	-9.200	0.009	3.426
1047	-9.200	0.009	3.415
1048	-9.200	0.009	3.419
1052	-9.200	0.009	0.040
1054	-9.200	0.009	0.051
1055	-9.200	0.009	0.039
911	-9.199	0.009	3.332
913	-9.199	0.009	0.035
918	-9.199	0.009	0.041
919	-9.199	0.009	0.044
920	-9.199	0.009	4.020
934	-9.199	0.009	4.025
939	-9.199	0.009	0.090
948	-9.199	0.009	0.025
1105	-9.198	0.009	0.003
1106	-9.198	0.009	3.910
1107	-9.198	0.009	0.016
881	-9.198	0.009	0.013
885	-9.198	0.009	0.017
886	-9.198	0.009	4.010
889	-9.198	0.009	1.429
1024	-9.184	0.008	0.029
1004	-9.183	0.008	0.018
861	-9.183	0.008	0.022
895	-9.183	0.008	0.025
903	-9.183	0.008	4.040
904	-9.183	0.008	3.314
990	-9.183	0.008	3.790
1058	-9.183	0.008	3.314
908	-9.182	0.008	3.312
909	-9.182	0.008	3.757
923	-9.182	0.008	3.310
942	-9.182	0.008	3.310
943	-9.182	0.008	3.310
944	-9.182	0.008	3.310
945	-9.182	0.008	3.685
969	-9.181	0.008	3.581
873	-9.181	0.008	3.315
968	-9.181	0.008	0.701
809	-9.178	0.011	3.337
812	-9.178	0.011	1.406
818	-9.178	0.011	3.567
857	-9.161	0.009	1.003
959	-9.160	0.009	2.313
964	-9.160	0.009	2.346
949	-9.147	0.010	2.310
950	-9.147	0.010	2.308
797	-9.126	1.733	3.027
1186	-9.111	1.743	0.083
864	-9.059	1.270	3.688
865	-9.059	1.270	1.492
866	-9.059	1.270	3.347
867	-9.059	1.270	3.348
796	-9.045	1.270	3.345
799	-9.045	1.270	1.464
800	-9.045	1.270	3.568
801	-9.045	1.270	3.570
805	-9.045	1.270	3.568
806	-9.045	1.270	1.447
807	-9.045	1.270	1.371
808	-9.045	1.270	1.421
811	-9.045	1.270	2.304
816	-9.045	1.270	2.294
817	-9.045	1.270	3.275
819	-9.045	1.270	2.312
821	-9.045	1.270	3.026
822	-9.045	1.270	3.359
829	-9.045	1.270	3.172
830	-9.045	1.270	3.239
965	-8.302	1.956	3.915
896	-8.260	1.962	0.281
900	-8.260	1.962	3.928
1002	-8.260	1.962	0.160
1025	-8.260	1.962	3.905
1029	-8.260	1.962	3.907
882	-8.251	1.962	0.216
883	-8.251	1.962	3.906
884	-8.251	1.962	3.906
887	-8.251	1.962	3.904
971	-8.251	1.962	3.906
972	-8.251	1.962	3.907
927	-7.813	2.098	1.113
892	-7.811	2.063	3.057
893	-7.811	2.063	3.058
894	-7.811	2.063	3.058
907	-7.811	2.063	3.057
912	-7.811	2.063	3.057
914	-7.811	2.063	1.520
915	-7.811	2.063	3.057
916	-7.811	2.063	1.550
917	-7.811	2.063	2.555
921	-7.811	2.063	2.461
922	-7.811	2.063	2.640
925	-7.811	2.063	4.269
926	-7.811	2.063	4.273
928	-7.811	2.063	4.315
929	-7.811	2.063	4.075
930	-7.811	2.063	2.259
935	-7.811	2.063	4.218
936	-7.811	2.063	3.447
937	-7.811	2.063	4.352
938	-7.811	2.063	2.410
940	-7.811	2.063	2.354
941	-7.811	2.063	8.448
946	-7.811	2.063	3.383
1057	-7.811	2.063	4.377
1068	-7.811	2.063	4.376
1069	-7.811	2.063	3.258
1078	-7.811	2.063	16.190
1079	-7.811	2.063	4.500
1096	-7.811	2.063	4.544
1098	-7.811	2.063	16.231
1108	-7.811	2.063	3.634
898	-7.810	2.063	3.634
899	-7.810	2.063	3.634
902	-7.810	2.063	3.634
976	-7.810	2.063	3.634
977	-7.810	2.063	3.243
978	-7.810	2.063	15.816
981	-7.810	2.063	15.818
983	-7.810	2.063	4.178
984	-7.810	2.063	4.180
986	-7.810	2.063	15.925
987	-7.810	2.063	3.624
988	-7.810	2.063	16.302
989	-7.810	2.063	16.174
1026	-7.810	2.063	16.306
1030	-7.810	2.063	15.775
1031	-7.810	2.063	5.396
1033	-7.810	2.063	15.944
1034	-7.810	2.063	16.310
862	-7.807	2.062	8.808
863	-7.807	2.062	9.283
874	-7.807	2.062	15.670
875	-7.807	2.062	8.776
876	-7.807	2.062	15.668
877	-7.807	2.062	15.174
878	-7.807	2.062	16.939
879	-7.807	2.062	16.962
880	-7.807	2.062	16.965
970	-7.807	2.062	9.767
868	-7.806	2.063	16.915
869	-7.806	2.063	9.761
870	-7.806	2.063	15.818
871	-7.806	2.063	14.284
872	-7.806	2.063	15.778
1236	-7.806	2.063	9.455
1238	-7.806	2.063	9.517
1242	-7.806	2.063	8.873
1243	-7.806	2.063	10.600
1244	-7.806	2.063	9.947
1245	-7.806	2.063	9.887
1295	-7.806	2.063	10.627
1304	-7.806	2.063	10.602
1309	-7.806	2.063	10.804
1310	-7.806	2.063	15.404
1311	-7.806	2.063	14.266
1321	-7.806	2.063	15.390
1322	-7.806	2.063	10.672
1323	-7.806	2.063	10.626
1324	-7.806	2.063	10.734
888	-7.806	2.063	8.781
966	-7.806	2.063	10.673
967	-7.806	2.063	15.384
973	-7.806	2.063	10.676
798	-7.805	2.063	15.530
802	-7.805	2.063	10.557
803	-7.805	2.063	10.557
804	-7.805	2.063	9.973
810	-7.805	2.062	9.973
813	-7.805	2.062	7.770
814	-7.805	2.062	7.782
815	-7.805	2.062	15.525
820	-7.805	2.063	10.568
823	-7.805	2.063	15.856
824	-7.805	2.063	14.619
825	-7.805	2.063	15.505
826	-7.805	2.063	13.660
827	-7.805	2.063	10.681
828	-7.805	2.063	11.297
831	-7.805	2.063	10.150
832	-7.805	2.063	10.851
833	-7.805	2.063	10.151
834	-7.805	2.063	15.121
835	-7.805	2.063	15.101
836	-7.805	2.063	10.851
837	-7.805	2.063	10.853
838	-7.805	2.063	10.853
839	-7.805	2.063	10.539
840	-7.805	2.063	10.007
841	-7.805	2.063	8.924
842	-7.805	2.063	10.285
843	-7.805	2.063	14.950
844	-7.805	2.063	8.769
845	-7.805	2.063	10.068
846	-7.805	2.063	10.523
847	-7.805	2.063	8.745
848	-7.805	2.063	14.883
849	-7.805	2.063	14.892
850	-7.805	2.063	12.036
851	-7.805	2.063	12.035
852	-7.805	2.063	10.251
853	-7.805	2.063	11.558
854	-7.805	2.063	13.115
855	-7.805	2.063	11.582
856	-7.805	2.063	7.314
859	-7.805	2.062	10.099
951	-7.805	2.062	9.556
952	-7.805	2.062	7.298
953	-7.805	2.062	0.455
954	-7.805	2.062	2.637
955	-7.805	2.062	2.636
956	-7.805	2.062	2.630
957	-7.805	2.062	2.633
958	-7.805	2.062	3.975
960	-7.805	2.062	3.975
961	-7.805	2.062	3.975
963	-7.805	2.062	0.191
1210	-7.805	2.063	0.153
1114	-7.752	2.087	0.077
1080	-7.752	2.087	3.977
1081	-7.752	2.087	0.189
1082	-7.752	2.087	0.187
1089	-7.752	2.087	3.965
1101	-7.752	2.087	3.970
1131	-7.752	2.087	3.970
1146	-7.752	2.087	3.971
1185	-7.752	2.087	3.969
1035	-7.751	2.087	3.966
1370	-7.751	2.088	3.967
1188	-7.748	2.087	3.981
1239	-7.747	2.087	3.967
1240	-7.747	2.087	0.121
1283	-7.747	2.087	3.971
1317	-7.747	2.087	3.969
1302	-7.747	2.087	3.964
1193	-7.745	2.087	3.889
1207	-7.745	2.087	3.081
1208	-7.745	2.087	3.082
1209	-7.745	2.087	1.148
1223	-7.745	2.087	3.082
1224	-7.745	2.087	3.085
1228	-7.745	2.087	1.135
1229	-7.745	2.087	3.086
1230	-7.745	2.087	3.086
994	-7.724	1.342	1.110
1037	-7.724	1.342	3.086
1074	-7.724	1.342	3.105
1091	-7.724	1.342	4.428
1095	-7.724	1.342	2.602
1097	-7.724	1.342	2.603
1104	-7.724	1.342	2.621
1122	-7.724	1.342	4.361
1132	-7.724	1.342	2.721
1137	-7.724	1.342	4.371
1140	-7.724	1.342	4.278
1174	-7.724	1.342	4.297
1179	-7.724	1.342	3.798
1241	-7.718	1.342	4.288
1250	-7.718	1.342	4.411
1253	-7.718	1.342	4.428
1262	-7.718	1.342	3.275
1284	-7.718	1.342	4.417
1285	-7.718	1.342	3.418
1305	-7.718	1.342	4.193
1338	-7.718	1.342	4.439
1225	-7.717	1.342	3.293
1293	-7.568	1.320	16.181
1196	-7.567	1.320	16.088
947	-7.553	1.971	4.158
1275	-7.550	1.972	16.126
1277	-7.550	1.972	3.684
1274	-7.550	1.972	3.686
858	-7.549	1.970	3.686
1294	-7.549	1.972	3.686
1296	-7.549	1.972	3.686
1297	-7.549	1.972	3.690
1298	-7.549	1.972	3.790
1299	-7.549	1.972	15.707
1316	-7.549	1.972	15.708
1334	-7.549	1.972	4.200
1256	-7.549	1.972	7.748
1288	-7.549	1.972	3.701
1289	-7.549	1.971	7.816
1290	-7.549	1.972	7.822
1291	-7.549	1.972	16.062
1276	-7.549	1.966	16.021
1231	-7.548	1.971	5.088
1232	-7.548	1.971	15.833
1113	-7.463	0.233	15.833
1154	-7.463	0.233	16.397
1170	-7.463	0.233	9.199
1171	-7.463	0.233	9.377
1178	-7.463	0.233	8.905
1039	-7.463	0.233	8.904
1226	-7.459	0.233	15.793
1235	-7.459	0.233	15.959
1237	-7.459	0.233	17.048
1252	-7.459	0.233	8.960
1254	-7.459	0.233	17.050
1255	-7.459	0.233	17.017
1272	-7.459	0.233	9.787
931	-7.454	2.036	14.424
932	-7.454	2.036	14.413
933	-7.454	2.036	15.882
1120	-7.454	2.036	15.876
1161	-7.454	2.036	9.474
890	-7.454	2.036	9.033
1011	-7.454	2.037	10.729
1012	-7.454	2.036	15.600
1013	-7.454	2.036	15.602
1015	-7.454	2.037	15.575
1021	-7.454	2.036	10.755
1022	-7.454	2.036	10.743
1023	-7.454	2.036	10.821
1041	-7.454	2.036	14.386
1056	-7.454	2.036	11.267
992	-7.454	2.037	15.641
993	-7.454	2.037	10.748
1005	-7.454	2.036	8.894
1006	-7.454	2.036	10.773
1059	-7.454	2.036	10.803
1067	-7.454	2.036	10.806
1083	-7.454	2.036	10.806
1084	-7.454	2.036	14.535
1085	-7.454	2.036	10.688
1086	-7.454	2.036	10.689
974	-7.453	2.037	10.689
975	-7.453	2.037	10.107
979	-7.453	2.037	7.877
985	-7.453	2.037	14.531
1027	-7.453	2.037	7.917
1028	-7.453	2.037	15.639
1070	-7.405	0.234	14.717
1071	-7.405	0.234	14.711
1072	-7.405	0.234	15.609
1155	-7.405	0.233	14.698
1156	-7.405	0.233	8.912
1157	-7.405	0.233	15.290
1158	-7.405	0.233	15.427
1099	-7.405	0.234	10.987
1100	-7.405	0.234	10.988
1117	-7.405	0.234	15.089
1123	-7.405	0.234	15.229
1124	-7.405	0.233	15.247
1133	-7.405	0.234	10.977
1142	-7.405	0.234	10.977
1143	-7.405	0.234	10.988
1144	-7.405	0.234	7.361
1148	-7.405	0.233	10.155
1150	-7.405	0.234	10.405
1151	-7.405	0.233	10.408
1164	-7.405	0.234	10.385
1166	-7.405	0.233	8.879
1167	-7.405	0.233	14.849
1168	-7.405	0.233	8.283
1169	-7.405	0.234	14.401
1246	-7.402	0.233	12.163
1247	-7.402	0.233	15.061
1248	-7.402	0.233	12.158
1249	-7.402	0.233	12.242
1266	-7.402	0.233	10.378
1269	-7.402	0.233	16.301
1286	-7.402	0.233	8.170
1287	-7.402	0.233	11.743
1292	-7.402	0.233	13.423
1300	-7.402	0.233	15.478
1301	-7.402	0.233	9.673
1335	-7.402	0.233	9.692
1336	-7.402	0.233	3.412
1349	-7.402	0.233	3.414
1189	-7.401	0.234	3.413
1211	-7.401	0.234	3.431
1217	-7.401	0.234	3.420
1218	-7.401	0.234	0.122
1219	-7.401	0.234	0.105
991	-7.348	2.026	0.113
995	-7.348	2.026	0.103
996	-7.348	2.026	3.977
997	-7.348	2.026	0.116
998	-7.348	2.026	0.117
999	-7.348	2.026	0.125
1000	-7.348	2.026	3.914
1001	-7.348	2.026	0.065
1016	-7.348	2.026	0.093
1017	-7.348	2.026	0.090
1040	-7.348	2.026	0.106
1042	-7.348	2.026	0.104
1049	-7.348	2.026	0.105
1051	-7.348	2.026	0.106
1053	-7.348	2.026	0.139
1062	-7.348	2.026	0.113
1063	-7.348	2.026	0.127
1073	-7.348	2.026	0.117
1075	-7.348	2.026	0.118
1076	-7.348	2.026	0.897
1077	-7.348	2.026	3.329
1087	-7.348	2.026	3.330
1088	-7.348	2.026	3.329
1090	-7.348	2.026	1.471
1092	-7.348	2.026	3.775
1177	-7.348	2.026	3.326
1180	-7.348	2.026	3.325
1181	-7.348	2.026	3.325
1182	-7.348	2.026	3.325
1183	-7.348	2.026	3.709
1184	-7.348	2.026	3.577
1110	-7.348	2.026	3.325
1111	-7.348	2.026	3.334
1112	-7.348	2.026	3.349
1115	-7.348	2.026	1.451
1116	-7.348	2.026	3.405
1118	-7.348	2.026	1.450
1119	-7.348	2.026	1.471
1121	-7.348	2.026	1.498
1125	-7.348	2.026	1.414
1126	-7.348	2.026	1.426
1127	-7.348	2.026	1.438
1128	-7.348	2.026	1.546
1130	-7.348	2.026	2.327
1134	-7.348	2.026	2.334
1135	-7.348	2.026	2.332
1136	-7.348	2.026	2.441
1138	-7.348	2.026	3.268
1145	-7.348	2.026	2.317
1147	-7.348	2.026	2.302
1152	-7.348	2.026	3.254
1153	-7.348	2.026	17.764
1160	-7.348	2.026	3.555
1162	-7.348	2.026	17.258
1163	-7.348	2.026	17.772
982	-7.347	2.026	3.510
1003	-7.347	2.026	3.509
924	-7.346	3.606	3.507
980	-7.346	3.606	3.509
1009	-7.346	3.606	3.508
1060	-7.346	3.606	3.506
1061	-7.346	3.606	17.534
1066	-7.346	3.606	17.548
1020	-7.345	3.606	2.246
1050	-7.345	3.606	2.266
1202	-7.344	3.607	17.814
1212	-7.344	3.607	2.859
1213	-7.344	3.607	6.770
1214	-7.344	3.607	18.027
1215	-7.344	3.607	15.032
1216	-7.344	3.607	17.571
1356	-7.344	3.607	4.073
1357	-7.344	3.607	17.376
1358	-7.344	3.607	15.012
1359	-7.344	3.607	7.770
1360	-7.344	3.607	8.215
1361	-7.344	3.607	9.953
1362	-7.344	3.607	7.734
1363	-7.344	3.607	15.224
1364	-7.344	3.607	13.996
1365	-7.344	3.607	15.232
1366	-7.344	3.607	15.257
1367	-7.344	3.607	8.376
1368	-7.344	3.607	15.300
1369	-7.344	3.607	8.400
1374	-7.344	3.607	14.655
1375	-7.344	3.607	12.866
1376	-7.344	3.607	12.857
1380	-7.344	3.607	14.658
1381	-7.344	3.607	15.303
1386	-7.344	3.607	8.300
1387	-7.344	3.607	8.460
1271	-7.344	3.607	8.531
1303	-7.344	3.607	8.537
1315	-7.344	3.607	8.529
1318	-7.344	3.607	8.942
1325	-7.344	3.607	8.525
1328	-7.344	3.607	8.741
1331	-7.344	3.607	13.880
1332	-7.344	3.607	12.835
1333	-7.344	3.607	13.875
1342	-7.344	3.607	14.109
1347	-7.344	3.607	8.613
1350	-7.344	3.607	13.823
1351	-7.344	3.607	14.091
1352	-7.344	3.607	8.958
1234	-7.339	2.025	13.861
1251	-7.339	2.025	6.945
1264	-7.339	2.025	14.097
1265	-7.339	2.025	9.100
1267	-7.339	2.025	9.098
1268	-7.339	2.025	8.569
1273	-7.339	2.025	8.569
1278	-7.339	2.025	9.101
1319	-7.339	2.025	6.852
1339	-7.339	2.025	6.806
1340	-7.339	2.025	6.814
1341	-7.339	2.025	13.989
1343	-7.339	2.025	12.444
1344	-7.339	2.025	9.290
1345	-7.339	2.025	11.577
1346	-7.339	2.025	8.969
1190	-7.338	2.025	12.311
1191	-7.338	2.025	8.036
1192	-7.338	2.025	8.509
1194	-7.338	2.025	8.530
1195	-7.338	2.025	13.040
1197	-7.338	2.025	13.045
1198	-7.338	2.025	7.886
1199	-7.338	2.025	8.506
1200	-7.338	2.025	8.502
1201	-7.338	2.025	9.084
1203	-7.338	2.025	8.558
1204	-7.338	2.025	6.738
1205	-7.338	2.025	7.891
1206	-7.338	2.025	6.707
1220	-7.338	2.025	8.574
1221	-7.338	2.025	6.310
1222	-7.338	2.025	8.423
1227	-7.338	2.025	6.287
897	-7.321	3.219	13.322
901	-7.321	3.219	8.334
1032	-7.321	3.219	9.710
910	-7.321	3.218	10.541
1007	-7.321	3.218	7.958
1008	-7.321	3.219	10.097
1064	-7.321	3.219	14.674
1065	-7.321	3.218	9.759
1014	-7.320	3.219	13.243
1018	-7.320	3.219	8.148
1019	-7.320	3.218	8.183
1038	-7.320	3.219	7.021
1129	-7.320	3.219	4.061
1139	-7.320	3.219	3.416
962	-7.320	3.219	3.418
1355	-7.319	3.219	3.418
1373	-7.319	3.219	3.427
1377	-7.319	3.219	0.044
1378	-7.319	3.219	0.045
1379	-7.319	3.219	0.051
1384	-7.319	3.219	4.026
1385	-7.319	3.219	4.030
1187	-7.319	3.219	0.034
1257	-7.319	3.219	0.038
1258	-7.319	3.219	4.021
1259	-7.319	3.219	1.429
1260	-7.319	3.219	0.001
1261	-7.319	3.219	0.011
1263	-7.319	3.219	0.010
1270	-7.319	3.219	0.007
1306	-7.319	3.219	0.005
1307	-7.319	3.219	0.029
1308	-7.319	3.219	0.009
1312	-7.319	3.219	0.013
1313	-7.319	3.219	0.019
1314	-7.319	3.219	0.165
1320	-7.319	3.219	0.010
1326	-7.319	3.219	0.018
1327	-7.319	3.219	0.018
1329	-7.319	3.219	4.044
1337	-7.319	3.219	3.729
1371	-7.319	3.219	3.312
