1717	-15.985	0.000	8.165
1736	-15.985	0.000	8.165
1668	-15.982	0.001	8.165
1735	-15.914	1.771	8.161
1718	-15.893	2.023	8.162
1708	-15.893	2.023	15.546
1724	-15.893	2.023	15.546
1729	-15.893	2.023	15.546
1730	-15.893	2.023	15.545
1732	-15.893	2.023	15.545
1739	-15.893	2.023	15.545
1644	-15.887	2.022	15.545
1666	-15.887	2.022	15.545
1674	-15.887	2.022	15.547
1676	-15.887	2.022	15.547
1677	-15.887	2.022	15.546
1680	-15.887	2.022	15.519
1683	-15.887	2.022	15.520
1684	-15.887	2.022	8.595
1689	-15.887	2.022	8.595
1699	-15.887	2.022	15.507
1702	-15.887	2.022	15.508
1703	-15.887	2.022	14.724
1705	-15.887	2.022	14.724
1737	-15.115	3.086	16.225
1634	-15.107	3.086	3.202
1690	-15.107	3.086	18.581
1635	-15.092	3.089	18.581
1642	-15.092	3.089	18.581
1695	-15.092	3.089	18.581
1660	-15.090	3.089	18.581
1707	-14.935	3.720	8.286
1741	-14.909	3.724	16.183
1655	-14.906	3.723	9.616
1731	-14.905	3.720	9.616
1691	-14.643	3.314	9.616
1661	-14.642	3.314	9.616
1722	-13.616	3.964	0.005
1649	-13.613	3.964	0.005
1650	-13.613	3.964	0.005
1653	-13.613	3.964	0.005
1656	-13.613	3.964	0.005
1659	-13.613	3.964	0.005
1662	-13.613	3.964	0.007
1686	-13.613	3.964	0.005
1637	-13.613	3.964	0.005
1639	-13.613	3.964	0.005
1643	-13.613	3.964	0.005
1698	-13.613	3.964	0.002
1710	-13.543	3.964	15.546
1721	-13.543	3.964	15.545
1632	-13.476	3.970	11.476
1667	-13.278	3.977	0.007
1678	-13.278	3.977	0.007
1706	-13.278	3.977	0.007
1723	-12.899	2.842	9.616
1728	-12.899	2.842	9.616
1636	-12.895	2.842	9.616
1638	-12.895	2.842	9.643
1658	-12.895	2.842	9.643
1694	-12.895	2.842	9.643
1697	-12.895	2.842	8.688
1727	-12.836	2.838	8.689
1647	-12.832	2.838	9.599
1700	-12.832	2.838	9.599
1687	-12.762	2.243	11.130
1663	-12.760	2.244	11.130
1696	-12.758	2.244	11.131
1725	-12.577	3.950	0.007
1719	-12.509	2.242	0.009
1681	-12.507	2.242	0.009
1740	-12.074	2.010	8.223
1726	-11.851	3.587	8.359
1669	-11.010	3.666	8.165
1682	-11.010	3.666	8.165
1664	-10.985	3.668	15.546
1672	-10.985	3.668	15.547
1713	-10.985	3.668	15.547
1715	-10.866	3.740	15.547
1641	-10.866	3.740	15.546
1651	-10.866	3.740	15.520
1701	-10.866	3.740	8.594
1685	-9.595	3.202	0.007
