1453	-4.990	0.000	11.049
1454	-4.990	0.000	11.049
1455	-4.990	0.000	11.049
1477	-4.990	0.002	11.049
1245	-4.990	0.001	11.049
1464	-4.990	0.002	11.053
1467	-4.990	0.002	11.053
1468	-4.990	0.002	11.052
1051	-4.988	0.002	11.021
1325	-4.988	0.002	11.022
1549	-4.988	0.003	1.274
1552	-4.988	0.003	1.274
1555	-4.988	0.003	10.981
1557	-4.988	0.003	10.981
1558	-4.988	0.003	6.708
1562	-4.988	0.003	6.708
1563	-4.988	0.003	6.713
1572	-4.988	0.003	6.711
1586	-4.988	0.003	6.711
1587	-4.988	0.003	6.711
1588	-4.988	0.003	6.711
1319	-4.988	0.003	6.711
1320	-4.988	0.003	1.902
1406	-4.988	0.004	10.715
1408	-4.988	0.004	2.053
1410	-4.988	0.004	2.053
1412	-4.988	0.003	2.053
1413	-4.988	0.003	2.054
1432	-4.988	0.003	2.053
1329	-4.987	0.002	2.054
1336	-4.987	0.002	2.054
1378	-4.987	0.002	2.054
1379	-4.987	0.002	2.054
1383	-4.987	0.002	2.054
1385	-4.987	0.002	2.054
1125	-4.986	0.003	2.053
1507	-4.986	0.004	2.077
1530	-4.986	0.004	2.077
1533	-4.986	0.004	2.077
1534	-4.986	0.004	1.341
1535	-4.986	0.004	1.341
1538	-4.986	0.004	1.962
1539	-4.986	0.004	1.962
1523	-4.986	0.003	0.011
1524	-4.986	0.003	1.967
1313	-4.985	0.003	1.967
929	-4.967	0.798	1.967
930	-4.967	0.798	0.000
1479	-4.967	0.795	0.001
1480	-4.967	0.795	0.001
1490	-4.967	0.794	0.001
1449	-4.967	0.795	1.957
1339	-4.966	0.798	1.957
1340	-4.966	0.798	1.957
1377	-4.966	0.798	1.957
1381	-4.966	0.798	1.957
1382	-4.966	0.798	3.534
1384	-4.966	0.798	3.534
1402	-4.966	0.797	3.534
1445	-4.966	0.794	3.534
1021	-4.965	0.799	1.956
1191	-4.965	0.799	1.956
1308	-4.965	0.799	1.956
1521	-4.965	0.799	3.172
1536	-4.965	0.799	3.172
1110	-4.965	0.795	3.173
1111	-4.965	0.795	3.173
1112	-4.965	0.795	5.418
1272	-4.965	0.795	5.418
1416	-4.965	0.795	8.169
1103	-4.965	0.796	8.169
1104	-4.965	0.796	8.169
1356	-4.964	0.800	8.230
1409	-4.964	0.795	8.229
1541	-4.957	0.065	8.229
1108	-4.956	0.067	8.229
1212	-4.956	0.067	8.229
1252	-4.956	0.067	8.197
1296	-4.956	0.068	8.231
1297	-4.956	0.068	8.230
1345	-4.956	0.068	8.230
1263	-4.955	0.068	8.230
1551	-4.952	0.783	8.230
1544	-4.929	0.793	8.230
1131	-4.929	0.793	8.230
1499	-4.928	0.794	8.230
1500	-4.928	0.794	8.230
1501	-4.928	0.794	8.212
1264	-4.928	0.793	8.213
1294	-4.928	0.793	8.218
1299	-4.928	0.793	8.215
1300	-4.928	0.793	8.213
1351	-4.928	0.793	8.212
1565	-4.914	0.778	8.213
1491	-4.900	0.920	8.213
1142	-4.900	0.920	8.212
1442	-4.899	0.920	8.212
1204	-4.897	0.919	8.213
1146	-4.897	0.919	8.213
1556	-4.876	0.941	8.214
1398	-4.876	0.941	8.214
1230	-4.876	0.939	8.213
1463	-4.876	0.939	8.213
1514	-4.875	0.941	8.213
1516	-4.875	0.941	8.213
1522	-4.875	0.941	8.223
1203	-4.875	0.940	8.223
1374	-4.875	0.940	8.223
1583	-4.875	0.941	8.224
1597	-4.875	0.941	8.224
1107	-4.866	0.957	8.223
1346	-4.866	0.957	8.223
1353	-4.849	0.486	8.223
1220	-4.848	0.480	8.224
1456	-4.845	0.529	8.224
1016	-4.841	0.966	8.224
