213	-17.854	0.000	12.143
30	-17.847	0.001	12.143
37	-17.398	0.022	12.141
24	-17.393	0.022	0.167
28	-17.393	0.022	0.166
48	-17.151	0.017	12.147
56	-16.885	0.036	0.557
57	-16.885	0.036	0.557
179	-16.883	1.570	25.149
343	-16.876	0.037	0.595
32	-16.870	1.570	0.588
35	-16.870	1.570	6.704
39	-16.870	1.570	0.575
14	-16.866	1.570	0.165
17	-16.866	1.570	6.575
20	-16.866	1.570	0.564
29	-16.866	1.570	8.492
318	-16.709	0.040	8.503
83	-16.704	0.040	8.505
102	-16.704	0.040	8.506
104	-16.704	0.040	6.636
195	-16.704	0.040	6.633
252	-16.697	0.040	7.711
136	-16.666	1.569	6.642
156	-16.666	1.569	8.502
344	-16.666	1.569	8.503
319	-16.662	1.569	8.505
253	-16.656	1.569	7.713
54	-16.652	1.569	11.499
5	-16.649	1.569	11.500
13	-16.649	1.569	11.501
25	-16.649	1.569	11.500
235	-16.582	1.572	11.492
4	-16.573	1.572	11.494
105	-16.316	1.551	6.772
53	-16.281	1.559	10.156
11	-16.278	1.559	1.960
27	-16.170	2.169	6.628
1	-16.146	0.102	8.552
2	-16.146	0.102	3.635
26	-16.036	2.169	10.124
84	-15.824	2.169	6.748
151	-15.517	2.169	3.809
197	-15.514	2.169	3.937
49	-15.507	2.169	2.688
146	-15.239	2.312	24.879
217	-15.237	2.312	2.633
182	-15.134	2.309	0.557
234	-14.840	2.317	0.577
3	-14.684	2.319	8.492
50	-11.854	2.317	4.962
76	-11.821	2.311	8.432
6	-11.817	2.311	4.969
19	-11.817	2.311	4.967
127	-11.477	2.575	2.896
167	-11.282	2.297	2.362
21	-11.277	2.297	7.502
7	-11.277	2.297	7.506
159	-11.213	2.667	13.131
161	-11.213	2.667	8.962
170	-11.213	2.668	6.389
171	-11.213	2.668	9.470
178	-11.212	2.668	7.708
186	-11.209	2.668	2.094
214	-11.209	2.668	2.095
216	-11.209	2.668	2.085
218	-11.209	2.668	1.946
36	-11.207	2.668	1.937
12	-11.162	2.298	10.328
69	-11.161	2.298	10.328
67	-11.139	2.299	10.327
351	-11.126	2.666	9.632
135	-11.126	2.665	9.632
63	-11.122	2.666	10.331
228	-11.118	2.297	9.643
152	-11.115	2.668	9.642
153	-11.115	2.667	9.628
200	-11.112	2.667	9.646
60	-11.106	2.669	9.643
94	-11.106	2.669	9.643
262	-11.106	2.669	9.643
112	-11.105	2.669	9.645
142	-11.103	2.668	2.199
61	-10.754	2.217	0.049
431	-10.739	2.221	0.056
91	-10.739	2.228	0.047
88	-10.737	2.220	2.934
98	-10.737	2.221	2.919
103	-10.737	2.220	4.579
58	-10.732	2.208	0.019
181	-10.566	2.601	10.912
137	-10.564	2.601	1.683
345	-10.564	2.601	11.778
346	-10.564	2.601	11.777
157	-10.564	2.601	18.302
33	-10.563	2.601	11.930
18	-10.562	2.601	11.763
90	-10.557	2.380	11.784
193	-10.556	2.380	2.237
110	-10.555	2.381	11.782
310	-10.553	2.381	11.779
314	-10.553	2.381	2.235
266	-10.553	2.381	11.773
293	-10.553	2.381	2.239
180	-10.553	2.590	2.239
140	-10.536	2.608	11.915
139	-10.536	2.608	18.528
138	-10.536	2.608	9.764
326	-10.536	2.608	11.937
55	-10.531	2.608	11.933
243	-10.529	2.608	11.925
247	-10.529	2.608	11.773
248	-10.529	2.608	11.774
239	-10.502	2.383	1.803
241	-10.502	2.383	1.802
169	-10.419	2.369	4.605
168	-10.418	2.372	4.542
328	-10.418	2.604	4.537
31	-10.418	2.619	4.535
174	-10.416	2.369	4.571
221	-10.416	2.369	4.563
334	-10.405	2.604	4.564
258	-10.404	2.604	5.281
322	-10.403	2.604	5.282
240	-10.397	2.604	5.285
242	-10.397	2.604	5.325
77	-10.384	2.616	5.391
219	-10.373	2.616	3.134
224	-10.373	2.616	3.126
187	-10.372	2.616	1.747
144	-10.371	2.616	1.751
190	-10.359	2.622	3.121
205	-10.358	2.622	10.550
95	-10.357	2.622	10.555
114	-10.357	2.622	3.131
307	-10.357	2.622	10.565
363	-10.355	2.622	10.008
374	-10.355	2.622	10.550
425	-10.355	2.622	2.430
388	-10.354	2.622	10.572
397	-10.354	2.622	10.030
143	-10.348	2.619	17.867
211	-10.348	2.619	5.309
269	-10.347	2.621	2.572
276	-10.346	2.619	13.337
277	-10.345	2.617	2.569
552	-10.307	2.368	7.687
512	-10.305	2.366	9.690
68	-10.301	2.626	10.691
41	-10.300	2.619	9.495
92	-10.298	2.626	1.938
74	-10.291	2.623	1.939
22	-10.287	2.621	1.973
486	-10.268	2.628	9.632
541	-10.253	2.626	10.332
284	-10.226	2.618	10.333
410	-10.225	2.619	9.642
392	-10.222	2.619	9.643
52	-10.215	2.618	10.205
113	-10.209	2.619	9.642
311	-10.208	2.619	9.643
287	-10.208	2.619	9.643
409	-10.206	2.619	9.642
65	-10.203	2.619	9.646
124	-10.178	2.621	9.665
194	-10.175	2.424	10.694
62	-10.170	2.621	10.701
442	-10.168	2.623	10.701
38	-10.168	2.451	1.901
82	-10.163	2.622	1.913
294	-10.159	2.318	1.911
542	-10.150	2.402	1.913
564	-10.150	2.402	3.259
435	-10.147	2.623	3.847
434	-10.147	2.622	1.890
99	-10.145	2.623	2.909
465	-10.134	2.625	1.460
566	-10.132	2.625	3.828
484	-10.132	2.625	4.642
535	-10.132	2.625	1.876
585	-10.132	2.626	1.474
440	-10.129	2.308	3.799
444	-10.129	2.308	4.620
59	-10.128	2.308	3.197
380	-10.128	2.308	1.358
482	-10.127	2.308	1.341
500	-10.127	2.308	4.596
288	-10.127	2.308	4.608
299	-10.127	2.308	1.443
300	-10.127	2.308	0.049
386	-10.127	2.308	2.948
149	-10.126	2.625	0.048
89	-10.121	2.356	0.051
588	-10.114	2.626	0.053
470	-10.113	2.627	0.037
466	-10.113	2.625	2.998
481	-10.113	2.625	0.010
469	-10.113	2.626	0.006
473	-10.113	2.625	10.418
514	-10.112	2.625	3.917
323	-10.107	2.308	10.409
335	-10.107	2.308	11.847
255	-10.106	2.308	10.406
485	-10.092	1.581	3.219
508	-10.092	1.581	9.686
530	-10.092	1.581	11.778
589	-10.055	2.313	2.237
419	-10.027	1.575	2.235
406	-10.011	1.577	11.774
298	-10.006	1.577	2.239
306	-10.006	1.577	2.239
453	-9.987	2.305	4.906
488	-9.985	2.305	4.902
281	-9.985	2.305	5.297
373	-9.985	2.305	5.296
251	-9.965	2.304	5.289
490	-9.942	1.568	4.899
515	-9.942	1.569	4.904
526	-9.902	2.369	4.544
505	-9.879	2.389	4.565
445	-9.878	2.388	4.563
491	-9.876	2.388	5.385
516	-9.876	2.388	5.397
478	-9.874	2.388	5.396
492	-9.865	2.378	3.105
85	-9.810	3.521	5.014
355	-9.783	0.640	8.666
304	-9.696	1.567	2.570
40	-9.668	3.137	7.687
165	-9.654	2.296	9.690
173	-9.654	2.296	9.514
225	-9.654	2.296	10.689
43	-9.651	2.296	10.694
34	-9.636	2.298	9.918
401	-9.584	3.716	12.045
348	-9.581	3.677	12.304
116	-9.575	2.298	12.581
155	-9.575	2.297	11.096
189	-9.575	2.298	2.082
122	-9.574	2.297	2.099
80	-9.574	2.298	1.939
118	-9.574	2.298	1.939
264	-9.574	2.298	1.961
150	-9.574	2.297	1.991
162	-9.574	2.299	10.328
71	-9.573	2.298	10.328
506	-9.570	2.298	10.328
245	-9.569	1.560	10.328
79	-9.568	3.139	2.980
111	-9.567	3.139	10.327
158	-9.560	2.301	10.333
257	-9.559	2.299	9.632
206	-9.520	2.147	9.632
420	-9.520	2.140	9.632
207	-9.520	2.136	9.632
428	-9.518	2.157	9.632
321	-9.513	2.142	9.631
9	-9.503	2.300	9.632
291	-9.484	2.300	9.643
368	-9.484	2.300	10.205
349	-9.483	2.264	9.642
133	-9.479	2.300	9.631
476	-9.478	2.300	9.643
448	-9.478	2.300	9.646
553	-9.476	2.300	2.196
565	-9.475	2.300	9.666
570	-9.473	2.301	10.694
232	-9.472	2.300	10.694
356	-9.470	3.264	10.707
275	-9.465	3.185	1.901
352	-9.464	3.159	1.901
278	-9.462	3.139	1.913
192	-9.453	2.782	3.798
126	-9.447	2.782	3.809
286	-9.436	2.759	1.890
452	-9.435	2.781	1.459
233	-9.433	2.806	1.460
320	-9.432	2.915	1.889
1496	-9.429	3.694	1.876
1504	-9.428	3.692	2.203
543	-9.422	0.628	1.369
592	-9.421	0.627	1.378
128	-9.404	2.096	11.657
279	-9.402	2.114	3.251
270	-9.402	2.122	9.689
424	-9.402	2.119	1.674
263	-9.402	2.094	11.778
64	-9.402	2.097	18.316
129	-9.402	2.109	9.694
296	-9.402	2.108	11.930
107	-9.402	2.106	11.763
121	-9.402	2.110	11.785
369	-9.402	2.113	2.237
125	-9.401	2.116	2.237
66	-9.401	2.108	2.235
96	-9.401	2.098	2.235
499	-9.399	2.131	11.773
387	-9.399	2.182	2.239
503	-9.398	2.139	11.915
44	-9.397	2.087	11.915
330	-9.396	2.130	18.528
238	-9.395	2.141	11.773
341	-9.395	2.116	11.933
141	-9.395	2.100	11.926
231	-9.393	2.111	11.925
45	-9.393	2.098	11.769
46	-9.393	2.078	5.351
47	-9.390	2.182	11.921
446	-9.388	2.206	4.901
147	-9.388	2.123	4.901
51	-9.387	0.650	5.299
529	-9.360	2.251	4.899
493	-9.360	2.868	5.415
292	-9.352	2.244	7.918
391	-9.347	2.300	5.333
81	-9.341	2.424	17.394
454	-9.339	3.181	4.607
509	-9.326	2.347	4.595
185	-9.320	0.243	4.535
423	-9.319	2.526	4.557
183	-9.316	3.428	1.781
378	-9.308	2.629	5.282
400	-9.306	2.644	5.385
496	-9.304	2.567	5.396
558	-9.302	0.706	5.323
8	-9.302	2.623	5.029
511	-9.301	2.658	3.110
191	-9.300	2.704	1.745
429	-9.299	2.884	5.278
467	-9.299	2.717	3.119
204	-9.296	2.814	10.549
370	-9.296	2.816	10.551
109	-9.295	2.809	3.129
459	-9.295	2.868	10.565
220	-9.294	2.713	10.556
226	-9.294	2.713	3.137
501	-9.293	2.823	5.168
350	-9.288	2.827	5.158
164	-9.282	0.247	5.169
404	-9.275	2.712	17.860
274	-9.273	2.713	2.572
443	-9.273	2.713	5.312
416	-9.267	2.218	2.574
119	-9.266	3.146	2.577
108	-9.265	2.256	8.511
100	-9.262	2.263	3.433
342	-9.261	2.168	5.196
249	-9.260	2.265	11.596
598	-9.257	2.299	12.760
331	-9.252	2.302	7.687
201	-9.244	3.007	10.546
106	-9.226	3.432	9.690
354	-9.223	2.714	9.513
123	-9.222	3.432	16.262
360	-9.217	2.714	11.881
361	-9.217	2.714	9.168
371	-9.216	2.714	13.017
365	-9.216	2.714	13.858
413	-9.216	2.714	2.093
426	-9.216	2.714	2.094
236	-9.215	2.703	2.087
381	-9.215	2.716	1.937
340	-9.214	2.709	1.936
312	-9.214	2.714	1.983
385	-9.214	2.714	10.328
283	-9.214	2.716	10.328
261	-9.212	2.710	10.329
246	-9.212	2.710	10.329
260	-9.212	2.710	10.329
297	-9.211	2.713	10.328
421	-9.211	2.714	9.633
130	-9.209	2.715	10.334
131	-9.209	2.714	10.334
273	-9.208	2.719	9.633
463	-9.206	2.717	9.633
464	-9.206	2.717	9.633
531	-9.206	2.717	9.633
555	-9.205	2.717	9.633
268	-9.202	1.906	9.634
584	-9.199	2.719	10.335
518	-9.155	0.252	9.630
289	-9.135	2.650	10.332
145	-9.130	2.766	10.334
184	-9.128	2.766	9.643
23	-9.122	2.765	9.643
359	-9.097	2.615	9.658
379	-9.006	1.749	10.699
414	-8.988	2.518	1.891
383	-8.963	1.781	1.459
357	-8.960	1.654	3.836
199	-8.821	2.261	3.846
1511	-8.805	3.634	0.001
223	-8.803	2.891	0.011
188	-8.799	2.275	0.015
487	-8.797	2.292	10.410
458	-8.797	2.290	11.849
254	-8.771	1.578	11.849
1507	-8.745	3.988	11.778
229	-8.685	2.119	11.773
75	-8.632	3.669	4.909
237	-8.630	3.668	4.907
364	-8.629	3.658	4.906
120	-8.629	3.668	4.907
389	-8.629	3.689	5.298
203	-8.628	3.641	5.304
73	-8.627	3.663	4.904
437	-8.627	3.674	5.306
519	-8.627	3.709	5.309
520	-8.624	3.673	4.905
154	-8.595	3.663	5.414
402	-8.595	3.675	4.580
390	-8.595	3.692	1.797
295	-8.593	3.646	1.801
78	-8.592	3.641	1.802
86	-8.591	3.675	1.801
227	-8.591	3.683	1.800
163	-8.591	3.687	1.798
594	-8.590	3.686	1.802
15	-8.590	3.686	1.800
16	-8.590	3.686	7.919
87	-8.588	3.653	5.333
196	-8.548	2.712	9.138
562	-8.546	1.521	4.638
579	-8.546	1.476	4.602
339	-8.545	2.248	4.545
507	-8.545	1.503	4.536
332	-8.543	2.725	4.556
398	-8.543	2.724	4.567
308	-8.536	2.626	4.564
412	-8.534	1.456	16.966
456	-8.529	2.721	5.387
366	-8.522	2.638	5.398
337	-8.511	3.637	5.326
327	-8.506	2.764	5.333
256	-8.501	3.687	4.994
375	-8.500	3.685	3.127
417	-8.499	3.687	1.746
72	-8.497	3.686	5.309
455	-8.494	3.690	1.740
208	-8.489	2.767	2.616
309	-8.489	2.767	10.004
117	-8.489	2.767	3.125
267	-8.489	2.767	3.130
101	-8.481	2.769	10.559
93	-8.480	2.769	10.574
176	-8.458	3.633	5.310
210	-8.445	3.629	2.571
305	-8.444	3.634	3.675
290	-8.436	2.773	2.571
317	-8.435	2.773	8.424
42	-8.425	2.762	9.650
438	-8.424	3.635	11.593
450	-8.424	3.635	12.621
550	-8.422	2.775	7.687
614	-8.411	3.636	9.690
489	-8.411	3.636	9.514
504	-8.411	3.636	10.692
534	-8.411	3.636	10.811
537	-8.411	3.636	11.876
559	-8.411	3.636	12.844
563	-8.411	3.636	12.356
599	-8.411	3.636	10.404
471	-8.411	3.636	2.093
510	-8.388	1.767	2.094
212	-8.354	2.767	10.328
175	-8.353	2.768	10.328
177	-8.353	2.768	10.329
222	-8.353	2.768	10.329
166	-8.353	2.768	10.329
405	-8.349	3.739	10.328
586	-8.346	3.737	9.633
560	-8.345	3.740	10.334
571	-8.345	3.740	10.335
545	-8.313	2.066	9.633
1535	-8.306	3.743	9.633
523	-8.262	3.763	9.630
577	-8.262	3.763	10.332
587	-8.262	3.763	10.334
583	-8.261	3.763	9.652
250	-8.250	2.760	9.644
115	-8.234	2.763	9.646
132	-8.231	2.763	2.199
10	-8.222	2.764	2.200
432	-8.191	2.935	2.308
353	-8.179	3.366	1.901
209	-8.167	2.625	1.900
148	-8.114	3.976	3.260
376	-8.057	2.918	1.374
333	-8.044	2.916	3.951
160	-8.036	3.339	0.050
329	-7.967	3.344	0.054
303	-7.937	3.357	2.905
394	-7.696	3.157	11.931
313	-7.694	3.157	11.764
215	-7.662	3.497	2.237
441	-7.617	3.823	2.234
449	-7.617	3.823	18.527
460	-7.616	3.823	2.239
475	-7.616	3.823	2.239
521	-7.616	3.823	11.916
524	-7.616	3.823	18.525
315	-7.616	3.823	9.765
362	-7.616	3.823	11.937
393	-7.616	3.823	11.934
399	-7.616	3.823	2.242
415	-7.616	3.823	11.926
418	-7.616	3.823	2.242
172	-7.612	3.496	2.235
336	-7.601	3.823	5.296
202	-7.584	3.163	4.904
316	-7.584	3.501	4.904
427	-7.582	3.163	5.290
540	-7.578	3.832	5.296
338	-7.576	3.502	5.419
372	-7.557	3.408	1.802
70	-7.533	3.500	5.326
436	-7.531	3.501	10.479
609	-7.510	3.972	4.625
302	-7.477	3.505	4.546
439	-7.472	3.506	4.538
433	-7.471	3.506	4.535
593	-7.469	3.506	4.556
382	-7.452	3.818	4.562
367	-7.452	3.818	4.566
230	-7.441	3.818	4.561
324	-7.437	3.818	5.283
407	-7.424	3.503	5.285
447	-7.418	3.503	1.809
244	-7.417	3.503	5.392
422	-7.215	3.415	3.119
411	-7.107	3.817	3.131
271	-7.101	3.817	10.566
457	-6.946	3.845	10.009
