748	-6.150	0.000	0.000
751	-6.150	0.000	0.000
947	-6.150	0.000	0.000
726	-6.149	0.000	0.000
433	-6.146	0.001	0.000
456	-6.146	0.001	0.000
777	-6.146	0.002	0.000
794	-6.146	0.002	0.000
796	-6.146	0.002	0.000
831	-6.146	0.002	0.000
907	-6.146	0.002	0.000
967	-6.146	0.002	0.000
999	-6.146	0.002	0.000
1047	-6.146	0.002	0.000
1105	-6.146	0.002	0.000
993	-6.145	0.002	0.000
760	-6.131	0.977	0.000
771	-6.131	0.977	0.000
859	-6.131	0.977	0.000
899	-6.131	0.977	0.000
903	-6.131	0.977	0.000
954	-6.131	0.977	0.000
987	-6.131	0.977	0.000
1019	-6.131	0.977	0.000
1036	-6.131	0.977	0.000
1064	-6.131	0.977	0.000
1114	-6.131	0.977	0.000
1140	-6.131	0.977	0.000
1143	-6.131	0.977	0.000
757	-6.131	0.977	0.000
768	-6.131	0.977	0.000
786	-6.131	0.976	0.000
797	-6.131	0.976	0.000
817	-6.131	0.977	0.000
819	-6.131	0.976	0.000
843	-6.131	0.977	0.000
849	-6.131	0.977	0.000
896	-6.131	0.977	0.000
900	-6.131	0.977	0.000
920	-6.131	0.977	0.000
1056	-6.131	0.976	0.000
1058	-6.131	0.977	0.000
1135	-6.131	0.976	0.000
693	-6.130	0.977	0.000
738	-6.130	0.978	0.000
879	-6.130	0.977	0.000
880	-6.130	0.977	0.000
884	-6.130	0.977	0.000
890	-6.130	0.977	0.000
787	-6.101	2.417	0.000
471	-6.098	2.420	0.000
476	-6.098	2.420	0.000
972	-6.093	2.414	0.000
662	-6.093	2.418	0.000
1002	-6.093	2.414	0.000
1076	-6.093	2.419	0.000
618	-6.093	2.420	0.000
620	-6.093	2.419	0.000
628	-6.093	2.419	0.000
638	-6.093	2.419	0.000
650	-6.093	2.419	0.000
668	-6.093	2.419	0.000
672	-6.093	2.419	0.000
701	-6.093	2.419	0.000
711	-6.093	2.419	0.000
746	-6.093	2.419	0.000
779	-6.093	2.419	0.000
782	-6.093	2.419	0.000
806	-6.093	2.419	0.000
844	-6.093	2.419	0.000
882	-6.093	2.419	0.000
883	-6.093	2.419	0.000
901	-6.093	2.419	0.000
922	-6.093	2.419	0.000
941	-6.093	2.419	0.000
1037	-6.093	2.419	0.000
1091	-6.093	2.420	0.000
873	-6.093	2.421	0.000
1139	-6.093	2.419	0.000
1029	-6.093	2.431	0.000
978	-6.092	2.415	0.000
974	-6.092	2.420	0.000
798	-6.091	2.393	0.000
783	-6.086	2.422	0.000
655	-6.085	2.437	0.000
1012	-6.071	2.603	0.000
963	-6.061	2.607	0.000
715	-6.045	2.599	0.000
587	-6.045	2.599	0.000
762	-6.044	2.600	0.000
737	-6.044	2.599	0.000
547	-6.042	2.599	0.000
674	-6.042	2.599	0.000
685	-6.042	2.599	0.000
764	-6.042	2.599	0.000
770	-6.042	2.599	0.000
784	-6.042	2.599	0.000
822	-6.042	2.599	0.000
829	-6.042	2.599	0.000
830	-6.042	2.599	0.000
838	-6.042	2.599	0.000
851	-6.042	2.599	0.000
893	-6.042	2.599	0.000
916	-6.042	2.599	0.000
928	-6.042	2.599	0.000
934	-6.042	2.599	0.000
955	-6.042	2.599	0.000
1001	-6.042	2.599	0.000
1007	-6.042	2.599	0.000
1018	-6.042	2.599	0.000
1024	-6.042	2.599	0.000
1025	-6.042	2.599	0.000
1038	-6.042	2.599	0.000
1045	-6.042	2.599	0.000
1062	-6.042	2.599	0.000
1065	-6.042	2.599	0.000
1108	-6.042	2.599	0.000
1119	-6.042	2.599	0.000
992	-6.041	2.599	0.000
1082	-6.041	2.596	0.000
773	-6.002	2.231	0.000
506	-6.000	2.729	0.000
564	-6.000	2.729	0.000
604	-6.000	2.729	0.000
698	-6.000	2.729	0.000
725	-6.000	2.729	0.000
939	-6.000	2.729	0.000
945	-6.000	2.729	0.000
633	-5.987	2.729	0.000
651	-5.987	2.729	0.000
653	-5.987	2.729	0.000
656	-5.987	2.729	0.000
702	-5.987	2.729	0.000
703	-5.987	2.729	0.000
722	-5.987	2.729	0.000
791	-5.987	2.729	0.000
870	-5.987	2.729	0.000
905	-5.987	2.729	0.000
1053	-5.987	2.729	0.000
692	-5.986	2.717	0.000
860	-5.984	2.696	0.000
788	-5.983	2.688	0.000
948	-5.983	2.695	0.000
1021	-5.983	2.696	0.000
1084	-5.983	2.695	0.000
1098	-5.983	2.695	0.000
621	-5.977	2.693	0.000
342	-5.976	2.692	0.000
517	-5.959	2.691	0.000
622	-5.959	2.691	0.000
639	-5.959	2.691	0.000
677	-5.959	2.691	0.000
684	-5.959	2.689	0.000
721	-5.959	2.691	0.000
772	-5.959	2.691	0.000
815	-5.959	2.693	0.000
834	-5.959	2.691	0.000
931	-5.959	2.691	0.000
960	-5.959	2.691	0.000
968	-5.959	2.691	0.000
969	-5.959	2.691	0.000
1095	-5.959	2.691	0.000
321	-5.958	2.695	0.000
129	-5.958	2.691	0.000
912	-5.935	2.776	0.000
642	-5.934	2.680	0.000
670	-5.932	2.702	0.000
460	-5.917	2.200	0.000
823	-5.916	2.200	0.000
609	-5.916	2.201	0.000
614	-5.916	2.200	0.000
615	-5.916	2.200	0.000
652	-5.916	2.200	0.000
667	-5.916	2.200	0.000
694	-5.916	2.200	0.000
704	-5.916	2.200	0.000
758	-5.916	2.200	0.000
810	-5.916	2.200	0.000
833	-5.916	2.200	0.000
917	-5.916	2.200	0.000
742	-5.916	2.200	0.000
739	-5.902	1.826	0.000
776	-5.902	1.826	0.000
780	-5.902	1.826	0.000
654	-5.902	1.826	0.000
671	-5.902	1.826	0.000
754	-5.902	1.826	0.000
755	-5.902	1.826	0.000
759	-5.902	1.826	0.000
802	-5.902	1.826	0.000
816	-5.902	1.826	0.000
835	-5.902	1.826	0.000
913	-5.902	1.826	0.000
1060	-5.902	1.826	0.000
889	-5.901	1.826	0.000
728	-5.891	1.555	0.000
765	-5.891	1.555	0.000
940	-5.891	1.555	0.000
627	-5.886	1.555	0.000
673	-5.886	1.555	0.000
686	-5.886	1.555	0.000
700	-5.886	1.555	0.000
720	-5.886	1.555	0.000
723	-5.886	1.555	0.000
724	-5.886	1.555	0.000
804	-5.886	1.555	0.000
1063	-5.886	1.555	0.000
735	-5.885	1.555	0.000
645	-5.885	3.069	0.000
664	-5.885	3.069	0.000
678	-5.885	3.069	0.000
690	-5.885	3.069	0.000
1079	-5.885	3.069	0.000
497	-5.884	3.069	0.000
498	-5.884	3.069	0.000
734	-5.884	3.069	0.000
532	-5.884	3.069	0.000
785	-5.884	3.069	0.000
827	-5.884	3.069	0.000
1121	-5.884	3.069	0.000
182	-5.883	3.068	0.000
464	-5.883	3.068	0.000
436	-5.883	3.068	0.000
983	-5.883	3.243	0.000
616	-5.877	1.186	0.000
679	-5.877	3.241	0.000
1003	-5.875	1.179	0.000
1040	-5.875	1.179	0.000
1113	-5.875	1.180	0.000
425	-5.871	1.181	0.000
486	-5.871	1.181	0.000
640	-5.871	3.068	0.000
644	-5.871	3.068	0.000
666	-5.871	3.068	0.000
681	-5.871	3.068	0.000
716	-5.871	3.068	0.000
766	-5.871	3.069	0.000
887	-5.871	3.068	0.000
918	-5.871	3.067	0.000
1085	-5.871	3.068	0.000
363	-5.870	3.067	0.000
470	-5.870	3.067	0.000
855	-5.866	1.172	0.000
801	-5.866	1.172	0.000
805	-5.866	1.172	0.000
986	-5.866	1.173	0.000
276	-5.862	3.248	0.000
372	-5.862	3.250	0.000
359	-5.861	3.256	0.000
232	-5.861	3.268	0.000
495	-5.859	3.230	0.000
571	-5.859	3.244	0.000
818	-5.858	2.343	0.000
841	-5.858	2.343	0.000
846	-5.858	2.343	0.000
871	-5.858	2.343	0.000
888	-5.858	2.343	0.000
891	-5.858	2.343	0.000
909	-5.858	2.343	0.000
919	-5.858	2.343	0.000
923	-5.858	2.343	0.000
980	-5.858	2.343	0.000
990	-5.858	2.343	0.000
996	-5.858	2.343	0.000
1031	-5.858	2.343	0.000
1032	-5.858	2.343	0.000
1068	-5.858	2.343	0.000
1089	-5.858	2.343	0.000
1137	-5.858	2.343	0.000
487	-5.858	3.275	0.000
624	-5.847	2.356	0.000
641	-5.847	2.355	0.000
646	-5.847	2.355	0.000
675	-5.847	2.355	0.000
676	-5.847	2.355	0.000
683	-5.847	2.355	0.000
696	-5.847	2.355	0.000
727	-5.847	2.355	0.000
858	-5.846	2.355	0.000
869	-5.846	2.355	0.000
874	-5.846	2.355	0.000
915	-5.846	2.355	0.000
1042	-5.846	2.355	0.000
1067	-5.846	2.355	0.000
1102	-5.846	2.355	0.000
1110	-5.846	2.355	0.000
1132	-5.846	2.355	0.000
775	-5.846	2.355	0.000
808	-5.846	2.354	0.000
854	-5.846	2.355	0.000
857	-5.846	2.355	0.000
892	-5.846	2.355	0.000
946	-5.846	2.355	0.000
697	-5.846	2.342	0.000
1129	-5.833	2.297	0.000
898	-5.827	3.209	0.000
509	-5.827	3.208	0.000
511	-5.827	3.210	0.000
885	-5.827	3.210	0.000
544	-5.827	3.213	0.000
612	-5.827	3.208	0.000
619	-5.813	1.835	0.000
629	-5.813	1.834	0.000
632	-5.813	1.835	0.000
647	-5.813	1.835	0.000
648	-5.813	1.835	0.000
649	-5.813	1.834	0.000
729	-5.813	1.835	0.000
789	-5.805	1.939	0.000
389	-5.798	1.542	0.000
481	-5.794	1.541	0.000
752	-5.792	1.540	0.000
778	-5.792	1.540	0.000
929	-5.792	1.540	0.000
626	-5.792	1.541	0.000
1078	-5.791	1.540	0.000
507	-5.791	1.540	0.000
613	-5.791	1.541	0.000
731	-5.791	1.541	0.000
680	-5.789	1.931	0.000
688	-5.789	1.931	0.000
790	-5.789	1.931	0.000
886	-5.789	1.931	0.000
902	-5.789	1.931	0.000
1147	-5.789	1.931	0.000
659	-5.788	1.845	0.000
643	-5.787	1.957	0.000
799	-5.784	1.957	0.000
687	-5.764	2.009	0.000
610	-5.757	2.008	0.000
611	-5.757	2.008	0.000
630	-5.757	2.008	0.000
631	-5.757	2.008	0.000
635	-5.757	2.008	0.000
637	-5.757	2.008	0.000
665	-5.757	2.008	0.000
718	-5.757	2.008	0.000
795	-5.757	2.008	0.000
824	-5.757	2.008	0.000
1000	-5.757	2.008	0.000
1015	-5.757	2.008	0.000
1059	-5.748	2.241	0.000
617	-5.741	2.102	0.000
623	-5.741	2.102	0.000
512	-5.741	2.102	0.000
769	-5.741	2.103	0.000
862	-5.739	2.116	0.000
741	-5.731	2.232	0.000
850	-5.731	2.231	0.000
695	-5.730	2.231	0.000
717	-5.730	2.231	0.000
932	-5.716	2.222	0.000
952	-5.716	2.222	0.000
965	-5.716	2.223	0.000
971	-5.716	2.222	0.000
1041	-5.716	2.222	0.000
708	-5.715	2.222	0.000
636	-5.714	1.214	0.000
657	-5.714	1.214	0.000
660	-5.714	1.214	0.000
661	-5.714	1.214	0.000
840	-5.713	1.214	0.000
1066	-5.713	1.214	0.000
1146	-5.713	1.214	0.000
1008	-5.713	1.213	0.000
1011	-5.713	1.214	0.000
1071	-5.713	1.213	0.000
743	-5.713	1.214	0.000
877	-5.700	1.894	0.000
1014	-5.700	1.894	0.000
1103	-5.700	1.894	0.000
966	-5.700	1.894	0.000
989	-5.700	1.894	0.000
1081	-5.700	1.894	0.000
1125	-5.700	1.894	0.000
975	-5.699	1.894	0.000
981	-5.699	1.893	0.000
732	-5.674	2.345	0.000
706	-5.673	2.346	0.000
634	-5.673	2.345	0.000
658	-5.673	2.345	0.000
689	-5.673	2.345	0.000
691	-5.673	2.345	0.000
705	-5.673	2.345	0.000
710	-5.673	2.345	0.000
712	-5.673	2.345	0.000
761	-5.673	2.345	0.000
781	-5.673	2.345	0.000
792	-5.673	2.345	0.000
807	-5.673	2.345	0.000
861	-5.673	2.345	0.000
906	-5.673	2.345	0.000
911	-5.673	2.345	0.000
921	-5.673	2.345	0.000
949	-5.673	2.345	0.000
970	-5.673	2.345	0.000
976	-5.673	2.345	0.000
1020	-5.673	2.345	0.000
1022	-5.673	2.345	0.000
1133	-5.673	2.345	0.000
979	-5.611	1.871	0.000
803	-5.610	1.871	0.000
812	-5.610	1.871	0.000
821	-5.610	1.871	0.000
826	-5.610	1.871	0.000
848	-5.610	1.871	0.000
863	-5.610	1.871	0.000
867	-5.610	1.871	0.000
881	-5.610	1.871	0.000
925	-5.610	1.871	0.000
994	-5.610	1.871	0.000
1142	-5.610	1.871	0.000
625	-5.501	2.191	0.000
744	-5.501	2.190	0.000
942	-5.501	2.190	0.000
