1891	-5.135	0.000	0.000
1892	-5.135	0.000	0.000
1893	-5.135	0.000	0.000
1894	-5.135	0.000	0.000
1773	-5.135	0.001	0.000
1774	-5.135	0.001	0.000
1775	-5.135	0.001	0.000
1776	-5.135	0.001	0.000
1777	-5.135	0.001	0.000
1778	-5.135	0.001	0.000
1779	-5.135	0.001	0.000
1799	-5.135	0.001	0.000
1838	-5.135	0.001	0.000
1859	-5.134	0.000	0.000
1860	-5.134	0.000	0.000
1861	-5.134	0.000	0.000
1862	-5.134	0.000	0.000
1863	-5.134	0.000	0.000
1782	-4.990	0.026	0.000
1783	-4.990	0.026	0.000
1784	-4.990	0.026	0.000
1802	-4.990	0.026	0.000
1821	-4.990	0.026	0.000
1822	-4.990	0.026	0.000
1823	-4.990	0.026	0.000
1824	-4.990	0.026	0.000
1869	-4.990	0.026	0.000
1880	-4.990	0.026	0.000
1766	-4.987	0.026	0.000
1767	-4.987	0.026	0.000
1768	-4.987	0.026	0.000
1769	-4.987	0.026	0.000
1770	-4.987	0.026	0.000
1771	-4.987	0.026	0.000
1772	-4.987	0.026	0.000
1036	-4.985	0.025	0.000
1037	-4.985	0.025	0.000
1269	-4.985	0.025	0.000
1270	-4.985	0.025	0.000
1271	-4.985	0.025	0.000
1330	-4.985	0.025	0.000
1331	-4.985	0.025	0.000
1356	-4.985	0.025	0.000
1357	-4.985	0.025	0.000
1360	-4.985	0.025	0.000
1790	-4.980	0.024	0.000
1791	-4.980	0.024	0.000
1792	-4.980	0.024	0.000
1793	-4.980	0.024	0.000
1794	-4.980	0.024	0.000
1795	-4.980	0.024	0.000
1796	-4.980	0.024	0.000
1797	-4.980	0.024	0.000
1813	-4.980	0.024	0.000
1814	-4.980	0.024	0.000
1815	-4.980	0.024	0.000
1816	-4.980	0.024	0.000
1817	-4.980	0.024	0.000
1818	-4.980	0.024	0.000
1837	-4.980	0.024	0.000
1875	-4.980	0.024	0.000
1763	-4.978	0.024	0.000
1764	-4.978	0.024	0.000
1765	-4.978	0.024	0.000
1753	-4.976	0.024	0.000
1754	-4.976	0.024	0.000
1755	-4.976	0.024	0.000
1864	-4.963	0.025	0.000
1865	-4.963	0.025	0.000
1759	-4.961	0.026	0.000
1808	-4.947	0.024	0.000
1819	-4.947	0.024	0.000
1890	-4.946	0.024	0.000
1760	-4.945	0.024	0.000
1761	-4.945	0.024	0.000
1762	-4.945	0.024	0.000
1798	-4.943	0.020	0.000
1866	-4.943	0.020	0.000
1780	-4.943	0.020	0.000
1781	-4.943	0.020	0.000
1785	-4.943	0.020	0.000
1786	-4.943	0.020	0.000
1787	-4.943	0.020	0.000
1788	-4.943	0.020	0.000
1789	-4.943	0.020	0.000
1834	-4.942	0.020	0.000
1835	-4.942	0.020	0.000
1853	-4.942	0.020	0.000
1756	-4.939	0.021	0.000
1757	-4.939	0.021	0.000
1758	-4.939	0.021	0.000
1743	-4.930	0.022	0.000
1744	-4.930	0.022	0.000
1745	-4.930	0.022	0.000
1746	-4.930	0.022	0.000
1747	-4.930	0.022	0.000
1748	-4.930	0.022	0.000
1749	-4.930	0.022	0.000
1750	-4.930	0.022	0.000
1751	-4.930	0.022	0.000
1752	-4.930	0.022	0.000
1879	-4.669	3.121	0.000
1881	-4.669	3.121	0.000
1882	-4.669	3.121	0.000
1883	-4.669	3.121	0.000
1884	-4.669	3.121	0.000
1885	-4.669	3.121	0.000
1886	-4.669	3.121	0.000
1887	-4.669	3.121	0.000
1809	-4.668	3.121	0.000
1810	-4.668	3.121	0.000
1811	-4.668	3.121	0.000
1812	-4.668	3.121	0.000
1852	-4.613	2.607	0.000
1877	-4.504	3.130	0.000
1825	-3.716	2.168	0.000
1826	-3.716	2.168	0.000
1827	-3.716	2.168	0.000
1828	-3.716	2.168	0.000
1829	-3.716	2.168	0.000
1830	-3.716	2.168	0.000
1831	-3.716	2.168	0.000
1833	-3.716	2.168	0.000
1856	-3.715	2.167	0.000
1858	-3.715	2.167	0.000
1839	-3.715	2.167	0.000
1840	-3.715	2.168	0.000
1868	-3.715	2.168	0.000
1878	-3.715	2.167	0.000
1857	-3.715	2.167	0.000
1841	-3.691	2.174	0.000
1842	-3.691	2.174	0.000
1843	-3.691	2.174	0.000
1844	-3.691	2.174	0.000
1845	-3.691	2.174	0.000
1846	-3.691	2.174	0.000
1847	-3.691	2.174	0.000
1848	-3.691	2.174	0.000
1849	-3.691	2.174	0.000
1850	-3.691	2.175	0.000
1851	-3.691	2.174	0.000
1800	-3.690	2.174	0.000
1801	-3.690	2.174	0.000
1867	-3.690	2.174	0.000
1888	-3.690	2.174	0.000
1803	-3.669	2.164	0.000
1804	-3.669	2.164	0.000
1805	-3.669	2.164	0.000
1806	-3.669	2.164	0.000
1807	-3.669	2.164	0.000
1820	-3.669	2.164	0.000
1832	-3.669	2.164	0.000
1870	-3.669	2.164	0.000
1871	-3.669	2.164	0.000
1872	-3.669	2.164	0.000
1873	-3.669	2.164	0.000
1874	-3.669	2.164	0.000
1876	-3.669	2.164	0.000
1836	-3.668	3.513	0.000
1908	-3.668	3.513	0.000
1909	-3.668	3.513	0.000
1910	-3.668	3.513	0.000
1911	-3.668	3.513	0.000
1912	-3.668	3.513	0.000
1913	-3.668	3.513	0.000
1914	-3.668	3.513	0.000
1915	-3.668	3.513	0.000
1916	-3.668	3.513	0.000
1917	-3.668	3.513	0.000
1929	-3.668	3.513	0.000
1930	-3.668	3.513	0.000
1931	-3.668	3.513	0.000
1932	-3.668	3.513	0.000
1933	-3.668	3.513	0.000
1934	-3.668	3.513	0.000
1935	-3.668	3.513	0.000
1936	-3.668	3.513	0.000
1937	-3.668	3.513	0.000
1918	-3.668	3.513	0.000
1928	-3.668	3.513	0.000
1854	-3.638	2.161	0.000
1855	-3.638	2.161	0.000
1889	-3.546	2.136	0.000
