640	-3.969	0.000	0.000
641	-3.969	0.000	0.000
642	-3.969	0.000	0.000
653	-3.969	0.000	0.000
660	-3.969	0.000	0.000
674	-3.969	0.000	0.000
685	-3.969	0.000	0.000
686	-3.969	0.000	0.000
700	-3.969	0.000	0.000
701	-3.969	0.000	0.000
702	-3.969	0.000	0.000
717	-3.969	0.001	0.000
718	-3.969	0.000	0.000
720	-3.969	0.000	0.000
721	-3.969	0.001	0.000
722	-3.969	0.000	0.000
723	-3.969	0.000	0.000
724	-3.969	0.000	0.000
725	-3.969	0.000	0.000
726	-3.969	0.000	0.000
727	-3.969	0.000	0.000
728	-3.969	0.000	0.000
729	-3.969	0.000	0.000
750	-3.969	0.001	0.000
751	-3.969	0.001	0.000
752	-3.969	0.001	0.000
753	-3.969	0.001	0.000
754	-3.969	0.001	0.000
755	-3.969	0.001	0.000
764	-3.969	0.001	0.000
765	-3.969	0.001	0.000
766	-3.969	0.001	0.000
767	-3.969	0.001	0.000
768	-3.969	0.001	0.000
769	-3.969	0.001	0.000
770	-3.969	0.001	0.000
771	-3.969	0.001	0.000
772	-3.969	0.001	0.000
773	-3.969	0.001	0.000
774	-3.969	0.001	0.000
775	-3.969	0.001	0.000
796	-3.969	0.001	0.000
798	-3.969	0.001	0.000
799	-3.969	0.001	0.000
805	-3.969	0.001	0.000
806	-3.969	0.001	0.000
808	-3.969	0.001	0.000
810	-3.969	0.001	0.000
811	-3.969	0.001	0.000
812	-3.969	0.001	0.000
813	-3.969	0.001	0.000
814	-3.969	0.001	0.000
821	-3.969	0.001	0.000
823	-3.969	0.001	0.000
828	-3.969	0.001	0.000
829	-3.969	0.001	0.000
832	-3.969	0.001	0.000
836	-3.969	0.001	0.000
837	-3.969	0.001	0.000
838	-3.969	0.001	0.000
839	-3.969	0.001	0.000
850	-3.969	0.001	0.000
851	-3.969	0.001	0.000
852	-3.969	0.001	0.000
853	-3.969	0.001	0.000
854	-3.969	0.001	0.000
877	-3.969	0.001	0.000
878	-3.969	0.001	0.000
879	-3.969	0.001	0.000
880	-3.969	0.001	0.000
881	-3.969	0.001	0.000
882	-3.969	0.001	0.000
883	-3.969	0.001	0.000
884	-3.969	0.001	0.000
888	-3.969	0.001	0.000
892	-3.969	0.001	0.000
893	-3.969	0.001	0.000
894	-3.969	0.001	0.000
895	-3.969	0.001	0.000
896	-3.969	0.001	0.000
912	-3.969	0.001	0.000
913	-3.969	0.001	0.000
916	-3.969	0.001	0.000
925	-3.969	0.001	0.000
926	-3.969	0.001	0.000
927	-3.969	0.001	0.000
933	-3.969	0.001	0.000
934	-3.969	0.001	0.000
935	-3.969	0.001	0.000
936	-3.969	0.001	0.000
937	-3.969	0.001	0.000
938	-3.969	0.001	0.000
939	-3.969	0.001	0.000
940	-3.969	0.001	0.000
941	-3.969	0.001	0.000
942	-3.969	0.001	0.000
943	-3.969	0.001	0.000
949	-3.969	0.001	0.000
950	-3.969	0.001	0.000
951	-3.969	0.001	0.000
952	-3.969	0.001	0.000
953	-3.969	0.001	0.000
954	-3.969	0.001	0.000
955	-3.969	0.001	0.000
957	-3.969	0.001	0.000
1010	-3.969	0.001	0.000
1011	-3.969	0.001	0.000
1030	-3.969	0.001	0.000
1031	-3.969	0.001	0.000
1039	-3.968	0.001	0.000
1055	-3.968	0.001	0.000
1056	-3.968	0.001	0.000
1057	-3.968	0.001	0.000
1058	-3.968	0.001	0.000
1059	-3.968	0.001	0.000
1060	-3.968	0.001	0.000
1062	-3.968	0.001	0.000
1049	-3.886	0.025	0.000
1053	-3.886	0.025	0.000
797	-3.839	0.092	0.000
922	-3.839	0.092	0.000
923	-3.839	0.092	0.000
924	-3.839	0.092	0.000
958	-3.839	0.092	0.000
904	-3.838	0.096	0.000
905	-3.838	0.096	0.000
906	-3.838	0.096	0.000
907	-3.838	0.096	0.000
987	-3.838	0.096	0.000
988	-3.838	0.096	0.000
989	-3.838	0.096	0.000
990	-3.838	0.096	0.000
991	-3.838	0.096	0.000
992	-3.838	0.096	0.000
993	-3.838	0.096	0.000
994	-3.838	0.096	0.000
995	-3.838	0.096	0.000
1071	-3.748	0.113	0.000
698	-3.548	2.180	0.000
699	-3.548	2.179	0.000
632	-3.544	2.180	0.000
633	-3.544	2.180	0.000
676	-3.544	2.181	0.000
677	-3.544	2.181	0.000
643	-3.543	2.176	0.000
645	-3.543	2.176	0.000
646	-3.543	2.176	0.000
694	-3.543	2.176	0.000
695	-3.543	2.176	0.000
703	-3.543	2.176	0.000
706	-3.543	2.176	0.000
712	-3.543	2.176	0.000
713	-3.543	2.176	0.000
715	-3.543	2.176	0.000
716	-3.543	2.176	0.000
644	-3.543	2.176	0.000
649	-3.543	2.176	0.000
692	-3.543	2.176	0.000
693	-3.543	2.176	0.000
696	-3.543	2.176	0.000
697	-3.543	2.176	0.000
704	-3.543	2.176	0.000
705	-3.543	2.176	0.000
707	-3.543	2.176	0.000
708	-3.543	2.176	0.000
709	-3.543	2.176	0.000
710	-3.543	2.176	0.000
711	-3.543	2.176	0.000
714	-3.543	2.176	0.000
761	-3.537	2.179	0.000
762	-3.537	2.179	0.000
763	-3.537	2.179	0.000
791	-3.537	2.179	0.000
793	-3.537	2.179	0.000
795	-3.537	2.179	0.000
844	-3.537	2.179	0.000
732	-3.536	2.175	0.000
756	-3.536	2.174	0.000
759	-3.536	2.175	0.000
800	-3.536	2.175	0.000
807	-3.536	2.175	0.000
820	-3.536	2.175	0.000
822	-3.536	2.175	0.000
826	-3.536	2.175	0.000
827	-3.536	2.175	0.000
833	-3.536	2.175	0.000
835	-3.536	2.175	0.000
845	-3.536	2.175	0.000
846	-3.536	2.175	0.000
847	-3.536	2.175	0.000
849	-3.536	2.175	0.000
855	-3.536	2.174	0.000
856	-3.536	2.175	0.000
857	-3.536	2.175	0.000
858	-3.536	2.174	0.000
903	-3.536	2.175	0.000
947	-3.536	2.174	0.000
961	-3.536	2.175	0.000
962	-3.536	2.175	0.000
963	-3.536	2.175	0.000
964	-3.536	2.175	0.000
981	-3.536	2.175	0.000
982	-3.536	2.175	0.000
983	-3.536	2.175	0.000
984	-3.536	2.175	0.000
985	-3.536	2.175	0.000
1005	-3.536	2.174	0.000
1012	-3.536	2.175	0.000
1032	-3.536	2.175	0.000
1033	-3.536	2.175	0.000
1034	-3.536	2.175	0.000
1035	-3.536	2.175	0.000
889	-3.536	2.179	0.000
915	-3.536	2.180	0.000
946	-3.536	2.179	0.000
1042	-3.536	2.179	0.000
970	-3.535	2.175	0.000
971	-3.535	2.175	0.000
647	-3.302	2.554	0.000
1079	-3.291	2.557	0.000
655	-3.265	3.428	0.000
675	-3.265	3.428	0.000
683	-3.265	3.428	0.000
634	-3.264	3.428	0.000
635	-3.264	3.428	0.000
636	-3.264	3.428	0.000
1001	-3.261	3.387	0.000
1003	-3.261	3.387	0.000
1004	-3.261	3.387	0.000
908	-3.261	3.434	0.000
887	-3.261	3.435	0.000
918	-3.260	3.435	0.000
757	-3.260	3.434	0.000
920	-3.258	3.427	0.000
921	-3.258	3.427	0.000
1043	-3.258	3.428	0.000
1046	-3.258	3.428	0.000
1047	-3.258	3.428	0.000
1052	-3.258	3.428	0.000
784	-3.257	3.162	0.000
624	-3.256	3.178	0.000
625	-3.256	3.178	0.000
626	-3.256	3.178	0.000
627	-3.256	3.178	0.000
628	-3.256	3.177	0.000
629	-3.256	3.178	0.000
650	-3.256	3.177	0.000
651	-3.256	3.177	0.000
669	-3.256	3.177	0.000
670	-3.256	3.177	0.000
671	-3.256	3.178	0.000
778	-3.249	3.384	0.000
779	-3.249	3.384	0.000
781	-3.249	3.384	0.000
782	-3.249	3.384	0.000
783	-3.249	3.384	0.000
817	-3.249	3.384	0.000
996	-3.249	3.383	0.000
997	-3.249	3.383	0.000
998	-3.249	3.383	0.000
999	-3.249	3.383	0.000
1000	-3.249	3.383	0.000
866	-3.249	3.383	0.000
867	-3.249	3.383	0.000
868	-3.249	3.383	0.000
869	-3.249	3.383	0.000
870	-3.249	3.383	0.000
871	-3.249	3.383	0.000
872	-3.249	3.383	0.000
874	-3.249	3.383	0.000
875	-3.249	3.383	0.000
876	-3.249	3.383	0.000
1077	-3.249	3.387	0.000
1078	-3.249	3.386	0.000
890	-3.221	3.237	0.000
638	-3.106	2.514	0.000
639	-3.106	2.514	0.000
652	-3.106	2.514	0.000
658	-3.106	2.514	0.000
659	-3.106	2.514	0.000
687	-3.106	2.514	0.000
688	-3.106	2.514	0.000
689	-3.106	2.514	0.000
690	-3.106	2.514	0.000
691	-3.106	2.514	0.000
760	-3.101	2.510	0.000
843	-3.101	2.510	0.000
1070	-3.101	2.509	0.000
1074	-3.101	2.509	0.000
719	-3.083	3.834	0.000
917	-3.081	2.509	0.000
911	-3.080	2.509	0.000
786	-3.080	2.509	0.000
787	-3.080	2.509	0.000
788	-3.080	2.509	0.000
789	-3.080	2.509	0.000
790	-3.080	2.509	0.000
792	-3.080	2.509	0.000
794	-3.080	2.509	0.000
841	-3.079	3.835	0.000
848	-3.079	3.835	0.000
684	-3.075	3.835	0.000
809	-3.071	3.836	0.000
654	-3.049	3.857	0.000
899	-3.045	3.858	0.000
919	-3.039	3.856	0.000
1044	-3.039	3.856	0.000
1054	-3.039	3.856	0.000
1002	-3.038	2.734	0.000
672	-3.031	3.851	0.000
673	-3.031	3.851	0.000
780	-3.027	3.852	0.000
816	-3.027	3.852	0.000
818	-3.027	3.852	0.000
819	-3.027	3.852	0.000
930	-3.027	3.852	0.000
801	-3.027	3.852	0.000
802	-3.027	3.852	0.000
803	-3.027	3.852	0.000
804	-3.027	3.852	0.000
873	-3.027	3.852	0.000
1024	-3.027	3.852	0.000
1025	-3.027	3.852	0.000
785	-3.026	3.852	0.000
842	-3.001	3.112	0.000
1021	-3.001	3.111	0.000
1022	-3.001	3.111	0.000
1023	-3.001	3.111	0.000
657	-2.965	3.342	0.000
886	-2.964	3.337	0.000
901	-2.964	3.337	0.000
902	-2.964	3.337	0.000
1006	-2.964	3.337	0.000
1007	-2.964	3.337	0.000
1008	-2.964	3.337	0.000
1009	-2.964	3.337	0.000
859	-2.964	3.337	0.000
