1093	-10.295	0.000	16.250
1102	-10.295	0.000	16.250
1147	-10.295	0.000	16.250
1178	-10.249	0.009	17.583
1221	-10.249	0.009	17.583
1233	-10.249	0.009	17.583
1306	-10.249	0.009	17.583
1301	-10.249	0.009	17.583
1499	-10.246	0.009	17.583
1231	-10.070	1.246	17.583
1117	-10.067	1.870	17.584
1175	-10.067	1.870	17.585
1202	-10.067	1.870	15.183
250	-10.066	1.870	15.196
175	-10.066	1.869	15.272
1270	-10.066	1.870	15.194
1312	-10.066	1.870	15.192
1418	-10.066	1.870	15.275
1443	-10.066	1.870	15.236
195	-10.065	1.870	15.206
260	-10.065	1.870	15.206
377	-10.065	1.870	15.206
458	-10.065	1.870	15.192
211	-9.994	2.575	15.097
297	-9.920	1.938	15.097
1086	-9.897	1.933	15.098
1089	-9.897	1.933	17.188
1112	-9.897	1.933	17.189
1122	-9.897	1.933	17.189
1158	-9.897	1.933	17.194
1325	-9.892	1.933	17.194
398	-9.877	1.931	17.194
573	-9.876	2.551	17.194
583	-9.876	2.551	17.194
187	-9.876	2.551	17.194
443	-9.876	2.551	17.194
1098	-9.876	2.552	17.192
1144	-9.876	2.552	17.192
1182	-9.876	2.552	17.193
1183	-9.876	2.552	17.198
1285	-9.876	2.552	17.198
1298	-9.876	2.552	18.075
1347	-9.876	2.552	18.075
1397	-9.876	2.552	18.075
1442	-9.876	2.552	18.075
1450	-9.876	2.552	18.076
1458	-9.876	2.552	14.329
1479	-9.876	2.552	17.754
155	-9.875	2.551	17.754
422	-9.875	2.551	17.754
186	-9.875	1.931	17.755
254	-9.875	1.931	12.187
306	-9.875	1.931	12.187
324	-9.875	1.931	12.187
406	-9.875	1.931	12.187
955	-9.875	1.931	12.187
1082	-9.875	1.931	12.187
1128	-9.875	1.931	12.187
1163	-9.875	1.931	12.187
1167	-9.875	1.931	12.187
1193	-9.875	1.931	12.187
1207	-9.875	1.931	12.187
1208	-9.875	1.931	17.430
1215	-9.875	1.931	12.233
1218	-9.875	1.931	19.646
1261	-9.875	1.931	19.646
1291	-9.875	1.931	19.606
1299	-9.875	1.931	19.667
1307	-9.875	1.931	16.815
1310	-9.875	1.931	16.815
1318	-9.875	1.931	19.685
1327	-9.875	1.931	12.227
1328	-9.875	1.931	12.227
1331	-9.875	1.931	12.223
1355	-9.875	1.931	12.229
1360	-9.875	1.931	12.229
1365	-9.875	1.931	12.229
1375	-9.875	1.931	12.223
1394	-9.875	1.931	11.591
1395	-9.875	1.931	11.591
1407	-9.875	1.931	11.160
1411	-9.875	1.931	11.598
1424	-9.875	1.931	11.598
1433	-9.875	1.931	14.872
1455	-9.875	1.931	14.872
1457	-9.875	1.931	11.300
1461	-9.875	1.931	11.300
238	-9.873	2.551	11.298
1480	-9.873	2.551	11.298
1488	-9.873	2.551	11.126
331	-9.873	2.551	11.152
120	-9.873	1.931	11.213
121	-9.873	1.931	11.177
200	-9.873	1.931	11.176
204	-9.873	1.931	11.176
232	-9.873	1.931	11.234
235	-9.873	1.931	11.177
259	-9.873	1.931	11.148
275	-9.873	1.931	15.651
301	-9.873	1.931	2.656
308	-9.873	1.931	2.656
380	-9.873	1.931	2.658
395	-9.873	1.931	2.658
511	-9.873	1.931	2.658
527	-9.873	1.931	2.658
1523	-9.873	1.931	2.658
1526	-9.873	1.931	1.627
1531	-9.873	1.931	1.627
1463	-9.870	1.931	1.627
44	-9.868	1.931	1.627
1083	-9.860	1.174	1.627
1096	-9.860	1.174	1.655
1100	-9.679	0.941	2.190
387	-9.678	0.940	0.037
293	-8.794	2.812	2.204
196	-8.793	2.812	2.204
415	-8.793	2.812	2.204
461	-8.793	2.812	14.558
1532	-8.793	2.812	2.203
436	-8.792	2.811	0.001
1109	-8.792	2.811	3.350
1125	-8.792	2.811	15.670
1126	-8.792	2.811	15.673
1127	-8.792	2.811	15.673
1129	-8.792	2.811	15.673
1131	-8.792	2.811	15.668
1134	-8.792	2.811	15.667
1138	-8.792	2.811	15.670
1139	-8.792	2.811	15.670
1141	-8.792	2.811	19.918
1169	-8.792	2.811	19.918
1172	-8.792	2.811	19.899
1173	-8.792	2.811	19.900
1174	-8.792	2.811	19.907
1181	-8.792	2.811	19.907
1184	-8.792	2.811	19.920
1188	-8.792	2.811	19.918
1191	-8.792	2.811	19.920
1195	-8.792	2.811	22.000
1197	-8.792	2.811	15.107
1198	-8.792	2.811	15.107
1200	-8.792	2.811	16.251
1201	-8.792	2.811	16.251
1211	-8.792	2.811	16.250
1213	-8.792	2.811	16.250
1216	-8.792	2.811	16.250
1217	-8.792	2.811	16.250
1219	-8.792	2.811	16.250
1220	-8.792	2.811	16.250
1222	-8.792	2.811	16.250
1223	-8.792	2.811	16.250
1227	-8.792	2.811	16.251
1229	-8.792	2.811	16.252
1232	-8.792	2.811	17.583
1237	-8.792	2.811	17.583
1241	-8.792	2.811	17.583
1246	-8.792	2.811	17.583
1247	-8.792	2.812	17.583
1256	-8.792	2.811	17.583
1263	-8.792	2.812	17.583
1268	-8.792	2.811	17.583
1275	-8.792	2.811	17.583
1278	-8.792	2.811	17.583
1284	-8.792	2.811	17.583
1286	-8.792	2.811	17.583
1290	-8.792	2.811	17.584
1296	-8.792	2.811	17.584
1300	-8.792	2.811	15.182
1302	-8.792	2.811	15.196
1304	-8.792	2.811	15.272
1305	-8.792	2.811	15.272
1311	-8.792	2.811	15.192
1315	-8.792	2.811	15.276
1319	-8.792	2.811	15.276
1321	-8.792	2.812	15.207
1334	-8.792	2.811	15.206
1344	-8.792	2.811	15.206
1348	-8.792	2.811	15.192
1417	-8.792	2.811	15.188
1427	-8.792	2.811	15.193
1430	-8.792	2.811	15.294
1437	-8.792	2.811	15.291
1441	-8.792	2.811	15.290
1445	-8.792	2.811	14.927
1451	-8.792	2.811	14.927
1454	-8.792	2.811	15.088
1456	-8.792	2.811	14.935
1460	-8.792	2.811	15.097
1464	-8.792	2.811	15.097
1465	-8.792	2.811	15.097
433	-8.791	2.811	15.097
240	-8.791	2.811	15.097
270	-8.791	2.811	15.097
364	-8.791	2.811	15.097
502	-8.791	2.811	14.941
518	-8.791	2.811	17.189
550	-8.791	2.811	17.189
579	-8.791	2.811	17.194
1337	-8.791	2.811	17.195
1338	-8.791	2.811	17.194
1339	-8.791	2.811	17.195
1341	-8.791	2.811	17.195
1342	-8.791	2.811	17.195
1352	-8.791	2.811	17.194
1364	-8.791	2.811	17.194
1377	-8.791	2.811	17.192
1386	-8.791	2.811	17.193
1389	-8.791	2.811	17.198
1390	-8.791	2.811	17.198
1396	-8.791	2.811	18.075
1402	-8.791	2.811	18.075
1409	-8.791	2.811	18.075
1447	-8.791	2.811	18.075
222	-8.790	2.811	18.076
272	-8.788	2.811	14.329
303	-8.788	2.811	17.754
307	-8.788	2.811	17.754
319	-8.788	2.811	17.754
329	-8.788	2.811	17.755
346	-8.788	2.811	17.754
396	-8.788	2.811	12.187
403	-8.788	2.811	12.187
411	-8.788	2.811	12.187
430	-8.788	2.811	12.187
1484	-8.788	2.811	12.187
1487	-8.788	2.811	12.187
1492	-8.788	2.811	12.187
1494	-8.788	2.811	12.187
1512	-8.788	2.811	12.187
1516	-8.788	2.811	12.187
1497	-8.788	2.811	17.403
1506	-8.788	2.811	12.233
1507	-8.788	2.811	12.233
177	-8.787	2.811	19.647
508	-8.787	2.811	19.606
424	-8.787	2.811	19.667
542	-8.787	2.811	19.667
587	-8.787	2.811	16.815
345	-8.786	2.810	16.815
236	-8.782	2.812	12.227
287	-8.782	2.811	12.227
318	-8.782	2.811	12.227
427	-8.782	2.812	12.229
477	-8.782	2.811	12.229
504	-8.782	2.811	12.229
316	-8.782	2.812	12.229
305	-8.782	2.812	11.591
1343	-8.780	2.810	11.590
1356	-8.780	2.810	11.160
1448	-8.780	2.810	11.598
1473	-8.780	2.810	11.598
1474	-8.780	2.810	14.873
140	-8.776	2.810	14.873
1076	-7.478	3.518	11.301
1077	-7.478	3.518	11.298
1078	-7.478	3.518	11.298
1079	-7.478	3.518	11.126
1080	-7.478	3.518	11.131
1081	-7.478	3.518	11.152
299	-7.346	3.506	22.000
1088	-7.329	3.481	15.108
341	-7.320	3.478	16.252
1091	-7.314	3.471	16.251
1103	-7.314	3.471	16.250
1148	-7.314	3.471	16.250
1159	-7.314	3.471	16.250
1189	-7.314	3.471	16.250
1209	-7.314	3.471	16.250
1239	-7.314	3.472	16.250
1244	-7.314	3.472	16.250
1245	-7.314	3.472	16.250
1255	-7.314	3.472	16.251
1279	-7.314	3.472	16.251
1280	-7.314	3.472	16.252
1388	-7.311	3.469	17.583
1401	-7.311	3.469	17.583
1422	-7.311	3.469	17.583
1459	-7.311	3.469	17.583
1329	-7.311	3.469	17.583
1330	-7.311	3.469	17.583
1332	-7.311	3.469	17.583
252	-7.307	3.470	17.583
262	-7.306	3.468	17.583
266	-7.306	3.468	17.583
1502	-7.306	3.470	17.583
491	-7.304	3.466	17.584
343	-5.656	3.036	1.378
