1611	-7.158	0.000	17.584
1570	-6.901	0.079	21.733
1591	-6.901	0.079	15.226
1612	-6.901	0.079	20.886
1617	-6.901	0.079	16.448
1706	-6.901	0.079	16.447
1712	-6.901	0.079	16.447
1637	-6.900	0.081	16.447
1651	-6.900	0.080	16.446
1733	-6.899	0.081	16.447
1743	-6.899	0.081	16.447
1559	-6.884	0.070	17.768
1709	-6.884	0.284	17.768
1664	-6.884	0.287	17.768
1683	-6.884	0.287	17.768
1669	-6.883	0.286	17.768
1746	-6.882	0.285	17.768
1716	-6.881	0.303	17.768
467	-6.880	0.277	17.768
1697	-6.879	0.302	17.768
1695	-6.878	1.499	17.768
487	-6.863	0.262	15.405
519	-6.863	0.262	15.405
582	-6.863	0.262	15.234
1603	-6.860	0.109	17.369
1577	-6.859	0.185	17.376
1655	-6.858	0.113	12.326
1668	-6.858	0.113	12.326
1680	-6.858	0.113	12.326
1687	-6.858	0.119	12.326
1735	-6.857	0.114	12.300
1755	-6.857	0.114	12.300
1564	-6.845	0.090	2.896
1581	-6.845	0.090	2.896
1618	-6.845	0.090	2.898
1713	-6.845	0.089	2.898
1722	-6.844	0.088	2.895
1544	-6.843	0.093	16.037
1690	-6.843	0.092	2.221
1731	-6.842	0.092	2.221
1595	-6.742	1.778	12.325
1560	-6.734	1.501	12.325
1565	-6.734	1.501	12.325
1606	-6.734	1.501	12.325
1714	-6.734	1.501	12.325
1628	-6.733	1.216	17.464
1576	-6.733	1.501	12.372
1721	-6.727	0.052	12.374
1747	-6.724	0.054	19.443
1635	-6.612	1.502	22.356
1636	-6.612	1.502	22.356
1701	-6.572	2.206	22.337
1569	-6.572	2.206	22.338
1602	-6.572	2.206	22.345
1623	-6.572	2.206	22.344
1753	-6.571	2.207	22.356
1751	-6.571	2.207	22.359
1589	-6.570	2.206	18.926
1648	-6.570	2.207	18.925
1552	-6.570	2.206	18.924
1659	-6.570	2.206	18.924
1660	-6.570	2.206	18.924
1661	-6.570	2.206	18.925
1538	-6.570	2.209	18.925
1545	-6.570	2.209	18.925
1719	-6.569	1.504	18.925
304	-6.562	2.206	18.925
321	-6.562	2.206	18.925
356	-6.562	2.206	18.925
367	-6.562	2.206	18.926
384	-6.562	2.206	20.399
397	-6.562	2.206	20.399
428	-6.562	2.206	20.399
529	-6.562	2.206	20.399
548	-6.562	2.206	20.399
549	-6.562	2.206	20.399
552	-6.562	2.206	20.399
1567	-6.554	1.504	20.400
1700	-6.554	1.504	20.399
1616	-6.554	1.504	20.399
1698	-6.528	2.182	20.399
1563	-6.527	2.182	20.400
1568	-6.527	2.182	20.400
1573	-6.527	2.182	17.802
1575	-6.527	2.182	17.802
1584	-6.527	2.182	17.896
1585	-6.527	2.182	17.892
1596	-6.527	2.182	17.813
1600	-6.527	2.182	17.813
1601	-6.527	2.182	17.895
1621	-6.527	2.182	17.828
1622	-6.527	2.182	17.827
1626	-6.527	2.182	17.827
1707	-6.527	2.182	17.827
1587	-6.527	2.182	17.811
1554	-6.526	2.182	17.817
1681	-6.526	2.182	17.916
1752	-6.526	2.182	17.911
1754	-6.526	2.182	17.428
1650	-6.526	2.183	17.428
1673	-6.526	2.182	17.428
1691	-6.526	2.182	17.761
1533	-6.525	2.184	17.758
1534	-6.525	2.184	17.435
1535	-6.525	2.184	17.760
1537	-6.525	2.184	17.760
1540	-6.525	2.184	17.761
1542	-6.525	2.184	17.760
1547	-6.525	2.184	17.760
1732	-6.525	2.184	17.761
512	-6.522	2.202	19.913
1631	-6.498	2.163	19.914
1734	-6.497	2.163	19.914
1627	-6.490	2.178	19.748
1613	-6.462	2.158	19.748
1551	-6.461	2.159	19.748
1748	-6.461	1.504	19.749
1574	-6.314	2.128	20.360
1708	-6.043	1.780	1.997
1632	-6.001	2.132	2.467
1578	-5.677	3.247	13.918
1588	-5.677	3.247	18.000
1590	-5.677	3.247	1.998
1557	-5.676	3.247	1.997
1558	-5.663	3.263	1.998
1702	-5.662	3.263	1.998
1562	-5.659	3.264	1.998
1571	-5.659	3.264	2.003
1572	-5.659	3.264	2.467
1710	-5.659	3.264	2.467
1737	-5.659	3.264	2.467
1738	-5.659	3.264	2.467
1756	-5.658	3.264	2.467
1599	-5.658	3.264	2.456
1625	-5.658	3.264	2.457
1674	-5.658	3.264	2.457
1689	-5.658	3.264	2.457
1582	-5.656	3.265	1.378
1583	-5.656	3.265	1.376
1539	-5.647	3.268	3.323
1548	-5.647	3.268	17.070
1549	-5.647	3.268	17.069
1729	-5.647	3.267	2.166
1730	-5.647	3.268	2.166
416	-5.540	3.279	17.911
486	-5.540	3.279	17.911
539	-5.540	3.279	17.428
1703	-5.532	3.284	19.748
1693	-5.528	3.285	19.749
1561	-5.528	3.285	19.917
1592	-5.528	3.285	19.917
1555	-5.527	3.286	19.751
1556	-5.527	3.286	19.751
1641	-5.526	3.286	20.873
1667	-5.525	3.287	20.873
1678	-5.525	3.287	20.873
1541	-5.518	3.289	20.873
585	-5.419	3.230	18.925
1749	-5.314	1.950	15.057
570	-5.179	3.207	17.983
1546	-4.673	3.903	17.759
1553	-4.670	3.904	17.434
1633	-4.670	3.904	17.760
1705	-4.669	3.904	17.760
1686	-4.632	3.913	17.759
1688	-4.632	3.913	17.760
