1095	-6.630	0.000	2.055
1238	-6.449	0.461	3.863
13	-6.426	2.097	3.865
59	-6.423	1.594	2.186
61	-6.423	1.594	3.844
88	-6.423	1.594	3.844
103	-6.423	1.594	3.844
111	-6.423	1.594	3.844
138	-6.423	1.594	8.561
143	-6.423	1.594	8.561
156	-6.423	1.594	8.562
158	-6.423	1.594	8.562
160	-6.423	1.594	8.562
181	-6.423	1.594	8.562
129	-6.422	1.594	8.562
257	-6.421	1.595	8.562
262	-6.421	1.595	8.562
296	-6.421	1.595	8.562
302	-6.421	1.595	8.561
352	-6.421	1.595	8.575
4	-6.396	2.084	8.616
254	-6.393	2.082	7.870
11	-6.392	2.085	7.870
62	-6.392	2.084	7.828
64	-6.392	2.084	7.889
65	-6.392	2.084	7.032
66	-6.392	2.084	7.032
67	-6.392	2.084	8.416
68	-6.392	2.084	8.425
69	-6.392	2.084	8.425
14	-6.392	2.085	8.417
26	-6.392	2.085	8.429
42	-6.392	2.085	8.428
45	-6.392	2.085	8.429
54	-6.392	2.084	8.416
55	-6.392	2.084	7.410
57	-6.392	2.084	7.410
74	-6.392	2.084	7.606
78	-6.392	2.084	7.434
80	-6.392	2.084	7.434
87	-6.392	2.084	9.387
91	-6.392	2.084	9.387
94	-6.392	2.084	7.771
96	-6.392	2.084	7.772
98	-6.392	2.084	7.774
99	-6.392	2.084	7.774
100	-6.392	2.084	8.274
101	-6.392	2.084	8.243
106	-6.392	2.084	7.664
107	-6.392	2.084	7.646
126	-6.392	2.084	7.876
132	-6.392	2.084	7.876
133	-6.392	2.084	7.640
134	-6.392	2.084	7.871
142	-6.392	2.084	7.673
145	-6.392	2.084	4.255
146	-6.392	2.084	17.524
147	-6.392	2.084	17.524
148	-6.392	2.084	17.524
154	-6.392	2.084	17.525
167	-6.392	2.084	17.525
175	-6.392	2.084	17.525
187	-6.392	2.084	17.522
318	-6.389	2.083	17.521
325	-6.389	2.083	17.520
193	-6.389	2.082	17.520
194	-6.389	2.082	17.520
198	-6.389	2.082	17.520
199	-6.389	2.082	17.557
200	-6.389	2.082	17.557
202	-6.389	2.082	17.557
203	-6.389	2.082	17.557
204	-6.389	2.082	18.220
215	-6.389	2.082	18.221
216	-6.389	2.082	18.217
234	-6.389	2.082	17.355
244	-6.389	2.082	16.281
245	-6.389	2.082	5.136
283	-6.389	2.083	5.141
285	-6.389	2.083	17.351
289	-6.389	2.083	17.351
366	-6.389	2.083	17.351
372	-6.389	2.083	4.550
400	-6.389	2.083	17.350
478	-6.389	2.083	16.252
720	-6.384	2.080	18.926
1209	-6.376	2.078	4.689
655	-6.359	2.072	4.685
741	-6.359	2.073	4.685
252	-6.356	2.072	4.685
612	-6.354	2.070	4.697
618	-6.354	2.070	4.698
646	-6.354	2.070	4.693
561	-6.353	2.070	4.700
586	-6.353	2.070	8.008
733	-6.353	2.070	8.008
738	-6.353	2.070	7.991
671	-6.353	2.070	7.991
672	-6.353	2.070	7.998
1439	-6.352	2.071	7.998
1480	-6.352	2.071	8.008
82	-6.352	2.072	8.006
83	-6.352	2.072	8.007
84	-6.352	2.072	10.204
85	-6.352	2.072	1.871
92	-6.352	2.072	1.884
109	-6.352	2.072	0.031
113	-6.352	2.072	0.018
119	-6.352	2.072	0.018
135	-6.352	2.072	0.018
151	-6.352	2.072	0.018
152	-6.352	2.072	0.018
153	-6.352	2.072	0.018
155	-6.352	2.072	0.017
163	-6.352	2.072	0.017
171	-6.352	2.072	0.017
172	-6.352	2.072	0.015
188	-6.352	2.072	0.001
189	-6.352	2.072	3.812
499	-6.349	2.070	3.812
224	-6.349	2.070	3.812
247	-6.349	2.070	3.812
291	-6.349	2.070	3.812
297	-6.349	2.070	3.812
339	-6.349	2.070	3.812
346	-6.349	2.070	3.812
348	-6.349	2.070	3.812
368	-6.349	2.070	3.812
374	-6.349	2.070	3.812
395	-6.349	2.070	3.812
401	-6.349	2.070	3.814
433	-6.349	2.070	3.815
445	-6.349	2.070	1.808
466	-6.349	2.070	1.796
479	-6.349	2.070	1.742
488	-6.349	2.070	1.791
258	-6.349	2.070	1.793
314	-6.349	2.070	1.739
364	-6.349	2.070	1.738
365	-6.349	2.070	1.782
389	-6.349	2.070	1.782
260	-6.348	2.070	1.781
1037	-6.347	2.069	1.793
53	-6.333	1.591	1.789
240	-6.332	1.591	1.778
412	-6.332	1.591	1.717
492	-6.332	1.591	1.721
277	-6.332	1.591	1.721
381	-6.332	1.591	2.701
718	-6.328	1.593	2.699
547	-6.323	1.593	1.572
370	-6.323	1.390	2.734
1228	-6.319	1.593	1.574
572	-6.319	2.055	1.569
631	-6.319	2.055	1.569
640	-6.319	2.055	1.569
649	-6.319	2.055	1.570
654	-6.319	2.055	1.570
668	-6.319	2.055	1.570
689	-6.319	2.055	2.744
695	-6.319	2.055	2.048
701	-6.319	2.055	2.049
408	-6.315	2.055	2.741
525	-6.314	2.053	2.742
951	-6.313	2.054	2.741
986	-6.313	2.054	2.741
1052	-6.313	2.054	2.741
1060	-6.313	2.054	2.741
1163	-6.313	2.054	2.741
990	-6.312	2.054	2.743
261	-6.310	2.054	2.055
300	-6.310	2.054	2.056
327	-6.310	2.054	2.741
328	-6.310	2.054	2.741
330	-6.310	2.054	3.863
396	-6.310	2.054	3.862
409	-6.310	2.054	3.862
440	-6.310	2.054	3.863
717	-6.309	0.933	3.865
1034	-6.301	0.998	2.188
744	-6.300	1.356	3.844
639	-6.297	1.273	3.844
1082	-6.290	1.368	3.844
645	-6.283	1.573	3.845
2	-6.062	1.972	8.562
3	-6.062	1.972	8.562
18	-6.041	1.968	8.562
25	-6.041	1.968	8.562
6	-6.025	1.905	8.562
9	-6.025	1.906	8.561
19	-6.025	1.906	3.302
140	-6.020	1.907	8.616
150	-6.020	1.907	7.871
164	-6.020	1.907	7.828
27	-5.909	1.902	1.792
1192	-5.782	3.075	1.721
63	-5.773	3.089	8.562
71	-5.773	3.089	8.562
75	-5.773	3.089	8.562
89	-5.773	3.089	8.562
102	-5.773	3.089	8.562
117	-5.773	3.089	3.276
179	-5.773	3.089	8.613
15	-5.772	3.089	8.616
24	-5.772	3.089	7.870
220	-5.769	3.084	7.828
342	-5.769	3.084	7.829
343	-5.769	3.084	7.889
534	-5.769	3.090	7.032
272	-5.768	3.084	7.032
436	-5.761	1.906	8.413
114	-5.760	1.906	8.425
127	-5.760	1.906	8.425
149	-5.760	1.906	8.417
159	-5.760	1.906	8.429
182	-5.760	1.906	8.429
378	-5.760	1.906	8.429
1007	-5.755	3.073	8.040
1028	-5.755	3.073	7.406
165	-5.730	3.061	9.373
166	-5.730	3.061	8.267
178	-5.730	3.061	8.243
195	-5.727	3.056	7.632
223	-5.727	3.056	7.876
284	-5.726	3.057	7.876
398	-5.726	3.057	7.640
442	-5.726	3.057	7.640
275	-5.726	3.057	9.046
281	-5.726	3.057	8.325
315	-5.726	3.057	17.524
588	-5.726	3.063	17.524
619	-5.726	3.063	17.524
622	-5.726	3.064	17.524
623	-5.726	3.064	17.525
722	-5.726	3.065	17.525
1533	-5.723	3.060	17.525
745	-5.720	3.056	5.073
953	-5.718	3.057	17.521
1199	-5.718	3.057	17.520
405	-5.698	3.036	17.520
626	-5.698	3.043	17.520
560	-5.695	3.044	17.520
282	-5.484	2.216	2.186
292	-5.484	2.216	2.185
304	-5.484	2.216	2.848
305	-5.484	2.216	2.848
333	-5.484	2.216	1.520
338	-5.484	2.216	1.520
386	-5.484	2.216	1.520
387	-5.484	2.216	1.520
441	-5.484	2.217	1.520
451	-5.484	2.216	4.174
453	-5.484	2.216	2.202
472	-5.484	2.216	2.202
255	-5.480	2.220	2.202
1245	-5.476	2.219	2.202
731	-5.406	3.654	18.917
734	-5.406	3.654	18.951
1115	-5.400	3.655	18.952
1172	-5.400	3.655	18.951
1177	-5.400	3.655	18.951
596	-5.396	3.658	19.674
609	-5.374	3.617	19.675
568	-5.372	3.617	19.671
913	-5.367	3.618	18.954
1154	-5.367	3.618	17.613
595	-5.363	3.619	8.025
1132	-5.353	3.835	7.394
657	-5.335	3.817	8.549
663	-5.335	3.817	8.555
677	-5.335	3.817	8.555
608	-5.333	3.829	4.754
341	-5.333	3.830	3.795
597	-5.332	3.830	3.803
1075	-5.331	3.818	3.803
1076	-5.331	3.818	3.803
1088	-5.331	3.818	3.803
1101	-5.331	3.818	3.803
1205	-5.331	3.818	3.803
1250	-5.331	3.818	3.803
309	-5.313	3.813	3.803
326	-5.313	3.813	3.803
415	-5.313	3.813	3.808
517	-5.312	3.812	0.000
521	-5.312	3.812	0.000
656	-5.312	3.812	0.000
123	-5.216	3.524	2.848
