1283	-4.678	0.000	3.803
1310	-4.678	0.000	3.803
1321	-4.678	0.001	3.803
1328	-4.678	0.001	3.803
1407	-4.678	0.000	3.804
1408	-4.678	0.001	3.803
1421	-4.678	0.001	3.803
1451	-4.678	0.000	3.813
1456	-4.678	0.001	0.000
1530	-4.678	0.001	0.000
1252	-4.672	0.010	0.000
1254	-4.672	0.010	0.000
1255	-4.672	0.010	0.000
1258	-4.672	0.010	0.000
1259	-4.672	0.010	0.000
1264	-4.672	0.010	0.003
1278	-4.672	0.010	0.000
1279	-4.672	0.010	0.000
1285	-4.672	0.010	0.001
1286	-4.672	0.010	0.002
1311	-4.672	0.010	0.002
1373	-4.672	0.010	4.707
1387	-4.672	0.010	4.699
1474	-4.672	0.010	4.679
1486	-4.672	0.010	4.679
1495	-4.672	0.010	4.703
1556	-4.672	0.010	4.704
1301	-4.672	0.010	4.678
1302	-4.672	0.010	4.694
1303	-4.672	0.010	4.694
1437	-4.671	0.010	4.694
1562	-4.671	0.010	4.694
1563	-4.671	0.010	4.703
1274	-4.671	0.010	4.704
1324	-4.671	0.010	4.700
1341	-4.671	0.010	10.632
1342	-4.671	0.010	4.673
1355	-4.671	0.010	5.449
1358	-4.671	0.010	5.449
1405	-4.671	0.010	5.448
1284	-4.671	0.019	5.494
1335	-4.671	0.019	4.352
1583	-4.530	0.069	9.782
1613	-4.529	0.069	9.782
1420	-4.519	0.075	7.848
1488	-4.519	0.075	7.846
1459	-4.518	0.075	7.846
1494	-4.518	0.075	7.846
1514	-4.518	0.075	7.795
1607	-4.518	0.075	7.763
1615	-4.518	0.075	7.651
1386	-4.518	0.075	8.029
1404	-4.518	0.075	8.029
1449	-4.518	0.075	8.029
1529	-4.518	0.075	7.657
1531	-4.518	0.075	8.637
1604	-4.518	0.075	7.518
1436	-4.335	2.379	18.951
1504	-4.335	2.379	18.951
1551	-4.335	2.379	18.951
1564	-4.335	2.375	19.675
1425	-4.330	2.378	19.671
1550	-4.330	2.379	19.671
1593	-4.330	2.379	17.613
1625	-4.330	2.378	17.613
1522	-4.329	2.379	8.028
1599	-4.329	2.379	18.958
1609	-4.329	2.378	18.955
1364	-4.321	2.342	18.955
1299	-4.285	2.369	8.548
1348	-4.285	2.369	8.549
1555	-4.285	2.369	8.555
1626	-4.285	2.369	8.554
1520	-4.284	2.370	8.563
1473	-4.253	1.524	8.559
1500	-4.253	1.524	10.633
1621	-4.253	1.524	4.754
1589	-4.252	1.524	3.795
1484	-4.250	1.525	3.795
1334	-4.241	1.531	3.803
1417	-4.241	1.531	3.803
1537	-4.241	1.531	3.808
1585	-4.240	1.531	3.803
1411	-4.240	1.531	3.803
1511	-4.240	1.531	3.803
1518	-4.240	1.531	3.804
1574	-4.240	1.531	3.803
1606	-4.240	1.531	3.803
1608	-4.240	1.531	3.812
1610	-4.240	1.531	0.000
1611	-4.240	1.531	0.000
1614	-4.240	1.531	0.000
1356	-4.239	1.951	0.000
1418	-4.239	1.951	0.000
1475	-4.239	1.951	0.000
1503	-4.238	1.951	0.000
1380	-4.238	1.951	0.000
1402	-4.238	1.951	0.000
1413	-4.238	1.951	0.000
1462	-4.238	1.951	0.001
1558	-4.231	1.948	0.002
1569	-4.231	1.949	4.708
1538	-4.215	1.943	4.706
1602	-4.215	1.943	4.708
1595	-4.215	1.943	4.680
1598	-4.215	1.943	4.704
1256	-4.192	1.939	4.703
1315	-4.192	1.939	4.678
1325	-4.192	1.939	4.694
1372	-4.192	1.939	4.694
1378	-4.192	1.939	4.694
1426	-4.192	1.939	4.694
1506	-4.192	1.939	4.702
1559	-4.192	1.939	4.701
1560	-4.192	1.939	4.693
1590	-4.192	1.939	4.673
1253	-4.158	1.963	4.673
1260	-4.158	1.963	5.449
1261	-4.158	1.963	5.449
1262	-4.158	1.963	5.448
1263	-4.158	1.963	4.333
1276	-4.158	1.963	5.482
1282	-4.158	1.963	4.352
1288	-4.158	1.963	4.343
1289	-4.158	1.963	4.343
1304	-4.158	1.963	4.343
1305	-4.158	1.963	4.345
1361	-4.158	1.963	4.345
1465	-4.158	1.963	4.344
1479	-4.158	1.963	2.191
1507	-4.153	1.968	2.189
1541	-4.153	1.968	2.189
1427	-4.153	1.968	2.848
1493	-4.152	1.968	2.847
1572	-4.152	1.968	2.848
1438	-4.152	1.968	2.848
1455	-4.152	1.968	2.848
1476	-4.138	1.963	2.848
1532	-4.138	1.963	2.848
1534	-4.138	1.963	2.185
1543	-4.138	1.963	2.185
1579	-4.138	1.963	2.184
1580	-4.138	1.963	2.849
1581	-4.138	1.963	2.179
1444	-4.137	1.963	1.518
1445	-4.137	1.963	1.518
1469	-4.137	1.963	1.518
1516	-4.137	1.963	1.518
1338	-4.106	2.415	5.302
1406	-4.078	2.259	2.201
1463	-4.078	2.259	2.202
1307	-4.078	2.259	2.202
1318	-4.078	2.259	2.202
1365	-4.078	2.259	2.202
1376	-4.078	2.259	7.259
1584	-4.078	2.259	7.259
1275	-4.077	2.259	7.259
1267	-4.077	2.260	7.259
1272	-4.077	2.259	7.259
1280	-4.077	2.259	7.259
1312	-4.077	2.259	7.259
1313	-4.077	2.259	7.259
1521	-4.077	2.259	7.259
1271	-4.073	2.429	7.259
1331	-4.073	2.429	7.259
1332	-4.073	2.429	7.266
1384	-4.073	2.429	7.284
1434	-4.073	2.429	8.598
1450	-4.073	2.429	8.598
1525	-4.073	2.429	8.555
1568	-4.073	2.429	8.617
1582	-4.070	2.428	7.550
1612	-4.070	2.427	7.550
1620	-4.070	2.428	7.357
1485	-4.068	2.428	7.361
1257	-4.064	2.747	7.361
1281	-4.064	2.747	7.357
1528	-3.927	2.650	7.200
1535	-3.927	2.650	7.420
1540	-3.924	2.287	7.200
1571	-3.922	2.650	7.201
1447	-3.922	2.650	9.782
1553	-3.847	2.677	9.782
1616	-3.846	2.678	7.848
1510	-3.569	1.923	7.841
