1912	-7.323	0.000	8.006
1915	-7.323	0.001	8.007
1928	-7.280	0.006	0.011
1911	-7.262	0.008	0.018
1913	-7.262	0.008	0.018
1918	-7.211	0.033	0.018
1938	-7.211	0.033	0.017
1939	-7.211	0.033	0.017
1000	-7.205	0.033	0.017
1104	-7.205	0.033	0.016
1148	-7.205	0.033	0.000
1187	-7.205	0.033	3.812
1200	-7.205	0.033	3.812
1244	-7.205	0.033	3.812
1247	-7.205	0.033	3.812
1930	-7.178	0.031	3.812
1955	-7.178	0.031	3.812
1921	-7.169	0.036	3.812
1922	-7.169	0.036	3.812
1926	-7.169	0.036	3.812
1927	-7.169	0.036	3.812
1919	-7.168	0.036	0.007
1929	-7.168	0.036	3.814
1931	-7.168	0.036	1.807
1935	-7.168	0.036	1.807
1937	-7.168	0.036	1.796
1943	-7.168	0.036	1.742
1950	-7.168	0.036	1.791
1951	-7.168	0.036	1.793
1954	-7.168	0.036	1.738
1957	-7.168	0.036	1.782
1914	-7.167	0.035	1.782
1916	-7.123	0.034	1.782
1917	-7.123	0.034	1.793
1925	-7.123	0.035	1.791
1946	-6.974	2.356	1.574
1920	-6.876	1.572	1.568
1932	-6.834	2.310	2.047
1933	-6.824	2.326	2.049
1956	-6.160	1.727	8.561
1940	-6.104	1.728	8.561
1944	-6.104	1.728	8.561
1948	-6.104	1.728	8.562
1952	-6.104	1.728	8.562
1923	-5.594	1.583	3.804
1171	-5.585	1.581	3.803
1184	-5.585	1.581	3.804
950	-5.585	1.580	3.813
1180	-5.585	1.581	0.003
1197	-5.585	1.580	0.003
1949	-5.575	1.146	0.003
1924	-5.521	1.519	0.003
1934	-5.521	1.518	0.003
1936	-5.521	1.519	0.003
1947	-5.520	1.520	0.003
1945	-5.451	1.520	7.259
1953	-4.795	3.778	18.955
1601	-4.786	3.776	7.233
1941	-4.760	3.868	8.558
1942	-4.760	3.868	8.559
