475	-5.539	0.000	9.239
479	-5.539	0.000	7.618
1893	-5.539	0.001	7.599
1953	-5.539	0.001	6.987
501	-5.538	0.001	16.411
513	-5.538	0.000	16.411
540	-5.538	0.000	17.013
591	-5.538	0.001	17.009
854	-5.538	0.001	17.016
876	-5.538	0.000	15.126
878	-5.538	0.000	15.126
891	-5.538	0.000	4.617
892	-5.538	0.001	16.234
989	-5.538	0.001	16.230
1017	-5.538	0.001	16.230
1029	-5.538	0.001	16.230
454	-5.536	0.001	3.714
538	-5.536	0.001	16.229
543	-5.536	0.002	15.318
553	-5.536	0.002	17.762
562	-5.536	0.002	4.075
571	-5.536	0.001	4.075
587	-5.536	0.001	4.075
597	-5.536	0.002	4.084
628	-5.536	0.002	4.084
641	-5.536	0.002	4.081
695	-5.536	0.001	0.000
709	-5.536	0.002	4.095
713	-5.536	0.002	8.555
745	-5.536	0.002	8.536
746	-5.536	0.002	8.536
754	-5.536	0.002	8.537
759	-5.536	0.002	8.543
797	-5.536	0.002	8.542
804	-5.536	0.002	8.552
837	-5.536	0.002	8.553
844	-5.536	0.002	8.554
880	-5.536	0.002	10.978
890	-5.536	0.002	1.338
893	-5.536	0.002	1.572
906	-5.536	0.002	1.570
915	-5.536	0.002	1.568
917	-5.536	0.002	1.568
922	-5.536	0.002	1.568
937	-5.536	0.002	1.565
949	-5.536	0.002	1.568
969	-5.536	0.002	1.568
974	-5.536	0.002	1.568
976	-5.536	0.001	1.568
980	-5.536	0.002	1.568
984	-5.536	0.002	1.568
985	-5.536	0.002	1.565
997	-5.536	0.002	4.333
1010	-5.536	0.002	4.333
1011	-5.536	0.002	4.333
1025	-5.536	0.002	4.333
1031	-5.536	0.002	4.333
1038	-5.536	0.002	4.333
1039	-5.536	0.002	4.333
1042	-5.536	0.002	4.335
1053	-5.536	0.002	4.333
1075	-5.536	0.002	4.333
1076	-5.536	0.002	4.333
1111	-5.536	0.002	1.567
1120	-5.536	0.002	4.335
426	-5.534	0.002	1.366
452	-5.534	0.002	1.368
458	-5.534	0.002	1.410
463	-5.534	0.002	1.413
684	-5.534	0.003	1.357
688	-5.534	0.002	1.357
690	-5.534	0.002	1.413
692	-5.534	0.002	1.367
698	-5.534	0.002	1.367
699	-5.534	0.002	1.366
702	-5.534	0.002	1.366
703	-5.534	0.003	1.359
705	-5.534	0.002	1.359
708	-5.534	0.003	1.360
723	-5.534	0.002	1.407
727	-5.534	0.002	1.409
982	-5.533	0.002	1.621
494	-5.533	0.002	1.621
510	-5.533	0.003	1.619
511	-5.533	0.003	0.000
751	-5.533	0.002	0.025
755	-5.533	0.002	1.662
765	-5.533	0.002	0.014
775	-5.533	0.002	0.014
785	-5.533	0.002	0.015
788	-5.533	0.002	0.017
790	-5.533	0.002	0.018
801	-5.533	0.002	0.018
802	-5.533	0.002	3.147
849	-5.533	0.002	3.148
888	-5.533	0.002	3.148
903	-5.533	0.003	3.177
910	-5.533	0.002	3.177
911	-5.533	0.002	3.176
934	-5.533	0.002	3.176
961	-5.533	0.002	3.176
962	-5.533	0.002	3.175
981	-5.533	0.003	3.178
1007	-5.533	0.003	3.153
1021	-5.533	0.002	3.153
1030	-5.533	0.002	3.154
1050	-5.533	0.003	3.177
1100	-5.533	0.003	1.778
1102	-5.533	0.003	4.704
1109	-5.533	0.002	4.704
1118	-5.533	0.002	4.704
473	-5.467	1.108	3.947
550	-5.467	1.108	16.230
569	-5.467	1.108	16.231
596	-5.467	1.108	16.231
1028	-5.467	1.108	3.714
1128	-5.467	1.108	16.229
644	-5.465	1.108	15.098
645	-5.465	1.107	17.762
646	-5.465	1.108	4.077
701	-5.465	1.108	4.075
714	-5.465	1.108	4.074
782	-5.465	1.108	4.094
798	-5.465	1.108	4.084
853	-5.465	1.108	4.081
1131	-5.465	1.108	4.081
1144	-5.465	1.108	4.118
1151	-5.465	1.108	8.555
813	-5.464	1.108	8.536
825	-5.464	1.108	8.536
835	-5.464	1.108	8.537
873	-5.464	1.108	8.543
887	-5.464	1.108	8.543
897	-5.464	1.108	8.554
902	-5.464	1.108	8.552
979	-5.464	1.108	8.554
600	-5.460	1.009	4.333
610	-5.460	1.009	4.335
968	-5.460	1.009	4.344
1047	-5.460	1.009	1.368
1064	-5.460	1.009	1.374
1080	-5.460	1.009	1.413
1082	-5.460	1.009	1.357
1094	-5.460	1.009	1.357
1114	-5.460	1.009	1.413
1142	-5.460	1.009	1.411
530	-5.459	1.009	1.366
572	-5.459	1.009	1.367
574	-5.459	1.009	1.366
996	-5.459	1.009	1.360
1152	-5.459	1.010	1.359
689	-5.458	1.010	1.366
693	-5.458	1.010	1.408
696	-5.458	1.010	1.409
700	-5.458	1.010	1.409
711	-5.458	1.010	1.621
712	-5.458	1.010	1.619
808	-5.458	1.010	0.099
814	-5.458	1.010	1.663
818	-5.458	1.010	0.026
819	-5.458	1.010	0.015
820	-5.458	1.010	0.014
831	-5.458	1.010	0.015
857	-5.458	1.010	0.018
860	-5.458	1.010	0.017
862	-5.458	1.010	0.015
863	-5.458	1.010	3.146
879	-5.458	1.010	3.148
881	-5.458	1.010	3.148
886	-5.458	1.010	3.176
918	-5.458	1.010	3.177
955	-5.458	1.010	3.176
1072	-5.458	1.010	3.176
1073	-5.458	1.010	3.176
1097	-5.458	1.010	3.175
1101	-5.458	1.010	3.175
1107	-5.458	1.010	3.153
1113	-5.458	1.010	3.153
1140	-5.458	1.010	3.154
789	-5.458	1.010	3.177
791	-5.458	1.010	3.177
793	-5.458	1.010	4.703
800	-5.458	1.010	4.704
998	-5.442	1.819	3.175
686	-5.441	1.821	3.175
704	-5.441	1.821	3.175
720	-5.441	1.821	3.153
1856	-5.441	1.821	3.154
739	-5.440	1.821	4.703
753	-5.440	1.821	4.703
766	-5.440	1.821	4.706
794	-5.440	1.821	1.432
796	-5.440	1.821	4.534
806	-5.440	1.821	4.534
821	-5.440	1.821	4.534
829	-5.440	1.821	4.534
833	-5.440	1.821	4.534
852	-5.440	1.821	7.925
933	-5.440	1.821	7.925
986	-5.440	1.821	7.926
1001	-5.440	1.821	7.926
1057	-5.440	1.821	7.926
1137	-5.440	1.821	7.926
486	-5.410	0.867	5.494
508	-5.408	0.867	5.494
1738	-5.408	0.867	5.494
512	-5.406	0.867	5.494
533	-5.406	0.867	5.494
535	-5.406	0.867	5.493
557	-5.406	0.867	5.495
564	-5.406	0.867	5.495
582	-5.406	0.867	2.596
620	-5.406	0.867	2.608
964	-5.406	0.867	2.652
472	-5.403	0.867	2.653
618	-5.402	0.866	2.587
655	-5.402	0.867	2.653
680	-5.402	0.867	2.603
685	-5.402	0.866	2.603
691	-5.402	0.867	2.603
697	-5.402	0.867	2.603
707	-5.402	0.867	2.591
710	-5.402	0.866	2.588
715	-5.402	0.866	2.592
716	-5.402	0.867	12.032
718	-5.402	0.867	2.650
732	-5.402	0.866	0.079
735	-5.402	0.867	0.079
736	-5.402	0.867	0.081
740	-5.402	0.867	0.000
743	-5.402	0.867	1.662
744	-5.402	0.867	0.019
748	-5.402	0.867	1.670
749	-5.402	0.867	1.670
763	-5.402	0.867	1.668
767	-5.402	0.867	1.668
770	-5.402	0.867	1.668
774	-5.402	0.867	1.669
787	-5.402	0.867	4.311
816	-5.402	0.866	4.313
826	-5.402	0.867	4.312
834	-5.402	0.867	3.891
861	-5.402	0.867	3.890
935	-5.402	0.867	3.888
973	-5.402	0.867	3.888
995	-5.402	0.867	3.888
1155	-5.402	0.867	3.888
1065	-5.380	2.244	8.254
619	-5.379	2.244	7.632
632	-5.379	2.245	7.902
657	-5.379	2.245	7.902
726	-5.379	2.245	7.902
752	-5.379	2.245	7.639
762	-5.379	2.245	8.977
764	-5.379	2.245	7.660
768	-5.379	2.245	15.940
781	-5.379	2.245	15.940
792	-5.379	2.245	15.940
805	-5.379	2.245	15.940
807	-5.379	2.245	15.941
809	-5.379	2.245	15.940
815	-5.379	2.245	15.941
828	-5.379	2.245	3.465
832	-5.379	2.245	16.152
836	-5.379	2.245	16.152
843	-5.379	2.245	16.152
845	-5.379	2.245	16.152
847	-5.379	2.245	16.152
848	-5.379	2.245	16.186
858	-5.379	2.245	16.186
866	-5.379	2.245	16.186
868	-5.379	2.245	16.186
872	-5.379	2.245	16.659
874	-5.379	2.245	16.656
875	-5.379	2.245	16.656
884	-5.379	2.245	14.961
889	-5.379	2.245	14.961
895	-5.379	2.245	3.338
898	-5.379	2.245	15.986
899	-5.379	2.245	15.981
901	-5.379	2.245	15.981
908	-5.379	2.245	15.981
912	-5.379	2.245	2.798
913	-5.379	2.245	15.981
919	-5.379	2.245	15.251
920	-5.379	2.245	17.434
926	-5.379	2.245	2.649
927	-5.379	2.245	2.648
928	-5.379	2.245	2.648
931	-5.379	2.245	2.657
932	-5.379	2.245	2.657
936	-5.379	2.245	2.654
940	-5.379	2.245	2.654
941	-5.379	2.245	2.677
943	-5.379	2.245	9.474
944	-5.379	2.245	9.456
947	-5.379	2.245	9.456
952	-5.379	2.245	9.457
957	-5.379	2.245	9.462
967	-5.379	2.245	9.461
971	-5.379	2.245	9.472
972	-5.379	2.245	9.473
977	-5.379	2.245	9.475
978	-5.379	2.245	12.006
987	-5.379	2.245	2.529
992	-5.379	2.245	2.745
999	-5.379	2.245	2.744
1012	-5.379	2.245	2.740
1013	-5.379	2.245	2.740
1022	-5.379	2.245	2.740
1023	-5.379	2.245	2.736
1027	-5.379	2.245	2.740
1036	-5.379	2.245	2.740
1041	-5.379	2.245	2.740
1045	-5.379	2.245	2.739
1056	-5.379	2.245	2.740
1067	-5.379	2.245	2.740
1069	-5.379	2.245	2.734
1070	-5.379	2.245	5.482
1077	-5.379	2.245	5.482
1092	-5.379	2.245	5.482
1095	-5.379	2.245	5.482
1099	-5.379	2.245	5.482
1103	-5.379	2.245	5.482
1105	-5.379	2.245	5.482
1106	-5.379	2.245	5.482
1121	-5.379	2.245	5.482
1126	-5.379	2.245	5.482
1136	-5.379	2.245	5.482
1138	-5.379	2.245	2.737
1139	-5.379	2.245	5.483
1146	-5.379	2.245	2.583
1147	-5.379	2.245	2.585
1150	-5.379	2.245	2.582
1154	-5.379	2.245	2.638
742	-5.378	2.245	2.574
983	-5.378	2.245	2.575
514	-5.362	0.775	2.590
515	-5.362	0.775	2.590
1882	-5.362	0.775	2.590
446	-5.360	0.775	2.590
477	-5.360	0.775	2.579
517	-5.360	0.775	2.579
524	-5.360	0.775	2.590
566	-5.360	0.775	2.635
570	-5.360	0.775	2.637
455	-5.359	0.775	0.060
456	-5.359	0.775	0.060
460	-5.359	0.775	0.063
464	-5.359	0.775	1.663
532	-5.359	0.775	0.001
578	-5.359	0.775	1.649
601	-5.359	0.774	1.657
622	-5.359	0.774	1.657
683	-5.359	0.774	1.657
975	-5.359	0.775	1.655
542	-5.358	0.775	1.655
549	-5.358	0.774	4.299
584	-5.358	0.775	4.301
586	-5.358	0.775	4.301
750	-5.358	0.774	3.877
909	-5.358	0.774	3.880
988	-5.358	0.774	3.877
1035	-5.358	0.775	3.877
1040	-5.358	0.774	3.877
1046	-5.358	0.775	3.877
465	-5.357	0.774	3.877
654	-5.357	0.774	4.305
687	-5.357	0.774	4.305
694	-5.357	0.774	4.307
717	-5.357	0.774	3.877
724	-5.357	0.774	4.312
725	-5.357	0.774	6.023
728	-5.357	0.774	6.023
729	-5.357	0.774	6.023
734	-5.357	0.774	6.023
546	-5.356	0.774	2.508
757	-5.356	0.774	5.388
758	-5.356	0.774	5.387
760	-5.356	0.774	5.387
761	-5.356	0.774	5.387
771	-5.356	0.774	5.387
772	-5.356	0.774	8.680
773	-5.356	0.774	8.680
776	-5.356	0.774	8.681
777	-5.356	0.774	8.681
779	-5.356	0.774	8.681
780	-5.356	0.774	8.681
783	-5.356	0.774	8.681
824	-5.356	0.774	8.681
871	-5.356	0.774	8.681
904	-5.356	0.774	8.681
925	-5.356	0.774	8.680
929	-5.356	0.774	8.699
1015	-5.356	0.774	8.743
1108	-5.356	0.774	9.550
1112	-5.356	0.774	9.550
737	-5.356	0.774	9.508
738	-5.356	0.774	9.569
741	-5.356	0.774	8.150
682	-5.324	2.075	7.426
719	-5.315	2.076	7.428
721	-5.315	2.076	10.111
722	-5.315	2.076	10.111
756	-5.315	2.076	7.869
784	-5.315	2.076	7.865
812	-5.315	2.076	7.870
838	-5.315	2.076	7.870
839	-5.315	2.076	8.263
846	-5.315	2.076	8.240
851	-5.315	2.076	9.103
900	-5.315	2.076	7.632
923	-5.315	2.076	7.887
959	-5.315	2.076	7.887
1000	-5.315	2.076	7.625
1061	-5.315	2.076	7.881
1066	-5.315	2.076	7.645
1078	-5.315	2.076	3.206
1081	-5.315	2.076	15.940
1104	-5.315	2.076	15.940
1119	-5.315	2.076	15.940
1125	-5.315	2.076	15.940
1132	-5.315	2.076	15.941
1133	-5.315	2.076	15.941
1143	-5.315	2.076	15.938
1145	-5.315	2.076	16.152
1148	-5.315	2.076	16.152
640	-5.310	1.142	9.462
706	-5.302	1.142	9.462
730	-5.302	1.142	9.473
731	-5.302	1.142	9.473
733	-5.302	1.142	9.475
769	-5.302	1.143	12.006
778	-5.302	1.143	2.529
786	-5.302	1.143	11.267
795	-5.302	1.143	2.745
799	-5.302	1.143	2.740
817	-5.302	1.143	2.740
850	-5.302	1.143	2.740
859	-5.302	1.143	2.736
877	-5.302	1.143	2.740
907	-5.302	1.143	2.740
924	-5.302	1.143	2.740
942	-5.302	1.143	2.740
990	-5.302	1.143	2.740
1020	-5.302	1.143	2.740
1135	-5.302	1.143	2.734
1149	-5.302	1.143	5.482
