191	-9.562	0.000	8.621
281	-9.562	0.001	8.621
6	-9.561	0.001	7.664
155	-9.561	0.001	7.663
205	-9.561	0.001	7.707
108	-9.561	0.001	7.707
118	-9.561	0.001	7.709
123	-9.561	0.002	7.708
333	-9.524	0.041	8.595
292	-9.524	0.041	7.494
33	-9.524	0.041	7.494
115	-9.524	0.041	7.494
597	-9.524	0.041	7.494
433	-9.524	0.045	9.114
85	-9.524	0.041	8.050
93	-9.524	0.041	8.050
106	-9.524	0.041	8.050
120	-9.524	0.041	8.050
173	-9.524	0.041	8.050
380	-9.524	0.041	12.371
383	-9.524	0.041	12.371
528	-9.524	0.041	12.372
577	-9.524	0.041	12.372
569	-9.516	0.068	12.372
479	-9.515	0.040	12.372
553	-9.490	0.159	12.371
432	-9.463	0.140	0.050
304	-9.453	0.152	0.026
37	-9.399	0.375	11.843
9	-9.255	0.060	12.252
36	-9.254	0.059	13.669
323	-9.251	0.060	13.669
322	-9.250	0.061	9.539
229	-9.250	0.072	13.670
298	-9.249	0.060	12.222
102	-9.248	0.060	14.828
224	-9.248	0.059	10.349
385	-9.248	0.059	10.349
371	-9.248	0.060	10.349
487	-9.242	0.058	10.353
18	-8.912	1.931	7.777
63	-8.912	1.931	7.777
76	-8.912	1.932	7.777
117	-8.912	1.931	7.777
136	-8.912	1.930	7.777
139	-8.912	1.931	7.950
182	-8.912	1.930	7.950
450	-8.912	1.931	7.950
157	-8.911	1.084	7.781
223	-8.911	1.931	7.950
422	-8.908	1.084	7.823
460	-8.907	1.085	7.823
216	-8.895	1.098	7.823
1835	-8.890	1.078	7.823
127	-8.882	3.311	6.709
128	-8.882	3.311	7.375
381	-8.881	3.311	7.375
73	-8.879	1.100	7.375
51	-8.878	1.089	7.375
434	-8.878	1.106	2.180
1876	-8.877	1.088	2.179
588	-8.877	1.089	2.180
599	-8.877	1.089	2.180
185	-8.872	2.348	2.180
301	-8.872	2.349	2.180
170	-8.871	2.340	2.180
100	-8.871	2.340	2.180
98	-8.871	2.351	2.180
105	-8.870	2.326	2.179
236	-8.870	2.330	2.186
370	-8.821	1.095	11.784
135	-8.804	1.115	11.807
288	-8.800	1.855	9.231
511	-8.800	1.851	0.000
512	-8.800	1.851	0.014
219	-8.799	1.852	0.014
390	-8.799	1.851	0.002
348	-8.799	1.852	0.020
389	-8.799	1.851	0.019
411	-8.799	1.851	0.020
439	-8.799	1.852	0.002
339	-8.799	1.851	2.200
343	-8.799	1.850	2.200
441	-8.799	1.852	3.247
413	-8.799	1.852	2.141
536	-8.799	1.852	2.141
456	-8.799	1.840	8.541
316	-8.796	3.609	8.541
162	-8.796	3.609	3.330
1887	-8.794	1.850	3.333
1870	-8.794	1.852	3.313
1888	-8.794	1.851	3.313
1889	-8.794	1.851	2.299
240	-8.794	1.851	2.275
482	-8.794	1.852	2.838
4	-8.773	3.532	2.849
137	-8.773	3.532	3.860
261	-8.773	3.532	3.860
208	-8.773	3.533	2.849
27	-8.770	3.312	3.857
493	-8.744	2.494	10.318
213	-8.743	2.494	13.764
282	-8.743	2.494	13.762
207	-8.743	2.495	13.764
364	-8.743	2.495	13.764
103	-8.711	1.071	13.764
399	-8.671	2.476	13.518
16	-8.663	3.307	13.552
38	-8.663	3.307	13.552
365	-8.661	1.110	13.552
462	-8.655	3.116	10.081
83	-8.639	3.168	13.669
384	-8.565	2.350	14.828
303	-8.564	2.358	10.350
367	-8.564	2.360	10.349
540	-8.564	3.609	10.349
440	-8.564	3.608	10.350
508	-8.563	2.331	10.353
138	-8.563	3.609	10.353
252	-8.563	3.609	10.352
313	-8.563	3.609	10.353
376	-8.563	3.609	12.188
24	-8.563	3.609	12.189
594	-8.563	3.609	12.164
71	-8.563	3.608	12.164
186	-8.563	3.609	12.171
1882	-8.560	3.609	12.182
29	-8.558	3.534	12.179
30	-8.558	3.533	12.179
46	-8.558	3.533	14.208
19	-8.558	3.534	7.869
44	-8.558	3.534	7.865
48	-8.558	3.534	8.404
60	-8.558	3.534	8.408
26	-8.558	3.533	8.408
54	-8.544	2.567	7.357
111	-8.541	3.537	7.357
510	-8.541	3.307	7.357
143	-8.539	3.307	7.357
230	-8.538	3.307	7.357
178	-8.537	3.307	7.357
632	-8.527	2.327	7.807
557	-8.524	2.327	7.801
405	-8.519	1.807	7.801
429	-8.518	1.804	7.803
581	-8.512	1.785	7.802
309	-8.510	1.808	7.802
602	-8.508	1.401	8.434
585	-8.506	1.133	7.951
174	-8.500	3.476	7.951
269	-8.500	3.476	7.776
215	-8.500	3.476	7.775
55	-8.500	3.477	7.777
233	-8.489	3.450	7.777
497	-8.489	3.477	7.775
491	-8.476	1.984	7.950
256	-8.459	3.612	7.375
442	-8.459	3.612	7.375
471	-8.459	3.612	7.375
168	-8.458	3.612	2.179
262	-8.458	3.612	2.179
180	-8.458	3.612	2.179
86	-8.457	3.612	2.180
159	-8.457	3.612	2.180
101	-8.457	3.615	2.180
53	-8.456	3.612	2.180
92	-8.456	3.614	2.180
358	-8.454	3.620	2.180
454	-8.452	2.496	2.179
99	-8.443	3.533	7.553
251	-8.442	3.532	2.203
254	-8.442	3.533	2.203
75	-8.442	3.533	11.785
163	-8.442	3.533	11.735
314	-8.442	3.533	11.807
130	-8.442	3.533	11.807
145	-8.441	3.533	9.231
366	-8.441	3.534	9.231
243	-8.441	2.497	0.014
465	-8.440	3.533	0.014
579	-8.440	3.533	0.014
626	-8.440	3.533	0.019
299	-8.440	3.534	0.019
1836	-8.437	3.689	0.019
492	-8.437	3.533	0.019
1861	-8.436	3.689	2.200
1871	-8.436	3.687	2.199
1846	-8.435	3.689	3.247
39	-8.435	3.533	2.142
43	-8.434	3.533	2.141
65	-8.429	3.130	8.541
217	-8.428	3.667	8.541
245	-8.428	3.666	3.330
242	-8.426	3.095	3.330
526	-8.425	3.125	3.313
457	-8.424	3.546	3.313
132	-8.422	3.524	2.299
286	-8.421	3.141	2.849
297	-8.419	3.165	3.857
396	-8.417	3.175	3.376
265	-8.410	3.621	4.114
62	-8.410	3.471	22.399
220	-8.410	3.473	22.398
276	-8.409	3.471	22.398
402	-8.408	3.470	22.401
227	-8.391	3.637	22.401
1875	-8.388	3.637	22.401
90	-8.352	3.650	22.823
64	-8.352	3.645	22.822
277	-8.350	3.542	22.823
377	-8.346	3.642	22.823
190	-8.346	3.644	22.862
335	-8.345	3.649	22.861
270	-8.345	3.643	22.861
541	-8.345	3.646	23.231
283	-8.345	3.630	23.232
311	-8.345	3.642	23.226
461	-8.345	3.638	22.335
66	-8.345	3.651	21.391
548	-8.344	3.632	13.295
406	-8.342	3.627	21.373
425	-8.341	3.176	22.337
490	-8.336	3.619	22.337
507	-8.335	3.596	13.238
1834	-8.334	3.607	22.334
621	-8.322	3.580	22.334
312	-8.269	3.138	23.687
268	-8.247	3.275	12.895
562	-8.246	3.276	12.889
58	-8.246	3.275	12.889
169	-8.246	3.275	2.136
278	-8.246	3.275	2.136
403	-8.219	3.561	2.136
495	-8.188	3.708	2.127
445	-8.166	2.168	2.131
534	-8.136	1.885	9.249
264	-8.130	3.157	9.248
40	-8.130	3.157	9.248
212	-8.126	3.171	9.248
97	-8.125	1.587	9.248
35	-8.125	1.587	9.249
1874	-8.122	1.587	9.249
1855	-8.119	3.625	9.249
360	-8.103	3.559	9.618
15	-8.096	2.177	9.619
112	-8.094	2.185	8.906
474	-8.086	3.097	8.956
52	-8.086	3.097	8.956
119	-8.086	3.097	8.956
513	-8.086	3.097	8.968
363	-8.085	3.101	8.969
604	-8.085	3.096	8.969
488	-8.083	3.095	8.967
81	-8.058	3.704	8.907
234	-8.058	3.704	10.772
125	-8.058	3.704	10.772
201	-8.058	3.704	9.311
502	-8.058	3.704	10.820
307	-8.044	1.543	8.900
2	-8.037	3.876	8.698
1839	-8.033	3.879	8.698
1831	-8.033	3.880	8.698
142	-8.030	3.706	8.698
5	-8.022	3.347	8.519
530	-8.021	3.055	8.519
147	-8.020	3.056	10.176
564	-8.020	3.056	10.581
1074	-8.020	3.344	9.066
1021	-8.020	3.347	9.066
1097	-8.020	3.347	9.066
1056	-8.020	3.350	9.066
1024	-8.020	3.348	9.066
21	-8.020	3.354	13.755
978	-8.020	3.353	13.755
473	-8.019	3.056	13.756
221	-8.019	3.056	13.756
1829	-8.018	3.056	13.756
509	-8.009	3.880	13.756
79	-8.008	3.874	13.756
122	-8.008	3.875	13.756
226	-8.008	3.878	13.756
355	-8.008	3.869	7.837
349	-8.008	3.878	13.808
285	-8.008	3.879	13.811
82	-8.008	3.884	2.177
449	-8.008	3.885	2.212
334	-8.008	3.888	2.212
1869	-8.007	3.880	2.157
1890	-8.007	3.879	4.764
74	-8.006	3.857	4.764
1879	-8.006	3.880	13.212
478	-8.006	3.882	13.223
121	-8.005	3.853	13.223
239	-8.005	3.872	13.216
1826	-8.005	3.876	13.227
392	-8.003	3.906	13.227
552	-8.000	3.853	13.227
89	-7.998	3.280	11.839
578	-7.992	3.135	11.917
296	-7.992	3.136	11.882
96	-7.992	3.136	11.882
153	-7.992	3.135	7.628
80	-7.991	3.136	7.628
481	-7.987	3.136	7.628
397	-7.985	3.692	11.444
372	-7.974	3.705	11.457
204	-7.973	3.589	11.457
395	-7.972	3.071	7.619
160	-7.972	3.071	12.780
263	-7.972	3.071	12.766
503	-7.972	3.072	11.737
144	-7.972	3.071	11.349
410	-7.972	3.072	11.349
435	-7.972	3.071	11.744
438	-7.972	3.071	11.744
570	-7.972	3.071	13.093
237	-7.971	3.071	11.556
1825	-7.969	3.071	13.762
1828	-7.969	3.071	13.762
423	-7.968	3.706	13.763
470	-7.967	3.706	13.763
566	-7.967	3.706	13.764
211	-7.966	3.705	13.764
608	-7.965	3.705	13.764
549	-7.965	3.704	10.189
532	-7.964	3.704	13.518
634	-7.963	3.705	13.518
618	-7.963	3.705	13.518
23	-7.957	3.524	13.518
587	-7.956	3.526	13.518
164	-7.956	3.518	13.552
165	-7.956	3.148	13.552
412	-7.955	3.150	13.552
586	-7.955	3.148	13.552
225	-7.955	3.148	14.153
228	-7.955	3.147	14.148
595	-7.954	3.148	14.156
146	-7.953	3.160	12.251
520	-7.953	3.692	12.252
300	-7.952	3.527	10.081
575	-7.952	3.691	13.671
232	-7.951	3.509	13.669
1823	-7.951	3.148	13.669
1884	-7.950	3.148	13.669
483	-7.948	3.138	9.538
56	-7.940	2.262	12.295
486	-7.929	3.356	10.347
1824	-7.928	3.357	10.351
184	-7.927	3.453	10.351
218	-7.921	3.169	10.350
195	-7.921	3.169	10.350
329	-7.920	3.170	10.358
1838	-7.918	3.171	12.161
253	-7.899	3.515	12.161
28	-7.895	3.482	12.162
12	-7.877	2.889	12.168
172	-7.871	3.700	12.176
3	-7.868	2.877	12.177
504	-7.867	3.359	14.206
287	-7.867	3.360	7.867
1837	-7.866	3.360	8.401
1873	-7.865	3.366	8.402
1840	-7.865	3.361	8.406
1833	-7.858	3.372	8.406
324	-7.851	3.403	8.409
1827	-7.850	3.401	8.406
1830	-7.850	3.401	8.406
619	-7.799	2.728	8.406
554	-7.788	2.394	8.407
350	-7.785	3.343	8.406
156	-7.785	3.347	8.407
222	-7.784	3.337	8.414
354	-7.784	3.343	7.355
331	-7.784	3.349	7.355
455	-7.781	2.733	7.355
258	-7.781	2.722	7.355
615	-7.780	2.728	7.355
359	-7.780	2.728	7.355
274	-7.780	2.726	7.355
393	-7.779	3.350	7.355
398	-7.779	2.734	7.355
480	-7.778	3.354	7.355
573	-7.765	3.687	7.355
250	-7.751	3.353	7.896
10	-7.751	3.359	7.894
266	-7.751	3.351	7.953
206	-7.750	3.348	7.950
291	-7.750	3.352	7.906
177	-7.750	3.351	7.906
374	-7.750	3.361	7.952
129	-7.750	3.348	7.910
416	-7.750	3.347	7.910
284	-7.750	3.353	7.911
61	-7.750	3.350	7.911
104	-7.750	3.356	7.903
152	-7.750	3.355	7.906
17	-7.750	3.363	7.907
318	-7.750	3.363	7.971
451	-7.750	3.359	7.966
42	-7.750	3.362	8.390
176	-7.750	3.359	8.390
418	-7.750	3.355	8.389
141	-7.750	3.363	7.792
41	-7.750	3.362	7.805
193	-7.750	3.360	8.422
341	-7.750	3.360	7.799
171	-7.750	3.368	7.799
189	-7.750	3.367	7.799
500	-7.750	3.368	7.800
342	-7.750	3.369	7.800
87	-7.749	3.354	7.949
110	-7.749	3.342	7.949
95	-7.749	3.356	7.949
158	-7.749	3.342	7.773
1155	-7.747	3.358	7.773
244	-7.744	3.361	7.775
308	-7.716	3.207	7.773
427	-7.703	2.851	7.948
424	-7.702	2.837	7.948
592	-7.696	3.119	7.779
315	-7.694	1.892	7.076
328	-7.694	1.896	7.822
248	-7.694	1.899	7.822
352	-7.694	1.896	7.822
379	-7.694	1.901	7.821
1	-7.694	3.099	6.695
467	-7.693	1.903	7.373
476	-7.676	3.101	7.373
1103	-7.667	3.025	7.373
506	-7.657	2.855	7.374
214	-7.655	3.245	2.180
533	-7.640	2.952	2.181
154	-7.631	2.671	2.181
49	-7.629	2.630	11.782
77	-7.628	2.591	11.733
317	-7.628	2.606	11.805
458	-7.628	2.597	9.228
13	-7.627	2.970	9.228
1101	-7.627	2.514	13.213
32	-7.614	2.872	0.016
107	-7.612	2.880	0.005
116	-7.612	2.873	0.021
235	-7.611	3.179	0.022
57	-7.603	2.849	0.022
1062	-7.601	3.204	0.022
613	-7.594	2.815	2.143
1015	-7.587	3.070	2.198
279	-7.585	2.891	3.245
257	-7.575	2.644	2.139
247	-7.574	2.607	8.539
34	-7.573	2.613	8.539
150	-7.572	2.594	3.328
31	-7.569	3.073	3.301
11	-7.569	3.052	3.311
148	-7.568	3.069	3.310
161	-7.568	3.070	2.298
25	-7.568	3.051	2.274
1167	-7.563	3.070	2.849
91	-7.563	2.542	3.858
1089	-7.557	2.837	3.858
45	-7.553	3.044	2.847
133	-7.553	3.044	3.855
249	-7.550	3.072	3.374
181	-7.541	2.501	10.316
1129	-7.535	3.185	13.763
489	-7.508	2.856	13.518
543	-7.503	3.028	13.518
7	-7.497	3.098	13.518
238	-7.490	3.095	13.551
563	-7.482	2.836	14.148
614	-7.481	2.892	12.251
175	-7.479	2.964	12.252
1136	-7.471	2.724	10.079
289	-7.470	2.866	10.282
330	-7.468	2.986	13.669
538	-7.466	3.063	13.669
241	-7.465	2.955	9.538
636	-7.462	2.682	12.222
452	-7.461	3.122	14.829
529	-7.450	2.699	10.348
605	-7.438	3.007	10.350
20	-7.420	3.712	12.161
70	-7.420	3.714	12.161
260	-7.420	3.714	12.162
571	-7.340	2.914	8.401
625	-7.313	3.660	8.406
231	-7.293	2.883	8.407
1881	-7.292	2.881	8.407
622	-7.258	3.612	7.355
72	-7.255	3.641	7.355
67	-7.254	3.682	7.355
565	-7.254	3.689	7.355
524	-7.244	3.854	7.355
166	-7.242	3.729	7.355
59	-7.242	3.795	7.355
246	-7.226	3.914	7.355
463	-7.215	3.387	7.355
255	-7.184	3.009	7.924
609	-7.174	2.680	7.911
550	-7.171	2.975	7.910
306	-7.166	2.678	7.911
149	-7.165	2.678	7.904
428	-7.163	3.921	7.913
499	-7.120	3.709	7.966
598	-7.116	2.672	8.389
50	-7.115	2.671	7.790
131	-7.115	2.671	8.422
356	-7.115	2.671	7.805
140	-7.115	2.671	7.799
375	-7.115	2.671	7.799
200	-7.115	3.932	7.799
431	-7.014	2.575	7.949
472	-7.010	2.592	7.774
347	-7.010	2.610	7.773
259	-7.010	2.619	7.775
606	-7.009	2.594	7.775
362	-7.008	2.591	7.775
519	-6.983	2.780	7.948
179	-6.911	2.629	7.779
