1619	-10.225	0.000	11.204
1532	-10.225	0.001	21.122
188	-10.101	0.997	8.639
853	-10.100	0.997	8.639
387	-10.098	0.997	8.639
984	-10.098	0.997	8.639
338	-10.098	0.998	8.639
1011	-10.097	0.998	8.639
1642	-10.097	0.997	8.639
1001	-10.097	0.999	8.639
1497	-10.096	0.997	8.639
1501	-10.096	0.997	8.641
761	-10.096	0.998	8.641
1495	-10.096	0.998	7.569
1573	-10.096	0.998	7.556
1578	-10.096	0.998	7.506
1663	-10.096	0.998	7.506
1506	-10.096	0.998	7.575
1613	-10.096	1.000	7.576
1082	-10.086	3.936	7.506
1095	-10.086	3.936	7.560
844	-10.085	3.935	7.560
1500	-10.085	3.935	7.560
1503	-10.085	3.935	7.572
1507	-10.085	3.935	7.574
1509	-10.085	3.935	7.573
1510	-10.085	3.935	7.573
1511	-10.085	3.935	7.507
1513	-10.085	3.935	7.507
1514	-10.085	3.935	9.538
1516	-10.085	3.935	9.536
1517	-10.085	3.935	8.610
1518	-10.085	3.935	9.589
1521	-10.085	3.935	8.625
1524	-10.085	3.935	8.620
1528	-10.085	3.935	8.620
1533	-10.085	3.935	8.620
1534	-10.085	3.935	8.621
1537	-10.085	3.935	8.621
1541	-10.085	3.935	8.621
1542	-10.085	3.935	8.621
1544	-10.085	3.935	7.664
1548	-10.085	3.935	7.664
1550	-10.085	3.935	7.708
1555	-10.085	3.935	7.708
1558	-10.085	3.935	7.708
1560	-10.085	3.935	7.708
1566	-10.085	3.936	7.708
1572	-10.085	3.935	7.709
1574	-10.085	3.935	7.709
1581	-10.085	3.935	7.709
1590	-10.085	3.935	7.665
1597	-10.085	3.935	7.666
1604	-10.085	3.935	7.711
1605	-10.085	3.935	7.711
1609	-10.085	3.935	8.422
1622	-10.085	3.935	7.494
1631	-10.085	3.935	7.494
1637	-10.085	3.935	7.494
1641	-10.085	3.935	8.645
1678	-10.085	3.936	9.133
1679	-10.085	3.936	8.050
1669	-10.085	3.935	8.050
1670	-10.085	3.935	8.050
1658	-10.084	3.935	8.050
846	-10.080	3.936	8.050
833	-10.080	3.936	12.371
1673	-10.079	0.977	12.371
567	-9.808	3.835	11.842
1116	-9.808	3.835	11.843
1577	-9.808	3.835	10.333
1587	-9.808	3.835	10.327
1633	-9.808	3.835	10.419
1651	-9.808	3.835	10.373
1657	-9.808	3.835	10.374
1499	-9.684	1.033	21.162
1556	-9.682	1.898	21.161
1568	-9.676	1.906	21.617
1643	-9.672	1.989	12.281
1603	-9.666	2.023	19.718
1012	-9.648	2.213	19.702
965	-9.648	2.212	20.632
1608	-9.637	2.214	20.632
954	-9.637	2.213	20.633
1647	-9.637	2.213	11.909
1650	-9.637	2.214	20.630
1653	-9.637	2.214	19.480
1554	-9.636	2.213	22.046
1504	-9.636	2.213	11.714
1508	-9.636	2.214	11.714
1576	-9.636	2.214	11.714
1588	-9.636	2.213	11.727
1498	-9.636	2.215	11.728
1559	-9.636	2.215	11.724
1523	-9.615	1.760	8.639
1664	-9.615	1.766	8.639
1579	-9.615	1.768	8.639
1547	-9.557	1.206	7.709
1634	-9.525	1.323	7.711
736	-9.455	2.317	0.099
1680	-9.444	2.323	3.619
943	-9.444	2.322	3.619
1646	-9.443	2.321	11.827
1654	-9.443	2.322	11.838
1616	-9.443	2.322	11.838
1567	-9.362	1.448	10.371
911	-9.256	1.720	13.551
198	-9.256	1.722	13.552
1519	-9.256	1.721	14.153
1583	-9.256	1.721	14.148
1628	-9.256	1.719	14.148
1655	-9.255	1.721	14.138
1612	-9.252	1.688	13.669
1626	-9.222	3.447	12.171
1562	-9.222	3.441	12.171
1648	-9.222	3.437	12.182
1627	-9.222	3.372	12.179
1543	-9.222	3.415	12.179
1618	-9.222	3.439	14.208
1635	-9.222	3.425	7.869
1526	-9.222	3.399	8.403
1546	-9.222	3.410	8.411
1549	-9.222	3.403	8.408
1570	-9.222	3.398	8.408
1586	-9.222	3.400	8.408
1599	-9.222	3.413	8.411
1630	-9.222	3.402	8.408
1649	-9.222	3.398	8.408
1553	-9.222	3.382	8.408
1557	-9.222	3.384	8.409
1625	-9.222	3.380	8.408
1563	-9.222	3.369	8.409
1624	-9.222	3.375	8.416
1602	-9.222	3.428	7.357
1611	-9.222	3.394	7.357
1600	-9.222	3.374	7.357
1638	-9.221	3.455	7.357
1671	-9.221	3.440	7.357
1656	-9.221	3.422	7.357
1564	-9.220	3.317	7.357
1665	-9.220	3.332	7.357
1661	-9.220	3.450	7.357
1674	-9.170	3.330	7.898
1607	-9.169	3.349	7.897
1644	-9.169	3.333	7.903
1640	-9.169	3.326	7.953
1571	-9.169	3.328	7.909
1592	-9.169	3.338	7.908
1629	-9.169	3.333	7.955
1530	-9.169	3.340	7.913
1591	-9.167	3.380	7.913
1623	-9.167	3.292	7.913
1617	-9.164	3.419	7.913
1667	-9.161	3.407	7.908
1645	-8.887	3.825	7.823
