1168	-15.644	0.000	0.000
1051	-15.638	0.100	17.933
699	-15.638	0.073	17.932
666	-15.638	0.049	17.932
683	-15.638	0.153	10.548
1127	-15.638	0.192	17.930
892	-15.637	0.078	16.815
721	-15.637	0.074	19.273
783	-15.637	0.059	10.643
1185	-15.636	0.197	10.641
750	-15.633	0.294	10.641
1034	-15.632	0.067	10.641
690	-15.627	0.153	10.652
691	-15.627	0.170	10.653
582	-15.625	0.244	10.649
319	-15.076	3.503	10.649
711	-15.068	3.503	3.513
919	-15.068	3.503	3.513
746	-15.068	3.503	3.491
856	-15.068	3.503	3.492
868	-15.068	3.503	3.497
874	-15.068	3.503	3.497
891	-15.068	3.503	3.507
935	-15.068	3.503	3.505
687	-15.066	3.504	3.506
723	-15.064	3.503	5.667
658	-15.062	3.503	6.160
1170	-15.055	3.503	6.160
272	-15.044	3.501	7.018
925	-14.899	3.519	7.024
923	-14.883	3.649	7.023
897	-14.882	3.648	7.023
870	-14.882	3.648	7.023
1083	-14.878	3.648	7.023
710	-14.878	3.648	7.023
918	-14.878	3.648	7.023
936	-14.878	3.648	7.024
1114	-14.878	3.648	7.024
1040	-14.878	3.648	7.025
1029	-14.878	3.648	7.029
1059	-14.878	3.648	7.550
1110	-14.878	3.648	7.550
756	-14.877	3.648	7.550
762	-14.877	3.648	7.550
851	-14.877	3.648	7.550
901	-14.877	3.648	7.550
958	-14.877	3.648	7.550
963	-14.877	3.648	7.550
1094	-14.877	3.647	7.550
975	-14.877	3.648	7.550
743	-14.876	3.647	7.550
715	-14.876	3.648	7.550
1183	-14.876	3.647	7.551
877	-14.876	3.649	7.551
209	-14.873	3.649	6.138
917	-14.871	3.646	6.132
1111	-14.870	3.505	6.127
881	-14.822	3.645	6.126
47	-14.822	3.660	6.151
547	-14.721	3.683	6.129
695	-14.642	1.302	6.128
638	-14.642	1.302	6.142
551	-14.594	3.493	6.142
1187	-14.560	3.526	6.142
419	-14.519	3.646	6.147
1069	-14.379	3.483	6.148
1140	-14.369	3.488	6.149
1008	-14.338	3.682	6.143
1124	-14.336	3.487	6.139
813	-14.305	3.474	6.139
824	-14.282	3.471	8.093
611	-14.279	3.637	8.091
620	-14.254	3.464	7.116
838	-14.251	3.470	8.150
686	-14.250	3.461	7.137
1151	-14.233	3.457	7.131
827	-14.178	3.471	7.131
662	-14.164	3.345	7.131
1042	-13.818	0.737	7.133
1163	-13.790	3.667	7.133
898	-13.783	3.710	7.133
1000	-13.754	3.716	8.187
1161	-13.749	3.471	6.986
671	-13.713	3.731	6.986
1122	-13.689	3.546	6.786
1145	-13.498	3.470	6.791
1093	-13.480	3.667	6.793
414	-12.986	3.649	9.674
1177	-12.962	1.657	9.674
1176	-12.951	1.637	9.674
641	-12.871	1.695	9.674
444	-12.625	3.556	9.674
976	-11.720	3.749	9.240
1166	-11.496	3.433	6.967
555	-11.489	3.855	6.967
651	-11.481	3.430	7.471
639	-11.481	3.430	6.967
1018	-11.480	3.428	7.395
674	-11.480	3.430	6.959
667	-11.480	3.444	17.955
814	-11.479	3.429	17.954
801	-11.479	3.414	17.956
836	-11.479	3.412	17.957
886	-11.478	3.450	17.957
1152	-11.477	3.412	17.957
669	-11.472	3.367	17.957
1182	-11.467	3.458	10.947
805	-11.466	3.426	18.319
808	-11.465	3.438	18.319
1109	-11.465	3.425	18.319
899	-11.463	3.386	18.319
742	-11.452	3.423	18.357
361	-11.444	3.949	18.356
731	-11.426	3.331	18.356
1172	-11.420	3.603	18.793
673	-11.368	3.645	18.788
628	-11.359	3.616	11.367
1049	-11.316	3.738	16.849
1104	-11.283	3.861	10.374
705	-11.281	3.500	10.921
1046	-11.067	3.317	7.023
712	-11.054	3.326	7.025
1133	-11.052	3.319	7.550
791	-11.048	3.370	7.550
1531	-11.041	3.387	7.550
321	-10.991	3.952	7.550
1064	-10.534	3.845	6.148
