1442	-6.264	0.000	3.735
1448	-6.264	0.000	4.718
1537	-6.262	0.002	3.413
1464	-6.262	0.002	3.409
1427	-6.231	0.004	3.426
1428	-6.231	0.004	5.135
1429	-6.231	0.004	3.627
1430	-6.231	0.004	3.636
1431	-6.231	0.004	8.384
1432	-6.231	0.004	17.994
1433	-6.231	0.004	8.392
1434	-6.231	0.004	9.024
1435	-6.231	0.004	4.787
1436	-6.231	0.004	6.806
1437	-6.231	0.004	16.959
1438	-6.231	0.004	16.960
1439	-6.231	0.004	5.220
1440	-6.231	0.004	8.350
1441	-6.231	0.004	17.066
1443	-6.231	0.004	6.268
1444	-6.231	0.004	6.250
1445	-6.231	0.004	4.409
1446	-6.231	0.004	6.298
1447	-6.231	0.004	16.968
1453	-6.231	0.004	3.501
1454	-6.231	0.004	8.759
1465	-6.229	0.006	8.151
1475	-6.229	0.006	9.123
1476	-6.229	0.006	8.761
1477	-6.229	0.006	8.762
1501	-6.229	0.006	8.576
1502	-6.229	0.006	8.282
1503	-6.229	0.006	6.158
1504	-6.229	0.006	18.537
1505	-6.229	0.006	8.105
1506	-6.229	0.006	8.588
1521	-6.229	0.006	6.155
1534	-6.229	0.006	6.571
1535	-6.229	0.006	6.571
1536	-6.229	0.006	6.571
1539	-6.229	0.006	8.776
1543	-6.229	0.006	6.154
1550	-6.229	0.006	8.071
1557	-6.229	0.006	8.034
1558	-6.229	0.006	7.381
1559	-6.229	0.006	8.574
1560	-6.229	0.006	6.562
1567	-6.229	0.006	9.094
1568	-6.229	0.006	9.106
1570	-6.229	0.006	9.010
1571	-6.229	0.006	7.635
1574	-6.229	0.006	6.514
1577	-6.229	0.006	9.516
1578	-6.229	0.006	7.351
1579	-6.229	0.006	5.647
1580	-6.229	0.006	7.479
1581	-6.229	0.006	5.726
1583	-6.229	0.006	6.544
1586	-6.229	0.006	5.767
1587	-6.229	0.006	9.193
1589	-6.229	0.006	9.212
1590	-6.229	0.006	8.366
1594	-6.229	0.006	9.127
1466	-6.196	0.006	8.245
1467	-6.196	0.006	6.228
1468	-6.196	0.006	4.251
1469	-6.196	0.006	4.989
1470	-6.196	0.006	4.924
1471	-6.196	0.006	4.921
1479	-6.196	0.006	4.917
1547	-6.196	0.006	4.839
1565	-6.196	0.006	5.154
1566	-6.196	0.006	17.490
1540	-5.958	3.033	17.473
1569	-5.958	3.033	17.506
1591	-5.958	3.033	14.394
1592	-5.958	3.033	9.594
1593	-5.958	3.033	9.062
1449	-5.819	2.465	1.770
1450	-5.819	2.465	1.760
1451	-5.819	2.465	1.415
1452	-5.819	2.465	0.003
1457	-5.812	2.465	0.002
1458	-5.812	2.465	3.576
1459	-5.812	2.465	0.018
1460	-5.812	2.465	3.573
1575	-5.812	2.465	3.573
1576	-5.812	2.465	3.574
1595	-5.812	2.465	3.574
1596	-5.812	2.465	3.576
1480	-5.811	2.465	3.573
1489	-5.811	2.465	3.574
1492	-5.811	2.465	3.574
1455	-5.787	2.476	3.569
1456	-5.708	3.782	1.434
1461	-5.708	3.782	1.439
1462	-5.708	3.782	1.439
1494	-5.708	3.783	1.504
1573	-5.708	3.782	1.586
1582	-5.708	3.782	13.562
1585	-5.708	3.782	1.255
1474	-5.708	3.784	1.762
1478	-5.708	3.783	1.762
1481	-5.708	3.783	1.762
1482	-5.708	3.783	1.762
1556	-5.708	3.783	8.049
1491	-5.708	3.783	8.037
1495	-5.708	3.783	8.044
1497	-5.708	3.783	2.220
1524	-5.708	3.783	2.190
1515	-5.707	3.784	2.210
1513	-5.707	3.783	2.218
1514	-5.707	3.783	2.228
1516	-5.707	3.783	2.219
1517	-5.707	3.783	2.213
1518	-5.707	3.784	3.585
