1785	-8.130	0.000	8.403
1776	-8.130	0.013	8.525
1778	-8.130	0.013	4.812
1779	-8.130	0.013	6.824
1780	-8.130	0.013	16.928
1781	-8.130	0.013	12.585
1782	-8.130	0.013	5.250
1786	-8.130	0.013	8.373
1795	-8.130	0.013	17.035
1797	-8.130	0.013	6.306
1798	-8.130	0.013	6.288
1800	-8.130	0.013	3.909
1801	-8.130	0.013	6.361
1802	-8.130	0.013	16.816
1803	-8.130	0.013	3.715
1804	-8.130	0.013	8.264
1806	-8.130	0.013	8.256
1808	-8.130	0.013	9.107
1811	-8.130	0.013	8.781
1812	-8.130	0.013	8.775
1815	-8.130	0.013	8.620
1816	-8.130	0.013	8.974
1818	-8.130	0.013	16.914
1825	-8.130	0.013	9.245
1826	-8.130	0.013	8.149
1827	-8.130	0.013	8.632
1828	-8.130	0.013	6.631
1831	-8.130	0.013	6.630
1832	-8.130	0.013	6.630
1833	-8.130	0.013	6.630
1838	-8.130	0.013	8.931
1841	-8.130	0.013	6.287
1842	-8.130	0.013	8.116
1843	-8.130	0.013	7.406
1844	-8.130	0.013	8.617
1846	-8.130	0.013	8.365
1847	-8.130	0.013	6.621
1848	-8.130	0.013	6.300
1849	-8.130	0.013	9.112
1850	-8.130	0.013	9.046
1851	-8.130	0.013	7.668
1852	-8.130	0.013	9.512
1853	-8.130	0.013	7.368
1854	-8.130	0.013	7.366
1857	-8.130	0.013	9.091
1858	-8.130	0.013	7.523
1859	-8.130	0.013	8.481
1860	-8.130	0.013	6.522
1863	-8.130	0.013	5.766
1864	-8.130	0.013	9.243
1865	-8.130	0.013	9.255
1871	-8.130	0.013	8.410
1874	-8.130	0.013	9.160
1881	-8.130	0.013	7.522
1834	-8.093	0.012	8.407
1839	-8.093	0.012	12.558
1845	-8.092	0.012	6.602
1880	-8.092	0.012	8.933
1767	-8.066	0.021	5.768
1772	-8.066	0.021	8.240
1761	-8.066	0.019	5.766
1762	-8.066	0.019	5.757
1763	-8.066	0.019	5.772
1764	-8.066	0.018	7.045
1765	-8.066	0.019	6.162
1766	-8.066	0.019	8.602
1768	-8.066	0.019	6.084
1769	-8.066	0.019	6.025
1771	-8.066	0.019	4.151
1773	-8.066	0.019	6.042
1774	-8.066	0.018	11.169
1777	-8.066	0.019	4.926
1783	-8.066	0.019	4.878
1784	-8.066	0.019	9.778
1787	-8.066	0.019	8.802
1788	-8.066	0.019	8.020
1789	-8.066	0.019	9.780
1791	-8.066	0.019	7.126
1792	-8.066	0.019	6.025
1796	-8.066	0.019	7.278
1799	-8.066	0.019	7.288
1809	-8.066	0.019	8.080
1810	-8.066	0.019	8.460
1813	-8.066	0.019	4.254
1814	-8.066	0.019	4.992
1817	-8.066	0.019	4.922
1822	-8.066	0.019	4.923
1823	-8.066	0.019	4.921
1824	-8.066	0.018	5.104
1829	-8.066	0.019	5.118
1835	-8.066	0.019	17.493
1836	-8.066	0.019	17.476
1770	-8.066	0.019	17.462
1866	-8.065	0.026	14.379
1862	-8.065	0.021	9.691
1861	-8.065	0.019	9.050
1867	-8.065	0.019	1.781
1837	-8.062	0.079	1.784
1878	-8.048	0.053	1.219
1840	-8.047	0.053	0.012
1855	-8.047	0.053	0.017
1856	-8.047	0.053	3.574
1875	-8.047	0.053	0.026
1775	-7.997	0.037	2.205
1790	-7.997	0.037	2.210
1819	-7.997	0.037	2.208
1830	-7.997	0.037	2.222
1752	-7.992	0.038	3.069
1753	-7.992	0.038	2.397
1754	-7.992	0.038	1.938
1755	-7.992	0.038	4.032
1756	-7.992	0.038	7.767
1757	-7.992	0.038	7.762
1758	-7.992	0.038	2.224
1759	-7.992	0.038	7.763
1760	-7.992	0.038	7.787
1793	-7.300	1.872	8.345
1805	-7.300	1.874	8.248
1807	-7.300	1.871	9.529
1820	-7.300	1.873	8.769
1794	-7.300	1.888	8.769
1821	-7.300	1.879	7.388
1868	-6.912	3.458	9.320
1869	-6.912	3.458	8.257
1870	-6.912	3.458	8.113
1872	-6.912	3.458	6.565
1873	-6.912	3.458	6.158
1876	-6.912	3.458	6.584
1877	-6.912	3.458	6.583
1879	-6.912	3.458	6.583
