686	-12.143	0.000	0.785
687	-12.143	0.000	0.785
688	-12.143	0.000	0.785
691	-12.143	0.000	0.785
692	-12.143	0.000	0.785
693	-12.143	0.000	0.785
711	-12.143	0.000	0.785
914	-12.143	0.000	0.785
921	-12.143	0.000	0.785
923	-12.143	0.000	0.785
103	-12.140	0.001	0.785
651	-12.140	3.971	0.785
565	-12.139	0.001	0.785
567	-12.139	0.001	0.785
568	-12.139	0.001	0.785
569	-12.139	0.001	15.940
570	-12.139	0.001	15.934
573	-12.139	0.001	16.470
575	-12.139	0.001	16.471
579	-12.139	0.001	16.470
588	-12.139	0.001	16.470
591	-12.139	0.001	17.258
593	-12.139	0.001	0.000
594	-12.139	0.001	5.599
599	-12.139	0.001	5.605
600	-12.139	0.001	5.604
603	-12.139	0.001	5.605
604	-12.139	0.001	5.605
611	-12.139	0.001	5.605
612	-12.139	0.001	5.605
616	-12.139	0.001	5.605
618	-12.139	0.001	5.605
620	-12.139	0.001	5.605
621	-12.139	0.001	5.605
626	-12.139	0.001	5.605
630	-12.139	0.001	5.605
632	-12.139	0.001	5.605
635	-12.139	0.001	5.605
636	-12.139	0.001	5.605
638	-12.139	0.001	5.605
642	-12.139	0.001	5.605
647	-12.139	0.001	5.605
648	-12.139	0.001	5.605
655	-12.139	0.001	5.605
657	-12.139	0.001	11.795
658	-12.139	0.001	11.792
660	-12.139	0.001	11.794
664	-12.139	0.001	5.262
665	-12.139	0.001	5.258
668	-12.139	0.001	5.258
713	-12.139	3.970	5.258
1362	-12.139	3.971	5.258
1365	-12.139	3.970	5.258
1127	-12.138	3.971	5.258
1130	-12.138	3.971	5.258
1132	-12.138	3.971	5.258
1133	-12.138	3.971	5.258
1138	-12.138	3.971	5.258
1314	-12.138	3.971	5.258
1318	-12.138	3.971	5.258
1324	-12.138	3.971	6.021
1333	-12.138	3.971	6.018
1340	-12.138	3.971	6.026
670	-12.138	3.971	6.025
1092	-12.138	3.971	16.424
768	-12.135	3.971	16.424
1053	-12.135	3.971	16.424
1004	-12.134	3.971	16.424
728	-12.134	3.971	16.427
749	-12.134	3.971	16.430
760	-12.134	3.971	16.430
1069	-12.134	3.971	16.430
1083	-12.134	3.971	16.461
721	-12.133	3.971	6.600
744	-12.133	3.971	6.600
745	-12.133	3.971	16.452
1330	-12.132	0.019	16.453
674	-12.132	0.002	11.704
1041	-12.132	3.971	11.705
892	-12.132	3.971	7.788
557	-12.131	0.020	7.788
863	-12.130	0.002	7.788
743	-12.130	0.002	7.788
757	-12.130	0.002	7.788
777	-12.130	0.002	7.788
791	-12.130	0.002	7.788
803	-12.130	0.003	7.788
813	-12.130	0.002	7.788
819	-12.130	0.002	7.788
821	-12.130	0.002	7.788
824	-12.130	0.002	7.788
825	-12.130	0.002	7.788
826	-12.130	0.002	7.788
842	-12.130	0.002	7.788
846	-12.130	0.002	7.788
911	-12.130	0.002	3.987
942	-12.130	0.002	15.840
943	-12.130	0.002	9.710
944	-12.130	0.002	9.710
954	-12.130	0.002	9.710
1073	-12.130	0.002	9.710
1063	-12.129	0.002	9.710
854	-12.129	0.002	9.710
885	-12.129	0.002	9.710
895	-12.129	0.002	9.710
899	-12.129	0.002	9.277
975	-12.129	0.002	9.276
985	-12.129	0.002	9.278
988	-12.129	0.002	9.278
993	-12.129	0.002	8.077
995	-12.129	0.002	8.077
1007	-12.129	0.002	8.078
1012	-12.129	0.002	8.078
1017	-12.129	0.002	8.077
1021	-12.129	0.002	8.078
1031	-12.129	0.002	8.078
461	-12.127	0.018	8.078
1144	-12.127	3.972	8.078
1149	-12.127	3.972	8.078
1153	-12.127	3.972	9.514
1154	-12.127	3.972	9.514
1157	-12.127	3.972	9.514
1164	-12.127	3.972	9.514
1167	-12.127	3.972	8.061
1168	-12.127	3.972	8.061
1180	-12.127	3.972	9.509
1197	-12.127	3.972	9.511
1201	-12.127	3.972	9.511
1202	-12.127	3.972	9.511
1203	-12.127	3.972	9.511
1204	-12.127	3.972	9.511
1211	-12.127	3.972	9.511
1225	-12.127	3.972	9.511
1232	-12.127	3.972	9.511
1235	-12.127	3.972	9.511
1238	-12.127	3.972	9.304
1255	-12.127	3.972	9.240
1258	-12.127	3.972	8.078
1263	-12.127	3.972	8.078
1265	-12.127	3.972	8.079
1270	-12.127	3.972	8.078
1271	-12.127	3.972	8.799
1273	-12.127	3.972	8.799
1281	-12.127	3.972	8.798
1285	-12.127	3.972	8.798
1292	-12.127	3.972	8.798
1298	-12.127	3.972	9.149
1300	-12.127	3.972	9.149
1304	-12.127	3.972	9.150
265	-12.106	0.002	11.017
233	-12.105	0.002	11.018
341	-12.105	0.002	8.559
462	-12.105	0.002	1.349
1091	-12.098	0.003	1.349
1103	-12.098	0.003	1.349
1104	-12.098	0.003	1.349
1106	-12.098	0.002	1.349
1107	-12.098	0.002	1.349
1054	-12.095	0.003	1.349
1072	-12.095	0.003	15.963
1035	-12.095	0.003	15.963
217	-12.064	3.972	15.963
295	-12.063	3.972	15.963
571	-12.063	3.972	15.963
586	-12.063	3.972	15.963
587	-12.063	3.972	15.963
597	-12.063	3.972	15.963
606	-12.063	3.972	15.963
608	-12.063	3.972	15.963
614	-12.063	3.972	15.963
624	-12.063	3.972	15.963
629	-12.063	3.972	15.963
640	-12.063	3.972	15.963
662	-12.063	3.972	15.963
667	-12.063	3.972	15.963
685	-12.062	3.972	15.963
695	-12.062	3.972	15.963
696	-12.062	3.972	15.963
697	-12.062	3.972	15.963
707	-12.062	3.972	15.963
918	-12.062	3.972	1.355
919	-12.062	3.972	1.360
927	-12.062	3.972	1.233
1367	-12.062	3.972	1.233
1095	-12.061	3.973	1.233
1105	-12.061	3.973	1.233
1120	-12.061	3.973	1.397
684	-12.060	3.973	16.306
804	-12.057	3.973	18.074
808	-12.057	3.973	18.076
809	-12.057	3.973	18.076
810	-12.057	3.973	18.076
717	-12.056	3.973	18.076
724	-12.056	3.973	18.076
726	-12.056	3.973	18.076
737	-12.056	3.973	18.076
775	-12.056	3.973	18.076
779	-12.056	3.973	18.076
795	-12.056	3.973	18.076
815	-12.056	3.973	18.076
817	-12.056	3.973	18.077
823	-12.056	3.973	18.077
828	-12.056	3.973	18.077
831	-12.056	3.973	18.077
832	-12.056	3.973	18.077
836	-12.056	3.973	18.077
839	-12.056	3.973	18.077
844	-12.056	3.973	18.077
848	-12.056	3.973	18.077
874	-12.056	3.973	21.294
906	-12.056	3.973	21.295
907	-12.056	3.973	21.297
909	-12.056	3.973	17.802
910	-12.056	3.973	17.800
946	-12.056	3.973	17.800
950	-12.056	3.973	17.800
956	-12.056	3.973	17.800
852	-12.055	3.973	17.800
887	-12.055	3.973	17.800
890	-12.055	3.973	17.800
902	-12.055	3.973	17.800
968	-12.055	3.973	17.800
969	-12.055	3.973	17.800
991	-12.055	3.973	17.800
994	-12.055	3.973	17.800
996	-12.055	3.973	18.455
1000	-12.055	3.973	18.452
1003	-12.055	3.973	18.459
1005	-12.055	3.973	18.458
1016	-12.055	3.973	32.375
1023	-12.055	3.973	32.375
1082	-12.055	3.973	32.375
859	-12.054	3.974	32.375
861	-12.054	3.974	32.379
869	-12.054	3.974	32.383
675	-12.028	0.003	32.383
679	-12.028	0.003	32.383
683	-12.028	0.003	32.417
719	-12.026	0.004	18.848
720	-12.026	0.004	18.848
758	-12.026	0.004	32.406
782	-12.026	0.004	32.407
812	-12.026	0.004	21.956
814	-12.026	0.004	21.958
840	-12.026	0.004	19.460
1121	-12.009	3.974	19.460
1100	-11.992	0.004	19.460
1118	-11.992	0.004	19.460
1122	-11.992	0.004	19.460
1123	-11.992	0.004	19.460
1526	-11.990	0.004	19.460
716	-11.989	0.004	19.460
718	-11.989	0.004	19.460
734	-11.989	0.004	19.460
871	-11.989	0.004	19.460
905	-11.989	0.004	19.460
935	-11.989	0.004	19.460
945	-11.989	0.004	19.460
961	-11.989	0.004	19.460
1067	-11.989	0.004	19.460
1085	-11.989	0.004	15.281
1423	-11.989	0.004	31.541
1463	-11.989	0.004	12.826
1328	-11.814	3.703	13.292
1188	-11.804	3.703	12.141
1220	-11.804	3.703	12.141
1228	-11.804	3.703	12.141
1249	-11.804	3.703	12.141
592	-11.752	3.701	12.142
652	-11.752	3.701	12.142
661	-11.752	3.701	12.142
712	-11.751	3.701	12.143
925	-11.751	3.701	12.143
1109	-11.748	3.701	12.142
799	-11.745	3.701	12.143
1058	-11.745	3.701	12.142
1059	-11.745	3.701	12.778
1060	-11.745	3.701	12.796
741	-11.744	3.701	13.300
747	-11.744	3.701	13.300
773	-11.744	3.701	13.299
837	-11.744	3.701	13.300
843	-11.744	3.701	17.608
880	-11.744	3.701	17.608
881	-11.744	3.701	17.608
889	-11.744	3.701	17.608
897	-11.744	3.701	17.608
948	-11.744	3.701	14.376
999	-11.744	3.701	14.375
1008	-11.744	3.701	14.376
1010	-11.744	3.701	17.610
1018	-11.744	3.701	15.875
1019	-11.744	3.701	15.873
1348	-11.311	0.723	0.055
190	-11.310	0.724	0.055
904	-11.305	0.724	9.153
965	-11.305	0.724	9.149
1020	-11.305	0.724	9.150
495	-10.855	3.129	5.765
503	-10.854	3.129	7.655
623	-10.854	3.129	7.655
644	-10.854	3.129	7.655
649	-10.854	3.129	7.655
1114	-10.853	3.129	5.749
1115	-10.853	3.129	5.749
1306	-10.845	3.129	7.651
827	-10.843	3.129	7.653
807	-10.842	3.129	7.653
833	-10.842	3.129	7.653
574	-10.799	3.128	5.888
598	-10.799	3.128	6.045
625	-10.799	3.128	6.045
634	-10.799	3.128	6.045
643	-10.799	3.128	5.889
654	-10.799	3.128	7.177
576	-10.799	3.128	7.172
584	-10.799	3.128	8.499
627	-10.799	3.128	8.501
628	-10.799	3.128	6.409
639	-10.799	3.128	17.723
1098	-10.797	3.128	17.723
1099	-10.797	3.128	17.723
1111	-10.797	3.128	17.723
682	-10.796	3.128	17.723
673	-10.795	3.128	17.723
690	-10.792	3.128	6.109
705	-10.792	3.128	6.109
915	-10.792	3.128	6.109
917	-10.792	3.128	6.109
920	-10.792	3.128	6.109
924	-10.792	3.128	6.109
928	-10.792	3.128	6.109
929	-10.792	3.128	6.109
800	-10.787	3.128	6.109
802	-10.787	3.128	6.109
805	-10.787	3.128	6.109
1039	-10.787	3.128	6.109
1042	-10.787	3.128	6.109
1045	-10.787	3.128	6.109
1048	-10.787	3.128	6.109
1049	-10.787	3.128	6.109
1051	-10.787	3.128	6.109
1065	-10.787	3.128	6.109
730	-10.786	3.128	6.109
731	-10.786	3.128	6.109
732	-10.786	3.128	6.109
736	-10.786	3.128	6.109
738	-10.786	3.128	17.717
740	-10.786	3.128	17.710
742	-10.786	3.128	18.140
755	-10.786	3.128	18.141
763	-10.786	3.128	18.140
778	-10.786	3.128	18.140
785	-10.786	3.128	19.085
788	-10.786	3.128	5.605
793	-10.786	3.128	0.019
794	-10.786	3.128	0.001
818	-10.786	3.128	0.002
845	-10.786	3.128	0.001
847	-10.786	3.128	0.002
872	-10.786	3.128	0.001
875	-10.786	3.128	0.001
884	-10.786	3.128	0.002
886	-10.786	3.128	0.001
949	-10.786	3.128	0.001
953	-10.786	3.128	0.001
958	-10.786	3.128	0.001
959	-10.786	3.128	0.001
960	-10.786	3.128	0.001
962	-10.786	3.128	0.001
1068	-10.786	3.128	0.001
1076	-10.786	3.128	0.001
1079	-10.786	3.128	0.001
858	-10.786	3.128	0.001
868	-10.786	3.128	0.001
870	-10.786	3.128	0.006
877	-10.786	3.128	9.154
896	-10.786	3.128	9.150
966	-10.786	3.128	9.151
976	-10.786	3.128	2.009
982	-10.786	3.128	2.008
987	-10.786	3.128	2.008
989	-10.786	3.128	2.008
1002	-10.786	3.128	2.008
1006	-10.786	3.128	2.008
1014	-10.786	3.128	2.008
1025	-10.786	3.128	2.008
1026	-10.786	3.128	2.008
1027	-10.786	3.128	2.008
1034	-10.786	3.128	2.008
1125	-10.776	3.127	2.008
1369	-10.769	3.127	2.008
1066	-10.766	3.127	1.554
1087	-10.729	3.128	1.553
663	-10.727	1.056	1.551
698	-10.704	1.270	17.347
552	-10.610	1.957	5.887
171	-10.558	1.855	5.887
183	-10.558	1.855	5.887
209	-10.558	1.855	6.041
1101	-10.556	1.855	6.041
1102	-10.556	1.855	6.041
1080	-10.553	1.854	5.888
934	-10.541	1.853	7.180
714	-10.541	1.853	7.176
1093	-10.540	1.854	8.502
898	-10.537	1.853	8.504
762	-10.537	1.853	6.410
937	-10.537	1.853	17.723
1075	-10.537	1.853	17.723
1078	-10.537	1.853	17.723
882	-10.537	1.853	17.723
893	-10.537	1.853	17.723
901	-10.537	1.853	17.723
1029	-10.537	1.853	17.723
704	-10.537	1.952	6.109
582	-10.533	1.952	6.109
617	-10.533	1.952	6.109
653	-10.533	1.952	6.109
1046	-10.523	1.951	6.109
1057	-10.522	1.951	6.109
766	-10.519	1.951	6.109
776	-10.519	1.951	6.109
790	-10.519	1.951	6.109
1064	-10.518	1.950	6.109
977	-10.518	1.951	6.109
1119	-10.517	1.950	6.109
669	-10.490	1.856	6.109
733	-10.487	1.855	6.109
850	-10.487	1.855	6.109
876	-10.487	1.855	6.109
676	-10.390	1.947	17.717
796	-10.387	1.947	17.710
1036	-10.380	1.945	18.140
153	-9.844	1.836	2.557
637	-9.816	3.592	2.557
774	-9.797	3.591	6.971
792	-9.797	3.591	6.973
883	-9.797	3.591	6.973
860	-9.796	3.591	5.764
1117	-9.788	3.590	5.764
1364	-9.652	2.708	5.765
694	-9.652	2.709	5.765
699	-9.652	2.709	5.765
701	-9.652	2.709	5.764
926	-9.652	2.709	7.656
610	-9.652	2.713	7.656
580	-9.652	2.713	7.656
585	-9.652	2.713	7.656
590	-9.652	2.713	5.748
596	-9.652	2.713	5.749
601	-9.652	2.713	7.652
607	-9.652	2.712	7.654
613	-9.652	2.713	7.654
650	-9.652	2.713	7.654
756	-9.651	2.712	7.654
678	-9.651	2.713	7.654
1113	-9.650	2.713	7.654
681	-9.650	2.714	7.654
672	-9.649	2.713	7.654
811	-9.648	2.710	7.654
746	-9.647	2.710	7.003
983	-9.647	2.710	6.942
1071	-9.647	2.710	5.760
722	-9.647	2.710	5.759
748	-9.647	2.710	5.760
771	-9.647	2.710	5.760
780	-9.647	2.710	5.888
822	-9.647	2.710	5.888
900	-9.647	2.710	5.887
940	-9.647	2.710	5.887
951	-9.647	2.710	5.887
984	-9.647	2.710	6.041
1030	-9.647	2.710	6.041
1086	-9.647	2.710	6.041
769	-9.647	2.710	5.888
789	-9.647	2.710	7.180
829	-9.647	2.710	7.175
835	-9.647	2.710	8.502
849	-9.647	2.710	8.504
857	-9.647	2.710	6.410
864	-9.647	2.710	17.723
878	-9.647	2.710	17.723
972	-9.647	2.710	17.723
973	-9.647	2.710	17.723
974	-9.647	2.710	17.723
978	-9.647	2.710	17.723
981	-9.647	2.710	17.723
1013	-9.647	2.710	6.109
1442	-9.627	2.708	6.109
1116	-9.612	2.873	6.109
548	-9.601	2.874	6.109
578	-9.600	2.874	6.109
581	-9.600	2.874	6.109
680	-9.598	2.874	6.109
1089	-9.598	2.874	6.109
708	-9.596	2.873	6.109
912	-9.596	2.873	6.109
932	-9.596	2.873	6.109
1044	-9.593	2.874	6.109
873	-9.592	2.874	6.109
879	-9.592	2.874	6.109
938	-9.592	2.874	6.109
967	-9.592	2.874	6.109
970	-9.592	2.874	6.109
1032	-9.592	2.874	6.109
1024	-9.576	2.569	6.109
1108	-9.527	2.277	18.140
589	-9.524	2.279	19.085
706	-9.524	2.279	5.605
1090	-9.521	2.278	0.019
1110	-9.521	2.278	0.001
725	-9.518	2.278	0.002
955	-9.518	2.278	0.001
700	-9.505	2.455	0.002
710	-9.505	2.455	0.001
602	-9.504	2.455	0.001
609	-9.504	2.455	0.002
619	-9.504	2.455	0.001
622	-9.504	2.455	0.001
656	-9.504	2.455	0.001
1096	-9.501	2.455	0.001
1055	-9.500	2.454	0.001
729	-9.498	2.455	0.001
765	-9.498	2.455	0.001
820	-9.498	2.455	0.001
1081	-9.498	2.455	0.001
891	-9.420	2.692	2.009
964	-9.420	2.692	2.009
752	-9.402	2.695	2.008
908	-9.402	2.695	1.554
939	-9.402	2.695	1.553
980	-9.402	2.695	1.551
986	-9.402	2.695	1.551
1001	-9.402	2.695	17.347
702	-9.400	2.695	17.347
671	-8.841	2.062	7.655
1480	-8.838	2.061	7.003
715	-8.838	2.061	6.942
855	-8.838	2.061	5.760
1097	-8.780	2.078	5.760
566	-8.747	2.088	5.887
572	-8.747	2.088	6.041
577	-8.747	2.088	6.041
595	-8.747	2.088	6.041
615	-8.747	2.088	5.888
646	-8.747	2.088	7.180
703	-8.746	2.087	7.175
862	-8.745	2.081	8.502
1094	-8.744	2.082	6.410
764	-8.741	2.081	17.722
853	-8.741	2.081	17.722
997	-8.741	2.081	17.722
1011	-8.741	2.081	17.722
1038	-8.738	2.082	17.722
1040	-8.738	2.082	17.722
1047	-8.738	2.082	6.107
1062	-8.738	2.082	6.107
735	-8.637	3.401	6.107
459	-8.608	2.031	6.107
633	-8.552	1.830	6.107
677	-8.212	3.827	2.007
