1619	-25.380	0.000	0.000
1701	-22.748	0.205	5.308
1676	-22.732	0.207	5.308
1679	-22.731	0.207	5.308
1646	-22.729	0.207	5.308
1660	-22.729	0.207	5.308
1665	-22.728	0.208	11.513
1623	-22.725	0.207	11.510
1624	-22.725	0.207	11.512
1626	-22.027	1.821	4.924
1678	-20.795	1.363	4.920
1607	-20.584	1.856	4.920
1711	-20.502	1.364	4.920
1657	-20.493	1.364	4.920
1692	-20.421	1.362	4.920
1601	-20.396	1.369	4.920
1666	-20.368	1.765	4.920
1677	-20.279	1.764	4.920
1703	-19.909	1.761	4.920
1584	-16.606	3.525	4.920
1654	-16.555	3.525	4.920
1720	-16.552	3.525	4.920
1651	-16.450	3.572	5.701
1604	-15.591	2.197	5.698
1591	-15.590	2.197	5.706
1706	-15.521	1.425	5.705
1696	-15.516	1.425	16.589
1609	-15.508	2.198	16.589
1616	-15.508	2.198	16.589
1640	-15.504	2.198	16.589
1642	-15.504	2.198	16.592
1647	-15.504	2.198	16.594
1659	-15.504	2.198	16.594
1669	-15.502	2.198	16.594
1582	-15.454	1.978	16.625
1587	-15.451	1.978	6.413
1673	-15.399	1.978	6.414
1586	-15.012	3.503	16.616
1681	-14.387	3.596	7.577
1682	-14.387	3.596	7.577
1652	-13.822	3.553	7.577
1585	-13.672	3.884	9.051
1641	-13.636	3.885	9.051
1650	-13.635	3.885	7.852
1702	-13.633	3.886	7.852
1712	-13.632	3.886	7.852
1718	-12.833	1.981	8.893
1710	-12.741	2.021	15.937
1668	-12.329	2.352	0.785
1705	-12.121	2.402	8.800
1694	-12.109	2.401	9.735
1567	-11.936	3.117	12.797
1590	-11.931	3.117	12.796
1629	-11.917	3.104	12.796
1686	-11.630	3.048	15.579
1708	-11.463	1.691	6.110
1649	-11.333	1.690	0.057
1707	-10.990	2.457	7.343
1611	-10.798	2.529	17.723
1691	-10.792	2.524	6.109
1627	-10.709	3.522	1.551
1594	-10.418	3.716	6.109
1578	-10.405	3.716	6.109
1588	-10.400	3.718	6.110
1599	-10.284	3.661	18.140
1695	-10.266	3.664	18.140
1613	-10.263	3.667	18.140
1688	-10.253	3.659	19.085
1639	-10.252	3.659	5.605
1687	-10.162	3.725	0.019
1603	-9.164	3.216	17.369
1683	-7.381	3.910	0.001
1698	-7.380	3.913	9.150
1656	-7.344	3.902	17.368
1655	-7.326	3.677	8.754
1684	-7.218	3.927	6.942
1713	-7.194	3.918	5.760
1719	-7.162	3.706	5.760
1664	-7.153	3.854	5.761
