1589	-12.109	0.000	9.731
1661	-12.073	0.016	15.963
1680	-12.070	0.016	15.963
1621	-11.878	0.165	13.292
1583	-11.447	0.249	6.110
1592	-11.444	0.249	6.110
1571	-11.441	0.249	6.110
1579	-11.441	0.249	6.110
1561	-11.440	0.249	6.110
1566	-11.440	0.249	17.716
1557	-11.439	0.249	17.709
1595	-11.439	0.249	18.137
1610	-11.435	0.250	18.137
1617	-11.435	0.250	18.137
1644	-11.434	0.250	18.137
1697	-11.430	0.249	19.085
1709	-11.430	0.249	5.606
1662	-11.429	0.251	0.072
1631	-11.427	0.251	0.055
1671	-11.329	1.147	0.055
1562	-11.319	1.144	0.053
1564	-11.319	1.144	0.055
1565	-11.319	1.144	0.055
1572	-11.319	1.144	0.053
1556	-11.318	1.144	0.054
1605	-11.314	0.250	0.054
1559	-11.311	0.251	0.055
1560	-11.311	0.251	0.055
1563	-11.311	0.251	0.055
1575	-11.311	0.251	0.055
1576	-11.311	0.251	0.055
1554	-11.310	0.250	0.055
1555	-11.310	0.250	0.055
1593	-11.310	0.250	0.055
1612	-11.306	0.250	0.049
1628	-11.298	0.252	2.011
1606	-11.257	0.321	2.010
1580	-11.255	0.322	1.556
1598	-11.255	0.322	1.555
1615	-11.249	0.322	1.553
1645	-11.249	0.322	1.553
1569	-11.248	0.324	17.347
1573	-11.247	0.325	17.347
1574	-11.247	0.325	17.346
1632	-11.242	0.323	17.346
1633	-11.242	0.323	17.347
1622	-11.240	0.324	17.347
1685	-11.202	0.334	17.368
1596	-11.178	0.246	17.368
1597	-11.178	0.246	8.757
1635	-11.176	0.343	8.758
1636	-11.176	0.343	2.564
1674	-11.171	0.245	2.564
1637	-11.165	0.248	2.564
1689	-11.163	0.246	2.564
1600	-11.126	0.323	2.564
1614	-11.120	0.323	2.564
1675	-11.119	0.322	2.564
1672	-11.108	0.325	2.564
1658	-11.093	0.272	2.564
1620	-11.022	0.285	3.458
1715	-11.010	0.366	17.044
1625	-10.981	0.295	7.343
1693	-10.956	0.266	7.343
1699	-10.942	0.329	7.343
1568	-10.932	1.157	7.343
1570	-10.932	1.157	7.343
1714	-10.914	0.292	7.343
1716	-10.914	0.292	7.343
1717	-10.881	0.370	6.971
1670	-10.817	3.449	7.653
1608	-10.817	3.450	7.653
1690	-10.812	3.448	7.653
1602	-10.480	3.453	6.109
1618	-10.477	3.452	6.109
1577	-10.476	3.452	6.109
1581	-10.476	3.452	6.109
1634	-10.470	3.452	6.109
1700	-9.991	3.448	0.001
1663	-9.947	3.447	0.003
1653	-9.115	3.468	2.557
1558	-8.988	3.684	2.557
1667	-7.990	3.054	2.558
1638	-6.824	2.161	0.002
1643	-6.689	2.095	0.001
1648	-6.689	2.095	0.001
1630	-6.641	2.192	0.001
1704	-6.065	3.256	2.009
