510	-10.971	0.000	21.594
514	-10.971	0.000	21.594
518	-10.971	0.001	17.556
522	-10.971	0.000	17.555
526	-10.971	0.001	17.555
547	-10.971	0.001	17.555
622	-10.971	0.000	0.000
1288	-10.971	0.000	17.555
1289	-10.971	0.001	17.555
1316	-10.971	0.000	17.555
1324	-10.971	0.000	17.555
1325	-10.971	0.000	17.555
1332	-10.971	0.001	17.555
657	-10.970	0.001	17.555
1622	-10.970	0.001	17.555
1636	-10.970	0.001	17.415
1675	-10.970	0.001	17.415
1676	-10.970	0.001	17.414
1709	-10.970	0.004	17.414
1590	-10.967	0.071	0.014
41	-10.960	0.009	0.014
288	-10.960	0.009	0.014
40	-10.960	0.001	0.014
247	-10.960	0.001	0.000
312	-10.960	0.002	0.010
353	-10.960	0.003	0.009
363	-10.960	0.005	0.010
375	-10.960	0.002	0.047
376	-10.960	0.003	17.504
451	-10.960	0.002	17.504
475	-10.960	0.002	0.030
26	-10.960	0.003	0.032
392	-10.960	0.006	20.775
2	-10.960	0.002	20.775
3	-10.960	0.002	17.827
6	-10.960	0.002	17.827
7	-10.960	0.001	17.827
11	-10.960	0.001	17.827
15	-10.960	0.002	17.827
16	-10.960	0.001	17.827
17	-10.960	0.002	0.000
18	-10.960	0.002	17.827
21	-10.960	0.002	17.827
24	-10.960	0.001	17.827
25	-10.960	0.002	17.827
27	-10.960	0.002	17.827
31	-10.960	0.002	17.827
33	-10.960	0.002	17.827
35	-10.960	0.002	17.827
36	-10.960	0.001	17.827
37	-10.960	0.002	18.894
42	-10.960	0.002	1.879
50	-10.960	0.002	24.234
51	-10.960	0.002	24.234
55	-10.960	0.002	24.234
56	-10.960	0.001	24.234
57	-10.960	0.001	24.234
63	-10.960	0.002	24.234
66	-10.960	0.002	24.234
67	-10.960	0.002	24.234
69	-10.960	0.002	23.957
72	-10.960	0.002	23.956
73	-10.960	0.002	23.957
74	-10.960	0.002	23.958
75	-10.960	0.002	22.799
78	-10.960	0.002	22.799
82	-10.960	0.002	22.800
92	-10.960	0.002	22.799
94	-10.960	0.001	22.799
95	-10.960	0.002	22.799
96	-10.960	0.002	22.800
97	-10.960	0.002	22.800
105	-10.960	0.002	22.800
106	-10.960	0.002	22.800
109	-10.960	0.001	-0.960
114	-10.960	0.002	24.662
115	-10.960	0.002	24.662
124	-10.960	0.002	24.662
127	-10.960	0.002	22.784
131	-10.960	0.001	22.784
137	-10.960	0.001	24.658
138	-10.960	0.002	24.660
145	-10.960	0.002	24.660
148	-10.960	0.002	24.660
150	-10.960	0.002	24.660
151	-10.960	0.002	24.660
152	-10.960	0.002	24.660
153	-10.960	0.002	24.660
154	-10.960	0.002	24.660
167	-10.960	0.001	24.660
169	-10.960	0.002	23.992
171	-10.960	0.001	23.935
172	-10.960	0.002	22.800
173	-10.960	0.002	22.800
174	-10.960	0.002	22.801
178	-10.960	0.002	22.801
179	-10.960	0.001	21.281
181	-10.960	0.002	21.281
182	-10.960	0.002	21.280
189	-10.960	0.002	21.280
194	-10.960	0.002	21.280
199	-10.960	0.001	22.892
201	-10.960	0.002	22.892
204	-10.960	0.002	22.892
205	-10.960	0.002	21.281
206	-10.960	0.005	23.413
207	-10.960	0.002	23.410
212	-10.960	0.002	24.853
213	-10.960	0.002	-0.960
216	-10.960	0.002	23.369
218	-10.960	0.002	31.941
223	-10.960	0.002	31.941
225	-10.960	0.002	31.941
226	-10.960	0.002	31.941
227	-10.960	0.002	31.941
228	-10.960	0.003	31.941
230	-10.960	0.002	31.941
237	-10.960	0.002	16.621
238	-10.960	0.001	16.621
240	-10.960	0.002	16.621
241	-10.960	0.002	16.621
245	-10.960	0.002	16.621
250	-10.960	0.002	16.621
253	-10.960	0.001	16.621
259	-10.960	0.002	16.621
263	-10.960	0.002	16.621
264	-10.960	0.002	16.621
266	-10.960	0.002	16.621
268	-10.960	0.001	16.621
270	-10.960	0.002	16.621
273	-10.960	0.002	16.621
277	-10.960	0.002	16.621
278	-10.960	0.001	16.621
279	-10.960	0.002	16.621
280	-10.960	0.002	16.621
281	-10.960	0.002	16.621
282	-10.960	0.002	16.621
283	-10.960	0.001	16.621
285	-10.960	0.002	16.621
287	-10.960	0.002	16.621
289	-10.960	0.002	16.621
290	-10.960	0.002	31.946
293	-10.960	0.002	0.000
294	-10.960	0.002	32.576
296	-10.960	0.002	32.577
301	-10.960	0.002	32.576
302	-10.960	0.002	32.577
304	-10.960	0.002	33.305
306	-10.960	0.002	16.427
307	-10.960	0.002	17.347
308	-10.960	0.002	17.347
309	-10.960	0.002	17.347
310	-10.960	0.002	17.347
311	-10.960	0.002	17.347
313	-10.960	0.002	17.347
314	-10.960	0.002	17.347
316	-10.960	0.002	17.347
320	-10.960	0.002	17.347
321	-10.960	0.002	17.347
325	-10.960	0.002	17.347
328	-10.960	0.002	17.347
329	-10.960	0.001	17.347
341	-10.960	0.002	17.347
342	-10.960	0.002	17.347
346	-10.960	0.001	17.347
347	-10.960	0.001	17.347
349	-10.960	0.002	17.347
350	-10.960	0.002	17.347
352	-10.960	0.002	17.347
355	-10.960	0.002	17.346
356	-10.960	0.002	21.600
359	-10.960	0.001	21.595
362	-10.960	0.002	21.595
364	-10.960	0.002	17.556
365	-10.960	0.001	17.555
366	-10.960	0.002	17.555
367	-10.960	0.002	17.555
369	-10.960	0.002	0.000
374	-10.960	0.002	17.555
377	-10.960	0.002	17.555
378	-10.960	0.002	17.555
379	-10.960	0.002	17.555
380	-10.960	0.001	17.555
382	-10.960	0.002	17.555
383	-10.960	0.001	17.555
388	-10.960	0.002	17.555
389	-10.960	0.001	17.415
391	-10.960	0.002	17.415
393	-10.960	0.002	17.414
394	-10.960	0.001	17.414
397	-10.960	0.002	0.013
398	-10.960	0.001	0.013
399	-10.960	0.002	0.014
400	-10.960	0.001	0.014
401	-10.960	0.002	0.001
403	-10.960	0.002	0.010
404	-10.960	0.002	0.010
405	-10.960	0.001	0.010
406	-10.960	0.002	0.047
408	-10.960	0.002	17.504
409	-10.960	0.002	17.504
410	-10.960	0.002	0.031
414	-10.960	0.001	0.032
415	-10.960	0.002	20.776
418	-10.960	0.002	20.776
423	-10.960	0.001	17.827
425	-10.960	0.002	17.827
426	-10.960	0.002	17.827
429	-10.960	0.002	17.827
430	-10.960	0.002	17.827
433	-10.960	0.002	17.827
434	-10.960	0.002	0.000
435	-10.960	0.002	17.827
438	-10.960	0.002	17.827
441	-10.960	0.002	17.827
443	-10.960	0.002	17.827
449	-10.960	0.002	17.827
450	-10.960	0.002	17.827
452	-10.960	0.002	17.827
454	-10.960	0.002	17.827
455	-10.960	0.002	17.827
456	-10.960	0.002	18.894
457	-10.960	0.002	1.879
458	-10.960	0.002	24.234
459	-10.960	0.002	24.234
460	-10.960	0.001	24.234
461	-10.960	0.002	24.234
462	-10.960	0.002	24.234
464	-10.960	0.002	24.234
465	-10.960	0.001	24.234
466	-10.960	0.002	24.234
467	-10.960	0.002	23.957
468	-10.960	0.001	23.956
469	-10.960	0.002	23.957
471	-10.960	0.002	23.958
472	-10.960	0.002	22.799
499	-10.960	0.002	22.799
500	-10.960	0.002	22.800
502	-10.960	0.003	22.799
503	-10.960	0.002	22.799
479	-10.959	0.002	22.799
483	-10.959	0.002	22.800
484	-10.959	0.002	22.800
486	-10.959	0.002	22.800
496	-10.959	0.002	22.800
689	-10.959	0.002	0.000
477	-10.959	0.002	24.662
478	-10.959	0.002	24.662
480	-10.959	0.002	24.662
481	-10.959	0.002	22.784
485	-10.959	0.002	22.784
487	-10.959	0.002	24.658
488	-10.959	0.002	24.660
490	-10.959	0.002	24.660
491	-10.959	0.002	24.660
493	-10.959	0.002	24.660
494	-10.959	0.002	24.660
498	-10.959	0.002	24.660
661	-10.959	0.002	24.660
662	-10.959	0.002	24.660
675	-10.959	0.002	24.660
679	-10.959	0.002	23.992
680	-10.959	0.002	23.935
682	-10.959	0.002	22.800
683	-10.959	0.002	22.800
684	-10.959	0.002	22.801
685	-10.959	0.002	22.801
686	-10.959	0.002	21.281
687	-10.959	0.003	21.281
688	-10.959	0.002	21.280
1552	-10.959	0.002	21.281
1625	-10.959	0.002	21.281
116	-10.952	0.004	22.892
161	-10.952	0.004	22.892
211	-10.952	0.004	22.892
215	-10.952	0.004	21.281
448	-10.952	0.004	23.413
651	-10.952	0.004	23.410
652	-10.952	0.004	24.853
654	-10.952	0.004	0.000
659	-10.952	0.004	23.369
660	-10.952	0.004	31.941
604	-10.951	0.009	31.941
495	-10.951	0.004	31.941
520	-10.951	0.004	31.941
523	-10.951	0.004	31.941
531	-10.951	0.004	31.941
533	-10.951	0.004	31.941
534	-10.951	0.004	16.621
535	-10.951	0.004	16.621
536	-10.951	0.004	16.621
538	-10.951	0.004	16.621
539	-10.951	0.004	16.621
540	-10.951	0.004	16.621
541	-10.951	0.004	16.621
542	-10.951	0.004	16.621
544	-10.951	0.004	16.621
545	-10.951	0.004	16.621
546	-10.951	0.004	16.621
548	-10.951	0.004	16.621
550	-10.951	0.004	16.621
551	-10.951	0.004	16.621
552	-10.951	0.004	16.621
554	-10.951	0.004	16.621
556	-10.951	0.004	16.621
558	-10.951	0.004	16.621
560	-10.951	0.004	16.621
561	-10.951	0.004	16.621
562	-10.951	0.004	16.621
566	-10.951	0.004	16.621
567	-10.951	0.004	16.621
568	-10.951	0.004	16.621
569	-10.951	0.004	31.946
570	-10.951	0.004	0.000
571	-10.951	0.004	32.576
573	-10.951	0.004	32.577
574	-10.951	0.004	32.576
575	-10.951	0.004	32.577
577	-10.951	0.003	33.305
578	-10.951	0.004	16.427
579	-10.951	0.004	17.347
580	-10.951	0.004	17.347
582	-10.951	0.004	17.347
583	-10.951	0.004	17.347
584	-10.951	0.004	17.347
586	-10.951	0.004	17.347
587	-10.951	0.004	17.347
588	-10.951	0.004	17.347
589	-10.951	0.004	17.347
590	-10.951	0.004	17.347
591	-10.951	0.004	17.347
592	-10.951	0.004	17.347
593	-10.951	0.004	17.347
594	-10.951	0.004	17.347
596	-10.951	0.004	17.347
597	-10.951	0.004	17.347
599	-10.951	0.004	17.347
600	-10.951	0.004	17.347
601	-10.951	0.004	17.347
603	-10.951	0.003	17.347
606	-10.951	0.004	17.345
607	-10.951	0.004	21.600
608	-10.951	0.004	21.595
609	-10.951	0.004	21.595
610	-10.951	0.004	17.556
613	-10.951	0.004	17.555
614	-10.951	0.004	17.555
615	-10.951	0.004	17.555
616	-10.951	0.004	17.555
617	-10.951	0.004	17.555
618	-10.951	0.004	17.555
619	-10.951	0.004	17.555
621	-10.951	0.004	17.555
623	-10.951	0.004	17.555
624	-10.951	0.004	17.555
625	-10.951	0.004	17.555
626	-10.951	0.004	17.555
627	-10.951	0.004	17.415
628	-10.951	0.004	17.415
629	-10.951	0.004	17.414
630	-10.951	0.004	17.414
633	-10.951	0.004	0.013
634	-10.951	0.004	0.013
635	-10.951	0.004	0.014
637	-10.951	0.004	0.014
638	-10.951	0.004	0.001
639	-10.951	0.004	0.010
640	-10.951	0.004	0.010
641	-10.951	0.004	0.010
642	-10.951	0.004	0.047
644	-10.951	0.004	17.504
645	-10.951	0.004	17.504
646	-10.951	0.004	0.031
647	-10.951	0.004	0.032
648	-10.951	0.004	20.776
649	-10.951	0.004	20.776
678	-10.951	0.004	17.827
692	-10.951	0.004	17.827
631	-10.951	0.003	17.827
656	-10.951	0.004	17.827
1283	-10.951	0.004	17.827
1741	-10.951	0.017	17.827
1743	-10.951	0.004	0.000
1748	-10.950	0.004	17.827
1760	-10.950	0.002	17.827
1768	-10.950	0.004	17.827
1771	-10.950	0.004	17.827
1775	-10.950	0.010	17.827
1791	-10.950	0.003	17.827
1802	-10.950	0.004	17.827
1807	-10.950	0.004	17.827
1808	-10.950	0.004	17.827
1809	-10.950	0.004	18.894
1811	-10.950	0.004	1.879
1812	-10.950	0.004	24.234
1820	-10.950	0.004	24.234
1827	-10.950	0.004	24.234
1829	-10.950	0.004	24.234
1832	-10.950	0.004	24.234
1836	-10.950	0.004	24.234
1837	-10.950	0.003	24.234
1840	-10.950	0.004	24.234
1845	-10.950	0.004	23.957
1846	-10.950	0.004	23.956
1848	-10.950	0.004	23.957
1849	-10.950	0.005	23.957
1851	-10.950	0.004	22.799
1852	-10.950	0.004	22.799
1853	-10.950	0.004	22.799
1854	-10.950	0.003	22.799
1769	-10.949	0.026	22.799
643	-10.948	0.005	22.799
1842	-10.938	0.157	22.800
1773	-10.924	0.176	22.800
1755	-10.907	0.526	22.800
1735	-10.900	0.686	24.662
1801	-10.899	0.661	24.662
1806	-10.898	0.755	24.662
1776	-10.897	0.832	22.784
1764	-10.894	0.842	22.784
1834	-10.892	0.812	24.658
1838	-10.888	0.803	24.660
1784	-10.881	0.854	24.660
1833	-10.877	0.835	24.660
1302	-10.248	1.597	23.369
1303	-10.248	1.597	31.946
1723	-10.245	1.597	31.946
1724	-10.245	1.597	31.946
4	-10.230	1.596	31.946
5	-10.230	1.596	31.946
8	-10.230	1.596	31.946
9	-10.230	1.596	31.946
10	-10.230	1.596	16.625
22	-10.230	1.596	16.625
23	-10.230	1.596	16.625
29	-10.230	1.596	16.625
43	-10.230	1.596	16.625
47	-10.230	1.596	16.625
52	-10.230	1.596	16.625
53	-10.230	1.596	16.625
54	-10.230	1.596	16.625
59	-10.230	1.596	16.625
60	-10.230	1.596	16.625
70	-10.230	1.596	16.625
71	-10.230	1.596	16.625
76	-10.230	1.596	16.625
86	-10.230	1.596	16.625
89	-10.230	1.596	16.625
100	-10.230	1.596	16.625
101	-10.230	1.596	16.625
102	-10.230	1.596	16.625
104	-10.230	1.596	16.625
108	-10.230	1.596	16.625
110	-10.230	1.596	16.625
112	-10.230	1.596	16.625
117	-10.230	1.596	16.625
118	-10.230	1.596	31.951
121	-10.230	1.596	31.946
122	-10.230	1.596	32.581
123	-10.230	1.596	32.582
128	-10.230	1.596	32.581
130	-10.230	1.596	32.581
142	-10.230	1.596	33.310
149	-10.230	1.596	16.430
157	-10.230	1.596	17.347
158	-10.230	1.596	17.348
159	-10.230	1.596	17.347
168	-10.230	1.596	17.348
170	-10.230	1.596	17.347
175	-10.230	1.596	17.348
176	-10.230	1.596	17.347
180	-10.230	1.596	17.348
184	-10.230	1.596	17.348
185	-10.230	1.596	17.348
190	-10.230	1.596	17.347
192	-10.230	1.596	17.347
193	-10.230	1.596	17.347
210	-10.230	1.596	17.347
217	-10.230	1.596	17.347
220	-10.230	1.596	17.347
221	-10.230	1.596	17.347
224	-10.230	1.596	17.347
242	-10.230	1.596	17.347
243	-10.230	1.596	17.347
244	-10.230	1.596	17.346
246	-10.230	1.596	21.598
248	-10.230	1.596	21.593
249	-10.230	1.596	21.592
251	-10.230	1.596	17.557
254	-10.230	1.596	17.556
255	-10.230	1.596	17.556
257	-10.230	1.596	17.556
269	-10.230	1.596	17.556
271	-10.230	1.596	17.556
275	-10.230	1.596	17.556
323	-10.230	1.596	17.556
327	-10.230	1.596	17.556
334	-10.230	1.596	17.556
337	-10.230	1.596	17.556
345	-10.230	1.596	17.556
372	-10.230	1.596	17.556
384	-10.230	1.596	17.415
387	-10.230	1.596	17.416
424	-10.230	1.596	17.414
470	-10.230	1.596	17.414
473	-10.230	1.596	0.026
474	-10.230	1.596	0.026
497	-10.228	1.596	0.027
665	-10.225	1.596	0.027
666	-10.225	1.596	0.013
667	-10.225	1.596	0.003
668	-10.225	1.596	0.004
669	-10.225	1.596	0.004
670	-10.225	1.596	0.039
672	-10.225	1.596	17.504
673	-10.225	1.596	17.504
677	-10.225	1.596	0.026
681	-10.225	1.596	0.027
691	-10.225	1.596	20.773
693	-10.225	1.596	20.773
333	-10.213	1.596	17.827
402	-10.213	1.596	17.827
407	-10.213	1.596	17.827
453	-10.213	1.596	17.827
1745	-10.212	1.596	17.827
1747	-10.212	1.596	17.827
1749	-10.212	1.596	17.827
1751	-10.212	1.596	17.827
1752	-10.212	1.596	17.827
1756	-10.212	1.596	17.827
1761	-10.212	1.596	17.827
1763	-10.212	1.596	17.827
1766	-10.212	1.596	17.827
1767	-10.212	1.596	17.827
1780	-10.212	1.596	17.827
1781	-10.212	1.596	17.827
1782	-10.212	1.596	18.896
1783	-10.212	1.596	1.889
1785	-10.212	1.596	24.235
1786	-10.212	1.596	24.235
1789	-10.212	1.596	24.236
1790	-10.212	1.596	24.235
1792	-10.212	1.596	24.235
1793	-10.212	1.596	24.235
1798	-10.212	1.596	24.235
1803	-10.212	1.596	24.236
1813	-10.212	1.596	23.959
1815	-10.212	1.596	23.958
1817	-10.212	1.596	23.959
1825	-10.212	1.596	23.959
1826	-10.212	1.596	22.801
1828	-10.212	1.596	22.801
1835	-10.212	1.596	22.801
1841	-10.212	1.596	22.801
1843	-10.212	1.596	22.801
1855	-10.212	1.596	22.801
553	-10.212	1.596	22.802
555	-10.212	1.596	22.802
557	-10.212	1.596	22.802
563	-10.212	1.596	22.801
576	-10.212	1.596	24.663
581	-10.212	1.596	24.663
585	-10.212	1.596	24.663
595	-10.212	1.596	24.663
602	-10.212	1.596	22.785
620	-10.212	1.596	22.785
1805	-10.211	1.584	24.659
1823	-10.211	1.586	24.662
1754	-10.211	1.594	24.662
636	-10.211	1.596	24.661
653	-10.211	1.596	24.662
1737	-10.210	1.596	24.661
1738	-10.210	1.596	24.661
1742	-10.210	1.596	24.662
1831	-10.203	1.625	24.661
476	-10.174	1.853	24.662
543	-10.174	1.852	23.993
1262	-10.174	1.853	23.937
1308	-10.174	1.852	22.802
65	-10.174	1.360	22.802
83	-10.174	1.360	22.803
84	-10.174	1.360	22.802
87	-10.174	1.360	21.281
99	-10.174	1.360	21.281
136	-10.174	1.360	21.280
160	-10.174	1.360	21.280
196	-10.174	1.360	21.280
200	-10.174	1.360	22.893
214	-10.174	1.360	22.893
235	-10.174	1.360	22.893
252	-10.174	1.360	21.281
336	-10.174	1.360	23.413
482	-10.172	1.360	23.410
489	-10.172	1.360	24.853
671	-10.169	1.358	24.855
663	-10.169	1.358	23.370
664	-10.169	1.358	31.945
676	-10.169	1.358	31.945
420	-10.155	1.356	31.945
1744	-10.154	1.356	31.945
1746	-10.154	1.356	31.945
1750	-10.154	1.356	31.945
1753	-10.154	1.356	31.945
1757	-10.154	1.356	16.625
1758	-10.154	1.356	16.625
1759	-10.154	1.356	16.625
1770	-10.154	1.356	16.625
1772	-10.154	1.356	16.625
1774	-10.154	1.356	16.625
1778	-10.154	1.356	16.625
1779	-10.154	1.356	16.625
1787	-10.154	1.356	16.625
1788	-10.154	1.356	16.625
1794	-10.154	1.356	16.625
1795	-10.154	1.356	16.625
1796	-10.154	1.356	16.625
1797	-10.154	1.356	16.625
1799	-10.154	1.356	16.625
1800	-10.154	1.356	16.625
1804	-10.154	1.356	16.625
1810	-10.154	1.356	16.625
1814	-10.154	1.356	16.625
1816	-10.154	1.356	16.625
1818	-10.154	1.357	16.625
1819	-10.154	1.356	16.625
1821	-10.154	1.356	16.625
1822	-10.154	1.356	16.625
1824	-10.154	1.356	31.951
1830	-10.154	1.356	31.946
1839	-10.154	1.356	32.581
1844	-10.154	1.356	32.582
1847	-10.154	1.356	32.581
1850	-10.154	1.356	32.581
559	-10.154	1.356	33.310
564	-10.154	1.356	16.430
565	-10.154	1.356	17.347
572	-10.154	1.356	17.347
605	-10.154	1.356	17.347
612	-10.154	1.356	17.347
1765	-10.153	1.335	17.347
1736	-10.152	1.355	17.347
1739	-10.152	1.355	17.347
103	-10.147	1.846	17.347
146	-10.147	1.846	17.347
208	-10.147	1.846	17.347
12	-10.147	1.846	17.347
13	-10.147	1.846	17.347
14	-10.147	1.846	17.347
19	-10.147	1.845	17.347
20	-10.147	1.846	17.347
28	-10.147	1.846	17.347
30	-10.147	1.845	17.347
32	-10.147	1.846	17.347
34	-10.147	1.846	17.347
38	-10.147	1.845	17.347
44	-10.147	1.846	17.346
45	-10.147	1.846	21.597
46	-10.147	1.846	21.592
48	-10.147	1.846	21.592
49	-10.147	1.846	17.557
58	-10.147	1.845	17.555
61	-10.147	1.846	17.555
64	-10.147	1.846	17.555
68	-10.147	1.846	17.555
77	-10.147	1.846	17.555
79	-10.147	1.846	17.555
80	-10.147	1.846	17.555
85	-10.147	1.846	17.555
88	-10.147	1.846	17.555
90	-10.147	1.846	17.555
98	-10.147	1.846	17.555
107	-10.147	1.845	17.555
111	-10.147	1.846	17.415
113	-10.147	1.846	17.415
119	-10.147	1.846	17.414
120	-10.147	1.846	17.414
126	-10.147	1.846	0.025
129	-10.147	1.846	0.025
132	-10.147	1.846	0.026
133	-10.147	1.845	0.026
135	-10.147	1.846	0.011
139	-10.147	1.845	0.003
140	-10.147	1.846	0.003
143	-10.147	1.846	0.003
144	-10.147	1.846	0.039
147	-10.147	1.846	17.504
156	-10.147	1.846	17.504
162	-10.147	1.846	0.025
163	-10.147	1.846	0.026
164	-10.147	1.846	20.772
166	-10.147	1.845	20.772
177	-10.147	1.846	17.827
183	-10.147	1.845	17.827
186	-10.147	1.846	17.827
187	-10.147	1.846	17.827
188	-10.147	1.846	17.827
191	-10.147	1.846	17.827
195	-10.147	1.846	17.827
197	-10.147	1.846	17.827
198	-10.147	1.846	17.827
203	-10.147	1.846	17.827
209	-10.147	1.846	17.827
219	-10.147	1.846	17.827
222	-10.147	1.846	17.827
231	-10.147	1.846	17.827
232	-10.147	1.846	17.827
233	-10.147	1.846	17.827
234	-10.147	1.846	18.896
236	-10.147	1.846	1.889
239	-10.147	1.846	24.235
256	-10.147	1.846	24.235
258	-10.147	1.846	24.235
260	-10.147	1.846	24.235
261	-10.147	1.846	24.235
262	-10.147	1.845	24.235
265	-10.147	1.846	24.235
267	-10.147	1.846	24.235
272	-10.147	1.846	23.959
274	-10.147	1.846	23.957
276	-10.147	1.846	23.959
284	-10.147	1.846	23.959
286	-10.147	1.846	22.801
291	-10.147	1.846	22.801
292	-10.147	1.845	22.801
295	-10.147	1.846	22.801
297	-10.147	1.846	22.801
303	-10.147	1.846	22.801
305	-10.147	1.846	22.801
324	-10.147	1.846	22.801
330	-10.147	1.846	22.801
331	-10.147	1.845	22.801
332	-10.147	1.846	24.663
339	-10.147	1.846	24.663
351	-10.147	1.846	24.663
354	-10.147	1.846	24.663
361	-10.147	1.846	22.785
368	-10.147	1.846	22.785
370	-10.147	1.846	24.659
371	-10.147	1.846	24.661
373	-10.147	1.846	24.661
381	-10.147	1.846	24.661
385	-10.147	1.846	24.661
386	-10.147	1.846	24.661
390	-10.147	1.846	24.661
411	-10.147	1.846	24.661
412	-10.147	1.845	24.661
413	-10.147	1.846	24.661
419	-10.147	1.846	23.993
427	-10.147	1.846	23.937
431	-10.147	1.846	22.802
432	-10.147	1.846	22.802
436	-10.147	1.846	22.803
442	-10.147	1.845	22.802
447	-10.147	1.846	21.280
674	-10.137	1.843	21.280
658	-10.137	1.843	21.280
1777	-10.120	1.840	21.280
1740	-10.117	1.844	21.280
504	-9.668	2.395	22.893
513	-9.668	2.395	22.893
525	-9.668	2.395	22.893
1293	-9.668	2.395	21.280
650	-9.663	2.396	23.413
165	-9.645	2.395	23.410
298	-9.645	2.395	24.853
299	-9.645	2.395	24.855
317	-9.645	2.395	23.370
319	-9.645	2.395	31.944
322	-9.645	2.395	31.944
340	-9.645	2.395	31.944
344	-9.645	2.395	31.944
348	-9.645	2.395	31.944
360	-9.645	2.395	31.944
395	-9.645	2.395	31.944
396	-9.645	2.395	16.624
422	-9.645	2.395	16.624
428	-9.645	2.395	16.624
437	-9.645	2.395	16.624
445	-9.645	2.395	16.624
446	-9.645	2.395	16.624
463	-9.645	2.395	16.624
690	-9.636	2.396	16.624
517	-9.624	2.398	16.624
632	-9.624	2.398	16.624
611	-9.624	2.398	16.624
1762	-9.597	1.569	16.624
