1937	-9.114	0.000	16.624
1938	-9.114	0.000	16.624
1939	-9.114	0.000	16.624
1940	-9.114	0.000	16.624
1942	-9.114	0.000	16.624
1859	-8.997	1.912	16.624
1860	-8.997	1.912	16.624
1864	-8.997	1.912	16.624
1897	-8.997	1.912	16.624
1915	-8.997	1.912	16.624
1928	-8.997	1.911	16.624
1959	-8.997	1.911	31.950
1964	-8.996	1.911	31.945
1941	-8.949	0.855	32.580
1962	-8.936	1.981	32.581
1968	-8.936	1.981	32.580
1965	-8.936	1.981	32.580
1922	-8.934	3.361	33.309
1966	-8.934	3.361	16.430
1863	-8.706	0.526	17.555
1926	-8.706	0.526	17.555
1936	-8.706	0.526	17.555
1918	-8.615	3.313	22.800
1861	-8.512	0.568	22.893
1862	-8.512	0.568	21.280
1868	-8.512	0.568	23.413
1869	-8.512	0.568	23.410
1870	-8.512	0.568	24.853
1872	-8.512	0.568	24.855
1873	-8.512	0.568	23.370
1874	-8.512	0.568	31.944
1875	-8.512	0.568	31.944
1876	-8.512	0.568	31.944
1878	-8.512	0.568	31.944
1879	-8.512	0.568	31.944
1880	-8.512	0.568	31.944
1881	-8.512	0.568	31.944
1882	-8.512	0.568	16.624
1883	-8.512	0.568	16.624
1884	-8.512	0.568	16.624
1885	-8.512	0.568	16.624
1887	-8.512	0.568	16.624
1888	-8.512	0.568	16.624
1890	-8.512	0.568	16.624
1891	-8.512	0.568	16.624
1892	-8.512	0.568	16.624
1893	-8.512	0.568	16.624
1895	-8.512	0.568	16.624
1896	-8.512	0.568	16.624
1899	-8.512	0.568	16.624
1900	-8.512	0.568	16.624
1901	-8.512	0.568	16.624
1902	-8.512	0.568	16.624
1903	-8.512	0.568	16.624
1904	-8.512	0.568	16.624
1905	-8.512	0.568	16.624
1906	-8.512	0.568	16.624
1907	-8.512	0.568	16.624
1908	-8.512	0.568	16.624
1909	-8.512	0.568	16.624
1910	-8.512	0.568	16.624
1912	-8.512	0.568	31.950
1914	-8.512	0.568	31.945
1916	-8.512	0.568	32.580
1917	-8.512	0.568	32.581
1919	-8.512	0.568	32.580
1920	-8.512	0.568	32.580
1921	-8.512	0.568	33.309
1923	-8.512	0.568	16.430
1924	-8.512	0.568	17.347
1925	-8.512	0.568	17.347
1927	-8.512	0.568	17.347
1929	-8.512	0.568	17.347
1930	-8.512	0.568	17.347
1931	-8.512	0.568	17.347
1932	-8.512	0.568	17.347
1933	-8.512	0.568	17.347
1934	-8.512	0.568	17.347
1935	-8.512	0.568	17.347
1946	-8.512	0.568	17.347
1947	-8.512	0.568	17.347
1948	-8.512	0.568	17.347
1949	-8.512	0.568	17.347
1950	-8.512	0.568	17.347
1952	-8.512	0.568	17.347
1953	-8.512	0.568	17.347
1954	-8.512	0.568	17.347
1955	-8.512	0.568	17.347
1956	-8.512	0.568	17.347
1957	-8.512	0.568	17.346
1958	-8.512	0.568	21.597
1960	-8.512	0.568	21.592
1961	-8.512	0.568	21.592
1963	-8.512	0.568	17.556
1967	-8.512	0.568	17.555
1969	-8.512	0.568	17.555
1970	-8.512	0.568	17.555
1943	-8.370	0.621	17.555
1866	-8.252	1.347	22.893
1867	-8.252	1.347	22.893
1871	-8.252	1.347	21.280
1889	-8.252	1.347	23.413
1894	-8.252	1.347	23.410
1898	-8.252	1.347	24.853
1913	-8.252	1.347	24.855
1944	-8.252	1.347	23.370
1945	-8.252	1.347	31.945
1951	-8.252	1.347	31.945
1856	-8.081	1.374	16.624
1865	-8.081	1.374	16.624
1877	-8.081	1.374	16.624
1886	-8.081	1.374	16.624
1911	-8.081	1.374	16.624
1857	-7.955	1.602	16.624
1858	-7.955	1.602	31.950
1971	-7.945	0.699	31.945
