684	-6.466	0.000	13.360
744	-6.466	0.001	13.360
572	-6.461	0.005	13.359
575	-6.461	0.005	14.377
590	-6.461	0.005	5.759
627	-6.461	0.005	0.000
633	-6.461	0.005	5.760
687	-6.461	0.005	5.760
689	-6.461	0.005	5.760
708	-6.461	0.005	5.760
712	-6.461	0.005	5.760
714	-6.461	0.005	5.760
724	-6.461	0.005	5.760
781	-6.461	0.005	5.760
784	-6.461	0.005	5.760
847	-6.461	0.005	5.760
859	-6.461	0.005	5.760
196	-6.461	0.005	5.760
239	-6.461	0.005	5.760
308	-6.461	0.005	5.760
373	-6.461	0.005	5.760
388	-6.461	0.005	5.760
637	-6.461	0.005	5.760
1	-6.460	0.001	5.760
2	-6.460	0.001	5.760
3	-6.460	0.001	5.744
4	-6.460	0.002	10.725
5	-6.460	0.001	10.728
13	-6.460	0.001	10.728
21	-6.460	0.001	6.094
26	-6.460	0.001	6.094
28	-6.460	0.002	6.094
30	-6.460	0.002	6.094
31	-6.460	0.001	6.094
33	-6.460	0.001	6.094
48	-6.460	0.001	6.094
50	-6.460	0.001	6.094
53	-6.460	0.001	6.094
54	-6.460	0.001	6.094
61	-6.460	0.001	6.094
66	-6.460	0.001	6.094
67	-6.460	0.002	6.097
68	-6.460	0.001	6.253
85	-6.460	0.001	6.253
93	-6.460	0.001	6.255
96	-6.460	0.001	22.799
97	-6.460	0.001	22.799
100	-6.460	0.002	22.799
101	-6.460	0.001	22.799
103	-6.460	0.001	22.799
106	-6.460	0.001	22.802
110	-6.460	0.001	22.802
115	-6.460	0.001	22.802
118	-6.460	0.002	22.802
122	-6.460	0.001	6.188
127	-6.460	0.001	6.189
128	-6.460	0.001	6.189
129	-6.460	0.001	22.824
130	-6.460	0.001	10.941
131	-6.460	0.001	10.942
133	-6.460	0.001	6.573
254	-6.460	0.001	6.573
257	-6.460	0.002	6.573
258	-6.460	0.001	6.573
260	-6.460	0.001	6.573
265	-6.460	0.001	6.573
266	-6.460	0.001	6.573
272	-6.460	0.001	6.573
453	-6.460	0.005	6.573
534	-6.460	0.005	6.573
541	-6.460	0.005	6.573
543	-6.460	0.005	6.573
160	-6.460	0.002	6.573
161	-6.460	0.002	6.573
162	-6.460	0.002	6.573
171	-6.460	0.002	6.573
172	-6.460	0.002	6.573
177	-6.460	0.002	4.689
188	-6.460	0.002	21.512
189	-6.460	0.002	2.057
197	-6.460	0.002	2.057
198	-6.460	0.002	2.057
209	-6.460	0.002	2.057
214	-6.460	0.002	2.057
215	-6.460	0.002	2.057
219	-6.460	0.002	2.057
222	-6.460	0.002	2.057
229	-6.460	0.002	1.547
238	-6.460	0.002	1.546
243	-6.460	0.002	1.547
246	-6.460	0.002	1.551
248	-6.460	0.002	0.029
294	-6.460	0.002	0.029
298	-6.460	0.002	0.029
303	-6.460	0.002	0.029
304	-6.460	0.002	0.028
306	-6.460	0.002	0.029
311	-6.460	0.002	0.029
317	-6.460	0.002	0.029
320	-6.460	0.002	0.029
341	-6.460	0.002	2.078
342	-6.460	0.002	2.078
343	-6.460	0.002	2.078
350	-6.460	0.002	2.078
365	-6.460	0.002	0.027
375	-6.460	0.002	0.027
382	-6.460	0.002	2.070
391	-6.460	0.002	2.079
393	-6.460	0.002	2.079
396	-6.460	0.002	2.079
399	-6.460	0.002	2.079
403	-6.460	0.002	2.079
405	-6.460	0.002	2.079
406	-6.460	0.002	2.079
407	-6.460	0.002	2.079
568	-6.460	0.002	2.079
576	-6.460	0.002	1.571
595	-6.460	0.002	1.506
599	-6.460	0.002	1.504
699	-6.460	0.002	0.000
790	-6.460	0.002	0.000
792	-6.460	0.002	0.001
810	-6.460	0.002	6.379
811	-6.460	0.002	6.377
818	-6.460	0.002	6.377
835	-6.460	0.002	6.376
860	-6.460	0.002	6.376
1763	-6.460	0.005	6.376
1775	-6.460	0.005	2.300
1777	-6.460	0.005	2.300
1784	-6.460	0.005	6.377
1788	-6.460	0.005	7.505
1790	-6.460	0.005	5.508
1833	-6.460	0.005	6.069
1851	-6.460	0.005	6.069
1854	-6.460	0.005	2.277
1864	-6.460	0.005	2.275
1865	-6.460	0.005	13.045
1867	-6.460	0.005	13.045
1919	-6.460	0.001	13.045
187	-6.459	3.000	13.045
419	-6.459	0.002	13.045
427	-6.459	0.002	13.045
440	-6.459	0.002	8.340
442	-6.459	0.002	8.340
452	-6.459	0.002	8.340
459	-6.459	0.002	8.340
463	-6.459	0.002	8.340
464	-6.459	0.002	8.340
465	-6.459	0.002	8.340
478	-6.459	0.002	8.340
751	-6.459	0.002	8.340
761	-6.459	0.002	8.340
762	-6.459	0.002	8.340
656	-6.458	0.010	8.340
728	-6.458	0.010	8.340
731	-6.458	0.010	8.340
737	-6.458	0.010	8.340
768	-6.458	0.011	8.340
861	-6.458	0.010	8.340
754	-6.458	0.011	8.340
156	-6.453	0.012	8.340
201	-6.453	0.012	8.340
235	-6.453	0.012	8.340
292	-6.453	0.012	8.340
563	-6.385	2.239	6.094
564	-6.385	2.239	6.094
571	-6.385	2.239	6.094
573	-6.385	2.239	6.094
574	-6.385	2.239	6.094
579	-6.385	2.239	6.094
580	-6.385	2.239	6.094
581	-6.385	2.239	6.094
582	-6.385	2.239	6.094
584	-6.385	2.239	6.094
585	-6.385	2.239	6.094
586	-6.385	2.239	6.094
587	-6.385	2.239	6.097
601	-6.385	2.239	6.253
603	-6.385	2.239	6.253
605	-6.385	2.239	6.255
614	-6.385	2.239	22.800
625	-6.385	2.239	22.800
626	-6.385	2.239	22.800
630	-6.385	2.239	22.799
631	-6.385	2.239	22.799
638	-6.385	2.239	22.802
649	-6.385	2.239	22.802
650	-6.385	2.239	22.802
664	-6.385	2.239	22.802
665	-6.385	2.239	6.188
674	-6.385	2.239	6.189
702	-6.385	2.239	6.189
736	-6.385	2.239	22.824
293	-6.385	2.239	10.941
295	-6.385	2.239	10.942
296	-6.385	2.239	6.573
297	-6.385	2.239	6.573
313	-6.385	2.239	6.573
314	-6.385	2.239	6.573
315	-6.385	2.239	6.573
318	-6.385	2.239	6.573
319	-6.385	2.239	6.573
321	-6.385	2.239	6.573
322	-6.385	2.239	6.573
324	-6.385	2.239	6.573
326	-6.385	2.239	6.573
327	-6.385	2.239	6.573
328	-6.385	2.239	6.573
332	-6.385	2.239	6.573
335	-6.385	2.239	6.573
336	-6.385	2.239	6.573
337	-6.385	2.239	6.573
338	-6.385	2.239	4.689
339	-6.385	2.239	21.512
344	-6.385	2.239	2.057
346	-6.385	2.239	2.057
347	-6.385	2.239	2.057
352	-6.385	2.239	2.057
360	-6.385	2.239	2.057
366	-6.385	2.239	2.057
368	-6.385	2.239	2.057
369	-6.385	2.239	2.057
370	-6.385	2.239	1.547
371	-6.385	2.239	1.545
372	-6.385	2.239	1.547
380	-6.385	2.239	1.551
383	-6.385	2.239	0.029
387	-6.385	2.239	0.029
390	-6.385	2.239	0.029
401	-6.385	2.239	0.029
409	-6.385	2.239	0.028
426	-6.385	2.239	0.029
435	-6.385	2.239	0.029
443	-6.385	2.239	0.029
447	-6.385	2.239	0.029
448	-6.385	2.239	2.078
449	-6.385	2.239	2.078
450	-6.385	2.239	2.078
451	-6.385	2.239	2.078
466	-6.385	2.239	0.027
467	-6.385	2.239	0.027
468	-6.385	2.239	2.070
469	-6.385	2.239	2.079
470	-6.385	2.239	2.079
471	-6.385	2.239	2.079
483	-6.385	2.239	2.079
484	-6.385	2.239	2.079
487	-6.385	2.239	2.079
490	-6.385	2.239	2.079
491	-6.385	2.239	2.079
493	-6.385	2.239	2.079
494	-6.385	2.239	1.571
495	-6.385	2.239	1.506
496	-6.385	2.239	1.504
514	-6.385	2.239	0.000
520	-6.385	2.239	0.000
522	-6.385	2.239	0.001
523	-6.385	2.239	6.379
524	-6.385	2.239	6.377
527	-6.385	2.239	6.377
528	-6.385	2.239	6.376
529	-6.385	2.239	6.376
530	-6.385	2.239	6.376
531	-6.385	2.239	2.300
532	-6.385	2.239	2.300
533	-6.385	2.239	6.378
539	-6.385	2.239	7.505
548	-6.385	2.239	5.508
1751	-6.385	2.239	6.069
1759	-6.385	2.239	6.069
1760	-6.385	2.239	2.277
1761	-6.385	2.239	2.275
1764	-6.385	2.239	13.045
1769	-6.385	2.239	13.045
1772	-6.385	2.239	13.045
1773	-6.385	2.239	13.045
1774	-6.385	2.239	13.045
1776	-6.385	2.239	13.045
1779	-6.385	2.239	8.341
1780	-6.385	2.239	8.341
1781	-6.385	2.239	8.341
1782	-6.385	2.239	8.341
1783	-6.385	2.239	8.341
1787	-6.385	2.239	8.341
1792	-6.385	2.239	8.341
1794	-6.385	2.239	8.341
1795	-6.385	2.239	8.341
1796	-6.385	2.239	8.341
1797	-6.385	2.239	8.341
1798	-6.385	2.239	8.341
1799	-6.385	2.239	8.341
1800	-6.385	2.239	8.341
1804	-6.385	2.239	8.341
1805	-6.385	2.239	8.341
1806	-6.385	2.239	8.341
1809	-6.385	2.239	8.341
1812	-6.385	2.239	8.341
1814	-6.385	2.239	8.341
1815	-6.385	2.239	8.341
1816	-6.385	2.239	8.341
1817	-6.385	2.239	8.341
1818	-6.385	2.239	8.341
1821	-6.385	2.239	13.033
1822	-6.385	2.239	13.025
1823	-6.385	2.239	14.350
1824	-6.385	2.239	13.359
1825	-6.385	2.239	13.359
1826	-6.385	2.239	13.359
1830	-6.385	2.239	13.359
1831	-6.385	2.239	14.377
1832	-6.385	2.239	5.760
1836	-6.385	2.239	5.761
1837	-6.385	2.239	5.761
1838	-6.385	2.239	5.760
1839	-6.385	2.239	5.761
1840	-6.385	2.239	5.760
1842	-6.385	2.239	5.760
1844	-6.385	2.239	5.761
1845	-6.385	2.239	5.760
1846	-6.385	2.239	5.761
1849	-6.385	2.239	5.761
1850	-6.385	2.239	5.761
1852	-6.385	2.239	5.761
1853	-6.385	2.239	5.761
1855	-6.385	2.239	5.761
1857	-6.385	2.239	5.761
1859	-6.385	2.239	5.761
1860	-6.385	2.239	5.761
1866	-6.385	2.239	5.761
1868	-6.385	2.239	5.761
1869	-6.385	2.239	5.761
1870	-6.385	2.239	5.744
1871	-6.385	2.239	10.725
1872	-6.385	2.239	10.728
1874	-6.385	2.239	10.728
1875	-6.385	2.239	6.095
282	-6.384	2.239	6.095
289	-6.384	2.239	6.095
291	-6.384	2.239	6.095
502	-6.384	2.239	6.095
503	-6.384	2.239	6.095
504	-6.384	2.239	6.095
497	-6.384	2.239	6.095
498	-6.384	2.239	6.095
499	-6.384	2.239	6.095
500	-6.384	2.239	6.095
698	-6.384	2.240	6.095
740	-6.384	2.240	6.097
815	-6.384	2.240	6.254
553	-6.383	2.240	6.254
646	-6.354	1.774	6.256
743	-6.354	1.774	22.800
748	-6.352	1.772	22.800
752	-6.351	1.772	22.800
1901	-6.350	1.781	22.800
1903	-6.350	1.781	22.800
1904	-6.350	1.781	22.802
1923	-6.350	1.781	22.803
1944	-6.350	1.781	22.802
6	-6.346	1.773	22.803
7	-6.346	1.773	6.189
8	-6.346	1.773	6.190
9	-6.346	1.773	6.190
10	-6.346	1.773	22.824
11	-6.346	1.773	10.941
15	-6.346	1.773	10.943
18	-6.346	1.773	6.573
22	-6.346	1.773	6.573
23	-6.346	1.773	6.573
24	-6.346	1.773	6.573
25	-6.346	1.773	6.573
40	-6.346	1.773	6.573
71	-6.346	1.773	6.573
76	-6.346	1.773	6.573
78	-6.346	1.773	6.573
83	-6.346	1.773	6.573
99	-6.346	1.773	6.573
111	-6.346	1.773	6.573
132	-6.346	1.773	6.573
140	-6.346	1.773	6.573
141	-6.346	1.773	6.573
146	-6.346	1.773	6.573
147	-6.346	1.773	6.573
148	-6.346	1.773	4.689
150	-6.346	1.773	21.512
152	-6.346	1.773	2.057
153	-6.346	1.773	2.057
263	-6.346	1.773	2.057
275	-6.346	1.773	2.057
277	-6.346	1.773	2.057
279	-6.346	1.773	2.057
307	-6.346	1.774	2.057
374	-6.346	1.774	2.057
400	-6.346	1.774	1.546
567	-6.346	1.774	1.545
615	-6.346	1.774	1.547
628	-6.346	1.774	1.550
629	-6.346	1.774	0.028
721	-6.346	1.774	0.028
800	-6.346	1.774	0.028
825	-6.346	1.774	0.028
827	-6.346	1.774	0.028
833	-6.346	1.774	0.028
410	-6.345	1.773	0.029
475	-6.345	1.774	0.029
651	-6.336	1.773	0.029
653	-6.336	1.773	2.078
791	-6.336	1.773	2.078
799	-6.336	1.773	2.078
848	-6.336	1.773	2.078
853	-6.336	1.773	0.027
163	-6.328	1.772	0.027
164	-6.328	1.772	2.070
166	-6.328	1.772	2.079
169	-6.328	1.772	2.079
180	-6.328	1.772	2.079
193	-6.328	1.772	2.079
204	-6.328	1.772	2.079
211	-6.328	1.772	2.079
233	-6.328	1.772	2.079
236	-6.328	1.772	2.079
569	-6.190	0.699	8.341
597	-6.190	0.699	8.341
632	-6.190	0.699	8.341
634	-6.190	0.699	8.341
703	-6.190	0.699	8.341
716	-6.190	0.699	8.341
722	-6.190	0.700	8.341
785	-6.190	0.699	8.341
794	-6.190	0.700	8.341
795	-6.190	0.699	8.341
820	-6.190	0.700	8.341
826	-6.190	0.699	8.341
191	-6.189	0.699	8.341
192	-6.189	0.699	8.341
232	-6.189	0.699	8.341
300	-6.189	0.699	8.341
302	-6.189	0.699	8.341
305	-6.189	0.699	8.341
309	-6.189	0.699	8.341
310	-6.189	0.699	8.341
323	-6.189	0.699	8.341
333	-6.189	0.699	8.341
334	-6.189	0.699	13.033
353	-6.189	0.699	13.025
378	-6.189	0.699	14.349
395	-6.189	0.699	13.359
604	-6.189	0.699	13.359
609	-6.189	0.699	13.359
610	-6.189	0.699	13.359
695	-6.189	0.699	14.377
705	-6.189	0.699	5.760
706	-6.189	0.699	5.761
735	-6.189	0.699	5.761
747	-6.189	0.699	5.761
749	-6.189	0.699	5.761
250	-6.189	0.699	5.761
267	-6.189	0.699	5.761
268	-6.189	0.699	5.761
269	-6.189	0.699	5.761
270	-6.189	0.699	5.761
271	-6.189	0.699	5.761
276	-6.189	0.699	5.761
288	-6.189	0.699	5.761
428	-6.189	0.699	5.761
430	-6.189	0.699	5.761
431	-6.189	0.699	5.761
432	-6.189	0.699	5.761
446	-6.189	0.699	5.761
477	-6.189	0.699	5.761
536	-6.189	0.699	5.761
560	-6.189	0.699	5.761
739	-6.189	0.699	5.744
755	-6.189	0.699	10.725
756	-6.189	0.699	10.728
1785	-6.188	0.699	10.728
1835	-6.188	0.699	6.095
1847	-6.188	0.699	6.095
1848	-6.188	0.699	6.095
1856	-6.188	0.699	6.095
697	-6.187	0.700	6.095
767	-6.187	0.700	6.095
16	-6.182	0.700	6.095
41	-6.182	0.700	6.095
62	-6.182	0.700	6.095
80	-6.182	0.700	6.095
81	-6.182	0.700	6.095
95	-6.182	0.700	6.095
116	-6.182	0.700	6.097
123	-6.182	0.700	6.254
126	-6.182	0.700	6.254
149	-6.182	0.700	6.256
155	-6.182	0.700	22.800
165	-6.182	0.700	22.800
176	-6.182	0.700	22.800
184	-6.182	0.700	22.800
195	-6.182	0.700	22.800
210	-6.182	0.700	22.802
216	-6.182	0.700	22.803
221	-6.182	0.700	22.802
228	-6.182	0.700	22.803
231	-6.182	0.700	6.189
245	-6.182	0.700	6.190
253	-6.182	0.700	6.190
259	-6.182	0.700	22.824
283	-6.182	0.700	10.942
284	-6.182	0.700	10.943
290	-6.182	0.700	6.573
301	-6.182	0.700	6.573
312	-6.182	0.700	6.573
325	-6.182	0.700	6.573
349	-6.182	0.700	6.573
351	-6.182	0.700	6.573
356	-6.182	0.700	6.573
359	-6.182	0.700	6.573
376	-6.182	0.700	6.573
377	-6.182	0.700	6.573
392	-6.182	0.700	6.573
397	-6.182	0.700	6.573
398	-6.182	0.700	6.573
402	-6.182	0.700	6.573
404	-6.182	0.700	6.573
501	-6.182	0.700	6.573
593	-6.182	0.700	6.573
594	-6.182	0.700	4.690
622	-6.182	0.700	21.512
642	-6.182	0.700	2.057
643	-6.182	0.700	2.057
654	-6.182	0.700	2.057
660	-6.182	0.700	2.057
670	-6.182	0.700	2.057
672	-6.182	0.700	2.057
746	-6.182	0.700	2.057
771	-6.182	0.700	2.057
778	-6.182	0.700	1.546
783	-6.182	0.700	1.545
797	-6.182	0.700	1.547
798	-6.182	0.700	1.550
803	-6.182	0.700	0.028
805	-6.182	0.700	0.028
807	-6.182	0.700	0.028
834	-6.182	0.700	0.028
836	-6.182	0.700	0.028
838	-6.182	0.700	0.028
843	-6.182	0.700	0.029
862	-6.182	0.700	0.029
411	-6.181	0.700	0.028
412	-6.181	0.700	2.078
413	-6.181	0.700	2.078
416	-6.181	0.700	2.078
422	-6.181	0.700	2.078
423	-6.181	0.700	0.027
425	-6.181	0.700	0.027
441	-6.181	0.700	2.070
444	-6.181	0.700	2.079
457	-6.181	0.700	2.079
480	-6.181	0.700	2.079
488	-6.181	0.700	2.079
517	-6.181	0.700	2.079
544	-6.181	0.700	2.079
554	-6.181	0.700	2.079
555	-6.181	0.700	2.079
556	-6.181	0.700	2.079
566	-6.181	0.700	1.570
577	-6.181	0.700	1.505
578	-6.181	0.700	1.504
600	-6.181	0.700	0.001
677	-6.181	0.700	0.001
678	-6.181	0.700	0.000
696	-6.181	0.700	6.380
711	-6.181	0.700	6.377
713	-6.181	0.700	6.377
715	-6.181	0.700	6.376
753	-6.181	0.700	6.377
759	-6.181	0.700	6.376
819	-6.181	0.700	2.300
821	-6.181	0.700	2.300
823	-6.181	0.700	6.378
828	-6.181	0.700	7.506
857	-6.181	0.700	5.509
608	-6.171	0.700	13.045
764	-6.171	0.700	13.045
168	-6.167	0.700	8.341
223	-6.167	0.700	8.341
562	-6.028	1.779	22.800
596	-6.028	1.779	22.800
607	-6.028	1.779	22.802
616	-6.028	1.779	22.803
617	-6.028	1.779	22.802
623	-6.028	1.779	22.803
669	-6.028	1.779	6.189
679	-6.028	1.779	6.190
693	-6.028	1.779	6.190
700	-6.028	1.779	22.824
701	-6.028	1.779	10.942
230	-6.028	1.779	10.943
285	-6.028	1.779	6.573
287	-6.028	1.780	6.573
354	-6.028	1.779	6.573
358	-6.028	1.779	6.573
364	-6.028	1.779	6.573
394	-6.028	1.779	6.573
436	-6.028	1.780	6.573
437	-6.028	1.780	6.573
472	-6.028	1.780	6.573
473	-6.028	1.780	6.573
474	-6.028	1.780	6.573
476	-6.028	1.780	6.573
492	-6.028	1.780	6.573
505	-6.028	1.779	6.573
506	-6.028	1.779	6.573
511	-6.028	1.780	6.573
512	-6.028	1.780	6.573
515	-6.028	1.780	4.690
519	-6.028	1.780	21.512
521	-6.028	1.780	2.057
535	-6.028	1.780	2.057
540	-6.028	1.780	2.057
542	-6.028	1.780	2.057
549	-6.028	1.780	2.057
550	-6.028	1.780	2.057
551	-6.028	1.780	2.057
667	-6.028	1.779	2.057
675	-6.028	1.779	1.546
681	-6.028	1.779	1.545
682	-6.028	1.779	1.547
707	-6.028	1.779	1.550
1705	-6.028	1.780	0.028
1762	-6.028	1.780	0.028
1765	-6.028	1.780	0.028
1766	-6.028	1.780	0.028
1767	-6.028	1.780	0.028
1768	-6.028	1.780	0.028
1770	-6.028	1.780	0.029
1771	-6.028	1.780	0.029
1778	-6.028	1.780	0.028
1786	-6.028	1.780	2.078
1789	-6.028	1.780	2.078
1791	-6.028	1.780	2.078
1793	-6.028	1.780	2.078
1801	-6.028	1.780	0.027
1802	-6.028	1.780	0.027
1803	-6.028	1.780	2.070
1807	-6.028	1.780	2.079
1808	-6.028	1.780	2.079
1810	-6.028	1.780	2.079
1811	-6.028	1.780	2.079
1813	-6.028	1.780	2.079
1819	-6.028	1.780	2.079
1820	-6.028	1.780	2.079
1827	-6.028	1.780	2.079
1828	-6.028	1.780	2.079
1829	-6.028	1.780	1.570
1834	-6.028	1.780	1.505
1841	-6.028	1.780	1.504
1843	-6.028	1.780	0.001
1858	-6.028	1.780	0.001
1861	-6.028	1.780	0.000
1862	-6.028	1.780	6.380
1863	-6.028	1.780	6.377
1873	-6.028	1.780	6.377
418	-6.027	1.780	6.376
454	-6.027	1.780	6.377
458	-6.027	1.780	6.376
489	-6.027	1.780	2.300
526	-6.027	1.780	2.300
757	-6.027	1.780	6.378
758	-6.027	1.780	7.506
389	-5.698	1.590	14.349
429	-5.697	1.591	13.359
462	-5.697	1.591	13.359
516	-5.697	1.591	13.359
545	-5.697	1.591	13.359
688	-5.697	1.590	14.377
588	-5.119	3.215	10.728
589	-5.119	3.215	10.728
591	-5.107	3.215	6.095
624	-5.107	3.215	6.095
710	-5.107	3.215	6.095
846	-5.107	3.215	6.095
381	-5.105	3.215	6.095
