1745	-6.482	0.000	13.359
1750	-6.220	0.886	1.505
1755	-6.220	0.886	1.504
1636	-6.218	0.886	0.001
1697	-6.217	0.886	0.001
1727	-6.217	0.886	0.000
1626	-6.197	0.891	2.275
1729	-6.197	0.891	13.045
1629	-6.196	0.897	13.045
1630	-6.196	0.897	13.045
1680	-6.196	0.897	13.045
1681	-6.196	0.897	13.045
1682	-6.196	0.897	13.045
1704	-6.196	0.897	8.341
1724	-6.196	0.897	8.341
1634	-6.171	0.087	6.070
1637	-6.171	0.087	6.069
1665	-6.171	0.087	2.278
1678	-6.171	0.087	2.275
1698	-6.171	0.087	13.045
1612	-6.171	0.087	13.045
1619	-6.171	0.087	13.045
1744	-6.171	0.087	13.045
1649	-6.130	0.094	14.349
1688	-6.130	0.094	13.359
1721	-6.130	0.094	13.359
1722	-6.130	0.094	13.359
1661	-6.129	0.081	13.359
1720	-6.129	0.081	14.377
1728	-6.129	0.081	5.760
1609	-6.129	0.081	5.761
1627	-6.129	0.081	5.761
1656	-6.129	0.081	5.761
1660	-6.129	0.081	5.761
1664	-6.129	0.081	5.761
1739	-6.129	0.081	5.761
1749	-6.118	0.085	5.761
1732	-6.116	0.085	5.761
1756	-6.035	0.560	5.761
1628	-6.034	0.561	5.761
1679	-6.034	0.561	5.761
1633	-6.034	0.561	5.761
1635	-6.034	0.561	5.761
1638	-6.034	0.561	5.761
1639	-6.034	0.561	5.761
1640	-6.034	0.561	5.761
1643	-6.034	0.561	5.761
1644	-6.034	0.561	5.761
1687	-6.034	0.561	5.744
1614	-6.033	0.561	10.725
1615	-6.033	0.561	10.728
1617	-6.033	0.561	10.728
1618	-6.033	0.561	6.095
1620	-6.033	0.561	6.095
1621	-6.033	0.561	6.095
1622	-6.033	0.561	6.095
1623	-6.033	0.561	6.095
1624	-6.033	0.561	6.095
1653	-6.033	0.561	6.095
1658	-6.033	0.561	6.095
1667	-6.033	0.561	6.095
1684	-6.033	0.561	6.095
1685	-6.033	0.561	6.095
1693	-6.033	0.561	6.095
1694	-6.033	0.561	6.097
1695	-6.033	0.561	6.254
1696	-6.033	0.561	6.254
1714	-6.033	0.561	6.256
1719	-6.033	0.561	22.800
1726	-6.033	0.561	22.800
1731	-6.033	0.561	22.800
1683	-6.023	0.605	5.509
1718	-6.023	0.605	6.070
1631	-6.018	0.583	6.069
1632	-6.018	0.583	2.278
1641	-6.018	0.583	2.275
1642	-6.018	0.583	13.045
1645	-6.018	0.583	13.045
1648	-6.018	0.583	13.045
1655	-6.018	0.583	13.045
1671	-6.018	0.583	13.045
1672	-6.018	0.583	13.045
1673	-6.018	0.583	8.341
1674	-6.018	0.583	8.341
1686	-6.018	0.583	8.341
1699	-6.018	0.583	8.341
1708	-6.018	0.583	8.341
1709	-6.018	0.583	8.341
1712	-6.018	0.583	8.341
1734	-6.018	0.583	8.341
1735	-6.018	0.583	8.341
1736	-6.018	0.583	8.341
1605	-6.017	0.583	8.341
1606	-6.017	0.583	8.341
1607	-6.017	0.583	8.341
1608	-6.017	0.583	8.341
1610	-6.017	0.583	8.341
1611	-6.017	0.583	8.341
1613	-6.017	0.583	8.341
1616	-6.017	0.583	8.341
1740	-6.017	0.583	8.341
1651	-6.001	0.602	8.341
1625	-6.001	0.602	8.341
1659	-6.001	0.602	8.341
1662	-6.001	0.602	8.341
1666	-6.001	0.602	8.341
1670	-6.001	0.602	13.033
