1003	-6.420	0.000	8.340
1009	-6.420	0.000	8.340
1045	-6.420	0.000	13.033
1046	-6.420	0.000	13.025
1049	-6.420	0.000	14.350
1050	-6.420	0.000	13.359
1058	-6.420	0.000	13.359
1067	-6.420	0.000	13.359
1071	-6.420	0.000	13.359
1078	-6.420	0.000	14.377
1080	-6.420	0.000	5.759
1121	-6.420	0.000	5.760
1125	-6.420	0.000	5.760
1141	-6.420	0.001	5.760
1149	-6.420	0.000	5.760
1161	-6.420	0.001	5.760
1170	-6.420	0.001	5.760
1172	-6.420	0.000	5.760
1195	-6.420	0.001	5.760
1200	-6.420	0.000	5.760
1203	-6.420	0.001	5.760
1211	-6.420	0.000	5.760
1223	-6.420	0.000	5.760
1224	-6.420	0.000	5.761
1225	-6.420	0.000	5.760
1227	-6.420	0.000	5.760
1248	-6.420	0.001	5.761
1249	-6.420	0.000	5.761
1294	-6.420	0.001	5.761
1300	-6.420	0.001	5.761
1305	-6.420	0.000	5.761
1345	-6.420	0.001	5.744
1349	-6.420	0.000	10.725
880	-6.420	0.001	10.728
918	-6.420	0.001	10.728
1140	-6.154	0.068	8.341
1271	-6.154	0.068	8.341
1127	-6.136	0.038	8.341
1210	-6.136	0.038	8.341
1228	-6.136	0.038	8.341
1254	-6.136	0.038	8.341
1005	-6.131	0.038	8.341
1022	-6.131	0.038	8.341
1023	-6.131	0.038	8.341
1025	-6.131	0.038	8.341
1038	-6.131	0.038	8.341
1039	-6.131	0.038	8.341
1040	-6.131	0.038	8.341
1041	-6.131	0.038	8.341
1062	-6.131	0.038	8.341
1063	-6.131	0.038	8.341
1093	-6.131	0.038	8.341
1112	-6.131	0.038	8.341
1190	-6.131	0.038	8.341
887	-6.131	0.038	8.341
908	-6.131	0.038	8.341
964	-6.131	0.038	8.341
965	-6.131	0.038	13.033
977	-6.131	0.038	13.025
996	-6.127	0.040	5.761
997	-6.127	0.040	5.761
1333	-5.847	0.107	13.025
1000	-5.239	2.919	5.760
1002	-5.239	2.919	5.761
1004	-5.239	2.919	5.761
1008	-5.239	2.919	5.761
1010	-5.239	2.919	5.761
1011	-5.239	2.919	5.761
1016	-5.239	2.919	5.761
1021	-5.239	2.919	5.761
1244	-5.239	2.919	5.761
1247	-5.239	2.919	5.761
1258	-5.239	2.919	5.761
1259	-5.239	2.919	5.761
1260	-5.239	2.919	5.761
1261	-5.239	2.919	5.761
1262	-5.239	2.919	5.761
869	-5.239	2.919	5.761
872	-5.239	2.919	5.761
876	-5.239	2.919	5.761
878	-5.239	2.919	5.761
881	-5.239	2.919	5.761
882	-5.239	2.919	5.761
883	-5.239	2.919	5.744
884	-5.239	2.919	10.725
885	-5.239	2.919	10.728
890	-5.239	2.919	10.728
891	-5.239	2.919	6.095
896	-5.239	2.919	6.095
898	-5.239	2.919	6.095
899	-5.239	2.919	6.095
900	-5.239	2.919	6.095
905	-5.239	2.919	6.095
906	-5.239	2.919	6.095
910	-5.239	2.919	6.095
911	-5.239	2.919	6.095
912	-5.239	2.919	6.095
913	-5.239	2.919	6.095
915	-5.239	2.919	6.095
916	-5.239	2.919	6.097
917	-5.239	2.919	6.254
919	-5.239	2.919	6.254
920	-5.239	2.919	6.256
921	-5.239	2.919	22.800
924	-5.239	2.919	22.800
926	-5.239	2.919	22.800
927	-5.239	2.919	22.800
929	-5.239	2.919	22.800
930	-5.239	2.919	22.802
931	-5.239	2.919	22.803
932	-5.239	2.919	22.802
933	-5.239	2.919	22.803
938	-5.239	2.919	6.189
945	-5.239	2.919	6.190
946	-5.239	2.919	6.190
947	-5.239	2.919	22.824
948	-5.239	2.919	10.942
953	-5.239	2.919	10.943
954	-5.239	2.919	6.573
957	-5.239	2.919	6.573
958	-5.239	2.919	6.573
960	-5.239	2.919	6.573
961	-5.239	2.919	6.573
962	-5.239	2.919	6.573
968	-5.239	2.919	6.573
971	-5.239	2.919	6.573
973	-5.239	2.919	6.573
974	-5.239	2.919	6.573
976	-5.239	2.919	6.573
978	-5.239	2.919	6.573
982	-5.239	2.919	6.573
987	-5.239	2.919	6.573
989	-5.239	2.919	6.573
1001	-5.239	2.919	6.573
1007	-5.239	2.919	6.573
1028	-5.239	2.919	4.690
1034	-5.239	2.919	21.512
1035	-5.239	2.919	2.057
1036	-5.239	2.919	2.057
1037	-5.239	2.919	2.057
1042	-5.239	2.919	2.057
1043	-5.239	2.919	2.057
1044	-5.239	2.919	2.057
1047	-5.239	2.919	2.057
1052	-5.239	2.919	2.057
1057	-5.239	2.919	1.546
1059	-5.239	2.919	1.545
1060	-5.239	2.919	1.547
1064	-5.239	2.919	1.550
1066	-5.239	2.919	0.028
1074	-5.239	2.919	0.028
1075	-5.239	2.919	0.028
1076	-5.239	2.919	0.028
1077	-5.239	2.919	0.028
1079	-5.239	2.919	0.028
1083	-5.239	2.919	0.029
1084	-5.239	2.919	0.029
1085	-5.239	2.919	0.028
1086	-5.239	2.919	2.078
1087	-5.239	2.919	2.078
1090	-5.239	2.919	2.078
1092	-5.239	2.919	2.078
1102	-5.239	2.919	0.027
1104	-5.239	2.919	0.027
1105	-5.239	2.919	2.070
1115	-5.239	2.919	2.079
1129	-5.239	2.919	2.079
1135	-5.239	2.919	2.079
1138	-5.239	2.919	2.079
1139	-5.239	2.919	2.079
1142	-5.239	2.919	2.079
1143	-5.239	2.919	2.079
1148	-5.239	2.919	2.079
1154	-5.239	2.919	2.079
1157	-5.239	2.919	1.570
1158	-5.239	2.919	1.505
1163	-5.239	2.919	1.504
1167	-5.239	2.919	0.001
1168	-5.239	2.919	0.001
1173	-5.239	2.919	0.000
1183	-5.239	2.919	6.380
1192	-5.239	2.919	6.377
1196	-5.239	2.919	6.377
1197	-5.239	2.919	6.376
1201	-5.239	2.919	6.377
1202	-5.239	2.919	6.376
1229	-5.239	2.919	2.300
1236	-5.239	2.919	2.300
1275	-5.239	2.919	6.378
1290	-5.239	2.919	7.506
1304	-5.239	2.919	5.509
1306	-5.239	2.919	6.070
1309	-5.239	2.919	6.069
1319	-5.239	2.919	2.278
1323	-5.239	2.919	2.275
1324	-5.239	2.919	13.045
1334	-5.239	2.919	13.045
1336	-5.239	2.919	13.045
1342	-5.239	2.919	13.045
993	-5.165	2.966	8.341
875	-5.165	2.966	8.341
886	-5.165	2.966	8.341
888	-5.165	2.966	8.341
889	-5.165	2.966	8.341
922	-5.165	2.966	8.341
923	-5.165	2.966	8.341
951	-5.165	2.966	8.341
963	-5.165	2.966	13.033
967	-5.165	2.966	13.025
975	-5.165	2.966	14.349
979	-5.165	2.966	13.359
980	-5.165	2.966	13.359
984	-5.165	2.966	13.359
1053	-5.165	2.966	13.359
1061	-5.165	2.966	14.377
1094	-5.165	2.966	5.760
1103	-5.165	2.966	5.761
1110	-5.165	2.966	5.761
1165	-5.165	2.966	5.761
1169	-5.165	2.966	5.761
1255	-5.165	2.967	5.761
1257	-5.165	2.966	5.761
1276	-5.165	2.966	5.761
955	-4.650	2.937	6.095
956	-4.650	2.937	6.095
985	-4.650	2.937	6.095
986	-4.650	2.937	6.095
1096	-4.650	2.937	6.095
1098	-4.650	2.937	6.095
1099	-4.650	2.937	6.098
1235	-4.650	2.937	6.254
1162	-4.650	2.938	6.254
1226	-4.650	2.938	6.256
1056	-4.575	2.998	22.800
1332	-4.575	2.998	22.800
1335	-4.575	2.998	22.800
966	-4.575	2.998	22.800
1180	-4.574	2.998	22.800
1194	-4.574	2.998	22.802
1081	-4.574	2.999	22.803
