1194	-8.876	0.000	6.100
1197	-8.876	0.000	6.099
1430	-8.876	0.000	6.100
1459	-8.876	0.001	6.100
394	-8.875	0.001	6.100
1166	-8.875	0.001	6.100
1170	-8.875	0.001	6.100
1171	-8.875	0.001	6.100
1204	-8.875	0.000	12.295
256	-8.875	0.001	10.973
378	-8.875	0.001	10.973
310	-8.874	0.001	12.302
389	-8.874	0.001	12.299
506	-8.873	0.001	12.219
1226	-8.872	0.001	12.219
1227	-8.872	0.001	12.219
1222	-8.872	0.001	7.598
1230	-8.872	0.001	7.598
1259	-8.872	0.001	7.598
1269	-8.872	0.001	7.598
1271	-8.872	0.001	7.598
1364	-8.872	0.001	7.598
1389	-8.872	0.001	7.598
1390	-8.872	0.001	7.599
1488	-8.872	0.001	12.223
1580	-8.872	0.001	12.223
1653	-8.872	0.001	12.238
1547	-8.871	0.001	7.268
1617	-8.871	0.001	9.382
1618	-8.871	0.001	9.382
1621	-8.871	0.001	9.382
1622	-8.871	0.001	9.382
1630	-8.871	0.001	9.382
490	-8.871	0.001	9.382
1287	-8.871	0.001	9.382
1330	-8.871	0.001	9.382
1403	-8.871	0.001	9.382
1481	-8.871	0.001	9.382
1571	-8.871	0.001	9.382
1594	-8.871	0.001	9.382
1648	-8.871	0.001	11.500
1422	-8.867	0.003	11.500
1427	-8.867	0.003	9.354
157	-8.804	0.010	9.354
102	-8.804	0.010	11.487
108	-8.804	0.010	5.220
218	-8.800	0.010	9.423
167	-8.800	0.010	9.049
176	-8.800	0.010	9.050
179	-8.800	0.010	9.050
189	-8.800	0.010	9.036
206	-8.800	0.010	9.035
243	-8.794	0.010	9.035
247	-8.794	0.010	9.036
1458	-8.791	0.010	8.917
1167	-8.790	0.011	8.917
254	-8.789	0.011	9.212
258	-8.789	0.011	9.212
275	-8.789	0.011	9.201
276	-8.789	0.011	9.202
280	-8.789	0.011	9.202
281	-8.789	0.011	9.202
282	-8.789	0.011	9.202
283	-8.789	0.011	9.956
293	-8.789	0.011	9.955
299	-8.789	0.011	9.328
337	-8.789	0.011	10.839
342	-8.789	0.011	10.482
382	-8.789	0.011	8.576
390	-8.789	0.011	10.044
424	-8.789	0.011	0.131
438	-8.789	0.011	15.849
306	-8.788	0.011	15.849
1225	-8.786	0.011	15.849
1241	-8.786	0.011	15.849
1250	-8.786	0.011	15.849
1279	-8.786	0.011	15.856
1302	-8.786	0.011	15.856
1304	-8.786	0.011	15.856
1356	-8.786	0.011	15.856
1362	-8.786	0.011	15.856
1379	-8.786	0.011	15.856
1381	-8.786	0.011	15.847
1652	-8.786	0.011	15.853
474	-8.652	0.027	0.022
1434	-8.628	1.462	15.280
1183	-8.627	1.462	15.280
1240	-8.625	1.462	15.280
1257	-8.625	1.462	15.288
1234	-8.624	1.462	15.288
1402	-8.624	1.462	1.734
961	-8.613	0.035	1.736
994	-8.613	0.035	1.725
537	-8.611	0.035	1.725
1305	-8.610	0.035	1.725
1490	-8.610	0.035	1.725
1499	-8.610	0.035	1.943
1576	-8.610	0.035	1.783
1245	-8.602	1.511	1.783
1221	-8.601	1.511	1.783
1248	-8.601	1.511	1.783
1307	-8.601	1.511	1.783
1501	-8.601	1.511	1.783
1609	-8.601	1.511	1.783
1172	-8.583	1.081	1.783
1190	-8.583	1.081	1.783
1243	-8.580	1.081	1.783
1188	-8.537	1.513	1.783
1158	-8.537	1.513	1.783
1164	-8.537	1.513	1.783
1174	-8.535	0.989	1.925
1184	-8.535	0.989	1.925
1275	-8.533	1.513	1.925
1328	-8.531	0.989	1.925
1224	-8.496	1.089	1.925
1169	-8.457	1.113	6.130
1177	-8.457	1.113	6.130
1189	-8.457	1.113	6.129
1208	-8.457	1.113	6.125
1440	-8.457	1.113	4.049
1441	-8.457	1.113	6.129
1461	-8.457	1.109	6.137
1500	-8.454	1.123	10.961
1252	-8.454	1.113	10.961
1253	-8.454	1.113	10.961
1254	-8.454	1.113	7.397
1255	-8.454	1.113	7.397
1266	-8.454	1.113	7.397
1333	-8.454	1.113	7.397
1383	-8.454	1.113	7.397
1524	-8.454	1.113	7.397
1556	-8.454	1.113	7.397
1641	-8.454	1.113	7.397
251	-8.453	0.988	7.397
1428	-8.451	1.113	7.397
1367	-8.445	0.988	7.397
1624	-8.445	0.988	7.397
1193	-8.392	1.192	7.397
1449	-8.392	1.192	7.397
1173	-8.392	1.192	7.397
1178	-8.392	1.192	7.397
1187	-8.392	1.192	7.398
1219	-8.392	1.192	4.838
1159	-8.392	1.192	4.845
1181	-8.391	1.192	4.845
1182	-8.391	1.192	4.845
1280	-8.389	1.191	4.844
1295	-8.389	1.191	4.845
1303	-8.389	1.191	12.650
1265	-8.389	1.191	3.872
1384	-8.389	1.191	12.651
1498	-8.389	1.191	6.099
1522	-8.389	1.191	6.099
1562	-8.389	1.191	6.100
1649	-8.389	1.191	6.099
1185	-8.385	1.191	6.099
1175	-8.384	1.114	6.100
1161	-8.376	0.962	6.101
1162	-8.376	0.962	6.101
1213	-8.376	0.962	6.101
1223	-8.373	0.962	6.102
1322	-8.373	0.962	6.101
1363	-8.373	0.962	6.102
1477	-8.373	0.962	6.101
1192	-8.315	1.192	10.973
1198	-8.315	1.192	12.300
1163	-8.314	1.192	12.221
1165	-8.314	1.192	12.221
1168	-8.314	1.192	12.221
1235	-8.311	1.192	7.599
1277	-8.311	1.192	7.600
1160	-8.310	0.962	7.600
1532	-8.309	0.984	7.600
374	-8.309	0.961	7.600
1575	-8.265	1.117	7.601
1602	-8.231	1.116	12.224
1452	-8.212	3.766	12.224
1141	-8.210	3.767	12.224
1511	-8.199	0.537	9.383
1577	-8.199	0.537	9.383
43	-8.175	3.774	9.383
24	-8.174	3.774	9.383
37	-8.174	3.774	9.383
47	-8.174	3.774	9.383
48	-8.174	3.774	9.383
64	-8.174	3.774	9.383
65	-8.174	3.774	9.383
76	-8.174	3.774	9.383
77	-8.174	3.774	11.502
79	-8.174	3.774	11.502
80	-8.174	3.774	9.355
81	-8.174	3.774	9.355
82	-8.174	3.774	11.489
131	-8.174	3.774	5.224
132	-8.174	3.774	9.424
133	-8.174	3.774	9.383
135	-8.174	3.774	9.050
146	-8.174	3.774	9.050
89	-8.174	3.774	9.036
91	-8.174	3.774	9.037
122	-8.174	3.774	9.037
95	-8.173	3.774	9.037
106	-8.173	3.774	8.919
109	-8.173	3.774	8.918
182	-8.171	3.775	9.213
188	-8.171	3.775	9.213
222	-8.171	3.775	9.215
225	-8.171	3.775	9.203
226	-8.171	3.775	9.203
184	-8.171	3.775	9.203
174	-8.170	3.775	9.203
197	-8.170	3.775	9.937
204	-8.170	3.775	9.957
209	-8.170	3.775	9.959
234	-8.170	3.775	10.840
244	-8.137	3.770	10.475
249	-8.137	3.770	9.900
279	-8.133	3.770	8.583
285	-8.133	3.770	0.146
286	-8.133	3.770	15.849
317	-8.133	3.770	15.849
332	-8.133	3.770	15.849
338	-8.133	3.770	15.849
353	-8.133	3.770	15.849
354	-8.133	3.770	15.856
355	-8.133	3.770	15.856
358	-8.133	3.770	15.856
359	-8.133	3.770	15.856
361	-8.133	3.770	15.856
364	-8.133	3.770	15.856
375	-8.133	3.770	15.846
381	-8.133	3.770	15.853
385	-8.133	3.770	15.853
393	-8.133	3.770	0.000
402	-8.133	3.770	0.000
418	-8.133	3.770	0.022
420	-8.133	3.770	0.022
428	-8.133	3.770	0.022
430	-8.133	3.770	0.022
436	-8.133	3.770	0.022
444	-8.133	3.770	0.022
452	-8.133	3.770	15.280
454	-8.133	3.770	15.280
456	-8.133	3.770	15.280
463	-8.133	3.770	15.280
465	-8.133	3.770	15.280
289	-8.132	3.770	15.280
305	-8.132	3.770	15.288
312	-8.132	3.770	15.287
515	-8.132	3.770	15.288
517	-8.132	3.770	1.736
519	-8.132	3.770	1.736
562	-8.132	3.770	1.725
573	-8.132	3.770	1.725
476	-8.132	3.770	1.725
504	-8.131	3.770	1.939
510	-8.131	3.770	1.783
531	-8.131	3.770	1.783
75	-8.129	3.773	1.783
96	-8.129	3.773	1.783
101	-8.129	3.773	1.783
119	-8.129	3.773	1.783
125	-8.129	3.773	1.783
963	-8.129	3.770	1.783
1053	-8.129	3.770	1.783
485	-8.128	3.770	1.783
1238	-8.128	3.770	1.783
1320	-8.128	3.770	1.783
1342	-8.128	3.770	1.783
1346	-8.128	3.770	1.783
1347	-8.128	3.770	1.925
1352	-8.128	3.770	1.925
1353	-8.128	3.770	1.925
1359	-8.128	3.770	1.925
482	-8.128	3.770	1.824
1378	-8.128	3.770	14.661
617	-8.105	3.773	6.125
627	-8.105	3.773	6.129
675	-8.105	3.774	6.129
905	-8.102	3.774	6.129
985	-8.102	3.774	6.129
242	-8.092	3.769	6.125
446	-8.038	0.868	6.129
1514	-8.035	0.868	6.125
377	-8.004	3.777	6.130
481	-7.999	3.777	6.136
373	-7.976	3.781	10.961
540	-7.975	3.781	10.962
1394	-7.972	3.781	10.961
851	-7.928	1.676	7.397
1157	-7.927	1.676	7.397
262	-7.926	1.676	7.397
300	-7.926	1.676	7.397
449	-7.926	1.676	7.397
1205	-7.926	1.676	7.397
1214	-7.926	1.676	7.397
1218	-7.926	1.676	7.397
1431	-7.926	1.676	7.397
1432	-7.926	1.676	7.397
1433	-7.926	1.676	7.397
1442	-7.926	1.676	7.397
1446	-7.926	1.676	7.397
1447	-7.926	1.676	7.397
1450	-7.926	1.676	7.397
1456	-7.926	1.676	7.397
1457	-7.926	1.676	4.838
1464	-7.926	1.676	4.845
1236	-7.924	1.676	4.845
1237	-7.924	1.676	4.845
1321	-7.924	1.676	4.844
1344	-7.924	1.676	4.844
1354	-7.924	1.676	4.845
1380	-7.924	1.676	3.872
1654	-7.924	1.676	12.649
1273	-7.924	1.676	6.099
1289	-7.924	1.676	6.099
1327	-7.924	1.676	6.099
1332	-7.924	1.676	6.099
1334	-7.924	1.676	6.099
1339	-7.924	1.676	6.099
1340	-7.924	1.676	6.101
1370	-7.924	1.676	6.101
1376	-7.924	1.676	6.101
1391	-7.924	1.676	6.101
1393	-7.924	1.676	6.101
1410	-7.924	1.676	6.102
1414	-7.924	1.676	6.101
1482	-7.924	1.676	6.101
1484	-7.924	1.676	6.102
1492	-7.924	1.676	6.107
1530	-7.924	1.676	10.973
1531	-7.924	1.676	10.974
1535	-7.924	1.676	12.300
1545	-7.924	1.676	12.304
1548	-7.924	1.676	12.221
1550	-7.924	1.676	12.221
1551	-7.924	1.676	12.221
1553	-7.924	1.676	7.599
1557	-7.924	1.676	7.600
1565	-7.924	1.676	7.600
1584	-7.924	1.676	7.600
1603	-7.924	1.676	7.600
1604	-7.924	1.676	7.600
1615	-7.924	1.676	7.600
1623	-7.924	1.676	12.224
1626	-7.924	1.676	12.224
1635	-7.924	1.676	12.224
1637	-7.924	1.676	11.025
1638	-7.924	1.676	9.383
499	-7.923	1.676	9.383
1263	-7.923	1.676	9.383
1591	-7.923	1.676	9.383
1592	-7.923	1.676	9.383
1593	-7.923	1.676	9.383
1595	-7.923	1.676	9.383
1598	-7.923	1.676	9.383
1599	-7.923	1.676	9.383
1646	-7.923	1.676	9.383
1647	-7.923	1.676	9.383
1650	-7.923	1.676	9.383
1651	-7.923	1.676	9.383
1399	-7.923	1.676	11.502
1421	-7.922	1.676	9.355
1423	-7.922	1.676	9.355
67	-7.898	3.868	11.489
18	-7.898	3.868	9.424
29	-7.898	3.868	9.383
5	-7.870	3.858	9.050
586	-7.869	1.675	9.036
603	-7.869	1.675	9.037
1453	-7.867	1.675	9.037
1546	-7.865	1.675	9.037
78	-7.848	3.864	8.918
988	-7.717	3.868	0.022
1460	-7.616	1.501	1.925
1232	-7.613	1.501	1.925
1291	-7.613	1.501	1.925
1292	-7.613	1.501	1.925
1387	-7.613	1.501	14.661
1470	-7.613	1.501	6.125
1487	-7.613	1.501	6.125
1502	-7.613	1.501	6.129
1377	-7.612	1.501	6.129
1406	-7.612	1.501	6.129
1407	-7.612	1.501	6.129
1411	-7.612	1.501	6.125
1420	-7.612	1.501	6.130
1552	-7.612	1.501	6.130
1566	-7.612	1.501	6.130
1331	-7.612	1.501	6.130
1424	-7.609	1.501	6.129
1425	-7.609	1.501	6.125
1429	-7.545	1.497	6.129
1251	-7.541	1.496	10.961
1284	-7.541	1.496	10.962
1285	-7.541	1.496	10.961
1290	-7.541	1.496	7.397
1386	-7.541	1.496	7.397
1483	-7.541	1.496	7.397
1264	-7.540	1.496	7.397
1272	-7.540	1.496	7.397
1555	-7.540	1.496	7.397
1445	-7.498	1.546	7.397
1294	-7.494	1.546	4.844
1345	-7.494	1.546	4.845
1469	-7.493	1.546	3.872
1144	-7.464	1.953	6.101
1176	-7.464	1.953	12.297
1195	-7.462	1.953	10.974
1200	-7.462	1.953	10.973
1210	-7.462	1.953	12.304
1435	-7.462	1.953	10.975
1437	-7.462	1.953	12.221
1443	-7.462	1.953	12.221
1444	-7.462	1.953	12.221
1239	-7.461	1.953	7.599
1343	-7.461	1.953	7.600
1355	-7.461	1.953	7.600
1357	-7.461	1.953	7.599
1655	-7.461	1.953	7.600
1656	-7.461	1.953	7.600
1309	-7.460	1.953	7.600
1315	-7.460	1.953	12.235
1350	-7.460	1.953	12.224
1361	-7.460	1.953	12.224
1372	-7.460	1.953	12.239
1412	-7.460	1.953	9.383
1467	-7.460	1.953	9.383
1471	-7.460	1.953	9.383
1475	-7.460	1.953	9.383
1523	-7.460	1.953	9.383
1537	-7.460	1.953	9.383
1543	-7.460	1.953	9.383
1554	-7.460	1.953	9.383
1559	-7.460	1.953	9.383
1567	-7.460	1.953	9.383
1570	-7.460	1.953	9.383
1572	-7.460	1.953	9.383
1581	-7.460	1.953	9.383
1582	-7.460	1.953	11.502
1585	-7.460	1.953	9.355
1587	-7.460	1.953	9.355
1597	-7.460	1.953	9.355
1606	-7.460	1.953	11.489
1610	-7.460	1.953	5.222
1612	-7.460	1.953	9.424
1613	-7.460	1.953	9.051
1614	-7.460	1.953	9.051
1625	-7.460	1.953	9.051
1632	-7.460	1.953	9.037
1633	-7.460	1.953	9.037
1324	-7.460	1.953	9.037
1539	-7.460	1.953	8.918
391	-7.418	1.485	11.674
858	-7.404	1.955	9.213
1360	-7.401	1.955	9.203
1316	-7.400	1.955	9.203
1479	-7.373	1.477	9.203
1196	-7.360	2.215	11.615
1206	-7.360	2.215	9.957
1215	-7.360	2.215	9.957
1242	-7.359	2.215	9.308
1256	-7.359	2.215	10.840
1306	-7.359	2.215	10.483
1312	-7.359	2.215	8.576
1314	-7.359	2.215	10.045
1385	-7.359	2.215	15.849
1392	-7.359	2.215	15.849
1404	-7.359	2.215	15.849
1415	-7.359	2.215	15.849
1466	-7.359	2.215	15.849
1494	-7.359	2.215	15.849
1525	-7.359	2.215	15.856
1564	-7.359	2.215	15.856
1620	-7.359	2.215	15.856
1639	-7.359	2.215	15.856
1640	-7.359	2.215	15.856
498	-7.358	2.216	15.856
1396	-7.358	2.216	15.853
1792	-7.325	1.541	0.000
448	-7.313	2.214	0.026
1371	-7.312	2.214	0.022
1529	-7.312	2.214	0.022
1541	-7.146	1.597	6.125
1619	-7.146	1.597	6.129
1560	-7.146	1.597	6.129
1670	-6.917	1.594	9.383
1296	-6.795	2.041	15.280
1297	-6.795	2.041	15.280
1505	-6.795	2.041	15.280
1549	-6.795	2.041	15.280
1561	-6.795	2.041	15.280
1586	-6.795	2.040	15.280
1588	-6.795	2.041	15.288
1596	-6.795	2.041	15.288
1600	-6.795	2.041	1.734
1605	-6.795	2.041	1.736
1628	-6.795	2.041	1.722
1629	-6.795	2.041	1.725
1636	-6.795	2.041	1.725
1643	-6.795	2.041	1.725
1644	-6.795	2.041	1.943
1645	-6.795	2.041	1.783
1310	-6.795	2.041	1.783
1311	-6.795	2.041	1.783
1329	-6.795	2.041	1.783
1409	-6.795	2.041	1.783
1413	-6.795	2.041	1.783
1544	-6.795	2.041	1.783
1299	-6.794	2.041	1.783
1426	-6.793	2.041	1.783
1574	-6.793	2.041	1.783
1375	-6.739	2.043	6.129
1583	-6.739	2.043	6.130
1608	-6.739	2.043	6.129
2	-6.288	3.646	6.099
7	-6.287	3.646	6.099
11	-6.287	3.645	6.100
86	-6.287	3.645	6.101
120	-6.269	3.646	6.101
10	-6.269	3.646	6.101
12	-6.269	3.646	6.101
20	-6.269	3.646	6.102
22	-6.269	3.646	6.101
23	-6.269	3.646	6.102
31	-6.269	3.646	6.102
33	-6.269	3.646	6.102
44	-6.269	3.646	6.108
51	-6.269	3.646	10.973
59	-6.269	3.646	10.974
152	-6.269	3.646	12.300
772	-6.246	3.845	12.221
100	-6.142	3.645	12.221
45	-6.142	3.645	12.221
58	-6.142	3.645	7.599
88	-6.142	3.645	7.600
90	-6.142	3.645	7.600
104	-6.142	3.645	7.600
649	-5.956	2.485	9.383
690	-5.956	2.487	9.383
1634	-5.955	1.412	9.383
952	-5.953	2.485	9.383
450	-5.950	2.484	9.383
331	-5.949	2.488	9.383
383	-5.949	2.484	11.502
419	-5.949	2.484	11.502
523	-5.949	2.484	9.355
572	-5.949	2.484	9.355
503	-5.948	2.484	11.493
533	-5.948	2.484	11.488
732	-5.947	2.485	9.424
1261	-5.945	2.483	9.383
1507	-5.945	2.484	9.050
1298	-5.859	3.784	0.022
1395	-5.859	3.784	0.022
185	-5.847	3.783	15.280
194	-5.847	3.783	15.280
311	-5.846	3.783	15.280
1179	-5.789	3.120	15.280
1358	-5.788	3.120	15.280
1373	-5.788	3.120	15.280
1486	-5.788	3.120	15.288
1512	-5.788	3.120	15.288
1536	-5.788	3.120	15.288
1405	-5.788	3.120	1.736
1542	-5.788	3.120	1.736
1558	-5.788	3.120	1.725
1563	-5.788	3.120	1.725
1568	-5.788	3.120	1.725
1207	-5.788	3.120	1.725
1448	-5.788	3.120	1.781
1463	-5.788	3.120	1.783
1180	-5.787	3.121	1.783
1228	-5.787	3.120	1.783
1249	-5.787	3.120	1.783
1382	-5.787	3.120	1.783
1579	-5.787	3.120	1.783
882	-5.786	3.121	1.783
1211	-5.786	3.120	1.783
1697	-5.767	2.739	1.783
932	-5.711	3.712	1.783
138	-5.695	2.326	6.125
143	-5.695	2.326	6.129
290	-5.695	2.326	6.136
521	-5.695	2.326	10.961
1186	-5.695	2.326	10.962
1216	-5.695	2.326	10.962
1217	-5.695	2.326	7.397
979	-5.695	2.323	7.397
1231	-5.694	2.326	7.397
1274	-5.694	2.326	7.397
457	-5.684	2.323	7.397
1300	-5.683	2.323	7.397
581	-5.469	2.797	3.872
126	-5.469	2.796	3.874
423	-5.467	2.795	6.099
371	-5.467	2.794	6.099
466	-5.467	2.794	6.099
1244	-5.467	2.794	6.099
1283	-5.467	2.795	6.099
1318	-5.467	2.795	6.099
1416	-5.467	2.795	6.101
1419	-5.467	2.795	6.101
1476	-5.467	2.794	6.101
846	-5.465	2.992	6.101
847	-5.465	2.992	6.101
1341	-5.435	2.905	6.102
1485	-5.435	2.905	6.101
816	-5.431	2.986	6.102
411	-5.426	2.986	6.101
414	-5.426	2.986	12.297
427	-5.426	2.986	10.973
532	-5.426	2.986	10.973
1023	-5.426	2.986	12.300
1191	-5.426	2.986	12.304
1199	-5.426	2.986	12.221
1203	-5.426	2.986	12.221
1209	-5.426	2.986	12.221
1212	-5.426	2.986	7.599
1229	-5.426	2.986	7.600
1246	-5.426	2.986	7.600
1258	-5.426	2.986	7.599
1267	-5.426	2.986	7.600
1270	-5.426	2.986	7.600
1278	-5.426	2.986	7.600
1349	-5.426	2.986	12.224
1451	-5.426	2.986	12.224
1517	-5.425	2.984	12.224
1518	-5.425	2.984	12.239
344	-5.424	2.987	9.383
431	-5.424	2.987	9.383
445	-5.424	2.987	9.383
405	-5.423	2.987	9.383
1011	-5.423	2.987	9.383
1268	-5.423	2.987	9.383
1282	-5.423	2.987	9.383
1348	-5.423	2.987	9.383
1374	-5.423	2.987	9.383
1388	-5.423	2.987	9.383
1417	-5.423	2.987	9.383
1418	-5.423	2.987	9.383
1436	-5.423	2.987	9.383
1439	-5.423	2.987	11.502
1462	-5.423	2.987	9.355
1473	-5.423	2.987	9.355
1496	-5.423	2.987	11.493
1578	-5.423	2.987	11.489
1631	-5.423	2.987	11.499
1397	-5.422	2.986	9.383
1351	-5.412	2.958	9.051
1317	-5.411	2.953	9.050
1438	-5.198	2.649	15.280
1247	-5.197	2.646	15.287
1313	-5.196	2.646	15.288
1569	-5.196	2.646	1.736
1506	-5.196	2.647	1.736
629	-5.032	3.600	4.845
1097	-5.003	3.651	6.099
287	-4.995	3.956	6.101
350	-4.995	3.961	6.101
520	-4.995	3.961	6.101
1024	-4.990	3.959	6.102
1085	-4.990	3.959	6.101
944	-4.990	3.972	6.101
1663	-4.989	3.931	6.101
1666	-4.989	3.956	12.297
1667	-4.989	3.958	10.974
1729	-4.988	3.949	10.973
1660	-4.988	3.954	12.304
1527	-4.988	3.957	12.300
1681	-4.988	3.958	12.221
1682	-4.988	3.966	12.221
1673	-4.988	3.976	12.221
