1850	-14.759	0.000	6.127
1835	-14.567	0.115	6.100
1839	-14.567	0.115	6.100
1842	-14.567	0.115	6.100
1847	-14.567	0.115	6.100
1862	-14.495	0.116	6.100
1868	-14.493	0.116	6.100
1855	-14.492	0.116	6.100
1856	-14.492	0.116	12.295
1884	-14.490	0.116	10.973
1886	-14.490	0.116	10.973
1892	-14.490	0.116	12.302
1819	-12.942	1.148	10.839
1875	-12.885	1.150	8.573
1876	-12.885	1.150	8.106
1879	-12.885	1.150	15.850
1881	-12.885	1.150	15.850
1885	-12.885	1.150	15.850
1887	-12.885	1.150	15.850
1891	-12.885	1.150	15.850
1841	-12.554	1.174	15.856
1843	-12.554	1.174	15.856
1869	-12.491	1.174	15.853
1873	-12.491	1.174	0.003
1878	-12.488	1.174	0.003
1833	-12.311	1.069	0.022
1848	-12.311	1.069	0.022
1831	-12.151	1.066	1.782
1858	-12.136	1.066	1.782
1836	-9.847	1.277	7.396
1830	-9.740	1.271	7.396
1832	-8.482	2.797	14.660
1846	-8.481	2.797	15.091
1849	-8.481	2.797	6.125
1851	-8.481	2.797	6.125
1852	-8.481	2.797	6.129
1853	-8.481	2.797	6.129
1859	-8.460	2.800	6.129
1860	-8.460	2.800	6.129
1863	-8.460	2.800	6.130
1870	-8.457	2.799	6.130
1861	-8.304	2.947	7.600
1865	-8.204	2.895	7.270
1866	-8.204	2.895	9.383
1825	-8.128	3.026	1.783
1828	-8.128	3.026	1.783
1818	-8.112	2.866	6.125
1824	-8.063	2.894	6.130
1826	-8.063	2.894	6.130
1827	-8.063	2.894	6.130
1834	-8.052	2.894	6.129
1821	-7.908	2.885	11.493
1820	-5.999	2.792	9.383
1880	-5.965	2.794	9.383
1840	-5.772	2.046	1.783
