1500	-4.351	0.000	13.812
1257	-4.243	2.872	7.934
1258	-4.243	2.872	7.934
1259	-4.243	2.872	7.934
1260	-4.243	2.872	7.907
1261	-4.243	2.872	7.902
1262	-4.243	2.872	8.030
1263	-4.243	2.872	14.616
1264	-4.243	2.872	7.086
1265	-4.243	2.872	0.001
1266	-4.243	2.872	0.001
1267	-4.243	2.872	0.001
1268	-4.243	2.872	0.001
1269	-4.243	2.872	0.010
1270	-4.243	2.872	0.010
1271	-4.243	2.872	0.010
1272	-4.243	2.872	0.011
1273	-4.243	2.872	6.818
1274	-4.243	2.872	1.462
1275	-4.243	2.872	1.511
1276	-4.243	2.872	0.989
1277	-4.243	2.872	15.598
1278	-4.243	2.872	1.123
1279	-4.243	2.872	0.988
1280	-4.243	2.872	1.192
1281	-4.243	2.872	1.191
1282	-4.243	2.872	4.347
1283	-4.243	2.872	0.962
1284	-4.243	2.872	4.342
1285	-4.243	2.872	3.774
1286	-4.243	2.872	3.774
1287	-4.243	2.872	3.775
1288	-4.243	2.872	3.770
1289	-4.243	2.872	3.770
1290	-4.243	2.872	3.770
1291	-4.243	2.872	3.770
1292	-4.243	2.872	3.770
1293	-4.243	2.872	15.676
1294	-4.243	2.872	0.869
1295	-4.243	2.872	1.675
1296	-4.243	2.872	1.675
1297	-4.243	2.872	1.675
1298	-4.243	2.872	1.675
1299	-4.243	2.872	1.675
1300	-4.243	2.872	1.675
1301	-4.243	2.872	1.675
1302	-4.243	2.872	3.858
1303	-4.243	2.872	5.909
1304	-4.243	2.872	5.902
1305	-4.243	2.872	5.779
1306	-4.243	2.872	5.957
1307	-4.243	2.872	8.921
1308	-4.243	2.872	8.921
1309	-4.243	2.872	1.502
1310	-4.243	2.872	1.502
1311	-4.243	2.872	1.497
1312	-4.243	2.872	6.434
1313	-4.243	2.872	1.547
1314	-4.243	2.872	6.441
1315	-4.243	2.872	1.952
1331	-4.243	2.872	1.952
1332	-4.243	2.872	1.952
1333	-4.243	2.872	1.952
1334	-4.243	2.872	1.486
1335	-4.243	2.872	2.215
1336	-4.243	2.872	2.215
1342	-4.243	2.872	2.214
1343	-4.243	2.872	4.376
1344	-4.243	2.872	4.390
1345	-4.243	2.872	4.389
1346	-4.243	2.872	1.597
1347	-4.243	2.872	4.377
1348	-4.243	2.872	4.365
1349	-4.243	2.872	4.384
1350	-4.243	2.872	4.383
1351	-4.243	2.872	4.383
1352	-4.243	2.872	4.543
1353	-4.243	2.872	4.874
1354	-4.243	2.872	4.109
1355	-4.243	2.872	4.108
1356	-4.243	2.872	4.876
1357	-4.243	2.872	4.300
1358	-4.243	2.872	4.874
1359	-4.243	2.872	2.041
1360	-4.243	2.872	2.041
1361	-4.243	2.872	2.041
1362	-4.243	2.872	4.867
1363	-4.243	2.872	4.708
1364	-4.243	2.872	8.789
1365	-4.243	2.872	4.777
1366	-4.243	2.872	15.168
1367	-4.243	2.872	3.646
1368	-4.243	2.872	3.645
1369	-4.243	2.872	5.163
1370	-4.243	2.872	1.412
1371	-4.243	2.872	2.483
1372	-4.243	2.872	5.183
1373	-4.243	2.872	5.187
1374	-4.243	2.872	5.185
1375	-4.243	2.872	3.784
1380	-4.243	2.872	3.119
1381	-4.243	2.872	3.120
1382	-4.243	2.872	4.223
1383	-4.243	2.872	4.218
1384	-4.243	2.872	2.326
1385	-4.243	2.872	5.282
1386	-4.243	2.872	9.590
1387	-4.243	2.872	2.794
1388	-4.243	2.872	2.986
1389	-4.243	2.872	2.986
1390	-4.243	2.872	2.987
1391	-4.243	2.872	2.987
1392	-4.243	2.872	5.171
1393	-4.243	2.872	5.151
1394	-4.243	2.872	9.012
1395	-4.243	2.872	9.012
1396	-4.243	2.872	14.326
1397	-4.243	2.872	7.378
1398	-4.243	2.872	7.747
1399	-4.243	2.872	7.747
1400	-4.243	2.872	7.747
1401	-4.243	2.872	7.731
1402	-4.243	2.872	9.054
1403	-4.243	2.872	3.652
1404	-4.243	2.872	3.960
1405	-4.243	2.872	8.335
1406	-4.243	2.872	8.848
1407	-4.243	2.872	9.023
1408	-4.243	2.872	9.023
1409	-4.243	2.872	8.856
1410	-4.243	2.872	8.856
1411	-4.243	2.872	9.029
1412	-4.243	2.872	9.029
1413	-4.243	2.872	9.679
1414	-4.243	2.872	9.697
1415	-4.243	2.872	10.889
1416	-4.243	2.872	8.765
1417	-4.243	2.872	8.766
1418	-4.243	2.872	8.764
1419	-4.243	2.872	8.765
1420	-4.243	2.872	9.888
1421	-4.243	2.872	9.444
1422	-4.243	2.872	9.211
1423	-4.243	2.872	8.693
1424	-4.243	2.872	8.750
1425	-4.243	2.872	6.892
1426	-4.243	2.872	8.555
1427	-4.243	2.872	6.797
1428	-4.243	2.872	9.349
1429	-4.243	2.872	7.312
1430	-4.243	2.872	7.646
1431	-4.243	2.872	5.788
1432	-4.243	2.872	7.598
1433	-4.243	2.872	7.596
1434	-4.243	2.872	7.599
1435	-4.243	2.872	7.507
1436	-4.243	2.872	8.287
1437	-4.243	2.872	7.449
1438	-4.243	2.872	7.327
1439	-4.243	2.872	6.922
1440	-4.243	2.872	7.217
1441	-4.243	2.872	7.253
1442	-4.243	2.872	7.255
1443	-4.243	2.872	7.260
1444	-4.243	2.872	7.260
1445	-4.243	2.872	13.956
1446	-4.243	2.872	8.434
1447	-4.243	2.872	7.962
1448	-4.243	2.872	7.961
1449	-4.243	2.872	7.958
1450	-4.243	2.872	7.959
1451	-4.243	2.872	14.425
1452	-4.243	2.872	13.812
1453	-4.243	2.872	7.935
1454	-4.243	2.872	7.934
1455	-4.243	2.872	7.934
1456	-4.243	2.872	7.907
1457	-4.243	2.872	7.902
1506	-4.243	2.872	8.030
1530	-4.243	2.872	14.616
1531	-4.243	2.872	7.086
1532	-4.243	2.872	0.001
1533	-4.243	2.872	0.001
1534	-4.243	2.872	0.001
1535	-4.243	2.872	0.001
1536	-4.243	2.872	0.010
1537	-4.243	2.872	0.010
1538	-4.243	2.872	0.010
1539	-4.243	2.872	0.011
1540	-4.243	2.872	6.818
1541	-4.243	2.872	1.462
1542	-4.243	2.872	1.511
1543	-4.243	2.872	0.989
1544	-4.243	2.872	15.598
1545	-4.243	2.872	1.123
1546	-4.243	2.872	0.988
1547	-4.243	2.872	1.192
1548	-4.243	2.872	1.191
1549	-4.243	2.872	4.347
1550	-4.243	2.872	0.962
1551	-4.243	2.872	4.342
1552	-4.243	2.872	3.774
1553	-4.243	2.872	3.774
1554	-4.243	2.872	3.775
1555	-4.243	2.872	3.770
1556	-4.243	2.872	3.770
1557	-4.243	2.872	3.770
1558	-4.243	2.872	3.770
1559	-4.243	2.872	3.771
1560	-4.243	2.872	15.676
1561	-4.243	2.872	0.869
1562	-4.243	2.872	1.675
1563	-4.243	2.872	1.675
1564	-4.243	2.872	1.675
1565	-4.243	2.872	1.675
1566	-4.243	2.872	1.675
1567	-4.243	2.872	1.675
1568	-4.243	2.872	1.675
1569	-4.243	2.872	3.858
1570	-4.243	2.872	5.910
1571	-4.243	2.872	5.902
1575	-4.243	2.872	5.779
1576	-4.243	2.872	5.957
1577	-4.243	2.872	8.921
1578	-4.243	2.872	8.921
1579	-4.243	2.872	1.502
1580	-4.243	2.872	1.502
1581	-4.243	2.872	1.497
1582	-4.243	2.872	6.434
1583	-4.243	2.872	1.547
1584	-4.243	2.872	6.441
1585	-4.243	2.872	1.952
1586	-4.243	2.872	1.952
1587	-4.243	2.872	1.952
1588	-4.243	2.872	1.952
1589	-4.243	2.872	1.486
1590	-4.243	2.872	2.215
1591	-4.243	2.872	2.215
1592	-4.243	2.872	2.214
1593	-4.243	2.872	4.377
1462	-4.163	2.910	4.390
1463	-4.163	2.910	4.389
1464	-4.163	2.910	1.597
1465	-4.163	2.910	4.377
1466	-4.163	2.910	4.365
1467	-4.163	2.910	4.384
1468	-4.163	2.910	4.384
1469	-4.163	2.910	4.383
1470	-4.163	2.910	4.544
1471	-4.163	2.910	4.874
1472	-4.163	2.910	4.109
1473	-4.163	2.910	4.108
1474	-4.163	2.910	4.877
1475	-4.163	2.910	4.300
1476	-4.163	2.910	4.874
1477	-4.163	2.910	2.040
1478	-4.163	2.910	2.040
1479	-4.163	2.910	2.041
1480	-4.163	2.910	4.867
1481	-4.163	2.910	4.708
1482	-4.163	2.910	8.789
1483	-4.163	2.910	4.777
1484	-4.163	2.910	15.167
1485	-4.163	2.910	3.646
1486	-4.163	2.910	3.645
1487	-4.163	2.910	5.163
1488	-4.163	2.910	1.411
1489	-4.163	2.910	2.483
1490	-4.163	2.910	5.184
1491	-4.163	2.910	5.187
1492	-4.163	2.910	5.186
1493	-4.163	2.910	3.784
1494	-4.163	2.910	3.119
1495	-4.163	2.910	3.120
1507	-3.990	2.770	4.223
1508	-3.990	2.770	4.218
1572	-3.990	2.770	2.326
1573	-3.990	2.770	5.282
1502	-3.986	2.767	9.590
1503	-3.986	2.767	2.795
1504	-3.986	2.767	2.986
1505	-3.986	2.767	2.986
1316	-3.897	2.838	2.987
1317	-3.897	2.838	2.987
1318	-3.897	2.838	5.171
1319	-3.897	2.838	5.151
1320	-3.897	2.838	9.012
1321	-3.897	2.838	9.012
1322	-3.897	2.838	14.326
1323	-3.897	2.838	7.378
1324	-3.897	2.838	7.747
1325	-3.897	2.838	7.747
1326	-3.897	2.838	7.747
1327	-3.897	2.838	7.731
1328	-3.897	2.838	9.054
1329	-3.897	2.838	3.652
1330	-3.897	2.838	3.960
1337	-3.897	2.838	8.335
1338	-3.897	2.838	8.848
1339	-3.897	2.838	9.023
1340	-3.897	2.838	9.023
1341	-3.897	2.838	8.856
1458	-3.897	2.838	8.856
1459	-3.897	2.838	9.029
1460	-3.897	2.838	9.029
1461	-3.897	2.838	9.679
1496	-3.897	2.838	9.697
1497	-3.897	2.838	10.889
1498	-3.897	2.838	8.765
1499	-3.897	2.838	8.766
1509	-3.897	2.838	8.765
1510	-3.897	2.838	8.765
1511	-3.897	2.838	9.888
1512	-3.897	2.838	9.445
1513	-3.897	2.838	9.211
1514	-3.897	2.838	8.693
1515	-3.897	2.838	8.751
1516	-3.897	2.838	6.892
1517	-3.897	2.838	8.555
1518	-3.897	2.838	6.797
1519	-3.897	2.838	9.350
1520	-3.897	2.838	7.312
1521	-3.897	2.838	7.646
1522	-3.897	2.838	5.788
1523	-3.897	2.838	7.598
1524	-3.897	2.838	7.596
1525	-3.897	2.838	7.599
1526	-3.897	2.838	7.507
1527	-3.897	2.838	8.288
1528	-3.897	2.838	7.449
1529	-3.897	2.838	7.327
1574	-3.897	2.838	6.923
1501	-3.892	2.836	7.217
