1269	-13.457	0.000	4.533
1451	-13.457	0.000	4.120
1461	-13.456	0.000	4.094
1330	-13.454	0.001	4.088
1569	-13.371	0.006	7.895
1384	-13.370	0.004	7.895
1189	-13.342	0.005	4.102
1270	-13.305	0.007	4.111
1385	-13.304	0.006	4.299
1334	-13.304	0.006	4.298
1259	-13.303	0.006	15.671
1263	-13.302	0.006	4.327
1326	-13.302	0.006	4.235
1480	-13.259	0.007	6.661
1234	-13.255	0.008	5.181
1692	-13.206	0.293	7.650
1288	-13.194	0.008	7.918
1306	-13.194	0.008	7.918
1236	-13.193	0.008	7.663
1363	-13.193	0.008	7.663
1417	-13.191	0.008	7.924
1714	-13.180	0.308	7.924
1266	-13.150	0.009	7.170
1211	-13.150	0.024	8.658
1557	-13.128	0.323	9.692
1289	-13.107	0.010	7.281
1342	-13.107	0.010	7.277
1372	-13.107	0.010	7.278
1430	-13.107	0.010	9.237
1378	-13.099	0.174	7.888
1260	-12.837	0.607	4.832
1314	-12.769	0.525	4.831
1438	-12.708	0.934	4.831
1441	-12.648	0.733	17.261
1751	-12.183	1.053	0.006
1361	-10.352	3.305	6.445
1400	-10.352	3.305	6.445
1339	-10.351	3.305	6.445
1307	-10.341	3.308	1.638
1450	-10.324	3.297	6.821
1350	-10.130	2.672	6.755
1453	-9.900	2.637	4.836
1405	-9.792	2.635	4.835
1454	-9.759	2.636	4.835
1197	-9.758	2.636	4.835
1477	-9.620	2.634	4.532
1354	-9.555	2.783	4.094
1344	-9.554	2.783	4.088
1442	-9.553	2.783	4.099
1428	-9.447	2.248	9.693
1262	-9.421	2.782	7.283
1406	-9.420	2.782	7.279
1316	-9.406	3.266	9.591
1437	-9.390	2.782	10.141
1452	-9.390	2.782	6.983
1182	-9.390	2.782	6.987
1185	-9.390	2.782	6.992
1198	-9.389	2.782	7.287
1203	-9.389	2.782	8.220
1205	-9.389	2.782	7.027
1222	-9.389	2.782	7.124
1340	-9.389	2.782	6.750
1285	-9.389	2.782	3.912
1415	-9.389	2.782	3.791
1463	-9.389	2.782	3.785
1209	-9.389	2.782	3.788
1409	-9.389	2.782	3.781
1237	-9.275	2.780	6.445
1271	-9.242	2.780	6.755
1274	-9.242	2.780	4.437
1351	-9.242	2.780	6.611
1416	-9.242	2.780	6.418
1180	-9.066	1.402	6.992
1183	-8.929	1.774	6.992
1449	-8.834	1.715	4.437
1391	-8.773	1.207	4.836
1247	-8.705	2.032	7.084
1469	-8.705	2.033	4.532
1594	-8.705	2.033	4.120
1505	-8.705	2.032	4.094
1479	-8.703	2.033	4.299
1319	-8.702	2.028	4.298
1414	-8.702	2.030	15.670
1283	-8.702	2.029	4.326
1304	-8.702	2.030	4.234
1308	-8.702	2.030	1.892
1367	-8.702	2.030	4.484
1425	-8.702	2.030	4.485
1393	-8.701	2.031	1.841
1516	-8.700	2.041	4.820
1303	-8.688	2.073	6.599
1380	-8.683	2.031	4.789
1387	-8.683	2.031	2.701
1462	-8.682	2.025	5.215
1376	-8.682	2.035	2.719
1346	-8.518	3.162	7.925
1299	-8.493	3.148	7.925
1464	-8.479	3.147	7.171
1725	-8.351	3.123	11.148
1475	-8.166	2.842	4.762
1315	-8.102	3.190	6.663
1281	-8.079	3.194	7.919
1467	-7.956	3.033	8.220
1440	-6.668	2.490	10.486
