1763	-15.850	0.000	8.727
1826	-15.459	0.028	7.369
1842	-15.007	0.067	2.410
1853	-15.007	0.067	16.331
1863	-15.007	0.067	12.711
1794	-14.960	0.039	11.617
1849	-14.606	0.066	1.639
1860	-14.526	0.066	6.692
1859	-14.521	0.060	6.755
1771	-14.473	0.069	6.755
1765	-14.252	0.057	4.836
1774	-13.894	3.910	5.966
1786	-13.894	3.910	5.966
1819	-13.437	1.232	4.099
1852	-12.959	1.217	6.688
1769	-12.285	3.430	3.739
1790	-12.285	3.430	7.668
1821	-12.285	3.430	7.668
1793	-12.285	3.430	6.881
1832	-12.284	3.430	6.881
1767	-12.284	3.430	6.878
1791	-11.666	3.400	4.500
1788	-11.663	3.369	4.436
1778	-11.394	1.745	4.490
1865	-11.177	1.808	4.094
1820	-11.176	1.809	7.892
1812	-11.173	1.816	15.669
1817	-11.173	1.814	4.323
1792	-11.173	1.813	4.231
1846	-10.789	3.272	1.836
1845	-10.787	3.265	1.837
1831	-10.739	3.174	4.816
1847	-10.411	3.208	6.441
1775	-10.360	3.209	6.445
1780	-9.943	3.887	4.437
1834	-9.942	3.891	6.611
1828	-9.697	3.135	4.490
1833	-9.571	3.160	4.120
1811	-9.551	3.413	7.896
1855	-9.515	3.372	4.298
1803	-9.503	2.589	4.326
1850	-9.479	3.155	6.787
1796	-9.452	3.154	8.659
1851	-9.246	3.831	16.957
1857	-9.244	3.792	6.688
1764	-9.243	3.873	6.692
1766	-9.243	3.875	6.755
1830	-9.238	3.874	4.836
1861	-9.235	3.811	4.836
1795	-9.235	3.808	4.835
1815	-9.235	3.830	4.835
1762	-9.234	3.884	4.835
1773	-9.230	3.839	4.835
1814	-9.224	3.866	17.263
1848	-9.223	3.841	4.835
1808	-9.221	3.879	17.052
1810	-9.221	3.882	5.947
1809	-9.221	3.882	5.947
1804	-9.221	3.886	5.947
1823	-9.220	3.861	5.947
1783	-9.220	3.885	5.947
1864	-9.216	3.791	6.885
1772	-9.216	3.885	6.882
1799	-9.168	3.713	5.967
1798	-9.168	3.714	5.967
1841	-8.925	3.929	7.287
1781	-8.854	3.937	6.819
1784	-8.853	3.936	6.821
1805	-8.853	3.936	16.957
1824	-8.850	3.935	6.688
1787	-8.630	3.621	10.973
1776	-8.630	3.621	9.687
1777	-8.630	3.621	6.787
1806	-8.572	3.618	7.919
1816	-8.521	3.744	7.665
