93	-17.305	0.000	0.000
122	-17.305	0.000	8.533
50	-17.302	0.013	8.533
12	-14.464	1.764	4.837
14	-14.464	1.764	4.837
30	-14.464	1.764	4.836
75	-14.463	1.764	4.835
529	-13.831	2.018	5.966
2	-13.831	2.018	0.034
106	-13.831	2.018	6.290
175	-13.831	2.018	6.290
212	-13.831	2.018	6.290
278	-13.831	2.018	4.506
434	-13.831	2.018	4.505
444	-13.831	2.018	4.441
8	-13.563	3.204	4.466
123	-13.562	3.204	4.458
169	-13.562	3.204	4.491
303	-13.562	3.204	7.083
527	-13.274	3.158	1.893
149	-13.273	3.160	4.484
73	-13.273	3.158	4.485
78	-13.273	3.158	1.845
80	-13.273	3.158	1.841
145	-13.273	3.158	1.842
189	-13.273	3.158	4.821
197	-13.273	3.159	6.597
208	-13.273	3.158	6.598
221	-13.273	3.158	4.789
223	-13.273	3.158	2.701
241	-13.273	3.158	5.215
324	-13.273	3.158	2.720
451	-13.273	3.158	7.029
456	-13.273	3.158	4.852
461	-13.273	3.158	4.761
10	-13.273	3.158	4.761
15	-13.273	3.158	4.761
53	-13.273	3.158	4.761
247	-13.273	3.158	2.654
164	-13.273	3.159	2.624
587	-13.273	3.163	10.300
277	-13.268	3.147	10.300
555	-13.268	3.159	10.973
428	-13.267	3.172	9.687
439	-13.267	3.164	6.785
454	-13.266	3.177	6.785
174	-13.263	3.188	6.785
508	-13.262	3.181	6.766
401	-13.257	3.187	10.436
472	-13.125	3.203	7.281
557	-13.080	3.217	7.585
108	-13.066	3.490	7.224
142	-13.066	3.490	7.201
291	-13.066	3.480	7.857
564	-13.065	3.490	7.317
170	-13.064	3.489	8.907
29	-13.064	3.489	7.418
51	-13.064	3.489	9.591
58	-13.064	3.489	7.003
109	-13.064	3.489	10.140
220	-13.064	3.490	6.982
299	-13.064	3.489	6.985
404	-13.064	3.489	6.990
410	-13.064	3.489	7.285
239	-13.063	3.489	8.219
486	-13.052	3.467	7.026
493	-13.035	3.219	7.122
1172	-13.022	3.534	6.748
1667	-13.021	3.529	3.912
460	-13.021	3.535	3.791
282	-13.021	3.532	3.785
463	-13.021	3.533	3.789
325	-13.020	3.471	3.782
193	-13.017	3.533	15.957
205	-13.017	3.533	3.815
285	-13.017	3.533	2.338
300	-13.017	3.533	2.322
313	-13.017	3.533	2.317
421	-13.017	3.533	2.410
425	-13.017	3.533	16.328
42	-13.017	3.533	12.706
66	-13.017	3.533	11.612
69	-13.017	3.533	11.613
85	-13.017	3.533	11.612
98	-13.017	3.534	11.596
226	-13.017	3.533	11.592
227	-13.017	3.533	13.742
385	-13.017	3.533	11.144
1752	-13.017	3.533	1.712
209	-13.017	3.534	6.437
233	-13.017	3.533	6.437
100	-13.017	3.533	6.437
1481	-13.017	3.525	6.437
104	-13.013	3.521	6.440
537	-13.008	2.746	6.441
47	-13.003	2.746	6.441
87	-13.003	2.746	6.441
133	-13.003	2.746	1.640
176	-13.003	2.746	6.800
321	-13.003	2.746	6.815
396	-13.003	2.746	6.816
574	-12.993	3.214	16.955
294	-12.979	3.434	6.684
484	-12.947	3.413	6.751
469	-12.897	3.508	6.751
70	-12.896	3.575	4.434
481	-12.856	2.781	6.413
143	-12.818	3.262	4.831
1666	-12.772	3.539	4.831
216	-12.593	3.430	4.831
381	-12.593	3.430	17.051
245	-12.593	3.431	5.943
459	-12.593	3.431	5.943
482	-12.593	3.431	5.943
13	-12.592	3.431	5.943
266	-12.592	3.431	5.943
25	-12.592	3.434	5.943
349	-12.592	3.434	5.943
582	-12.586	3.515	3.471
572	-12.541	3.571	3.518
412	-12.481	3.391	3.520
203	-12.480	3.488	3.600
1078	-12.257	3.521	0.008
554	-12.134	3.634	0.005
232	-12.081	3.437	5.964
1086	-11.837	3.783	5.963
995	-11.795	3.642	6.287
138	-11.773	3.741	6.288
518	-11.710	3.802	4.500
418	-11.563	3.798	7.083
524	-11.483	3.897	4.486
399	-11.382	3.846	4.455
504	-11.380	3.870	4.461
533	-11.274	3.881	4.453
201	-10.799	3.750	1.840
