1195	-7.271	0.000	11.148
1216	-7.270	0.016	1.711
1470	-7.266	0.014	6.441
1370	-7.265	0.014	6.445
1444	-7.265	0.014	6.445
1397	-7.263	0.013	6.445
1358	-7.262	0.013	1.638
1426	-7.261	0.013	6.804
1429	-7.261	0.013	6.819
1333	-7.259	0.013	6.821
1181	-7.176	0.045	0.032
1188	-7.176	0.045	6.291
1231	-7.176	0.045	6.291
1233	-7.176	0.045	6.291
1476	-7.176	0.045	4.505
1208	-7.170	0.044	4.490
1411	-7.169	0.044	4.494
1412	-7.169	0.044	4.459
1194	-7.168	0.044	4.465
1213	-7.168	0.044	4.457
1214	-7.168	0.044	4.490
1218	-7.168	0.044	7.084
1219	-7.168	0.044	4.532
1230	-7.168	0.044	4.120
1245	-7.168	0.044	4.094
1252	-7.168	0.044	4.088
1255	-7.168	0.044	4.099
1300	-7.168	0.044	7.896
1324	-7.168	0.044	7.896
1221	-7.166	0.044	7.896
1297	-7.166	0.044	4.102
1375	-7.166	0.044	4.110
1433	-7.166	0.044	4.299
1241	-7.165	0.043	4.298
1276	-7.165	0.043	15.670
1294	-7.165	0.043	4.326
1352	-7.165	0.043	4.234
1355	-7.165	0.043	1.892
1356	-7.165	0.043	4.484
1359	-7.165	0.043	4.485
1360	-7.165	0.043	1.844
1305	-7.164	0.044	1.841
1310	-7.164	0.043	1.841
1318	-7.164	0.043	4.820
1320	-7.164	0.043	6.598
1321	-7.164	0.043	6.599
1395	-7.164	0.043	4.789
1427	-7.164	0.044	2.701
1268	-7.163	0.043	5.215
1347	-7.163	0.043	2.719
1348	-7.163	0.043	7.031
1364	-7.163	0.043	4.852
1365	-7.163	0.043	4.762
1419	-7.163	0.043	4.762
1443	-7.163	0.044	4.761
1249	-7.163	0.041	4.761
1379	-7.160	0.043	2.653
1383	-7.160	0.043	2.624
1389	-7.160	0.043	10.301
1392	-7.160	0.043	10.300
1439	-7.160	0.043	10.973
1435	-7.122	0.581	6.663
1192	-7.107	0.055	10.437
1199	-7.107	0.054	5.181
1201	-7.107	0.055	5.187
1210	-7.107	0.054	7.651
1212	-7.107	0.054	7.919
1215	-7.107	0.054	7.919
1217	-7.107	0.054	7.665
1223	-7.107	0.055	7.664
1224	-7.107	0.054	7.925
1226	-7.107	0.054	7.925
1229	-7.107	0.055	7.171
1243	-7.107	0.055	8.659
1251	-7.107	0.054	9.693
1254	-7.107	0.054	7.283
1273	-7.107	0.055	7.283
1287	-7.107	0.055	7.279
1298	-7.107	0.054	7.279
1323	-7.107	0.055	9.239
1331	-7.107	0.055	7.889
1377	-7.107	0.055	7.586
1424	-7.107	0.055	7.226
1457	-7.107	0.055	7.202
1436	-7.068	0.599	8.908
1193	-7.060	0.601	7.420
1482	-7.033	3.716	3.791
1336	-6.958	0.044	3.520
1413	-6.933	3.730	0.032
1204	-6.931	3.730	6.291
1202	-6.931	3.730	6.291
1398	-6.924	3.730	6.291
1312	-6.924	3.730	4.505
1420	-6.923	3.730	4.504
1408	-6.899	1.385	4.102
1265	-6.898	3.739	4.110
1313	-6.898	3.741	4.299
1220	-6.821	3.424	7.283
1278	-6.820	3.424	7.279
1302	-6.796	3.421	7.319
1343	-6.795	3.420	8.908
1407	-6.751	2.433	10.970
1403	-6.738	3.843	9.434
1369	-6.737	2.416	9.419
1206	-6.733	3.843	14.436
1332	-6.733	3.844	13.307
1410	-6.609	2.733	8.085
1388	-6.564	3.893	8.227
1478	-6.563	3.891	8.227
1238	-6.562	3.891	8.226
1267	-6.560	3.893	9.381
1309	-6.559	3.893	9.382
1190	-6.551	3.426	9.259
1512	-6.548	3.427	8.950
1471	-6.548	3.427	9.381
1349	-6.547	3.427	9.384
1290	-6.533	2.732	9.381
1184	-6.509	3.429	9.379
1186	-6.509	3.429	9.842
1187	-6.509	3.429	8.945
1200	-6.506	3.429	9.098
1239	-6.505	3.429	8.175
1248	-6.505	3.429	8.365
1250	-6.505	3.429	8.371
1256	-6.505	3.429	8.179
1327	-6.505	3.429	8.934
1311	-6.505	3.429	8.934
1322	-6.505	3.429	8.934
1399	-6.505	3.429	8.181
1240	-6.477	3.117	7.926
1286	-6.477	3.117	21.250
1257	-6.476	3.117	9.675
1711	-6.473	3.428	9.850
1272	-6.447	3.116	7.668
1381	-6.430	2.342	8.817
1253	-6.401	3.950	7.663
1244	-6.401	3.954	7.664
1474	-6.401	3.954	7.661
1458	-6.401	3.955	8.536
1317	-6.400	3.955	7.173
1329	-6.400	3.952	7.173
1357	-6.400	3.956	8.675
1335	-6.400	3.955	7.571
1196	-6.397	3.951	7.736
1559	-6.393	3.391	2.134
1282	-6.390	3.982	7.376
1390	-6.375	3.947	7.351
1301	-6.358	3.944	7.348
1371	-6.329	2.361	7.348
1373	-6.329	2.361	7.693
1423	-6.320	2.890	7.698
1579	-6.320	2.824	9.573
1568	-6.316	2.961	9.573
1345	-6.315	3.081	9.909
1670	-6.314	3.102	10.058
1295	-6.314	3.089	2.073
1235	-6.304	2.870	2.073
1232	-6.304	2.872	2.073
1468	-6.292	1.670	2.084
1362	-6.286	1.399	2.081
1448	-6.285	1.727	9.327
1293	-6.284	2.871	7.768
1264	-6.274	2.836	7.749
1338	-6.270	3.073	4.737
1258	-6.270	2.895	4.846
1368	-6.269	3.069	4.846
1459	-6.267	3.010	4.753
1279	-6.260	2.360	4.842
1275	-6.253	1.343	4.842
1401	-6.221	1.297	3.624
1207	-6.206	2.873	1.957
1456	-6.195	2.615	3.079
1432	-6.176	3.986	4.470
1460	-6.137	3.476	8.913
1402	-6.136	2.855	4.533
1191	-6.062	3.252	10.177
1434	-6.040	2.557	3.528
1292	-6.040	2.553	8.684
1280	-5.998	3.264	2.832
1353	-5.998	3.263	5.466
1277	-5.997	3.269	4.624
1246	-5.961	2.841	4.342
1396	-5.959	2.842	11.088
1394	-5.958	2.843	10.977
1418	-5.958	2.843	10.972
1422	-5.956	2.867	10.975
1242	-5.953	3.289	10.970
1228	-5.953	3.540	21.357
1431	-5.944	3.255	10.965
1421	-5.941	3.249	9.434
1225	-5.933	3.293	9.419
1337	-5.917	3.507	9.573
1227	-5.916	3.054	21.840
1341	-5.915	3.507	14.436
1261	-5.896	3.565	13.308
1296	-5.884	3.743	13.308
1374	-5.884	3.743	13.270
1066	-5.871	3.067	13.267
1455	-5.869	3.512	15.075
1445	-5.839	3.514	12.701
1064	-5.835	3.518	8.915
1074	-5.835	3.518	8.964
946	-5.835	3.518	8.963
1025	-5.835	3.518	8.963
1178	-5.835	3.518	8.963
1446	-5.833	3.215	8.963
903	-5.829	3.222	8.962
1325	-5.816	3.517	8.962
1328	-5.816	3.516	8.962
1013	-5.813	3.579	8.458
1472	-5.809	3.216	9.003
1447	-5.807	3.218	8.980
1382	-5.807	3.219	8.979
1291	-5.782	3.980	22.790
1473	-5.752	3.648	8.920
1404	-5.626	2.179	8.939
1284	-4.885	2.812	8.875
