1558	-9.371	0.000	11.597
284	-9.370	0.001	11.148
1600	-9.370	0.001	1.711
1610	-9.370	0.001	6.441
1483	-9.370	0.001	6.441
1548	-9.370	0.001	6.441
1561	-9.370	0.001	6.441
310	-9.251	2.120	6.445
1637	-9.251	2.120	1.638
1659	-9.251	2.120	6.804
314	-9.251	2.120	6.819
345	-9.251	2.120	6.821
1735	-9.219	2.822	5.947
1721	-9.218	2.822	5.947
495	-9.218	2.119	3.473
202	-9.217	2.119	3.520
346	-9.217	2.119	3.522
471	-9.217	2.119	3.601
215	-9.217	2.119	3.741
498	-9.217	2.119	7.668
453	-9.217	2.119	7.668
457	-9.217	2.119	6.885
207	-9.185	1.008	0.011
1671	-9.185	1.008	0.000
1648	-9.185	1.008	5.968
386	-9.158	2.910	5.967
101	-9.158	2.910	0.032
180	-9.158	2.910	6.291
238	-9.158	2.910	6.291
347	-9.158	2.910	6.291
368	-9.158	2.910	4.505
389	-9.158	2.910	4.504
449	-9.158	2.910	4.440
450	-9.158	2.910	7.088
290	-9.157	2.910	4.490
354	-9.157	2.910	4.494
380	-9.157	2.910	4.459
390	-9.157	2.910	4.465
1017	-9.157	2.910	4.457
1506	-9.157	2.910	4.490
1507	-9.157	2.910	7.084
1523	-9.157	2.910	4.532
1575	-9.157	2.910	4.120
1617	-9.157	2.910	4.094
1620	-9.157	2.910	4.088
1623	-9.157	2.910	4.099
1624	-9.157	2.910	7.896
1630	-9.157	2.910	7.896
1631	-9.157	2.910	7.896
1635	-9.157	2.910	4.102
1636	-9.157	2.910	4.110
1640	-9.157	2.910	4.299
1647	-9.157	2.910	4.298
1649	-9.157	2.910	15.670
1651	-9.157	2.910	4.326
1661	-9.157	2.910	4.234
1694	-9.157	2.910	1.892
1695	-9.157	2.910	4.484
1704	-9.157	2.910	4.485
1484	-9.157	2.910	1.844
1487	-9.157	2.910	1.841
1490	-9.157	2.910	1.841
1491	-9.157	2.910	4.820
1492	-9.157	2.910	6.598
1494	-9.157	2.910	6.599
1495	-9.157	2.910	4.789
1503	-9.157	2.910	2.701
1577	-9.157	2.910	5.215
1583	-9.157	2.910	2.719
1588	-9.157	2.910	7.031
1589	-9.157	2.910	4.852
1591	-9.157	2.910	4.762
1678	-9.157	2.910	4.762
60	-9.156	2.910	4.761
552	-9.134	3.105	7.925
236	-9.133	3.105	7.925
383	-9.133	3.105	7.171
1049	-9.132	3.103	8.659
1652	-9.132	3.104	9.693
417	-9.132	3.105	7.283
1511	-9.132	3.105	7.283
1573	-9.132	3.105	7.279
1597	-9.132	3.105	7.279
1612	-9.132	3.105	9.239
1615	-9.132	3.105	7.889
1625	-9.132	3.105	7.586
1653	-9.132	3.105	7.226
1696	-9.132	3.105	7.202
1500	-9.132	3.105	7.859
1501	-9.132	3.105	7.319
1555	-9.132	3.105	8.908
1592	-9.132	3.105	7.420
1684	-9.132	3.105	9.591
1713	-9.131	3.104	7.005
1728	-9.131	3.105	10.141
505	-8.977	1.241	2.624
1724	-8.976	1.241	10.301
1739	-8.976	1.241	10.300
1750	-8.976	1.241	10.973
1578	-8.975	1.240	6.788
1601	-8.975	1.241	6.788
1619	-8.975	1.241	6.768
1643	-8.975	1.241	6.663
1522	-8.974	1.241	5.181
1545	-8.974	1.240	5.187
1668	-8.974	1.241	7.651
1629	-8.922	2.393	8.220
1690	-8.922	2.394	7.027
1498	-8.922	2.394	7.124
1504	-8.922	2.394	6.750
1509	-8.922	2.394	3.912
1519	-8.922	2.394	3.791
1593	-8.922	2.394	3.785
1688	-8.922	2.394	3.788
1744	-8.922	2.394	3.781
1675	-8.922	2.394	15.959
1722	-8.921	2.394	3.815
1719	-8.921	2.393	2.335
1729	-8.921	2.394	2.320
1740	-8.921	2.393	2.315
1727	-8.921	2.393	2.408
1717	-8.921	2.394	16.330
1608	-8.921	2.393	12.710
1712	-8.920	2.394	11.617
427	-8.919	2.394	11.618
1590	-8.915	2.396	11.617
1642	-8.742	3.065	4.835
1587	-8.742	3.065	4.835
1606	-8.742	3.065	4.835
1698	-8.742	3.069	4.835
1741	-8.741	3.065	4.835
1746	-8.741	3.065	17.263
1679	-8.741	3.061	4.835
1660	-8.644	2.746	4.761
1515	-8.639	2.311	2.653
414	-8.596	2.830	6.788
1689	-8.593	1.482	6.788
1566	-8.593	1.480	6.768
1693	-8.593	1.480	6.663
1734	-8.592	1.480	5.181
1736	-8.592	1.480	5.187
1645	-8.565	2.921	7.919
338	-8.520	2.874	7.664
517	-8.257	2.128	6.291
514	-8.256	2.128	6.291
1510	-8.256	2.128	6.291
1521	-8.256	2.128	4.505
1525	-8.256	2.128	4.504
1530	-8.256	2.128	4.440
1532	-8.256	2.128	7.088
1533	-8.256	2.128	4.490
1534	-8.256	2.128	4.494
1536	-8.256	2.128	4.459
1538	-8.256	2.128	4.465
1540	-8.256	2.128	4.457
1542	-8.256	2.128	4.490
1546	-8.256	2.128	7.084
1547	-8.256	2.128	4.532
1549	-8.256	2.128	4.120
1552	-8.256	2.128	4.094
1553	-8.256	2.128	4.088
1554	-8.256	2.128	4.099
1556	-8.256	2.128	7.896
1560	-8.256	2.128	7.896
1567	-8.256	2.128	7.896
1570	-8.256	2.128	4.102
1585	-8.256	2.128	4.110
1595	-8.256	2.128	4.299
1613	-8.256	2.128	4.298
1616	-8.256	2.128	15.670
1618	-8.256	2.128	4.326
1627	-8.256	2.128	4.234
1656	-8.256	2.128	1.892
1677	-8.256	2.128	4.484
1680	-8.256	2.128	4.485
1682	-8.256	2.128	1.844
1697	-8.256	2.128	1.841
1699	-8.256	2.128	1.841
1732	-8.256	2.128	4.820
1749	-8.256	2.128	6.598
1614	-8.256	2.122	6.599
1657	-8.230	1.881	4.789
1672	-8.230	1.881	2.701
1673	-8.230	1.882	5.215
1745	-8.229	1.881	7.031
1603	-8.211	1.687	4.852
1628	-8.136	3.560	4.761
1665	-8.136	3.561	2.653
1621	-8.136	3.558	2.624
1488	-8.073	3.285	7.919
1527	-8.073	3.285	7.665
1574	-8.073	3.285	7.664
1581	-8.073	3.285	7.925
1604	-8.073	3.285	7.925
1703	-8.073	3.285	7.171
1706	-8.073	3.285	8.659
1716	-8.073	3.285	9.693
1720	-8.073	3.285	7.283
1662	-7.977	3.716	10.141
1683	-7.977	3.717	6.983
1584	-7.890	3.693	6.750
1605	-7.890	3.693	3.912
1622	-7.890	3.695	3.791
1626	-7.890	3.693	3.785
1638	-7.890	3.693	3.788
1646	-7.890	3.694	3.781
1654	-7.890	3.693	15.959
1663	-7.890	3.693	3.815
1531	-7.890	3.694	2.335
1535	-7.890	3.694	2.320
1539	-7.890	3.693	2.315
1543	-7.890	3.694	2.408
1563	-7.890	3.694	16.330
1571	-7.890	3.693	12.710
1633	-7.890	3.694	11.617
1691	-7.890	3.694	11.618
1707	-7.890	3.694	11.617
1710	-7.890	3.694	11.601
1756	-7.890	3.694	11.597
1761	-7.890	3.694	13.746
1726	-7.889	3.694	11.148
1655	-7.824	2.442	6.441
1758	-7.631	2.878	3.601
1731	-7.591	3.242	6.291
1742	-7.582	3.398	6.291
