1071	-9.632	0.000	6.501
1072	-9.632	0.000	15.628
227	-9.631	0.000	6.375
1104	-9.631	0.000	6.620
1109	-9.631	0.000	6.226
1121	-9.631	0.000	6.226
1144	-9.631	0.000	6.226
1162	-9.631	0.000	6.463
1173	-9.631	0.000	7.402
1146	-9.630	0.001	15.834
1149	-9.630	0.001	7.379
1150	-9.630	0.001	7.379
1154	-9.630	0.001	7.379
1211	-9.630	0.000	7.383
1228	-9.629	0.000	5.519
1235	-9.629	0.000	6.750
1369	-9.629	0.000	5.475
1417	-9.629	0.000	5.480
1430	-9.629	0.000	3.784
1439	-9.629	0.000	3.784
1288	-9.628	0.000	3.784
1353	-9.628	0.000	3.786
1358	-9.628	0.000	3.791
1361	-9.628	0.000	3.792
1323	-9.627	0.001	3.792
1331	-9.626	0.001	5.589
1333	-9.626	0.001	3.762
1334	-9.626	0.001	3.810
1190	-9.606	0.835	4.006
1068	-9.606	0.835	4.006
1077	-9.605	0.834	3.814
1079	-9.605	0.835	3.814
1090	-9.605	0.834	3.821
1106	-9.605	0.834	3.816
1107	-9.605	0.834	3.459
1188	-9.605	0.835	3.467
209	-9.605	0.835	3.467
263	-9.605	0.835	3.468
1097	-9.605	0.834	3.462
1098	-9.605	0.834	3.462
1100	-9.605	0.834	3.462
1120	-9.605	0.834	3.462
1130	-9.605	0.834	3.462
1133	-9.605	0.834	3.462
1134	-9.605	0.834	3.457
1129	-9.605	0.837	3.472
187	-9.604	0.834	4.445
1210	-9.604	0.834	4.445
1140	-9.604	0.834	4.445
218	-9.604	0.834	4.445
1195	-9.603	0.834	4.445
1222	-9.603	0.834	4.445
1223	-9.603	0.834	17.112
1239	-9.602	0.834	3.929
1241	-9.602	0.834	4.727
1266	-9.602	0.834	4.658
1317	-9.602	0.834	3.931
1393	-9.602	0.834	8.449
1431	-9.602	0.834	8.449
1452	-9.602	0.834	8.449
1287	-9.602	0.834	3.595
1427	-9.601	0.834	3.598
1246	-9.601	0.834	4.813
1306	-9.601	0.834	4.812
1309	-9.601	0.834	4.820
1327	-9.601	0.834	8.536
1366	-9.601	0.834	4.575
1403	-9.601	0.834	4.575
1445	-9.601	0.834	4.575
1330	-9.599	0.834	4.575
128	-9.563	0.007	4.729
159	-9.563	0.007	4.968
290	-9.563	0.007	8.415
297	-9.563	0.007	1.805
322	-9.563	0.007	1.901
362	-9.563	0.007	1.902
421	-9.563	0.007	1.808
440	-9.563	0.007	1.809
1207	-9.562	0.007	1.825
479	-9.561	0.007	1.817
499	-9.561	0.007	1.817
517	-9.561	0.007	4.136
65	-9.528	0.830	1.532
125	-9.528	0.830	1.698
162	-9.528	0.830	1.696
194	-9.528	0.830	1.700
222	-9.528	0.830	1.701
286	-9.528	0.830	5.030
293	-9.528	0.830	5.030
393	-9.528	0.830	1.700
415	-9.528	0.830	1.695
455	-9.528	0.830	1.650
457	-9.528	0.830	7.760
464	-9.528	0.830	16.538
1069	-9.528	0.830	2.919
1078	-9.528	0.830	2.917
1082	-9.528	0.830	3.341
334	-9.527	0.830	18.361
242	-9.525	0.830	2.870
528	-9.525	0.830	3.384
536	-9.525	0.830	3.385
77	-9.483	0.766	3.387
462	-9.400	0.823	2.950
251	-9.002	0.831	7.113
304	-9.002	0.831	7.095
307	-9.002	0.831	6.953
371	-9.002	0.831	6.752
1067	-9.002	0.831	5.769
1075	-9.002	0.831	2.088
1113	-9.002	0.831	6.723
1115	-9.002	0.831	7.071
1135	-9.002	0.831	7.071
1169	-9.002	0.831	7.071
1147	-9.001	0.831	6.861
1242	-9.000	0.831	6.861
1318	-9.000	0.831	7.079
1351	-9.000	0.831	7.166
1172	-8.971	0.818	7.354
1220	-8.969	0.818	9.011
1328	-8.967	0.818	7.286
1453	-8.954	0.830	7.285
1085	-8.914	0.481	7.049
1108	-8.914	0.481	6.663
1117	-8.914	0.481	6.387
1168	-8.914	0.481	5.424
1410	-8.914	0.481	6.274
1205	-8.913	0.481	6.284
1236	-8.912	0.481	6.284
1238	-8.912	0.481	5.898
1267	-8.912	0.481	5.999
1261	-8.912	0.481	6.034
1421	-8.912	0.481	7.441
1435	-8.912	0.481	6.245
1221	-8.912	0.481	18.001
1360	-8.911	0.481	6.494
308	-8.858	0.482	7.379
327	-8.858	0.482	7.379
356	-8.858	0.482	7.383
381	-8.858	0.482	5.519
1155	-8.858	0.482	6.750
278	-8.858	0.483	5.475
341	-8.768	0.484	5.589
359	-8.768	0.484	3.761
417	-8.768	0.484	3.810
1390	-8.748	0.485	3.814
1406	-8.748	0.485	3.821
1706	-8.748	0.485	3.815
291	-8.606	1.058	3.467
1091	-8.372	1.646	8.449
1101	-8.372	1.646	3.594
1102	-8.372	1.646	3.598
1116	-8.372	1.646	4.813
1119	-8.372	1.646	4.812
1131	-8.372	1.646	4.820
1153	-8.372	1.646	8.536
1160	-8.372	1.646	4.575
271	-8.370	1.646	4.575
353	-8.370	1.646	4.575
357	-8.370	1.646	4.575
369	-8.370	1.646	4.976
384	-8.370	1.646	4.729
466	-8.370	1.646	4.968
478	-8.369	1.646	8.415
1196	-8.369	1.646	1.805
1385	-8.369	1.646	1.901
1386	-8.369	1.646	1.902
1388	-8.369	1.646	1.808
1457	-8.369	1.646	1.809
1231	-8.369	1.646	1.825
1234	-8.369	1.646	1.817
1237	-8.369	1.646	1.817
1240	-8.369	1.646	4.136
1259	-8.369	1.646	1.505
1264	-8.369	1.646	1.504
1265	-8.369	1.646	1.532
1282	-8.369	1.646	1.698
1298	-8.369	1.646	1.697
1373	-8.369	1.646	1.700
1377	-8.369	1.646	1.701
1444	-8.369	1.646	5.030
451	-8.333	1.645	2.870
472	-8.333	1.645	3.384
1422	-8.332	1.645	3.387
226	-8.271	0.759	7.081
707	-8.264	3.821	7.092
48	-8.257	3.820	6.953
123	-8.254	3.825	6.752
126	-8.254	3.825	5.769
135	-8.254	3.825	2.088
158	-8.254	3.825	6.723
279	-8.254	3.825	7.072
305	-8.254	3.825	7.072
432	-8.254	3.825	7.072
510	-8.254	3.820	6.861
1178	-8.248	3.820	6.861
1213	-8.246	3.819	7.079
90	-8.246	3.820	7.167
113	-8.246	3.820	7.356
166	-8.246	3.820	7.354
298	-8.246	3.820	9.012
365	-8.246	3.820	7.286
241	-8.245	3.824	7.285
1244	-8.245	3.824	7.286
1303	-8.245	3.824	7.286
1319	-8.245	3.824	7.911
1401	-8.245	3.824	7.183
1651	-8.245	3.824	6.697
1749	-8.245	3.824	7.922
83	-8.245	3.820	7.394
156	-8.244	3.820	5.512
470	-8.244	3.820	5.456
70	-8.237	3.824	6.950
87	-8.237	3.824	7.050
88	-8.237	3.824	6.663
89	-8.237	3.824	6.387
116	-8.237	3.824	5.424
118	-8.237	3.824	6.274
134	-8.237	3.824	6.285
153	-8.237	3.824	6.285
163	-8.237	3.824	5.899
168	-8.237	3.824	5.999
192	-8.237	3.824	6.034
215	-8.237	3.824	7.441
219	-8.237	3.824	3.440
220	-8.237	3.824	18.711
330	-8.237	3.824	4.480
1250	-8.237	3.819	4.478
506	-8.236	3.819	4.476
503	-8.235	3.819	15.759
1404	-8.186	3.812	2.668
1125	-8.163	1.078	5.242
164	-8.109	1.364	5.552
1189	-8.099	1.077	5.601
255	-8.098	1.077	5.601
358	-8.098	1.077	5.449
389	-8.098	1.077	5.602
420	-8.098	1.077	4.137
459	-8.098	1.077	4.138
465	-8.098	1.077	4.138
1074	-8.097	1.077	4.138
1103	-8.097	1.077	4.136
519	-8.096	1.077	4.136
1073	-8.094	1.911	4.136
1076	-8.094	1.911	4.136
1084	-8.094	1.911	4.134
1088	-8.094	1.911	4.136
1093	-8.094	1.911	4.132
1122	-8.094	1.911	4.131
1123	-8.094	1.911	4.805
1143	-8.094	1.911	4.805
1171	-8.094	1.911	4.805
1152	-8.093	1.911	4.805
211	-8.092	1.911	4.805
339	-8.092	1.911	4.805
449	-8.092	1.911	17.035
469	-8.092	1.911	4.342
1186	-8.092	1.911	3.696
1191	-8.092	1.911	3.690
1230	-8.091	1.911	4.339
1269	-8.091	1.911	7.287
1302	-8.091	1.911	7.286
1311	-8.091	1.911	7.286
1312	-8.091	1.910	5.697
1342	-8.091	1.911	5.696
1344	-8.091	1.911	1.547
1379	-8.091	1.911	1.547
1413	-8.091	1.911	1.556
1462	-8.091	1.911	7.381
1179	-8.091	1.910	4.823
1180	-8.091	1.911	4.823
1200	-8.091	1.911	4.823
1201	-8.091	1.911	4.823
1209	-8.091	1.911	1.687
1212	-8.091	1.910	5.183
1290	-8.091	1.911	1.679
1215	-8.091	1.911	7.255
1216	-8.091	1.911	3.665
1276	-8.091	1.911	3.627
1381	-8.091	1.911	3.625
1382	-8.091	1.911	3.661
1387	-8.091	1.911	3.660
1408	-8.091	1.911	3.625
1245	-8.090	1.910	3.636
1304	-8.090	1.911	3.629
1307	-8.090	1.910	3.900
1308	-8.090	1.911	3.481
1362	-8.090	1.910	3.481
1402	-8.090	1.911	3.467
1424	-8.090	1.910	3.044
1324	-8.090	1.910	3.041
1335	-8.090	1.911	3.025
154	-7.986	1.073	3.027
214	-7.986	1.073	3.017
370	-7.986	1.073	6.905
1214	-7.925	3.850	4.038
545	-7.917	3.847	3.469
546	-7.917	3.847	3.467
516	-7.916	3.847	4.604
530	-7.916	3.847	1.479
533	-7.915	3.847	1.487
412	-7.909	3.840	6.269
435	-7.909	3.840	6.247
238	-7.908	3.850	6.140
111	-7.907	3.848	8.935
396	-7.906	3.848	8.424
78	-7.906	3.848	4.005
146	-7.906	3.848	8.931
385	-7.906	3.848	7.336
1217	-7.899	3.839	7.336
1348	-7.899	3.839	7.336
1224	-7.897	3.847	7.098
515	-7.897	3.847	7.098
257	-7.892	3.840	7.342
120	-7.892	3.840	6.656
272	-7.892	3.840	6.798
302	-7.892	3.840	6.797
335	-7.892	3.840	9.133
360	-7.892	3.840	6.859
244	-7.882	3.839	6.855
246	-7.882	3.839	6.856
504	-7.882	3.839	6.856
1163	-7.499	1.321	1.702
1313	-7.468	2.604	1.696
1412	-7.468	2.604	1.651
1436	-7.468	2.604	7.763
1296	-7.434	3.613	7.116
1083	-7.426	1.883	7.116
1086	-7.426	1.883	7.116
1087	-7.426	1.883	7.098
1092	-7.426	1.883	6.956
1105	-7.426	1.883	6.752
1099	-7.426	1.883	5.769
1124	-7.426	1.883	2.088
1127	-7.426	1.883	6.724
1449	-7.426	1.883	7.074
1137	-7.425	1.883	7.074
1183	-7.425	1.883	7.074
1202	-7.425	1.883	6.864
1227	-7.425	1.883	6.864
1229	-7.425	1.883	7.082
1243	-7.425	1.883	7.170
1247	-7.425	1.883	7.359
1251	-7.425	1.883	7.357
1254	-7.425	1.883	9.014
1258	-7.425	1.883	7.289
1268	-7.425	1.883	7.288
1286	-7.425	1.883	7.289
1365	-7.425	1.883	7.289
1368	-7.425	1.883	7.915
1375	-7.425	1.883	7.186
1392	-7.425	1.883	6.700
1400	-7.425	1.883	7.925
1415	-7.425	1.883	7.398
1416	-7.425	1.883	5.513
1438	-7.425	1.883	5.457
1177	-7.425	1.884	6.953
349	-7.422	1.887	7.053
427	-7.422	1.887	6.666
1112	-7.422	1.887	6.389
1338	-7.328	1.436	3.815
1110	-7.206	2.010	4.446
1111	-7.206	2.010	4.446
1126	-7.205	2.010	4.446
1139	-7.205	2.010	4.446
1248	-7.205	2.010	17.110
102	-7.180	2.148	3.929
148	-7.180	2.148	8.453
450	-7.180	2.148	8.453
514	-7.179	2.148	3.594
1164	-7.157	2.816	3.598
1185	-7.156	2.816	4.814
1206	-7.156	2.816	4.813
1226	-7.156	2.816	4.822
1275	-7.156	2.816	8.540
1285	-7.156	2.816	4.576
1364	-7.156	2.816	4.576
491	-7.060	2.873	4.978
1070	-7.033	2.644	4.730
1081	-7.033	2.644	4.970
1089	-7.033	2.644	8.418
1166	-7.032	2.644	1.803
416	-7.031	2.644	1.899
456	-7.031	2.644	1.900
486	-7.031	2.644	1.806
1277	-7.031	2.644	1.807
1280	-7.031	2.644	1.822
1281	-7.031	2.644	1.815
1208	-7.031	2.644	1.814
1359	-7.031	2.644	4.134
1193	-7.030	2.644	1.502
1652	-7.018	3.890	1.501
321	-6.987	2.273	2.917
1283	-6.986	1.792	2.915
429	-6.962	3.425	3.342
1249	-6.961	2.632	18.359
1292	-6.960	3.424	2.869
1329	-6.960	3.424	3.386
1736	-6.960	3.424	3.387
431	-6.939	2.330	3.389
501	-6.932	2.683	16.406
231	-6.931	2.683	5.303
376	-6.931	2.683	5.302
386	-6.931	2.683	2.947
394	-6.931	2.683	2.952
409	-6.931	2.683	2.949
424	-6.931	2.683	2.409
452	-6.931	2.683	2.635
487	-6.930	2.683	3.130
1158	-6.930	2.683	4.101
1161	-6.930	2.683	2.695
1167	-6.930	2.683	2.693
1194	-6.930	2.683	2.698
1347	-6.930	2.683	4.036
1383	-6.930	2.683	2.655
1396	-6.930	2.683	2.651
1432	-6.930	2.683	7.081
1456	-6.930	2.683	7.093
1376	-6.864	3.739	7.359
789	-6.862	3.403	7.357
476	-6.845	2.764	7.289
1080	-6.845	2.763	7.289
1138	-6.845	2.763	7.915
1141	-6.845	2.763	7.186
1148	-6.845	2.764	6.700
1151	-6.845	2.764	7.925
1219	-6.845	2.764	7.398
1232	-6.845	2.764	5.513
1233	-6.845	2.764	5.457
1447	-6.845	2.764	6.953
1182	-6.844	2.764	7.053
1203	-6.844	2.764	6.666
1297	-6.844	2.764	6.389
1300	-6.844	2.764	5.424
1321	-6.844	2.764	6.277
1332	-6.844	2.764	6.287
1340	-6.844	2.764	6.287
1363	-6.844	2.764	5.901
1370	-6.844	2.764	6.002
1378	-6.844	2.764	6.036
1425	-6.844	2.764	7.443
1094	-6.801	2.719	6.500
1096	-6.801	2.719	15.626
1118	-6.801	2.719	6.375
1184	-6.800	2.719	6.620
1187	-6.800	2.719	6.227
1256	-6.800	2.719	6.226
1175	-6.799	2.719	6.227
811	-6.785	3.432	15.832
333	-6.779	3.714	7.378
336	-6.779	3.714	7.378
461	-6.779	3.714	7.378
1689	-6.774	3.713	7.382
541	-6.763	3.405	5.520
32	-6.758	3.405	6.748
240	-6.755	3.403	5.476
256	-6.754	3.405	5.481
268	-6.754	3.405	3.783
315	-6.754	3.405	3.783
133	-6.754	3.404	3.783
167	-6.754	3.404	3.785
172	-6.754	3.404	3.790
195	-6.754	3.404	3.791
228	-6.754	3.404	3.791
280	-6.754	3.404	5.590
197	-6.754	3.404	3.761
253	-6.754	3.405	3.809
320	-6.754	3.404	3.735
382	-6.754	3.405	17.016
399	-6.754	3.405	4.005
407	-6.754	3.405	4.006
260	-6.753	3.404	3.813
274	-6.753	3.405	3.814
299	-6.753	3.404	3.821
157	-6.753	3.404	3.815
204	-6.753	3.404	3.456
419	-6.753	3.404	3.464
443	-6.753	3.404	3.464
447	-6.753	3.404	3.465
338	-6.753	3.404	3.460
477	-6.751	3.402	3.460
507	-6.751	3.402	3.460
1315	-6.750	3.402	3.459
276	-6.748	3.404	3.459
1157	-6.747	3.403	3.460
483	-6.746	3.402	3.454
1454	-6.746	3.402	3.469
1681	-6.746	3.397	4.445
1704	-6.746	3.398	4.445
1762	-6.746	3.395	4.445
1418	-6.745	3.402	4.445
82	-6.741	3.707	4.445
182	-6.739	3.397	4.445
190	-6.739	3.397	17.110
1341	-6.724	2.849	3.927
480	-6.675	2.988	4.813
511	-6.675	2.988	4.822
521	-6.675	2.988	8.540
523	-6.675	2.988	4.576
1271	-6.656	2.976	4.978
1255	-6.655	2.976	4.730
1395	-6.619	2.812	8.419
488	-6.611	2.811	1.802
1095	-6.611	2.810	1.899
323	-6.609	2.810	1.900
366	-6.608	2.810	1.806
413	-6.608	2.809	1.807
475	-6.517	2.788	1.822
1252	-6.420	2.556	1.702
1345	-6.420	2.556	5.029
1372	-6.420	2.556	5.029
1426	-6.420	2.556	1.701
