728	-7.329	0.000	7.378
743	-7.329	0.001	7.378
770	-7.329	0.000	7.382
797	-7.329	0.000	5.520
810	-7.329	0.001	6.749
813	-7.329	0.000	5.476
823	-7.329	0.001	5.481
848	-7.329	0.001	3.783
849	-7.329	0.001	3.784
871	-7.329	0.000	3.784
915	-7.329	0.000	3.785
934	-7.329	0.001	3.791
946	-7.329	0.000	3.792
989	-7.329	0.000	3.792
579	-7.329	0.001	5.590
587	-7.329	0.001	3.762
607	-7.329	0.001	3.809
625	-7.329	0.000	3.735
626	-7.329	0.001	17.016
645	-7.329	0.001	4.006
652	-7.329	0.001	4.006
657	-7.329	0.001	3.814
689	-7.329	0.001	3.814
696	-7.329	0.001	3.821
991	-7.232	0.107	3.460
984	-7.231	0.107	3.460
1042	-7.230	0.107	3.454
1024	-7.229	0.107	3.469
1055	-7.229	0.107	4.446
957	-7.082	1.302	4.576
804	-6.929	0.026	5.780
893	-6.929	0.026	7.116
948	-6.928	0.025	7.116
675	-6.927	0.027	7.116
681	-6.927	0.026	7.098
847	-6.927	0.026	6.956
925	-6.927	0.026	6.752
1063	-6.927	0.025	5.769
954	-6.926	0.472	2.088
1066	-6.926	0.472	6.724
1062	-6.812	0.107	17.999
955	-6.805	1.337	6.496
1034	-6.798	1.342	6.463
943	-6.786	1.335	7.400
732	-6.722	2.184	4.725
737	-6.722	2.184	4.656
746	-6.722	2.184	3.929
881	-6.720	2.185	8.453
882	-6.720	2.185	8.453
981	-6.712	2.178	8.452
875	-6.671	2.180	4.576
765	-6.670	2.180	4.576
953	-6.670	2.180	4.576
855	-6.626	0.470	4.970
573	-6.470	1.886	1.815
629	-6.470	1.886	1.814
654	-6.470	1.886	4.134
659	-6.470	1.886	1.502
839	-6.470	1.886	1.501
664	-6.442	1.811	1.529
876	-6.442	1.810	1.699
623	-6.414	1.715	7.763
651	-6.414	1.715	16.537
661	-6.414	1.715	2.916
725	-6.414	1.715	2.915
781	-6.414	1.715	3.342
784	-6.414	1.715	18.359
834	-6.414	1.715	2.869
930	-6.414	1.715	3.386
918	-6.400	1.716	3.387
568	-6.399	2.224	3.389
580	-6.399	2.224	16.406
582	-6.399	2.224	5.302
592	-6.399	2.224	5.302
593	-6.399	2.224	2.947
595	-6.399	2.224	2.952
600	-6.399	2.224	2.949
606	-6.399	2.224	2.408
610	-6.399	2.224	2.635
615	-6.399	2.224	3.130
619	-6.399	2.224	4.101
624	-6.399	2.224	2.695
628	-6.399	2.224	2.693
646	-6.399	2.224	2.698
649	-6.399	2.224	4.035
683	-6.399	2.224	2.655
692	-6.399	2.224	2.651
780	-6.399	2.224	7.082
824	-6.399	2.224	7.093
868	-6.399	2.224	5.780
890	-6.399	2.224	7.116
1026	-6.391	1.819	7.116
826	-6.376	2.224	7.074
691	-6.375	2.224	6.864
666	-6.375	2.224	6.864
672	-6.375	2.224	7.082
741	-6.375	2.224	7.170
794	-6.375	2.224	7.360
763	-6.361	2.164	7.358
783	-6.361	2.164	9.014
863	-6.305	2.240	7.915
963	-6.305	2.240	7.186
979	-6.305	2.240	6.700
982	-6.305	2.240	7.925
676	-6.305	2.240	7.398
835	-6.269	2.240	5.513
650	-6.268	2.241	5.457
754	-6.268	2.241	6.953
896	-6.268	2.241	7.053
864	-6.268	2.241	6.666
996	-6.268	2.241	6.390
973	-6.267	2.241	5.424
913	-6.267	2.241	6.277
924	-6.267	2.241	6.287
1030	-6.266	2.241	6.287
1047	-6.266	2.241	5.901
1048	-6.266	2.241	6.002
1058	-6.266	2.241	6.037
1060	-6.266	2.241	7.443
1015	-6.265	2.428	8.370
1014	-6.265	2.241	17.594
808	-6.240	1.905	8.351
944	-6.237	1.906	8.351
1061	-6.227	1.738	8.352
617	-6.153	3.353	6.024
621	-6.130	3.572	6.029
642	-6.130	3.572	6.029
733	-6.130	3.572	6.025
558	-6.085	3.142	6.025
585	-6.085	3.142	6.025
590	-6.085	3.142	6.026
602	-6.085	3.142	6.029
655	-6.085	3.142	6.026
660	-6.085	3.142	6.026
677	-6.085	3.142	6.031
668	-6.043	3.143	2.114
758	-6.031	3.346	2.114
711	-6.030	3.346	16.928
787	-6.030	3.346	6.092
949	-6.030	3.346	7.344
960	-5.997	2.729	7.160
998	-5.997	2.729	7.160
559	-5.963	2.829	5.827
630	-5.963	2.829	5.845
637	-5.963	2.829	6.009
821	-5.963	2.829	6.007
974	-5.959	3.354	6.010
986	-5.959	3.354	6.011
1023	-5.958	3.354	2.669
778	-5.918	3.146	5.788
570	-5.917	3.146	5.786
563	-5.917	3.146	5.576
564	-5.917	3.146	18.482
553	-5.904	2.833	4.256
577	-5.904	2.834	5.584
581	-5.904	2.833	5.583
584	-5.904	2.833	5.584
588	-5.904	2.833	15.604
724	-5.904	2.834	0.001
571	-5.867	3.611	4.742
919	-5.867	3.611	4.746
556	-5.821	3.370	8.534
557	-5.821	3.370	7.890
560	-5.821	3.370	7.949
561	-5.821	3.370	7.950
566	-5.821	3.370	10.142
572	-5.821	3.370	7.727
599	-5.821	3.370	7.726
603	-5.821	3.370	7.726
639	-5.821	3.369	7.726
644	-5.821	3.369	8.288
647	-5.821	3.369	7.907
665	-5.821	3.370	7.579
669	-5.821	3.370	8.296
670	-5.821	3.370	7.999
720	-5.821	3.369	7.511
775	-5.821	3.369	7.373
782	-5.821	3.369	6.333
790	-5.821	3.369	7.305
812	-5.821	3.370	6.300
850	-5.821	3.369	6.879
1025	-5.821	3.369	7.179
591	-5.771	3.815	9.611
614	-5.771	3.815	9.612
631	-5.771	3.815	9.612
627	-5.765	2.766	9.615
727	-5.765	2.766	7.474
929	-5.762	3.695	9.187
911	-5.748	2.768	7.464
1009	-5.747	2.768	7.458
583	-5.746	3.820	3.120
634	-5.746	3.820	3.119
679	-5.746	3.820	3.119
795	-5.746	3.820	3.118
764	-5.732	3.391	3.113
950	-5.715	2.829	3.275
662	-5.694	2.785	3.272
1005	-5.694	2.785	3.234
608	-5.693	2.786	3.271
710	-5.693	2.785	6.023
729	-5.693	2.786	6.029
768	-5.693	2.785	6.029
773	-5.693	2.786	6.029
842	-5.693	2.786	6.025
618	-5.667	2.727	6.025
632	-5.667	2.727	6.025
601	-5.666	2.727	6.029
786	-5.666	2.727	6.026
1036	-5.666	2.727	6.025
752	-5.657	3.366	6.031
753	-5.657	3.366	2.114
597	-5.657	3.366	2.114
667	-5.657	3.366	2.114
833	-5.657	3.366	2.114
841	-5.657	3.366	2.114
916	-5.657	3.366	2.114
921	-5.657	3.366	16.928
932	-5.657	3.366	6.092
938	-5.657	3.366	7.344
964	-5.657	3.366	7.318
965	-5.657	3.366	6.094
966	-5.657	3.366	7.160
1064	-5.657	3.366	7.160
589	-5.656	3.366	7.160
716	-5.656	3.366	3.428
730	-5.656	3.366	3.425
769	-5.656	3.366	6.589
1044	-5.656	3.366	6.590
704	-5.634	2.053	7.173
712	-5.634	2.052	1.864
1041	-5.634	2.052	1.864
562	-5.633	3.922	1.864
576	-5.633	3.922	1.864
605	-5.633	3.922	6.289
612	-5.633	3.922	2.098
635	-5.633	3.922	6.278
643	-5.633	3.922	7.143
686	-5.633	3.922	6.343
694	-5.633	3.922	6.329
701	-5.633	3.922	6.329
762	-5.633	3.923	6.343
678	-5.632	3.922	6.343
697	-5.630	3.477	6.348
698	-5.615	2.736	6.343
799	-5.614	2.371	6.339
687	-5.614	2.736	6.728
939	-5.614	2.736	5.828
616	-5.574	3.850	5.827
640	-5.574	3.850	5.845
774	-5.574	3.849	6.008
779	-5.574	3.850	6.006
578	-5.573	3.850	6.010
937	-5.565	3.393	6.011
869	-5.561	3.392	2.669
891	-5.561	3.392	2.669
903	-5.561	3.392	6.010
908	-5.561	3.391	6.004
920	-5.561	3.392	5.920
952	-5.561	3.392	7.133
1004	-5.561	3.392	15.944
968	-5.561	3.391	5.788
897	-5.561	3.392	5.786
936	-5.561	3.392	5.576
1040	-5.560	3.392	18.482
1043	-5.560	3.392	4.256
1018	-5.560	3.392	5.584
1022	-5.560	3.392	5.582
977	-5.555	2.747	5.584
744	-5.552	3.861	2.658
927	-5.552	3.861	1.631
816	-5.549	3.859	3.038
620	-5.542	3.856	5.699
739	-5.542	3.856	9.538
995	-5.542	3.856	9.555
815	-5.541	3.856	8.388
598	-5.541	3.856	6.490
613	-5.541	3.856	6.490
622	-5.541	3.856	6.490
883	-5.541	3.856	6.474
706	-5.536	3.856	8.391
709	-5.536	3.856	5.186
673	-5.529	3.109	9.042
759	-5.502	2.754	7.726
785	-5.367	2.911	7.908
1054	-5.367	2.912	7.579
817	-5.359	3.255	8.296
567	-5.340	3.969	7.511
857	-5.340	3.970	7.373
931	-5.309	2.826	7.305
853	-5.309	2.826	6.300
926	-5.309	2.826	6.879
713	-5.307	3.994	7.179
611	-5.306	3.994	6.896
653	-5.306	3.994	6.893
671	-5.306	3.994	6.893
755	-5.306	3.994	6.836
935	-5.246	2.834	8.289
1065	-5.245	2.834	9.119
990	-5.243	2.792	8.379
1052	-5.242	2.789	8.375
1021	-5.241	2.789	8.375
723	-5.226	2.952	15.344
914	-5.226	2.952	9.611
1006	-5.226	2.952	9.612
717	-5.090	2.111	6.029
874	-5.073	2.846	2.114
993	-5.073	2.846	16.928
997	-5.073	2.846	6.092
708	-5.072	2.843	6.094
879	-5.072	2.847	7.160
959	-5.059	3.610	6.343
873	-5.059	3.609	6.329
901	-5.059	3.609	6.329
951	-5.059	3.609	6.343
962	-5.059	3.609	6.343
1001	-5.059	3.609	6.348
940	-5.058	3.609	6.007
865	-5.051	3.816	6.011
912	-5.042	3.354	2.669
987	-5.042	3.355	6.010
1059	-5.041	3.343	6.005
969	-5.041	3.348	5.920
814	-4.550	3.674	9.042
