966	-6.098	0.000	8.691
885	-6.098	0.004	8.635
962	-6.079	0.048	7.281
1323	-6.066	0.201	7.235
969	-6.054	0.043	7.235
848	-6.054	0.035	7.289
954	-6.054	0.035	7.982
897	-6.054	0.036	8.201
953	-6.054	0.035	8.197
893	-6.054	0.033	8.466
935	-6.054	0.036	8.533
945	-6.054	0.037	8.535
845	-6.054	0.041	8.536
927	-6.054	0.030	8.536
909	-6.053	0.037	8.810
1288	-6.053	0.034	7.467
1015	-6.053	0.035	8.406
1235	-6.053	0.036	8.820
1315	-6.053	0.035	8.187
842	-6.053	0.067	2.100
1068	-6.052	0.028	2.268
1094	-6.052	0.037	8.454
1088	-6.052	0.039	7.350
976	-6.052	0.036	8.036
1080	-6.052	0.073	7.536
1049	-6.051	0.032	2.355
1095	-6.051	0.072	7.358
1303	-6.048	0.095	7.371
1002	-6.048	0.084	7.371
1249	-6.047	0.097	6.886
1355	-6.047	0.097	6.888
1009	-6.046	0.138	6.552
1392	-6.045	0.069	6.566
1273	-6.039	0.152	11.566
973	-6.036	0.131	11.476
1178	-6.025	0.074	11.532
1132	-6.017	0.339	11.532
1209	-6.015	0.343	11.530
1155	-6.011	0.382	11.478
1106	-6.007	0.299	19.140
1350	-6.006	0.461	11.597
1113	-6.005	0.355	11.105
1195	-6.003	0.342	11.103
1205	-5.968	0.669	11.103
1198	-5.962	0.628	19.607
1031	-5.958	0.477	3.868
1138	-5.943	0.683	19.407
1173	-5.934	0.707	3.846
1356	-5.906	0.194	19.399
716	-5.902	0.097	3.847
1115	-5.896	0.061	3.851
1317	-5.896	0.067	10.399
1213	-5.896	0.065	11.086
1276	-5.896	0.075	10.377
1327	-5.896	0.067	10.379
872	-5.896	0.871	6.675
1167	-5.895	0.064	6.674
1166	-5.895	0.049	6.675
1269	-5.893	0.104	6.675
516	-5.890	0.053	6.680
577	-5.890	0.051	6.680
344	-5.888	0.031	10.458
1105	-5.888	0.185	9.646
47	-5.882	0.045	6.694
280	-5.882	0.051	6.277
1553	-5.881	0.096	20.781
65	-5.881	0.047	6.862
751	-5.881	0.042	6.862
1218	-5.881	0.051	6.568
1217	-5.879	0.089	6.568
249	-5.879	0.082	6.693
839	-5.879	0.057	6.570
864	-5.879	0.056	7.888
871	-5.879	0.063	7.899
841	-5.879	0.060	7.899
850	-5.879	0.058	7.900
856	-5.879	0.059	7.894
861	-5.879	0.067	7.894
905	-5.879	0.059	7.894
1254	-5.878	0.060	7.894
955	-5.878	0.065	7.891
902	-5.878	0.055	7.895
1237	-5.878	0.062	7.898
99	-5.878	0.057	7.909
847	-5.877	0.069	7.724
936	-5.877	0.049	7.724
1103	-5.877	0.054	7.724
1361	-5.877	0.038	7.724
1379	-5.877	0.033	7.724
1212	-5.877	0.044	7.724
1013	-5.877	0.052	7.724
1026	-5.877	0.064	9.720
1143	-5.877	0.055	9.715
1107	-5.877	0.076	9.694
1046	-5.877	0.059	9.576
1099	-5.877	0.059	10.102
1370	-5.877	0.075	10.102
986	-5.877	0.058	10.101
979	-5.877	0.058	6.169
1070	-5.877	0.064	6.170
1208	-5.877	0.059	6.175
1255	-5.877	0.049	9.582
1074	-5.877	0.061	9.591
1101	-5.877	0.057	10.177
1285	-5.877	0.046	7.866
1054	-5.877	0.059	7.866
1139	-5.877	0.065	7.866
1110	-5.877	0.080	7.866
1038	-5.877	0.067	6.203
1337	-5.877	0.080	7.844
1084	-5.877	0.397	7.844
1050	-5.876	0.061	10.067
1331	-5.876	0.042	6.233
1267	-5.876	0.040	6.241
1274	-5.876	0.081	10.242
50	-5.875	0.098	6.245
1144	-5.875	0.061	6.253
1224	-5.875	0.043	6.286
1367	-5.875	0.091	6.286
1151	-5.875	0.085	6.301
1233	-5.875	0.127	5.838
1300	-5.875	0.137	5.967
1279	-5.874	0.072	5.845
1486	-5.874	0.083	6.019
1076	-5.874	0.087	5.842
1072	-5.874	0.111	5.863
829	-5.873	0.095	5.862
1117	-5.873	0.074	6.699
404	-5.872	0.113	6.699
1366	-5.872	0.085	5.867
1141	-5.871	0.093	5.859
961	-5.871	0.119	5.918
1362	-5.870	0.059	9.559
1011	-5.869	0.077	5.682
970	-5.869	0.127	7.450
1098	-5.869	0.139	7.450
1102	-5.868	0.184	7.481
69	-5.867	0.098	22.876
1069	-5.866	0.084	7.085
1130	-5.865	0.101	8.033
48	-5.864	0.123	8.033
1048	-5.864	0.148	8.037
1207	-5.862	0.065	20.663
1057	-5.861	0.133	7.875
1395	-5.860	0.147	7.875
1283	-5.858	0.074	6.720
1047	-5.858	0.117	7.502
1308	-5.858	0.297	7.502
1566	-5.858	0.360	6.473
1334	-5.857	0.111	7.123
1244	-5.857	0.322	6.869
934	-5.857	0.336	6.523
1192	-5.856	0.506	6.520
720	-5.855	0.105	6.520
1179	-5.855	0.179	6.522
1180	-5.855	0.515	6.798
424	-5.853	0.134	7.204
1234	-5.853	0.307	7.201
56	-5.852	0.275	3.319
1203	-5.852	0.372	3.331
1058	-5.851	0.122	5.423
547	-5.849	0.250	8.705
1364	-5.848	0.195	8.705
1012	-5.848	0.574	8.705
1299	-5.846	0.431	8.635
124	-5.842	0.175	3.035
1318	-5.837	0.234	1.358
1112	-5.837	0.401	4.939
140	-5.833	0.399	2.982
1253	-5.833	0.424	7.280
114	-5.833	0.480	7.282
1004	-5.830	0.424	7.281
238	-5.830	0.519	7.235
1358	-5.829	0.186	7.235
72	-5.829	0.327	7.289
1365	-5.826	0.265	7.982
1359	-5.825	0.403	8.201
1328	-5.823	0.270	8.197
1377	-5.823	0.467	8.466
1142	-5.822	0.395	8.533
1039	-5.820	0.507	8.536
1325	-5.819	0.567	8.536
1316	-5.819	0.596	8.810
202	-5.809	0.549	8.406
85	-5.808	0.732	8.820
1186	-5.806	0.524	2.100
437	-5.806	0.611	2.268
369	-5.802	0.472	7.350
1282	-5.795	0.562	8.036
1140	-5.790	0.525	7.536
463	-5.785	0.572	7.358
1215	-5.783	0.677	7.371
1333	-5.782	0.639	7.371
1231	-5.781	0.710	6.886
1349	-5.780	0.700	6.888
1354	-5.780	0.715	6.552
1225	-5.755	0.808	11.476
401	-5.752	0.759	11.532
1383	-5.749	1.108	11.530
438	-5.730	0.836	19.140
828	-5.729	1.786	11.597
854	-5.729	1.785	11.105
817	-5.729	1.785	11.103
941	-5.728	1.789	11.104
795	-5.728	1.785	19.606
880	-5.728	1.786	3.868
1164	-5.727	1.785	19.406
952	-5.726	1.794	3.846
1277	-5.726	0.836	19.399
858	-5.725	1.779	3.846
1417	-5.724	0.900	3.851
831	-5.723	1.768	10.399
904	-5.720	1.792	11.086
1503	-5.720	0.869	10.378
1281	-5.719	1.126	10.379
574	-5.716	0.887	6.674
812	-5.712	1.782	6.674
518	-5.669	1.644	6.674
1463	-5.653	0.927	6.681
1292	-5.640	1.034	6.680
422	-5.573	1.042	9.647
1258	-5.570	2.655	6.693
160	-5.564	1.791	6.276
1029	-5.557	1.791	7.894
1034	-5.557	1.792	7.894
984	-5.550	2.663	7.894
877	-5.550	2.656	7.894
1065	-5.549	2.672	7.891
1341	-5.548	2.812	7.894
1025	-5.548	2.802	7.898
849	-5.546	1.792	7.909
910	-5.545	1.793	7.723
918	-5.545	1.791	7.723
990	-5.544	1.792	7.723
1314	-5.544	1.792	7.723
1373	-5.544	1.792	7.723
992	-5.544	1.787	7.723
546	-5.543	1.794	7.723
806	-5.538	2.670	9.715
855	-5.538	2.669	9.694
874	-5.538	2.669	9.576
875	-5.538	2.668	10.102
857	-5.538	2.668	10.102
982	-5.537	2.673	10.101
981	-5.537	2.672	6.168
789	-5.537	2.660	6.169
826	-5.536	2.691	6.175
1241	-5.536	2.671	9.582
1122	-5.535	2.673	9.591
931	-5.535	2.675	10.177
943	-5.535	2.674	7.866
1024	-5.535	2.676	7.866
1036	-5.535	2.674	7.866
1040	-5.535	2.674	7.866
1075	-5.535	2.672	6.202
1116	-5.535	2.672	7.844
1127	-5.535	2.675	7.844
1174	-5.535	2.674	10.067
1019	-5.535	2.671	6.233
903	-5.535	2.672	6.241
915	-5.535	2.672	10.242
997	-5.535	2.676	6.245
1021	-5.535	2.672	6.253
1041	-5.535	2.674	6.286
1129	-5.535	2.672	6.286
1162	-5.535	2.673	6.301
1087	-5.535	2.670	5.838
922	-5.535	2.666	5.967
928	-5.535	2.669	5.966
1063	-5.535	2.671	5.845
1128	-5.535	2.667	6.019
1329	-5.534	2.693	5.842
886	-5.534	2.679	5.863
1042	-5.534	2.684	5.862
882	-5.534	2.662	6.699
1194	-5.533	2.704	6.699
1007	-5.530	2.964	5.867
924	-5.530	2.702	5.860
1078	-5.529	2.620	5.918
1149	-5.529	2.614	9.560
946	-5.527	2.708	5.683
1027	-5.525	2.596	7.450
1044	-5.524	2.741	7.450
1232	-5.523	2.815	7.481
989	-5.515	2.373	22.876
816	-5.514	2.372	7.084
866	-5.514	2.371	8.033
862	-5.514	2.371	8.033
879	-5.514	2.372	8.037
883	-5.514	2.372	20.663
887	-5.514	2.372	7.875
896	-5.514	2.372	7.875
916	-5.514	2.372	6.720
919	-5.514	2.372	7.502
949	-5.514	2.372	7.502
1172	-5.507	2.875	6.473
1305	-5.506	2.914	7.123
1159	-5.505	2.899	6.869
1182	-5.503	2.911	6.523
1125	-5.490	2.981	6.520
1150	-5.487	2.983	6.520
1389	-5.429	2.055	6.798
988	-5.422	1.840	7.204
452	-5.394	2.578	7.202
59	-5.394	2.601	3.320
1176	-5.393	2.668	8.705
599	-5.393	2.633	8.705
719	-5.393	2.579	8.692
196	-5.391	2.537	1.359
74	-5.391	2.643	4.939
393	-5.391	2.576	2.982
615	-5.391	2.578	7.281
144	-5.390	2.662	7.282
494	-5.390	2.567	7.282
1321	-5.390	2.563	7.236
1471	-5.390	2.596	7.236
428	-5.389	2.640	7.290
1401	-5.388	2.531	7.983
320	-5.386	2.548	8.201
166	-5.385	2.634	8.198
138	-5.383	2.598	8.467
109	-5.383	2.580	8.534
203	-5.382	2.483	8.536
163	-5.381	2.377	8.536
185	-5.380	2.377	8.537
133	-5.380	2.376	8.810
296	-5.380	2.492	7.468
655	-5.379	2.525	8.406
1424	-5.377	2.653	8.821
1436	-5.377	2.658	8.188
1434	-5.377	2.647	2.101
1247	-5.377	2.619	2.269
37	-5.377	2.591	8.455
1003	-5.376	2.580	8.037
1264	-5.376	2.613	7.537
1148	-5.376	2.609	2.355
1158	-5.375	2.580	7.358
1236	-5.375	2.594	7.372
1147	-5.374	2.651	7.372
1014	-5.374	2.555	6.887
1242	-5.373	2.677	6.566
1071	-5.373	2.655	9.392
458	-5.373	2.658	10.011
968	-5.373	2.552	9.943
408	-5.373	2.659	9.943
381	-5.372	2.681	9.952
1346	-5.372	2.537	9.961
663	-5.371	2.377	20.491
336	-5.371	2.763	9.860
1439	-5.369	2.403	8.700
1322	-5.369	2.675	8.694
579	-5.369	2.691	8.694
999	-5.369	2.635	20.950
712	-5.368	2.457	11.262
1051	-5.366	2.375	20.685
484	-5.366	2.387	11.233
1085	-5.365	2.721	20.678
1451	-5.363	2.513	11.234
269	-5.362	2.371	11.239
1378	-5.362	2.835	8.015
621	-5.361	2.350	9.205
477	-5.360	2.385	7.314
189	-5.359	2.336	8.737
597	-5.359	2.717	8.736
860	-5.359	2.624	8.736
1406	-5.358	2.610	8.737
1005	-5.356	2.653	8.738
1248	-5.356	2.660	8.740
1229	-5.356	2.627	7.058
89	-5.355	2.439	7.058
870	-5.355	2.692	7.058
940	-5.355	2.663	7.058
1185	-5.355	2.655	7.058
1204	-5.355	2.653	7.058
1270	-5.355	2.646	7.058
1351	-5.355	2.620	8.890
616	-5.354	2.370	8.940
1227	-5.354	2.691	8.992
1053	-5.354	2.623	9.031
1033	-5.353	2.606	2.667
161	-5.352	2.653	2.667
339	-5.352	2.647	2.667
71	-5.352	2.631	7.220
1616	-5.352	2.739	7.220
974	-5.351	2.376	7.218
318	-5.351	2.643	6.852
456	-5.350	2.372	6.858
58	-5.350	2.375	2.740
29	-5.350	2.375	6.944
118	-5.350	2.375	6.943
244	-5.350	2.375	6.943
376	-5.350	2.375	6.943
304	-5.350	2.375	7.211
101	-5.350	2.369	7.079
293	-5.350	2.673	7.079
75	-5.349	2.808	2.635
234	-5.348	2.371	7.393
1326	-5.348	2.796	7.273
1352	-5.346	2.536	7.109
991	-5.345	2.375	7.399
1062	-5.345	2.375	7.404
1093	-5.345	2.375	7.405
978	-5.345	2.376	7.405
995	-5.345	2.375	7.429
1010	-5.345	2.375	6.371
1118	-5.345	2.374	7.205
1001	-5.345	2.375	7.204
1028	-5.345	2.376	6.366
1090	-5.345	2.376	7.235
1114	-5.345	2.375	6.366
873	-5.344	2.376	6.480
869	-5.344	2.374	1.119
948	-5.344	2.375	1.119
867	-5.344	2.372	1.119
888	-5.344	2.375	1.120
891	-5.344	2.375	1.126
899	-5.344	2.375	7.318
900	-5.344	2.375	7.935
901	-5.344	2.375	5.689
947	-5.344	2.375	7.334
957	-5.344	2.375	3.475
878	-5.344	2.375	3.475
881	-5.344	2.375	3.475
907	-5.344	2.375	3.363
920	-5.344	2.375	3.363
951	-5.344	2.374	3.474
964	-5.344	2.374	2.645
1083	-5.344	2.362	2.550
80	-5.344	2.900	2.441
1371	-5.343	2.891	2.441
389	-5.343	2.852	3.048
12	-5.343	2.859	3.836
1124	-5.342	2.376	2.412
1123	-5.341	2.369	3.054
297	-5.340	2.284	2.579
1532	-5.338	2.411	7.147
1410	-5.338	2.910	6.958
1170	-5.338	2.630	1.370
315	-5.337	2.285	2.906
1271	-5.336	2.789	0.001
232	-5.334	2.383	1.623
93	-5.333	2.979	7.989
130	-5.332	2.989	1.734
1296	-5.332	2.904	1.722
380	-5.329	2.330	1.722
27	-5.327	2.362	1.966
1528	-5.324	2.941	3.379
677	-5.322	2.254	2.260
1544	-5.320	3.002	2.255
1537	-5.319	2.983	9.392
1343	-5.319	2.917	10.011
70	-5.318	2.454	9.943
84	-5.318	2.884	9.943
399	-5.315	3.073	9.952
501	-5.314	3.027	9.961
1432	-5.312	3.074	20.491
94	-5.312	2.998	9.860
495	-5.312	2.986	8.700
1412	-5.308	3.083	8.694
346	-5.307	3.066	8.694
531	-5.305	2.918	20.950
1056	-5.303	2.941	11.262
433	-5.299	2.301	20.685
1156	-5.299	2.951	11.233
1265	-5.298	3.071	20.678
1477	-5.293	3.109	11.234
129	-5.284	3.032	11.239
125	-5.283	3.087	8.015
1228	-5.282	3.121	7.312
1490	-5.275	3.205	7.246
411	-5.269	2.344	6.371
1394	-5.265	2.281	7.235
451	-5.254	2.234	6.377
1610	-5.251	3.252	7.478
155	-5.247	3.153	7.478
1652	-5.246	3.112	6.383
200	-5.243	3.140	6.377
628	-5.233	2.127	6.661
1547	-5.232	2.380	2.470
591	-5.230	3.268	6.060
283	-5.223	2.176	7.884
921	-5.211	2.838	6.239
926	-5.211	2.836	6.238
996	-5.210	2.839	6.316
994	-5.199	2.783	6.067
1385	-5.199	2.776	6.069
1008	-5.198	2.783	6.065
972	-5.198	2.785	5.731
1465	-5.196	2.150	6.313
1468	-5.180	3.483	6.480
251	-5.176	2.363	3.048
1450	-5.176	3.536	3.836
868	-5.153	2.881	6.377
851	-5.152	2.880	6.662
821	-5.151	2.915	2.470
1160	-5.151	2.867	6.061
1032	-5.151	2.871	7.884
956	-5.151	2.872	7.881
1290	-5.151	2.868	7.916
960	-5.151	2.874	22.770
1073	-5.151	2.871	7.188
1135	-5.151	2.868	6.462
1023	-5.150	2.848	6.460
1165	-5.150	2.834	6.462
608	-5.131	3.655	7.318
394	-5.109	2.852	7.312
353	-5.109	2.858	7.703
483	-5.109	2.860	6.908
533	-5.109	2.859	7.312
416	-5.109	2.863	7.214
763	-5.109	2.858	21.910
461	-5.109	2.856	7.314
1461	-5.109	2.874	7.314
90	-5.108	2.847	7.318
772	-5.108	2.876	7.318
617	-5.107	2.872	7.246
753	-5.107	2.880	7.317
345	-5.106	2.883	8.735
319	-5.106	2.891	8.742
1313	-5.105	2.537	8.742
666	-5.104	2.892	8.742
499	-5.102	2.898	8.737
87	-5.102	2.904	8.737
447	-5.094	2.859	7.058
1096	-5.094	2.860	7.058
636	-5.093	2.904	7.058
425	-5.091	2.932	7.058
775	-5.085	2.961	8.941
985	-5.081	2.555	2.667
1293	-5.081	2.564	2.666
1363	-5.081	2.560	7.220
1268	-5.081	2.564	7.220
965	-5.081	2.560	7.218
939	-5.081	2.563	6.853
1163	-5.080	2.559	6.858
1055	-5.080	2.564	2.740
564	-5.079	2.738	6.944
1177	-5.077	2.554	6.944
1827	-5.077	1.855	7.211
1259	-5.076	2.580	7.079
1416	-5.073	2.852	7.079
1120	-5.068	2.596	2.635
1507	-5.067	2.853	7.393
371	-5.067	2.856	7.274
253	-5.063	3.702	7.399
1082	-5.061	2.439	7.404
1540	-5.061	2.816	7.406
390	-5.058	3.046	7.406
889	-5.054	2.846	7.429
959	-5.054	2.848	6.371
1246	-5.054	2.848	7.205
1302	-5.054	2.847	7.204
1310	-5.054	2.846	6.366
1064	-5.054	2.849	7.236
1157	-5.054	2.848	6.367
1100	-5.054	2.847	6.377
1104	-5.054	2.847	6.377
1304	-5.054	2.847	7.479
1306	-5.054	2.847	7.479
1309	-5.054	2.848	6.383
914	-5.054	2.845	6.377
890	-5.054	2.847	6.662
1312	-5.054	2.851	2.470
1190	-5.053	2.844	7.884
1181	-5.053	2.846	7.881
1188	-5.053	2.847	7.916
1189	-5.053	2.842	22.770
1183	-5.053	2.847	7.188
1018	-5.053	2.847	6.462
1238	-5.053	2.847	6.460
1239	-5.053	2.846	6.462
1017	-5.053	2.847	20.514
1022	-5.053	2.846	6.300
1187	-5.053	2.847	6.300
1348	-5.053	2.847	6.972
1226	-5.053	2.848	6.239
1030	-5.052	2.847	6.239
1272	-5.052	2.841	6.961
1067	-5.052	2.847	6.317
1119	-5.052	2.846	6.168
1133	-5.052	2.847	6.059
1137	-5.052	2.847	6.067
1153	-5.052	2.847	6.069
1161	-5.052	2.847	6.066
1199	-5.052	2.846	5.732
1201	-5.052	2.847	6.314
1202	-5.052	2.847	6.310
1206	-5.052	2.846	7.634
1256	-5.052	2.847	7.638
1261	-5.052	2.847	6.480
1278	-5.052	2.847	1.118
1284	-5.052	2.847	1.118
1287	-5.052	2.847	1.118
1291	-5.052	2.846	1.120
1295	-5.052	2.846	1.125
1200	-5.052	2.847	7.318
1000	-5.052	2.847	7.935
1146	-5.052	2.856	5.690
391	-5.051	2.849	7.334
1298	-5.051	2.845	3.475
119	-5.050	2.852	3.475
284	-5.048	2.839	3.475
209	-5.048	2.848	3.363
322	-5.048	2.848	3.363
689	-5.048	2.850	3.474
323	-5.048	2.847	2.645
330	-5.048	2.848	2.550
459	-5.048	2.847	2.551
653	-5.047	2.287	4.878
170	-5.047	2.847	2.441
103	-5.047	2.848	2.441
481	-5.047	2.847	2.441
73	-5.047	2.846	3.048
179	-5.047	2.848	3.836
268	-5.047	2.849	2.412
117	-5.046	3.054	3.054
1111	-5.045	2.294	2.579
348	-5.045	2.834	7.147
473	-5.045	2.850	6.958
86	-5.044	2.869	2.906
417	-5.040	2.988	0.001
1476	-5.035	2.858	1.624
678	-5.032	3.014	1.734
182	-5.031	2.912	1.723
453	-5.021	3.119	9.392
1571	-4.977	2.851	7.317
227	-4.974	3.017	8.735
20	-4.964	3.082	8.742
300	-4.955	3.096	8.737
659	-4.940	1.806	8.737
476	-4.928	2.863	8.736
475	-4.927	2.885	8.737
697	-4.927	2.943	8.738
1590	-4.924	2.790	8.741
1431	-4.923	2.905	7.058
1607	-4.915	3.002	7.058
1216	-4.913	2.848	7.058
426	-4.913	2.847	7.058
1611	-4.912	3.011	7.058
241	-4.912	2.866	7.058
78	-4.912	2.846	7.058
62	-4.911	2.831	8.890
261	-4.911	2.846	8.941
1250	-4.910	2.851	9.031
977	-4.910	2.861	2.667
258	-4.910	2.879	2.667
1391	-4.909	2.833	2.667
963	-4.909	2.849	7.220
987	-4.909	2.839	7.220
1043	-4.909	2.861	7.218
1311	-4.909	2.845	6.853
1384	-4.909	2.877	6.858
1197	-4.909	2.843	2.740
1037	-4.909	2.838	6.944
1169	-4.909	2.847	6.944
892	-4.909	2.856	6.944
1145	-4.909	2.850	6.944
1289	-4.909	2.852	7.211
1382	-4.909	2.859	7.079
1059	-4.909	2.830	7.079
1340	-4.909	2.854	2.635
1016	-4.909	2.876	7.393
1193	-4.909	2.852	7.274
911	-4.909	2.874	7.109
1091	-4.909	2.865	7.399
1338	-4.909	3.137	7.404
1079	-4.908	2.857	7.406
1052	-4.908	2.895	7.406
1335	-4.908	2.879	7.429
1108	-4.907	2.899	6.371
1077	-4.907	2.878	7.205
730	-4.903	2.716	6.366
375	-4.902	2.848	7.235
635	-4.896	2.782	6.377
464	-4.890	2.693	7.479
728	-4.881	2.819	7.479
1386	-4.877	2.959	6.383
1586	-4.877	2.605	6.377
493	-4.877	2.981	6.662
1525	-4.876	2.593	2.470
1280	-4.873	2.736	6.061
680	-4.849	3.220	6.462
1444	-4.844	2.591	20.514
1020	-4.841	2.592	6.971
255	-4.840	2.586	6.239
230	-4.840	2.590	6.239
158	-4.839	2.593	6.961
132	-4.839	2.597	6.317
1442	-4.837	2.594	6.314
276	-4.837	3.240	6.310
1397	-4.836	2.602	7.634
1623	-4.833	2.602	7.638
413	-4.833	2.600	6.480
469	-4.833	2.598	1.119
486	-4.833	2.603	1.119
551	-4.833	2.596	1.119
578	-4.833	2.600	1.120
504	-4.830	2.605	1.126
642	-4.830	1.886	7.318
1251	-4.826	2.590	7.935
1257	-4.826	2.586	5.690
942	-4.819	2.594	3.363
1243	-4.819	2.592	3.363
1154	-4.818	2.587	3.474
1372	-4.818	2.583	2.645
1240	-4.818	2.592	2.550
1374	-4.818	2.590	2.552
1260	-4.818	2.592	4.878
1336	-4.818	2.590	2.441
1214	-4.818	2.594	2.441
1262	-4.818	2.592	2.441
1092	-4.818	2.592	2.441
1066	-4.818	2.586	3.048
998	-4.817	2.591	3.836
553	-4.815	2.589	3.054
430	-4.815	2.592	2.579
639	-4.815	2.592	7.147
311	-4.815	2.594	6.958
462	-4.815	2.598	1.370
644	-4.814	2.569	2.906
1508	-4.813	2.505	0.001
1275	-4.813	3.362	1.623
619	-4.812	2.572	7.989
1342	-4.811	2.602	1.734
505	-4.809	2.570	1.722
445	-4.804	2.528	1.966
1425	-4.802	2.350	3.378
126	-4.797	2.487	2.260
400	-4.791	2.454	2.255
365	-4.790	2.465	9.392
1552	-4.790	2.499	10.010
527	-4.783	2.547	9.942
1332	-4.770	2.323	9.951
1184	-4.762	2.328	8.693
1347	-4.762	2.222	8.694
1402	-4.760	2.245	7.311
214	-4.754	2.461	7.312
1638	-4.751	2.508	7.312
1480	-4.751	2.141	7.703
362	-4.747	2.603	6.907
1429	-4.728	2.736	7.246
537	-4.727	1.959	8.736
1390	-4.707	2.428	7.057
1344	-4.707	2.398	7.057
1399	-4.705	3.940	7.057
1152	-4.704	2.314	7.057
625	-4.703	2.006	7.057
1426	-4.698	3.860	7.057
1474	-4.696	2.441	8.890
1647	-4.693	2.421	7.403
1245	-4.688	2.275	7.405
1588	-4.686	2.408	7.428
1324	-4.683	2.441	6.370
396	-4.639	3.693	7.318
351	-4.638	3.437	7.935
1393	-4.638	3.442	5.689
88	-4.637	3.430	7.334
1438	-4.625	2.592	3.475
1579	-4.605	3.369	2.441
645	-4.591	2.285	2.441
231	-4.590	3.073	3.048
1266	-4.585	3.417	3.837
1210	-4.584	3.402	2.412
1175	-4.584	3.411	3.054
1061	-4.584	3.415	2.579
1330	-4.584	3.409	7.147
1301	-4.582	3.382	6.958
588	-4.577	2.285	1.370
294	-4.572	3.421	0.000
1569	-4.572	3.409	1.623
567	-4.571	3.441	7.989
1560	-4.570	3.425	1.734
1826	-4.566	2.135	1.722
1411	-4.545	2.854	1.966
1472	-4.523	2.748	3.379
1368	-4.521	3.396	2.260
1369	-4.517	3.397	2.255
701	-4.517	3.792	9.392
1219	-4.515	3.400	10.011
66	-4.500	2.685	9.943
479	-4.495	3.821	9.952
743	-4.364	2.517	7.312
657	-4.312	3.071	8.735
468	-4.300	2.276	8.742
277	-4.268	3.482	8.736
465	-4.260	3.883	8.737
557	-4.215	2.814	6.944
738	-4.198	3.675	7.404
405	-4.192	3.887	6.460
755	-4.168	3.766	6.239
220	-4.110	3.484	6.239
520	-4.061	3.330	6.480
215	-4.056	2.240	1.119
740	-4.051	3.601	1.119
199	-4.012	3.982	2.550
377	-3.994	2.738	2.441
420	-3.884	3.425	7.584
421	-3.712	3.938	7.474
