251	-6.468	0.000	0.000
533	-6.458	0.013	0.000
529	-6.457	0.014	0.000
410	-6.456	0.015	0.000
465	-6.456	0.014	0.000
547	-6.454	0.019	0.000
289	-6.447	0.018	0.000
469	-6.367	3.463	0.000
239	-6.071	2.006	0.000
308	-6.032	2.431	0.000
175	-6.014	2.415	0.000
230	-6.007	3.427	0.000
372	-5.998	2.417	0.000
363	-5.989	3.427	0.000
227	-5.978	3.334	0.000
189	-5.965	2.449	0.000
249	-5.954	3.418	0.000
335	-5.952	2.453	0.000
555	-5.948	1.954	0.000
262	-5.947	3.642	0.000
96	-5.944	3.642	0.000
367	-5.941	3.649	0.000
400	-5.928	3.406	0.000
331	-5.873	1.922	0.000
259	-5.865	3.397	0.000
186	-5.862	1.922	0.000
288	-5.861	1.920	0.000
202	-5.857	3.394	0.000
280	-5.851	3.464	0.000
557	-5.849	1.978	0.000
244	-5.849	1.917	0.000
441	-5.848	3.393	0.000
185	-5.785	1.948	0.000
439	-5.782	1.941	0.000
485	-5.776	3.361	0.000
421	-5.772	3.361	0.000
210	-5.772	3.359	0.000
211	-5.772	3.359	0.000
207	-5.770	3.359	0.000
310	-5.770	1.942	0.000
339	-5.763	3.360	0.000
365	-5.761	3.804	0.000
537	-5.748	3.357	0.000
272	-5.745	3.356	0.000
397	-5.741	3.357	0.000
290	-5.740	3.357	0.000
444	-5.734	3.355	0.000
464	-5.723	3.875	0.000
157	-5.722	3.796	0.000
332	-5.692	3.836	0.000
579	-5.656	3.829	0.000
194	-5.639	3.655	0.000
121	-5.636	3.654	0.000
275	-5.636	3.671	0.000
352	-5.635	3.654	0.000
360	-5.633	3.655	0.000
71	-5.620	3.657	0.000
184	-5.600	2.590	0.000
395	-5.595	2.594	0.000
193	-5.580	3.657	0.000
302	-5.564	2.626	0.000
443	-5.528	3.199	0.000
540	-5.523	3.460	0.000
546	-5.511	3.494	0.000
205	-5.510	3.797	0.000
206	-5.499	3.477	0.000
507	-5.485	2.293	0.000
238	-5.482	2.536	0.000
315	-5.473	2.290	0.000
491	-5.440	2.865	0.000
499	-5.440	2.865	0.000
158	-5.284	3.530	0.000
387	-5.281	3.222	0.000
312	-5.281	3.220	0.000
378	-5.279	3.219	0.000
235	-5.278	3.217	0.000
128	-5.275	3.218	0.000
203	-5.153	2.323	0.000
486	-5.115	2.330	0.000
330	-5.094	2.323	0.000
574	-4.887	3.434	0.000
567	-4.887	3.436	0.000
