591	-8.226	0.000	0.000
627	-8.226	0.001	0.000
637	-8.226	0.000	0.000
650	-8.226	0.000	0.000
675	-8.226	0.000	0.000
839	-8.219	0.002	0.000
829	-8.219	0.002	0.000
583	-8.208	0.006	0.000
665	-8.080	0.018	0.000
850	-8.073	0.017	0.000
721	-7.557	0.061	0.000
769	-7.557	0.061	0.000
596	-7.557	0.061	0.000
598	-7.557	0.061	0.000
606	-7.557	0.061	0.000
608	-7.557	0.061	0.000
619	-7.557	0.061	0.000
622	-7.557	0.061	0.000
623	-7.557	0.061	0.000
632	-7.557	0.061	0.000
635	-7.557	0.061	0.000
636	-7.557	0.061	0.000
682	-7.557	0.061	0.000
687	-7.557	0.061	0.000
702	-7.557	0.061	0.000
738	-7.557	0.061	0.000
778	-7.545	0.061	0.000
779	-7.545	0.061	0.000
585	-7.538	0.056	0.000
587	-7.538	0.056	0.000
649	-7.410	0.080	0.000
710	-7.410	0.080	0.000
852	-7.402	0.078	0.000
782	-7.398	0.081	0.000
696	-7.183	0.127	0.000
701	-7.183	0.127	0.000
747	-7.182	0.127	0.000
759	-7.182	0.127	0.000
712	-7.037	0.152	0.000
886	-7.029	0.151	0.000
626	-6.980	2.405	0.000
690	-6.971	2.364	0.000
754	-6.849	3.838	0.000
887	-6.711	3.267	0.000
797	-6.690	3.265	0.000
863	-6.680	3.833	0.000
733	-6.680	3.832	0.000
765	-6.680	3.832	0.000
781	-6.665	3.839	0.000
859	-6.637	2.507	0.000
602	-6.608	2.434	0.000
603	-6.608	2.434	0.000
656	-6.608	2.434	0.000
678	-6.608	2.434	0.000
629	-6.608	2.434	0.000
641	-6.608	2.434	0.000
693	-6.608	2.434	0.000
731	-6.608	2.434	0.000
761	-6.608	2.434	0.000
770	-6.608	2.434	0.000
867	-6.608	2.431	0.000
800	-6.607	2.431	0.000
840	-6.607	2.430	0.000
588	-6.596	2.438	0.000
618	-6.578	2.611	0.000
670	-6.578	2.611	0.000
876	-6.573	3.853	0.000
677	-6.563	2.435	0.000
597	-6.563	2.435	0.000
600	-6.563	2.435	0.000
604	-6.563	2.435	0.000
617	-6.563	2.435	0.000
620	-6.563	2.435	0.000
639	-6.563	2.435	0.000
647	-6.563	2.435	0.000
662	-6.563	2.435	0.000
714	-6.563	2.435	0.000
719	-6.563	2.435	0.000
814	-6.563	2.433	0.000
830	-6.563	2.433	0.000
757	-6.562	2.437	0.000
584	-6.552	2.439	0.000
593	-6.552	2.465	0.000
676	-6.550	2.501	0.000
798	-6.538	2.439	0.000
809	-6.537	2.482	0.000
795	-6.536	2.487	0.000
818	-6.535	2.454	0.000
688	-6.525	2.437	0.000
717	-6.525	2.437	0.000
727	-6.525	2.437	0.000
744	-6.525	2.437	0.000
745	-6.525	2.437	0.000
159	-6.525	2.435	0.000
787	-6.525	2.435	0.000
788	-6.525	2.435	0.000
792	-6.525	2.435	0.000
805	-6.525	2.435	0.000
820	-6.525	2.435	0.000
847	-6.525	2.435	0.000
864	-6.525	2.435	0.000
806	-6.525	2.435	0.000
844	-6.525	2.433	0.000
294	-6.524	2.439	0.000
743	-6.524	2.436	0.000
760	-6.524	2.436	0.000
816	-6.524	2.434	0.000
384	-6.521	2.437	0.000
306	-6.521	2.434	0.000
118	-6.520	2.433	0.000
775	-6.517	2.439	0.000
348	-6.517	2.435	0.000
106	-6.516	2.435	0.000
473	-6.513	2.439	0.000
479	-6.513	2.439	0.000
855	-6.496	2.563	0.000
815	-6.491	2.564	0.000
705	-6.375	2.968	0.000
715	-6.375	2.968	0.000
725	-6.375	2.968	0.000
749	-6.375	2.968	0.000
777	-6.375	2.090	0.000
849	-6.374	2.971	0.000
854	-6.374	2.971	0.000
601	-6.349	2.965	0.000
633	-6.349	2.965	0.000
634	-6.349	2.965	0.000
645	-6.349	2.965	0.000
648	-6.349	2.963	0.000
666	-6.349	2.965	0.000
697	-6.349	2.965	0.000
716	-6.349	2.965	0.000
748	-6.349	2.965	0.000
708	-6.348	2.976	0.000
865	-6.348	2.967	0.000
784	-6.348	2.967	0.000
789	-6.348	2.967	0.000
799	-6.348	2.967	0.000
801	-6.348	2.967	0.000
843	-6.347	2.967	0.000
586	-6.344	2.967	0.000
226	-6.340	2.963	0.000
573	-6.338	2.967	0.000
346	-6.335	2.967	0.000
351	-6.335	2.967	0.000
127	-6.333	2.968	0.000
326	-6.333	2.968	0.000
345	-6.333	2.967	0.000
122	-6.333	2.967	0.000
268	-6.333	2.962	0.000
269	-6.333	2.963	0.000
274	-6.333	2.963	0.000
406	-6.330	2.969	0.000
404	-6.330	2.969	0.000
526	-6.330	2.968	0.000
470	-6.329	2.969	0.000
492	-6.328	2.969	0.000
532	-6.328	2.969	0.000
755	-6.328	2.963	0.000
884	-6.326	2.954	0.000
871	-6.310	2.938	0.000
590	-6.288	3.465	0.000
613	-6.288	3.465	0.000
592	-6.257	2.086	0.000
599	-6.257	2.086	0.000
813	-6.242	2.416	0.000
832	-6.242	2.417	0.000
699	-6.238	2.417	0.000
877	-6.234	2.584	0.000
177	-6.221	3.467	0.000
462	-6.217	3.467	0.000
753	-6.209	2.668	0.000
774	-6.204	2.854	0.000
845	-6.204	2.663	0.000
614	-6.201	2.082	0.000
785	-6.190	2.846	0.000
808	-6.190	2.364	0.000
125	-6.187	3.466	0.000
624	-6.164	2.419	0.000
643	-6.164	2.419	0.000
735	-6.163	2.847	0.000
771	-6.163	2.847	0.000
812	-6.155	2.845	0.000
836	-6.140	2.360	0.000
841	-6.140	2.360	0.000
861	-6.140	2.360	0.000
878	-6.140	2.360	0.000
881	-6.140	2.360	0.000
428	-6.091	2.423	0.000
807	-6.091	2.364	0.000
821	-6.088	2.371	0.000
651	-6.086	3.154	0.000
732	-6.086	3.163	0.000
752	-6.085	3.175	0.000
691	-6.071	3.188	0.000
565	-6.050	2.367	0.000
575	-6.050	2.367	0.000
518	-6.040	2.371	0.000
494	-6.039	2.378	0.000
208	-6.034	3.757	0.000
403	-6.028	2.368	0.000
234	-6.018	3.749	0.000
846	-6.011	3.048	0.000
866	-6.010	2.090	0.000
653	-6.009	2.401	0.000
658	-6.009	2.401	0.000
631	-6.009	2.401	0.000
679	-6.009	2.401	0.000
673	-6.000	3.251	0.000
512	-5.999	3.173	0.000
835	-5.991	3.172	0.000
868	-5.991	3.172	0.000
879	-5.991	3.172	0.000
875	-5.990	3.172	0.000
794	-5.990	3.172	0.000
853	-5.990	3.172	0.000
858	-5.990	3.172	0.000
860	-5.990	3.172	0.000
822	-5.952	2.087	0.000
828	-5.952	2.087	0.000
831	-5.951	2.085	0.000
737	-5.937	2.418	0.000
874	-5.865	2.807	0.000
539	-5.856	1.985	0.000
698	-5.845	2.196	0.000
668	-5.845	2.195	0.000
644	-5.845	2.195	0.000
700	-5.845	2.197	0.000
704	-5.845	3.430	0.000
628	-5.844	2.200	0.000
548	-5.835	3.437	0.000
551	-5.835	3.437	0.000
221	-5.833	3.424	0.000
285	-5.833	3.437	0.000
321	-5.832	3.437	0.000
366	-5.832	3.437	0.000
343	-5.832	3.437	0.000
396	-5.829	3.437	0.000
756	-5.827	3.433	0.000
762	-5.827	3.433	0.000
724	-5.826	3.434	0.000
803	-5.822	3.438	0.000
780	-5.821	3.439	0.000
834	-5.821	3.438	0.000
873	-5.821	3.438	0.000
796	-5.821	3.439	0.000
763	-5.820	2.192	0.000
615	-5.819	2.192	0.000
560	-5.815	2.910	0.000
742	-5.774	2.922	0.000
692	-5.747	2.880	0.000
449	-5.742	3.568	0.000
328	-5.739	3.565	0.000
195	-5.739	3.271	0.000
192	-5.712	3.560	0.000
819	-5.698	2.871	0.000
476	-5.676	3.682	0.000
523	-5.674	3.680	0.000
493	-5.658	3.538	0.000
182	-5.637	3.826	0.000
734	-5.598	2.935	0.000
266	-5.570	3.559	0.000
349	-5.569	3.742	0.000
374	-5.561	3.559	0.000
357	-5.560	3.615	0.000
313	-5.554	3.546	0.000
870	-5.542	3.153	0.000
197	-5.530	3.557	0.000
350	-5.524	3.631	0.000
359	-5.501	3.773	0.000
510	-5.481	3.521	0.000
837	-5.458	3.170	0.000
869	-5.458	3.170	0.000
179	-5.451	3.619	0.000
885	-5.405	2.662	0.000
767	-5.355	1.757	0.000
353	-5.336	3.541	0.000
751	-5.101	3.870	0.000
296	-4.855	3.636	0.000
851	-4.412	2.357	0.000
