83	-10.143	0.000	0.000
3	-10.101	0.021	0.000
4	-10.101	0.043	0.000
18	-9.964	2.392	0.000
6	-9.947	0.891	0.000
107	-9.942	2.395	0.000
129	-9.942	2.394	0.000
50	-9.942	0.890	0.000
68	-9.940	0.890	0.000
41	-9.938	2.395	0.000
47	-9.938	2.392	0.000
277	-9.910	0.895	0.000
144	-9.908	0.891	0.000
7	-9.893	0.096	0.000
10	-9.893	0.083	0.000
19	-9.892	0.106	0.000
152	-9.888	0.145	0.000
13	-9.885	0.826	0.000
17	-9.885	0.826	0.000
12	-9.884	0.826	0.000
42	-9.880	0.848	0.000
52	-9.880	0.123	0.000
62	-9.880	0.121	0.000
61	-9.880	0.112	0.000
58	-9.877	0.841	0.000
59	-9.877	0.842	0.000
225	-9.850	0.289	0.000
45	-9.843	0.865	0.000
60	-9.839	0.859	0.000
142	-9.837	0.258	0.000
114	-9.834	0.293	0.000
115	-9.832	0.173	0.000
554	-9.822	0.877	0.000
467	-9.822	0.123	0.000
141	-9.783	2.398	0.000
85	-9.730	2.403	0.000
80	-9.726	2.403	0.000
57	-9.725	2.403	0.000
563	-9.725	2.403	0.000
109	-9.724	2.396	0.000
72	-9.720	2.400	0.000
82	-9.719	2.397	0.000
215	-9.713	2.439	0.000
8	-9.700	2.404	0.000
16	-9.700	2.402	0.000
14	-9.700	2.400	0.000
51	-9.673	2.403	0.000
216	-9.664	2.406	0.000
15	-9.644	2.406	0.000
46	-9.621	2.406	0.000
570	-9.620	2.407	0.000
64	-9.619	2.406	0.000
35	-9.616	2.406	0.000
88	-9.611	2.407	0.000
79	-9.596	2.407	0.000
1	-9.584	2.406	0.000
2	-9.584	2.406	0.000
566	-9.465	0.937	0.000
356	-9.458	0.936	0.000
44	-9.337	1.082	0.000
562	-9.155	2.416	0.000
11	-9.134	0.030	0.000
108	-9.113	0.047	0.000
84	-9.112	2.592	0.000
155	-9.103	2.602	0.000
5	-9.089	0.031	0.000
245	-8.725	2.390	0.000
369	-8.725	2.390	0.000
94	-8.724	2.390	0.000
23	-8.712	2.390	0.000
29	-8.712	2.390	0.000
258	-8.567	1.546	0.000
382	-8.549	2.549	0.000
305	-8.547	0.988	0.000
137	-8.545	0.994	0.000
101	-8.518	1.017	0.000
180	-8.507	0.981	0.000
97	-8.492	1.018	0.000
1328	-8.477	0.995	0.000
28	-8.475	0.982	0.000
53	-8.456	2.304	0.000
99	-8.435	0.352	0.000
173	-8.425	0.997	0.000
32	-8.416	0.246	0.000
25	-8.405	1.011	0.000
1339	-8.405	0.384	0.000
67	-8.402	0.265	0.000
134	-8.401	2.095	0.000
248	-8.396	2.303	0.000
166	-8.395	2.607	0.000
456	-8.394	1.012	0.000
1314	-8.389	0.272	0.000
297	-8.387	2.324	0.000
1415	-8.383	0.280	0.000
325	-8.377	2.297	0.000
55	-8.375	2.292	0.000
33	-8.372	2.292	0.000
201	-8.357	2.636	0.000
103	-8.357	2.200	0.000
164	-8.334	2.075	0.000
123	-8.323	2.703	0.000
126	-8.323	2.703	0.000
279	-8.321	2.703	0.000
223	-8.319	2.149	0.000
151	-8.300	2.141	0.000
39	-8.298	1.551	0.000
120	-8.291	2.289	0.000
212	-8.288	2.266	0.000
171	-8.287	2.124	0.000
43	-8.282	2.134	0.000
247	-8.282	2.128	0.000
336	-8.280	2.135	0.000
236	-8.277	2.134	0.000
472	-8.275	2.124	0.000
124	-8.269	2.130	0.000
361	-8.269	2.304	0.000
169	-8.267	1.568	0.000
190	-8.267	1.567	0.000
105	-8.267	2.105	0.000
54	-8.266	2.303	0.000
242	-8.263	2.395	0.000
362	-8.263	2.316	0.000
40	-8.262	2.137	0.000
199	-8.261	2.162	0.000
228	-8.258	2.197	0.000
324	-8.251	2.164	0.000
553	-8.250	1.579	0.000
347	-8.242	2.165	0.000
172	-8.241	2.256	0.000
342	-8.234	2.175	0.000
229	-8.233	2.745	0.000
146	-8.232	2.258	0.000
87	-8.231	1.573	0.000
319	-8.231	1.573	0.000
149	-8.229	1.581	0.000
293	-8.229	1.570	0.000
500	-8.228	2.618	0.000
399	-8.227	2.243	0.000
295	-8.227	2.274	0.000
423	-8.226	1.574	0.000
69	-8.226	2.261	0.000
513	-8.225	2.624	0.000
474	-8.225	2.248	0.000
255	-8.223	1.570	0.000
102	-8.222	1.571	0.000
48	-8.220	2.187	0.000
65	-8.218	2.120	0.000
337	-8.212	2.608	0.000
478	-8.201	2.746	0.000
56	-8.201	2.861	0.000
143	-8.195	2.745	0.000
250	-8.193	2.745	0.000
66	-8.193	2.725	0.000
254	-8.192	2.242	0.000
119	-8.191	2.746	0.000
140	-8.190	2.724	0.000
424	-8.188	2.725	0.000
252	-8.188	2.724	0.000
322	-8.182	2.725	0.000
291	-8.181	2.725	0.000
407	-8.180	2.748	0.000
78	-8.174	2.726	0.000
191	-8.155	2.236	0.000
130	-8.149	2.389	0.000
116	-8.148	2.400	0.000
117	-8.148	2.400	0.000
432	-8.145	2.399	0.000
440	-8.145	1.922	0.000
237	-8.126	2.925	0.000
70	-8.112	2.857	0.000
145	-8.085	2.907	0.000
168	-8.082	2.917	0.000
89	-8.076	2.894	0.000
112	-8.076	2.897	0.000
261	-8.066	3.095	0.000
34	-8.060	2.550	0.000
408	-8.055	2.904	0.000
196	-8.052	2.909	0.000
110	-8.042	3.024	0.000
154	-8.040	2.940	0.000
113	-8.002	2.631	0.000
304	-7.999	1.022	0.000
26	-7.989	1.029	0.000
24	-7.987	1.028	0.000
81	-7.985	2.637	0.000
22	-7.985	1.026	0.000
139	-7.964	2.433	0.000
49	-7.946	0.999	0.000
549	-7.933	2.567	0.000
375	-7.864	2.555	0.000
204	-7.853	2.432	0.000
37	-7.842	2.430	0.000
538	-7.832	2.551	0.000
267	-7.829	1.030	0.000
392	-7.826	2.555	0.000
187	-7.825	1.048	0.000
241	-7.765	2.530	0.000
91	-7.743	2.450	0.000
100	-7.710	0.442	0.000
497	-7.560	2.441	0.000
131	-7.312	1.664	0.000
150	-7.260	2.283	0.000
377	-7.257	2.281	0.000
198	-7.241	2.281	0.000
386	-7.229	2.611	0.000
391	-7.182	2.550	0.000
471	-7.162	2.276	0.000
240	-7.137	2.762	0.000
393	-7.118	1.670	0.000
303	-7.100	1.090	0.000
542	-7.095	2.197	0.000
516	-7.077	1.089	0.000
233	-6.993	2.595	0.000
307	-6.971	1.677	0.000
381	-6.961	2.222	0.000
183	-6.927	2.593	0.000
273	-6.924	2.596	0.000
256	-6.919	2.520	0.000
257	-6.891	2.598	0.000
38	-6.886	2.577	0.000
433	-6.885	2.597	0.000
30	-6.883	2.584	0.000
409	-6.861	2.611	0.000
463	-6.844	2.579	0.000
217	-6.841	2.608	0.000
93	-6.835	3.348	0.000
167	-6.826	2.612	0.000
298	-6.791	2.612	0.000
314	-6.791	2.613	0.000
333	-6.791	2.611	0.000
253	-6.787	2.614	0.000
531	-6.782	2.613	0.000
427	-6.779	2.611	0.000
284	-6.777	2.609	0.000
92	-6.720	3.350	0.000
148	-6.636	2.255	0.000
200	-6.628	3.554	0.000
263	-6.624	3.499	0.000
174	-6.619	3.553	0.000
341	-6.608	3.517	0.000
364	-6.605	3.541	0.000
448	-6.601	3.554	0.000
320	-6.600	3.517	0.000
425	-6.598	3.575	0.000
509	-6.595	3.574	0.000
77	-6.589	3.567	0.000
416	-6.588	3.570	0.000
74	-6.585	3.587	0.000
379	-6.549	2.290	0.000
503	-6.507	2.293	0.000
282	-6.501	3.022	0.000
484	-6.500	3.026	0.000
414	-6.496	3.026	0.000
270	-6.410	1.723	0.000
86	-6.390	3.916	0.000
316	-6.347	3.924	0.000
354	-6.341	3.926	0.000
20	-6.334	3.930	0.000
506	-6.323	3.930	0.000
556	-6.320	3.931	0.000
488	-6.318	1.650	0.000
480	-6.317	3.933	0.000
483	-6.317	3.933	0.000
436	-6.317	3.932	0.000
502	-6.317	3.932	0.000
138	-6.316	3.412	0.000
231	-6.286	2.027	0.000
300	-6.276	1.649	0.000
133	-6.237	1.651	0.000
545	-6.234	3.173	0.000
334	-6.232	3.182	0.000
498	-6.231	3.186	0.000
371	-6.230	3.187	0.000
528	-6.230	3.188	0.000
222	-6.205	2.615	0.000
373	-6.195	3.205	0.000
213	-6.168	1.470	0.000
417	-6.156	2.961	0.000
453	-6.153	3.208	0.000
477	-6.152	3.202	0.000
517	-6.152	3.210	0.000
460	-6.150	3.805	0.000
561	-6.148	3.741	0.000
376	-6.148	3.209	0.000
301	-6.147	1.458	0.000
458	-6.143	3.991	0.000
36	-6.138	1.459	0.000
501	-6.135	3.890	0.000
442	-6.118	3.483	0.000
318	-6.114	3.651	0.000
511	-6.105	3.201	0.000
525	-6.091	3.760	0.000
388	-6.084	3.759	0.000
434	-6.082	3.759	0.000
344	-6.080	3.754	0.000
219	-6.061	1.677	0.000
380	-6.038	3.807	0.000
411	-6.037	3.809	0.000
581	-6.028	2.471	0.000
209	-6.022	3.912	0.000
292	-6.010	3.785	0.000
418	-6.004	2.959	0.000
398	-5.996	2.958	0.000
311	-5.993	3.913	0.000
390	-5.975	3.563	0.000
327	-5.969	3.561	0.000
358	-5.969	3.562	0.000
338	-5.969	3.561	0.000
246	-5.964	3.145	0.000
1108	-5.963	3.926	0.000
514	-5.963	3.569	0.000
543	-5.961	2.954	0.000
524	-5.957	3.897	0.000
459	-5.938	3.123	0.000
355	-5.937	3.087	0.000
329	-5.936	3.899	0.000
281	-5.931	3.125	0.000
437	-5.929	3.124	0.000
430	-5.926	3.881	0.000
317	-5.922	3.123	0.000
495	-5.921	3.190	0.000
515	-5.920	3.520	0.000
389	-5.918	3.693	0.000
412	-5.916	3.205	0.000
286	-5.914	3.125	0.000
415	-5.914	3.689	0.000
521	-5.912	3.685	0.000
544	-5.905	3.706	0.000
475	-5.896	3.474	0.000
576	-5.886	2.968	0.000
163	-5.874	2.986	0.000
309	-5.873	2.931	0.000
541	-5.835	3.625	0.000
63	-5.829	3.873	0.000
489	-5.826	3.878	0.000
420	-5.825	3.878	0.000
461	-5.825	3.495	0.000
178	-5.822	3.514	0.000
569	-5.818	3.484	0.000
466	-5.774	3.186	0.000
299	-5.774	3.678	0.000
481	-5.760	3.728	0.000
438	-5.751	3.176	0.000
394	-5.750	3.688	0.000
265	-5.742	3.867	0.000
446	-5.727	3.175	0.000
496	-5.711	3.707	0.000
181	-5.704	3.705	0.000
340	-5.693	3.701	0.000
426	-5.684	3.703	0.000
413	-5.660	3.632	0.000
9	-5.654	3.699	0.000
431	-5.650	3.002	0.000
519	-5.639	3.642	0.000
445	-5.639	3.638	0.000
385	-5.624	3.002	0.000
188	-5.622	3.701	0.000
135	-5.621	2.691	0.000
451	-5.596	3.396	0.000
468	-5.555	2.706	0.000
580	-5.540	2.962	0.000
98	-5.507	3.760	0.000
370	-5.474	2.724	0.000
422	-5.452	2.737	0.000
447	-5.447	2.734	0.000
419	-5.397	3.502	0.000
571	-5.377	2.803	0.000
90	-5.366	3.899	0.000
