1341	-7.451	0.000	0.000
1320	-7.450	0.001	0.000
1323	-7.450	0.001	0.000
1318	-7.449	0.009	0.000
1418	-7.446	0.036	0.000
1425	-7.446	0.036	0.000
1365	-7.434	0.038	0.000
1366	-7.423	0.039	0.000
104	-7.422	0.037	0.000
75	-7.416	0.039	0.000
27	-7.415	0.039	0.000
1324	-7.383	0.019	0.000
1340	-7.383	0.020	0.000
31	-7.364	0.046	0.000
165	-7.357	0.044	0.000
564	-7.340	0.020	0.000
21	-7.283	0.028	0.000
160	-7.279	0.015	0.000
1397	-6.150	0.372	0.000
383	-6.145	0.208	0.000
1370	-6.133	0.362	0.000
1384	-6.123	0.343	0.000
1402	-4.826	3.443	0.000
1360	-4.611	2.257	0.000
1412	-4.352	3.506	0.000
1405	-4.266	3.184	0.000
1400	-4.217	2.205	0.000
1404	-4.216	2.205	0.000
1371	-4.213	2.791	0.000
1377	-4.171	2.763	0.000
1406	-4.019	3.082	0.000
1423	-4.019	3.078	0.000
264	-3.957	3.543	0.000
