640	-7.268	0.000	0.000
652	-7.268	0.001	0.000
659	-7.268	0.001	0.000
664	-7.268	0.001	0.000
707	-7.268	0.001	0.000
758	-7.268	0.001	0.000
625	-7.268	0.001	0.000
883	-7.267	0.002	0.000
607	-7.017	0.106	0.000
609	-7.017	0.106	0.000
657	-7.017	0.106	0.000
663	-7.017	0.106	0.000
746	-7.017	0.106	0.000
616	-7.017	0.106	0.000
621	-7.017	0.106	0.000
655	-7.017	0.106	0.000
683	-6.745	0.087	0.000
685	-6.745	0.087	0.000
695	-6.745	0.087	0.000
729	-6.745	0.087	0.000
594	-6.219	2.970	0.000
605	-6.219	2.970	0.000
630	-6.219	2.970	0.000
660	-6.219	2.970	0.000
661	-6.219	2.970	0.000
669	-6.219	2.970	0.000
672	-6.219	2.970	0.000
680	-6.219	2.970	0.000
739	-6.217	2.970	0.000
740	-6.217	2.970	0.000
848	-6.216	2.969	0.000
802	-6.196	2.974	0.000
638	-6.081	2.496	0.000
783	-6.080	2.497	0.000
709	-6.047	0.103	0.000
838	-6.047	0.104	0.000
842	-6.047	0.104	0.000
646	-6.038	3.392	0.000
810	-6.038	3.639	0.000
826	-6.037	0.106	0.000
689	-5.719	3.002	0.000
827	-5.718	3.001	0.000
772	-5.700	3.006	0.000
589	-5.661	3.610	0.000
804	-5.621	2.413	0.000
612	-5.578	3.603	0.000
642	-5.578	3.607	0.000
686	-5.578	3.609	0.000
610	-5.578	3.616	0.000
611	-5.416	3.362	0.000
706	-5.416	3.362	0.000
728	-5.416	3.362	0.000
817	-5.416	3.363	0.000
654	-5.416	3.362	0.000
674	-5.416	3.362	0.000
790	-5.416	3.362	0.000
791	-5.416	3.363	0.000
811	-5.416	3.362	0.000
595	-5.415	3.362	0.000
671	-5.415	3.362	0.000
681	-5.415	3.362	0.000
872	-5.415	3.362	0.000
824	-5.382	3.559	0.000
823	-5.382	3.559	0.000
730	-5.328	2.973	0.000
768	-5.320	2.618	0.000
750	-5.309	2.979	0.000
764	-5.309	2.979	0.000
711	-5.251	3.503	0.000
726	-5.251	3.504	0.000
766	-5.204	3.807	0.000
880	-5.196	3.807	0.000
857	-5.123	3.561	0.000
833	-5.123	3.562	0.000
667	-5.113	3.559	0.000
684	-5.112	3.560	0.000
825	-5.070	3.187	0.000
786	-5.070	3.188	0.000
776	-5.069	2.437	0.000
862	-5.069	3.187	0.000
856	-5.068	3.186	0.000
773	-5.054	3.188	0.000
694	-5.054	3.189	0.000
718	-5.054	3.188	0.000
723	-5.054	3.189	0.000
720	-4.964	2.472	0.000
882	-4.928	2.533	0.000
703	-4.927	2.533	0.000
736	-4.927	2.533	0.000
741	-4.927	2.533	0.000
722	-4.857	2.614	0.000
793	-4.579	2.664	0.000
713	-4.577	2.664	0.000
