666	-5.144	0.000	0.000
709	-5.075	0.125	0.000
753	-5.075	0.125	0.000
761	-5.075	0.125	0.000
762	-5.075	0.125	0.000
763	-5.075	0.125	0.000
764	-5.075	0.125	0.000
494	-5.073	0.125	0.000
554	-5.073	0.125	0.000
651	-5.073	0.125	0.000
702	-5.073	0.125	0.000
531	-5.073	0.126	0.000
589	-5.043	0.073	0.000
590	-5.043	0.073	0.000
715	-5.043	0.074	0.000
717	-5.043	0.074	0.000
718	-5.043	0.073	0.000
719	-5.043	0.073	0.000
720	-5.043	0.073	0.000
721	-5.043	0.073	0.000
722	-5.043	0.073	0.000
723	-5.043	0.073	0.000
724	-5.043	0.073	0.000
727	-5.043	0.073	0.000
728	-5.043	0.074	0.000
729	-5.043	0.073	0.000
746	-5.043	0.074	0.000
755	-5.043	0.074	0.000
757	-5.043	0.073	0.000
758	-5.043	0.073	0.000
760	-5.043	0.074	0.000
690	-5.042	0.074	0.000
691	-5.042	0.074	0.000
692	-5.042	0.074	0.000
693	-5.042	0.074	0.000
694	-5.042	0.074	0.000
695	-5.042	0.074	0.000
697	-5.042	0.074	0.000
698	-5.042	0.074	0.000
699	-5.042	0.074	0.000
700	-5.042	0.074	0.000
706	-5.042	0.074	0.000
736	-5.041	0.074	0.000
737	-5.041	0.074	0.000
738	-5.041	0.074	0.000
739	-5.041	0.074	0.000
740	-5.041	0.074	0.000
546	-5.041	0.074	0.000
524	-5.041	0.073	0.000
657	-5.041	0.074	0.000
658	-5.041	0.073	0.000
659	-5.041	0.074	0.000
660	-5.041	0.073	0.000
661	-5.041	0.074	0.000
647	-5.035	0.074	0.000
649	-5.035	0.074	0.000
