876	-8.263	0.000	0.000
898	-8.263	0.000	0.000
976	-7.934	0.120	0.000
983	-7.934	0.120	0.000
989	-7.934	0.120	0.000
1020	-7.934	0.120	0.000
965	-7.934	0.120	0.000
998	-7.934	0.120	0.000
869	-7.914	0.100	0.000
886	-7.914	0.100	0.000
926	-7.914	0.100	0.000
952	-7.914	0.100	0.000
932	-7.914	0.100	0.000
943	-7.914	0.100	0.000
863	-7.908	0.102	0.000
864	-7.908	0.102	0.000
865	-7.908	0.102	0.000
867	-7.908	0.102	0.000
1012	-7.690	1.466	0.000
1007	-7.602	1.695	0.000
1027	-7.602	1.695	0.000
1032	-7.602	1.695	0.000
1033	-7.602	1.695	0.000
1014	-7.601	1.696	0.000
1123	-7.600	1.713	0.000
1147	-7.600	1.713	0.000
871	-7.594	1.694	0.000
887	-7.594	1.694	0.000
888	-7.594	1.694	0.000
893	-7.594	1.694	0.000
929	-7.594	1.694	0.000
663	-7.379	3.171	0.000
226	-7.378	3.171	0.000
422	-7.378	3.171	0.000
665	-7.378	3.171	0.000
634	-7.378	3.171	0.000
398	-7.378	3.171	0.000
613	-7.378	3.171	0.000
692	-7.377	3.171	0.000
922	-7.377	3.170	0.000
924	-7.377	3.170	0.000
939	-7.377	3.170	0.000
572	-7.376	3.171	0.000
909	-7.376	3.170	0.000
873	-7.376	3.170	0.000
874	-7.376	3.170	0.000
892	-7.376	3.170	0.000
897	-7.376	3.170	0.000
904	-7.376	3.170	0.000
905	-7.376	3.170	0.000
906	-7.376	3.170	0.000
907	-7.376	3.170	0.000
933	-7.376	3.170	0.000
935	-7.376	3.170	0.000
877	-7.375	3.170	0.000
878	-7.375	3.170	0.000
881	-7.375	3.170	0.000
882	-7.375	3.170	0.000
895	-7.375	3.170	0.000
900	-7.375	3.170	0.000
901	-7.375	3.170	0.000
945	-7.375	3.170	0.000
946	-7.375	3.170	0.000
947	-7.375	3.170	0.000
948	-7.375	3.170	0.000
964	-7.375	3.170	0.000
991	-7.375	3.170	0.000
1026	-7.375	3.170	0.000
1064	-7.374	3.170	0.000
1127	-7.374	3.170	0.000
977	-7.374	3.170	0.000
984	-7.374	3.170	0.000
1008	-7.374	3.170	0.000
1009	-7.374	3.170	0.000
1010	-7.374	3.170	0.000
1068	-7.373	3.170	0.000
1038	-7.373	3.170	0.000
279	-7.372	3.170	0.000
1115	-7.372	3.170	0.000
1117	-7.372	3.170	0.000
997	-7.362	2.399	0.000
963	-7.361	2.399	0.000
1047	-7.336	3.180	0.000
1129	-7.336	3.180	0.000
1152	-7.336	3.180	0.000
1075	-7.336	3.180	0.000
1087	-7.336	3.180	0.000
870	-7.335	3.180	0.000
875	-7.335	3.180	0.000
966	-7.334	3.180	0.000
980	-7.334	3.180	0.000
1013	-7.334	3.180	0.000
985	-7.325	3.186	0.000
986	-7.325	3.186	0.000
1025	-7.325	3.186	0.000
995	-7.314	0.175	0.000
894	-7.290	0.151	0.000
866	-7.277	2.395	0.000
978	-7.274	1.733	0.000
1000	-7.274	1.733	0.000
1001	-7.274	1.733	0.000
1021	-7.274	1.733	0.000
1022	-7.274	1.733	0.000
987	-7.273	1.734	0.000
988	-7.273	1.733	0.000
1019	-7.272	1.733	0.000
879	-7.266	1.731	0.000
880	-7.266	1.731	0.000
883	-7.266	1.731	0.000
884	-7.266	1.731	0.000
885	-7.266	1.731	0.000
899	-7.266	1.731	0.000
868	-7.266	1.732	0.000
934	-7.266	1.732	0.000
919	-7.265	1.732	0.000
916	-7.265	1.732	0.000
923	-7.265	1.732	0.000
940	-7.265	1.733	0.000
691	-7.245	1.754	0.000
1101	-7.244	1.751	0.000
1102	-7.244	1.751	0.000
456	-7.244	1.754	0.000
476	-7.244	1.754	0.000
462	-7.244	1.754	0.000
293	-7.243	1.754	0.000
584	-7.243	1.754	0.000
292	-7.243	1.754	0.000
1083	-7.242	1.750	0.000
1053	-7.242	1.751	0.000
1077	-7.242	1.751	0.000
1110	-7.242	1.752	0.000
531	-7.241	1.751	0.000
333	-7.238	1.755	0.000
1024	-7.238	0.714	0.000
1023	-7.238	0.714	0.000
666	-7.235	1.753	0.000
994	-7.235	3.090	0.000
1016	-7.234	0.714	0.000
1112	-7.217	2.394	0.000
1137	-7.217	2.394	0.000
1139	-7.217	2.394	0.000
1144	-7.217	2.394	0.000
1149	-7.217	2.394	0.000
1151	-7.217	2.394	0.000
1156	-7.217	2.394	0.000
1044	-7.215	2.394	0.000
1059	-7.215	2.394	0.000
941	-7.212	0.713	0.000
959	-7.212	2.415	0.000
1071	-7.207	0.207	0.000
1080	-7.207	0.206	0.000
1082	-7.207	0.207	0.000
1086	-7.207	0.207	0.000
1096	-7.207	0.207	0.000
1098	-7.207	0.208	0.000
1099	-7.207	0.208	0.000
1128	-7.207	0.207	0.000
1136	-7.207	0.208	0.000
1148	-7.207	0.207	0.000
1049	-7.206	0.206	0.000
1054	-7.206	0.206	0.000
1057	-7.206	0.206	0.000
1060	-7.206	0.206	0.000
975	-7.177	2.412	0.000
1039	-7.177	2.412	0.000
1114	-7.128	0.676	0.000
1050	-7.128	0.677	0.000
1100	-7.015	2.419	0.000
1143	-7.015	2.418	0.000
1074	-7.012	2.419	0.000
1037	-7.006	0.254	0.000
972	-6.993	1.659	0.000
992	-6.993	1.659	0.000
1003	-6.993	1.659	0.000
1118	-6.989	1.680	0.000
1138	-6.989	1.680	0.000
1052	-6.988	1.680	0.000
1058	-6.988	1.680	0.000
1076	-6.988	1.680	0.000
1078	-6.988	1.680	0.000
1045	-6.987	1.680	0.000
1069	-6.987	1.680	0.000
936	-6.985	1.658	0.000
896	-6.984	1.658	0.000
950	-6.984	1.658	0.000
960	-6.953	0.805	0.000
982	-6.953	0.806	0.000
1036	-6.953	0.805	0.000
1018	-6.949	0.807	0.000
903	-6.926	0.795	0.000
944	-6.925	0.796	0.000
1040	-6.918	3.614	0.000
1092	-6.866	0.276	0.000
1043	-6.866	1.589	0.000
1088	-6.865	0.275	0.000
1081	-6.864	0.275	0.000
1066	-6.862	0.275	0.000
1120	-6.841	2.973	0.000
1145	-6.841	2.973	0.000
1079	-6.840	2.973	0.000
1140	-6.827	1.581	0.000
1084	-6.827	1.581	0.000
1133	-6.827	1.581	0.000
951	-6.822	2.973	0.000
971	-6.821	2.974	0.000
1015	-6.821	2.974	0.000
1031	-6.821	2.974	0.000
1094	-6.815	0.800	0.000
1113	-6.810	2.967	0.000
1150	-6.810	2.967	0.000
1103	-6.809	2.968	0.000
1124	-6.809	2.968	0.000
1125	-6.809	2.968	0.000
1134	-6.809	2.968	0.000
1141	-6.809	2.968	0.000
1155	-6.809	2.968	0.000
953	-6.758	3.625	0.000
956	-6.758	3.625	0.000
168	-6.737	3.767	0.000
202	-6.736	3.767	0.000
182	-6.735	3.767	0.000
264	-6.733	3.762	0.000
365	-6.730	3.762	0.000
366	-6.730	3.762	0.000
367	-6.730	3.762	0.000
377	-6.730	3.762	0.000
217	-6.726	3.763	0.000
970	-6.724	3.764	0.000
889	-6.721	3.762	0.000
891	-6.721	3.762	0.000
657	-6.695	3.196	0.000
262	-6.695	3.196	0.000
509	-6.694	3.194	0.000
638	-6.693	3.196	0.000
639	-6.693	3.196	0.000
298	-6.693	3.196	0.000
303	-6.693	3.196	0.000
765	-6.693	3.196	0.000
308	-6.693	3.196	0.000
330	-6.693	3.196	0.000
362	-6.693	3.196	0.000
383	-6.693	3.196	0.000
384	-6.693	3.196	0.000
603	-6.693	3.196	0.000
339	-6.692	3.196	0.000
340	-6.692	3.196	0.000
341	-6.692	3.196	0.000
457	-6.692	3.196	0.000
540	-6.691	3.196	0.000
568	-6.691	3.196	0.000
556	-6.689	3.196	0.000
234	-6.689	3.196	0.000
662	-6.689	3.196	0.000
521	-6.689	3.194	0.000
526	-6.689	3.194	0.000
532	-6.688	3.194	0.000
345	-6.687	3.196	0.000
346	-6.687	3.196	0.000
449	-6.687	3.196	0.000
484	-6.687	3.196	0.000
501	-6.687	3.196	0.000
387	-6.687	3.196	0.000
466	-6.687	3.196	0.000
1065	-6.681	3.133	0.000
628	-6.666	3.196	0.000
1121	-6.666	3.145	0.000
610	-6.665	3.145	0.000
1095	-6.665	3.145	0.000
1097	-6.665	3.146	0.000
1041	-6.664	3.144	0.000
1061	-6.663	3.145	0.000
915	-6.662	3.140	0.000
1104	-6.660	3.208	0.000
1109	-6.660	3.208	0.000
917	-6.659	3.209	0.000
921	-6.659	3.209	0.000
925	-6.659	3.209	0.000
937	-6.659	3.209	0.000
955	-6.659	3.209	0.000
957	-6.659	3.209	0.000
914	-6.657	3.209	0.000
990	-6.657	3.209	0.000
1005	-6.657	3.209	0.000
1017	-6.657	3.209	0.000
872	-6.657	3.146	0.000
890	-6.657	3.146	0.000
902	-6.657	3.146	0.000
911	-6.657	3.145	0.000
912	-6.657	3.145	0.000
913	-6.657	3.146	0.000
931	-6.657	3.145	0.000
942	-6.657	3.145	0.000
949	-6.657	3.146	0.000
999	-6.657	3.146	0.000
1028	-6.657	3.146	0.000
412	-6.631	1.727	0.000
450	-6.631	1.728	0.000
486	-6.631	1.728	0.000
300	-6.630	1.727	0.000
301	-6.630	1.727	0.000
704	-6.630	1.727	0.000
441	-6.630	1.728	0.000
468	-6.630	1.728	0.000
469	-6.630	1.728	0.000
545	-6.630	1.728	0.000
767	-6.630	1.728	0.000
1146	-6.629	1.724	0.000
522	-6.629	1.724	0.000
495	-6.627	1.728	0.000
590	-6.627	1.728	0.000
408	-6.626	1.727	0.000
369	-6.626	1.728	0.000
370	-6.626	1.728	0.000
698	-6.625	1.729	0.000
424	-6.623	1.727	0.000
670	-6.623	1.727	0.000
347	-6.620	1.726	0.000
516	-6.620	1.724	0.000
667	-6.619	1.727	0.000
671	-6.619	1.727	0.000
664	-6.618	1.727	0.000
656	-6.618	1.727	0.000
271	-6.615	1.725	0.000
853	-6.602	1.723	0.000
847	-6.601	1.723	0.000
575	-6.586	3.545	0.000
443	-6.585	3.545	0.000
541	-6.583	3.544	0.000
39	-6.580	3.847	0.000
204	-6.574	3.852	0.000
154	-6.573	3.852	0.000
1048	-6.571	3.095	0.000
385	-6.570	3.852	0.000
477	-6.570	3.852	0.000
503	-6.569	3.852	0.000
323	-6.568	3.852	0.000
101	-6.567	3.852	0.000
102	-6.567	3.852	0.000
103	-6.567	3.852	0.000
115	-6.567	3.852	0.000
88	-6.567	3.852	0.000
89	-6.567	3.852	0.000
304	-6.564	3.851	0.000
84	-6.563	3.852	0.000
525	-6.562	3.849	0.000
228	-6.551	3.854	0.000
229	-6.551	3.854	0.000
145	-6.544	3.847	0.000
332	-6.535	3.847	0.000
42	-6.525	3.845	0.000
125	-6.524	3.845	0.000
996	-6.514	3.852	0.000
219	-6.404	3.514	0.000
175	-6.404	3.517	0.000
169	-6.402	3.517	0.000
233	-6.401	3.515	0.000
220	-6.400	3.515	0.000
216	-6.400	3.515	0.000
397	-6.400	3.515	0.000
249	-6.399	3.514	0.000
196	-6.399	3.517	0.000
136	-6.397	3.514	0.000
172	-6.395	3.517	0.000
316	-6.394	3.515	0.000
784	-6.394	3.515	0.000
243	-6.393	3.514	0.000
446	-6.393	3.515	0.000
609	-6.393	3.515	0.000
485	-6.392	3.514	0.000
754	-6.392	3.514	0.000
755	-6.392	3.514	0.000
790	-6.392	3.514	0.000
381	-6.391	3.515	0.000
382	-6.391	3.514	0.000
460	-6.391	3.514	0.000
310	-6.389	3.515	0.000
320	-6.380	3.515	0.000
406	-6.380	3.515	0.000
1105	-6.368	3.512	0.000
836	-6.366	3.514	0.000
928	-6.363	3.512	0.000
209	-6.361	3.513	0.000
1089	-6.361	3.513	0.000
979	-6.361	3.510	0.000
140	-6.354	3.514	0.000
282	-6.343	3.512	0.000
1116	-6.278	2.932	0.000
241	-6.271	3.764	0.000
1042	-6.262	2.933	0.000
1046	-6.253	0.874	0.000
1070	-6.224	3.158	0.000
764	-6.211	3.730	0.000
615	-6.210	3.724	0.000
729	-6.209	3.723	0.000
275	-6.144	3.731	0.000
744	-6.071	3.741	0.000
1126	-6.067	3.740	0.000
1131	-6.067	3.740	0.000
1051	-6.066	3.210	0.000
961	-6.047	3.226	0.000
1002	-6.047	3.226	0.000
1034	-6.047	3.226	0.000
927	-6.046	3.230	0.000
954	-6.046	3.230	0.000
776	-6.046	3.230	0.000
930	-6.046	3.230	0.000
427	-6.044	3.229	0.000
428	-6.044	3.229	0.000
429	-6.044	3.229	0.000
594	-6.043	3.228	0.000
437	-6.041	3.227	0.000
307	-6.023	3.986	0.000
714	-6.023	3.986	0.000
683	-6.022	3.973	0.000
822	-6.020	3.960	0.000
535	-6.003	3.946	0.000
593	-5.867	2.995	0.000
1157	-5.827	3.849	0.000
1090	-5.826	3.848	0.000
1091	-5.826	3.849	0.000
938	-5.825	3.171	0.000
1111	-5.824	3.846	0.000
1063	-5.821	3.854	0.000
1153	-5.809	3.804	0.000
1062	-5.799	3.781	0.000
1132	-5.729	2.582	0.000
576	-5.703	3.182	0.000
577	-5.703	3.182	0.000
604	-5.703	3.183	0.000
686	-5.700	3.182	0.000
598	-5.698	3.182	0.000
1119	-5.696	1.794	0.000
561	-5.660	3.416	0.000
453	-5.658	3.415	0.000
1085	-5.656	2.594	0.000
962	-5.649	2.597	0.000
993	-5.649	2.597	0.000
1006	-5.649	2.597	0.000
629	-5.612	3.168	0.000
1107	-5.598	3.504	0.000
1130	-5.597	3.505	0.000
1108	-5.596	3.534	0.000
1093	-5.594	3.505	0.000
1011	-5.556	3.515	0.000
1135	-5.502	3.873	0.000
557	-5.498	3.563	0.000
1072	-5.418	3.547	0.000
1106	-5.418	3.547	0.000
1067	-5.417	3.548	0.000
1073	-5.417	3.547	0.000
1055	-5.387	1.833	0.000
1056	-5.387	1.833	0.000
974	-5.387	2.583	0.000
1004	-5.387	2.583	0.000
1122	-5.321	2.592	0.000
967	-5.315	2.595	0.000
1142	-4.576	2.526	0.000
