1379	-8.684	0.000	0.000
1408	-8.684	0.000	0.000
1409	-8.684	0.000	0.000
1430	-8.684	0.001	0.000
1479	-8.684	0.001	0.000
1480	-8.684	0.002	0.000
1500	-8.684	0.001	0.000
1519	-8.684	0.001	0.000
1524	-8.684	0.001	0.000
1406	-8.681	0.005	0.000
1450	-8.681	0.005	0.000
1390	-8.680	0.005	0.000
1391	-8.680	0.005	0.000
1392	-8.680	0.005	0.000
1393	-8.680	0.005	0.000
1396	-8.680	0.005	0.000
1509	-8.680	0.005	0.000
1514	-8.680	0.006	0.000
1517	-8.680	0.005	0.000
1525	-8.680	0.005	0.000
1401	-8.678	0.002	0.000
1414	-8.678	0.002	0.000
1415	-8.678	0.002	0.000
1416	-8.678	0.002	0.000
1417	-8.678	0.002	0.000
1433	-8.678	0.002	0.000
1469	-8.678	0.002	0.000
35	-8.648	2.084	0.000
644	-8.640	2.085	0.000
646	-8.640	2.085	0.000
222	-8.639	2.085	0.000
237	-8.639	2.085	0.000
256	-8.639	2.085	0.000
651	-8.638	2.084	0.000
659	-8.638	2.085	0.000
674	-8.638	2.085	0.000
1458	-8.637	2.085	0.000
1459	-8.637	2.085	0.000
1460	-8.637	2.085	0.000
1428	-8.636	2.085	0.000
1380	-8.635	2.085	0.000
1381	-8.635	2.085	0.000
1418	-8.635	2.085	0.000
1419	-8.635	2.085	0.000
1435	-8.635	2.085	0.000
1437	-8.635	2.085	0.000
1438	-8.635	2.085	0.000
1441	-8.635	2.085	0.000
1444	-8.635	2.085	0.000
1445	-8.635	2.085	0.000
1452	-8.635	2.085	0.000
1505	-8.635	2.085	0.000
635	-8.635	2.085	0.000
640	-8.635	2.085	0.000
636	-8.635	2.085	0.000
747	-8.634	2.082	0.000
807	-8.634	2.082	0.000
420	-8.634	2.085	0.000
631	-8.634	2.085	0.000
632	-8.634	2.085	0.000
633	-8.634	2.085	0.000
637	-8.634	2.085	0.000
489	-8.633	2.082	0.000
567	-8.633	2.082	0.000
480	-8.633	2.083	0.000
552	-8.633	2.083	0.000
1471	-8.631	0.033	0.000
1482	-8.631	0.032	0.000
1467	-8.630	0.032	0.000
1488	-8.630	0.033	0.000
539	-8.629	2.083	0.000
537	-8.629	2.083	0.000
798	-8.628	2.083	0.000
712	-8.628	2.083	0.000
740	-8.628	2.083	0.000
741	-8.628	2.083	0.000
751	-8.628	2.083	0.000
752	-8.628	2.083	0.000
756	-8.628	2.083	0.000
768	-8.628	2.083	0.000
769	-8.628	2.083	0.000
771	-8.628	2.083	0.000
778	-8.628	2.083	0.000
779	-8.628	2.083	0.000
780	-8.628	2.083	0.000
787	-8.628	2.083	0.000
788	-8.628	2.083	0.000
789	-8.628	2.083	0.000
791	-8.628	2.083	0.000
794	-8.628	2.083	0.000
795	-8.628	2.083	0.000
799	-8.628	2.083	0.000
800	-8.628	2.083	0.000
801	-8.628	2.083	0.000
409	-8.628	2.083	0.000
410	-8.628	2.083	0.000
701	-8.628	2.083	0.000
726	-8.628	2.083	0.000
742	-8.628	2.083	0.000
748	-8.628	2.083	0.000
785	-8.628	2.083	0.000
813	-8.628	2.083	0.000
448	-8.627	2.083	0.000
455	-8.627	2.083	0.000
470	-8.627	2.083	0.000
494	-8.627	2.083	0.000
589	-8.627	2.083	0.000
361	-8.627	2.083	0.000
390	-8.627	2.083	0.000
391	-8.627	2.083	0.000
400	-8.627	2.083	0.000
472	-8.627	2.083	0.000
542	-8.627	2.083	0.000
600	-8.627	2.083	0.000
722	-8.627	2.083	0.000
560	-8.627	2.083	0.000
582	-8.627	2.083	0.000
687	-8.627	2.083	0.000
688	-8.627	2.083	0.000
690	-8.627	2.083	0.000
680	-8.626	2.083	0.000
684	-8.626	2.083	0.000
1577	-8.546	1.634	0.000
1578	-8.546	1.634	0.000
1538	-8.197	1.710	0.000
1527	-8.197	1.710	0.000
1531	-8.197	1.710	0.000
1422	-8.190	1.713	0.000
1526	-8.163	1.713	0.000
1476	-8.146	2.355	0.000
1504	-8.146	2.355	0.000
1462	-8.025	2.031	0.000
1463	-8.025	2.031	0.000
1464	-8.025	2.031	0.000
1465	-8.025	2.031	0.000
1371	-8.024	2.031	0.000
1372	-8.024	2.031	0.000
1376	-8.024	2.031	0.000
1485	-8.023	2.031	0.000
1508	-8.023	2.031	0.000
1447	-8.023	2.031	0.000
1455	-8.023	2.031	0.000
1472	-8.023	2.031	0.000
1474	-8.023	2.031	0.000
1483	-8.023	2.031	0.000
1497	-8.023	2.031	0.000
1511	-8.023	2.031	0.000
1466	-7.990	2.028	0.000
1394	-7.989	2.028	0.000
1400	-7.989	2.028	0.000
1403	-7.989	2.028	0.000
1404	-7.989	2.028	0.000
1411	-7.989	2.028	0.000
1425	-7.989	2.028	0.000
1454	-7.989	2.028	0.000
1477	-7.989	2.028	0.000
1490	-7.989	2.028	0.000
1492	-7.989	2.028	0.000
1515	-7.989	2.028	0.000
1518	-7.989	2.028	0.000
1521	-7.989	2.028	0.000
1407	-7.975	2.027	0.000
1412	-7.975	2.027	0.000
1369	-7.930	2.033	0.000
1370	-7.930	2.033	0.000
1384	-7.928	2.032	0.000
1385	-7.928	2.032	0.000
1448	-7.928	2.032	0.000
1449	-7.928	2.032	0.000
1468	-7.903	1.751	0.000
1486	-7.903	1.751	0.000
1489	-7.903	1.751	0.000
1491	-7.903	1.751	0.000
1496	-7.903	1.751	0.000
1498	-7.903	1.751	0.000
1506	-7.903	1.751	0.000
1510	-7.903	1.751	0.000
1481	-7.903	1.751	0.000
1503	-7.903	1.751	0.000
1373	-7.903	1.751	0.000
1377	-7.903	1.751	0.000
1378	-7.903	1.751	0.000
1387	-7.903	1.751	0.000
1382	-7.903	1.751	0.000
1386	-7.903	1.751	0.000
1388	-7.903	1.751	0.000
1424	-7.902	1.751	0.000
1429	-7.902	1.751	0.000
1439	-7.902	1.751	0.000
1446	-7.902	1.751	0.000
1453	-7.902	1.751	0.000
1456	-7.902	1.751	0.000
1431	-7.902	1.751	0.000
1432	-7.902	1.751	0.000
1442	-7.902	1.751	0.000
1451	-7.902	1.751	0.000
1528	-7.899	2.035	0.000
1484	-7.893	2.029	0.000
1494	-7.893	2.029	0.000
1512	-7.880	2.028	0.000
1516	-7.880	2.028	0.000
1507	-7.877	1.750	0.000
1520	-7.877	1.750	0.000
1413	-7.876	1.750	0.000
1499	-7.873	1.752	0.000
1478	-7.872	1.752	0.000
1495	-7.872	1.752	0.000
1529	-7.868	2.175	0.000
1530	-7.868	2.175	0.000
1539	-7.868	2.174	0.000
1423	-7.832	2.180	0.000
1436	-7.832	2.180	0.000
804	-7.751	2.125	0.000
725	-7.750	2.124	0.000
858	-7.558	2.536	0.000
508	-7.552	2.545	0.000
619	-7.550	2.544	0.000
842	-7.545	2.539	0.000
846	-7.545	2.539	0.000
1535	-7.544	3.218	0.000
1537	-7.544	3.218	0.000
835	-7.544	2.539	0.000
1426	-7.540	2.536	0.000
198	-7.530	2.543	0.000
199	-7.530	2.543	0.000
174	-7.530	2.543	0.000
165	-7.529	2.543	0.000
1421	-7.493	3.219	0.000
845	-7.490	2.774	0.000
848	-7.490	2.774	0.000
1487	-7.486	3.248	0.000
1493	-7.486	3.248	0.000
1501	-7.486	3.248	0.000
1443	-7.481	2.774	0.000
1374	-7.481	3.245	0.000
1375	-7.481	3.245	0.000
205	-7.477	2.781	0.000
511	-7.477	2.780	0.000
152	-7.476	2.781	0.000
618	-7.476	2.781	0.000
166	-7.476	2.781	0.000
141	-7.475	2.778	0.000
523	-7.475	2.779	0.000
825	-7.472	2.780	0.000
830	-7.472	2.780	0.000
1534	-7.457	3.218	0.000
669	-7.448	2.313	0.000
808	-7.446	2.310	0.000
732	-7.445	2.311	0.000
1399	-7.441	3.244	0.000
1522	-7.441	3.244	0.000
1389	-7.439	3.243	0.000
809	-7.436	2.312	0.000
728	-7.436	2.313	0.000
781	-7.436	2.314	0.000
727	-7.436	2.313	0.000
678	-7.434	2.313	0.000
677	-7.434	2.313	0.000
1434	-7.405	3.241	0.000
263	-7.396	2.486	0.000
735	-7.385	2.489	0.000
607	-7.385	2.498	0.000
357	-7.384	2.487	0.000
435	-7.384	2.492	0.000
436	-7.384	2.491	0.000
761	-7.375	2.511	0.000
818	-7.374	2.511	0.000
817	-7.374	2.511	0.000
737	-7.373	2.497	0.000
602	-7.373	2.497	0.000
1523	-7.362	3.287	0.000
1398	-7.294	3.277	0.000
702	-7.245	3.425	0.000
770	-7.243	3.426	0.000
814	-7.243	3.426	0.000
833	-7.235	3.437	0.000
759	-7.188	2.584	0.000
762	-7.188	2.584	0.000
772	-7.188	2.584	0.000
775	-7.188	2.584	0.000
617	-7.160	2.594	0.000
1533	-7.153	2.614	0.000
1536	-7.153	2.614	0.000
543	-7.153	2.628	0.000
583	-7.152	2.628	0.000
811	-7.152	2.629	0.000
707	-7.146	2.623	0.000
488	-7.146	2.624	0.000
513	-7.136	3.467	0.000
1397	-7.130	2.633	0.000
1470	-7.130	2.634	0.000
1475	-7.130	2.634	0.000
823	-7.130	3.469	0.000
824	-7.130	3.469	0.000
831	-7.130	3.469	0.000
839	-7.129	3.467	0.000
840	-7.129	3.467	0.000
859	-7.128	3.466	0.000
843	-7.125	3.467	0.000
805	-7.021	3.485	0.000
658	-6.995	3.492	0.000
743	-6.965	3.498	0.000
694	-6.962	3.497	0.000
1473	-6.958	2.641	0.000
851	-6.957	2.639	0.000
786	-6.956	3.496	0.000
844	-6.954	2.639	0.000
852	-6.952	2.637	0.000
854	-6.952	2.637	0.000
517	-6.946	2.642	0.000
832	-6.942	2.648	0.000
190	-6.915	2.629	0.000
1532	-6.902	2.764	0.000
1513	-6.763	2.739	0.000
774	-6.669	2.784	0.000
708	-6.598	2.753	0.000
1502	-5.823	3.419	0.000
