675	-6.109	0.000	0.000
426	-6.096	0.007	0.000
1154	-5.776	0.080	0.000
711	-5.765	0.060	0.000
359	-5.763	0.060	0.000
360	-5.763	0.060	0.000
745	-5.761	0.060	0.000
620	-5.609	2.598	0.000
621	-5.609	2.598	0.000
622	-5.609	2.598	0.000
616	-5.608	2.598	0.000
738	-5.603	2.598	0.000
280	-5.587	2.505	0.000
138	-5.406	2.559	0.000
827	-5.406	2.559	0.000
828	-5.406	2.559	0.000
820	-5.405	2.560	0.000
164	-5.405	2.559	0.000
696	-5.400	2.559	0.000
810	-5.400	2.559	0.000
371	-5.400	2.560	0.000
439	-5.399	2.559	0.000
129	-5.399	2.559	0.000
739	-5.399	2.559	0.000
144	-5.391	2.557	0.000
334	-5.386	2.558	0.000
374	-5.371	2.590	0.000
183	-5.344	2.558	0.000
588	-5.343	2.559	0.000
581	-5.338	2.558	0.000
296	-5.337	2.559	0.000
578	-5.337	2.558	0.000
554	-5.336	2.559	0.000
123	-5.333	2.559	0.000
127	-5.333	2.559	0.000
760	-5.309	2.589	0.000
167	-5.223	1.650	0.000
315	-5.217	1.651	0.000
231	-5.213	2.633	0.000
135	-5.177	1.636	0.000
648	-5.164	2.667	0.000
