143	-9.478	0.000	0.000
573	-9.399	0.014	0.000
50	-9.398	0.013	0.000
55	-9.398	0.013	0.000
716	-9.391	0.010	0.000
78	-9.390	0.010	0.000
273	-9.382	0.010	0.000
53	-9.309	0.133	0.000
54	-9.309	0.134	0.000
718	-9.303	0.128	0.000
146	-9.265	0.043	0.000
188	-9.265	0.043	0.000
697	-9.260	0.141	0.000
857	-9.256	0.043	0.000
56	-9.227	0.095	0.000
73	-9.224	0.092	0.000
62	-9.223	0.091	0.000
63	-9.223	0.091	0.000
93	-9.223	0.091	0.000
94	-9.223	0.091	0.000
126	-9.222	0.092	0.000
75	-9.222	0.093	0.000
122	-9.222	0.093	0.000
109	-9.221	0.092	0.000
34	-9.219	0.119	0.000
112	-8.923	1.773	0.000
506	-8.914	1.768	0.000
403	-8.879	1.777	0.000
569	-8.879	1.777	0.000
432	-8.878	1.776	0.000
185	-8.874	1.782	0.000
257	-8.872	1.777	0.000
74	-8.823	1.794	0.000
97	-8.823	1.794	0.000
49	-8.821	1.795	0.000
52	-8.821	1.795	0.000
641	-8.818	1.796	0.000
36	-8.814	1.795	0.000
512	-8.779	1.807	0.000
139	-8.778	1.807	0.000
551	-8.775	1.786	0.000
344	-8.773	1.786	0.000
351	-8.773	1.786	0.000
98	-8.772	1.786	0.000
124	-8.771	1.786	0.000
108	-8.771	1.786	0.000
325	-8.771	1.787	0.000
66	-8.770	1.786	0.000
118	-8.770	1.786	0.000
119	-8.770	1.786	0.000
269	-8.766	1.786	0.000
270	-8.766	1.786	0.000
278	-8.765	1.787	0.000
645	-8.757	1.790	0.000
95	-8.721	1.807	0.000
324	-8.720	1.808	0.000
717	-8.720	1.808	0.000
31	-8.720	1.819	0.000
32	-8.720	1.819	0.000
33	-8.720	1.819	0.000
121	-8.719	1.808	0.000
58	-8.719	1.808	0.000
59	-8.719	1.808	0.000
61	-8.719	1.808	0.000
92	-8.719	1.808	0.000
40	-8.718	1.808	0.000
41	-8.718	1.808	0.000
43	-8.718	1.808	0.000
44	-8.718	1.808	0.000
45	-8.718	1.808	0.000
268	-8.714	1.808	0.000
277	-8.713	1.808	0.000
37	-8.711	1.808	0.000
372	-8.698	1.812	0.000
479	-8.698	1.812	0.000
431	-8.697	1.812	0.000
72	-8.658	1.824	0.000
57	-8.657	1.824	0.000
763	-8.484	0.366	0.000
548	-8.482	0.366	0.000
498	-8.438	0.372	0.000
1	-8.434	0.350	0.000
11	-8.414	0.375	0.000
17	-8.414	0.375	0.000
22	-8.414	0.375	0.000
25	-8.414	0.374	0.000
26	-8.414	0.375	0.000
28	-8.414	0.375	0.000
29	-8.414	0.375	0.000
2	-8.413	0.375	0.000
312	-8.393	0.252	0.000
227	-8.387	0.254	0.000
151	-8.369	0.283	0.000
153	-8.369	0.283	0.000
158	-8.369	0.283	0.000
159	-8.369	0.283	0.000
176	-8.368	0.283	0.000
173	-8.343	0.279	0.000
201	-8.343	0.279	0.000
69	-8.328	0.295	0.000
71	-8.328	0.295	0.000
342	-8.328	0.295	0.000
82	-8.327	0.295	0.000
86	-8.327	0.295	0.000
399	-8.326	0.295	0.000
444	-8.326	0.295	0.000
100	-8.325	0.295	0.000
106	-8.325	0.295	0.000
267	-8.317	0.296	0.000
91	-8.302	0.291	0.000
81	-8.302	0.291	0.000
478	-8.288	0.300	0.000
242	-8.279	0.301	0.000
18	-8.259	0.300	0.000
27	-8.259	0.300	0.000
8	-8.254	0.300	0.000
9	-8.254	0.300	0.000
10	-8.254	0.300	0.000
15	-8.254	0.300	0.000
16	-8.254	0.300	0.000
20	-8.254	0.300	0.000
30	-8.237	0.296	0.000
7	-8.229	0.296	0.000
149	-8.206	0.313	0.000
388	-8.188	0.282	0.000
394	-8.188	0.282	0.000
493	-8.187	0.282	0.000
734	-8.186	0.281	0.000
797	-8.186	0.281	0.000
440	-8.185	0.281	0.000
783	-8.185	0.281	0.000
285	-8.184	0.281	0.000
601	-8.184	0.281	0.000
265	-8.176	0.281	0.000
655	-8.175	0.281	0.000
550	-8.172	0.323	0.000
70	-8.163	0.323	0.000
802	-8.127	0.327	0.000
207	-8.125	0.304	0.000
193	-8.124	0.304	0.000
225	-8.115	0.328	0.000
467	-8.081	0.313	0.000
311	-8.064	0.316	0.000
487	-8.049	0.318	0.000
793	-8.045	0.317	0.000
425	-8.031	0.324	0.000
218	-8.011	0.317	0.000
713	-7.709	0.264	0.000
178	-7.668	0.288	0.000
189	-7.663	1.807	0.000
519	-7.661	1.808	0.000
507	-7.661	1.808	0.000
829	-7.635	0.317	0.000
404	-7.616	1.807	0.000
319	-7.615	1.807	0.000
259	-7.605	1.807	0.000
51	-7.586	1.844	0.000
750	-7.579	3.390	0.000
819	-7.579	3.391	0.000
586	-7.578	3.391	0.000
803	-7.562	3.394	0.000
681	-7.561	3.395	0.000
724	-7.561	3.394	0.000
134	-7.560	3.394	0.000
538	-7.554	3.396	0.000
555	-7.548	3.397	0.000
614	-7.535	3.393	0.000
723	-7.535	3.393	0.000
505	-7.534	3.393	0.000
245	-7.534	3.399	0.000
673	-7.534	3.400	0.000
111	-7.523	2.799	0.000
46	-7.521	2.799	0.000
1440	-7.520	3.401	0.000
1383	-7.520	3.401	0.000
1395	-7.520	3.401	0.000
1457	-7.519	3.401	0.000
1461	-7.519	3.401	0.000
352	-7.514	1.759	0.000
38	-7.504	2.796	0.000
155	-7.460	1.632	0.000
649	-7.447	3.395	0.000
343	-7.418	1.636	0.000
83	-7.416	1.636	0.000
297	-7.416	1.636	0.000
299	-7.416	1.636	0.000
147	-7.416	1.661	0.000
67	-7.415	1.636	0.000
80	-7.415	1.636	0.000
107	-7.415	1.636	0.000
128	-7.415	1.636	0.000
131	-7.415	1.636	0.000
170	-7.415	1.661	0.000
570	-7.412	1.637	0.000
47	-7.411	1.637	0.000
48	-7.411	1.637	0.000
258	-7.409	1.638	0.000
266	-7.409	1.638	0.000
184	-7.391	2.819	0.000
411	-7.388	1.638	0.000
413	-7.388	1.638	0.000
699	-7.388	1.638	0.000
700	-7.388	1.638	0.000
13	-7.380	1.639	0.000
76	-7.373	1.667	0.000
99	-7.373	1.667	0.000
407	-7.373	1.667	0.000
105	-7.372	1.667	0.000
96	-7.370	2.826	0.000
113	-7.370	2.826	0.000
418	-7.347	1.648	0.000
85	-7.339	2.251	0.000
87	-7.338	2.251	0.000
210	-7.338	1.673	0.000
630	-7.338	1.673	0.000
642	-7.326	1.784	0.000
213	-7.317	2.275	0.000
518	-7.249	3.184	0.000
417	-7.241	3.189	0.000
348	-7.234	3.193	0.000
433	-7.234	3.194	0.000
331	-7.233	3.199	0.000
130	-7.232	3.192	0.000
321	-7.232	3.196	0.000
79	-7.231	3.194	0.000
120	-7.231	3.192	0.000
514	-7.202	3.353	0.000
660	-7.163	3.405	0.000
661	-7.163	3.405	0.000
705	-7.161	3.407	0.000
148	-7.161	3.336	0.000
230	-7.134	3.336	0.000
356	-7.133	3.339	0.000
104	-7.131	3.339	0.000
114	-7.131	3.339	0.000
423	-7.129	2.467	0.000
562	-7.128	2.463	0.000
563	-7.128	2.463	0.000
247	-7.125	3.344	0.000
491	-7.121	3.341	0.000
968	-7.104	3.427	0.000
969	-7.104	3.427	0.000
973	-7.104	3.427	0.000
1029	-7.104	3.427	0.000
1030	-7.104	3.427	0.000
1035	-7.104	3.427	0.000
132	-7.097	3.353	0.000
68	-7.096	3.353	0.000
464	-7.092	2.382	0.000
564	-7.077	2.388	0.000
566	-7.077	2.388	0.000
157	-7.072	2.394	0.000
117	-7.068	2.400	0.000
608	-7.067	2.400	0.000
338	-7.066	2.400	0.000
447	-7.065	2.400	0.000
643	-7.063	3.420	0.000
483	-7.054	2.405	0.000
730	-7.052	2.405	0.000
591	-7.051	2.405	0.000
492	-7.050	2.405	0.000
850	-7.035	1.775	0.000
415	-7.028	2.404	0.000
195	-7.025	3.357	0.000
546	-6.998	3.359	0.000
286	-6.995	3.360	0.000
281	-6.993	3.306	0.000
465	-6.989	3.425	0.000
421	-6.985	3.358	0.000
595	-6.985	3.361	0.000
358	-6.961	3.365	0.000
821	-6.954	1.069	0.000
668	-6.952	3.365	0.000
758	-6.952	3.367	0.000
452	-6.949	3.367	0.000
137	-6.929	1.071	0.000
276	-6.924	3.373	0.000
720	-6.924	3.375	0.000
378	-6.920	3.239	0.000
180	-6.914	3.197	0.000
515	-6.907	3.379	0.000
246	-6.905	3.975	0.000
585	-6.902	3.977	0.000
627	-6.901	3.342	0.000
910	-6.889	3.971	0.000
918	-6.889	3.971	0.000
920	-6.889	3.971	0.000
958	-6.889	3.971	0.000
419	-6.886	3.227	0.000
221	-6.876	3.235	0.000
350	-6.874	3.316	0.000
558	-6.870	3.388	0.000
528	-6.869	3.358	0.000
235	-6.854	3.247	0.000
133	-6.850	3.245	0.000
396	-6.850	3.246	0.000
908	-6.850	3.319	0.000
283	-6.849	3.246	0.000
322	-6.849	3.246	0.000
337	-6.849	3.246	0.000
438	-6.849	3.416	0.000
212	-6.848	3.451	0.000
288	-6.848	3.419	0.000
313	-6.848	3.418	0.000
719	-6.847	3.329	0.000
349	-6.843	3.272	0.000
375	-6.840	3.248	0.000
186	-6.840	3.512	0.000
187	-6.840	3.511	0.000
240	-6.836	3.483	0.000
250	-6.828	3.254	0.000
527	-6.826	3.367	0.000
524	-6.819	3.368	0.000
373	-6.803	3.577	0.000
274	-6.792	3.253	0.000
709	-6.784	3.377	0.000
215	-6.782	3.374	0.000
200	-6.779	3.376	0.000
305	-6.777	3.378	0.000
306	-6.777	3.378	0.000
710	-6.777	3.378	0.000
715	-6.777	3.378	0.000
335	-6.769	3.258	0.000
401	-6.766	3.380	0.000
474	-6.766	3.380	0.000
500	-6.765	3.380	0.000
386	-6.765	3.380	0.000
150	-6.764	3.248	0.000
389	-6.764	3.380	0.000
757	-6.763	3.381	0.000
328	-6.761	3.381	0.000
232	-6.760	3.381	0.000
289	-6.756	3.249	0.000
224	-6.748	3.252	0.000
379	-6.748	3.250	0.000
458	-6.746	3.251	0.000
395	-6.663	3.208	0.000
502	-6.658	1.075	0.000
203	-6.656	3.202	0.000
981	-6.627	3.791	0.000
834	-6.612	3.264	0.000
364	-6.611	3.285	0.000
179	-6.608	3.920	0.000
206	-6.608	3.920	0.000
294	-6.606	3.920	0.000
812	-6.605	3.922	0.000
442	-6.605	3.921	0.000
565	-6.602	3.252	0.000
490	-6.602	3.252	0.000
499	-6.601	3.253	0.000
596	-6.601	3.252	0.000
473	-6.601	3.253	0.000
459	-6.600	3.253	0.000
815	-6.582	3.382	0.000
689	-6.564	3.390	0.000
721	-6.564	3.378	0.000
612	-6.561	1.861	0.000
156	-6.550	1.065	0.000
181	-6.548	3.211	0.000
405	-6.546	1.805	0.000
192	-6.539	1.063	0.000
287	-6.534	3.214	0.000
291	-6.534	3.214	0.000
329	-6.533	3.214	0.000
392	-6.532	3.214	0.000
592	-6.516	1.055	0.000
354	-6.469	2.653	0.000
295	-6.444	2.697	0.000
463	-6.444	2.299	0.000
302	-6.436	2.299	0.000
579	-6.426	1.911	0.000
796	-6.405	1.918	0.000
571	-6.401	2.702	0.000
336	-6.395	2.299	0.000
605	-6.382	2.315	0.000
162	-6.369	1.898	0.000
248	-6.332	1.915	0.000
251	-6.332	1.915	0.000
252	-6.332	1.915	0.000
733	-6.303	2.339	0.000
653	-6.289	3.743	0.000
623	-6.287	2.287	0.000
536	-6.263	3.694	0.000
236	-6.254	2.688	0.000
327	-6.249	2.688	0.000
544	-6.248	2.688	0.000
547	-6.248	2.688	0.000
606	-6.247	2.688	0.000
611	-6.247	2.688	0.000
672	-6.245	2.691	0.000
238	-6.244	2.691	0.000
239	-6.244	2.691	0.000
482	-6.241	2.691	0.000
177	-6.241	2.686	0.000
194	-6.240	2.686	0.000
208	-6.240	2.686	0.000
496	-6.238	2.691	0.000
497	-6.238	2.691	0.000
676	-6.238	2.691	0.000
599	-6.237	2.691	0.000
253	-6.237	2.699	0.000
475	-6.236	2.691	0.000
580	-6.223	2.702	0.000
414	-6.219	2.692	0.000
782	-6.216	2.704	0.000
402	-6.213	2.704	0.000
624	-6.206	2.304	0.000
587	-6.198	2.699	0.000
682	-6.198	2.699	0.000
260	-6.196	2.711	0.000
244	-6.193	3.979	0.000
314	-6.188	2.712	0.000
326	-6.188	2.711	0.000
434	-6.188	2.711	0.000
116	-6.188	2.711	0.000
254	-6.188	2.709	0.000
255	-6.188	2.709	0.000
520	-6.186	2.691	0.000
481	-6.181	2.714	0.000
160	-6.181	2.708	0.000
163	-6.179	2.709	0.000
549	-6.160	2.792	0.000
317	-6.155	2.796	0.000
318	-6.155	2.796	0.000
559	-6.139	2.721	0.000
826	-6.135	2.319	0.000
353	-6.088	2.272	0.000
309	-6.049	3.504	0.000
693	-6.028	2.273	0.000
695	-6.028	2.273	0.000
363	-6.011	2.275	0.000
625	-5.954	2.303	0.000
626	-5.954	2.304	0.000
368	-5.929	3.485	0.000
841	-5.744	3.922	0.000
355	-5.586	3.976	0.000
380	-5.583	3.975	0.000
393	-5.583	3.975	0.000
376	-5.583	3.975	0.000
454	-5.582	3.975	0.000
574	-5.581	3.979	0.000
650	-5.572	3.963	0.000
451	-5.567	3.889	0.000
654	-5.564	3.974	0.000
529	-5.561	3.990	0.000
530	-5.561	3.990	0.000
647	-5.533	3.901	0.000
