1	-8.176	0.000	4.271
560	-8.174	0.057	4.258
22	-8.165	0.049	6.196
23	-8.165	0.049	4.021
24	-8.165	0.049	2.850
47	-8.164	0.049	2.853
27	-8.164	0.049	4.101
35	-8.164	0.049	2.873
69	-8.164	0.050	2.984
74	-8.164	0.049	2.391
106	-8.160	0.049	5.810
25	-8.157	0.050	6.096
26	-8.157	0.050	7.758
21	-8.155	0.086	4.007
402	-8.154	0.088	7.767
112	-8.154	0.086	6.047
170	-8.154	0.086	6.050
417	-8.154	0.086	6.089
437	-8.105	0.037	21.082
300	-7.984	0.065	2.023
389	-7.705	1.093	17.486
144	-7.509	1.582	11.809
425	-7.509	1.582	12.175
135	-7.509	1.582	5.566
884	-7.509	1.579	5.565
293	-7.508	1.582	5.567
336	-7.477	1.583	6.056
50	-7.477	1.583	18.443
138	-7.477	1.583	18.443
149	-7.477	1.583	18.445
207	-7.477	1.583	18.445
3	-7.306	0.280	7.032
16	-7.306	0.280	16.923
17	-7.306	0.280	5.626
19	-7.306	0.280	5.626
20	-7.306	0.280	6.755
29	-7.306	0.280	5.620
32	-7.306	0.280	7.579
34	-7.306	0.280	6.385
61	-7.306	0.280	6.386
56	-7.306	0.280	3.483
58	-7.306	0.280	3.480
65	-7.306	0.280	3.488
81	-7.306	0.280	8.609
173	-7.305	0.280	4.426
178	-7.305	0.280	4.380
169	-7.305	0.280	1.769
188	-7.305	0.280	8.601
396	-7.305	0.280	4.224
268	-7.267	0.335	7.299
232	-7.267	0.335	3.351
262	-7.267	0.335	12.057
120	-7.182	1.245	3.474
374	-7.170	1.238	6.357
201	-7.156	1.235	4.475
54	-7.107	0.258	17.589
366	-7.101	0.285	1.993
486	-7.079	0.321	4.575
12	-7.079	0.293	4.575
13	-7.079	0.293	5.731
278	-7.078	0.292	4.577
30	-7.077	0.292	4.577
382	-7.077	0.292	4.577
4	-7.076	0.360	4.577
6	-7.076	0.360	16.226
7	-7.076	0.360	6.853
8	-7.076	0.360	16.222
10	-7.076	0.360	0.082
14	-7.076	0.359	0.010
15	-7.076	0.359	0.020
57	-7.076	0.359	0.014
60	-7.076	0.360	15.676
62	-7.076	0.359	0.027
82	-7.076	0.359	0.087
181	-7.076	0.359	0.078
323	-7.076	0.360	0.077
424	-7.076	0.359	6.776
308	-7.076	0.358	6.777
189	-7.075	0.358	16.625
430	-7.075	0.358	16.624
140	-7.074	0.355	6.776
141	-7.074	0.355	6.777
152	-7.074	0.355	20.874
129	-7.073	0.357	6.760
131	-7.073	0.358	7.028
68	-7.072	0.287	5.630
570	-7.068	0.364	4.321
315	-7.067	0.294	2.003
361	-7.067	0.286	6.381
363	-7.067	0.270	3.486
209	-7.066	0.285	4.146
156	-7.066	0.282	2.901
191	-7.066	0.272	8.612
307	-7.065	0.516	4.427
485	-7.052	0.358	8.609
318	-7.039	0.394	1.760
320	-7.039	0.394	1.762
175	-7.039	0.393	4.233
394	-7.037	0.392	5.618
123	-7.036	0.391	5.620
133	-7.036	0.391	5.620
221	-7.035	0.307	1.787
160	-7.030	1.051	20.919
91	-7.029	1.055	20.920
42	-7.017	1.109	20.920
234	-7.017	0.432	14.789
240	-7.017	0.432	14.791
182	-7.015	1.109	2.363
9	-7.015	1.554	6.314
237	-7.014	1.136	6.315
236	-7.014	1.136	11.836
204	-7.014	1.109	4.486
212	-7.014	1.109	6.279
353	-7.013	1.107	17.133
428	-7.012	1.107	7.883
164	-7.011	1.109	7.041
277	-7.011	1.554	7.041
185	-7.010	1.109	4.343
143	-7.010	1.107	3.516
100	-7.009	1.103	4.216
564	-6.995	1.120	21.085
450	-6.990	1.125	3.582
461	-6.987	1.125	6.377
281	-6.979	0.817	7.309
289	-6.978	0.844	1.314
282	-6.977	0.858	6.977
256	-6.975	0.726	3.496
985	-6.905	1.306	1.977
580	-6.904	1.298	1.981
576	-6.903	1.298	1.982
310	-6.894	1.295	2.004
79	-6.890	1.291	20.873
167	-6.889	1.295	7.028
168	-6.889	1.295	5.630
97	-6.888	1.295	5.629
530	-6.888	1.300	17.424
399	-6.886	1.294	16.595
225	-6.883	1.301	20.906
512	-6.882	1.301	6.381
477	-6.880	1.301	8.580
426	-6.804	2.334	4.063
343	-6.804	2.333	4.252
358	-6.804	2.333	4.313
299	-6.802	2.334	4.321
109	-6.801	2.334	2.811
265	-6.776	1.214	4.269
11	-6.755	1.551	2.855
18	-6.755	1.551	12.252
5	-6.755	1.551	2.865
44	-6.755	1.551	2.978
309	-6.754	1.551	8.844
76	-6.754	1.551	5.150
96	-6.749	1.551	4.252
101	-6.749	1.551	11.189
115	-6.748	1.551	4.511
119	-6.748	1.551	3.989
434	-6.730	0.798	18.451
528	-6.724	1.571	18.450
472	-6.718	1.571	17.594
303	-6.712	1.219	17.592
304	-6.712	1.219	0.290
521	-6.712	0.385	17.591
458	-6.697	0.382	18.455
355	-6.680	2.208	16.626
306	-6.633	0.932	2.555
1045	-6.569	1.340	4.578
41	-6.539	1.551	7.038
579	-6.521	1.356	6.389
537	-6.519	1.357	3.482
550	-6.519	1.357	3.489
161	-6.503	1.357	5.627
500	-6.502	1.356	5.627
501	-6.502	1.356	5.627
568	-6.502	1.352	20.923
529	-6.501	1.362	20.923
124	-6.499	1.354	1.786
292	-6.482	0.947	8.889
448	-6.460	1.352	7.049
147	-6.457	1.351	3.523
460	-6.457	1.352	7.892
535	-6.386	2.256	2.857
481	-6.372	2.256	2.874
264	-6.371	2.253	2.881
180	-6.368	2.253	2.877
385	-6.368	2.253	5.849
407	-6.368	2.253	5.164
368	-6.368	2.253	2.399
401	-6.368	2.253	11.200
557	-6.320	2.247	18.450
525	-6.319	2.247	17.594
518	-6.315	2.248	17.595
456	-6.314	2.248	17.592
70	-6.260	2.245	5.757
83	-6.260	2.245	4.578
364	-6.260	2.245	16.240
408	-6.259	2.245	4.578
413	-6.259	2.245	4.578
420	-6.259	2.245	4.581
154	-6.257	2.245	4.580
155	-6.257	2.245	4.581
357	-6.256	2.245	4.581
559	-6.103	2.319	7.890
90	-6.092	2.393	7.048
114	-6.092	2.393	10.976
159	-6.092	2.393	4.346
205	-6.092	2.393	10.363
384	-6.092	2.393	4.484
330	-6.091	2.393	11.852
37	-6.091	2.393	2.476
38	-6.091	2.393	2.498
39	-6.091	2.393	21.088
40	-6.091	2.393	4.480
53	-6.091	2.393	6.361
66	-6.091	2.393	3.486
67	-6.091	2.393	3.485
84	-6.091	2.393	3.492
88	-6.091	2.393	4.126
103	-6.091	2.393	7.640
311	-6.091	2.393	3.403
211	-6.088	2.398	3.412
267	-6.080	2.391	5.557
469	-6.078	2.236	3.406
148	-6.074	2.326	5.570
371	-6.070	2.232	5.575
64	-6.070	2.233	5.827
75	-6.070	2.233	5.561
80	-6.070	2.233	5.561
92	-6.070	2.233	5.323
269	-6.043	2.380	3.398
239	-6.042	2.380	4.322
243	-6.042	2.380	4.321
255	-6.042	2.380	3.313
174	-6.036	2.382	12.554
183	-6.036	2.382	6.155
194	-6.035	2.382	4.270
199	-6.035	2.382	4.271
218	-6.035	2.382	4.274
28	-6.035	2.381	4.280
72	-6.035	2.381	4.169
107	-6.035	2.381	4.178
145	-6.035	2.381	2.855
187	-6.035	2.382	4.185
290	-6.035	2.382	2.881
295	-6.035	2.381	2.883
328	-6.035	2.381	2.446
356	-6.035	2.381	3.652
367	-6.035	2.382	5.160
369	-6.035	2.382	11.200
390	-6.035	2.382	8.207
391	-6.035	2.382	8.099
416	-6.035	2.382	4.513
121	-6.035	2.381	6.020
86	-6.034	2.381	4.065
94	-6.034	2.381	8.811
95	-6.034	2.381	6.039
136	-6.034	2.382	6.042
139	-6.034	2.381	6.078
146	-6.034	2.381	18.450
153	-6.034	2.381	18.449
378	-6.030	3.538	17.594
444	-6.026	3.607	17.595
716	-6.025	3.608	17.592
731	-6.025	3.608	17.591
1096	-6.025	3.608	17.596
1107	-6.025	3.608	17.594
755	-6.021	3.610	0.211
762	-6.021	3.610	2.007
792	-6.021	3.610	1.995
801	-6.021	3.610	2.019
804	-6.021	3.610	2.019
833	-6.021	3.610	5.757
459	-6.020	2.388	5.758
1031	-6.019	3.610	5.757
561	-6.015	2.383	16.239
449	-6.013	2.381	4.578
445	-6.012	2.380	4.578
447	-6.012	2.381	5.734
1094	-6.004	3.619	4.581
949	-5.999	3.620	4.580
1035	-5.999	3.620	4.581
1081	-5.999	3.620	16.229
1089	-5.999	3.620	6.857
701	-5.998	3.622	16.224
875	-5.998	3.623	0.089
882	-5.998	3.622	0.014
1095	-5.998	3.622	0.000
1097	-5.998	3.622	0.009
1113	-5.998	3.622	15.679
761	-5.994	3.623	0.093
768	-5.994	3.623	17.491
794	-5.994	3.623	0.071
863	-5.994	3.623	6.779
868	-5.994	3.623	6.779
923	-5.992	3.624	16.626
927	-5.992	3.624	16.626
931	-5.992	3.624	6.779
950	-5.992	3.624	16.627
970	-5.992	3.624	7.038
971	-5.992	3.624	6.762
972	-5.992	3.624	16.930
978	-5.992	3.624	5.633
983	-5.992	3.624	5.632
988	-5.992	3.624	6.812
996	-5.992	3.624	5.627
1009	-5.992	3.624	0.128
1011	-5.992	3.624	2.017
1037	-5.992	3.624	6.390
1043	-5.992	3.624	4.145
1052	-5.992	3.624	3.485
1054	-5.992	3.624	3.493
1055	-5.992	3.624	8.616
1057	-5.992	3.624	4.429
1063	-5.992	3.624	8.611
1077	-5.992	3.624	1.797
533	-5.953	2.328	20.923
556	-5.938	2.324	10.976
208	-5.938	2.458	4.346
750	-5.885	2.441	7.001
398	-5.848	2.684	5.504
162	-5.796	2.478	5.597
33	-5.794	2.478	5.589
36	-5.794	2.478	5.551
43	-5.794	2.478	3.550
48	-5.794	2.478	5.554
49	-5.794	2.478	3.408
171	-5.794	2.478	4.804
177	-5.794	2.478	5.570
375	-5.794	2.478	5.570
418	-5.794	2.478	5.575
45	-5.794	2.478	13.562
46	-5.794	2.478	5.322
55	-5.794	2.478	5.560
59	-5.794	2.478	5.324
63	-5.794	2.478	6.269
71	-5.794	2.478	6.270
73	-5.794	2.478	6.269
87	-5.794	2.478	3.396
319	-5.794	2.478	4.340
326	-5.794	2.478	4.321
335	-5.794	2.478	4.316
179	-5.794	2.479	3.316
51	-5.793	2.478	2.428
52	-5.793	2.478	2.871
110	-5.792	2.478	4.271
117	-5.792	2.478	4.273
98	-5.791	2.478	4.275
102	-5.791	2.478	2.468
313	-5.789	2.293	2.858
249	-5.777	2.466	2.868
415	-5.770	2.466	4.072
198	-5.770	2.466	5.176
176	-5.769	2.465	5.161
344	-5.769	2.465	2.402
111	-5.768	2.465	3.633
116	-5.767	2.465	8.216
2	-5.767	2.490	4.512
89	-5.767	2.490	4.522
446	-5.765	2.473	4.067
113	-5.764	2.491	7.769
457	-5.763	2.473	6.039
463	-5.762	2.473	6.095
163	-5.754	2.483	6.044
482	-5.752	2.256	0.295
233	-5.747	2.280	18.449
192	-5.739	2.285	17.595
531	-5.724	2.481	17.595
217	-5.723	2.281	17.592
377	-5.717	2.668	17.591
213	-5.701	3.779	0.180
422	-5.701	3.779	0.211
429	-5.681	2.288	1.995
158	-5.676	2.287	1.999
497	-5.675	2.295	2.019
453	-5.673	2.296	2.023
462	-5.673	2.296	5.758
495	-5.667	2.314	5.757
553	-5.661	2.296	4.579
566	-5.639	2.696	4.581
522	-5.626	2.289	0.051
250	-5.623	2.270	0.000
329	-5.618	2.276	8.697
392	-5.617	2.276	15.678
77	-5.615	2.436	0.094
78	-5.615	2.436	17.490
118	-5.612	2.436	6.623
130	-5.612	2.436	6.779
270	-5.598	2.537	16.626
467	-5.596	2.282	6.779
284	-5.583	2.529	7.037
288	-5.583	2.529	5.633
297	-5.581	2.527	5.632
498	-5.580	2.441	5.629
93	-5.573	2.060	4.486
360	-5.559	3.524	4.212
301	-5.558	3.525	7.267
132	-5.556	2.430	3.550
261	-5.530	3.870	4.131
227	-5.529	3.870	21.021
241	-5.529	3.870	5.602
244	-5.529	3.870	3.549
223	-5.529	3.903	3.404
235	-5.525	3.956	5.557
252	-5.522	3.985	5.569
186	-5.520	3.985	5.570
331	-5.520	3.985	5.323
340	-5.519	3.878	5.560
342	-5.519	3.878	5.323
165	-5.519	3.878	6.269
403	-5.519	3.874	6.269
203	-5.519	3.880	6.268
409	-5.519	3.882	6.274
432	-5.516	3.940	4.262
411	-5.513	3.979	4.321
228	-5.508	3.542	3.315
248	-5.508	3.542	2.866
251	-5.508	3.542	6.156
578	-5.508	3.859	4.269
536	-5.508	3.885	4.273
312	-5.508	3.987	4.277
527	-5.507	3.904	4.165
190	-5.498	3.546	8.202
314	-5.498	3.546	6.113
492	-5.498	3.866	6.094
475	-5.498	3.888	7.756
517	-5.498	3.888	4.081
354	-5.497	3.546	6.037
337	-5.497	3.546	6.447
338	-5.497	3.546	6.042
349	-5.497	3.546	6.664
379	-5.497	3.546	18.449
400	-5.497	3.546	18.451
471	-5.497	3.931	18.450
470	-5.497	3.930	0.290
128	-5.496	3.546	17.594
474	-5.480	3.553	0.212
220	-5.476	3.558	1.988
439	-5.400	1.334	16.239
137	-5.373	2.722	0.012
259	-5.342	3.980	0.092
372	-5.340	3.989	0.068
257	-5.340	3.980	0.100
216	-5.334	3.982	6.779
421	-5.329	3.981	16.626
317	-5.326	3.986	16.626
380	-5.325	3.986	20.872
381	-5.325	3.986	6.779
440	-5.321	3.991	16.627
345	-5.320	3.981	6.763
431	-5.320	3.992	7.037
490	-5.316	3.985	5.633
540	-5.309	3.991	5.632
581	-5.309	3.991	5.632
516	-5.301	3.995	5.630
487	-5.299	3.995	7.182
511	-5.299	3.996	0.102
479	-5.298	3.996	6.368
484	-5.290	3.997	3.486
1185	-5.283	3.978	8.584
1295	-5.282	3.978	4.379
1212	-5.268	3.988	5.617
1254	-5.268	3.988	5.609
1255	-5.268	3.988	14.775
534	-5.254	3.952	10.977
280	-5.249	3.938	4.235
539	-5.246	3.948	2.555
210	-5.242	3.945	12.050
388	-5.241	3.945	4.323
480	-5.239	3.948	3.498
514	-5.237	3.948	5.800
412	-5.206	2.135	9.527
395	-5.205	2.135	12.542
435	-5.203	3.635	5.569
253	-5.174	3.594	4.324
254	-5.174	3.594	1.319
322	-5.174	3.594	4.327
387	-5.174	3.594	4.266
157	-5.173	3.606	4.271
305	-5.155	3.903	4.260
483	-5.147	3.920	4.020
489	-5.146	3.629	2.858
451	-5.140	3.640	2.860
562	-5.124	3.610	2.991
973	-5.115	2.061	5.163
975	-5.115	2.061	4.249
1040	-5.115	2.062	11.196
1041	-5.115	2.061	8.207
1070	-5.115	2.062	5.804
1080	-5.115	2.062	6.100
1023	-5.114	2.062	4.014
122	-5.093	1.570	18.451
142	-5.091	3.912	18.451
551	-5.090	3.927	0.284
571	-5.089	3.925	0.291
577	-5.089	3.928	17.594
499	-5.084	2.048	17.592
523	-5.083	3.933	17.591
524	-5.083	3.932	17.596
263	-5.082	1.574	18.454
196	-5.080	3.920	0.212
266	-5.078	1.574	2.018
723	-5.056	2.093	1.996
1104	-5.055	2.094	2.018
1101	-5.055	2.094	2.019
1408	-5.038	3.964	5.759
1087	-5.020	2.509	2.035
1026	-5.020	2.510	4.578
894	-4.941	2.505	4.577
493	-4.893	3.622	0.089
506	-4.892	3.623	0.019
455	-4.834	3.759	0.001
549	-4.834	3.758	15.678
370	-4.769	3.539	0.011
393	-4.768	3.538	6.169
548	-4.738	3.556	0.093
231	-4.713	3.370	17.491
433	-4.713	3.372	0.067
334	-4.711	3.371	6.779
441	-4.710	3.369	16.626
468	-4.691	3.444	16.626
