1733	-6.604	0.000	4.250
1703	-6.538	0.018	7.036
1737	-6.538	0.018	16.930
1738	-6.538	0.018	5.633
1669	-6.531	0.023	6.761
1687	-6.519	0.026	3.491
1723	-6.283	2.683	17.596
1742	-6.283	2.683	17.593
1721	-6.256	1.867	16.229
1704	-6.255	1.867	16.234
1744	-6.255	1.867	16.220
1682	-6.254	1.867	15.683
1679	-6.252	2.790	17.491
1677	-6.185	2.668	7.038
1681	-6.184	2.668	7.036
1674	-6.174	1.872	5.633
1698	-6.156	1.870	4.134
1701	-6.156	1.870	3.485
1694	-6.156	1.870	3.493
1700	-6.156	1.870	4.435
1714	-6.156	1.870	4.430
1730	-6.156	1.870	4.386
1732	-6.156	1.870	1.774
1735	-6.156	1.870	4.238
1736	-6.156	1.870	1.778
1717	-6.155	1.870	5.628
1718	-6.143	1.873	5.627
1731	-6.143	1.873	5.628
1693	-6.117	2.785	6.323
1708	-6.117	2.785	6.323
1699	-6.110	2.651	4.487
1715	-6.110	2.651	3.363
1667	-6.030	0.211	18.451
1690	-5.973	2.300	5.628
1709	-5.973	2.300	5.627
1712	-5.973	2.300	5.627
1678	-5.969	2.278	5.628
1686	-5.962	2.782	1.802
1691	-5.943	2.295	6.289
1705	-5.943	2.295	7.303
1689	-5.942	2.295	7.889
1710	-5.914	1.592	3.465
1713	-5.914	1.592	3.475
1707	-5.913	1.592	2.498
1666	-5.912	1.592	21.088
1706	-5.879	2.775	6.361
1739	-5.879	2.775	4.478
1716	-5.775	3.673	11.141
1680	-5.743	2.570	18.451
1692	-5.743	2.570	18.451
1673	-5.646	2.314	4.578
1688	-5.617	2.562	0.012
1675	-5.576	3.293	1.775
1697	-5.576	3.293	4.225
1711	-5.576	3.293	5.625
1719	-5.576	3.293	5.627
1722	-5.576	3.293	5.627
1725	-5.576	3.293	4.234
1726	-5.576	3.293	5.628
1671	-5.567	1.763	10.326
1729	-5.553	2.779	2.493
1728	-5.407	2.075	4.577
1683	-5.405	2.074	16.239
1743	-5.405	2.075	4.578
1720	-5.179	2.682	6.274
1724	-5.179	2.682	6.276
1740	-5.179	2.683	4.076
1741	-5.179	2.683	4.260
