910	-8.161	0.000	5.157
947	-8.161	0.000	4.243
948	-8.161	0.000	11.187
968	-8.161	0.000	8.207
611	-8.148	0.008	18.444
917	-8.147	0.008	18.445
942	-8.147	0.008	18.445
956	-8.147	0.008	0.272
987	-8.147	0.008	0.278
1001	-8.147	0.008	17.588
1048	-8.147	0.008	17.586
1049	-8.147	0.008	17.585
764	-8.147	0.008	17.590
628	-8.147	0.008	18.448
638	-8.147	0.008	0.201
669	-8.145	0.003	1.981
740	-8.145	0.007	2.011
664	-8.144	0.007	1.989
670	-8.144	0.007	2.011
672	-8.144	0.007	2.012
699	-8.144	0.007	5.750
706	-8.144	0.007	5.751
709	-8.144	0.007	2.027
715	-8.144	0.007	4.571
582	-8.137	0.009	4.571
583	-8.137	0.009	4.570
584	-8.137	0.009	4.565
588	-8.136	0.009	4.573
593	-8.136	0.009	4.573
812	-8.135	0.009	4.573
817	-8.135	0.009	4.573
841	-8.135	0.009	4.573
870	-8.135	0.009	16.219
603	-8.135	0.009	16.228
606	-8.135	0.009	16.213
616	-8.135	0.009	0.099
639	-8.135	0.009	0.010
625	-8.135	0.009	0.015
631	-8.135	0.009	15.672
636	-8.135	0.009	0.022
640	-8.135	0.009	6.162
646	-8.135	0.009	0.084
649	-8.135	0.009	17.486
915	-8.135	0.009	0.067
926	-8.135	0.009	6.772
957	-8.135	0.009	16.620
982	-8.135	0.009	16.620
989	-8.135	0.009	20.866
1000	-8.135	0.009	6.772
1105	-8.133	0.008	16.621
720	-8.133	0.009	7.034
729	-8.133	0.009	7.033
733	-8.133	0.009	16.923
739	-8.133	0.009	5.626
741	-8.133	0.008	5.626
1100	-8.133	0.008	6.754
668	-8.132	0.009	16.544
673	-8.132	0.008	2.012
679	-8.132	0.009	6.383
704	-8.132	0.008	3.477
645	-8.116	1.681	4.139
1017	-8.116	1.681	4.136
598	-8.116	1.681	1.961
608	-8.116	1.681	4.427
589	-8.115	1.681	4.382
800	-8.114	1.681	4.379
900	-8.112	2.273	1.769
908	-8.112	2.273	1.770
911	-8.112	2.273	5.621
938	-8.112	2.273	5.623
965	-8.112	2.273	5.623
994	-8.112	2.273	5.623
1003	-8.112	2.273	5.623
1064	-8.112	2.273	1.796
954	-8.110	1.673	20.916
1006	-8.110	1.673	20.916
629	-8.110	2.277	20.918
642	-8.110	2.277	5.612
651	-8.110	2.277	10.308
618	-8.109	1.673	14.768
637	-8.109	1.673	6.317
751	-8.109	2.274	6.318
771	-8.109	2.274	6.290
823	-8.109	2.274	6.290
830	-8.109	2.274	3.353
601	-8.109	2.277	7.888
599	-8.108	1.673	7.894
607	-8.108	1.673	7.045
610	-8.108	1.673	10.969
746	-8.106	1.681	7.892
743	-8.106	1.681	10.969
747	-8.106	1.681	3.455
692	-8.106	1.682	4.479
678	-8.106	1.679	3.545
1099	-8.105	1.682	2.484
711	-8.100	1.674	21.082
721	-8.100	2.275	6.381
727	-8.100	2.275	6.357
737	-8.100	2.275	4.474
744	-8.100	2.275	7.314
660	-8.100	2.275	9.530
667	-8.100	2.275	4.120
676	-8.100	2.275	12.031
681	-8.100	2.275	3.562
685	-8.100	2.275	3.405
696	-8.100	2.275	20.903
698	-8.100	2.275	5.602
879	-8.099	2.275	11.836
977	-8.096	1.673	21.015
979	-8.096	1.673	3.541
634	-8.095	1.674	3.542
686	-8.094	1.679	5.570
478	-8.092	1.683	5.567
502	-8.091	1.683	4.796
928	-8.091	1.683	4.800
1010	-8.091	1.683	5.566
1022	-8.091	1.683	5.565
1029	-8.091	1.683	5.565
1034	-8.091	1.683	5.316
1047	-8.091	1.683	5.556
1061	-8.091	1.683	5.318
621	-8.091	2.299	3.341
912	-8.090	1.683	6.265
591	-8.089	1.683	6.264
813	-8.088	1.683	4.067
815	-8.088	1.683	3.392
820	-8.088	1.683	4.319
822	-8.088	1.683	4.320
829	-8.088	1.683	12.198
846	-8.088	1.683	4.326
873	-8.082	1.683	2.121
655	-8.082	2.295	4.270
1118	-8.081	2.297	4.271
717	-8.080	1.683	4.274
1109	-8.080	1.683	2.118
656	-8.080	2.297	2.406
690	-8.080	2.297	2.849
881	-8.079	1.683	2.852
1665	-8.079	2.298	4.084
1672	-8.079	2.299	2.873
496	-8.055	1.667	2.979
554	-8.055	1.667	11.152
976	-8.054	1.667	5.159
1067	-8.054	1.667	2.392
1075	-8.054	1.667	2.423
1088	-8.054	1.667	21.348
1090	-8.054	1.667	5.811
904	-8.053	1.667	4.267
913	-8.053	1.667	6.029
623	-8.052	1.667	4.064
772	-8.051	1.667	7.765
831	-8.051	1.667	6.047
754	-8.051	1.667	6.051
756	-8.051	1.667	6.090
760	-8.051	1.667	18.443
779	-8.051	1.667	18.445
857	-8.051	1.667	18.445
858	-8.051	1.667	0.272
1112	-8.043	1.667	17.588
597	-8.038	1.667	17.588
613	-8.038	1.667	17.586
619	-8.038	1.667	17.585
624	-8.038	1.667	17.590
627	-8.038	1.667	18.448
630	-8.038	1.667	0.197
632	-8.038	1.667	1.976
635	-8.038	1.667	2.001
612	-8.033	1.667	1.989
644	-7.819	1.950	0.014
708	-7.812	1.936	0.020
728	-7.812	1.937	7.024
622	-7.774	1.985	0.068
620	-7.774	1.984	0.084
914	-7.620	2.023	0.065
937	-7.620	2.023	6.772
964	-7.620	2.023	16.620
995	-7.620	2.023	16.619
998	-7.620	2.023	20.866
1005	-7.620	2.023	6.772
1024	-7.620	2.023	6.771
1066	-7.620	2.023	7.035
1079	-7.620	2.023	7.032
1086	-7.620	2.023	16.923
899	-7.620	2.023	5.626
903	-7.620	2.023	5.626
907	-7.620	2.023	16.620
775	-7.618	2.023	7.166
778	-7.618	2.023	2.010
839	-7.618	2.023	6.385
843	-7.618	2.023	14.689
614	-7.616	2.023	4.128
615	-7.616	2.022	3.486
617	-7.616	2.023	3.488
626	-7.616	2.023	8.606
650	-7.616	2.023	1.766
602	-7.616	2.023	4.379
604	-7.616	2.023	1.769
605	-7.616	2.023	2.927
592	-7.615	2.023	5.621
596	-7.615	2.023	5.621
736	-7.613	2.023	5.623
1106	-7.613	2.023	5.623
1116	-7.613	2.023	5.623
691	-7.612	2.024	5.622
693	-7.612	2.024	20.916
697	-7.612	2.024	20.916
1093	-7.612	2.024	20.920
916	-7.586	2.023	5.612
921	-7.586	2.023	5.611
922	-7.586	2.023	7.026
933	-7.586	2.023	6.317
935	-7.586	2.023	6.318
941	-7.586	2.023	6.285
946	-7.586	2.023	6.291
951	-7.586	2.023	6.285
955	-7.586	2.023	3.354
963	-7.586	2.023	7.889
980	-7.586	2.023	7.045
984	-7.586	2.023	10.969
1008	-7.586	2.023	10.969
1046	-7.586	2.023	4.332
1058	-7.586	2.023	3.452
1062	-7.586	2.023	4.477
757	-7.584	2.023	11.843
770	-7.584	2.023	2.478
776	-7.584	2.023	2.493
790	-7.584	2.023	21.082
798	-7.584	2.023	3.474
807	-7.584	2.023	6.357
850	-7.584	2.023	4.321
867	-7.584	2.023	3.483
774	-7.584	2.023	3.490
824	-7.584	2.023	4.120
652	-7.582	2.023	7.018
874	-7.581	2.024	3.558
586	-7.581	2.023	3.680
594	-7.581	2.023	5.787
718	-7.579	2.023	5.796
702	-7.579	2.024	5.607
703	-7.579	2.024	3.537
714	-7.579	2.024	5.551
722	-7.579	2.023	5.564
732	-7.579	2.023	3.543
893	-7.577	2.024	5.566
780	-7.505	0.974	4.283
1670	-7.502	0.970	5.557
1676	-7.502	0.970	5.556
1684	-7.502	0.970	5.317
1091	-7.495	0.986	6.265
944	-7.485	1.039	3.997
1074	-7.485	1.038	2.869
753	-7.485	1.038	4.193
796	-7.485	1.038	5.159
797	-7.485	1.038	5.155
819	-7.485	1.038	11.191
828	-7.485	1.038	21.348
832	-7.485	1.038	5.798
849	-7.485	1.038	4.508
864	-7.485	1.039	6.029
663	-7.482	1.038	4.060
680	-7.482	1.038	4.098
682	-7.482	1.038	6.048
705	-7.482	1.038	6.053
887	-7.473	1.034	17.588
687	-7.459	0.952	17.588
689	-7.459	0.952	17.586
712	-7.459	0.952	17.585
1668	-7.457	0.948	17.589
834	-7.335	2.084	4.573
585	-7.334	2.082	4.573
657	-7.330	2.085	4.572
662	-7.330	2.085	4.573
853	-7.319	2.080	17.486
587	-7.318	2.078	0.066
590	-7.318	2.078	6.772
595	-7.317	2.078	6.772
600	-7.317	2.078	16.620
738	-7.314	2.138	20.866
730	-7.314	2.081	6.772
888	-7.311	2.084	16.621
654	-7.129	2.034	4.324
653	-7.129	2.034	7.310
961	-7.129	2.034	3.505
814	-7.127	2.034	7.017
765	-7.126	2.034	3.397
767	-7.126	2.034	3.398
784	-7.126	2.034	5.787
766	-7.126	2.034	5.796
769	-7.126	2.034	5.542
724	-7.122	2.036	5.598
725	-7.122	2.036	5.564
748	-7.122	2.036	5.570
659	-7.121	2.035	5.566
661	-7.121	2.035	3.400
665	-7.121	2.035	4.797
675	-7.121	2.035	5.565
695	-7.121	2.035	5.565
905	-7.118	2.034	5.928
906	-7.118	2.034	5.328
1016	-7.118	2.034	5.324
1038	-7.118	2.034	5.556
901	-7.118	2.034	5.317
1004	-7.118	2.034	6.265
1012	-7.118	2.034	6.265
1027	-7.118	2.034	6.268
1065	-7.118	2.034	6.270
633	-7.118	2.034	4.320
643	-7.118	2.034	4.319
648	-7.118	2.033	1.311
1039	-7.118	2.034	3.311
758	-7.116	2.034	4.266
763	-7.116	2.034	4.270
773	-7.116	2.034	2.436
783	-7.116	2.034	12.197
787	-7.116	2.034	10.546
789	-7.116	2.034	7.352
791	-7.116	2.034	2.847
793	-7.116	2.034	2.854
795	-7.116	2.034	2.860
806	-7.116	2.034	12.278
811	-7.116	2.034	2.882
818	-7.116	2.034	4.189
840	-7.116	2.034	5.155
842	-7.116	2.034	4.285
847	-7.116	2.034	5.489
851	-7.116	2.034	8.135
854	-7.116	2.034	4.507
860	-7.116	2.034	6.029
865	-7.116	2.034	4.060
869	-7.116	2.034	4.017
872	-7.116	2.034	6.046
726	-7.111	2.036	6.092
734	-7.111	2.036	6.082
745	-7.111	2.036	18.448
878	-7.111	2.035	18.448
1098	-7.111	2.036	18.449
666	-7.110	2.035	18.449
671	-7.110	2.035	17.592
677	-7.110	2.035	17.592
683	-7.110	2.035	17.590
694	-7.110	2.035	17.589
443	-7.072	1.860	5.629
1120	-6.961	3.581	17.592
1121	-6.961	3.581	17.590
1695	-6.961	3.581	17.589
883	-6.960	3.581	0.161
1117	-6.958	3.560	0.196
945	-6.889	2.017	5.629
902	-6.851	3.615	4.221
909	-6.851	3.615	5.618
777	-6.849	3.617	5.620
788	-6.849	3.617	5.620
799	-6.849	3.617	4.228
802	-6.849	3.616	5.620
803	-6.849	3.616	20.919
816	-6.849	3.617	20.920
848	-6.849	3.616	20.920
859	-6.849	3.617	1.794
861	-6.849	3.617	5.609
866	-6.849	3.616	5.602
674	-6.845	3.617	7.888
684	-6.845	3.617	6.315
707	-6.845	3.617	11.836
880	-6.845	3.617	6.281
742	-6.844	3.618	3.344
519	-6.839	3.570	7.882
895	-6.839	3.568	7.041
897	-6.839	3.567	7.041
898	-6.839	3.568	10.972
930	-6.839	3.568	3.515
936	-6.839	3.568	4.217
953	-6.839	3.568	4.210
962	-6.839	3.568	7.258
986	-6.839	3.568	3.537
1002	-6.839	3.568	2.480
1015	-6.839	3.568	21.085
1019	-6.839	3.568	7.890
1051	-6.839	3.568	6.353
1059	-6.839	3.568	3.468
1060	-6.839	3.568	7.309
1073	-6.839	3.568	11.422
1076	-6.839	3.568	3.488
805	-6.837	3.569	3.369
810	-6.837	3.570	3.389
838	-6.837	3.570	3.414
852	-6.837	3.570	7.632
855	-6.837	3.570	5.793
890	-6.834	3.609	11.837
1108	-6.831	3.568	11.838
1111	-6.831	3.568	21.019
1115	-6.831	3.568	5.556
713	-6.803	1.883	11.448
974	-6.785	1.721	2.419
959	-6.767	1.707	12.337
781	-6.743	3.745	6.048
31	-6.715	3.726	17.595
1092	-6.707	3.731	17.594
958	-6.650	3.770	19.868
960	-6.650	3.770	6.323
990	-6.650	3.770	6.321
993	-6.643	3.770	6.289
1053	-6.642	3.770	6.293
1078	-6.642	3.770	3.361
1083	-6.642	3.770	7.889
837	-6.641	3.770	10.325
919	-6.637	3.770	10.978
862	-6.636	3.770	4.235
929	-6.633	3.770	3.550
1030	-6.633	3.770	2.493
892	-6.619	3.771	2.498
1050	-6.616	3.752	6.385
924	-6.614	3.904	7.022
997	-6.609	3.752	5.561
1085	-6.609	3.752	5.557
889	-6.604	3.771	5.163
876	-6.600	3.915	4.275
735	-6.599	3.915	7.756
609	-6.597	3.916	6.038
759	-6.597	3.917	6.041
785	-6.597	3.916	6.045
821	-6.597	3.917	18.450
835	-6.597	3.917	18.451
845	-6.597	3.917	18.451
647	-6.597	3.922	0.284
1103	-6.597	3.753	17.594
641	-6.596	3.916	17.594
920	-6.596	3.917	17.592
934	-6.596	3.917	17.591
952	-6.596	3.917	17.596
966	-6.596	3.917	18.454
969	-6.596	3.917	0.211
981	-6.596	3.917	1.980
992	-6.596	3.917	2.008
1014	-6.596	3.917	1.996
1020	-6.596	3.917	2.030
1025	-6.596	3.917	2.018
1033	-6.596	3.917	5.758
1044	-6.596	3.917	5.759
1036	-6.594	3.911	2.034
1663	-6.524	2.836	7.173
1664	-6.524	2.836	2.019
967	-6.446	3.893	2.482
808	-6.444	3.894	6.385
809	-6.444	3.894	6.361
844	-6.444	3.894	4.329
700	-6.441	3.893	3.394
658	-6.433	2.785	4.127
932	-6.393	3.896	6.269
943	-6.393	3.896	6.268
1013	-6.393	3.896	4.074
1018	-6.393	3.896	3.398
1032	-6.393	3.896	4.321
1042	-6.393	3.897	3.507
1068	-6.393	3.896	4.329
1071	-6.393	3.897	4.328
1072	-6.393	3.896	12.561
825	-6.391	3.897	4.269
826	-6.391	3.897	4.273
827	-6.391	3.897	2.110
1102	-6.387	3.896	2.125
1114	-6.387	3.896	3.887
891	-6.381	3.894	2.860
1119	-6.287	3.943	17.591
940	-6.255	3.953	0.089
786	-6.255	3.953	0.014
1069	-6.253	3.953	0.093
856	-6.251	3.953	0.068
749	-6.235	3.952	20.872
925	-6.204	3.957	6.779
896	-6.145	2.441	5.627
1084	-6.118	2.511	5.616
877	-6.111	2.514	6.289
1685	-6.072	3.976	5.570
688	-5.827	2.709	5.603
1028	-5.641	3.213	4.580
491	-5.494	2.830	17.592
