1211	-13.085	0.000	0.000
1235	-12.873	0.252	0.000
1253	-12.737	0.186	0.000
1295	-12.734	0.188	0.000
1306	-12.733	0.225	0.000
1192	-12.629	3.800	0.000
1241	-12.440	3.444	0.000
1187	-12.439	3.443	0.000
1255	-12.431	3.443	0.000
1250	-12.431	3.444	0.000
1175	-12.036	3.904	10.005
1169	-12.034	3.904	17.320
1240	-12.005	3.748	13.485
1186	-12.004	3.753	11.555
1248	-11.997	3.751	14.106
1209	-11.989	3.752	14.106
1185	-11.981	3.896	14.105
1197	-11.963	3.907	14.899
1225	-11.963	3.900	16.540
1164	-11.915	3.390	17.759
1182	-11.915	3.900	17.749
1212	-11.910	3.900	14.152
1275	-11.910	3.900	14.151
1276	-11.910	3.899	17.914
1165	-11.877	3.901	14.764
1218	-11.775	3.751	5.351
1290	-11.749	3.902	8.305
1172	-11.727	3.908	8.297
1177	-11.726	3.907	22.135
1216	-11.709	3.901	3.195
1259	-11.706	3.901	7.274
1167	-11.446	3.608	7.215
1273	-11.435	3.397	7.243
1229	-11.434	3.397	8.375
1294	-11.430	3.396	19.598
1243	-11.374	3.713	7.344
1170	-11.242	3.365	10.638
1226	-11.093	3.549	4.242
1237	-11.093	3.549	4.831
1224	-11.093	3.554	4.840
1271	-11.092	3.553	4.848
1272	-11.092	3.553	4.847
1316	-11.091	3.547	4.848
1289	-11.089	3.547	2.784
1166	-11.075	3.564	1.828
1173	-11.048	3.573	13.276
1204	-11.048	3.566	17.933
1200	-11.040	3.576	2.815
1202	-11.040	3.576	2.809
1285	-11.038	3.578	3.954
1207	-10.943	3.319	8.255
1251	-10.682	3.927	18.224
1201	-10.584	3.490	8.286
1242	-9.845	3.757	3.582
1236	-9.809	3.769	3.157
1210	-9.736	3.756	19.500
1232	-9.486	3.632	5.449
1292	-9.388	3.767	1.714
1308	-9.388	3.795	1.715
1312	-9.275	1.850	1.713
1317	-9.231	3.564	5.204
1265	-9.089	3.703	0.004
1268	-9.089	3.703	2.199
1228	-8.507	3.092	5.689
1322	-8.457	2.969	0.212
