372	-13.230	0.000	0.000
1140	-12.591	1.298	0.000
376	-11.860	1.832	18.234
391	-11.860	1.832	18.235
436	-11.858	1.832	18.232
377	-11.691	0.156	5.463
378	-11.691	0.156	5.425
393	-11.691	0.156	4.018
591	-11.638	0.156	4.351
381	-11.612	1.284	15.867
382	-11.331	2.873	17.782
395	-11.329	2.869	5.755
422	-11.328	2.874	5.865
639	-11.324	2.857	17.314
445	-11.323	2.881	5.822
409	-11.321	2.904	5.833
630	-11.320	2.884	18.603
620	-11.314	2.937	8.719
452	-11.313	0.142	9.036
438	-11.313	0.139	9.037
536	-11.313	0.141	17.911
418	-11.311	0.125	17.911
647	-11.307	2.824	9.038
404	-11.288	1.427	10.458
398	-11.262	2.194	6.968
394	-11.262	2.195	7.400
534	-11.260	2.193	7.394
597	-11.257	2.871	7.066
585	-11.255	2.886	7.067
578	-11.254	2.886	7.067
599	-11.252	2.887	9.445
605	-11.249	2.885	9.445
554	-11.192	2.665	23.157
629	-11.144	2.764	7.711
493	-11.142	2.768	8.595
500	-11.142	2.768	0.418
541	-11.142	2.767	15.772
380	-11.141	2.769	7.750
451	-11.127	2.779	4.778
1032	-11.127	0.141	4.676
550	-11.124	2.666	15.134
557	-11.104	2.818	4.217
617	-11.080	2.769	1.824
419	-11.079	2.770	1.827
462	-11.079	2.770	1.827
384	-11.078	2.771	1.827
399	-11.078	2.771	1.828
596	-11.068	2.759	12.773
502	-10.992	2.903	5.732
648	-10.941	3.041	6.941
595	-10.933	2.919	7.085
560	-10.895	2.767	8.226
566	-10.863	2.879	7.406
1084	-10.530	3.472	1.714
1030	-10.509	3.393	5.206
473	-10.494	1.345	3.505
551	-10.427	3.098	1.706
520	-10.318	2.915	19.499
1018	-10.243	3.797	4.119
1059	-10.242	3.797	7.227
1080	-10.242	3.797	7.231
1072	-10.232	3.791	16.801
982	-10.224	3.798	5.666
1102	-10.220	3.798	7.210
1078	-10.206	3.794	5.667
992	-10.199	3.797	5.667
994	-10.199	3.797	16.789
1110	-10.195	3.797	7.609
967	-10.172	3.795	5.314
642	-10.035	2.972	15.859
661	-10.035	2.972	15.862
1081	-9.993	3.789	5.190
1009	-9.988	3.791	3.465
575	-9.971	2.973	4.059
1010	-9.830	3.718	14.005
997	-9.830	3.722	0.004
1088	-9.829	3.718	1.705
1041	-9.816	3.725	2.200
1124	-9.650	3.534	8.295
