16	-11.198	0.000	13.572
38	-11.198	0.001	8.370
82	-11.198	0.001	7.071
161	-11.197	0.021	7.063
46	-11.197	0.001	10.499
55	-11.197	0.001	8.393
196	-11.195	0.023	7.463
122	-11.187	0.009	8.323
169	-11.187	0.010	10.478
261	-11.185	0.009	14.421
67	-11.180	0.001	8.127
158	-11.141	0.006	15.329
133	-11.140	0.005	8.120
181	-11.140	0.006	10.451
183	-11.140	0.005	8.861
24	-11.140	0.006	8.849
14	-11.140	0.005	14.386
45	-11.139	0.005	8.731
208	-11.139	0.006	6.803
246	-11.139	0.007	8.998
359	-11.139	0.007	10.089
7	-11.122	0.023	15.135
6	-11.122	0.026	15.135
10	-11.072	0.015	1.828
249	-11.063	0.015	12.767
36	-10.956	0.381	6.902
218	-10.771	0.091	11.360
211	-10.771	0.075	3.784
308	-10.770	0.081	4.266
350	-10.770	0.081	11.706
285	-10.770	0.082	4.310
838	-10.743	0.071	3.678
49	-10.671	0.421	4.167
75	-10.547	0.656	5.456
747	-9.769	3.455	3.621
797	-9.442	3.172	5.416
913	-9.442	3.174	4.010
785	-9.442	3.169	5.091
881	-9.441	3.187	5.085
140	-9.044	2.323	3.619
899	-8.922	2.478	3.814
