1345	-14.958	0.000	0.000
1388	-14.622	2.527	0.000
1426	-14.190	1.078	0.000
1391	-14.170	1.021	0.000
1456	-14.103	2.507	0.000
1435	-14.082	2.505	0.000
1376	-13.958	2.504	0.000
1414	-13.335	3.137	0.000
1432	-13.181	3.127	0.000
1427	-13.164	3.157	0.000
1443	-13.152	3.135	0.000
1404	-12.828	3.194	0.000
1412	-12.817	2.663	0.000
1431	-12.733	3.254	0.000
1455	-12.606	3.211	0.000
1458	-11.777	3.604	5.674
1334	-11.775	3.891	16.788
1421	-11.427	3.543	19.598
1449	-11.419	3.542	19.035
1445	-11.388	3.541	7.294
1380	-11.192	3.539	10.654
1396	-11.192	3.539	10.195
