1694	-8.485	0.000	17.117
1701	-8.478	0.006	20.869
1702	-8.478	0.006	17.110
1704	-8.478	0.006	8.764
1712	-8.478	0.006	8.766
1713	-8.478	0.006	20.806
1736	-8.478	0.006	6.923
1768	-8.478	0.006	19.624
1753	-8.458	0.008	17.956
1754	-8.458	0.008	6.597
1690	-8.443	0.008	6.618
1717	-8.416	0.014	10.456
1718	-8.416	0.014	7.554
1734	-8.416	0.014	13.566
1737	-8.416	0.014	10.910
1738	-8.416	0.014	9.114
1763	-8.416	0.015	3.368
1793	-8.415	0.014	3.517
1720	-8.262	0.088	13.672
1721	-8.262	0.088	13.672
1741	-8.262	0.088	13.677
1751	-8.262	0.088	3.632
1691	-8.247	0.090	4.229
1692	-8.247	0.090	13.411
1693	-8.247	0.090	13.412
1695	-8.247	0.090	13.412
1696	-8.247	0.090	21.768
1697	-8.247	0.090	13.644
1698	-8.247	0.090	21.501
1699	-8.247	0.090	3.621
1722	-8.219	0.081	4.230
1723	-8.219	0.081	13.406
1724	-8.219	0.082	17.710
1725	-8.219	0.082	21.769
1752	-8.219	0.082	21.773
1756	-8.219	0.082	3.887
1757	-8.219	0.082	21.976
1758	-8.219	0.082	13.396
1759	-8.219	0.082	22.018
1760	-8.219	0.081	21.951
1761	-8.219	0.082	21.957
1705	-8.219	0.081	21.953
1706	-8.219	0.082	21.954
1707	-8.219	0.081	14.445
1708	-8.219	0.081	13.537
1709	-8.219	0.082	13.515
1714	-8.219	0.082	13.515
1735	-8.219	0.082	3.738
1755	-8.219	0.081	18.972
1769	-8.219	0.081	13.289
1774	-8.218	0.082	13.507
1775	-8.218	0.082	13.266
1776	-8.218	0.082	13.267
1777	-8.218	0.082	13.781
1778	-8.218	0.082	13.544
1781	-8.218	0.082	22.104
1791	-8.218	0.082	13.434
1710	-8.068	2.203	6.137
1711	-8.068	2.203	12.502
1719	-8.068	2.203	5.402
1750	-8.068	2.203	6.409
1762	-8.068	2.203	5.817
1742	-8.068	2.203	5.733
1743	-8.068	2.203	5.364
1744	-8.068	2.203	4.159
1786	-8.066	2.203	12.941
1787	-8.066	2.203	3.601
1792	-8.066	2.203	3.600
1764	-7.697	2.151	5.396
1765	-7.697	2.151	15.263
1766	-7.697	2.151	5.818
1767	-7.697	2.151	5.819
1779	-7.695	2.151	5.363
1780	-7.695	2.151	5.721
1773	-7.695	2.151	10.849
1783	-7.695	2.151	6.600
1731	-7.644	2.155	11.755
1732	-7.624	3.217	15.077
1700	-7.569	3.150	11.983
1715	-7.569	3.150	3.601
1726	-7.569	3.150	3.848
1727	-7.569	3.150	12.002
1728	-7.569	3.151	3.596
1729	-7.569	3.151	3.841
1772	-7.569	3.150	12.783
