1550	-10.644	0.000	0.000
1551	-10.644	0.000	20.225
1573	-10.624	0.011	20.228
1517	-10.319	1.005	14.644
1541	-10.319	1.005	22.314
1557	-10.319	1.005	5.806
1560	-10.319	1.006	7.695
1561	-10.319	1.005	1.853
1476	-9.850	0.870	1.864
1477	-9.850	0.870	7.970
1478	-9.850	0.870	15.634
1492	-9.850	0.870	17.616
1493	-9.850	0.870	7.124
1494	-9.850	0.870	17.136
1496	-9.850	0.870	8.476
1506	-9.850	0.870	14.031
1538	-9.850	0.870	7.342
1539	-9.850	0.870	6.191
1542	-9.850	0.870	3.212
1547	-9.850	0.870	7.354
1451	-9.849	0.870	11.698
1452	-9.849	0.870	14.761
1453	-9.849	0.870	9.579
1454	-9.849	0.870	1.732
1455	-9.849	0.870	7.921
1456	-9.849	0.870	15.119
1457	-9.849	0.870	7.425
1458	-9.849	0.870	21.126
1459	-9.849	0.870	14.699
1460	-9.849	0.870	8.316
1461	-9.849	0.870	18.732
1462	-9.849	0.870	14.739
1463	-9.849	0.870	16.377
1464	-9.849	0.870	15.213
1465	-9.849	0.870	8.403
1466	-9.849	0.870	14.557
1470	-9.849	0.870	7.113
1471	-9.849	0.870	7.517
1472	-9.849	0.870	5.678
1537	-9.759	1.577	14.890
1558	-9.758	1.576	20.169
1574	-9.757	1.580	5.682
1575	-9.757	1.580	8.245
1576	-9.452	3.293	16.194
1577	-9.452	3.293	3.216
1578	-9.452	3.293	19.686
1518	-9.451	3.293	18.245
1519	-9.451	3.293	15.218
1520	-9.451	3.293	20.230
1521	-9.451	3.293	20.232
1522	-9.451	3.293	1.417
1523	-9.451	3.293	22.316
1524	-9.451	3.293	7.696
1525	-9.451	3.293	5.806
1526	-9.451	3.293	7.734
1527	-9.451	3.293	17.124
1528	-9.451	3.293	15.642
1559	-9.451	3.293	15.204
1562	-9.451	3.293	14.836
1563	-9.451	3.293	8.304
1475	-9.451	3.293	12.706
1479	-9.451	3.293	8.477
1482	-9.451	3.293	9.576
1483	-9.451	3.293	7.330
1484	-9.451	3.293	8.496
1491	-9.451	3.293	16.476
1501	-9.451	3.292	14.253
1502	-9.451	3.292	6.134
1503	-9.451	3.293	7.228
1511	-9.451	3.293	8.274
1512	-9.451	3.293	8.277
1534	-9.451	3.293	7.920
1535	-9.451	3.293	7.869
1536	-9.451	3.293	5.871
1540	-9.451	3.293	21.357
1544	-9.451	3.293	7.284
1548	-9.451	3.292	18.733
1549	-9.451	3.292	18.733
1553	-9.451	3.293	14.726
1555	-9.451	3.292	18.609
1556	-9.451	3.293	3.521
1566	-9.451	3.293	5.865
1567	-9.451	3.293	16.291
1568	-9.451	3.293	7.115
1569	-9.451	3.293	16.533
1570	-9.451	3.293	12.285
1571	-9.451	3.293	14.755
1572	-9.451	3.293	12.294
1543	-9.450	3.292	8.273
1545	-9.450	3.292	20.126
1546	-9.450	3.292	7.111
1552	-9.450	3.292	6.691
1554	-9.450	3.292	3.586
1480	-9.012	2.281	0.002
1481	-9.012	2.281	5.342
1485	-9.012	2.281	16.692
1486	-9.012	2.281	12.891
1487	-9.012	2.281	2.461
1488	-9.012	2.281	2.943
1489	-9.012	2.281	2.465
1490	-9.012	2.281	17.689
1495	-9.012	2.281	2.941
1497	-9.012	2.281	17.001
1498	-9.012	2.281	2.464
1499	-9.012	2.281	11.061
1500	-9.012	2.281	11.571
1504	-9.012	2.281	0.024
1505	-9.012	2.281	2.460
1507	-9.012	2.281	17.723
1508	-9.012	2.281	11.057
1509	-9.012	2.281	5.456
1510	-9.012	2.281	17.344
1513	-9.012	2.281	13.594
1514	-9.012	2.281	2.935
1515	-9.012	2.281	18.100
1516	-9.012	2.281	2.605
1529	-9.012	2.281	18.110
1530	-9.012	2.281	18.101
1531	-9.012	2.281	2.941
1532	-9.012	2.281	7.533
1533	-9.012	2.281	1.872
1564	-9.012	2.281	11.677
1565	-9.012	2.281	3.096
1467	-9.011	2.281	2.981
1468	-9.011	2.281	2.980
1469	-9.011	2.281	4.122
1473	-9.011	2.281	4.166
1450	-8.857	2.376	15.274
1474	-8.804	2.403	18.535
