966	-16.416	0.000	16.576
980	-16.415	0.000	2.571
908	-16.414	0.000	18.647
923	-16.414	0.000	15.589
972	-16.413	0.001	20.749
989	-16.411	0.001	1.957
856	-16.397	0.003	8.203
843	-15.973	0.026	8.112
889	-15.964	0.025	8.416
866	-15.962	0.025	5.478
868	-15.962	0.025	7.383
873	-15.962	0.025	7.614
874	-15.962	0.025	6.469
877	-15.960	0.025	8.127
884	-15.960	0.025	21.800
928	-15.960	0.024	6.956
909	-15.959	0.024	5.902
1009	-15.946	0.025	7.007
863	-15.944	0.027	19.118
959	-15.944	0.025	19.143
960	-15.944	0.025	19.143
963	-15.944	0.025	15.215
955	-15.942	0.025	19.111
853	-15.941	0.027	22.217
985	-15.901	1.420	21.392
913	-15.891	1.417	16.986
911	-15.779	0.018	17.385
962	-15.771	0.019	3.417
977	-15.768	0.019	17.392
861	-15.760	0.020	1.707
900	-15.704	0.040	3.461
903	-15.704	0.040	18.065
898	-15.703	0.040	3.461
870	-15.701	0.040	11.061
914	-15.698	0.040	3.459
917	-15.698	0.040	18.094
919	-15.698	0.040	11.057
926	-15.697	0.040	13.380
927	-15.697	0.040	3.667
934	-15.697	0.040	18.477
947	-15.696	0.040	18.487
1000	-15.692	0.040	3.670
1004	-15.692	0.040	7.061
952	-15.691	0.040	0.466
956	-15.690	0.040	11.681
1007	-15.689	0.046	2.894
857	-15.683	0.042	3.909
1015	-15.670	0.041	6.258
1020	-15.670	0.041	7.613
865	-15.537	1.422	15.155
880	-15.396	1.409	6.042
957	-15.380	1.412	6.039
888	-15.227	1.410	3.636
982	-15.144	1.411	3.059
922	-14.601	1.482	8.293
936	-14.601	1.482	5.691
958	-14.590	1.482	18.742
841	-14.430	2.280	3.631
1005	-14.156	2.267	5.870
948	-14.155	2.267	5.861
975	-14.155	2.267	5.753
1016	-14.143	0.975	5.151
1021	-14.127	2.264	2.213
979	-13.998	2.279	0.014
1006	-13.302	3.101	18.168
912	-13.300	3.101	10.206
862	-13.270	3.101	1.652
849	-13.267	3.101	7.610
999	-13.266	3.100	0.157
935	-13.208	3.098	1.095
899	-12.947	3.103	6.819
929	-12.637	2.347	18.459
995	-12.543	1.040	18.985
1014	-12.531	1.038	10.895
1018	-12.527	1.036	22.651
951	-12.430	2.360	10.108
901	-11.306	2.568	1.530
878	-11.305	2.568	2.577
879	-11.305	2.568	2.577
969	-11.304	2.570	2.565
998	-11.304	2.570	2.592
906	-11.262	2.571	4.382
953	-11.260	2.574	4.756
1003	-11.260	2.573	4.757
968	-9.621	2.270	18.437
974	-9.621	2.270	17.123
