1304	-17.565	0.000	17.356
1326	-17.556	0.001	3.754
1333	-17.556	0.001	12.443
1208	-17.542	0.001	6.169
1272	-17.542	0.001	4.455
1239	-17.542	0.001	7.623
1303	-17.504	0.025	7.590
1318	-17.498	0.026	6.310
1301	-17.496	0.026	5.398
1328	-17.496	0.026	10.232
1332	-17.496	0.026	6.022
1325	-17.495	0.026	11.613
1346	-17.493	0.026	9.670
1286	-17.487	0.026	13.251
1292	-17.487	0.026	3.190
1293	-17.487	0.026	3.189
1294	-17.487	0.026	14.908
1283	-17.485	0.026	3.181
1265	-17.483	0.026	3.441
1278	-17.483	0.026	17.409
1280	-17.483	0.026	3.364
1240	-17.482	0.026	1.714
1246	-17.482	0.026	13.707
1275	-17.482	0.026	1.717
1276	-17.482	0.026	11.057
1261	-17.481	0.026	3.453
1262	-17.481	0.026	3.458
1263	-17.481	0.026	3.461
1227	-17.467	0.024	3.670
1195	-17.465	0.024	3.669
1197	-17.465	0.024	17.410
1202	-17.465	0.023	13.483
1203	-17.465	0.023	11.636
1221	-17.463	0.023	11.641
1343	-16.958	0.038	16.837
1258	-16.909	0.039	15.621
1308	-16.784	0.062	8.114
1348	-16.774	0.062	20.675
1352	-16.774	0.062	5.647
1298	-16.773	0.062	8.050
1316	-16.771	0.065	12.204
1323	-16.771	0.065	15.659
1337	-16.771	0.062	5.235
1340	-16.763	0.065	10.955
1341	-16.763	0.065	6.024
1311	-16.084	0.642	15.773
1345	-15.549	0.679	15.987
1482	-13.886	2.336	16.806
1483	-13.886	2.336	20.424
1319	-13.770	2.338	10.098
1201	-12.420	3.376	5.124
1289	-12.418	3.373	19.170
1248	-12.414	3.372	10.357
1350	-12.049	3.920	17.677
1305	-11.990	3.918	10.080
1309	-7.463	2.695	12.550
1310	-7.463	2.695	9.141
1320	-7.463	2.695	19.482
1354	-7.208	2.280	6.858
