1723	-9.019	0.000	16.712
1724	-9.019	0.000	12.959
1680	-8.973	0.005	23.731
1681	-8.973	0.005	23.726
1682	-8.973	0.006	13.876
1685	-8.973	0.005	13.876
1692	-8.973	0.005	13.878
1700	-8.973	0.005	12.601
1668	-8.969	0.006	21.212
1670	-8.969	0.006	11.987
1671	-8.969	0.006	13.911
1650	-8.967	0.006	1.320
1655	-8.967	0.006	13.486
1659	-8.967	0.006	18.458
1661	-8.967	0.006	12.034
1663	-8.967	0.006	13.942
1666	-8.967	0.006	13.484
1667	-8.967	0.006	12.035
1738	-8.965	0.006	12.035
1746	-8.965	0.006	18.463
1747	-8.965	0.006	23.376
1694	-8.630	2.304	12.959
1695	-8.630	2.304	12.951
1696	-8.630	2.304	13.792
1704	-8.630	2.304	16.701
1715	-8.629	2.327	16.798
1717	-8.629	2.327	16.801
1721	-8.629	2.327	15.826
1709	-8.628	2.304	15.838
1710	-8.628	2.304	17.867
1711	-8.628	2.304	11.806
1726	-8.616	2.305	11.807
1728	-8.616	2.305	23.731
1729	-8.616	2.305	23.726
1732	-8.616	2.305	13.876
1733	-8.616	2.305	13.876
1734	-8.616	2.305	13.878
1737	-8.616	2.305	12.601
1739	-8.616	2.305	21.212
1744	-8.616	2.305	11.987
1674	-8.595	2.288	1.319
1648	-8.594	2.288	13.486
1649	-8.594	2.288	18.458
1652	-8.594	2.286	12.034
1658	-8.594	2.289	13.942
1676	-8.570	1.188	24.578
1677	-8.570	1.188	20.134
1686	-8.570	1.188	1.461
1687	-8.570	1.188	3.699
1688	-8.570	1.188	1.568
1698	-8.570	1.188	3.908
1701	-8.570	1.188	24.329
1702	-8.570	1.188	10.289
1722	-8.569	1.188	3.691
1730	-8.562	1.188	11.224
1731	-8.562	1.188	11.230
1741	-8.562	1.188	1.645
1669	-8.562	1.187	11.229
1672	-8.562	1.187	22.505
1673	-8.562	1.187	22.500
1646	-8.561	1.187	21.540
1653	-8.561	1.187	22.458
1654	-8.561	1.187	10.321
1664	-8.561	1.187	10.249
1665	-8.561	1.187	19.602
1716	-8.544	2.347	11.115
1643	-8.507	2.331	21.368
1644	-8.507	2.331	17.074
1645	-8.507	2.331	16.026
1693	-8.479	2.362	16.843
1697	-8.470	2.362	19.510
1706	-8.469	2.362	17.304
1708	-8.469	2.362	20.577
1690	-8.465	2.362	20.615
1699	-8.465	2.362	20.418
1727	-8.456	2.363	20.006
1740	-8.456	2.363	19.801
1742	-8.451	2.362	19.815
1656	-8.441	2.345	19.653
1662	-8.441	2.345	17.146
1647	-8.427	2.345	8.463
1678	-7.058	3.292	18.516
1679	-7.058	3.291	5.513
1703	-7.058	3.291	3.608
1745	-7.055	3.292	0.009
1651	-6.994	3.274	21.355
1660	-6.994	3.274	21.777
