1360	-12.945	0.000	0.000
1348	-12.945	0.001	2.704
1337	-12.945	0.001	2.694
1350	-12.944	0.000	3.467
1370	-12.944	0.001	5.611
1394	-12.944	0.001	7.045
1404	-12.944	0.001	5.548
1429	-12.944	0.001	4.919
1435	-12.944	0.001	3.309
1457	-12.944	0.001	4.946
1510	-12.941	0.004	5.450
1514	-12.941	0.004	8.009
1340	-12.925	0.004	2.937
1406	-12.925	0.004	2.935
1419	-12.925	0.004	2.936
1346	-12.916	0.007	3.060
1489	-12.916	0.007	3.443
1326	-12.660	0.203	3.443
1452	-12.660	0.203	3.443
1379	-12.651	0.201	2.974
1518	-12.623	2.299	2.972
1371	-12.623	2.300	3.444
1393	-12.623	2.300	3.660
1407	-12.623	2.300	4.226
1349	-12.622	2.300	2.972
1359	-12.622	2.300	4.236
1492	-12.622	2.299	2.977
1328	-12.621	2.300	3.154
1330	-12.621	2.300	3.153
1333	-12.621	2.300	2.812
1334	-12.621	2.300	2.812
1335	-12.621	2.300	2.824
1336	-12.621	2.300	4.237
1367	-12.601	2.297	13.865
1331	-12.599	2.297	4.266
1332	-12.599	2.297	9.242
1338	-12.599	2.297	8.201
1343	-12.599	2.297	8.202
1357	-12.599	2.297	8.202
1368	-12.589	2.297	8.202
1369	-12.589	2.297	4.503
1342	-12.587	2.297	6.082
1344	-12.587	2.297	5.639
1347	-12.587	2.297	13.798
1361	-12.587	2.297	16.330
1397	-12.486	2.301	6.133
1454	-12.485	2.302	13.796
1451	-12.367	0.060	4.490
1438	-12.268	0.306	8.214
1353	-12.140	1.304	8.912
1366	-12.140	1.304	6.133
1395	-12.139	1.304	6.134
1426	-12.139	1.304	6.133
1465	-12.139	1.304	15.780
1477	-12.139	1.304	4.500
1413	-12.139	1.304	15.887
1341	-12.127	1.306	5.200
1352	-12.127	1.307	5.942
1424	-12.127	1.307	5.942
1345	-12.119	1.307	16.357
1362	-12.119	1.307	15.823
1354	-12.119	1.307	6.118
1469	-12.118	1.307	4.506
1400	-12.118	1.307	6.182
1455	-12.118	1.306	5.188
1463	-12.118	1.307	13.973
1478	-12.118	1.307	16.923
1509	-12.115	1.307	16.923
1403	-12.078	1.314	10.108
1423	-12.078	1.314	14.078
1351	-12.078	1.314	16.930
1516	-12.075	1.314	11.441
1508	-12.074	1.314	16.914
1327	-11.845	1.364	11.442
1445	-11.844	1.364	16.913
1382	-11.825	1.356	11.444
1386	-11.825	1.356	11.450
1446	-11.825	1.356	13.605
1485	-11.804	0.090	5.710
1450	-11.802	1.371	11.441
1374	-11.795	1.372	11.973
1384	-11.795	1.372	13.614
1436	-11.795	1.373	11.986
1440	-11.795	1.372	12.005
1491	-11.795	1.372	12.006
1523	-11.710	0.308	11.987
1474	-11.658	0.377	9.786
1431	-11.597	0.507	6.030
1375	-11.288	1.332	7.237
274	-11.222	3.198	13.022
306	-11.222	3.198	0.003
518	-11.222	3.198	0.009
525	-11.222	3.198	5.156
455	-11.221	3.198	0.000
263	-11.221	3.198	0.011
49	-11.221	3.197	4.895
313	-11.220	3.198	0.017
706	-11.219	3.194	15.718
576	-11.218	3.194	5.318
578	-11.218	3.194	5.317
443	-11.214	3.197	5.321
653	-11.213	3.196	15.711
661	-11.213	3.196	5.317
235	-11.207	3.195	4.374
660	-11.207	3.195	0.047
650	-11.206	3.195	4.372
646	-11.200	3.195	7.098
641	-11.194	3.194	4.894
7	-11.173	3.198	3.467
43	-11.172	3.195	5.611
10	-11.167	3.195	2.937
11	-11.167	3.195	2.935
1408	-11.082	2.889	3.444
1520	-11.081	2.889	3.660
1526	-11.081	2.889	4.226
1358	-11.081	2.889	2.972
1396	-11.067	2.890	2.977
1411	-11.067	2.890	3.154
1415	-11.067	2.890	3.153
1417	-11.067	2.890	2.812
1373	-11.060	2.890	2.824
1507	-11.043	0.598	4.266
1503	-11.031	2.890	8.202
1364	-11.031	2.890	8.202
1425	-11.009	2.891	8.202
182	-10.869	3.939	13.795
708	-10.869	3.940	6.166
1501	-10.740	1.177	11.986
371	-10.550	3.970	4.481
483	-10.542	3.970	14.083
404	-10.542	3.970	14.217
699	-10.542	3.968	14.219
687	-10.541	3.969	14.131
688	-10.541	3.969	4.472
558	-10.540	3.970	14.891
379	-10.539	3.970	5.645
700	-10.539	3.968	4.937
402	-10.536	3.969	5.187
689	-10.536	3.968	4.175
484	-10.535	3.969	4.934
496	-10.534	3.968	3.567
674	-10.534	3.969	2.704
546	-10.533	3.968	2.694
685	-10.533	3.968	3.467
686	-10.533	3.968	5.611
495	-10.532	3.968	7.045
92	-10.531	3.970	5.548
103	-10.530	3.969	4.919
559	-10.530	3.968	3.309
564	-10.530	3.968	4.946
566	-10.530	3.968	5.450
676	-10.528	3.968	8.009
451	-10.527	3.968	2.937
714	-10.520	3.970	2.935
719	-10.520	3.970	2.936
568	-10.520	3.970	3.060
722	-10.520	3.970	3.443
718	-10.520	3.970	3.443
632	-10.517	3.970	3.443
598	-10.516	3.970	2.974
616	-10.516	3.970	2.972
618	-10.516	3.969	3.444
587	-10.516	3.970	3.660
728	-10.516	3.969	4.226
591	-10.515	3.968	2.972
717	-10.514	3.969	4.236
572	-10.513	3.968	3.154
725	-10.511	3.968	2.812
720	-10.511	3.968	2.824
620	-10.510	3.968	8.201
639	-10.510	3.968	8.202
607	-10.509	3.968	8.202
608	-10.509	3.968	4.503
614	-10.509	3.968	6.082
729	-10.509	3.968	5.639
603	-10.507	3.968	4.490
589	-10.507	3.968	8.214
625	-10.506	3.968	8.214
575	-10.506	3.968	13.795
615	-10.505	3.968	13.795
437	-10.437	3.966	11.986
223	-10.420	3.964	15.131
1378	-10.367	2.894	4.722
540	-10.347	3.974	4.892
471	-10.339	3.973	13.022
516	-10.339	3.973	0.003
304	-10.339	3.973	0.009
524	-10.332	3.975	0.047
513	-10.330	3.971	4.894
1428	-10.329	2.326	3.285
671	-10.324	3.971	2.185
666	-10.324	3.972	17.945
1388	-10.323	3.212	14.177
1385	-10.323	3.213	4.499
445	-10.319	3.185	4.501
1329	-10.308	3.165	14.263
648	-10.286	3.971	14.131
1430	-10.261	3.170	2.977
273	-10.251	3.973	8.202
527	-10.245	3.972	4.503
315	-10.243	3.972	6.082
444	-10.240	3.971	5.639
577	-10.221	3.971	15.823
642	-10.220	3.971	4.506
643	-10.213	3.970	16.923
436	-10.157	3.995	15.131
323	-9.571	3.418	5.645
477	-9.568	3.417	4.937
683	-9.494	3.437	17.223
684	-9.494	3.437	2.277
692	-9.493	3.438	11.218
343	-9.485	3.451	2.278
406	-9.485	3.438	7.347
498	-9.485	3.438	20.687
552	-9.482	3.437	11.115
99	-9.468	3.465	17.714
478	-9.465	3.516	9.426
715	-9.460	3.442	9.426
716	-9.460	3.434	2.857
723	-9.459	3.436	2.856
712	-9.458	3.443	2.853
727	-9.458	3.439	0.000
593	-9.453	3.439	1.268
594	-9.453	3.439	1.252
617	-9.453	3.439	1.259
635	-9.453	3.439	1.243
626	-9.453	3.424	1.242
563	-9.402	3.427	17.484
596	-9.399	3.424	11.659
582	-9.392	3.503	16.510
680	-9.343	3.760	18.018
604	-9.265	3.816	8.132
364	-9.088	3.005	3.821
111	-9.073	3.005	4.695
652	-8.859	3.873	4.505
523	-8.855	3.889	5.183
665	-8.855	3.935	13.975
543	-8.854	3.924	16.929
1355	-8.738	3.725	5.184
1512	-8.734	3.739	4.176
1461	-8.729	3.738	2.705
1339	-8.726	3.736	3.466
1356	-8.723	3.737	5.544
1365	-8.643	3.732	13.867
533	-8.638	3.952	5.634
670	-8.095	3.203	18.283
677	-8.083	3.845	4.554
624	-8.071	3.860	2.671
1380	-8.069	2.682	3.737
