454	-9.137	0.000	4.895
388	-9.008	0.018	2.973
4	-8.923	0.060	9.238
509	-8.728	2.687	2.695
56	-8.595	0.033	6.184
592	-8.582	0.020	16.929
198	-8.504	0.097	4.373
171	-8.350	2.700	7.090
497	-7.885	2.387	6.127
31	-7.881	2.387	4.498
690	-7.867	2.390	5.935
373	-7.866	2.390	5.935
330	-7.864	2.390	16.366
254	-7.858	2.390	6.112
713	-7.802	2.426	16.922
40	-7.797	2.420	16.921
73	-7.791	2.419	11.976
13	-7.785	2.385	12.008
16	-7.710	2.413	15.719
196	-7.586	2.223	14.088
266	-7.582	2.224	14.222
691	-7.447	1.578	2.974
