1544	-12.337	0.000	8.214
1612	-12.217	0.022	13.795
1617	-12.205	0.022	6.166
1541	-11.457	2.935	6.892
1538	-11.404	3.351	6.026
1534	-11.399	3.351	15.131
1577	-11.244	3.171	4.892
1537	-11.237	3.354	4.731
1595	-11.177	2.815	2.694
1590	-11.098	2.809	2.972
1607	-11.060	2.803	2.812
1594	-11.058	2.802	13.865
1589	-10.996	2.793	4.503
1573	-10.905	2.799	13.796
1576	-10.440	2.359	13.614
1586	-9.915	3.270	6.133
1609	-9.915	3.270	13.796
1584	-9.816	3.272	16.923
1597	-9.775	3.266	13.614
1600	-7.433	2.925	3.444
