669	-6.045	0.000	10.756
670	-6.045	0.000	11.182
682	-6.045	0.000	11.378
683	-6.045	0.000	17.996
684	-6.045	0.000	18.906
685	-6.045	0.001	8.701
695	-6.045	0.000	17.995
686	-6.045	0.000	1.609
694	-6.045	0.000	17.996
699	-6.045	0.000	18.489
702	-6.045	0.001	1.610
552	-6.044	0.001	18.096
555	-6.044	0.001	9.363
556	-6.044	0.001	18.971
557	-6.044	0.001	11.265
558	-6.044	0.001	18.086
559	-6.044	0.001	18.894
564	-6.044	0.001	18.894
568	-6.044	0.001	11.096
570	-6.044	0.001	18.964
576	-6.044	0.001	18.895
577	-6.044	0.001	18.096
591	-6.044	0.001	23.694
592	-6.044	0.001	23.694
593	-6.044	0.001	11.109
601	-6.044	0.001	11.195
607	-6.044	0.001	9.359
613	-6.044	0.001	19.881
614	-6.044	0.001	19.883
615	-6.044	0.001	9.366
633	-6.044	0.001	18.821
634	-6.044	0.001	9.359
641	-6.044	0.001	9.359
642	-6.044	0.001	18.822
643	-6.044	0.001	3.825
648	-6.044	0.001	3.825
649	-6.044	0.001	19.805
650	-6.044	0.001	3.823
651	-6.044	0.001	2.236
652	-6.044	0.001	2.235
657	-6.044	0.001	3.028
658	-6.044	0.001	3.054
662	-6.044	0.001	2.226
663	-6.044	0.001	3.036
594	-6.044	0.001	3.035
617	-6.044	0.001	3.961
595	-6.043	0.001	4.754
645	-6.043	0.001	19.933
646	-6.043	0.001	4.769
647	-6.043	0.001	2.680
830	-6.037	0.003	18.426
838	-6.037	0.003	3.584
735	-6.036	0.003	18.276
738	-6.036	0.003	18.620
744	-6.036	0.003	2.440
745	-6.036	0.003	14.086
765	-6.036	0.003	14.083
771	-6.036	0.003	14.083
779	-6.036	0.003	14.086
783	-6.036	0.003	14.083
786	-6.036	0.003	14.084
791	-6.036	0.003	15.183
800	-6.036	0.003	19.133
814	-6.036	0.003	19.116
711	-6.036	0.003	14.089
719	-6.036	0.003	19.129
721	-6.036	0.003	19.130
722	-6.036	0.003	22.954
757	-6.036	0.003	19.129
759	-6.036	0.003	15.183
821	-6.036	0.003	19.125
703	-6.035	0.003	19.128
710	-6.035	0.004	18.470
713	-6.035	0.004	23.039
718	-6.035	0.004	18.467
743	-6.035	0.004	18.859
748	-6.035	0.004	16.647
755	-6.035	0.004	15.333
758	-6.035	0.004	15.324
811	-6.035	0.004	15.387
704	-6.031	0.005	22.974
993	-6.030	0.006	16.887
857	-6.028	0.004	11.157
858	-6.028	0.004	9.875
861	-6.028	0.004	17.460
909	-6.028	0.004	17.440
910	-6.028	0.004	0.668
923	-6.028	0.004	0.667
881	-6.028	0.004	17.453
901	-6.027	0.005	17.453
906	-6.027	0.005	13.860
907	-6.027	0.005	0.155
918	-6.027	0.005	2.484
671	-6.019	0.014	14.491
784	-6.010	0.015	2.360
785	-6.010	0.015	14.788
787	-6.010	0.015	10.037
790	-6.010	0.015	18.918
928	-5.997	0.018	18.930
818	-5.997	1.578	17.297
819	-5.997	1.578	18.133
822	-5.997	1.578	18.157
717	-5.997	1.578	15.565
766	-5.997	1.578	16.917
782	-5.997	1.578	18.631
841	-5.997	1.578	18.978
951	-5.996	1.578	18.945
953	-5.996	1.578	18.949
954	-5.996	1.578	19.196
955	-5.996	1.578	18.944
960	-5.996	1.578	19.200
961	-5.996	1.578	18.492
972	-5.996	1.578	19.448
976	-5.996	1.578	11.429
977	-5.996	1.578	11.431
876	-5.990	1.579	11.431
917	-5.990	1.578	11.430
935	-5.990	1.579	10.899
880	-5.989	1.578	11.381
912	-5.989	1.578	11.381
913	-5.989	1.578	15.123
820	-5.979	1.583	15.123
823	-5.979	1.583	11.379
938	-5.978	1.583	15.123
987	-5.968	1.583	15.123
925	-5.959	1.588	10.607
990	-5.959	1.588	10.604
571	-5.631	1.490	17.252
624	-5.631	1.490	18.091
625	-5.631	1.490	18.114
668	-5.631	1.490	15.523
673	-5.631	1.490	16.874
675	-5.631	1.490	18.590
692	-5.631	1.490	18.939
827	-5.628	1.492	11.410
741	-5.627	1.492	15.104
859	-5.621	1.492	15.108
862	-5.621	1.492	15.096
914	-5.621	1.492	15.231
922	-5.621	1.492	15.235
835	-5.474	1.601	10.567
730	-5.473	1.602	18.360
696	-5.473	1.600	3.539
697	-5.473	1.600	18.209
698	-5.473	1.600	18.555
674	-5.473	1.600	2.429
780	-5.472	1.602	14.021
815	-5.472	1.602	14.018
868	-5.467	1.602	14.018
895	-5.467	1.602	14.022
926	-5.467	1.602	14.018
927	-5.467	1.602	14.019
933	-5.467	1.602	15.114
924	-5.466	1.602	22.893
981	-5.460	1.606	19.063
807	-5.458	1.606	15.115
942	-5.457	1.606	19.060
891	-5.447	1.607	18.399
983	-5.391	2.276	16.578
984	-5.391	2.276	15.264
979	-5.390	2.276	15.255
980	-5.390	2.276	15.319
760	-5.370	2.271	9.860
781	-5.370	2.271	17.397
795	-5.370	2.271	17.375
796	-5.370	2.271	0.752
798	-5.370	2.271	0.750
831	-5.369	2.270	17.391
833	-5.369	2.270	17.390
834	-5.369	2.270	13.793
836	-5.369	2.270	0.057
943	-5.368	2.270	2.496
965	-5.368	2.270	14.424
967	-5.368	2.270	2.335
969	-5.368	2.270	14.722
970	-5.368	2.270	10.006
971	-5.368	2.270	18.853
973	-5.368	2.270	18.865
974	-5.368	2.270	17.230
945	-5.368	2.270	18.070
666	-5.368	2.271	18.094
889	-5.348	2.271	15.076
843	-5.347	2.271	15.212
844	-5.347	2.271	15.215
845	-5.347	2.271	14.426
846	-5.347	2.271	11.225
847	-5.347	2.271	17.668
848	-5.347	2.271	1.971
854	-5.347	2.271	1.972
855	-5.347	2.271	22.289
863	-5.347	2.271	22.284
864	-5.347	2.271	7.024
865	-5.347	2.271	7.024
866	-5.347	2.271	7.025
867	-5.347	2.271	10.662
870	-5.347	2.271	11.085
871	-5.347	2.271	11.343
872	-5.347	2.271	17.904
877	-5.347	2.271	18.831
879	-5.347	2.271	8.628
893	-5.347	2.271	17.903
896	-5.347	2.271	1.646
899	-5.347	2.271	17.903
904	-5.347	2.271	18.413
905	-5.347	2.271	1.646
911	-5.347	2.271	1.646
915	-5.347	2.271	11.255
931	-5.347	2.271	11.296
310	-5.286	0.278	19.729
826	-5.279	0.281	3.778
733	-5.279	0.282	2.243
813	-5.279	0.282	2.242
950	-5.279	0.282	2.985
808	-5.278	0.281	3.011
939	-5.278	0.281	2.233
964	-5.278	0.281	2.993
986	-5.278	2.412	2.992
746	-5.277	0.281	3.903
747	-5.277	0.281	4.694
750	-5.277	0.281	19.856
788	-5.277	0.281	4.709
789	-5.277	0.281	2.711
362	-5.275	0.279	10.564
991	-5.273	3.850	18.338
882	-5.264	0.282	13.996
884	-5.264	0.282	13.996
919	-5.264	0.282	13.999
842	-5.253	2.408	19.041
888	-5.236	3.845	18.379
949	-5.224	3.853	18.779
966	-5.224	3.853	16.555
839	-5.224	3.853	15.241
840	-5.224	3.853	15.232
812	-5.102	2.437	15.481
832	-5.101	2.436	16.832
837	-5.101	2.436	18.548
952	-5.100	2.436	18.898
956	-5.100	2.436	18.862
957	-5.100	2.436	18.866
958	-5.100	2.436	19.113
975	-5.099	2.436	18.861
985	-5.095	2.356	19.118
849	-5.079	2.439	11.369
851	-5.079	2.439	11.371
852	-5.079	2.439	11.371
853	-5.079	2.439	11.370
929	-5.053	2.351	10.862
930	-5.053	2.351	11.325
740	-5.039	2.356	11.325
804	-5.039	2.356	15.070
824	-5.039	2.355	15.070
817	-5.038	2.355	11.323
941	-5.038	2.355	15.070
948	-5.038	2.355	15.070
963	-5.038	2.355	10.541
968	-5.026	2.358	10.538
897	-5.018	2.357	15.074
898	-5.018	2.357	15.061
900	-5.018	2.357	15.197
887	-5.016	2.357	15.200
902	-5.016	2.357	14.411
903	-5.016	2.357	11.208
873	-5.008	2.359	17.650
874	-5.008	2.359	1.976
934	-5.008	2.359	1.977
988	-4.857	2.562	7.010
989	-4.857	2.562	7.010
994	-4.857	2.562	7.011
816	-4.854	2.544	10.643
962	-4.853	2.544	11.066
937	-4.844	2.548	11.336
892	-4.829	2.551	17.885
894	-4.829	2.551	18.816
916	-4.829	2.551	8.614
932	-4.829	2.551	17.884
936	-4.829	2.551	1.654
860	-4.828	2.552	17.885
908	-4.828	2.552	18.398
920	-4.828	2.552	1.655
921	-4.828	2.552	1.655
992	-4.816	2.582	11.248
739	-4.808	2.565	11.287
940	-4.806	2.564	8.565
869	-4.787	2.572	11.235
878	-4.787	2.572	18.008
