996	-7.935	0.000	16.118
997	-7.935	0.000	16.118
998	-7.935	0.000	16.118
999	-7.935	0.000	11.972
1000	-7.935	0.000	11.347
1001	-7.935	0.000	22.038
1002	-7.935	0.000	5.511
1004	-7.935	0.000	5.733
1005	-7.935	0.000	13.865
1008	-7.935	0.000	5.507
1029	-7.935	0.000	21.710
1036	-7.935	0.000	5.507
1180	-7.935	0.002	5.781
1184	-7.935	0.002	21.709
1185	-7.935	0.002	21.709
1186	-7.935	0.002	21.566
1187	-7.935	0.002	19.755
1188	-7.935	0.002	13.930
1190	-7.935	0.002	21.487
1200	-7.935	0.002	5.706
1201	-7.935	0.002	23.365
1202	-7.935	0.002	5.705
1203	-7.935	0.002	21.586
1204	-7.935	0.002	5.705
1207	-7.935	0.002	6.190
1236	-7.935	0.002	6.190
1243	-7.935	0.002	22.017
1244	-7.935	0.002	5.701
1245	-7.935	0.002	6.188
1331	-7.935	0.002	5.703
1337	-7.935	0.002	3.853
1338	-7.935	0.002	3.853
1346	-7.935	0.002	21.978
1349	-7.935	0.002	19.662
1351	-7.935	0.002	23.350
1352	-7.935	0.002	6.113
1353	-7.935	0.002	6.111
1354	-7.935	0.002	23.357
1365	-7.935	0.002	6.213
1369	-7.935	0.002	23.339
1374	-7.935	0.002	23.339
1376	-7.935	0.002	6.211
1381	-7.935	0.002	19.360
1382	-7.935	0.002	19.360
1387	-7.935	0.002	6.118
1388	-7.935	0.002	19.365
1389	-7.935	0.002	21.290
1391	-7.935	0.002	21.294
1397	-7.935	0.002	19.705
1404	-7.935	0.002	19.667
1175	-7.934	0.002	21.306
1411	-7.934	0.002	19.693
1415	-7.934	0.002	19.694
1060	-7.929	0.002	18.537
1061	-7.929	0.002	17.742
1062	-7.929	0.002	6.102
1088	-7.929	0.002	17.724
1089	-7.929	0.002	22.735
1092	-7.929	0.002	24.067
1093	-7.929	0.002	5.667
1118	-7.929	0.002	19.026
1135	-7.929	0.002	5.013
1146	-7.929	0.002	5.472
369	-7.908	0.007	20.705
370	-7.908	0.007	8.283
378	-7.908	0.007	8.285
393	-7.908	0.007	8.286
394	-7.908	0.007	8.283
395	-7.908	0.007	8.285
397	-7.908	0.007	8.285
398	-7.908	0.007	7.131
427	-7.908	0.007	4.916
428	-7.908	0.007	4.941
435	-7.908	0.007	8.282
451	-7.908	0.007	4.923
452	-7.908	0.007	4.917
453	-7.908	0.007	5.145
464	-7.908	0.007	4.921
465	-7.908	0.007	7.134
466	-7.908	0.007	4.939
467	-7.908	0.007	4.923
1280	-7.907	0.010	5.434
308	-7.906	0.009	4.404
995	-7.902	0.007	6.187
1099	-7.901	0.011	6.129
1171	-7.901	0.005	7.004
1172	-7.901	0.005	7.011
1173	-7.901	0.005	6.961
1174	-7.901	0.005	5.048
1405	-7.901	0.005	6.011
1014	-7.899	0.008	8.294
1015	-7.899	0.007	21.859
1018	-7.899	0.007	21.836
1020	-7.899	0.008	7.650
1021	-7.899	0.008	21.014
1023	-7.899	0.007	7.340
1025	-7.899	0.007	21.248
1027	-7.899	0.008	4.287
1028	-7.899	0.007	4.281
1178	-7.899	0.006	5.259
1181	-7.899	0.006	4.879
1189	-7.899	0.006	4.869
1196	-7.899	0.006	6.527
1197	-7.899	0.006	5.526
1198	-7.899	0.006	4.649
1205	-7.899	0.006	4.624
1209	-7.899	0.006	4.698
1211	-7.899	0.006	4.689
1212	-7.899	0.006	4.388
1213	-7.899	0.006	4.696
1215	-7.899	0.006	4.356
1220	-7.899	0.006	4.678
1221	-7.899	0.006	6.061
1222	-7.899	0.006	10.996
1223	-7.899	0.006	10.994
1225	-7.899	0.006	10.994
1226	-7.899	0.006	10.995
1228	-7.899	0.006	18.980
1230	-7.899	0.006	10.804
1231	-7.899	0.006	10.804
1232	-7.899	0.006	7.340
1233	-7.899	0.006	7.340
1234	-7.899	0.006	10.806
1235	-7.899	0.006	7.340
1237	-7.899	0.006	7.341
1246	-7.899	0.006	12.075
1248	-7.899	0.006	12.083
1249	-7.899	0.006	7.337
1250	-7.899	0.006	7.346
1251	-7.899	0.006	7.199
1252	-7.899	0.006	7.196
1253	-7.899	0.006	7.807
1254	-7.899	0.006	11.112
1255	-7.899	0.006	5.614
1256	-7.899	0.006	21.633
1258	-7.899	0.006	21.634
1259	-7.899	0.006	4.604
1260	-7.899	0.006	4.602
1263	-7.899	0.006	16.121
1264	-7.899	0.006	16.121
1265	-7.899	0.006	16.121
1266	-7.899	0.006	11.976
1272	-7.899	0.006	11.352
1273	-7.899	0.006	22.043
1281	-7.899	0.006	5.514
1282	-7.899	0.006	5.732
1283	-7.899	0.006	13.868
1287	-7.899	0.006	5.510
1288	-7.899	0.006	21.713
1289	-7.899	0.006	5.510
1290	-7.899	0.006	5.780
1291	-7.899	0.006	21.712
1294	-7.899	0.006	21.712
1295	-7.899	0.006	21.571
1298	-7.899	0.006	19.760
1305	-7.899	0.006	13.933
1306	-7.899	0.006	21.492
1309	-7.899	0.006	5.706
1310	-7.899	0.006	23.370
1311	-7.899	0.006	5.704
1312	-7.899	0.006	21.591
1313	-7.899	0.006	5.705
1315	-7.899	0.006	6.189
1317	-7.899	0.006	6.189
1320	-7.899	0.006	22.023
1328	-7.899	0.006	5.700
1329	-7.899	0.006	6.187
1332	-7.899	0.006	5.703
1333	-7.899	0.006	3.848
1334	-7.899	0.006	3.848
1335	-7.899	0.006	21.983
1339	-7.899	0.006	19.667
1341	-7.899	0.006	23.355
1343	-7.899	0.006	6.111
1355	-7.899	0.006	6.109
1368	-7.899	0.006	23.362
1370	-7.899	0.006	6.212
1373	-7.899	0.006	23.344
1375	-7.899	0.006	23.344
1378	-7.899	0.006	6.211
1379	-7.899	0.006	19.363
1383	-7.899	0.006	19.363
1384	-7.899	0.006	6.116
1390	-7.899	0.006	19.368
1400	-7.899	0.006	21.293
1401	-7.899	0.006	21.298
1003	-7.899	0.008	19.708
1006	-7.899	0.008	19.671
1007	-7.899	0.008	21.309
1009	-7.899	0.008	19.696
1011	-7.899	0.008	19.698
1024	-7.899	0.008	18.540
1030	-7.899	0.008	17.745
1031	-7.899	0.007	6.100
1032	-7.899	0.008	17.728
1033	-7.899	0.007	22.738
1034	-7.899	0.008	24.072
1035	-7.899	0.008	5.669
1417	-7.899	0.006	19.030
1419	-7.899	0.006	5.017
1420	-7.899	0.006	5.474
106	-7.898	0.007	20.709
224	-7.898	0.004	8.287
413	-7.898	0.004	8.289
414	-7.898	0.004	8.289
415	-7.898	0.004	8.286
416	-7.898	0.004	8.289
417	-7.898	0.004	8.289
418	-7.898	0.004	7.134
419	-7.898	0.004	4.919
437	-7.897	0.007	4.943
351	-7.897	0.004	8.285
406	-7.897	0.004	4.925
1229	-7.897	0.006	4.919
1176	-7.897	0.006	5.142
1286	-7.897	0.006	4.923
1293	-7.897	0.006	7.137
1314	-7.897	0.006	4.941
1344	-7.897	0.006	4.925
270	-7.896	0.008	5.436
294	-7.896	0.005	4.401
330	-7.895	0.008	5.433
1041	-7.893	0.007	5.045
1042	-7.893	0.007	6.015
1043	-7.893	0.007	20.051
1044	-7.893	0.007	22.972
1047	-7.893	0.007	7.079
1048	-7.893	0.007	6.714
1050	-7.893	0.007	22.128
1051	-7.893	0.007	22.127
1052	-7.893	0.007	7.056
1053	-7.893	0.007	7.056
1054	-7.893	0.007	8.297
1055	-7.893	0.007	21.863
1056	-7.893	0.007	21.840
1057	-7.893	0.007	7.653
1063	-7.893	0.007	21.018
1065	-7.893	0.007	7.343
1067	-7.893	0.007	21.253
1068	-7.893	0.007	4.291
1069	-7.893	0.007	4.285
1071	-7.893	0.007	5.263
1072	-7.893	0.007	4.882
1073	-7.893	0.007	4.872
1074	-7.893	0.007	6.531
1075	-7.893	0.007	5.531
1076	-7.893	0.007	4.651
1077	-7.893	0.007	4.624
1078	-7.893	0.007	4.699
1079	-7.893	0.007	4.689
1081	-7.893	0.007	4.389
1082	-7.893	0.007	4.696
1084	-7.893	0.007	4.357
1090	-7.893	0.007	4.680
1094	-7.893	0.007	6.065
1095	-7.893	0.007	11.472
1096	-7.893	0.007	11.474
1097	-7.893	0.007	11.474
1098	-7.893	0.007	11.473
1100	-7.893	0.007	10.932
1103	-7.893	0.007	11.419
1105	-7.893	0.007	11.419
1106	-7.893	0.007	15.161
1107	-7.893	0.007	15.161
1108	-7.893	0.007	11.417
1109	-7.893	0.007	15.161
1110	-7.893	0.007	15.160
1111	-7.893	0.007	10.656
1112	-7.893	0.007	10.653
1113	-7.893	0.007	15.164
1114	-7.893	0.007	15.152
1115	-7.893	0.007	15.288
1116	-7.893	0.007	15.291
1117	-7.893	0.007	14.504
1120	-7.893	0.007	11.311
1121	-7.893	0.007	17.758
1122	-7.893	0.007	1.949
1123	-7.893	0.007	1.949
1124	-7.893	0.007	22.360
1129	-7.893	0.007	22.355
1130	-7.893	0.007	7.094
1131	-7.893	0.007	7.094
1132	-7.893	0.007	7.095
1133	-7.893	0.007	10.756
1134	-7.893	0.007	11.182
1138	-7.893	0.007	11.378
1141	-7.893	0.007	17.996
1143	-7.893	0.007	18.906
1144	-7.893	0.007	8.701
1145	-7.893	0.007	17.995
1147	-7.893	0.007	1.609
1148	-7.893	0.007	17.996
1149	-7.893	0.007	18.489
1151	-7.893	0.007	1.610
1152	-7.893	0.007	1.610
1153	-7.893	0.007	11.296
1154	-7.893	0.007	11.349
1155	-7.893	0.007	8.651
1156	-7.893	0.007	11.284
1157	-7.893	0.007	18.096
1158	-7.893	0.007	9.363
1160	-7.893	0.007	18.971
1161	-7.893	0.007	11.265
1164	-7.893	0.007	18.086
1166	-7.893	0.007	18.894
1167	-7.893	0.007	18.894
1168	-7.893	0.007	11.096
1169	-7.893	0.007	18.964
1170	-7.893	0.007	18.896
1083	-7.891	0.006	18.096
1140	-7.891	0.006	23.694
1163	-7.891	0.006	23.694
1297	-7.871	0.012	11.109
1342	-7.871	0.012	11.195
211	-7.869	0.012	9.359
385	-7.868	0.011	19.881
1010	-7.688	1.655	9.359
1216	-7.688	1.655	18.822
1217	-7.688	1.655	3.825
1218	-7.688	1.655	3.825
1219	-7.688	1.655	19.806
1227	-7.688	1.655	3.823
1238	-7.688	1.655	2.236
1239	-7.688	1.655	2.235
1241	-7.688	1.655	3.028
1247	-7.688	1.655	3.054
1257	-7.688	1.655	2.226
1262	-7.688	1.655	3.036
1270	-7.688	1.655	0.000
1319	-7.688	1.655	3.961
1350	-7.688	1.655	4.754
1371	-7.688	1.655	19.933
1372	-7.688	1.655	4.769
1377	-7.688	1.655	2.680
1385	-7.688	1.655	10.576
1386	-7.688	1.655	18.426
1392	-7.688	1.655	3.584
1398	-7.688	1.655	18.276
1399	-7.688	1.655	18.620
1183	-7.688	1.655	2.440
1206	-7.688	1.655	14.086
1292	-7.688	1.655	14.083
1296	-7.688	1.655	14.083
1318	-7.688	1.655	14.086
1326	-7.688	1.655	14.083
1330	-7.688	1.655	14.084
1356	-7.688	1.655	15.183
1357	-7.688	1.655	19.133
1362	-7.688	1.655	19.116
1380	-7.688	1.655	14.089
1408	-7.688	1.655	19.129
1413	-7.688	1.655	19.130
1416	-7.688	1.655	22.954
1045	-7.685	1.655	19.129
1080	-7.685	1.655	15.183
1091	-7.685	1.655	19.125
1119	-7.685	1.655	19.128
1136	-7.685	1.655	18.470
1137	-7.685	1.655	23.039
1150	-7.685	1.655	18.467
1274	-7.654	1.655	18.859
1276	-7.654	1.655	16.647
1278	-7.654	1.655	15.333
1323	-7.653	1.655	15.324
1324	-7.653	1.655	15.387
1325	-7.653	1.655	22.974
1327	-7.653	1.655	16.887
1347	-7.653	1.655	11.157
1358	-7.653	1.655	9.875
1359	-7.653	1.655	17.460
1360	-7.653	1.655	17.440
1361	-7.653	1.655	0.668
1393	-7.653	1.655	0.667
1394	-7.653	1.655	17.453
1395	-7.653	1.655	17.453
1407	-7.653	1.655	13.860
1412	-7.653	1.655	0.155
1240	-7.653	1.655	2.484
1409	-7.652	1.655	14.491
1179	-7.652	1.655	2.360
1301	-7.652	1.655	14.788
1302	-7.652	1.655	10.037
1303	-7.652	1.655	18.918
1304	-7.652	1.655	18.930
1307	-7.652	1.655	17.297
1340	-7.652	1.655	18.133
1363	-7.652	1.655	18.157
1396	-7.652	1.655	15.565
1410	-7.652	1.655	16.917
1414	-7.652	1.655	18.631
1058	-7.650	1.655	18.978
1059	-7.650	1.655	18.945
1165	-7.650	1.655	18.949
1177	-7.617	1.655	19.196
1316	-7.617	1.655	18.944
1242	-7.450	1.471	11.420
1299	-7.450	1.471	15.161
1345	-7.450	1.471	15.161
1367	-7.450	1.471	11.418
1066	-7.443	1.471	15.161
1087	-7.443	1.471	15.161
1104	-7.443	1.471	10.656
1406	-7.421	1.470	10.653
1366	-7.418	1.470	15.165
1418	-7.418	1.470	15.152
1139	-7.411	1.470	15.288
1275	-7.410	1.474	15.291
1277	-7.410	1.474	14.504
1271	-6.759	2.483	8.651
1064	-6.751	2.482	11.284
1125	-6.751	2.482	18.097
1126	-6.493	2.474	11.312
1128	-5.907	2.447	1.962
1127	-5.907	2.447	22.325
485	-5.840	2.416	23.655
486	-5.840	2.417	11.088
517	-5.823	2.420	18.781
488	-5.823	2.419	9.349
490	-5.823	2.419	9.349
495	-5.823	2.419	18.782
496	-5.823	2.419	3.803
500	-5.823	2.419	3.803
502	-5.823	2.419	19.768
518	-5.823	2.419	3.802
522	-5.823	2.419	2.240
539	-5.823	2.419	2.240
540	-5.823	2.419	3.007
542	-5.823	2.419	3.034
497	-5.822	2.420	2.231
499	-5.822	2.420	3.016
513	-5.822	2.420	3.014
514	-5.822	2.420	3.932
515	-5.822	2.419	4.724
528	-5.822	2.419	19.896
541	-5.822	2.420	4.739
531	-5.821	2.419	18.382
479	-5.821	2.420	3.554
473	-5.821	2.420	18.231
474	-5.821	2.420	18.576
475	-5.821	2.420	2.433
476	-5.821	2.420	14.042
535	-5.821	2.420	14.039
537	-5.821	2.420	14.039
533	-5.820	2.420	14.043
302	-5.721	0.198	0.087
1210	-5.682	2.480	10.708
348	-5.673	2.484	8.616
173	-5.672	2.478	11.260
463	-5.671	2.484	11.241
215	-5.670	2.483	18.856
216	-5.670	2.483	11.075
217	-5.670	2.483	18.927
203	-5.669	2.483	11.164
379	-5.668	2.482	18.782
380	-5.668	2.482	9.348
439	-5.668	2.482	9.348
448	-5.668	2.482	18.782
449	-5.668	2.482	3.804
450	-5.668	2.482	3.804
109	-5.667	2.478	4.740
407	-5.666	2.482	10.568
408	-5.666	2.482	18.382
468	-5.666	2.483	3.554
430	-5.665	2.483	18.231
1193	-5.659	2.424	19.072
1194	-5.659	2.424	14.045
1195	-5.659	2.424	19.086
1267	-5.659	2.424	19.086
1300	-5.659	2.424	22.913
1364	-5.659	2.424	19.085
1261	-5.659	2.424	15.137
1269	-5.659	2.424	19.081
1308	-5.659	2.424	19.085
1214	-5.649	2.408	9.862
1268	-5.649	2.408	17.418
1279	-5.649	2.408	17.397
1191	-5.648	2.408	0.727
1192	-5.648	2.408	0.726
1199	-5.648	2.408	17.412
1336	-5.648	2.408	17.411
1348	-5.648	2.408	13.815
1070	-5.633	2.377	2.491
1159	-5.623	2.361	10.584
1162	-5.623	2.361	10.581
457	-5.375	3.477	16.818
459	-5.374	3.435	11.109
511	-5.316	2.192	11.140
489	-5.271	2.820	3.524
