1030	-19.848	0.000	0.000
1026	-19.848	0.000	0.000
1084	-19.807	0.001	0.000
889	-19.788	0.002	0.000
754	-19.787	0.002	0.000
746	-19.786	0.002	0.000
750	-19.786	0.002	0.000
859	-19.785	0.002	0.000
1072	-19.772	0.002	0.000
1073	-19.772	0.002	0.000
888	-19.721	0.003	0.000
739	-19.720	0.003	0.000
742	-19.720	0.003	0.000
743	-19.720	0.003	0.000
751	-19.720	0.003	0.000
838	-19.720	0.003	0.000
1158	-19.718	0.003	0.000
688	-19.708	0.003	0.000
691	-19.708	0.003	0.000
695	-19.708	0.003	0.000
699	-19.708	0.003	0.000
729	-19.706	0.003	0.000
730	-19.706	0.003	0.000
732	-19.706	0.003	0.000
721	-19.705	0.003	0.000
734	-19.705	0.003	0.000
735	-19.705	0.003	0.000
1143	-19.704	0.003	0.000
1117	-19.703	0.003	0.000
1119	-19.703	0.003	0.000
1103	-19.685	0.003	0.000
694	-19.641	0.004	0.000
702	-19.641	0.004	0.000
828	-19.582	0.014	0.000
829	-19.582	0.014	0.000
814	-19.582	0.014	0.000
854	-19.582	0.014	0.000
929	-19.582	0.014	0.000
740	-19.581	0.014	0.000
772	-19.581	0.014	0.000
787	-19.580	0.014	0.000
788	-19.580	0.014	0.000
789	-19.580	0.014	0.000
790	-19.580	0.014	0.000
925	-19.580	0.014	0.000
927	-19.580	0.014	0.000
941	-19.580	0.014	0.000
762	-19.580	0.014	0.000
895	-19.568	0.013	0.000
725	-19.566	0.013	0.000
770	-19.515	0.014	0.000
869	-19.515	0.014	0.000
856	-19.514	0.014	0.000
943	-19.514	0.014	0.000
881	-19.454	0.013	0.000
810	-19.454	0.013	0.000
850	-19.453	0.013	0.000
937	-19.453	0.013	0.000
938	-19.453	0.013	0.000
800	-19.453	0.013	0.000
860	-19.453	0.013	0.000
839	-19.387	0.014	0.000
840	-19.387	0.014	0.000
848	-19.387	0.014	0.000
809	-19.386	0.014	0.000
934	-19.386	0.014	0.000
830	-19.203	0.012	0.000
911	-19.166	3.071	0.000
714	-19.058	3.024	0.000
715	-19.058	3.024	0.000
717	-19.058	3.024	0.000
1012	-19.001	1.631	0.000
1167	-18.991	1.631	0.000
826	-18.928	1.631	0.000
855	-18.928	1.631	0.000
919	-18.928	1.631	0.000
931	-18.927	3.071	0.000
845	-18.927	1.631	0.000
771	-18.926	3.071	0.000
774	-18.926	3.071	0.000
738	-18.926	3.071	0.000
744	-18.926	3.071	0.000
759	-18.926	3.071	0.000
760	-18.926	3.071	0.000
761	-18.926	3.071	0.000
763	-18.926	3.071	0.000
764	-18.926	3.071	0.000
765	-18.926	3.071	0.000
768	-18.926	3.071	0.000
776	-18.926	3.071	0.000
777	-18.926	3.071	0.000
779	-18.926	3.071	0.000
781	-18.926	3.071	0.000
782	-18.926	3.071	0.000
793	-18.926	3.071	0.000
795	-18.926	3.071	0.000
797	-18.926	3.071	0.000
806	-18.926	3.071	0.000
817	-18.926	3.071	0.000
819	-18.926	3.071	0.000
821	-18.926	3.071	0.000
822	-18.926	3.071	0.000
823	-18.926	3.071	0.000
842	-18.926	3.071	0.000
858	-18.926	3.071	0.000
863	-18.926	3.071	0.000
872	-18.926	3.071	0.000
875	-18.926	3.071	0.000
876	-18.926	3.071	0.000
907	-18.926	3.071	0.000
921	-18.926	3.071	0.000
939	-18.926	3.071	0.000
913	-18.926	1.631	0.000
968	-18.921	1.631	0.000
1070	-18.913	1.631	0.000
710	-18.879	3.070	0.000
1129	-18.861	1.631	0.000
1160	-18.852	1.631	0.000
720	-18.845	1.631	0.000
727	-18.845	1.631	0.000
728	-18.845	1.631	0.000
709	-18.840	1.631	0.000
692	-18.838	1.631	0.000
696	-18.838	1.631	0.000
705	-18.837	1.631	0.000
1146	-18.835	1.631	0.000
1150	-18.835	1.631	0.000
1116	-18.835	1.631	0.000
1122	-18.835	1.631	0.000
737	-18.800	3.023	0.000
748	-18.800	3.023	0.000
749	-18.800	3.023	0.000
755	-18.800	3.023	0.000
769	-18.800	3.023	0.000
773	-18.800	3.023	0.000
780	-18.800	3.023	0.000
791	-18.800	3.023	0.000
831	-18.800	3.023	0.000
843	-18.800	3.023	0.000
844	-18.800	3.023	0.000
847	-18.800	3.023	0.000
849	-18.800	3.023	0.000
873	-18.800	3.023	0.000
877	-18.800	3.023	0.000
878	-18.800	3.023	0.000
903	-18.800	3.023	0.000
917	-18.800	3.023	0.000
940	-18.800	3.023	0.000
942	-18.800	3.023	0.000
946	-18.800	3.023	0.000
794	-18.800	3.023	0.000
820	-18.800	3.023	0.000
824	-18.800	3.023	0.000
924	-18.800	3.023	0.000
723	-18.790	3.024	0.000
731	-18.790	3.024	0.000
945	-18.773	3.070	0.000
685	-18.769	1.631	0.000
687	-18.769	1.631	0.000
697	-18.769	1.631	0.000
698	-18.769	1.631	0.000
700	-18.769	1.631	0.000
701	-18.769	1.631	0.000
893	-18.763	3.070	0.000
703	-18.751	3.022	0.000
704	-18.751	3.022	0.000
706	-18.751	3.022	0.000
707	-18.751	3.022	0.000
1164	-18.665	1.630	0.000
909	-18.648	3.023	0.000
815	-18.573	1.629	0.000
837	-18.573	1.629	0.000
741	-18.572	1.629	0.000
752	-18.572	1.629	0.000
802	-18.572	1.629	0.000
747	-18.571	1.629	0.000
784	-18.571	1.629	0.000
796	-18.570	1.629	0.000
722	-18.558	1.629	0.000
724	-18.557	1.629	0.000
684	-18.489	1.629	0.000
686	-18.482	1.629	0.000
689	-18.482	1.629	0.000
690	-18.482	1.629	0.000
693	-18.482	1.629	0.000
947	-18.405	3.010	0.000
861	-18.404	3.010	0.000
923	-17.811	2.244	0.000
866	-17.652	2.238	0.000
867	-17.652	2.238	0.000
767	-17.651	2.238	0.000
885	-17.651	2.238	0.000
902	-17.650	2.238	0.000
928	-17.650	2.238	0.000
862	-17.650	2.238	0.000
932	-17.650	2.238	0.000
912	-17.649	2.238	0.000
713	-17.271	0.116	0.000
716	-17.264	0.116	0.000
711	-17.201	0.115	0.000
758	-16.315	1.308	0.000
718	-16.267	1.311	0.000
745	-16.126	1.307	17.346
736	-15.799	1.306	6.053
922	-15.798	1.306	6.053
910	-15.560	3.708	6.053
865	-15.518	3.707	6.053
879	-15.518	3.707	6.053
766	-15.518	3.707	6.052
726	-15.505	3.707	6.055
894	-15.384	3.713	6.054
1126	-15.188	0.128	17.340
920	-15.106	3.706	6.053
1137	-14.817	1.629	6.053
1166	-14.752	1.626	6.053
708	-14.361	3.463	12.137
833	-8.916	3.289	17.345
835	-8.916	3.289	17.345
944	-8.916	3.289	17.341
899	-8.916	3.289	17.341
896	-8.905	3.285	17.346
841	-8.905	3.285	17.346
868	-8.807	3.283	17.344
890	-8.806	3.283	17.344
918	-8.806	3.283	17.344
733	-8.612	3.263	6.053
1020	-8.085	3.335	6.053
1021	-8.085	3.335	6.053
1033	-8.085	3.335	6.053
1035	-8.085	3.335	6.052
1094	-8.059	3.324	6.053
1091	-8.059	3.324	6.055
1066	-8.057	3.325	6.054
1011	-7.678	3.403	5.085
886	-7.669	3.285	5.086
935	-7.668	3.095	5.085
892	-7.668	3.232	5.441
930	-7.667	3.245	5.441
1071	-7.666	3.214	5.436
915	-7.666	3.223	1.185
852	-7.663	3.184	2.676
1027	-7.642	3.094	2.335
870	-7.511	3.873	2.908
812	-7.511	3.873	4.423
832	-7.511	3.873	2.850
834	-7.511	3.873	2.857
864	-7.511	3.873	4.958
906	-7.511	3.873	4.955
933	-7.511	3.873	4.478
914	-7.477	3.890	5.414
916	-7.465	3.762	3.343
891	-7.226	3.843	0.024
1014	-7.090	3.377	0.039
1083	-7.089	3.375	0.038
1081	-7.088	3.375	0.038
1074	-7.086	3.375	0.036
971	-7.086	3.375	0.029
1124	-7.085	3.375	0.000
1130	-7.085	3.375	0.000
1134	-7.085	3.375	0.002
753	-7.085	3.375	0.166
1089	-7.084	3.375	0.055
1131	-7.084	3.375	0.013
1113	-7.084	3.375	0.013
1114	-7.084	3.375	0.024
1138	-7.084	3.375	17.339
1078	-7.084	3.375	17.343
1079	-7.084	3.375	17.343
1095	-7.084	3.375	17.343
993	-7.083	3.375	17.343
1061	-7.083	3.375	17.343
1067	-7.083	3.375	17.343
1080	-7.082	3.378	17.346
1118	-7.074	3.374	17.343
1121	-7.074	3.374	17.345
1148	-7.074	3.374	17.346
1102	-7.072	3.373	17.341
1069	-7.002	3.481	17.344
1104	-6.998	3.480	17.344
1111	-6.998	3.479	17.344
1001	-6.997	3.479	17.344
1004	-6.997	3.479	6.058
1056	-6.997	3.479	6.060
1060	-6.997	3.479	6.060
1006	-6.995	3.478	6.060
1025	-6.995	3.478	6.060
757	-6.955	3.348	6.052
1005	-6.599	2.997	6.052
1029	-6.340	3.395	21.622
1051	-6.320	3.392	21.564
1052	-6.320	3.392	21.564
1065	-6.320	3.392	21.564
1087	-6.320	3.392	21.564
382	-5.844	3.805	6.355
792	-4.838	3.319	1.106
908	-4.837	3.319	1.120
