1049	-14.527	0.000	6.739
1109	-14.498	0.003	6.743
1053	-14.497	0.003	6.737
1136	-14.497	0.002	6.736
1141	-14.497	0.002	17.338
1155	-14.496	0.002	6.464
673	-14.484	0.022	10.195
674	-14.484	0.022	10.217
667	-14.479	0.022	10.189
646	-14.478	0.022	21.713
624	-14.474	0.022	21.713
576	-14.470	0.022	21.713
637	-14.462	0.022	21.713
514	-14.449	0.023	21.622
500	-14.440	0.023	0.577
1002	-14.369	0.018	21.564
580	-14.134	0.027	0.937
595	-14.132	0.027	0.939
491	-14.111	0.028	5.084
550	-13.906	1.613	1.565
553	-13.905	1.613	5.084
554	-13.905	1.613	5.084
542	-13.904	1.613	5.084
543	-13.904	1.613	5.086
570	-13.903	1.613	5.086
666	-13.903	1.613	5.087
547	-13.903	1.613	5.085
561	-13.903	1.613	5.083
568	-13.903	1.613	5.441
569	-13.903	1.613	5.441
627	-13.902	1.613	1.189
629	-13.902	1.613	1.772
618	-13.901	1.613	2.675
619	-13.901	1.613	2.679
589	-13.899	1.613	2.861
590	-13.899	1.613	4.952
591	-13.899	1.613	4.952
592	-13.899	1.613	4.951
593	-13.899	1.613	2.316
574	-13.899	1.613	3.358
577	-13.899	1.614	3.428
579	-13.899	1.613	3.426
599	-13.898	1.614	3.426
600	-13.898	1.614	2.903
601	-13.898	1.614	2.905
605	-13.898	1.614	3.411
606	-13.898	1.613	4.952
607	-13.898	1.613	2.908
613	-13.898	1.613	4.951
585	-13.898	1.613	2.856
655	-13.897	1.614	2.908
632	-13.896	1.614	4.424
633	-13.896	1.614	2.851
634	-13.896	1.614	4.437
635	-13.896	1.614	1.726
638	-13.894	1.614	2.914
411	-13.890	1.615	2.859
443	-13.886	1.615	4.955
444	-13.886	1.615	2.845
530	-13.885	1.615	2.846
1075	-13.850	1.591	2.712
669	-13.764	1.101	2.713
563	-13.763	1.101	5.415
575	-13.757	1.101	5.414
557	-13.731	0.522	2.588
549	-13.731	1.620	4.396
672	-13.730	0.521	6.356
1086	-13.728	0.456	2.230
1088	-13.728	0.456	3.343
1092	-13.728	0.456	3.345
620	-13.728	1.620	6.356
663	-13.728	1.620	6.356
998	-13.727	0.456	3.372
1048	-13.727	0.456	2.094
562	-13.727	1.620	2.226
625	-13.727	1.620	5.035
972	-13.726	0.456	2.110
978	-13.726	0.456	6.928
983	-13.726	0.456	3.323
1039	-13.726	0.457	3.186
678	-13.726	1.620	5.323
604	-13.723	1.620	6.379
414	-13.717	1.621	6.355
454	-13.717	1.621	6.354
455	-13.717	1.621	0.042
527	-13.715	1.621	0.039
439	-13.712	1.621	0.037
473	-13.712	1.621	0.038
474	-13.712	1.621	0.002
512	-13.711	1.621	0.000
413	-13.709	0.522	0.001
486	-13.709	0.522	0.002
408	-13.708	0.523	0.166
495	-13.703	0.524	0.166
496	-13.703	0.524	0.013
1055	-13.699	0.482	0.013
1093	-13.672	1.598	0.036
997	-13.671	1.599	0.017
999	-13.671	1.599	17.340
1045	-13.671	1.599	17.343
994	-13.671	1.599	17.343
1123	-13.652	1.600	17.343
1135	-13.652	1.600	17.343
1064	-13.651	1.600	17.343
535	-13.596	1.631	17.345
1050	-13.521	0.535	17.341
388	-13.488	1.641	17.346
475	-13.486	1.104	17.344
451	-13.456	1.631	17.344
524	-13.453	1.631	6.059
548	-13.390	0.583	6.060
466	-13.368	0.583	6.053
460	-13.367	0.583	6.053
484	-13.366	0.583	6.053
441	-13.366	0.583	6.052
409	-13.365	0.583	6.052
410	-13.365	0.583	6.055
525	-13.365	0.583	17.340
526	-13.365	0.583	6.053
422	-13.364	0.583	6.053
1101	-13.285	1.489	6.053
405	-13.223	1.651	6.737
406	-13.223	1.651	6.736
546	-13.069	1.640	17.338
616	-13.068	1.640	6.464
478	-13.054	1.642	10.217
662	-12.920	0.632	0.580
531	-12.899	0.632	21.564
534	-12.899	0.632	21.564
368	-12.831	1.662	15.099
378	-12.831	1.662	12.166
402	-12.825	1.662	1.120
537	-12.666	0.667	0.904
379	-12.565	0.628	0.938
612	-11.429	1.591	0.025
544	-11.355	1.587	17.343
493	-11.124	1.641	6.060
1007	-11.097	1.585	6.052
555	-11.066	1.669	6.052
1076	-11.060	1.207	6.053
429	-10.822	1.546	5.441
654	-10.803	1.604	3.411
1008	-10.787	1.203	4.951
652	-10.786	1.550	2.856
584	-10.738	1.549	2.914
609	-10.738	1.549	2.859
610	-10.738	1.549	4.955
603	-10.737	1.549	2.845
611	-10.724	1.604	3.336
1085	-10.722	1.661	6.356
622	-10.710	1.547	3.359
623	-10.710	1.547	3.344
517	-10.695	1.547	6.356
615	-10.680	1.603	6.356
642	-10.679	1.603	3.372
223	-10.568	3.971	17.343
334	-10.397	1.750	17.346
260	-10.373	1.752	17.341
995	-10.243	1.587	6.053
653	-9.992	2.325	21.713
617	-9.760	3.214	12.138
551	-9.759	3.214	12.100
347	-9.755	1.136	1.106
138	-9.668	3.223	12.150
217	-9.591	3.222	0.937
266	-9.579	3.222	5.084
289	-9.579	3.222	5.084
145	-9.578	3.222	5.084
243	-9.570	3.224	5.084
440	-9.103	2.265	3.398
504	-9.102	2.265	6.927
369	-8.855	2.266	17.346
385	-8.851	2.266	17.344
529	-8.741	2.296	6.054
395	-8.717	2.220	0.059
370	-8.596	2.293	6.053
375	-8.596	2.293	6.053
376	-8.596	2.293	6.053
560	-7.852	2.569	6.053
564	-7.852	2.569	6.053
540	-7.852	2.568	6.053
418	-7.851	2.569	6.053
456	-7.851	2.569	6.053
506	-7.851	2.569	6.053
643	-7.851	2.568	6.054
588	-7.847	2.567	6.739
481	-7.846	2.568	6.739
482	-7.846	2.568	6.743
598	-7.846	2.567	6.743
448	-7.842	2.567	18.819
449	-7.842	2.567	6.468
1107	-7.820	2.574	10.195
1163	-7.817	2.574	0.487
670	-7.757	2.566	21.713
469	-7.754	2.573	0.551
412	-7.753	2.567	21.622
457	-7.753	2.567	21.564
567	-7.752	2.572	21.564
679	-7.745	2.571	21.564
680	-7.745	2.571	21.564
682	-7.745	2.571	0.573
683	-7.745	2.571	12.137
644	-7.742	2.570	11.918
645	-7.742	2.570	1.106
494	-7.740	2.570	1.121
587	-7.738	2.570	12.147
503	-7.734	2.570	12.150
664	-7.730	2.573	12.150
665	-7.730	2.573	12.150
425	-7.727	2.573	0.937
458	-7.727	2.573	0.974
461	-7.727	2.573	5.084
404	-7.680	2.563	5.085
1062	-7.665	2.574	1.770
366	-7.654	2.570	2.856
367	-7.654	2.570	4.952
380	-7.654	2.570	4.952
381	-7.654	2.570	4.950
391	-7.653	2.570	1.339
403	-7.652	2.570	3.358
1115	-7.626	2.574	3.426
1144	-7.526	2.581	2.902
660	-7.520	2.589	4.950
452	-7.515	2.589	2.856
459	-7.515	2.589	2.856
483	-7.515	2.589	4.951
485	-7.496	2.573	2.306
1142	-7.479	2.583	2.302
435	-6.730	3.043	6.053
384	-6.662	2.805	6.053
508	-6.519	2.958	6.053
523	-6.513	2.958	6.053
533	-6.492	2.771	6.053
396	-6.481	2.961	6.739
398	-6.481	2.961	6.739
371	-6.481	2.962	6.739
373	-6.481	2.962	6.743
650	-6.453	2.763	6.737
399	-6.437	2.774	18.819
442	-6.388	2.922	21.713
446	-6.387	2.920	21.713
377	-6.284	3.007	11.919
386	-6.284	3.007	1.106
407	-6.206	2.996	12.147
528	-6.196	2.673	12.150
532	-6.196	2.673	12.150
509	-6.165	3.033	12.150
621	-6.138	2.668	1.606
436	-6.104	2.987	12.109
453	-6.104	2.987	12.109
468	-6.104	2.987	12.109
374	-6.092	3.031	0.935
387	-6.078	3.030	0.986
1168	-5.975	2.919	5.084
647	-5.932	2.165	5.086
586	-5.930	2.165	5.441
552	-5.930	2.166	5.441
463	-5.925	2.165	5.435
465	-5.923	2.166	1.186
515	-5.923	2.166	1.770
518	-5.923	2.166	2.676
520	-5.923	2.166	2.855
522	-5.923	2.166	4.952
421	-5.921	2.167	4.952
390	-5.916	3.031	4.950
558	-5.875	2.278	3.426
668	-5.875	2.278	2.903
648	-5.873	2.278	2.902
649	-5.873	2.278	1.701
507	-5.872	2.279	2.910
596	-5.871	2.278	3.461
608	-5.871	2.278	2.856
582	-5.871	2.278	2.855
602	-5.871	2.278	1.706
513	-5.868	2.279	2.908
501	-5.865	2.279	4.424
538	-5.863	2.281	2.850
640	-5.855	2.159	2.314
614	-5.854	2.159	2.720
479	-5.853	2.152	5.415
467	-5.847	2.160	2.581
572	-5.555	3.014	0.024
492	-5.400	1.985	0.038
962	-5.332	3.954	0.038
156	-5.277	3.947	0.000
253	-5.184	3.853	17.343
263	-5.184	3.853	17.343
277	-5.184	3.853	17.343
355	-5.180	3.852	17.343
190	-5.172	3.846	17.346
191	-5.172	3.847	17.339
970	-5.113	3.832	17.344
639	-5.009	3.817	6.053
233	-5.008	3.822	6.053
335	-5.007	3.822	6.053
565	-4.980	3.980	6.055
341	-4.973	3.558	6.054
969	-4.971	3.594	6.053
578	-4.965	3.523	6.053
597	-4.908	3.263	21.713
309	-4.879	3.478	21.564
1100	-4.739	3.476	0.937
1019	-4.512	2.569	1.342
1038	-4.450	2.572	1.461
