188	-16.072	0.000	17.344
242	-15.049	3.891	6.053
101	-15.048	0.995	6.053
142	-14.860	0.997	6.053
357	-14.840	3.890	6.053
79	-14.395	0.153	21.564
75	-14.394	0.153	21.564
90	-14.389	0.154	21.564
249	-14.342	3.855	15.099
278	-14.342	3.855	12.166
124	-14.341	3.855	1.120
140	-14.333	3.855	0.678
141	-14.333	3.855	12.150
176	-14.331	3.855	12.150
212	-14.328	3.854	12.150
119	-14.321	3.854	12.150
120	-14.321	3.854	1.611
123	-14.160	0.151	12.109
148	-14.160	0.151	12.109
173	-13.854	3.464	1.668
77	-13.727	1.426	5.034
34	-13.724	1.426	6.382
164	-13.536	1.425	17.345
172	-13.535	1.425	17.345
296	-13.499	3.468	17.341
297	-13.499	3.468	17.346
318	-13.306	3.467	6.053
105	-13.272	3.988	6.053
74	-12.994	1.109	10.189
88	-12.992	1.110	21.713
33	-12.990	1.110	21.713
14	-12.948	1.063	21.713
22	-12.825	1.115	0.675
161	-12.503	3.959	1.776
175	-12.497	3.960	4.951
116	-12.484	3.959	3.358
99	-12.467	3.957	3.426
46	-11.388	1.863	17.340
25	-11.287	1.866	17.343
85	-11.185	0.283	17.344
20	-11.152	0.965	17.344
21	-11.152	0.965	6.059
47	-11.002	3.691	18.820
316	-10.937	0.272	21.564
261	-10.805	3.562	2.903
230	-10.804	3.562	2.903
353	-10.643	3.224	0.013
128	-10.406	1.190	17.343
132	-10.406	1.190	17.345
63	-10.390	1.190	17.343
98	-10.388	1.190	17.345
351	-10.388	1.190	17.345
352	-10.388	1.190	17.341
362	-9.660	1.884	12.110
344	-9.657	1.883	12.109
19	-9.530	1.540	5.440
84	-9.524	1.541	5.434
93	-9.523	1.541	4.931
118	-9.489	1.883	1.770
73	-7.524	2.221	4.955
76	-7.524	2.221	2.905
208	-7.504	2.191	2.844
125	-7.501	2.202	2.845
94	-7.437	2.185	6.355
420	-7.271	3.954	6.309
498	-7.255	3.956	6.384
505	-7.243	3.955	6.382
480	-7.242	3.955	6.356
539	-7.240	3.955	6.355
1329	-6.941	3.696	6.059
510	-6.887	3.684	0.059
394	-6.886	3.678	6.052
100	-6.609	3.649	6.052
1344	-5.580	1.876	6.355
1371	-5.298	3.200	0.037
1372	-5.298	3.200	0.029
1322	-5.295	3.198	0.000
1391	-5.189	3.320	17.343
144	-5.127	1.868	17.341
1339	-5.122	3.292	17.341
1341	-5.122	3.292	17.346
1346	-5.122	3.292	17.346
1320	-5.097	3.301	17.344
1409	-5.093	3.306	6.060
1414	-5.093	3.305	6.060
1415	-5.093	3.305	6.060
1383	-5.091	3.307	6.060
1390	-5.091	3.307	6.060
150	-5.030	2.266	6.053
1363	-4.902	2.958	21.713
1357	-4.900	2.955	21.622
