1036	-4.790	0.000	1.616
1037	-4.790	0.000	1.617
1038	-4.790	0.000	0.516
1039	-4.790	0.000	11.583
1040	-4.790	0.000	11.583
1042	-4.790	0.000	6.782
1043	-4.790	0.000	0.576
1082	-4.790	0.001	6.499
1085	-4.790	0.000	9.174
1086	-4.790	0.001	11.060
1087	-4.790	0.000	11.061
1089	-4.790	0.000	7.302
1092	-4.790	0.000	8.752
1093	-4.790	0.001	11.997
1094	-4.790	0.000	11.997
1095	-4.790	0.000	14.206
1096	-4.790	0.001	10.449
1097	-4.790	0.000	7.617
1098	-4.790	0.001	1.586
1099	-4.790	0.000	14.257
1100	-4.790	0.000	1.638
1101	-4.790	0.000	10.561
1102	-4.790	0.000	12.477
1103	-4.790	0.000	12.270
1104	-4.790	0.000	3.995
1105	-4.790	0.000	5.591
1106	-4.790	0.000	5.590
1107	-4.790	0.000	4.046
1108	-4.790	0.000	8.225
1109	-4.790	0.000	4.033
1110	-4.790	0.000	6.340
1111	-4.790	0.000	4.039
1112	-4.790	0.000	4.038
1113	-4.790	0.000	7.927
1114	-4.790	0.001	9.028
1115	-4.790	0.000	7.402
1116	-4.790	0.000	7.402
1243	-4.787	0.002	7.403
1323	-4.787	0.002	7.406
1324	-4.787	0.002	2.311
1041	-4.775	0.005	2.574
1068	-4.775	0.005	2.580
1080	-4.775	0.005	16.163
1117	-4.775	0.005	4.430
1118	-4.775	0.005	2.587
1121	-4.775	0.005	7.748
1122	-4.775	0.005	7.059
1123	-4.775	0.005	7.585
1124	-4.775	0.005	4.252
1125	-4.775	0.005	4.252
1151	-4.775	0.005	4.257
1152	-4.775	0.005	4.933
1153	-4.775	0.005	3.051
1198	-4.775	0.005	6.694
1199	-4.775	0.005	2.969
1200	-4.775	0.005	2.930
1201	-4.775	0.005	3.014
1203	-4.775	0.005	3.041
1204	-4.775	0.005	2.161
1205	-4.775	0.005	12.602
1206	-4.775	0.005	2.274
1207	-4.775	0.005	2.155
1208	-4.775	0.005	4.685
1209	-4.775	0.005	5.781
1210	-4.775	0.005	3.939
1211	-4.775	0.005	3.844
1212	-4.775	0.005	7.337
1213	-4.775	0.005	7.327
1214	-4.775	0.005	3.809
1215	-4.775	0.005	5.184
1216	-4.775	0.005	5.588
1217	-4.775	0.005	3.471
1218	-4.775	0.005	7.958
1219	-4.775	0.005	9.803
1220	-4.775	0.005	10.217
1221	-4.775	0.005	8.387
1222	-4.775	0.005	9.097
1223	-4.775	0.005	6.936
1224	-4.775	0.005	10.116
1227	-4.775	0.005	6.295
1228	-4.775	0.005	6.295
1229	-4.775	0.005	6.295
1230	-4.775	0.005	6.304
1231	-4.772	0.007	6.305
1232	-4.772	0.007	6.305
1233	-4.772	0.007	6.392
1254	-4.771	0.007	8.306
1255	-4.771	0.007	8.306
1256	-4.771	0.007	8.306
1257	-4.771	0.007	6.392
1258	-4.771	0.007	6.392
1259	-4.771	0.007	8.072
1262	-4.771	0.007	8.072
1263	-4.771	0.007	6.393
1265	-4.771	0.007	6.383
1266	-4.771	0.007	6.383
1267	-4.771	0.007	7.283
1269	-4.771	0.007	6.396
1270	-4.771	0.007	6.397
1276	-4.771	0.007	6.397
1278	-4.771	0.007	6.348
1285	-4.771	0.007	6.627
1286	-4.771	0.007	6.626
1287	-4.771	0.007	6.627
1289	-4.771	0.007	6.622
1292	-4.771	0.007	9.375
1294	-4.771	0.007	0.022
1297	-4.771	0.007	0.000
1298	-4.771	0.007	9.411
1299	-4.771	0.007	0.013
1301	-4.771	0.007	1.610
1303	-4.771	0.007	1.610
1304	-4.771	0.007	1.610
1305	-4.771	0.007	1.105
1306	-4.771	0.007	0.449
1308	-4.771	0.007	1.616
1310	-4.771	0.007	0.515
1315	-4.771	0.007	1.596
1317	-4.771	0.007	11.583
1383	-4.771	0.007	6.782
1384	-4.771	0.007	0.576
1385	-4.771	0.007	6.778
1386	-4.771	0.007	6.769
1387	-4.771	0.007	6.534
1388	-4.771	0.007	10.024
1389	-4.771	0.007	7.303
1045	-4.753	0.013	16.163
1046	-4.753	0.013	4.365
1065	-4.753	0.013	7.076
1066	-4.753	0.013	7.748
1071	-4.753	0.013	7.751
1072	-4.753	0.013	7.170
1073	-4.753	0.013	6.861
1074	-4.753	0.013	4.253
1075	-4.753	0.013	4.259
1076	-4.753	0.013	4.931
1077	-4.753	0.013	6.787
1126	-4.753	0.013	15.735
1133	-4.753	0.013	10.729
1138	-4.753	0.013	10.738
1139	-4.753	0.013	6.678
1141	-4.753	0.013	2.998
1142	-4.753	0.013	12.604
1143	-4.753	0.013	3.041
1144	-4.753	0.013	2.274
1145	-4.753	0.013	5.692
1146	-4.753	0.013	5.691
1147	-4.753	0.013	5.781
1148	-4.753	0.013	7.420
1149	-4.753	0.013	7.326
1150	-4.753	0.013	7.337
1168	-4.753	0.013	7.327
1169	-4.753	0.013	3.804
1170	-4.753	0.013	5.254
1171	-4.753	0.013	5.184
1172	-4.753	0.013	7.627
1174	-4.753	0.013	7.960
1175	-4.753	0.013	9.803
1177	-4.753	0.013	5.999
1178	-4.753	0.013	5.424
1179	-4.753	0.013	9.097
1180	-4.753	0.013	6.936
1181	-4.753	0.013	5.455
1182	-4.753	0.013	6.295
1184	-4.753	0.013	6.295
1035	-4.752	0.013	6.295
606	-4.750	0.014	6.304
607	-4.750	0.014	6.303
608	-4.750	0.014	6.304
609	-4.750	0.014	8.079
610	-4.750	0.014	8.305
611	-4.750	0.014	8.305
612	-4.750	0.014	8.305
613	-4.750	0.014	6.391
614	-4.750	0.014	6.392
615	-4.750	0.014	8.072
616	-4.750	0.014	8.072
498	-4.749	0.015	6.392
1078	-4.733	0.997	8.071
1081	-4.733	0.997	6.383
1083	-4.733	0.997	7.283
1084	-4.733	0.997	6.398
1088	-4.733	0.997	6.398
1090	-4.733	0.997	6.396
1091	-4.733	0.997	6.627
1027	-4.723	0.998	6.782
1028	-4.723	0.998	0.576
1029	-4.723	0.998	6.500
1030	-4.723	0.998	6.536
1031	-4.723	0.998	1.657
1032	-4.723	0.998	6.498
1033	-4.723	0.998	7.302
1034	-4.723	0.998	10.021
1079	-4.723	0.998	10.001
1202	-4.723	0.998	11.998
1239	-4.719	0.999	7.736
1240	-4.719	0.999	9.216
1241	-4.719	0.999	10.405
1242	-4.719	0.999	8.381
1271	-4.719	0.999	7.102
1272	-4.719	0.999	6.029
1273	-4.719	0.999	6.029
1319	-4.719	0.999	6.020
1320	-4.719	0.999	6.019
1173	-4.708	0.999	6.019
1176	-4.708	0.999	6.008
1183	-4.708	0.999	5.997
1048	-4.707	1.000	2.308
1051	-4.707	1.000	4.204
1055	-4.707	1.000	2.575
1057	-4.707	0.999	2.582
1061	-4.707	1.000	2.579
1069	-4.707	1.000	16.166
1070	-4.707	0.999	4.082
1127	-4.707	0.999	2.577
1128	-4.707	0.999	2.596
1129	-4.707	1.000	8.955
1130	-4.707	1.000	6.913
1131	-4.707	1.000	7.588
1132	-4.707	0.999	4.251
1134	-4.707	1.000	4.253
1135	-4.707	0.999	11.492
1136	-4.707	0.999	4.933
1137	-4.707	0.999	15.729
1140	-4.707	0.999	2.966
1047	-4.707	1.000	7.773
1049	-4.707	1.000	6.675
1050	-4.707	1.000	3.007
1052	-4.707	1.000	9.628
1053	-4.707	1.000	2.162
1054	-4.707	1.000	2.274
1056	-4.707	0.999	2.276
1058	-4.707	0.999	2.149
1059	-4.707	1.000	12.174
1060	-4.707	1.000	8.740
1062	-4.707	1.000	9.722
1063	-4.707	1.000	3.837
1064	-4.707	1.000	7.330
1067	-4.707	1.000	4.879
1234	-4.704	1.000	3.974
1235	-4.704	1.000	5.179
1236	-4.704	1.000	9.823
1237	-4.704	1.000	4.924
1238	-4.704	1.000	7.996
1382	-4.704	1.000	9.804
1120	-4.274	1.375	3.744
1119	-4.274	1.375	4.667
1252	-4.271	1.375	3.758
1253	-4.271	1.375	0.934
1260	-4.271	1.375	5.506
1261	-4.271	1.375	8.736
1264	-4.271	1.375	14.291
1268	-4.271	1.375	12.643
1274	-4.271	1.375	8.736
1275	-4.271	1.375	8.736
1277	-4.271	1.375	8.736
1279	-4.271	1.375	8.737
1280	-4.271	1.375	8.454
1281	-4.271	1.375	8.454
1282	-4.271	1.375	8.738
1283	-4.271	1.375	8.720
1284	-4.271	1.375	8.401
1288	-4.271	1.375	7.757
1290	-4.271	1.375	7.757
1291	-4.271	1.375	4.812
1293	-4.271	1.375	4.813
1295	-4.271	1.375	14.330
1296	-4.271	1.375	14.311
1300	-4.271	1.375	1.487
1302	-4.271	1.374	4.266
1307	-4.271	1.375	1.513
1309	-4.271	1.375	1.494
1311	-4.271	1.375	4.126
1312	-4.271	1.374	6.327
1313	-4.271	1.375	8.641
1314	-4.271	1.375	9.042
1316	-4.271	1.375	6.435
1318	-4.271	1.374	14.172
1321	-4.271	1.374	6.496
1322	-4.271	1.375	6.408
1390	-4.271	1.375	6.868
1391	-4.271	1.374	10.742
1392	-4.271	1.375	6.921
1393	-4.271	1.375	8.574
1394	-4.271	1.374	10.797
1244	-4.263	1.067	10.796
1245	-4.263	1.067	10.649
1246	-4.263	1.067	8.204
1247	-4.263	1.067	8.206
1248	-4.263	1.067	10.786
1249	-4.263	1.067	4.675
1250	-4.263	1.067	6.872
1251	-4.263	1.067	8.713
1185	-4.195	0.131	9.117
1186	-4.195	0.131	9.117
1187	-4.195	0.131	9.117
1192	-4.195	0.131	9.120
1225	-4.195	0.131	10.608
1226	-4.195	0.131	13.816
1325	-4.191	0.131	9.756
1326	-4.191	0.131	13.926
1327	-4.191	0.131	9.538
1328	-4.191	0.131	8.913
1329	-4.191	0.131	8.914
1330	-4.191	0.131	8.908
1331	-4.191	0.131	8.907
1332	-4.191	0.131	8.907
1333	-4.191	0.131	8.903
1334	-4.191	0.131	4.820
1335	-4.191	0.131	8.969
1336	-4.191	0.131	5.011
1337	-4.191	0.131	8.678
1338	-4.191	0.131	8.211
1339	-4.191	0.131	8.690
1340	-4.191	0.131	8.217
1341	-4.191	0.131	4.943
1342	-4.191	0.131	8.665
1343	-4.191	0.131	8.200
1344	-4.191	0.131	13.871
1345	-4.191	0.131	11.270
1346	-4.191	0.131	11.306
1347	-4.191	0.131	5.226
1348	-4.191	0.131	5.225
1349	-4.191	0.131	3.583
1350	-4.191	0.131	4.887
1351	-4.191	0.131	7.780
1352	-4.191	0.131	8.715
1353	-4.191	0.131	8.714
1354	-4.191	0.131	5.209
1355	-4.191	0.131	9.180
1356	-4.191	0.131	8.761
1357	-4.191	0.131	8.835
1358	-4.191	0.131	8.938
1359	-4.191	0.131	8.209
1360	-4.191	0.131	8.813
1361	-4.191	0.131	5.279
1362	-4.191	0.131	8.494
1363	-4.191	0.131	14.270
1364	-4.191	0.131	9.032
1365	-4.191	0.131	10.808
1366	-4.191	0.131	5.443
1367	-4.191	0.131	9.906
1368	-4.191	0.131	10.327
1369	-4.191	0.131	14.365
1370	-4.191	0.131	8.710
1371	-4.191	0.131	10.235
1372	-4.191	0.131	14.340
1373	-4.191	0.131	6.894
1374	-4.191	0.131	12.398
1375	-4.191	0.131	12.385
1376	-4.191	0.131	12.386
1377	-4.191	0.131	12.485
1378	-4.191	0.131	11.958
1379	-4.191	0.131	11.957
1380	-4.191	0.131	11.956
1381	-4.191	0.131	11.969
1154	-3.931	1.529	13.943
1155	-3.931	1.529	8.223
1156	-3.931	1.529	8.223
1157	-3.931	1.529	11.985
1158	-3.931	1.529	9.970
1159	-3.931	1.529	9.969
1160	-3.931	1.529	12.395
1161	-3.931	1.529	9.953
1162	-3.931	1.529	12.754
1163	-3.931	1.529	11.999
1164	-3.931	1.529	9.415
1165	-3.931	1.529	3.784
1166	-3.931	1.529	0.002
1167	-3.931	1.529	8.954
1188	-3.931	1.533	8.954
1189	-3.931	1.533	8.954
1190	-3.931	1.533	8.954
1191	-3.931	1.533	8.954
1193	-3.931	1.533	3.700
1194	-3.931	1.533	8.952
1195	-3.931	1.533	8.974
1196	-3.931	1.533	3.700
1197	-3.931	1.533	8.947
