1685	-5.250	0.000	5.178
1686	-5.250	0.000	5.580
1687	-5.250	0.000	5.584
1688	-5.250	0.000	9.273
1689	-5.250	0.000	5.616
1690	-5.250	0.000	9.803
1691	-5.250	0.000	5.315
1692	-5.250	0.000	6.924
1693	-5.250	0.000	5.458
1694	-5.250	0.000	5.450
1695	-5.250	0.000	6.294
1696	-5.250	0.000	6.296
1698	-5.250	0.000	6.295
1701	-5.250	0.000	6.304
1702	-5.250	0.000	6.304
1703	-5.250	0.000	6.304
1704	-5.250	0.000	8.310
1705	-5.250	0.000	8.306
1706	-5.250	0.000	8.306
1707	-5.250	0.000	8.306
1708	-5.250	0.000	8.306
1709	-5.250	0.000	6.393
1710	-5.250	0.000	8.072
1711	-5.250	0.000	8.072
1712	-5.250	0.000	8.072
1713	-5.250	0.000	8.072
1714	-5.250	0.000	6.383
1715	-5.250	0.000	6.396
1716	-5.250	0.000	6.399
1717	-5.250	0.000	6.397
1718	-5.250	0.000	6.399
1719	-5.250	0.000	6.350
1720	-5.250	0.000	6.691
1721	-5.250	0.000	6.626
1722	-5.250	0.000	6.472
1723	-5.250	0.000	6.623
1724	-5.250	0.000	8.822
1725	-5.250	0.000	6.485
1726	-5.250	0.000	0.001
1727	-5.250	0.000	9.106
1728	-5.250	0.000	9.410
1729	-5.250	0.000	1.609
1730	-5.250	0.000	1.609
1731	-5.250	0.000	1.609
1732	-5.250	0.000	1.611
1733	-5.250	0.000	0.449
1734	-5.250	0.000	0.450
1735	-5.250	0.000	1.617
1736	-5.250	0.000	1.595
1748	-5.250	0.000	0.529
1749	-5.250	0.000	6.783
1750	-5.250	0.000	6.782
1751	-5.250	0.000	6.500
1752	-5.250	0.000	6.499
1753	-5.250	0.000	9.205
1754	-5.250	0.000	9.170
1755	-5.250	0.000	9.995
1756	-5.250	0.000	6.498
1757	-5.250	0.000	10.021
1758	-5.250	0.000	10.001
1759	-5.250	0.000	11.998
1760	-5.250	0.000	14.158
1761	-5.250	0.000	5.617
1787	-5.250	0.000	7.617
1788	-5.250	0.000	14.265
1789	-5.250	0.000	8.936
1790	-5.250	0.000	14.328
1791	-5.250	0.000	14.248
1792	-5.250	0.000	10.563
1793	-5.250	0.000	3.997
1794	-5.250	0.000	14.569
1795	-5.250	0.000	5.591
1821	-5.250	0.000	4.046
1822	-5.250	0.000	4.045
1823	-5.250	0.000	7.766
1824	-5.250	0.000	1.553
1825	-5.250	0.000	1.552
1826	-5.250	0.000	4.039
1827	-5.250	0.000	12.495
1828	-5.250	0.000	6.341
1829	-5.250	0.000	1.747
1830	-5.250	0.000	7.402
1831	-5.250	0.000	7.403
1832	-5.250	0.000	7.403
1833	-5.250	0.000	7.406
1834	-5.250	0.000	7.734
1835	-5.250	0.000	10.502
1836	-5.250	0.000	3.209
1841	-5.250	0.000	8.381
1843	-5.250	0.000	7.102
1844	-5.250	0.000	6.030
1767	-5.229	0.007	6.029
1768	-5.229	0.007	6.020
1769	-5.229	0.007	6.020
1770	-5.229	0.007	6.020
1771	-5.229	0.007	6.008
1772	-5.229	0.007	6.447
1773	-5.229	0.007	2.231
1774	-5.229	0.007	4.205
1775	-5.229	0.007	2.575
1776	-5.229	0.007	16.160
1777	-5.229	0.007	2.579
1778	-5.229	0.007	16.166
1779	-5.229	0.007	4.266
1780	-5.229	0.007	2.577
1786	-5.229	0.007	2.595
1798	-4.754	2.718	14.573
1800	-4.754	2.718	14.627
1799	-4.754	2.719	4.046
1811	-4.754	2.718	6.345
1812	-4.754	2.718	4.034
1814	-4.754	2.719	4.039
1816	-4.754	2.719	4.039
1697	-4.754	2.718	4.038
1699	-4.754	2.718	9.724
1700	-4.754	2.719	9.027
1796	-4.754	2.718	7.402
1797	-4.754	2.719	7.402
1801	-4.754	2.719	7.403
1802	-4.754	2.718	7.402
1803	-4.754	2.718	7.409
1804	-4.754	2.718	10.503
1805	-4.754	2.718	8.396
1806	-4.754	2.718	7.745
1807	-4.754	2.718	10.587
1808	-4.754	2.718	7.102
1809	-4.754	2.719	7.063
1810	-4.754	2.718	6.029
1813	-4.754	2.718	6.020
1815	-4.754	2.719	6.020
1817	-4.754	2.719	7.390
1818	-4.754	2.719	6.436
1819	-4.754	2.718	15.415
1820	-4.754	2.718	14.911
1837	-4.754	2.718	2.576
1838	-4.754	2.718	2.575
1839	-4.754	2.718	2.581
1840	-4.754	2.718	2.578
962	-4.726	2.998	6.295
791	-4.725	2.990	0.001
792	-4.725	2.990	0.011
794	-4.725	2.990	9.107
826	-4.725	2.990	1.610
793	-4.725	2.989	1.610
642	-4.725	2.990	1.610
736	-4.725	2.990	1.611
737	-4.725	2.990	0.449
738	-4.725	2.990	0.450
745	-4.723	2.978	6.029
754	-4.723	2.978	6.029
1670	-4.723	2.978	6.019
585	-4.723	2.980	6.019
247	-4.723	2.978	6.019
739	-4.723	2.979	7.390
740	-4.723	2.979	6.447
741	-4.723	2.978	6.508
742	-4.723	2.979	4.204
743	-4.723	2.979	16.179
744	-4.723	2.978	16.158
746	-4.723	2.978	2.579
747	-4.723	2.979	16.165
748	-4.723	2.979	4.582
749	-4.723	2.978	2.577
750	-4.723	2.978	2.596
751	-4.723	2.979	2.581
752	-4.723	2.979	8.943
753	-4.723	2.978	6.860
755	-4.723	2.979	4.253
756	-4.723	2.979	4.253
757	-4.723	2.978	11.493
758	-4.723	2.979	4.936
759	-4.723	2.978	15.729
760	-4.723	2.979	10.730
761	-4.723	2.979	2.782
762	-4.723	2.979	4.405
763	-4.723	2.979	2.669
764	-4.723	2.979	12.168
765	-4.723	2.979	2.162
766	-4.723	2.979	2.274
767	-4.723	2.979	5.692
768	-4.723	2.979	5.690
769	-4.723	2.979	12.174
770	-4.723	2.978	4.210
771	-4.723	2.979	9.724
772	-4.723	2.979	6.448
773	-4.723	2.979	4.290
774	-4.723	2.979	4.786
775	-4.723	2.978	3.587
776	-4.723	2.979	5.581
777	-4.723	2.979	9.823
778	-4.723	2.979	6.531
779	-4.723	2.979	5.636
780	-4.723	2.978	9.803
985	-4.723	2.978	5.281
1640	-4.723	2.979	6.941
1641	-4.723	2.979	6.931
1642	-4.723	2.979	6.936
1643	-4.723	2.979	6.294
1644	-4.723	2.979	6.296
1645	-4.723	2.979	6.295
1646	-4.723	2.979	6.304
1647	-4.723	2.979	6.304
1648	-4.723	2.979	6.304
1649	-4.723	2.979	6.303
1650	-4.723	2.979	6.393
1651	-4.723	2.979	8.306
1652	-4.723	2.978	8.306
1653	-4.723	2.979	8.306
1654	-4.723	2.979	6.392
1655	-4.723	2.979	8.072
1656	-4.723	2.979	8.072
1657	-4.723	2.979	8.072
1658	-4.723	2.979	8.072
1659	-4.723	2.979	6.383
1660	-4.723	2.979	7.286
1661	-4.723	2.979	7.283
1662	-4.723	2.978	6.398
1663	-4.723	2.979	6.399
1664	-4.723	2.978	6.350
1665	-4.723	2.979	6.685
1666	-4.723	2.979	6.626
1667	-4.723	2.979	6.472
1668	-4.723	2.979	6.625
1669	-4.723	2.978	8.822
1671	-4.723	2.979	6.417
1672	-4.723	2.979	0.025
1673	-4.723	2.979	9.105
1674	-4.723	2.978	9.410
1675	-4.723	2.979	1.609
1676	-4.723	2.979	1.609
1677	-4.723	2.979	1.609
1678	-4.723	2.979	1.611
1679	-4.723	2.979	0.514
1680	-4.723	2.979	0.449
1681	-4.723	2.978	1.617
1682	-4.723	2.978	1.595
1683	-4.723	2.978	9.929
1684	-4.723	2.979	0.575
1737	-4.722	2.984	11.983
1738	-4.722	2.985	12.579
1739	-4.722	2.984	7.617
1740	-4.722	2.984	8.450
1741	-4.722	2.985	14.260
1742	-4.722	2.985	10.560
1743	-4.722	2.984	1.665
1744	-4.722	2.984	12.477
1745	-4.722	2.984	10.564
1746	-4.722	2.985	4.009
1747	-4.722	2.984	5.590
1762	-4.722	2.984	4.045
1763	-4.722	2.984	4.044
1764	-4.722	2.984	5.587
1765	-4.722	2.984	1.554
1766	-4.722	2.984	14.605
1781	-4.722	2.984	4.038
1782	-4.722	2.984	4.037
1783	-4.722	2.985	4.023
1784	-4.722	2.985	9.027
1785	-4.722	2.984	7.402
1842	-4.722	2.984	7.401
1845	-4.722	2.985	7.402
1846	-4.722	2.984	7.406
