1847	-5.518	0.000	7.283
1848	-5.518	0.000	6.398
1849	-5.518	0.000	6.398
1850	-5.518	0.000	6.397
1851	-5.518	0.000	6.349
1852	-5.518	0.000	6.628
1853	-5.518	0.000	6.626
1854	-5.518	0.000	9.053
1855	-5.518	0.000	6.623
1856	-5.518	0.000	8.833
1857	-5.518	0.000	6.484
1858	-5.518	0.000	0.001
1859	-5.518	0.000	8.736
1860	-5.518	0.000	9.108
1861	-5.518	0.000	1.610
1862	-5.518	0.000	1.610
1863	-5.518	0.000	1.610
1864	-5.518	0.000	1.611
1865	-5.518	0.000	0.449
1866	-5.518	0.000	0.451
1867	-5.518	0.000	1.617
1868	-5.518	0.000	1.595
1869	-5.518	0.000	9.758
1870	-5.518	0.000	6.783
1871	-5.518	0.000	6.782
1872	-5.518	0.000	6.500
1873	-5.518	0.000	1.647
1874	-5.518	0.000	0.626
1875	-5.518	0.000	11.057
1876	-5.518	0.000	7.302
1877	-5.518	0.000	6.498
1878	-5.518	0.000	7.299
1879	-5.518	0.000	10.001
1880	-5.518	0.000	11.998
1881	-5.518	0.000	14.158
1882	-5.518	0.000	5.617
1883	-5.518	0.000	7.616
1884	-5.518	0.000	12.469
1885	-5.518	0.000	9.232
1886	-5.518	0.000	3.996
1887	-5.518	0.000	14.248
1888	-5.518	0.000	10.563
1889	-5.518	0.000	14.328
1890	-5.518	0.000	18.207
1891	-5.518	0.000	14.573
1892	-5.518	0.000	4.046
1893	-5.518	0.000	6.345
1894	-5.518	0.000	1.555
1895	-5.518	0.000	4.039
1896	-5.518	0.000	1.552
1897	-5.518	0.000	4.039
1898	-5.518	0.000	12.494
1899	-5.518	0.000	6.338
1900	-5.518	0.000	7.402
1901	-5.518	0.000	7.402
1902	-5.518	0.000	7.402
1903	-5.518	0.000	7.403
1904	-5.518	0.000	7.401
1905	-5.518	0.000	7.733
1906	-5.518	0.000	10.502
1907	-5.518	0.000	3.210
1908	-5.518	0.000	7.320
1909	-5.518	0.000	7.103
1910	-5.518	0.000	6.030
1911	-5.518	0.000	4.083
1912	-5.518	0.000	2.276
1913	-5.518	0.000	6.020
1914	-5.518	0.000	6.020
1915	-5.518	0.000	6.437
1916	-5.518	0.000	6.447
1917	-5.518	0.000	2.305
1918	-5.518	0.000	9.225
1919	-5.518	0.000	16.179
1920	-5.518	0.000	16.159
1921	-5.518	0.000	2.578
1922	-5.518	0.000	2.581
1923	-5.518	0.000	4.351
1924	-5.518	0.000	2.577
1925	-5.518	0.000	2.596
1926	-5.518	0.000	9.505
1927	-5.518	0.000	7.579
1928	-5.518	0.000	6.862
1929	-5.518	0.000	4.252
1930	-5.518	0.000	4.252
1931	-5.518	0.000	11.492
1932	-5.518	0.000	7.739
1933	-5.518	0.000	15.735
1934	-5.518	0.000	10.730
1935	-5.518	0.000	10.741
1936	-5.518	0.000	4.405
1937	-5.518	0.000	3.044
1938	-5.518	0.000	12.168
1939	-5.518	0.000	2.162
1940	-5.518	0.000	2.274
1941	-5.518	0.000	5.692
1942	-5.518	0.000	5.691
1943	-5.518	0.000	12.174
1944	-5.518	0.000	1.987
1945	-5.518	0.000	9.724
1946	-5.518	0.000	6.448
1947	-5.518	0.000	4.291
1948	-5.518	0.000	6.480
