1321	-13.778	0.000	2.492
1332	-13.743	0.004	2.494
1286	-13.731	0.002	2.546
1269	-13.731	0.002	2.546
1304	-13.730	0.001	2.495
1214	-13.700	0.005	6.272
1265	-13.700	0.005	6.271
1127	-13.700	0.005	5.690
1320	-13.699	0.005	2.519
1291	-13.628	0.833	7.137
1159	-13.593	0.833	5.695
1168	-13.593	0.833	7.135
1219	-13.593	0.833	9.921
1224	-13.593	0.833	12.238
1215	-11.984	2.262	5.978
1087	-11.984	2.262	8.600
1333	-11.984	2.262	5.731
1102	-11.983	2.262	2.579
1249	-11.974	2.260	8.460
1272	-11.972	2.260	8.772
1100	-11.948	2.264	2.492
1106	-11.948	2.264	2.492
1132	-11.948	2.264	2.494
1194	-11.948	2.264	2.546
1248	-11.948	2.264	2.546
1256	-11.948	2.264	2.495
1329	-11.917	2.263	5.689
1292	-11.757	2.986	4.086
1300	-11.756	2.987	8.659
1105	-11.732	2.981	4.637
1108	-11.732	2.981	8.639
1133	-11.732	2.981	3.019
1198	-11.732	2.981	5.524
1208	-11.732	2.981	5.509
1237	-11.732	2.981	5.511
1280	-11.732	2.981	5.966
1239	-11.732	2.981	6.812
1318	-11.732	2.981	6.811
1191	-11.731	2.988	6.812
1319	-11.731	2.997	6.821
1299	-11.731	2.981	6.820
1306	-11.731	2.981	6.821
1119	-11.731	2.981	8.137
1274	-11.731	2.958	8.137
1293	-11.730	2.994	8.137
1246	-11.729	2.953	8.137
1178	-11.715	2.985	7.927
1302	-11.714	2.985	7.926
1213	-11.703	2.981	5.942
1130	-11.703	2.980	5.941
1185	-11.703	2.980	6.770
1253	-11.703	2.980	5.986
1089	-11.703	2.980	5.985
1226	-11.702	2.988	7.182
1236	-11.702	2.988	5.980
1109	-11.702	2.980	8.600
1134	-11.702	2.980	6.839
1144	-11.702	2.981	2.571
1245	-11.676	2.981	2.494
1264	-11.676	2.981	9.296
1218	-11.676	2.981	2.495
1330	-11.675	2.984	2.474
1086	-11.675	2.980	9.293
1080	-11.675	2.981	2.501
1149	-11.675	2.981	6.271
1229	-11.673	2.988	2.545
1270	-11.673	2.988	5.689
1241	-11.673	2.988	8.630
1169	-11.673	2.988	2.525
1206	-11.673	2.988	2.544
1090	-11.672	2.988	7.137
1263	-11.658	2.985	13.983
1153	-11.658	2.985	12.817
1084	-11.657	2.985	7.396
1078	-11.644	2.988	14.074
1289	-11.643	2.987	11.426
1259	-11.545	2.995	4.418
1165	-11.343	2.764	12.777
1184	-11.343	2.764	1.853
1193	-11.343	2.764	8.012
1207	-11.343	2.764	1.979
1227	-11.343	2.764	5.684
1278	-11.343	2.764	12.751
1301	-11.342	2.764	12.197
1324	-11.342	2.764	8.427
1327	-11.335	2.764	8.726
1162	-11.330	2.766	3.420
1164	-11.330	2.766	4.609
1173	-11.330	2.766	5.210
1175	-11.330	2.766	4.089
1217	-11.330	2.766	3.948
1250	-11.330	2.766	4.105
1251	-11.330	2.766	4.972
1266	-11.330	2.766	5.601
1129	-11.329	2.766	8.043
1182	-11.329	2.766	4.922
1242	-11.329	2.766	5.966
1243	-11.329	2.766	6.811
1247	-11.329	2.766	6.811
1279	-11.329	2.766	6.812
1312	-11.329	2.766	6.821
1126	-11.329	2.766	6.821
1142	-11.329	2.766	6.821
1202	-11.329	2.404	6.824
1096	-11.329	2.404	8.137
1121	-11.329	2.404	8.137
1294	-11.328	2.766	8.137
1303	-11.328	2.766	6.823
1107	-11.315	2.403	7.927
1271	-11.301	2.402	7.927
1116	-11.300	2.402	7.927
1238	-11.300	2.402	6.823
1183	-11.300	2.402	6.814
1234	-11.226	2.759	2.579
1083	-11.225	2.758	8.772
1085	-11.225	2.758	2.492
1262	-11.224	2.764	2.492
1296	-11.143	2.770	14.018
1288	-11.143	2.769	9.493
1128	-11.120	3.006	8.359
1148	-11.120	2.401	4.413
1216	-11.045	2.996	0.554
1225	-10.867	2.950	2.491
1141	-10.866	2.950	2.381
1192	-10.859	2.965	2.545
1252	-10.845	2.944	2.549
1176	-10.827	2.946	10.217
1115	-10.826	2.946	6.271
1325	-10.826	2.946	2.544
1275	-10.825	2.946	6.266
1110	-10.812	2.946	6.255
1204	-10.806	2.947	5.748
1099	-10.806	2.947	9.945
1112	-10.805	2.947	7.137
1124	-10.805	2.947	5.694
1209	-10.805	2.947	7.134
1131	-10.794	2.948	12.238
1171	-10.793	2.948	14.017
1197	-10.793	2.948	13.986
1097	-10.793	2.948	12.816
1122	-10.793	2.948	8.239
1135	-10.792	2.948	14.075
1228	-10.792	2.948	14.079
1316	-10.787	2.946	11.426
1079	-10.754	2.949	14.138
1082	-10.754	2.949	11.428
1158	-10.701	2.975	4.418
1076	-10.693	2.956	4.417
1160	-10.670	2.934	7.598
1195	-10.666	2.934	7.598
1186	-10.666	2.933	7.599
1230	-10.665	2.934	7.599
1223	-10.664	2.934	7.609
1094	-10.652	3.335	8.885
1210	-10.651	3.334	6.523
1231	-10.651	3.334	6.515
1221	-10.636	3.328	15.578
1104	-10.636	3.328	15.019
1181	-10.635	2.936	0.050
1258	-10.610	3.333	0.052
1155	-10.610	3.333	0.006
732	-10.603	3.002	4.340
1101	-10.599	3.339	7.394
1188	-10.599	3.328	7.208
1189	-10.599	3.328	7.209
1307	-10.599	3.328	7.395
1091	-10.594	3.328	5.926
1092	-10.594	3.328	4.162
1146	-10.593	3.328	4.163
1177	-10.593	3.328	4.546
1088	-10.593	3.328	5.856
1200	-10.592	3.328	15.759
1273	-10.592	3.328	10.761
1114	-10.592	3.328	10.769
1139	-10.592	3.328	5.961
1081	-10.553	2.954	5.681
1077	-10.552	3.332	5.755
1295	-10.547	3.389	6.642
1147	-10.498	2.718	6.820
1233	-10.498	2.718	6.819
1152	-10.485	2.718	6.820
1157	-10.485	2.718	7.933
1290	-10.475	2.949	8.137
1150	-10.434	3.174	5.979
1220	-10.367	3.099	4.398
1118	-10.366	3.099	7.598
1137	-10.366	3.098	7.598
1120	-10.366	3.099	7.599
1113	-10.366	3.100	7.599
1151	-10.272	3.481	11.463
1311	-10.226	3.088	12.750
1308	-10.223	2.832	8.436
1277	-10.218	2.832	3.901
1284	-10.218	2.832	6.642
1287	-10.218	2.832	7.182
1328	-10.218	2.832	4.084
1170	-10.205	2.662	2.605
1254	-10.204	2.660	9.769
1093	-10.193	2.661	8.639
1317	-10.139	2.830	6.820
1261	-10.130	2.937	7.926
1098	-10.083	2.948	5.978
1283	-10.041	3.249	2.518
1143	-10.039	3.251	9.924
1117	-10.038	2.834	5.694
1161	-10.017	3.251	2.112
1174	-10.017	3.249	8.169
1212	-10.016	3.250	4.429
1255	-10.016	3.251	7.599
1305	-10.015	3.251	7.598
1326	-10.015	3.257	7.600
1145	-10.015	3.252	7.600
1111	-10.015	3.254	7.604
1140	-10.015	3.250	8.138
1297	-10.015	3.253	8.883
1201	-10.015	3.255	4.299
1179	-10.012	3.231	8.192
1138	-10.011	3.232	6.523
1235	-9.999	3.234	7.619
1199	-9.802	3.270	8.136
1267	-9.779	3.278	5.944
1211	-9.743	2.678	2.543
1103	-9.742	2.678	6.270
1123	-9.742	2.678	2.543
1136	-9.742	2.678	5.688
1167	-9.742	2.678	5.749
1282	-9.727	3.534	7.136
1095	-9.713	2.681	12.239
1156	-9.629	3.277	8.530
1281	-9.607	3.390	7.603
1240	-9.607	3.388	8.141
1222	-9.607	3.386	8.503
1163	-9.596	3.391	8.059
1190	-9.596	3.385	7.413
1166	-9.596	3.383	6.522
1244	-9.596	3.387	6.522
1187	-9.596	3.388	6.514
1172	-9.596	3.389	6.514
1205	-9.596	3.389	6.514
1180	-9.595	3.389	6.504
1125	-9.595	3.387	6.496
1314	-9.572	2.703	1.319
1154	-9.558	2.704	0.051
1285	-9.435	3.396	8.640
1334	-9.420	3.815	8.136
1268	-8.669	3.506	0.001
1196	-8.384	3.476	18.766
