1684	-19.465	0.000	0.000
1676	-18.797	2.053	6.825
1623	-18.792	2.053	8.138
1626	-18.792	2.053	8.138
1658	-12.924	3.891	5.923
1664	-12.789	3.889	4.671
1702	-12.245	1.987	6.811
1622	-12.229	1.989	6.823
1634	-12.229	1.989	7.927
1698	-11.648	3.076	4.390
1660	-11.607	2.841	11.427
1621	-11.550	2.842	2.476
1711	-11.541	2.838	4.418
1652	-11.539	2.839	8.654
1669	-11.538	2.839	8.531
1653	-11.526	2.839	7.599
1654	-11.526	2.839	7.597
1696	-11.519	2.843	7.600
1716	-11.515	2.839	7.605
1632	-11.513	2.844	7.611
1629	-11.512	2.843	2.355
1646	-11.512	2.839	8.788
1655	-11.512	2.839	6.812
1657	-11.512	2.839	7.415
1670	-11.511	2.839	6.524
1682	-11.502	2.843	6.524
1627	-11.499	2.843	6.516
1693	-11.491	2.843	6.506
1628	-11.485	2.844	15.580
1694	-11.381	2.841	4.162
1647	-10.310	3.257	0.000
1666	-10.309	3.257	0.091
1688	-10.308	3.258	4.309
1678	-10.307	3.258	4.543
1645	-10.303	3.255	7.208
1640	-10.301	3.255	7.380
1686	-10.301	3.255	7.928
1625	-10.299	3.255	5.926
1624	-10.234	3.520	1.978
1712	-10.133	2.786	7.933
1704	-10.133	2.786	8.137
1707	-10.133	2.786	8.137
1659	-10.130	2.790	6.823
1681	-10.117	2.793	7.926
1691	-10.116	2.792	6.812
1630	-10.114	2.796	5.942
