1487	-11.477	0.000	0.051
1488	-11.477	0.000	0.043
1489	-11.477	0.000	0.000
1432	-11.475	0.000	16.264
1441	-11.475	0.000	0.077
1443	-11.475	0.000	0.095
1482	-11.268	0.029	6.769
1382	-11.266	0.029	5.985
1500	-11.264	0.029	5.984
1497	-11.262	0.029	5.983
1494	-10.453	3.710	5.943
1467	-10.452	3.710	5.986
1340	-10.440	3.713	5.984
1338	-10.439	3.712	5.985
1483	-9.798	2.169	7.926
1501	-9.793	2.169	7.926
1462	-9.726	2.267	9.941
1438	-9.695	2.596	12.668
1365	-9.695	2.596	11.428
1506	-9.606	2.270	8.790
674	-9.546	2.166	4.084
1490	-9.495	2.270	4.161
1474	-9.494	2.269	11.461
1385	-9.494	2.269	4.548
1367	-9.494	2.270	15.759
1412	-9.494	2.272	0.609
1417	-9.494	2.271	7.854
1419	-9.494	2.271	5.961
1435	-9.494	2.270	1.338
1457	-9.494	2.270	8.049
1460	-9.494	2.271	1.853
1424	-9.468	1.405	7.899
1496	-9.404	2.597	7.855
1493	-9.252	2.183	12.669
1414	-9.249	2.179	6.574
1434	-9.249	2.181	14.528
1379	-9.249	2.179	4.421
1390	-9.249	2.182	8.357
1380	-9.249	2.177	2.110
1387	-9.249	2.193	2.249
1366	-9.248	2.186	4.417
1403	-9.247	2.181	4.416
1409	-9.247	2.180	8.655
1429	-9.247	2.182	8.531
1449	-9.247	2.178	7.597
1401	-9.247	2.183	2.268
1456	-9.247	2.185	7.598
1345	-9.229	3.464	7.208
1341	-9.227	3.469	7.375
1348	-9.147	3.472	8.116
1354	-9.082	2.038	6.801
1439	-9.082	2.036	6.801
1402	-8.933	2.944	4.359
1391	-8.907	2.060	4.253
1418	-8.906	2.067	9.240
1357	-8.906	2.061	0.024
1394	-8.905	2.023	16.257
1378	-8.905	2.013	1.189
1498	-8.904	2.037	7.214
1351	-8.838	3.939	2.473
1344	-8.823	3.942	2.536
1349	-8.822	3.942	8.118
1374	-8.800	2.952	7.059
1420	-8.800	2.952	12.219
1423	-8.800	2.952	7.054
1478	-8.489	3.750	13.343
1491	-8.344	2.593	17.465
1350	-8.283	3.533	16.332
1508	-8.265	3.962	15.744
365	-8.156	3.802	16.207
1511	-8.106	3.542	17.597
1446	-8.094	3.543	17.582
1397	-8.093	3.543	17.292
1507	-7.969	3.756	10.240
1464	-7.895	2.428	8.828
1480	-7.895	2.440	8.834
1492	-7.895	2.435	8.834
1436	-7.895	2.439	8.834
1453	-7.894	2.437	8.834
1471	-7.893	2.437	10.115
1477	-7.886	3.890	9.053
1486	-7.855	2.374	9.053
1466	-7.846	2.508	9.054
1450	-7.845	2.507	10.126
1495	-7.845	2.507	12.728
1502	-7.665	2.987	12.731
1440	-7.557	3.748	12.728
1426	-7.557	3.749	12.731
1481	-7.478	3.759	12.870
1433	-7.476	3.762	9.750
1445	-7.476	3.765	11.396
1504	-7.391	3.333	11.410
1484	-7.389	3.329	8.169
