1515	-16.442	0.000	6.824
1571	-15.919	0.488	7.927
1531	-15.310	1.903	2.506
1543	-15.310	1.903	2.539
1554	-15.307	1.903	9.783
1513	-15.225	0.767	7.139
1528	-14.807	0.118	5.694
1594	-14.806	0.118	7.136
1523	-14.805	0.118	12.239
1558	-14.765	0.117	7.131
1527	-14.510	1.869	11.428
1556	-14.464	1.870	2.425
1533	-14.412	1.872	11.430
1545	-14.409	1.872	9.092
1601	-14.280	1.866	6.517
1564	-14.240	1.868	0.053
1608	-13.715	3.466	2.475
1589	-12.913	2.781	7.599
1534	-12.907	2.781	7.598
1546	-12.907	2.781	7.600
1548	-12.907	2.781	7.600
1550	-12.907	2.781	7.599
1562	-12.904	2.781	8.139
1557	-12.901	2.781	8.883
1560	-12.900	2.781	4.300
1518	-12.881	2.782	7.650
1519	-12.881	2.782	7.415
1542	-12.659	3.002	0.092
1585	-12.418	2.786	7.938
1579	-12.241	2.769	6.812
1529	-12.127	3.158	5.945
1551	-12.118	3.158	5.973
1569	-11.911	2.005	8.628
1577	-11.880	3.158	4.422
1600	-11.848	3.602	4.250
1576	-11.788	2.380	4.284
1524	-11.787	2.380	1.809
1610	-11.770	2.395	0.555
1614	-11.770	2.398	1.854
1607	-11.769	2.390	1.978
1611	-11.769	2.391	5.684
1566	-11.767	2.398	1.833
1572	-11.679	2.377	2.492
1526	-11.669	2.754	8.182
1604	-11.669	2.754	9.921
1565	-11.662	2.754	12.238
1580	-11.560	3.723	4.397
1578	-11.559	3.723	6.576
1597	-11.559	3.723	14.528
1535	-11.553	3.723	4.422
1536	-11.553	3.723	2.251
1538	-11.553	3.723	2.111
1595	-11.501	1.776	6.516
1549	-11.493	1.777	6.516
1539	-11.371	2.174	7.949
1530	-11.357	2.139	7.412
1599	-11.339	2.131	3.928
1567	-11.338	2.206	3.913
1583	-11.295	3.439	6.813
1612	-11.294	2.197	7.856
1598	-11.293	3.439	5.944
1605	-11.279	2.233	5.941
1559	-11.267	2.233	5.971
1590	-11.241	1.771	8.796
1547	-11.224	2.224	2.492
1541	-11.221	3.662	2.492
1540	-11.187	2.168	2.494
1512	-11.181	3.411	2.495
1525	-11.173	3.666	2.550
1584	-11.173	3.666	10.216
1573	-11.172	3.666	10.216
1521	-11.172	3.666	6.271
1522	-11.172	3.666	2.545
1588	-11.171	3.666	5.689
1532	-11.166	3.667	8.630
1537	-11.166	3.667	9.787
1553	-11.164	3.667	9.788
1615	-11.161	3.678	7.137
1616	-11.161	3.678	8.182
1517	-11.147	3.667	12.237
1514	-11.117	3.682	5.926
1516	-11.074	3.072	4.162
1563	-10.957	3.678	4.332
1568	-10.951	3.689	4.621
1581	-10.748	2.244	9.092
1596	-10.746	2.244	14.463
1575	-10.640	2.247	6.460
1592	-10.586	2.244	1.379
1602	-10.586	2.244	1.977
1520	-10.419	2.245	6.873
1586	-10.419	2.245	5.729
1603	-7.847	3.795	9.053
