62	-14.216	0.000	0.074
124	-14.215	0.001	0.003
588	-14.212	0.001	0.093
211	-14.212	0.002	4.356
363	-14.209	0.001	1.191
344	-14.208	0.001	7.209
279	-14.207	0.001	1.180
393	-14.201	0.003	5.926
637	-14.163	0.007	5.859
390	-14.153	0.001	5.221
670	-14.135	0.006	10.762
623	-14.131	0.006	10.770
642	-14.131	0.006	4.291
634	-14.120	0.071	1.329
88	-14.115	0.007	1.854
86	-14.114	0.007	1.856
686	-14.104	0.006	1.978
682	-14.102	0.009	5.685
678	-14.102	0.009	5.684
229	-14.083	0.019	4.072
433	-14.055	0.016	5.513
650	-14.050	0.016	4.925
440	-14.036	0.014	6.812
663	-14.010	0.013	6.812
519	-13.980	0.037	6.811
524	-13.977	0.048	6.821
552	-13.977	0.049	6.820
534	-13.976	0.053	7.934
495	-13.960	0.028	8.137
569	-13.956	0.027	6.824
581	-13.955	0.027	6.823
476	-13.932	0.052	7.927
507	-13.911	0.024	6.813
570	-13.906	0.023	7.856
539	-13.892	0.025	5.944
555	-13.889	0.026	5.944
556	-13.889	0.026	5.972
516	-13.889	0.027	5.986
490	-13.826	0.035	8.611
538	-13.822	0.022	5.730
579	-11.368	3.024	10.755
494	-11.365	3.023	0.615
563	-11.363	3.024	5.961
100	-10.727	1.378	5.930
587	-10.721	2.624	4.413
5	-10.716	2.624	4.416
8	-10.680	2.625	8.655
646	-10.587	1.387	1.331
13	-10.413	2.607	2.490
352	-10.413	2.607	2.491
17	-10.413	2.607	2.491
473	-10.367	3.841	4.418
423	-10.357	3.841	8.138
593	-10.226	3.662	4.337
1416	-10.191	3.673	4.842
1369	-10.189	3.673	5.051
1405	-10.189	3.673	5.073
227	-10.178	3.670	5.515
219	-10.177	3.670	4.923
497	-10.111	3.674	5.942
506	-10.111	3.674	5.944
202	-10.106	3.813	5.940
230	-10.082	2.408	5.731
689	-10.075	3.819	8.462
707	-10.075	3.819	2.491
705	-10.074	3.819	2.491
692	-10.074	3.819	2.491
590	-10.061	3.819	2.474
1389	-10.052	3.664	6.271
1370	-10.052	3.664	2.544
353	-10.051	3.818	9.160
673	-10.038	3.818	9.784
675	-10.038	3.818	7.137
703	-10.034	3.820	12.237
699	-10.034	3.820	13.986
267	-10.026	3.819	6.631
243	-10.025	3.819	7.394
234	-10.025	3.819	12.658
156	-10.024	3.820	2.191
325	-10.024	3.819	14.129
96	-10.023	3.820	14.133
625	-10.022	3.820	14.459
640	-10.022	3.820	14.463
367	-10.019	3.819	4.423
375	-10.019	3.819	4.422
296	-10.016	3.820	12.692
379	-10.012	3.819	7.415
384	-10.011	3.824	6.523
167	-9.999	3.820	6.467
215	-9.999	3.819	6.490
73	-9.925	2.394	0.095
72	-9.925	2.394	1.193
702	-9.925	2.394	1.186
39	-9.924	2.394	8.754
245	-9.924	2.393	5.926
299	-9.924	2.394	4.161
10	-9.922	2.394	4.161
6	-9.922	2.394	11.462
700	-9.919	2.394	15.760
82	-9.896	2.394	4.290
1479	-9.871	3.983	1.978
368	-9.869	3.495	5.683
2	-9.861	2.394	12.750
454	-9.837	2.397	5.512
239	-9.829	3.497	6.811
615	-9.827	2.269	6.810
207	-9.810	2.221	6.823
289	-9.785	2.407	7.855
599	-9.783	2.407	5.943
399	-9.769	3.070	7.180
408	-9.768	3.070	5.983
484	-9.757	3.069	6.843
470	-9.756	3.068	2.569
493	-9.756	3.068	8.460
442	-9.756	3.068	8.772
576	-9.751	3.069	2.491
1410	-9.734	3.493	5.874
571	-9.651	2.406	14.500
515	-9.004	3.204	2.472
406	-9.003	3.206	2.472
479	-9.000	2.888	2.384
102	-8.994	3.243	2.542
407	-8.989	2.889	10.211
683	-8.951	2.391	13.984
164	-8.948	3.976	14.070
688	-8.917	2.865	4.755
669	-8.895	2.864	4.163
681	-8.895	2.864	4.548
589	-8.893	2.863	15.753
677	-8.892	2.864	0.627
199	-8.892	2.864	10.762
698	-8.892	2.864	5.938
394	-8.883	2.865	12.762
341	-8.873	3.215	4.053
103	-8.872	3.214	8.624
318	-8.869	3.215	5.517
361	-8.869	3.215	6.887
628	-8.864	3.215	6.807
242	-8.862	3.214	8.117
709	-8.861	3.213	6.801
111	-8.860	3.213	7.907
137	-8.857	3.214	7.907
187	-8.855	3.214	6.791
291	-8.855	3.216	7.855
380	-8.852	3.217	5.958
548	-8.832	2.933	2.386
558	-8.832	2.934	6.203
453	-8.806	3.219	5.667
557	-8.794	3.219	13.984
562	-8.793	3.218	12.797
224	-8.779	3.217	2.295
226	-8.779	3.218	12.635
410	-8.760	3.222	11.413
486	-8.759	3.220	4.365
607	-8.745	2.174	14.500
147	-8.742	3.409	4.374
264	-8.742	3.409	2.239
345	-8.740	2.174	13.393
704	-8.735	2.175	8.478
636	-8.731	2.175	7.522
620	-8.730	2.175	7.522
602	-8.730	2.175	7.524
591	-8.728	2.175	7.524
81	-8.724	3.414	4.764
618	-8.724	2.175	8.904
635	-8.724	2.175	6.846
680	-8.723	2.176	7.337
294	-8.717	3.200	7.296
656	-8.710	3.213	1.378
653	-8.696	3.213	0.044
161	-8.693	3.172	0.043
176	-8.692	3.172	0.091
53	-8.668	3.171	4.347
284	-8.663	3.170	1.190
42	-8.660	3.170	1.180
250	-8.660	3.170	7.334
624	-8.659	3.169	5.903
324	-8.659	3.170	4.158
129	-8.659	3.169	4.159
452	-8.659	2.864	4.545
157	-8.657	3.170	5.227
206	-8.657	3.170	10.754
76	-8.657	3.169	10.762
377	-8.653	3.169	4.292
122	-8.653	3.169	1.369
175	-8.650	3.169	1.804
254	-8.650	3.170	1.923
63	-8.648	3.169	5.613
385	-8.643	3.169	6.700
177	-8.642	3.169	8.416
553	-8.641	2.174	7.725
447	-8.638	2.174	6.587
535	-8.638	2.174	4.106
561	-8.631	2.175	6.857
197	-8.630	3.173	4.037
445	-8.627	3.184	8.624
457	-8.625	2.175	4.549
475	-8.619	3.981	5.517
518	-8.618	3.184	4.899
697	-8.618	2.847	10.248
427	-8.617	3.182	10.248
627	-8.592	3.053	8.833
220	-8.580	3.174	10.113
691	-8.561	2.062	10.114
309	-8.560	2.062	10.109
690	-8.560	2.061	10.127
496	-8.557	3.951	9.418
672	-8.554	2.062	12.727
679	-8.552	2.055	12.731
481	-8.523	3.178	11.391
438	-8.479	2.062	16.165
648	-8.477	2.063	8.216
660	-8.476	2.062	22.425
139	-8.442	3.707	16.297
600	-8.437	3.051	16.299
360	-8.431	3.054	16.275
685	-8.429	3.721	15.730
645	-8.426	3.715	15.729
639	-8.423	3.715	16.646
592	-8.421	3.715	16.992
15	-8.419	3.706	22.444
26	-8.419	3.707	18.723
387	-8.407	3.712	18.776
471	-8.400	2.080	14.894
323	-8.398	3.715	15.656
520	-8.384	3.064	15.663
456	-8.373	3.057	16.994
584	-8.369	2.903	16.994
551	-8.360	2.911	16.994
611	-8.360	2.283	18.487
583	-8.356	3.714	20.294
667	-8.347	2.175	17.512
651	-8.329	3.712	16.792
459	-8.324	3.714	18.951
671	-8.294	3.609	16.787
93	-8.286	3.039	10.388
308	-8.271	3.613	0.023
306	-8.271	3.614	0.009
196	-8.270	3.609	16.264
547	-8.267	3.155	12.248
536	-8.198	3.611	15.928
