1697	-13.913	0.000	6.823
1699	-13.913	0.001	6.828
1679	-13.901	3.099	5.943
1695	-13.703	3.101	9.160
1687	-13.586	3.108	13.986
1617	-13.558	0.012	6.632
1639	-13.558	3.107	7.395
1701	-13.514	0.833	4.386
1715	-13.453	0.846	14.081
1672	-13.253	2.423	4.423
1620	-13.008	2.418	2.114
1648	-12.946	2.419	12.692
1633	-12.747	3.320	16.277
1636	-12.599	3.752	1.193
1641	-12.416	3.325	15.761
1643	-12.240	2.709	6.811
1677	-11.414	3.646	8.789
1663	-11.413	3.649	7.209
1714	-11.407	3.647	7.376
1665	-11.376	3.655	4.166
1703	-11.371	3.652	4.548
1705	-11.249	2.702	7.180
1706	-11.143	3.629	12.237
1683	-11.128	2.691	4.424
1709	-11.088	2.677	7.936
1713	-11.088	2.677	4.160
1692	-11.055	2.689	4.548
1685	-11.054	2.679	1.321
1673	-11.052	2.694	5.980
1689	-11.049	2.688	0.614
1637	-10.917	2.259	5.984
1708	-10.909	2.259	2.578
1667	-10.736	3.274	14.524
1668	-10.735	3.272	4.422
1661	-10.525	3.274	6.629
1656	-10.511	3.268	5.515
1680	-10.403	2.700	13.986
1651	-10.377	3.389	4.417
1662	-10.377	3.389	4.417
1650	-10.349	3.270	4.302
1618	-10.330	2.658	0.051
1619	-10.330	2.657	16.258
