1496	-22.241	0.000	0.000
1466	-22.170	0.001	5.221
1470	-22.170	0.001	5.222
1484	-22.170	0.001	7.236
1420	-22.042	0.003	7.676
1442	-22.042	0.003	7.675
1455	-22.027	0.004	5.235
1460	-22.027	0.004	17.331
1491	-21.691	3.111	7.239
1529	-21.691	3.111	7.396
1454	-21.568	3.112	7.500
1459	-21.567	3.112	7.500
1468	-21.501	3.112	7.500
1463	-21.442	3.113	7.502
1483	-21.442	3.113	7.217
1503	-21.442	3.113	7.738
1436	-21.385	3.113	6.762
1444	-21.385	3.113	2.672
1445	-21.385	3.113	7.156
1441	-21.326	3.114	7.433
1447	-21.326	3.114	7.431
1458	-21.318	3.114	7.427
1514	-21.276	3.152	7.427
1492	-21.276	3.152	7.426
1523	-21.082	3.152	7.419
1473	-21.025	3.152	12.136
1528	-21.024	3.152	7.166
1522	-19.891	2.784	9.445
1500	-19.691	1.759	6.629
1539	-19.691	1.759	20.971
1465	-19.689	1.759	6.645
1518	-19.689	1.759	20.975
1478	-19.667	1.009	9.439
1474	-19.666	1.009	6.604
1486	-19.666	1.009	6.762
1527	-19.666	1.009	3.954
1426	-19.624	1.011	6.591
1434	-19.624	1.011	6.595
1421	-19.558	1.011	9.182
1422	-19.558	1.011	9.183
1424	-19.558	1.011	16.322
1428	-19.558	1.011	9.386
1432	-19.558	1.011	20.673
1435	-19.558	1.011	6.463
1438	-19.558	1.011	6.463
1439	-19.558	1.011	9.341
1450	-19.548	1.011	5.999
1506	-18.626	0.871	6.385
1511	-18.565	3.147	6.009
1512	-18.565	3.147	5.874
1521	-18.565	3.147	7.003
1430	-18.518	0.872	6.025
1497	-18.516	1.690	17.467
1515	-18.511	3.147	6.939
1517	-18.510	3.147	3.857
1480	-18.455	1.691	6.361
1427	-18.453	3.148	4.357
1449	-18.453	3.148	7.918
1457	-18.448	3.148	5.055
1425	-18.265	3.149	5.485
1433	-18.265	3.149	4.121
1499	-17.551	1.643	5.793
1501	-17.551	1.643	6.008
1524	-17.550	1.643	4.112
1534	-17.550	1.643	7.527
1469	-17.304	1.650	3.806
1476	-17.304	1.650	3.837
1536	-17.303	1.650	3.849
1437	-17.247	1.650	3.904
1448	-17.246	1.650	9.133
1451	-17.238	1.650	9.132
1429	-17.188	1.651	9.132
1443	-17.188	1.651	9.142
1507	-16.608	1.925	9.434
1509	-16.608	1.925	8.197
1485	-16.608	1.925	10.882
1508	-16.561	1.925	4.300
1423	-16.533	1.925	5.211
1431	-16.533	1.925	6.480
1440	-16.486	1.925	3.937
1456	-16.472	1.924	3.967
1446	-13.375	2.297	7.343
1493	-12.915	2.202	5.204
1504	-12.867	2.047	7.719
1520	-12.784	2.205	8.116
1481	-12.088	1.730	6.482
1537	-11.749	2.647	1.562
1530	-11.530	2.642	9.949
1526	-11.496	2.642	5.918
1472	-11.492	2.643	9.716
1516	-10.767	3.833	7.403
1533	-9.415	3.591	3.395
1525	-9.411	3.594	4.938
1510	-9.349	3.592	17.306
1535	-9.345	3.593	16.820
1462	-9.336	3.594	7.673
1464	-9.328	3.593	7.501
1453	-9.325	3.594	7.433
1538	-9.243	3.267	11.805
1532	-8.929	3.505	9.181
1519	-8.844	3.822	6.634
1477	-7.550	3.696	10.791
1487	-7.544	3.697	14.145
1495	-7.539	3.698	9.488
1494	-7.526	3.715	10.154
1482	-7.223	3.383	10.541
1531	-7.220	3.384	10.541
1471	-7.034	3.812	4.854
