1062	-10.841	0.000	13.434
1150	-10.835	0.000	9.839
1175	-10.834	0.001	9.845
1124	-10.833	0.001	9.844
1161	-10.833	0.001	9.845
1164	-10.833	0.001	9.830
1212	-10.833	0.001	11.856
1075	-10.826	0.001	8.261
1078	-10.826	0.001	7.327
1092	-10.826	0.001	4.938
1187	-10.717	0.002	4.358
1129	-10.717	0.002	6.727
1215	-10.717	0.002	14.358
1134	-10.716	0.002	6.706
1080	-10.708	0.002	17.381
1128	-10.295	0.016	3.829
1160	-10.295	0.016	2.535
1214	-10.294	0.016	11.808
1136	-10.294	0.016	11.807
1153	-9.935	0.768	8.993
1065	-9.932	0.768	6.975
1185	-9.758	2.703	7.501
1028	-9.755	2.703	7.501
1035	-9.755	2.703	7.503
1158	-9.537	0.747	11.817
1026	-9.486	2.482	12.274
1097	-9.471	2.723	11.757
1133	-9.470	2.495	13.438
1096	-9.468	2.495	13.434
1039	-9.430	2.055	9.842
1088	-9.400	2.054	7.432
1172	-9.367	2.524	14.358
1146	-9.365	2.523	17.380
1123	-9.365	2.523	6.975
1086	-9.359	2.520	18.744
1056	-9.353	2.499	16.817
1046	-9.342	2.056	8.932
1048	-9.342	2.056	5.221
1053	-9.342	2.056	5.221
1058	-9.341	2.056	8.926
468	-9.336	3.065	19.172
121	-9.336	3.065	5.234
356	-9.336	3.065	5.236
115	-9.333	3.064	5.249
1100	-9.327	2.058	7.220
1117	-9.327	2.058	13.287
1127	-9.327	2.058	7.875
800	-9.326	3.069	7.157
1091	-9.325	2.057	7.431
539	-9.325	3.069	7.427
530	-9.324	3.068	7.427
99	-9.320	3.067	7.426
1036	-9.319	2.633	7.131
1054	-9.319	2.633	9.441
141	-9.319	3.060	6.626
307	-9.319	3.060	6.629
1047	-9.317	3.064	6.642
1055	-9.315	3.064	6.601
821	-9.313	3.065	6.758
610	-9.309	3.064	3.940
1085	-9.304	3.066	6.597
1030	-9.267	2.634	5.869
513	-9.262	2.052	3.220
458	-9.262	2.052	3.856
477	-9.262	2.052	6.360
220	-9.261	2.052	0.006
163	-9.261	2.052	7.916
313	-9.261	2.052	4.592
327	-9.261	2.052	5.480
332	-9.261	2.052	4.119
581	-9.260	2.053	7.842
151	-9.259	2.052	2.416
388	-9.259	2.052	4.110
257	-9.258	2.052	5.822
1083	-9.244	2.054	0.000
1147	-9.243	2.054	3.900
1102	-9.227	3.082	11.805
1104	-9.227	3.082	11.817
1130	-9.227	3.082	11.817
1202	-9.227	3.082	11.816
1151	-9.226	3.082	12.536
1066	-9.223	3.081	12.274
1074	-9.223	3.081	12.274
1037	-9.190	1.919	8.563
517	-9.178	1.735	9.844
1174	-9.172	2.485	9.843
1101	-9.171	2.483	9.842
1105	-9.171	2.484	13.039
1200	-9.170	2.484	4.941
440	-9.163	2.463	7.329
467	-9.163	2.463	7.326
495	-9.163	2.463	4.939
1095	-9.162	1.734	7.417
120	-9.162	2.463	7.416
134	-9.162	2.463	7.416
135	-9.162	2.463	7.416
161	-9.162	2.463	7.403
263	-9.162	2.463	7.417
265	-9.162	2.463	7.416
267	-9.162	2.463	7.400
1040	-9.162	2.459	10.216
1045	-9.162	2.460	7.415
199	-9.158	2.463	6.996
334	-9.158	2.461	7.417
424	-9.157	2.463	9.058
769	-9.156	2.459	3.476
180	-9.154	2.461	7.399
1069	-9.153	1.916	6.727
693	-9.151	2.459	9.487
1049	-9.103	1.732	17.306
1032	-9.083	1.733	5.221
335	-9.047	2.559	3.451
1188	-9.044	1.732	7.501
680	-9.038	2.560	7.501
404	-9.031	2.561	7.503
1025	-9.031	2.559	4.660
1110	-9.015	0.794	6.768
1143	-9.014	0.794	6.761
1041	-9.011	2.628	2.677
1059	-9.008	2.628	7.434
1044	-9.008	2.620	7.433
1168	-8.956	2.654	20.969
1186	-8.954	2.653	3.987
1198	-8.953	2.653	12.333
1220	-8.953	2.653	6.702
1038	-8.942	2.565	6.593
1043	-8.941	2.565	9.177
1050	-8.941	2.565	9.179
1195	-8.917	2.565	9.378
1029	-8.912	2.566	6.449
1031	-8.912	2.566	6.372
1034	-8.911	2.566	6.369
1217	-8.903	2.513	6.391
1042	-8.863	2.572	7.002
1052	-8.863	2.572	17.339
1060	-8.863	2.572	6.930
1063	-8.845	2.586	7.843
1068	-8.837	2.572	3.901
1033	-8.833	2.573	11.805
1099	-8.792	2.063	12.536
1157	-8.792	2.063	12.536
1209	-8.790	2.540	12.536
1192	-8.790	2.063	11.771
450	-8.742	3.893	8.557
481	-8.717	2.056	9.841
352	-8.715	2.056	9.843
755	-8.708	2.055	9.844
640	-8.702	2.055	3.483
482	-8.646	2.782	4.939
338	-8.636	2.779	7.416
144	-8.636	2.779	7.416
389	-8.633	2.797	7.416
666	-8.632	2.794	7.280
97	-8.631	2.795	7.395
1027	-8.626	2.786	7.416
1023	-8.624	2.779	7.403
1024	-8.624	2.779	7.401
1072	-8.611	2.796	10.217
1067	-8.610	2.797	6.996
1077	-8.608	2.798	7.417
549	-8.500	2.569	7.239
712	-8.375	3.034	9.178
1191	-8.343	1.726	6.022
1139	-8.271	3.047	13.651
1113	-8.229	1.724	13.509
308	-8.152	2.555	10.161
1208	-8.042	2.567	8.803
642	-7.995	3.955	8.335
1152	-7.884	2.939	8.722
453	-7.396	1.602	23.172
360	-7.376	1.606	10.118
1190	-7.362	1.600	8.816
330	-7.059	2.830	9.251
475	-7.059	2.830	1.082
244	-7.049	2.829	5.232
1094	-7.034	2.835	4.854
1169	-6.989	3.021	4.494
648	-6.845	3.121	6.766
287	-6.843	3.115	9.385
365	-6.842	3.114	10.944
1206	-6.531	2.830	4.508
401	-6.432	3.701	9.597
1076	-6.393	3.019	4.983
1131	-6.391	3.018	4.983
1141	-6.391	3.018	4.983
1144	-6.390	3.018	4.983
588	-6.238	3.123	5.006
127	-6.238	3.122	4.534
167	-6.238	3.122	5.884
169	-6.238	3.122	7.980
325	-6.237	3.122	6.767
523	-6.236	3.124	9.386
525	-6.236	3.123	10.941
432	-6.236	3.124	9.899
303	-6.234	3.122	6.367
207	-6.233	3.122	6.438
653	-6.232	3.126	11.039
84	-6.231	3.118	10.133
89	-6.231	3.118	10.134
484	-6.230	3.119	9.900
243	-6.229	3.119	9.900
143	-6.226	3.118	6.440
148	-6.225	3.119	6.767
283	-6.225	3.119	11.616
703	-6.223	3.121	6.468
1119	-6.221	3.120	4.453
1122	-6.221	3.120	3.746
1093	-6.218	3.121	7.478
809	-6.218	3.121	9.619
1108	-6.216	3.116	6.744
266	-6.160	3.530	6.749
239	-6.159	3.537	6.802
435	-6.157	3.532	4.891
379	-6.140	3.507	5.571
701	-6.115	3.131	6.341
1173	-6.020	2.932	2.523
582	-6.008	2.937	4.062
1163	-5.997	2.041	4.041
1138	-5.977	2.045	4.790
1179	-5.976	2.045	6.972
1183	-5.976	2.045	8.249
1132	-5.976	2.045	2.565
1154	-5.976	2.045	2.565
1193	-5.976	2.045	2.565
1162	-5.975	2.045	2.431
1090	-5.975	2.046	8.782
550	-5.958	2.471	4.023
1170	-5.954	2.480	7.571
1115	-5.925	3.836	10.198
497	-5.912	3.872	4.189
403	-5.532	3.200	6.005
1197	-5.432	3.035	4.574
476	-5.428	2.999	5.297
1166	-5.379	2.995	5.077
622	-5.326	2.571	2.650
1211	-5.310	2.685	2.649
1148	-5.069	2.916	4.784
