145	-15.942	0.000	5.962
223	-15.929	0.001	5.960
252	-15.925	0.001	5.963
187	-15.881	0.018	5.437
179	-15.877	0.018	5.131
607	-15.871	0.017	5.125
31	-15.796	0.018	6.922
626	-15.765	0.018	3.879
309	-15.747	0.003	3.889
333	-15.744	0.003	3.911
64	-15.730	0.018	3.860
139	-15.724	0.004	3.847
149	-15.724	0.004	5.479
296	-15.713	0.004	10.313
254	-15.705	0.004	5.418
103	-15.649	0.016	6.911
68	-15.627	0.023	6.915
407	-15.601	0.023	7.344
213	-15.558	0.011	4.869
704	-15.497	0.022	13.355
40	-15.491	0.023	4.009
279	-15.452	0.013	15.097
250	-15.451	0.013	2.914
66	-15.441	0.028	9.858
181	-15.439	0.028	2.744
81	-15.436	0.028	4.905
104	-15.435	0.019	14.827
706	-15.314	0.027	14.247
304	-15.201	0.022	3.617
4	-14.827	0.020	8.951
310	-14.655	0.883	4.298
628	-14.654	0.875	6.482
624	-14.653	0.875	3.941
138	-14.638	0.884	4.186
129	-14.636	0.883	3.938
294	-14.630	0.884	4.253
253	-14.624	0.884	11.568
242	-14.623	0.884	11.568
573	-14.586	0.871	11.234
25	-14.580	0.882	11.234
400	-14.558	0.872	14.418
756	-14.557	0.885	16.787
93	-14.551	0.872	10.252
629	-14.521	0.872	16.839
297	-14.499	0.766	14.746
41	-14.495	0.873	14.685
61	-14.483	0.873	1.579
737	-14.441	0.874	5.790
221	-14.434	0.900	1.555
67	-14.361	0.889	1.561
618	-14.353	0.890	1.561
178	-14.336	0.899	5.349
608	-14.334	0.890	5.962
611	-14.332	0.890	5.961
702	-14.256	0.900	5.965
209	-14.057	0.910	1.954
808	-13.607	0.925	18.040
211	-13.352	0.945	4.229
580	-12.605	1.320	9.141
156	-12.322	1.408	8.951
247	-12.267	0.659	7.261
34	-12.082	1.419	4.291
791	-12.079	1.419	3.941
105	-12.076	0.663	3.941
79	-12.051	1.412	3.938
455	-11.912	1.378	4.255
459	-11.893	1.376	5.843
506	-11.887	1.375	12.133
288	-11.874	1.009	7.957
721	-11.872	1.378	5.774
341	-11.865	1.370	14.419
710	-11.864	1.401	16.787
219	-11.862	1.372	16.738
235	-11.860	1.372	4.870
228	-11.849	1.371	16.848
276	-11.847	1.370	13.365
241	-11.829	1.367	13.367
571	-11.820	1.395	8.374
681	-11.803	1.398	1.555
697	-11.784	1.396	5.943
669	-11.746	1.395	1.559
232	-11.735	0.980	1.561
146	-11.634	0.516	5.349
280	-11.570	0.534	4.804
741	-11.563	0.495	5.716
627	-11.519	0.519	5.413
760	-11.427	0.510	6.984
425	-11.269	1.076	4.632
371	-11.170	1.089	2.744
545	-11.147	1.094	4.904
153	-11.087	1.054	4.967
472	-11.085	0.668	4.399
378	-11.053	1.075	3.316
593	-11.030	1.082	3.615
428	-11.027	0.677	11.807
377	-11.005	1.077	11.806
350	-11.004	1.054	11.818
414	-10.984	3.985	11.817
679	-10.969	1.082	11.771
449	-10.934	0.343	11.771
277	-10.863	0.456	12.274
118	-10.844	3.981	11.755
514	-10.837	3.981	8.564
505	-10.837	3.981	8.559
510	-10.837	3.981	8.558
552	-10.819	0.351	7.333
535	-10.815	0.350	7.417
687	-10.805	0.433	7.417
112	-10.765	3.987	7.400
110	-10.763	3.987	6.996
198	-10.731	3.986	7.434
367	-10.727	3.985	9.910
462	-10.709	3.981	18.644
471	-10.707	3.981	6.975
119	-10.703	3.981	17.296
164	-10.684	3.983	16.818
442	-10.654	3.961	19.193
444	-10.654	3.961	7.676
320	-10.650	3.962	19.198
344	-10.644	3.985	7.531
349	-10.644	3.985	5.234
418	-10.596	3.985	6.767
44	-10.583	3.972	7.424
531	-10.579	3.962	7.427
208	-10.557	3.964	12.129
688	-10.454	3.972	7.003
49	-10.445	3.972	7.552
260	-10.422	2.382	3.860
158	-10.351	2.369	5.517
355	-10.348	2.371	14.723
753	-10.325	2.364	4.109
278	-10.306	2.372	5.663
430	-10.280	2.374	11.818
249	-10.237	2.377	11.817
170	-10.200	2.373	12.275
201	-10.182	2.377	12.275
1189	-10.110	3.977	8.559
69	-10.095	3.291	9.846
292	-10.019	3.298	9.828
176	-10.017	3.298	13.039
299	-9.858	3.285	18.807
461	-9.828	3.291	5.222
284	-9.815	2.420	7.650
183	-9.774	3.299	17.329
433	-9.772	3.291	5.403
500	-9.741	3.286	7.734
516	-9.720	3.292	6.761
197	-9.711	3.291	7.157
192	-9.710	3.291	7.433
351	-9.708	2.638	7.431
101	-9.692	3.291	12.132
567	-9.666	3.291	16.320
177	-9.664	3.286	15.590
57	-9.655	3.290	6.457
248	-9.655	3.292	9.344
216	-9.651	2.636	17.447
51	-9.636	3.290	3.857
429	-9.343	2.615	5.268
215	-9.281	2.614	5.872
632	-9.101	2.674	5.147
368	-8.997	2.324	7.427
212	-8.958	2.317	9.426
410	-8.865	2.335	17.733
369	-8.769	2.463	12.274
259	-8.638	2.464	7.417
14	-8.531	2.487	7.229
12	-8.440	2.522	7.393
17	-8.440	2.522	7.501
26	-8.440	2.522	7.501
1	-8.349	2.520	5.871
9	-8.225	2.577	13.593
22	-8.225	2.577	13.580
511	-8.211	1.888	9.809
7	-8.147	2.127	10.467
24	-8.147	2.127	9.191
82	-8.135	2.149	10.078
155	-8.045	2.554	19.642
492	-8.038	2.570	9.206
54	-7.958	2.560	13.430
109	-7.846	2.620	8.725
227	-7.773	2.689	9.893
744	-7.770	2.691	4.360
762	-7.770	2.691	10.700
578	-7.737	2.697	10.672
662	-7.734	2.698	4.397
361	-7.729	2.695	8.602
73	-7.727	2.708	8.551
370	-7.725	2.709	9.719
210	-7.723	2.715	9.718
53	-7.723	2.696	19.137
652	-7.674	2.450	4.196
782	-7.671	2.631	1.185
713	-7.670	2.626	6.062
128	-7.669	2.452	8.651
470	-7.668	2.646	1.645
171	-7.668	2.452	3.900
286	-7.668	2.453	5.232
715	-7.667	2.626	13.654
85	-7.666	2.452	13.653
748	-7.664	2.625	13.653
767	-7.664	2.625	13.664
785	-7.664	2.625	13.664
647	-7.660	2.646	13.663
58	-7.658	2.797	13.518
731	-7.655	2.452	13.782
20	-7.651	2.848	13.782
676	-7.620	2.629	13.782
657	-7.613	2.650	13.595
117	-7.562	2.942	13.600
302	-7.562	2.116	13.580
262	-7.561	2.116	15.233
136	-7.561	2.116	9.820
236	-7.561	2.116	9.810
133	-7.560	2.116	9.812
820	-7.555	2.603	9.682
214	-7.555	2.117	10.791
486	-7.531	2.118	9.952
173	-7.528	3.842	14.238
16	-7.527	2.119	6.224
78	-7.522	2.117	10.154
38	-7.516	3.838	9.984
620	-7.515	2.624	9.984
707	-7.509	2.596	10.158
59	-7.507	2.119	6.774
357	-7.500	2.819	9.053
272	-7.485	2.346	9.053
114	-7.485	2.346	9.990
340	-7.483	2.133	10.154
345	-7.483	2.133	10.007
152	-7.481	2.133	8.043
224	-7.478	2.133	9.191
88	-7.473	2.347	10.475
373	-7.473	2.347	9.192
416	-7.451	2.123	15.519
5	-7.451	2.347	18.094
19	-7.451	2.347	19.098
23	-7.450	2.347	12.352
35	-7.447	2.350	9.542
43	-7.447	2.350	18.747
190	-7.439	2.142	6.102
32	-7.439	2.349	8.855
94	-7.431	2.143	19.211
203	-7.428	2.142	19.104
62	-7.420	2.151	19.260
102	-7.389	2.147	8.805
52	-7.383	2.156	9.207
625	-7.302	2.602	10.405
395	-7.270	2.886	10.236
60	-7.263	2.892	10.299
594	-7.251	2.641	10.548
218	-7.227	2.617	9.156
507	-7.176	3.188	8.639
547	-7.165	2.493	7.240
106	-7.164	2.490	10.050
160	-7.163	2.493	4.362
231	-7.161	2.492	10.702
422	-7.153	2.491	10.701
315	-7.131	2.889	16.702
157	-7.126	2.891	16.711
8	-7.098	2.926	8.552
87	-7.096	2.909	9.721
63	-7.082	2.907	9.719
603	-7.067	2.929	19.135
125	-7.055	3.923	6.143
443	-7.055	3.923	7.758
300	-7.054	3.924	6.165
533	-7.053	3.921	5.950
316	-7.053	3.925	6.063
290	-7.052	3.924	6.062
358	-7.051	3.925	16.308
399	-7.050	3.922	6.035
387	-7.050	3.922	1.186
396	-7.050	3.922	8.688
230	-7.050	3.925	3.609
584	-7.048	3.924	5.245
544	-7.044	2.929	4.846
686	-7.041	2.774	4.845
569	-7.031	2.937	4.853
402	-7.003	3.932	5.183
298	-7.003	3.931	5.177
273	-6.995	1.943	5.177
90	-6.991	1.943	4.952
797	-6.990	1.944	4.953
518	-6.980	2.798	2.611
281	-6.979	2.632	2.612
543	-6.975	2.433	2.610
238	-6.968	2.792	2.770
577	-6.956	2.743	5.370
555	-6.953	2.800	9.599
534	-6.952	2.800	8.785
380	-6.941	2.795	4.982
675	-6.939	2.796	4.982
698	-6.938	2.797	4.982
108	-6.938	3.173	4.984
540	-6.933	2.649	4.618
174	-6.907	3.180	4.985
131	-6.904	2.420	4.570
255	-6.880	1.830	4.913
311	-6.869	2.277	2.774
329	-6.834	3.109	6.854
184	-6.814	3.098	6.368
447	-6.803	2.899	11.547
465	-6.796	2.421	6.469
48	-6.787	2.736	6.468
574	-6.753	2.800	6.745
599	-6.748	2.550	6.745
364	-6.747	2.536	7.911
456	-6.747	2.579	9.276
10	-6.738	2.574	6.147
124	-6.736	2.576	9.214
268	-6.729	2.573	6.894
559	-6.720	2.583	6.342
419	-6.718	2.892	6.341
773	-6.718	2.566	6.333
504	-6.717	3.134	6.332
487	-6.715	2.409	6.332
489	-6.715	2.409	6.323
441	-6.715	2.410	5.012
342	-6.715	2.549	4.547
159	-6.708	3.135	2.519
289	-6.707	3.134	4.049
323	-6.707	3.534	13.258
420	-6.704	2.415	4.061
600	-6.704	2.578	13.263
595	-6.702	2.579	2.469
237	-6.700	3.134	4.029
83	-6.698	2.577	3.465
729	-6.697	2.582	9.570
685	-6.689	2.574	8.216
672	-6.689	2.573	8.249
71	-6.681	3.138	2.564
37	-6.673	2.401	8.628
56	-6.667	2.583	12.911
362	-6.660	2.576	3.993
363	-6.659	3.141	3.994
568	-6.651	2.719	2.747
451	-6.644	3.872	3.981
445	-6.642	3.872	5.294
649	-6.638	3.868	4.167
529	-6.637	3.858	10.257
480	-6.635	3.874	3.807
317	-6.633	2.405	9.177
324	-6.632	3.876	5.209
326	-6.632	3.876	6.041
318	-6.631	3.877	0.002
565	-6.631	3.868	5.253
293	-6.629	3.877	5.406
385	-6.628	3.871	9.308
426	-6.626	3.877	4.871
36	-6.624	2.401	5.442
194	-6.624	3.871	9.283
240	-6.623	3.878	3.349
491	-6.623	3.874	7.153
319	-6.617	2.325	7.143
229	-6.594	2.410	7.143
381	-6.591	2.813	7.309
633	-6.578	3.874	4.847
91	-6.578	3.036	4.846
728	-6.578	3.044	4.846
646	-6.575	2.218	4.856
46	-6.569	3.046	4.854
76	-6.555	2.800	4.855
423	-6.551	2.205	5.179
483	-6.536	2.173	5.179
485	-6.534	2.752	5.179
643	-6.529	2.726	4.953
376	-6.528	2.215	4.953
661	-6.528	2.198	4.953
700	-6.524	2.208	4.954
692	-6.522	2.260	4.496
383	-6.522	2.208	4.909
538	-6.522	2.194	6.336
542	-6.521	2.191	2.608
398	-6.520	2.188	2.608
77	-6.519	2.406	4.826
264	-6.518	2.756	2.548
193	-6.504	2.406	4.935
427	-6.488	3.020	2.540
725	-6.452	2.754	4.487
200	-6.436	2.758	4.878
182	-6.379	2.425	4.985
391	-6.379	2.776	10.142
274	-6.367	2.788	4.986
528	-6.255	3.008	2.774
291	-6.166	3.121	6.745
499	-6.099	3.258	6.333
750	-6.077	3.893	6.332
562	-6.067	3.407	6.332
563	-6.067	3.406	6.323
366	-6.039	3.352	4.557
454	-6.006	3.843	13.263
668	-5.996	3.358	4.029
434	-5.980	3.868	9.581
321	-5.968	3.743	8.054
799	-5.931	3.918	7.993
166	-5.904	3.401	4.287
1103	-5.880	3.883	5.294
598	-5.756	2.379	9.244
763	-5.639	2.416	0.110
