1346	-11.627	0.000	5.961
1417	-11.623	0.000	5.962
1246	-11.605	0.001	5.962
1237	-11.596	0.002	5.968
1230	-11.593	0.002	9.927
1296	-9.443	0.885	8.560
1362	-9.422	0.884	9.829
1386	-9.421	0.884	13.039
955	-9.419	0.884	11.764
1311	-9.419	0.884	7.330
1269	-9.410	0.884	7.417
1320	-9.409	0.884	7.417
1255	-9.408	0.884	7.417
1256	-9.408	0.884	7.416
1408	-9.402	0.884	7.417
851	-9.392	0.885	6.996
857	-9.392	0.885	7.418
971	-9.366	0.884	16.735
973	-9.366	0.884	16.726
1003	-9.011	1.158	7.158
854	-8.835	3.018	11.806
840	-8.719	3.019	8.407
945	-8.705	2.996	12.117
930	-8.421	3.002	7.147
1305	-8.038	2.252	19.681
1314	-8.038	2.252	8.801
1332	-8.033	2.252	10.104
1398	-8.033	2.252	8.816
1225	-8.027	2.253	18.296
1226	-8.027	2.253	6.320
1289	-8.023	2.253	10.403
1258	-8.023	2.253	10.404
962	-8.020	2.252	10.403
1350	-7.911	1.613	10.540
1356	-7.911	1.613	10.538
1394	-7.911	1.613	13.324
1349	-7.911	1.613	21.106
1248	-7.895	1.614	9.109
1273	-7.895	1.614	8.721
1298	-7.818	1.618	8.668
1301	-7.732	1.610	11.700
1319	-7.731	1.610	16.700
1321	-7.731	1.610	16.707
1323	-7.731	1.610	10.799
1351	-7.731	1.610	8.576
1388	-7.729	1.610	8.600
1243	-7.722	1.611	4.172
1282	-7.717	1.611	1.077
1264	-7.717	1.611	5.510
1227	-7.717	1.611	4.143
1268	-7.717	1.611	3.188
1020	-7.694	1.613	5.949
1240	-7.381	3.611	8.815
1343	-7.336	3.611	18.787
1414	-7.333	3.611	9.211
1288	-7.333	3.611	10.404
1249	-7.332	3.611	10.403
838	-7.035	2.946	4.844
879	-6.961	2.944	4.936
933	-6.959	2.984	2.545
938	-6.925	2.289	4.618
1021	-6.850	2.675	6.787
996	-6.813	2.898	9.490
870	-6.776	2.979	4.455
883	-6.645	2.694	4.644
876	-6.644	2.693	4.190
867	-6.644	2.693	4.287
1013	-6.136	2.785	6.894
1017	-6.136	2.785	6.342
