631	-5.670	0.000	6.118
643	-5.670	0.000	4.966
650	-5.670	0.000	4.474
674	-5.670	0.001	15.527
719	-5.670	0.001	3.116
724	-5.670	0.001	3.116
727	-5.670	0.001	9.740
750	-5.670	0.001	8.951
782	-5.670	0.001	3.068
853	-5.667	0.034	5.328
651	-5.640	0.020	2.993
1042	-5.625	0.007	6.498
1044	-5.625	0.007	7.830
1047	-5.619	0.008	8.503
1048	-5.619	0.008	12.309
1050	-5.619	0.008	14.898
931	-5.597	0.017	5.149
1053	-5.589	0.015	7.318
640	-5.584	0.036	0.854
653	-5.584	0.036	0.857
654	-5.584	0.036	5.849
656	-5.584	0.036	1.103
658	-5.584	0.036	5.853
660	-5.584	0.036	5.852
1087	-5.541	0.035	5.905
939	-5.541	0.034	2.078
1142	-5.541	0.033	7.312
1144	-5.541	0.033	10.985
1057	-5.540	0.033	7.313
1079	-5.540	0.033	7.322
1095	-5.540	0.033	7.326
961	-5.540	0.033	7.349
997	-5.540	0.033	7.335
998	-5.540	0.033	10.524
1094	-5.540	0.033	6.556
1130	-5.540	0.033	3.654
1164	-5.540	0.033	2.948
1100	-5.540	0.033	0.000
1173	-5.539	0.050	6.695
1071	-5.539	0.033	6.689
1060	-5.536	0.028	6.692
947	-5.536	0.032	9.647
1005	-5.536	0.032	6.691
948	-5.536	0.032	4.709
1061	-5.536	0.031	4.697
1117	-5.536	0.031	4.954
1104	-5.534	0.032	9.050
968	-5.533	0.032	6.505
975	-5.533	0.032	12.840
979	-5.533	0.032	5.564
983	-5.533	0.032	3.225
987	-5.533	0.032	6.300
988	-5.533	0.032	5.932
1002	-5.533	0.032	15.340
1009	-5.533	0.032	5.557
1015	-5.533	0.032	3.243
1020	-5.533	0.032	6.134
1025	-5.533	0.032	6.132
1110	-5.533	0.031	3.753
973	-5.533	0.032	5.667
1065	-5.533	0.031	5.534
1081	-5.533	0.032	3.688
1082	-5.533	0.032	7.031
1092	-5.533	0.032	3.649
1122	-5.533	0.032	13.030
980	-5.533	0.045	5.501
1126	-5.532	0.026	5.973
1021	-5.532	0.049	6.474
1077	-5.532	0.031	5.716
1124	-5.532	0.031	4.252
1056	-5.253	0.413	2.839
940	-4.460	1.066	6.385
1610	-4.369	1.666	8.217
1098	-4.241	1.655	9.388
1004	-4.221	2.186	5.433
999	-4.220	2.223	7.742
989	-4.138	2.096	10.260
1150	-4.041	2.365	9.766
