50	-7.616	0.000	3.046
24	-7.607	0.005	5.678
38	-7.607	0.022	7.273
394	-7.603	0.041	5.808
7	-7.596	0.003	5.683
135	-7.490	0.297	11.457
178	-7.445	0.042	11.373
67	-7.445	0.045	11.373
79	-7.445	0.052	5.147
120	-7.444	0.043	7.317
16	-7.439	0.045	7.306
29	-7.439	0.045	6.704
491	-7.437	0.045	0.854
2	-7.432	3.748	5.849
4	-7.425	0.038	0.005
165	-7.222	0.082	14.633
291	-7.216	0.074	2.083
461	-6.876	1.847	9.153
305	-6.872	2.233	9.128
1	-6.862	2.147	6.510
55	-6.764	3.475	3.254
146	-6.657	2.029	15.002
379	-6.655	3.766	6.134
341	-6.655	3.764	6.134
360	-6.655	3.765	3.752
377	-6.655	3.764	3.576
472	-6.655	3.766	5.296
293	-6.655	3.765	3.687
395	-6.655	3.765	5.516
479	-6.655	3.765	3.650
510	-6.655	3.765	13.029
39	-6.655	3.765	5.502
40	-6.655	3.765	5.293
463	-6.655	3.766	5.959
480	-6.655	3.765	5.711
321	-6.655	3.766	4.251
149	-6.575	0.105	9.202
150	-6.575	0.108	14.638
102	-6.572	0.105	3.811
101	-6.572	0.103	9.612
111	-6.571	0.097	9.612
75	-6.571	0.100	6.115
177	-6.571	0.104	6.116
113	-6.571	0.106	5.645
171	-6.569	0.100	3.779
59	-6.568	0.106	5.040
22	-6.567	0.103	6.047
299	-6.567	0.101	5.646
390	-6.566	0.103	5.172
343	-6.566	0.113	11.263
347	-6.566	0.103	5.834
538	-6.566	0.102	7.979
375	-6.566	0.100	4.475
484	-6.566	0.102	4.476
501	-6.566	0.104	3.116
351	-6.566	0.104	5.913
378	-6.566	0.105	5.913
534	-6.566	0.104	8.975
374	-6.566	0.106	9.098
333	-6.564	0.099	3.065
441	-6.563	3.748	5.337
451	-6.563	3.749	5.394
256	-6.563	3.750	5.357
232	-6.563	3.750	8.052
430	-6.563	3.750	4.470
431	-6.563	3.750	4.297
266	-6.563	3.749	5.680
337	-6.563	0.110	4.610
278	-6.562	3.750	4.594
209	-6.562	3.750	5.810
210	-6.562	3.750	5.817
296	-6.561	0.110	8.065
201	-6.523	0.277	5.929
159	-6.511	3.776	5.139
89	-6.502	3.773	7.210
181	-6.501	3.776	7.723
87	-6.498	3.785	7.731
496	-6.495	3.772	7.503
444	-6.488	0.132	12.307
260	-6.487	0.125	14.896
215	-6.487	0.133	14.893
255	-6.487	0.134	12.173
273	-6.487	0.133	12.173
274	-6.487	0.133	11.802
216	-6.487	0.134	11.538
218	-6.487	0.138	5.030
95	-6.350	0.155	6.151
34	-6.346	0.147	6.131
552	-6.343	0.159	6.518
442	-6.272	0.201	16.755
452	-6.271	0.169	15.081
254	-6.271	0.201	15.472
23	-6.205	2.821	8.015
385	-6.180	3.766	9.515
330	-6.168	3.766	6.120
331	-6.161	3.745	8.038
521	-6.135	3.761	3.005
167	-6.106	2.280	5.812
25	-6.102	2.317	5.030
133	-6.068	2.033	14.769
288	-6.065	2.824	12.174
332	-6.062	2.029	14.838
192	-6.058	0.158	11.538
323	-6.056	2.822	5.134
469	-6.054	0.158	11.373
487	-6.053	0.157	5.148
488	-6.052	0.137	5.147
493	-6.052	0.163	7.342
334	-6.051	0.169	4.553
503	-6.050	0.143	6.165
303	-6.046	0.131	6.170
497	-6.041	0.167	6.167
545	-6.030	0.195	4.702
250	-5.944	2.194	5.856
226	-5.909	2.826	6.692
261	-5.908	2.826	2.948
440	-5.908	2.826	2.949
251	-5.908	2.826	9.153
280	-5.908	2.826	6.692
421	-5.908	2.826	6.692
435	-5.908	2.825	9.648
265	-5.907	2.831	9.644
289	-5.907	0.194	4.709
235	-5.906	2.829	4.697
459	-5.906	0.188	12.563
224	-5.905	2.826	6.189
457	-5.905	0.220	9.049
456	-5.904	0.145	9.051
436	-5.904	0.182	5.947
57	-5.899	2.826	6.298
58	-5.899	2.827	5.565
65	-5.899	2.827	5.565
116	-5.898	2.826	6.299
118	-5.898	2.826	5.933
132	-5.898	2.826	15.337
183	-5.898	2.826	4.635
81	-5.898	2.827	5.846
69	-5.897	2.825	5.676
161	-5.897	2.827	6.135
163	-5.897	2.826	3.753
350	-5.894	2.827	3.576
364	-5.894	2.826	5.535
372	-5.894	2.826	3.687
386	-5.894	2.827	7.031
26	-5.894	2.827	3.647
28	-5.894	2.826	13.030
295	-5.894	2.826	6.474
407	-5.894	2.827	16.770
537	-5.893	2.827	5.959
477	-5.893	2.827	5.710
481	-5.893	2.826	4.251
490	-5.893	2.827	9.052
515	-5.893	2.827	15.086
518	-5.893	2.827	12.697
524	-5.893	2.826	8.987
498	-5.892	2.827	5.601
371	-5.891	2.826	5.234
262	-5.885	2.841	3.703
285	-5.843	2.829	5.214
277	-5.842	2.828	5.133
253	-5.842	2.828	3.118
247	-5.842	2.827	6.114
454	-5.833	2.820	5.174
536	-5.832	0.192	5.942
60	-5.830	2.829	5.942
61	-5.830	2.829	5.165
53	-5.830	2.829	5.054
107	-5.830	2.829	5.645
51	-5.830	2.829	5.647
68	-5.829	2.829	5.648
78	-5.829	2.829	6.047
86	-5.829	2.829	3.664
129	-5.829	2.829	8.067
131	-5.829	2.829	11.264
134	-5.829	2.829	3.070
168	-5.829	2.829	4.995
173	-5.829	2.829	4.475
185	-5.829	2.829	4.619
186	-5.829	2.829	3.118
179	-5.829	2.829	6.219
93	-5.829	2.828	5.913
508	-5.829	2.984	6.000
557	-5.828	2.829	5.868
563	-5.828	2.827	3.066
141	-5.828	2.829	5.398
174	-5.828	2.834	6.071
151	-5.827	2.829	5.356
158	-5.827	2.829	4.471
387	-5.826	2.829	4.473
324	-5.826	2.829	4.475
35	-5.825	2.830	4.455
41	-5.825	2.830	2.916
36	-5.825	2.828	5.996
17	-5.825	2.829	5.810
27	-5.825	2.829	5.817
37	-5.825	2.829	8.064
339	-5.825	2.829	5.696
355	-5.825	2.829	9.467
359	-5.825	2.828	5.929
393	-5.825	2.829	3.805
399	-5.825	2.829	4.463
402	-5.825	2.829	7.723
405	-5.825	2.829	7.731
19	-5.825	2.829	7.121
42	-5.825	2.829	7.807
20	-5.825	2.829	14.897
391	-5.825	2.829	14.899
522	-5.824	2.829	12.173
520	-5.824	2.828	12.174
317	-5.824	2.829	14.839
318	-5.824	2.829	11.538
464	-5.824	2.829	5.031
529	-5.824	2.829	5.134
495	-5.824	2.829	11.374
544	-5.824	2.829	5.148
554	-5.824	2.829	5.149
30	-5.824	2.823	4.554
494	-5.823	2.833	4.553
8	-5.810	2.829	4.658
9	-5.810	2.829	6.164
12	-5.810	2.829	1.245
13	-5.810	2.830	4.702
5	-5.809	2.829	4.703
6	-5.809	2.829	0.855
450	-5.742	2.878	7.672
242	-5.729	2.832	7.313
263	-5.729	2.832	5.058
283	-5.729	2.832	2.086
427	-5.729	2.833	5.058
434	-5.729	2.832	7.333
446	-5.729	2.832	7.326
448	-5.729	2.832	7.303
311	-5.728	2.832	7.329
369	-5.728	2.833	10.982
383	-5.728	2.832	6.560
400	-5.728	2.832	11.070
408	-5.728	2.831	7.335
507	-5.727	2.834	7.307
523	-5.727	2.832	2.948
486	-5.727	2.832	2.946
527	-5.727	2.832	4.964
539	-5.727	2.833	6.693
541	-5.727	2.832	7.099
419	-5.727	2.828	12.552
292	-5.726	2.839	1.855
470	-5.726	2.832	12.569
196	-5.725	2.359	2.811
553	-5.724	2.839	2.821
338	-5.723	2.838	12.566
551	-5.719	2.347	9.049
200	-5.694	2.848	6.150
474	-5.685	2.713	9.612
275	-5.684	2.703	5.645
550	-5.673	2.692	3.072
219	-5.649	2.733	4.473
556	-5.642	2.009	5.811
340	-5.617	2.845	12.174
48	-5.562	2.947	1.542
88	-5.548	2.125	5.424
509	-5.526	3.787	9.052
271	-5.498	2.079	5.428
233	-5.305	2.759	3.293
279	-5.305	2.759	8.884
416	-5.305	2.759	5.329
411	-5.294	2.758	8.888
18	-5.293	2.759	12.537
21	-5.293	2.759	9.783
33	-5.293	2.759	10.855
325	-5.292	2.759	9.770
342	-5.292	2.759	11.545
358	-5.292	2.759	8.726
362	-5.292	2.759	9.734
365	-5.292	2.759	9.725
370	-5.292	2.759	12.091
380	-5.292	2.759	4.420
300	-5.292	2.759	4.464
301	-5.292	2.759	5.139
319	-5.291	2.759	4.354
478	-5.291	2.759	12.078
555	-5.291	2.759	9.097
63	-5.289	2.759	4.448
77	-5.288	2.759	11.310
112	-5.288	2.759	9.810
104	-5.288	2.759	9.138
188	-5.287	2.759	10.160
166	-5.287	2.759	13.738
10	-5.279	2.759	8.954
227	-5.213	2.761	7.270
422	-5.211	2.760	6.688
417	-5.211	2.760	8.019
455	-5.211	2.760	7.814
476	-5.211	2.760	10.542
310	-5.210	3.788	9.506
401	-5.205	3.787	10.837
389	-5.200	3.787	10.319
420	-5.028	2.160	2.439
128	-5.002	2.593	2.743
214	-4.983	2.632	8.439
453	-4.982	2.632	7.148
445	-4.981	2.663	8.466
11	-4.968	2.608	2.993
45	-4.964	2.632	1.097
15	-4.964	2.623	7.829
199	-4.964	2.627	2.914
119	-4.964	2.624	9.569
103	-4.963	2.623	10.082
64	-4.963	2.627	2.971
105	-4.963	2.619	8.543
190	-4.961	2.640	7.079
528	-4.928	2.404	10.958
432	-4.922	2.006	2.898
195	-4.918	2.007	9.914
363	-4.914	2.006	7.593
466	-4.913	2.007	8.462
169	-4.910	2.864	3.464
368	-4.905	2.868	8.662
382	-4.905	2.866	12.854
439	-4.900	2.392	5.216
236	-4.889	2.651	3.558
211	-4.888	2.653	7.465
344	-4.887	2.653	12.203
429	-4.887	2.649	7.363
424	-4.886	2.653	12.194
414	-4.886	2.653	6.516
108	-4.885	2.647	12.693
82	-4.884	2.651	12.509
269	-4.881	2.003	11.165
546	-4.864	2.005	6.318
492	-4.829	0.210	11.541
423	-4.828	2.874	11.553
62	-4.820	2.870	10.502
100	-4.819	2.873	11.279
74	-4.819	2.873	12.618
90	-4.819	2.874	12.621
71	-4.819	2.872	9.354
72	-4.819	2.871	9.894
202	-4.818	2.875	10.092
361	-4.813	2.877	0.177
336	-4.813	2.876	2.308
398	-4.813	2.878	9.730
410	-4.813	2.875	1.253
298	-4.813	2.875	1.255
306	-4.812	2.877	2.579
526	-4.797	2.002	6.510
54	-4.764	2.872	3.099
460	-4.752	1.460	5.098
406	-4.752	2.316	5.097
237	-4.719	1.994	5.095
225	-4.719	0.880	5.104
147	-4.715	2.889	5.218
222	-4.713	2.891	2.668
397	-4.710	2.891	1.801
558	-4.710	2.887	1.884
532	-4.709	2.888	3.268
213	-4.708	0.882	8.831
1271	-4.679	3.997	5.601
1299	-4.629	3.929	11.940
433	-4.592	2.340	9.914
287	-4.582	2.318	6.123
502	-4.575	3.993	6.126
229	-4.574	3.993	6.124
322	-4.571	3.945	8.494
500	-4.571	3.946	8.450
489	-4.571	3.946	8.448
126	-4.564	3.993	7.147
175	-4.564	3.993	7.148
208	-4.563	3.947	2.396
197	-4.558	3.946	8.436
143	-4.556	3.958	12.575
142	-4.552	3.926	12.115
428	-4.477	3.942	7.803
234	-4.476	3.942	2.970
1293	-4.473	3.942	7.775
471	-4.473	3.940	2.970
560	-4.472	3.942	12.218
43	-4.472	3.941	4.111
304	-4.472	3.940	7.900
345	-4.472	3.940	3.304
346	-4.472	3.940	12.335
353	-4.472	3.941	6.347
403	-4.472	3.940	3.067
314	-4.472	3.940	2.900
326	-4.472	3.940	12.374
512	-4.472	3.940	2.896
46	-4.471	3.941	9.945
243	-4.471	3.941	3.834
504	-4.469	3.966	10.035
137	-4.460	3.940	2.172
154	-4.460	3.940	12.427
172	-4.460	3.940	12.423
144	-4.460	3.940	6.489
148	-4.460	3.940	5.218
152	-4.460	3.940	6.384
70	-4.459	3.941	6.492
84	-4.459	3.940	6.492
85	-4.459	3.941	7.040
96	-4.459	3.941	6.522
97	-4.459	3.941	6.800
187	-4.459	3.940	12.705
384	-4.446	3.984	11.144
328	-4.446	3.984	11.199
297	-4.446	3.984	3.739
248	-4.445	3.985	7.049
156	-4.435	3.985	11.137
125	-4.433	3.985	4.738
449	-4.284	2.316	6.364
415	-4.098	2.664	3.367
467	-4.098	2.663	3.376
561	-4.059	2.671	8.481
438	-4.059	2.670	3.754
1348	-4.056	2.671	12.534
437	-4.053	2.670	12.536
517	-4.052	2.669	8.749
540	-3.650	3.197	8.545
511	-3.644	3.105	8.695
308	-3.644	3.164	9.479
