1214	-7.190	0.000	7.315
1242	-7.081	2.427	7.349
1311	-6.821	2.420	12.553
1245	-6.819	2.424	9.644
1233	-6.815	2.422	4.709
1210	-6.715	2.422	15.562
1213	-6.715	2.420	12.847
1219	-6.705	2.402	9.051
1329	-6.699	2.422	5.947
1335	-6.699	2.421	15.565
1250	-6.697	2.427	5.565
1239	-6.693	2.417	5.564
1315	-6.693	2.404	6.299
1228	-6.690	2.417	5.933
1346	-6.483	2.210	5.134
1360	-6.122	0.090	5.809
1313	-6.095	2.184	5.212
1364	-5.983	2.260	5.849
1244	-5.960	2.253	5.849
1323	-5.904	2.231	12.846
1225	-5.865	2.277	14.081
1236	-5.761	2.424	15.058
1254	-5.759	2.417	1.559
1291	-5.756	2.428	0.661
1260	-5.663	1.901	6.071
1340	-5.479	0.981	14.157
1288	-4.953	1.825	7.910
1218	-4.942	1.897	6.354
1331	-4.207	3.765	7.384
1261	-4.135	3.851	13.213
1273	-3.999	2.295	4.419
1279	-3.901	2.444	9.119
1282	-3.871	2.557	8.883
1330	-3.855	2.625	13.392
1257	-3.842	2.654	7.885
1327	-3.837	2.696	4.417
1316	-3.830	2.571	5.485
1341	-3.796	2.743	8.251
1354	-3.786	2.439	7.621
1283	-3.686	2.894	7.645
1278	-3.634	3.859	8.410
1200	-3.429	3.502	12.315
1274	-3.398	3.664	12.418
1366	-3.377	2.501	9.684
1270	-2.690	3.608	3.366
