1230	-4.964	0.000	8.567
206	-4.694	3.927	12.702
217	-4.685	3.931	4.303
327	-4.684	3.930	5.009
309	-4.683	3.931	5.009
244	-4.678	3.941	5.926
145	-4.675	3.932	6.197
106	-4.674	3.938	11.766
198	-4.283	3.602	7.639
499	-4.276	3.600	3.401
1267	-4.276	3.599	2.133
1286	-4.276	3.601	6.541
1297	-4.276	3.600	2.001
241	-4.275	3.600	7.222
284	-4.274	3.604	6.547
1292	-3.749	1.897	4.593
1181	-3.747	1.895	5.271
1232	-3.663	1.800	7.471
1193	-3.662	1.929	7.478
1252	-3.643	2.644	4.812
1259	-3.643	2.657	13.538
1185	-3.634	2.639	8.410
1194	-3.609	2.662	8.420
1189	-3.607	2.661	7.453
1356	-3.577	1.887	8.118
1358	-3.576	1.880	7.986
1343	-3.576	1.871	7.986
1339	-3.575	1.861	9.687
1275	-3.568	1.894	9.777
1220	-3.568	1.892	9.505
1266	-3.568	1.875	14.468
1295	-3.568	1.868	9.024
1202	-3.567	1.897	8.936
1249	-3.567	1.869	10.815
1255	-3.566	1.867	8.981
1182	-3.565	1.853	11.463
1304	-3.556	1.829	10.310
1365	-3.535	1.697	9.612
1309	-3.519	1.669	7.135
1223	-3.518	1.901	7.135
1204	-3.512	1.890	7.133
1284	-3.511	1.877	3.033
1203	-3.510	1.850	3.033
1310	-3.509	1.870	5.742
1208	-3.508	1.890	5.741
258	-3.418	1.705	12.421
1314	-3.393	2.667	4.508
1306	-3.393	2.670	6.533
1312	-3.393	2.669	11.066
1246	-3.388	2.670	9.217
1359	-3.383	2.409	4.532
1243	-3.381	2.636	4.521
1332	-3.381	2.388	9.652
1186	-3.380	2.662	8.100
1183	-3.379	2.671	8.107
1207	-3.368	2.643	11.221
1305	-3.363	2.679	9.590
1333	-3.362	2.687	7.758
1212	-3.362	2.333	7.764
1355	-3.163	1.797	7.438
1280	-2.844	2.583	7.765
1296	-2.844	2.587	2.836
1248	-2.844	2.583	9.302
1221	-2.826	2.588	5.580
1352	-1.894	3.530	6.984
