1488	-7.487	0.000	11.542
1416	-7.438	1.904	7.305
1406	-7.437	1.904	6.160
1515	-7.437	1.904	6.167
1444	-7.437	1.904	4.702
1494	-7.437	1.904	0.855
1432	-7.434	1.897	1.103
1454	-7.423	1.902	1.556
1435	-7.410	1.891	11.718
1436	-7.409	1.892	9.118
1423	-7.399	1.893	7.676
1490	-6.477	3.287	5.005
1464	-6.476	3.287	5.147
1495	-6.476	3.288	5.148
1503	-6.476	3.288	4.553
1409	-6.476	3.288	7.304
1528	-6.476	3.288	4.657
1479	-6.466	3.286	6.168
1480	-6.466	3.286	4.702
1485	-6.466	3.286	4.702
1491	-6.466	3.286	0.855
1392	-6.465	3.286	1.103
1393	-6.465	3.286	1.103
1396	-6.465	3.286	5.857
1397	-6.465	3.286	0.850
1401	-6.465	3.286	5.851
1402	-6.465	3.286	9.640
1403	-6.465	3.286	0.000
1404	-6.465	3.286	5.921
1458	-6.465	3.286	6.372
1460	-6.465	3.286	9.705
1461	-6.465	3.286	5.481
1471	-6.465	3.286	7.626
1474	-6.465	3.286	1.558
1486	-6.465	3.286	5.418
1496	-6.465	3.286	5.730
1499	-6.465	3.286	5.426
1501	-6.465	3.286	5.870
1502	-6.465	3.286	5.865
1504	-6.465	3.286	7.673
1516	-6.465	3.286	2.211
1519	-6.465	3.286	5.675
1520	-6.465	3.286	2.098
1529	-6.465	3.286	14.636
1533	-6.465	3.286	5.059
1518	-6.465	3.286	5.059
1410	-6.464	3.286	7.317
1412	-6.464	3.286	5.058
1419	-6.464	3.286	7.305
1421	-6.464	3.286	7.328
1422	-6.464	3.286	7.326
1430	-6.464	3.286	7.329
1368	-6.461	3.286	7.349
1369	-6.461	3.286	7.317
1370	-6.461	3.286	5.058
1372	-6.461	3.286	9.521
1373	-6.461	3.286	14.172
1374	-6.461	3.286	2.949
1376	-6.461	3.286	2.950
1377	-6.461	3.286	4.965
1378	-6.461	3.286	6.563
1383	-6.461	3.286	3.236
1384	-6.461	3.286	6.692
1386	-6.461	3.286	2.816
1447	-6.446	3.277	6.298
1487	-6.391	3.278	5.565
1514	-6.390	3.278	6.299
1497	-6.390	3.278	7.008
1522	-6.390	3.278	5.931
1415	-6.390	3.278	5.558
1467	-6.390	3.278	3.242
1459	-6.299	2.192	5.853
1399	-6.216	3.195	10.886
1379	-6.209	3.179	3.644
1381	-6.209	3.186	11.081
1450	-6.207	3.193	6.129
1414	-6.157	3.177	3.067
1407	-6.157	3.182	8.454
1457	-6.157	3.196	5.007
1439	-6.153	3.166	5.343
1506	-6.091	2.955	5.137
1498	-6.060	3.472	14.840
1525	-6.004	2.747	0.855
1434	-5.985	2.785	6.170
1375	-5.835	2.659	3.645
1507	-5.647	3.258	5.682
1472	-5.645	3.258	5.193
1508	-5.635	3.257	5.390
1456	-5.624	3.257	5.236
1462	-5.426	2.557	5.805
1387	-5.425	2.665	2.917
1391	-5.425	2.666	5.015
1408	-5.421	2.647	2.970
1483	-5.420	2.666	8.010
1527	-5.418	2.659	7.723
1424	-5.418	2.664	7.731
1417	-5.418	2.669	7.655
1427	-5.418	2.670	8.055
1470	-5.418	2.672	12.094
1524	-5.417	2.665	12.097
1509	-5.417	2.673	9.058
1489	-5.417	2.678	9.380
1455	-5.416	2.673	11.828
1534	-5.416	2.682	9.176
1443	-5.413	2.675	2.152
1433	-4.644	2.337	3.949
1418	-4.311	3.708	9.380
1453	-3.982	3.751	2.754
1478	-3.975	3.790	4.355
1466	-3.873	3.961	10.805
831	-3.858	3.517	2.811
1523	-3.855	3.761	9.374
1442	-3.838	3.885	7.952
