3	-5.361	0.000	6.368
473	-5.349	2.382	3.401
313	-5.349	2.385	7.638
315	-5.349	2.385	6.542
530	-5.348	2.386	6.541
506	-5.348	2.386	6.590
513	-5.348	2.385	6.539
519	-5.348	2.385	6.547
316	-5.347	2.405	6.593
483	-5.346	2.364	1.818
136	-5.336	2.385	13.184
99	-5.336	2.387	7.043
130	-5.336	2.382	5.143
138	-5.336	2.397	10.199
176	-5.335	2.373	7.404
205	-5.334	2.410	9.977
153	-5.334	2.385	9.175
194	-5.332	2.405	9.977
207	-5.298	2.450	3.757
191	-5.254	2.480	2.836
259	-5.221	2.394	7.965
349	-5.221	2.390	7.968
443	-5.221	2.392	8.750
264	-5.220	2.385	13.488
239	-5.220	2.390	5.069
373	-5.220	2.395	8.262
240	-5.220	2.391	12.564
252	-5.220	2.395	7.472
413	-5.219	2.382	8.050
47	-5.218	2.377	5.123
268	-5.218	2.404	7.690
230	-5.217	2.361	12.878
124	-5.208	2.395	9.511
127	-5.207	2.390	9.516
272	-5.206	2.442	8.817
66	-5.205	2.384	8.816
162	-5.195	2.428	10.072
468	-5.190	0.467	12.619
392	-5.190	0.426	12.561
14	-5.189	0.430	9.893
76	-5.183	0.455	9.821
514	-5.174	2.987	0.181
404	-5.119	0.521	2.963
409	-5.119	0.501	2.565
465	-5.118	0.549	6.515
302	-5.116	0.469	6.508
123	-5.114	0.541	3.093
109	-5.113	0.525	5.101
91	-5.111	0.511	5.101
92	-5.111	0.517	5.216
98	-5.106	0.522	5.108
231	-5.068	0.534	1.225
220	-5.068	0.490	5.012
212	-5.067	0.544	5.599
418	-5.067	0.505	0.200
447	-5.066	0.494	6.194
281	-5.066	0.470	8.461
257	-5.065	0.528	11.771
44	-5.065	0.516	3.810
329	-5.064	0.543	3.929
320	-5.064	0.513	3.928
352	-5.064	0.486	11.663
155	-5.063	1.930	8.886
267	-5.062	0.398	6.297
139	-5.059	0.534	3.944
193	-5.059	0.508	8.883
73	-5.059	0.514	8.537
52	-5.059	0.508	9.018
80	-5.059	0.495	9.026
475	-5.059	0.406	9.022
160	-5.058	0.512	11.805
56	-5.008	0.836	6.123
485	-4.917	1.266	9.904
396	-4.885	2.170	4.636
94	-4.876	2.307	7.259
245	-4.842	2.310	6.567
354	-4.841	2.338	8.216
425	-4.797	2.354	3.195
203	-4.796	2.317	6.509
1231	-4.660	3.966	5.854
376	-4.401	2.446	12.129
412	-4.374	2.300	6.287
238	-4.306	2.298	9.380
228	-4.305	2.299	11.828
270	-4.305	2.298	9.174
548	-4.303	2.299	1.954
547	-4.294	2.281	1.594
83	-4.294	1.983	2.141
170	-4.293	2.299	2.142
121	-4.292	2.298	1.719
157	-4.292	2.297	3.447
114	-4.290	2.294	1.713
388	-4.146	1.986	5.147
307	-4.143	2.005	10.644
223	-4.143	0.300	10.191
282	-4.142	0.340	7.454
356	-4.138	0.320	5.164
348	-4.138	0.307	9.976
482	-4.138	0.304	10.168
381	-4.137	0.341	10.167
367	-4.137	0.312	10.214
516	-4.137	0.308	10.832
542	-4.137	0.307	10.242
357	-4.135	0.227	9.983
189	-4.134	1.987	8.458
204	-4.131	0.306	8.186
117	-4.131	0.300	8.186
182	-4.130	0.310	13.208
180	-4.130	0.298	3.141
1322	-3.880	3.919	4.448
1342	-3.880	3.920	9.817
1302	-3.880	3.921	10.547
1258	-3.875	3.919	7.455
1265	-3.875	3.919	9.119
1251	-3.875	3.919	10.563
1198	-3.859	3.912	8.953
1206	-3.859	3.917	4.389
1188	-3.859	3.917	9.080
1256	-3.845	3.916	2.838
1262	-3.843	3.917	4.608
1190	-3.835	3.915	7.597
1298	-3.810	3.893	8.496
1197	-3.799	3.892	8.511
1264	-3.746	3.562	7.618
1337	-3.699	3.547	8.201
1234	-3.680	3.521	5.088
1184	-3.664	3.519	12.595
1217	-3.662	3.518	7.470
122	-3.648	3.541	5.119
1238	-3.558	3.579	12.914
1224	-3.546	3.571	12.705
1195	-3.543	3.575	9.863
1321	-3.538	3.773	12.388
1328	-3.538	3.772	9.197
1363	-3.538	3.769	9.654
1345	-3.533	3.769	9.332
1338	-3.532	3.783	1.140
1222	-3.529	3.771	1.841
1276	-3.529	3.562	1.160
1272	-3.529	3.574	9.533
1187	-3.526	3.769	1.606
1240	-3.523	3.632	2.060
1247	-3.517	3.658	7.133
1281	-3.484	3.552	6.695
1361	-3.483	3.554	5.840
1362	-3.483	3.552	6.708
543	-3.481	3.552	6.700
562	-3.481	3.554	6.683
1320	-3.481	3.553	13.793
1290	-3.481	3.561	1.034
1301	-3.477	3.781	3.110
1351	-3.476	3.781	8.753
140	-3.469	3.553	11.906
184	-3.469	3.553	12.124
1191	-3.467	3.550	4.809
1196	-3.466	3.549	6.896
1289	-3.456	3.673	6.197
1336	-3.440	3.877	5.789
1326	-3.436	3.812	6.190
1277	-3.435	3.859	6.810
1294	-3.329	3.875	7.429
286	-3.234	1.446	7.441
1357	-3.156	3.907	7.438
1268	-3.139	3.942	7.430
535	-3.060	1.407	12.784
31	-3.034	1.410	7.962
