1428	-14.225	0.000	0.000
1449	-14.139	0.084	0.000
1439	-14.138	0.096	0.000
1400	-14.071	0.093	0.000
1330	-14.023	3.930	0.000
1406	-13.901	0.223	0.000
1416	-13.621	3.099	0.000
1359	-13.574	2.269	0.000
1484	-13.561	2.492	0.000
1413	-13.543	2.480	0.000
1495	-13.494	2.820	0.000
1444	-13.425	3.999	0.000
1370	-13.274	3.130	0.000
1476	-13.216	2.200	0.000
1498	-13.214	2.141	0.000
1452	-13.213	2.288	0.000
1407	-13.208	2.213	0.000
1422	-13.208	2.176	0.000
1393	-13.207	2.253	0.000
1386	-12.970	3.548	0.000
1461	-12.866	3.070	0.000
1361	-12.762	2.231	0.000
1369	-12.761	2.231	0.000
1364	-12.749	2.244	0.000
1471	-12.742	2.229	0.000
1463	-12.653	3.163	0.000
1329	-12.537	2.473	0.000
1433	-12.180	2.808	0.000
1464	-12.073	1.742	0.000
1356	-12.020	3.179	0.000
1384	-11.801	3.711	0.000
1491	-11.790	2.010	0.000
1363	-11.766	2.804	0.000
1418	-11.764	2.815	0.000
1367	-11.740	2.564	0.000
1487	-11.621	3.636	0.000
1477	-11.354	3.390	0.000
1388	-11.320	3.773	0.000
1462	-11.247	3.850	0.000
1499	-11.236	3.900	0.000
1442	-10.879	3.904	0.000
1381	-10.194	3.073	0.000
1358	-10.194	3.068	0.000
1460	-10.187	3.088	0.000
1396	-9.929	3.448	0.000
1408	-9.463	3.816	0.000
1492	-9.409	3.158	0.000
1346	-9.351	3.322	0.000
1395	-9.348	3.315	0.000
1475	-8.993	2.862	0.000
1342	-8.218	3.770	0.000
