624	-14.253	0.000	0.000
469	-14.253	0.002	0.000
471	-14.191	0.003	0.000
513	-14.191	0.004	0.000
627	-14.190	0.004	0.000
497	-14.190	0.004	0.000
628	-14.047	3.270	0.000
654	-14.021	2.878	0.000
544	-13.933	3.265	0.000
577	-13.933	3.266	0.000
464	-13.931	3.265	0.000
488	-13.923	3.264	0.000
564	-13.894	3.256	0.000
712	-13.813	3.267	0.000
531	-13.813	3.274	0.000
528	-13.812	3.264	0.000
647	-13.810	3.329	0.000
735	-13.804	3.278	0.000
468	-13.803	3.285	0.000
477	-13.758	3.249	0.000
507	-13.733	0.515	0.000
481	-13.715	3.231	0.000
633	-13.673	0.516	0.000
759	-13.656	3.396	0.000
518	-13.608	3.529	0.000
607	-13.584	0.503	0.000
719	-13.558	3.752	0.000
721	-13.558	3.752	0.000
556	-13.540	0.477	0.000
539	-13.540	0.478	0.000
608	-13.538	0.478	0.000
761	-13.538	0.490	0.000
701	-13.536	0.477	0.000
672	-13.536	0.489	0.000
693	-13.535	0.482	0.000
641	-13.534	3.755	0.000
530	-13.508	0.476	0.000
674	-13.505	0.478	0.000
527	-13.505	0.490	0.000
509	-13.498	0.459	0.000
739	-13.498	3.750	0.000
688	-13.495	0.506	0.000
700	-13.473	0.491	0.000
753	-13.450	0.536	0.000
572	-13.339	0.212	0.000
582	-13.338	0.213	0.000
720	-13.310	0.577	0.000
648	-13.158	0.483	0.000
679	-13.142	3.321	0.000
734	-13.139	3.287	0.000
632	-13.052	0.626	0.000
548	-12.751	2.978	0.000
541	-12.729	2.974	0.000
649	-12.661	2.974	0.000
496	-12.660	2.974	0.000
630	-12.659	2.981	0.000
604	-12.564	3.059	0.000
661	-12.556	3.056	0.000
543	-12.542	3.083	0.000
486	-12.540	3.058	0.000
740	-12.529	3.050	0.000
667	-12.528	3.050	0.000
598	-12.527	3.050	0.000
566	-12.519	3.062	0.000
479	-12.502	3.054	0.000
491	-12.502	3.056	0.000
621	-12.490	2.481	0.000
568	-12.474	2.975	0.000
610	-12.389	2.471	0.000
732	-12.377	2.582	0.000
639	-12.362	2.491	0.000
602	-12.338	2.658	0.000
659	-12.317	2.255	0.000
546	-12.220	2.884	0.000
521	-12.146	2.671	0.000
747	-11.953	2.463	0.000
594	-11.901	2.690	0.000
578	-11.900	2.680	0.000
687	-11.900	2.689	0.000
592	-11.899	2.683	0.000
542	-11.899	2.690	0.000
676	-11.899	2.682	0.000
605	-11.872	2.879	0.000
517	-11.852	2.690	0.000
510	-11.847	2.703	0.000
706	-11.775	2.351	0.000
645	-11.755	2.830	0.000
741	-11.560	2.400	0.000
725	-11.438	3.220	0.000
742	-11.437	3.229	0.000
655	-11.342	3.273	0.000
637	-10.983	3.960	0.000
743	-9.206	3.350	0.000
