777	-14.509	0.000	0.000
881	-13.635	1.059	0.000
812	-13.547	1.433	0.000
788	-13.328	3.510	0.000
823	-13.296	3.509	0.000
856	-13.295	2.069	0.000
975	-13.283	3.518	0.000
799	-13.279	3.512	0.000
996	-12.789	3.276	0.000
776	-12.761	3.563	0.000
818	-12.719	3.533	0.000
821	-12.684	3.561	0.000
826	-12.673	3.623	0.000
1001	-12.668	3.596	0.000
916	-12.643	3.586	0.000
911	-12.634	3.603	0.000
792	-12.629	3.410	0.000
951	-12.577	3.455	0.000
772	-12.570	3.403	0.000
979	-12.568	3.466	0.000
775	-12.542	3.873	0.000
1009	-12.538	3.465	0.000
960	-12.530	3.480	0.000
825	-12.523	3.456	0.000
976	-12.507	3.466	0.000
900	-12.482	3.449	0.000
1027	-12.482	3.449	0.000
802	-12.480	3.767	0.000
904	-12.478	3.417	0.000
227	-12.405	3.862	0.000
828	-12.400	3.968	0.000
231	-12.398	3.789	0.000
234	-12.288	3.935	0.000
968	-12.095	3.585	0.000
813	-11.919	2.934	0.000
981	-11.901	3.544	0.000
927	-11.804	2.925	0.000
169	-11.692	3.383	0.000
991	-11.551	3.397	0.000
1010	-11.421	3.681	0.000
860	-11.250	3.980	0.000
1011	-11.242	3.673	0.000
787	-11.108	1.935	0.000
841	-10.983	3.289	0.000
831	-10.972	3.286	0.000
404	-10.965	3.526	0.000
985	-10.407	3.718	0.000
