862	-13.248	0.000	0.000
1034	-13.065	0.650	0.000
925	-12.640	1.241	0.000
848	-12.640	1.240	0.000
1031	-12.624	1.239	0.000
964	-12.622	1.240	0.000
876	-12.376	1.296	0.000
1052	-12.367	1.297	0.000
929	-11.794	1.236	0.000
974	-11.323	1.158	0.000
962	-11.058	3.058	0.000
977	-10.921	2.803	0.000
953	-10.921	2.786	0.000
1039	-10.912	2.660	0.000
915	-10.912	2.628	0.000
980	-10.911	2.594	0.000
1021	-10.884	2.894	0.000
924	-10.881	2.831	0.000
946	-10.878	2.843	0.000
952	-9.329	3.685	0.000
1051	-8.985	3.311	0.000
1049	-8.985	3.291	0.000
1025	-8.783	2.793	0.000
