5	-13.720	0.000	0.000
2	-13.720	0.012	0.000
341	-13.340	3.618	0.000
69	-13.197	3.885	0.000
199	-13.168	3.619	0.000
460	-13.155	3.632	0.000
17	-13.126	0.069	0.000
355	-13.110	3.672	0.000
1036	-13.011	3.639	0.000
336	-12.996	2.934	0.000
168	-12.991	2.964	0.000
786	-12.832	3.733	0.000
907	-12.814	3.713	0.000
274	-12.807	3.705	0.000
360	-12.798	3.627	0.000
335	-12.747	3.704	0.000
337	-12.747	3.703	0.000
370	-12.728	1.653	0.000
374	-12.728	1.672	0.000
901	-12.692	3.644	0.000
779	-12.689	3.759	0.000
939	-12.585	3.748	0.000
842	-12.531	3.791	0.000
972	-12.445	3.359	0.000
943	-12.443	3.165	0.000
949	-12.387	2.281	0.000
297	-12.365	2.400	0.000
932	-12.334	3.477	0.000
893	-12.201	3.111	0.000
419	-11.962	2.119	0.000
414	-11.960	2.858	0.000
382	-11.953	2.105	0.000
832	-11.894	3.872	0.000
402	-11.769	2.007	0.000
180	-11.702	3.601	0.000
161	-11.614	3.786	0.000
438	-11.411	3.129	0.000
1008	-10.232	3.613	0.000
420	-9.988	3.665	0.000
910	-9.804	3.955	0.000
878	-9.646	3.960	0.000
