663	-13.138	0.000	0.000
650	-12.922	0.366	0.000
549	-12.895	0.360	0.000
557	-12.895	0.361	0.000
638	-12.894	0.361	0.000
702	-12.844	0.486	0.000
490	-12.840	0.403	0.000
671	-12.839	0.485	0.000
1596	-12.835	2.700	0.000
1501	-12.815	0.485	0.000
619	-12.815	0.484	0.000
580	-12.815	0.486	0.000
657	-12.778	0.087	0.000
525	-12.749	0.068	0.000
1584	-12.720	0.287	0.000
1578	-12.593	2.667	0.000
729	-12.581	0.758	0.000
745	-12.362	3.386	0.000
717	-12.289	3.380	0.000
500	-12.246	3.378	0.000
1622	-12.236	2.826	0.000
1552	-12.202	0.453	0.000
1544	-11.896	2.762	0.000
567	-11.358	2.028	0.000
1508	-11.122	2.851	0.000
1516	-11.122	2.849	0.000
1517	-11.031	2.856	0.000
1538	-11.029	3.040	0.000
590	-10.968	2.884	0.000
1582	-10.963	2.843	0.000
1554	-10.943	3.761	0.000
1531	-10.938	3.036	0.000
1566	-10.930	3.036	0.000
678	-10.865	3.022	0.000
1527	-10.826	3.790	0.000
1546	-10.697	3.776	0.000
1540	-10.693	3.763	0.000
1590	-10.051	3.687	0.000
