959	-15.686	0.000	0.000
796	-15.639	1.386	0.000
999	-15.620	1.386	0.000
861	-15.618	1.388	0.000
767	-15.617	1.389	0.000
839	-15.617	1.391	0.000
833	-14.955	1.675	0.000
993	-14.909	1.909	0.000
990	-14.771	1.534	0.000
933	-14.730	1.775	0.000
898	-14.478	3.056	0.000
908	-14.424	3.043	0.000
1019	-14.320	3.884	0.000
969	-14.319	3.884	0.000
958	-14.229	2.347	0.000
1002	-14.228	2.347	0.000
223	-14.161	2.349	0.000
887	-14.147	2.347	0.000
869	-14.136	2.389	0.000
790	-14.120	2.389	0.000
811	-14.118	2.390	0.000
973	-14.060	3.902	0.000
1013	-14.060	2.117	0.000
834	-14.049	2.209	0.000
1041	-14.043	2.352	0.000
1042	-14.031	2.355	0.000
859	-14.030	3.186	0.000
235	-14.018	2.385	0.000
920	-14.017	2.384	0.000
782	-14.017	2.383	0.000
858	-14.016	2.384	0.000
970	-14.016	2.384	0.000
768	-14.015	2.384	0.000
773	-14.015	2.384	0.000
847	-14.014	2.385	0.000
321	-13.982	3.187	0.000
273	-13.972	3.187	0.000
173	-13.932	3.192	0.000
934	-13.880	2.369	0.000
1033	-13.817	2.315	0.000
822	-13.812	2.347	0.000
166	-13.799	2.354	0.000
416	-13.794	2.398	0.000
373	-13.684	2.421	0.000
1032	-13.652	2.405	0.000
922	-13.584	3.151	0.000
814	-13.574	3.145	0.000
766	-13.547	2.064	0.000
778	-13.514	2.063	0.000
846	-13.500	2.077	0.000
886	-13.489	3.890	0.000
198	-13.488	3.015	0.000
937	-13.488	3.889	0.000
883	-13.488	3.890	0.000
917	-13.488	3.890	0.000
992	-13.443	3.116	0.000
928	-13.426	2.159	0.000
957	-13.236	2.844	0.000
984	-13.128	2.807	0.000
816	-13.125	2.848	0.000
835	-13.097	2.681	0.000
820	-13.051	2.793	0.000
863	-13.050	2.731	0.000
966	-13.049	2.390	0.000
994	-13.048	2.421	0.000
824	-13.047	2.386	0.000
794	-13.020	2.842	0.000
1040	-13.018	2.833	0.000
781	-12.984	2.663	0.000
896	-12.979	3.030	0.000
987	-12.975	2.247	0.000
785	-12.964	2.787	0.000
793	-12.954	2.795	0.000
1028	-12.937	3.920	0.000
1029	-12.935	1.915	0.000
774	-12.931	2.791	0.000
830	-12.929	2.786	0.000
1003	-12.898	3.030	0.000
444	-12.858	2.836	0.000
1054	-12.838	2.789	0.000
352	-12.826	2.792	0.000
447	-12.794	2.814	0.000
237	-12.695	2.782	0.000
850	-12.467	2.852	0.000
390	-12.155	3.990	0.000
884	-12.056	3.366	0.000
989	-12.032	3.095	0.000
400	-11.963	3.108	0.000
366	-11.771	3.456	0.000
913	-11.505	3.910	0.000
791	-11.024	3.517	0.000
950	-10.907	3.389	0.000
807	-10.763	3.514	0.000
914	-10.567	3.491	0.000
871	-10.447	3.824	0.000
1048	-10.414	3.453	0.000
837	-9.929	3.731	0.000
879	-9.720	3.615	0.000
1047	-9.363	2.891	0.000
