1202	-16.648	0.000	0.000
1224	-16.648	0.001	0.000
1226	-16.648	0.001	0.000
1295	-16.647	0.011	0.000
1072	-16.647	0.001	0.000
1162	-16.647	0.001	0.000
1163	-16.647	0.001	0.000
1327	-16.646	0.021	0.000
1123	-16.634	0.058	0.000
1068	-16.619	0.006	0.000
1208	-16.601	0.005	0.000
1086	-16.600	0.005	0.000
1119	-16.579	0.008	0.000
1164	-16.579	0.008	0.000
1239	-16.385	0.256	0.000
1271	-15.694	0.811	0.000
1231	-15.586	1.467	0.000
1165	-15.479	1.559	0.000
1212	-14.894	3.137	0.000
1290	-14.893	3.161	0.000
1298	-13.996	3.957	0.000
1195	-13.970	3.958	0.000
1147	-13.970	3.957	0.000
1152	-13.859	3.345	0.000
1270	-13.746	3.220	0.000
1104	-13.653	3.197	0.000
1107	-13.650	3.008	0.000
1294	-13.338	2.151	0.000
1219	-13.203	3.187	0.000
1117	-13.109	2.407	0.000
1216	-12.908	2.459	0.000
1200	-12.887	3.427	0.000
1240	-12.855	3.036	0.000
1227	-12.776	2.131	0.000
1317	-12.662	2.139	0.000
1260	-12.504	2.819	0.000
1237	-12.485	2.819	0.000
1213	-12.425	2.778	0.000
1281	-11.672	2.032	0.000
1266	-10.687	3.871	0.000
1262	-10.646	3.909	0.000
