4	-18.264	0.000	0.000
23	-18.251	0.002	0.000
1333	-17.953	0.030	0.000
6	-17.942	0.032	0.000
19	-17.940	0.034	0.000
11	-17.934	0.069	0.000
40	-17.154	0.090	0.000
53	-17.154	0.089	0.000
59	-17.154	0.090	0.000
66	-17.154	0.091	0.000
50	-17.154	0.091	0.000
124	-17.149	0.137	0.000
13	-16.795	2.579	0.000
411	-16.257	3.491	0.000
159	-16.254	0.107	0.000
131	-16.174	2.612	0.000
1331	-16.173	2.595	0.000
436	-16.076	2.115	0.000
37	-15.914	3.951	0.000
309	-15.774	2.614	0.000
99	-15.482	0.450	0.000
280	-15.475	3.964	0.000
397	-15.472	3.964	0.000
43	-15.224	3.759	0.000
16	-14.976	3.200	0.000
204	-14.961	0.501	0.000
1328	-14.826	3.374	0.000
8	-14.811	3.656	0.000
1365	-14.679	3.111	0.000
244	-14.568	1.893	0.000
15	-14.446	2.622	0.000
256	-14.312	3.494	0.000
238	-14.171	2.031	0.000
1332	-13.932	3.899	0.000
955	-13.869	3.974	0.000
34	-13.725	1.231	0.000
1352	-13.678	3.463	0.000
142	-13.669	3.181	0.000
255	-13.662	3.183	0.000
224	-13.662	3.184	0.000
119	-13.658	3.182	0.000
128	-13.640	3.030	0.000
1467	-13.512	3.123	0.000
365	-13.421	2.784	0.000
72	-13.355	3.949	0.000
196	-13.329	3.989	0.000
228	-13.312	3.948	0.000
80	-13.311	3.950	0.000
89	-13.296	3.933	0.000
152	-13.260	2.753	0.000
433	-13.234	3.963	0.000
424	-13.204	2.901	0.000
368	-13.193	2.741	0.000
384	-13.192	2.739	0.000
395	-13.192	2.742	0.000
406	-13.192	3.968	0.000
314	-13.191	2.746	0.000
261	-13.191	2.741	0.000
322	-13.153	3.405	0.000
364	-13.084	3.005	0.000
421	-12.987	3.062	0.000
103	-12.960	2.634	0.000
189	-12.953	2.634	0.000
1394	-12.903	3.421	0.000
401	-12.790	2.738	0.000
410	-12.779	3.352	0.000
187	-12.442	2.632	0.000
1341	-12.233	3.329	0.000
252	-11.990	2.693	0.000
272	-11.803	2.862	0.000
308	-11.747	3.199	0.000
376	-11.704	3.695	0.000
136	-11.414	3.336	0.000
171	-11.360	2.980	0.000
1389	-10.923	3.313	0.000
220	-10.592	3.914	0.000
338	-9.618	2.817	0.000
