1553	-15.825	0.000	0.000
738	-14.865	2.902	0.000
1591	-14.841	1.048	0.000
562	-14.548	2.910	0.000
692	-14.505	2.912	0.000
726	-14.405	2.900	0.000
508	-14.269	2.646	0.000
635	-14.152	2.341	0.000
588	-14.128	2.641	0.000
644	-14.012	2.342	0.000
1574	-13.984	2.339	0.000
652	-13.964	2.653	0.000
762	-13.906	3.950	0.000
722	-13.885	2.649	0.000
668	-13.876	2.653	0.000
516	-13.828	3.792	0.000
620	-13.827	2.997	0.000
494	-13.826	3.782	0.000
643	-13.813	2.961	0.000
484	-13.813	2.967	0.000
709	-13.750	3.555	0.000
551	-13.745	2.943	0.000
716	-13.743	2.964	0.000
615	-13.720	3.548	0.000
595	-13.659	0.563	0.000
511	-13.655	2.976	0.000
748	-13.644	2.811	0.000
601	-13.626	1.341	0.000
670	-13.601	2.966	0.000
618	-13.583	3.656	0.000
746	-13.577	3.662	0.000
599	-13.553	2.943	0.000
579	-13.552	2.982	0.000
614	-13.547	3.661	0.000
626	-13.543	2.918	0.000
501	-13.536	1.151	0.000
474	-13.536	1.151	0.000
502	-13.536	1.151	0.000
485	-13.536	1.150	0.000
492	-13.536	1.150	0.000
519	-13.535	1.151	0.000
538	-13.488	3.754	0.000
1593	-13.379	2.398	0.000
506	-13.355	1.247	0.000
708	-13.298	3.823	0.000
703	-13.261	3.648	0.000
1559	-13.246	1.165	0.000
727	-13.230	3.929	0.000
634	-13.228	1.176	0.000
470	-13.192	1.714	0.000
499	-13.192	1.714	0.000
613	-13.172	2.998	0.000
1503	-12.962	2.359	0.000
1511	-12.962	2.357	0.000
1533	-12.961	2.365	0.000
1525	-12.961	2.355	0.000
503	-12.947	3.049	0.000
1588	-12.941	2.357	0.000
1621	-12.938	2.372	0.000
1558	-12.929	2.354	0.000
686	-12.923	2.355	0.000
560	-12.920	3.965	0.000
535	-12.917	3.066	0.000
754	-12.916	3.965	0.000
1605	-12.907	2.451	0.000
476	-12.905	3.072	0.000
585	-12.880	0.379	0.000
684	-12.795	3.120	0.000
512	-12.791	3.061	0.000
475	-12.768	2.196	0.000
1625	-12.766	1.944	0.000
482	-12.750	1.926	0.000
534	-12.749	1.916	0.000
1532	-12.684	1.923	0.000
1619	-12.637	1.972	0.000
1505	-12.606	2.963	0.000
1509	-12.606	2.962	0.000
1524	-12.604	2.962	0.000
591	-12.603	1.234	0.000
523	-12.599	1.232	0.000
612	-12.599	1.229	0.000
1580	-12.578	2.396	0.000
1565	-12.565	2.280	0.000
1543	-12.542	3.054	0.000
677	-12.537	2.910	0.000
1504	-12.529	3.073	0.000
589	-12.528	1.218	0.000
1518	-12.523	2.015	0.000
1526	-12.520	2.217	0.000
764	-12.518	3.353	0.000
1521	-12.492	2.842	0.000
1506	-12.463	3.025	0.000
730	-12.379	2.279	0.000
1539	-12.374	2.942	0.000
540	-12.294	2.339	0.000
662	-12.288	2.344	0.000
489	-12.176	2.935	0.000
555	-12.132	2.209	0.000
536	-12.123	2.928	0.000
1615	-12.121	3.884	0.000
713	-12.121	2.457	0.000
656	-12.119	2.288	0.000
1624	-12.106	3.900	0.000
664	-12.095	3.604	0.000
758	-12.083	3.591	0.000
597	-12.055	3.596	0.000
1570	-11.990	2.800	0.000
689	-11.944	3.546	0.000
603	-11.930	2.259	0.000
1542	-11.895	3.464	0.000
573	-11.871	3.851	0.000
718	-11.774	3.397	0.000
584	-11.755	2.282	0.000
609	-11.732	2.823	0.000
1602	-11.726	2.824	0.000
1522	-11.716	2.386	0.000
522	-11.715	2.312	0.000
515	-11.421	2.526	0.000
631	-11.371	2.424	0.000
707	-11.317	1.695	0.000
1549	-11.305	2.667	0.000
1595	-11.295	2.459	0.000
1512	-11.289	2.620	0.000
675	-11.134	2.539	0.000
498	-10.956	3.825	0.000
1536	-10.814	2.717	0.000
1609	-10.633	3.948	0.000
1535	-10.166	3.862	0.000
