29	-17.022	0.000	0.000
27	-16.973	0.424	0.000
127	-15.891	2.201	0.000
213	-15.848	0.623	0.000
107	-15.814	0.192	0.000
172	-15.808	0.295	0.000
1	-15.807	2.440	0.000
105	-15.676	0.204	0.000
3	-15.655	2.497	0.000
443	-15.604	0.122	0.000
177	-15.451	3.087	0.000
259	-15.449	3.138	0.000
225	-15.448	3.116	0.000
229	-15.435	3.059	0.000
85	-15.093	2.479	0.000
94	-14.998	1.969	0.000
435	-14.748	2.846	0.000
399	-14.466	2.485	0.000
129	-14.170	2.419	0.000
248	-14.114	1.210	0.000
139	-13.807	2.523	0.000
434	-13.756	3.697	0.000
415	-13.683	3.711	0.000
403	-13.660	3.662	0.000
340	-13.651	3.892	0.000
413	-13.538	3.815	0.000
63	-13.535	3.849	0.000
398	-13.514	1.954	0.000
35	-13.492	3.849	0.000
112	-13.491	3.842	0.000
79	-13.433	3.777	0.000
45	-13.336	2.587	0.000
930	-12.919	3.017	0.000
117	-12.620	3.744	0.000
163	-12.497	3.256	0.000
240	-12.243	3.060	0.000
76	-11.283	1.922	0.000
257	-11.098	3.184	0.000
100	-10.357	3.423	0.000
155	-10.314	3.253	0.000
116	-10.301	2.987	0.000
288	-10.100	3.337	0.000
232	-10.099	3.320	0.000
183	-10.083	3.325	0.000
