1412	-12.994	0.000	0.000
1337	-12.770	3.449	0.000
1336	-12.393	2.339	0.000
1441	-12.304	0.290	0.000
1334	-12.131	3.054	0.000
1421	-12.085	2.201	0.000
1405	-12.036	2.799	0.000
206	-12.021	3.067	0.000
1447	-12.004	0.580	0.000
1398	-11.970	2.378	0.000
1335	-11.956	3.064	0.000
1456	-11.215	3.882	0.000
1350	-10.823	3.344	0.000
1399	-10.736	3.507	0.000
1411	-10.731	3.526	0.000
1472	-10.718	3.664	0.000
146	-10.656	3.137	0.000
1473	-10.525	3.945	0.000
1479	-10.360	3.948	0.000
1454	-9.458	3.756	0.000
1360	-9.396	3.495	0.000
1427	-9.346	3.762	0.000
1483	-9.213	3.126	0.000
