82	-19.852	0.000	0.000
267	-18.765	1.303	0.000
54	-18.211	2.615	0.000
122	-18.211	2.627	0.000
202	-18.209	2.623	0.000
197	-18.151	2.594	0.000
125	-18.144	2.562	0.000
412	-18.141	2.656	0.000
295	-18.021	2.572	0.000
253	-17.976	2.637	0.000
457	-17.938	2.626	0.000
41	-17.716	3.105	0.000
307	-17.700	3.052	0.000
33	-17.695	3.126	0.000
353	-17.661	3.047	0.000
90	-17.637	3.049	0.000
21	-17.571	2.888	0.000
349	-17.391	2.876	0.000
120	-17.354	2.847	0.000
218	-17.341	2.900	0.000
193	-17.341	2.860	0.000
48	-17.252	2.367	0.000
287	-17.119	2.852	0.000
455	-17.087	2.972	0.000
394	-17.059	1.550	0.000
106	-16.962	2.936	0.000
319	-16.857	1.705	0.000
137	-16.762	3.047	0.000
51	-16.722	1.953	0.000
83	-16.642	3.684	0.000
47	-16.631	3.661	0.000
249	-16.561	3.557	0.000
425	-16.556	2.490	0.000
245	-16.461	3.998	0.000
264	-16.460	3.998	0.000
346	-16.460	3.995	0.000
84	-16.381	2.822	0.000
130	-16.253	3.948	0.000
372	-16.141	3.171	0.000
77	-15.975	3.751	0.000
75	-15.141	3.282	0.000
331	-14.986	3.973	0.000
104	-14.938	3.824	0.000
154	-14.899	3.966	0.000
