1103	-13.585	0.000	0.000
1168	-13.573	0.496	0.000
1192	-13.572	0.496	0.000
1303	-13.531	0.497	0.000
1063	-13.521	0.496	0.000
1099	-12.298	2.894	0.000
1257	-12.291	2.885	0.000
1300	-12.287	2.882	0.000
1113	-12.280	3.521	0.000
1297	-12.280	3.521	0.000
1080	-12.279	3.520	0.000
1148	-12.279	3.521	0.000
1155	-12.279	3.524	0.000
1178	-12.277	3.513	0.000
1232	-12.261	3.548	0.000
1217	-12.260	3.550	0.000
1151	-12.260	3.543	0.000
1207	-12.155	3.655	0.000
1250	-12.145	2.970	0.000
1144	-12.143	2.972	0.000
1098	-12.126	2.967	0.000
1204	-12.126	2.966	0.000
1105	-12.125	2.969	0.000
1307	-12.119	2.974	0.000
1229	-12.112	2.957	0.000
1101	-12.110	3.684	0.000
1296	-12.109	2.263	0.000
1253	-12.108	2.263	0.000
1302	-12.101	2.264	0.000
1235	-12.068	3.706	0.000
1315	-12.022	2.546	0.000
1206	-12.017	2.446	0.000
1261	-12.016	2.448	0.000
1173	-12.012	3.038	0.000
1201	-12.007	3.045	0.000
1319	-11.608	2.883	0.000
1278	-11.595	3.918	0.000
1172	-11.592	3.903	0.000
1203	-11.592	3.901	0.000
1154	-11.592	3.890	0.000
1236	-11.578	3.917	0.000
1311	-11.400	3.485	0.000
1191	-11.216	2.821	0.000
1251	-11.210	2.826	0.000
1309	-11.208	3.010	0.000
1084	-11.035	2.438	0.000
1097	-10.835	2.884	0.000
1138	-10.705	4.000	0.000
