160	-18.190	0.000	0.000
57	-17.161	1.892	0.000
24	-17.060	2.722	0.000
25	-17.059	2.729	0.000
12	-17.059	2.725	0.000
28	-16.947	2.699	0.000
87	-16.805	2.715	0.000
71	-16.790	2.741	0.000
181	-16.581	2.981	0.000
147	-16.571	0.481	0.000
459	-16.535	3.037	0.000
114	-16.509	2.978	0.000
313	-16.506	3.031	0.000
95	-16.280	2.775	0.000
74	-16.258	2.740	0.000
134	-16.203	3.937	0.000
18	-16.192	1.927	0.000
289	-16.128	2.719	0.000
67	-16.121	2.712	0.000
126	-16.091	2.762	0.000
133	-16.089	2.737	0.000
195	-16.084	2.775	0.000
144	-16.063	3.230	0.000
52	-16.046	2.738	0.000
153	-16.045	2.765	0.000
303	-16.042	2.738	0.000
278	-16.039	2.753	0.000
148	-16.029	2.745	0.000
430	-16.021	3.028	0.000
96	-16.019	2.177	0.000
192	-16.003	2.696	0.000
285	-16.000	2.123	0.000
7	-15.991	3.227	0.000
332	-15.889	2.236	0.000
78	-15.882	3.265	0.000
81	-15.872	2.793	0.000
250	-15.831	2.674	0.000
109	-15.815	3.237	0.000
97	-15.784	0.187	0.000
381	-15.764	2.092	0.000
293	-15.730	3.265	0.000
439	-15.686	2.103	0.000
311	-15.655	3.237	0.000
456	-15.478	3.265	0.000
326	-15.450	3.001	0.000
286	-15.392	3.281	0.000
86	-15.195	2.829	0.000
143	-15.191	2.828	0.000
448	-15.169	3.277	0.000
207	-15.168	2.811	0.000
462	-15.164	3.280	0.000
14	-15.149	3.436	0.000
165	-15.124	3.581	0.000
284	-15.113	3.999	0.000
239	-14.986	2.947	0.000
212	-14.938	2.506	0.000
200	-14.898	0.652	0.000
315	-14.879	2.795	0.000
182	-14.841	3.803	0.000
39	-14.808	1.938	0.000
175	-14.731	2.606	0.000
375	-14.675	2.637	0.000
442	-14.666	3.098	0.000
318	-14.568	2.881	0.000
254	-14.488	3.365	0.000
30	-14.487	2.855	0.000
22	-14.485	2.852	0.000
150	-14.340	3.935	0.000
334	-14.334	2.662	0.000
440	-14.300	2.905	0.000
275	-14.171	3.772	0.000
241	-14.068	3.915	0.000
56	-13.996	2.186	0.000
312	-13.924	1.806	0.000
230	-13.860	3.064	0.000
88	-13.782	3.047	0.000
92	-13.757	3.353	0.000
246	-13.747	2.405	0.000
61	-13.717	2.724	0.000
102	-13.675	2.908	0.000
391	-13.538	2.979	0.000
294	-13.394	3.406	0.000
260	-13.049	2.958	0.000
188	-12.809	3.410	0.000
1465	-12.797	2.618	0.000
277	-12.776	3.924	0.000
445	-12.529	3.219	0.000
369	-12.420	3.648	0.000
441	-12.292	3.831	0.000
371	-12.106	3.740	0.000
167	-11.852	3.250	0.000
151	-11.805	3.043	0.000
1390	-11.801	3.293	0.000
327	-11.653	3.661	0.000
242	-11.448	3.114	0.000
10	-11.243	3.983	0.000
452	-10.787	3.337	0.000
