1703	-18.412	0.000	0.000
1634	-17.676	0.097	0.000
1661	-17.410	0.104	0.000
1627	-17.043	2.476	0.000
1679	-16.347	2.476	0.000
1631	-16.340	2.474	0.000
1613	-15.877	3.283	0.000
1623	-15.859	3.233	0.000
1659	-15.700	2.405	0.000
1714	-15.548	2.731	0.000
1691	-15.275	3.984	0.000
1677	-15.274	3.985	0.000
1655	-15.017	3.149	0.000
1605	-15.015	2.888	0.000
1708	-14.828	2.941	0.000
1710	-14.827	2.948	0.000
1671	-14.823	2.945	0.000
1579	-14.822	3.004	0.000
1608	-14.703	2.980	0.000
1572	-14.684	3.051	0.000
1645	-14.595	3.004	0.000
1692	-14.536	2.962	0.000
1668	-14.526	3.007	0.000
1656	-14.346	3.983	0.000
1702	-14.334	3.980	0.000
1707	-14.222	2.368	0.000
1665	-14.189	2.363	0.000
1687	-14.000	3.539	0.000
1681	-13.657	2.256	0.000
1638	-13.319	2.290	0.000
1688	-13.056	3.842	0.000
1621	-12.891	2.362	0.000
1694	-12.507	3.790	0.000
1653	-12.492	2.791	0.000
1589	-12.370	3.881	0.000
1625	-12.300	3.687	0.000
1667	-12.042	3.872	0.000
1658	-11.434	3.274	0.000
1585	-11.411	3.485	0.000
1603	-11.243	3.278	0.000
