23	-19.611	0.000	0.000
125	-18.369	2.724	0.000
310	-18.346	2.691	0.000
145	-18.295	2.669	0.000
209	-18.210	2.807	0.000
265	-18.193	2.780	0.000
315	-18.175	2.703	0.000
256	-18.160	2.748	0.000
412	-18.118	2.265	0.000
251	-18.059	2.694	0.000
99	-17.862	2.790	0.000
115	-17.835	3.091	0.000
95	-17.834	3.094	0.000
46	-17.731	3.033	0.000
58	-17.721	3.042	0.000
52	-17.678	3.153	0.000
368	-17.660	3.246	0.000
220	-17.641	2.795	0.000
184	-17.570	2.886	0.000
372	-17.534	3.152	0.000
151	-17.492	2.840	0.000
53	-17.440	2.991	0.000
8	-17.314	3.103	0.000
75	-17.289	1.409	0.000
340	-17.002	1.539	0.000
422	-16.722	2.574	0.000
146	-16.460	2.831	0.000
357	-16.372	3.287	0.000
243	-15.472	3.937	0.000
396	-15.395	3.444	0.000
92	-14.904	3.143	0.000
408	-14.573	3.968	0.000
417	-14.330	3.965	0.000
291	-13.314	3.984	0.000
