226	-17.143	0.000	0.000
136	-16.782	0.015	0.000
207	-16.781	0.015	0.000
325	-16.778	0.015	0.000
321	-16.777	0.024	0.000
89	-16.765	0.015	0.000
266	-16.686	0.062	0.000
196	-16.682	0.470	0.000
319	-16.642	0.468	0.000
171	-16.641	0.469	0.000
167	-15.792	2.839	0.000
90	-15.566	1.653	0.000
348	-15.564	1.629	0.000
297	-15.423	2.875	0.000
322	-15.177	2.791	0.000
289	-14.914	2.757	0.000
362	-14.878	2.848	0.000
387	-14.815	3.057	0.000
142	-14.803	3.128	0.000
85	-14.801	3.129	0.000
180	-14.358	2.623	0.000
40	-14.295	3.990	0.000
122	-14.292	3.987	0.000
267	-14.225	3.979	0.000
287	-14.032	1.430	0.000
990	-13.970	4.000	0.000
374	-13.893	3.994	0.000
305	-13.877	2.587	0.000
280	-13.812	3.988	0.000
261	-13.019	3.958	0.000
350	-11.453	3.301	0.000
