1228	-16.779	0.000	0.000
1236	-16.779	0.001	0.000
1200	-16.778	0.004	0.000
1192	-16.774	0.030	0.000
1231	-16.774	0.029	0.000
1118	-16.750	0.006	0.000
1122	-16.750	0.006	0.000
1242	-16.731	0.005	0.000
1284	-16.730	0.003	0.000
1158	-16.730	0.005	0.000
1133	-16.730	0.006	0.000
1206	-16.710	0.009	0.000
1350	-15.993	1.570	0.000
1306	-15.662	1.458	0.000
1199	-15.592	1.294	0.000
1362	-15.045	3.139	0.000
1136	-15.032	3.078	0.000
1314	-14.095	3.217	0.000
1210	-14.087	3.957	0.000
1175	-14.056	3.164	0.000
1169	-13.943	3.305	0.000
1152	-13.666	3.933	0.000
1321	-13.461	2.153	0.000
1258	-13.172	3.155	0.000
1357	-13.108	2.161	0.000
1224	-13.038	2.459	0.000
1165	-13.037	2.460	0.000
1216	-13.037	2.462	0.000
1159	-12.919	2.567	0.000
1334	-12.919	2.131	0.000
1145	-12.900	3.988	0.000
1387	-12.855	2.429	0.000
1338	-12.813	2.477	0.000
1161	-12.805	2.896	0.000
1344	-12.703	2.423	0.000
1356	-12.627	3.260	0.000
1377	-12.626	3.260	0.000
1359	-12.603	2.848	0.000
1327	-12.208	3.463	0.000
1238	-12.168	3.070	0.000
1245	-12.168	3.069	0.000
1385	-12.167	3.064	0.000
1346	-10.765	3.910	0.000
1335	-10.765	3.913	0.000
