1524	-14.333	0.000	0.000
1473	-14.236	3.948	0.000
1399	-14.235	0.123	0.000
1408	-14.217	0.028	0.000
1554	-14.072	2.774	0.000
1544	-14.029	3.654	0.000
1535	-13.961	1.197	0.000
1432	-13.872	3.965	0.000
1488	-13.808	3.954	0.000
1465	-13.807	3.978	0.000
1528	-13.766	3.970	0.000
1388	-13.672	2.220	0.000
1409	-13.668	2.146	0.000
1507	-13.624	3.985	0.000
1537	-13.557	3.976	0.000
1533	-13.548	3.985	0.000
1455	-13.401	1.175	0.000
1505	-13.313	2.181	0.000
1512	-13.307	2.253	0.000
1390	-13.306	2.249	0.000
1454	-13.306	2.102	0.000
1396	-13.162	2.257	0.000
1463	-13.146	2.467	0.000
1525	-13.011	2.278	0.000
1481	-12.879	2.260	0.000
1501	-12.650	2.247	0.000
1532	-12.483	2.519	0.000
1542	-12.436	1.828	0.000
1423	-12.305	2.788	0.000
1426	-12.305	2.788	0.000
1389	-12.290	2.958	0.000
1471	-12.253	2.787	0.000
1536	-12.249	1.708	0.000
1442	-12.199	1.757	0.000
1547	-12.193	3.023	0.000
1494	-12.184	1.726	0.000
1513	-11.979	1.999	0.000
1451	-11.974	3.737	0.000
1445	-11.890	2.782	0.000
1417	-11.833	2.813	0.000
1510	-11.687	3.402	0.000
1558	-11.635	3.763	0.000
1506	-11.439	2.572	0.000
1557	-11.432	2.570	0.000
1552	-10.423	3.079	0.000
1449	-10.318	3.043	0.000
1460	-9.577	3.803	0.000
1511	-9.392	3.199	0.000
1462	-8.387	3.525	0.000
1482	-8.325	3.793	0.000
1523	-7.994	3.800	0.000
