434	-14.333	0.000	0.000
812	-14.146	2.877	0.000
638	-14.054	3.276	0.000
534	-14.046	3.267	0.000
486	-14.041	3.246	0.000
663	-14.034	3.266	0.000
632	-14.018	3.206	0.000
579	-14.010	3.194	0.000
751	-14.007	3.183	0.000
512	-14.004	3.172	0.000
646	-13.988	3.202	0.000
440	-13.911	3.254	0.000
442	-13.908	3.252	0.000
499	-13.899	3.268	0.000
557	-13.829	3.244	0.000
532	-13.805	3.178	0.000
760	-13.687	0.479	0.000
767	-13.687	0.478	0.000
720	-13.686	0.479	0.000
799	-13.686	0.479	0.000
685	-13.686	0.485	0.000
535	-13.686	0.477	0.000
487	-13.684	0.478	0.000
623	-13.683	0.478	0.000
776	-13.681	0.485	0.000
732	-13.678	0.494	0.000
676	-13.677	0.482	0.000
555	-13.675	0.504	0.000
702	-13.668	3.754	0.000
806	-13.667	3.754	0.000
533	-13.656	0.478	0.000
527	-13.652	0.478	0.000
427	-13.650	3.754	0.000
544	-13.647	0.484	0.000
671	-13.647	0.479	0.000
797	-13.646	0.469	0.000
574	-13.637	0.523	0.000
789	-13.630	0.499	0.000
698	-13.607	3.751	0.000
531	-13.581	0.576	0.000
792	-13.560	0.542	0.000
811	-13.530	0.549	0.000
538	-13.474	0.214	0.000
489	-13.471	0.213	0.000
456	-13.446	0.513	0.000
648	-13.364	2.269	0.000
564	-13.323	0.751	0.000
696	-12.855	3.021	0.000
640	-12.810	2.971	0.000
713	-12.809	2.970	0.000
601	-12.809	2.973	0.000
506	-12.809	2.973	0.000
508	-12.809	2.976	0.000
445	-12.782	2.975	0.000
529	-12.706	3.057	0.000
517	-12.704	3.055	0.000
595	-12.690	3.056	0.000
467	-12.681	3.067	0.000
542	-12.651	3.051	0.000
613	-12.651	3.049	0.000
748	-12.650	3.052	0.000
729	-12.650	3.051	0.000
590	-12.650	3.057	0.000
446	-12.625	3.052	0.000
747	-12.618	2.516	0.000
621	-12.617	3.081	0.000
454	-12.615	2.468	0.000
464	-12.595	2.411	0.000
679	-12.560	3.061	0.000
810	-12.525	2.495	0.000
622	-12.524	2.690	0.000
662	-12.515	2.496	0.000
731	-12.457	2.633	0.000
814	-12.353	3.084	0.000
474	-12.283	2.663	0.000
809	-12.069	2.341	0.000
724	-12.055	2.337	0.000
572	-12.033	2.684	0.000
477	-12.032	2.689	0.000
628	-12.030	2.671	0.000
735	-12.026	2.679	0.000
681	-12.026	2.681	0.000
757	-12.023	2.680	0.000
791	-12.023	2.699	0.000
661	-12.016	2.685	0.000
593	-11.999	2.894	0.000
518	-11.924	2.808	0.000
706	-11.699	3.083	0.000
771	-11.556	3.232	0.000
569	-11.547	3.220	0.000
634	-11.327	2.713	0.000
778	-11.105	3.958	0.000
780	-9.763	3.771	0.000
