12	-13.848	0.000	0.000
4	-13.845	0.016	0.000
272	-13.585	0.844	0.000
352	-13.507	3.625	0.000
73	-13.502	3.895	0.000
157	-13.484	3.620	0.000
253	-13.462	3.620	0.000
238	-13.459	3.617	0.000
102	-13.320	3.578	0.000
1022	-13.320	3.631	0.000
204	-13.302	3.616	0.000
82	-13.301	3.903	0.000
5	-13.262	0.055	0.000
255	-13.257	0.110	0.000
259	-13.091	2.918	0.000
872	-13.066	2.991	0.000
341	-12.954	2.633	0.000
964	-12.878	3.704	0.000
838	-12.877	3.703	0.000
36	-12.872	0.846	0.000
127	-12.845	3.984	0.000
66	-12.845	0.884	0.000
923	-12.837	2.845	0.000
864	-12.826	3.753	0.000
927	-12.820	0.829	0.000
1073	-12.788	2.992	0.000
139	-12.778	1.657	0.000
882	-12.773	0.874	0.000
845	-12.723	3.746	0.000
948	-12.720	3.758	0.000
403	-12.622	2.418	0.000
371	-12.618	1.124	0.000
983	-12.615	3.800	0.000
1074	-12.591	2.372	0.000
391	-12.528	2.904	0.000
1065	-12.525	3.353	0.000
402	-12.494	3.656	0.000
855	-12.478	2.384	0.000
1035	-12.477	3.602	0.000
393	-12.336	3.921	0.000
962	-12.088	2.781	0.000
42	-11.859	3.566	0.000
246	-11.841	2.648	0.000
179	-11.820	3.652	0.000
143	-11.740	3.812	0.000
347	-11.705	3.906	0.000
1062	-11.680	3.918	0.000
126	-11.549	1.869	0.000
859	-11.544	3.886	0.000
1057	-11.474	2.843	0.000
933	-11.470	1.939	0.000
1096	-10.925	1.711	0.000
336	-10.060	3.714	0.000
1007	-9.694	3.960	0.000
952	-9.694	3.960	0.000
