494	-14.664	0.000	0.000
619	-14.069	0.710	0.000
659	-13.659	0.951	0.000
714	-13.495	3.117	0.000
722	-13.494	3.115	0.000
428	-13.494	3.122	0.000
423	-13.493	3.122	0.000
626	-13.487	3.117	0.000
637	-13.484	3.115	0.000
433	-13.483	3.122	0.000
439	-13.483	3.121	0.000
656	-13.483	3.079	0.000
475	-13.482	3.117	0.000
630	-13.480	3.115	0.000
567	-13.478	3.119	0.000
597	-13.478	3.119	0.000
688	-13.472	0.738	0.000
438	-13.433	2.444	0.000
554	-13.384	3.051	0.000
690	-13.311	3.131	0.000
437	-13.309	3.133	0.000
642	-13.308	3.129	0.000
545	-13.305	3.463	0.000
539	-13.304	3.128	0.000
560	-13.291	3.126	0.000
525	-13.122	1.567	0.000
610	-13.119	1.568	0.000
654	-13.116	1.559	0.000
473	-13.116	1.566	0.000
709	-13.004	1.578	0.000
639	-13.000	1.578	0.000
514	-12.990	1.579	0.000
460	-12.981	1.575	0.000
450	-12.981	1.578	0.000
452	-12.981	1.581	0.000
470	-12.981	1.585	0.000
761	-12.866	1.921	0.000
631	-12.841	1.611	0.000
526	-12.773	2.099	0.000
644	-12.725	2.098	0.000
786	-12.723	2.086	0.000
578	-12.723	2.097	0.000
511	-12.721	2.100	0.000
431	-12.706	2.094	0.000
682	-12.672	2.068	0.000
734	-12.668	2.080	0.000
435	-12.647	2.058	0.000
504	-12.557	2.112	0.000
465	-12.426	2.578	0.000
591	-12.000	3.235	0.000
775	-11.997	3.235	0.000
801	-11.983	3.071	0.000
697	-11.983	3.083	0.000
537	-11.966	3.076	0.000
594	-11.965	3.083	0.000
479	-11.963	3.072	0.000
680	-11.886	2.664	0.000
501	-11.875	3.096	0.000
795	-11.846	3.563	0.000
668	-11.844	3.560	0.000
625	-11.833	3.527	0.000
740	-11.818	3.408	0.000
583	-11.800	3.078	0.000
502	-11.798	3.077	0.000
576	-11.763	3.096	0.000
488	-11.754	3.022	0.000
695	-11.747	3.828	0.000
609	-11.742	2.960	0.000
484	-11.740	3.048	0.000
633	-11.722	3.010	0.000
458	-11.675	2.953	0.000
749	-11.672	2.695	0.000
636	-11.670	2.811	0.000
462	-11.655	2.880	0.000
664	-11.555	3.171	0.000
721	-11.539	2.351	0.000
796	-11.392	3.608	0.000
478	-10.710	3.072	0.000
551	-10.676	3.267	0.000
