762	-14.947	0.000	0.000
471	-14.696	2.765	0.000
599	-14.556	2.748	0.000
429	-14.552	0.028	0.000
673	-14.549	2.747	0.000
701	-14.545	2.748	0.000
629	-14.542	2.747	0.000
472	-14.476	3.974	0.000
424	-14.387	1.365	0.000
658	-14.173	3.979	0.000
816	-14.148	2.747	0.000
666	-14.125	2.638	0.000
677	-14.098	2.634	0.000
563	-14.049	3.778	0.000
815	-14.036	3.780	0.000
768	-14.033	3.779	0.000
728	-14.021	1.289	0.000
495	-13.958	3.294	0.000
430	-13.948	3.303	0.000
665	-13.934	2.813	0.000
657	-13.926	2.832	0.000
587	-13.920	3.862	0.000
447	-13.913	3.867	0.000
738	-13.913	2.807	0.000
547	-13.908	3.908	0.000
689	-13.902	2.806	0.000
503	-13.901	2.797	0.000
752	-13.888	3.951	0.000
756	-13.887	3.650	0.000
520	-13.849	3.082	0.000
556	-13.791	3.904	0.000
483	-13.780	2.825	0.000
700	-13.768	3.956	0.000
741	-13.768	3.954	0.000
727	-13.766	3.956	0.000
443	-13.753	3.948	0.000
528	-13.732	3.239	0.000
744	-13.721	3.242	0.000
457	-13.718	1.445	0.000
432	-13.717	1.446	0.000
558	-13.715	3.898	0.000
562	-13.715	3.897	0.000
802	-13.712	3.899	0.000
808	-13.712	3.898	0.000
509	-13.709	3.897	0.000
616	-13.701	2.866	0.000
550	-13.700	3.905	0.000
653	-13.684	3.235	0.000
717	-13.673	1.233	0.000
444	-13.668	3.244	0.000
448	-13.658	1.235	0.000
449	-13.658	1.230	0.000
541	-13.654	1.236	0.000
496	-13.654	1.233	0.000
507	-13.654	1.233	0.000
553	-13.617	3.765	0.000
482	-13.607	3.270	0.000
524	-13.607	3.270	0.000
548	-13.607	3.269	0.000
566	-13.606	3.275	0.000
805	-13.603	3.456	0.000
500	-13.596	3.489	0.000
582	-13.569	3.768	0.000
774	-13.540	3.770	0.000
522	-13.534	3.719	0.000
759	-13.467	1.415	0.000
584	-13.436	2.368	0.000
803	-13.394	3.714	0.000
785	-13.393	3.279	0.000
678	-13.390	3.276	0.000
498	-13.351	1.286	0.000
480	-13.310	3.207	0.000
614	-13.283	2.978	0.000
779	-13.255	2.771	0.000
598	-13.156	3.059	0.000
516	-13.091	3.588	0.000
441	-13.064	2.753	0.000
469	-13.063	2.754	0.000
565	-13.057	2.760	0.000
568	-13.057	2.755	0.000
764	-13.049	2.751	0.000
686	-13.026	2.751	0.000
436	-13.022	2.621	0.000
426	-13.022	2.626	0.000
589	-13.021	2.055	0.000
552	-12.932	1.798	0.000
699	-12.932	1.800	0.000
790	-12.932	1.802	0.000
611	-12.901	2.151	0.000
603	-12.897	3.681	0.000
453	-12.897	2.130	0.000
546	-12.863	1.780	0.000
463	-12.862	1.799	0.000
461	-12.848	1.861	0.000
754	-12.829	3.324	0.000
770	-12.799	2.636	0.000
781	-12.745	1.527	0.000
641	-12.736	3.323	0.000
693	-12.733	1.330	0.000
793	-12.730	1.326	0.000
606	-12.729	3.328	0.000
763	-12.723	3.323	0.000
468	-12.694	1.302	0.000
515	-12.650	3.242	0.000
794	-12.645	1.361	0.000
715	-12.643	3.403	0.000
726	-12.616	1.367	0.000
627	-12.609	1.327	0.000
694	-12.582	3.982	0.000
607	-12.505	3.236	0.000
652	-12.477	3.954	0.000
813	-12.471	2.453	0.000
596	-12.463	3.985	0.000
800	-12.424	2.458	0.000
672	-12.420	2.365	0.000
635	-12.385	1.959	0.000
804	-12.372	3.889	0.000
492	-12.322	3.974	0.000
425	-12.302	2.815	0.000
510	-12.271	2.270	0.000
655	-12.251	2.340	0.000
719	-12.243	2.373	0.000
493	-12.242	2.806	0.000
481	-12.242	2.810	0.000
649	-12.233	3.956	0.000
585	-12.231	3.865	0.000
605	-12.199	3.309	0.000
753	-12.182	3.832	0.000
570	-12.058	3.952	0.000
670	-11.928	2.581	0.000
705	-11.854	3.092	0.000
536	-11.854	3.092	0.000
586	-11.853	3.092	0.000
608	-11.760	3.937	0.000
773	-11.727	2.147	0.000
730	-11.569	2.357	0.000
571	-11.549	2.719	0.000
687	-11.536	2.734	0.000
711	-11.511	3.845	0.000
743	-11.322	2.758	0.000
707	-11.304	2.981	0.000
723	-11.283	2.726	0.000
617	-11.243	2.834	0.000
530	-11.212	2.361	0.000
543	-11.211	2.880	0.000
459	-11.180	3.056	0.000
712	-10.860	3.048	0.000
660	-10.648	2.685	0.000
742	-10.625	3.087	0.000
575	-10.106	2.892	0.000
703	-10.042	2.578	0.000
758	-9.855	3.954	0.000
