19	-18.387	0.000	0.000
16	-18.052	0.061	0.000
131	-17.601	0.061	0.000
239	-17.476	0.110	0.000
140	-17.277	0.089	0.000
118	-16.368	0.107	0.000
93	-16.349	0.103	0.000
360	-16.236	3.956	0.000
83	-16.212	2.621	0.000
264	-15.842	0.137	0.000
134	-15.751	0.119	0.000
281	-15.601	0.564	0.000
1005	-15.316	3.670	0.000
44	-15.119	2.409	0.000
25	-15.095	1.426	0.000
81	-15.046	1.191	0.000
247	-14.690	2.737	0.000
177	-14.497	3.967	0.000
7	-14.399	3.877	0.000
1404	-14.389	2.655	0.000
39	-14.222	3.182	0.000
414	-14.201	0.814	0.000
22	-14.172	2.432	0.000
375	-14.106	1.844	0.000
1407	-14.060	3.919	0.000
1402	-13.952	3.725	0.000
109	-13.807	3.177	0.000
96	-13.807	3.180	0.000
57	-13.807	3.180	0.000
70	-13.807	3.183	0.000
193	-13.783	3.431	0.000
276	-13.664	3.172	0.000
1499	-13.535	3.235	0.000
195	-13.468	3.950	0.000
147	-13.466	3.947	0.000
33	-13.461	2.726	0.000
1556	-13.438	3.109	0.000
35	-13.422	3.951	0.000
370	-13.420	3.973	0.000
191	-13.398	3.982	0.000
306	-13.329	3.915	0.000
59	-13.325	3.916	0.000
107	-13.323	2.803	0.000
307	-13.322	2.739	0.000
994	-13.322	3.962	0.000
155	-13.321	2.738	0.000
326	-13.321	2.742	0.000
176	-13.318	2.738	0.000
183	-13.306	2.299	0.000
271	-13.282	2.728	0.000
263	-13.279	2.737	0.000
407	-13.193	3.464	0.000
201	-13.165	2.624	0.000
346	-13.162	2.628	0.000
328	-13.159	3.084	0.000
361	-13.149	3.061	0.000
198	-13.108	2.540	0.000
300	-13.079	2.630	0.000
101	-13.077	2.631	0.000
359	-13.027	3.931	0.000
389	-12.890	2.681	0.000
186	-12.851	2.820	0.000
150	-12.717	3.233	0.000
1468	-12.703	2.840	0.000
269	-12.636	3.272	0.000
1395	-10.884	3.536	0.000
