848	-19.758	0.000	0.000
1070	-19.757	0.032	0.000
1044	-19.670	0.199	0.000
274	-19.290	1.412	0.000
117	-19.248	1.208	0.000
383	-19.118	1.236	0.000
419	-19.046	1.323	0.000
178	-19.021	1.372	0.000
104	-18.487	3.566	0.000
290	-18.454	2.722	0.000
181	-18.454	2.723	0.000
160	-18.451	2.720	0.000
420	-18.434	2.040	0.000
312	-18.316	2.255	0.000
830	-18.243	2.725	0.000
233	-18.204	2.084	0.000
309	-18.078	2.717	0.000
285	-18.035	2.130	0.000
219	-18.032	3.814	0.000
149	-17.943	3.544	0.000
141	-17.942	3.542	0.000
364	-17.921	3.306	0.000
218	-17.891	3.316	0.000
294	-17.759	2.172	0.000
411	-17.694	3.258	0.000
76	-17.610	3.820	0.000
116	-17.563	3.052	0.000
331	-17.533	2.459	0.000
332	-17.530	3.038	0.000
121	-17.529	2.829	0.000
314	-17.509	2.843	0.000
228	-17.498	2.857	0.000
399	-17.445	2.522	0.000
304	-17.429	2.521	0.000
1098	-17.390	1.712	0.000
311	-17.360	1.582	0.000
409	-17.354	3.212	0.000
202	-17.326	2.815	0.000
64	-17.309	3.237	0.000
283	-17.298	3.185	0.000
922	-17.277	2.932	0.000
260	-17.250	3.189	0.000
401	-17.190	3.818	0.000
415	-17.187	3.818	0.000
284	-17.160	3.324	0.000
29	-17.119	3.295	0.000
27	-17.118	3.300	0.000
324	-17.107	2.862	0.000
71	-16.991	3.641	0.000
45	-16.984	3.331	0.000
365	-16.965	2.678	0.000
355	-16.962	3.491	0.000
173	-16.883	3.708	0.000
190	-16.753	3.777	0.000
123	-16.732	2.796	0.000
354	-16.731	2.797	0.000
34	-16.702	2.869	0.000
51	-16.699	3.971	0.000
367	-16.660	3.948	0.000
108	-16.637	2.802	0.000
79	-16.637	2.803	0.000
345	-16.610	3.684	0.000
21	-16.580	3.022	0.000
28	-16.566	3.947	0.000
172	-16.521	3.050	0.000
55	-16.496	3.948	0.000
268	-16.496	2.810	0.000
62	-16.480	3.226	0.000
156	-16.470	3.155	0.000
992	-16.441	2.810	0.000
54	-16.402	3.419	0.000
225	-16.387	3.924	0.000
48	-16.375	3.445	0.000
222	-16.360	3.878	0.000
94	-16.305	2.887	0.000
106	-16.299	3.430	0.000
308	-16.258	3.331	0.000
78	-16.251	2.935	0.000
24	-16.222	3.724	0.000
353	-16.147	3.220	0.000
206	-16.133	3.337	0.000
390	-16.132	3.352	0.000
404	-16.082	2.929	0.000
162	-16.064	3.690	0.000
161	-16.044	2.952	0.000
1106	-16.040	3.244	0.000
77	-16.020	3.959	0.000
1075	-15.987	2.518	0.000
110	-15.978	2.912	0.000
133	-15.967	3.741	0.000
240	-15.963	3.960	0.000
129	-15.934	3.994	0.000
61	-15.933	3.992	0.000
334	-15.905	3.898	0.000
330	-15.905	3.898	0.000
385	-15.895	3.704	0.000
293	-15.828	3.633	0.000
230	-15.815	3.960	0.000
329	-15.810	2.918	0.000
856	-15.809	3.829	0.000
189	-15.784	3.739	0.000
257	-15.779	3.912	0.000
303	-15.762	2.933	0.000
333	-15.753	3.896	0.000
120	-15.656	3.870	0.000
1061	-15.622	2.632	0.000
111	-15.604	3.890	0.000
67	-15.584	3.932	0.000
380	-15.575	3.754	0.000
175	-15.564	3.268	0.000
170	-15.562	3.099	0.000
337	-15.560	3.915	0.000
413	-15.542	3.979	0.000
275	-15.534	3.221	0.000
277	-15.502	3.832	0.000
915	-15.490	2.988	0.000
974	-15.481	3.992	0.000
323	-15.471	3.860	0.000
152	-15.451	3.312	0.000
377	-15.399	3.238	0.000
421	-15.398	3.228	0.000
335	-15.398	3.257	0.000
237	-15.396	3.254	0.000
400	-15.337	3.132	0.000
86	-15.297	3.450	0.000
235	-15.244	3.968	0.000
1024	-15.162	2.656	0.000
249	-15.002	3.563	0.000
273	-14.817	3.968	0.000
199	-14.037	3.780	0.000
