1779	-17.936	0.000	0.000
1714	-17.373	0.489	0.000
1724	-17.260	1.367	0.000
1691	-16.973	1.357	0.000
1710	-16.342	1.807	0.000
1768	-16.337	1.806	0.000
1780	-16.101	1.524	0.000
1715	-15.860	2.288	0.000
1650	-15.843	3.089	0.000
1743	-15.620	3.054	0.000
1781	-15.619	2.761	0.000
1739	-15.616	3.070	0.000
1752	-15.492	3.129	0.000
1717	-15.238	2.624	0.000
1730	-15.221	2.582	0.000
1657	-15.216	2.729	0.000
1686	-15.150	3.073	0.000
1719	-15.049	0.921	0.000
1767	-14.799	2.995	0.000
1747	-14.634	1.557	0.000
1685	-14.583	3.012	0.000
1738	-14.502	3.025	0.000
1704	-13.821	3.948	0.000
1760	-13.567	3.923	0.000
1776	-13.532	3.892	0.000
1774	-13.296	2.982	0.000
1675	-13.167	2.731	0.000
1694	-12.575	3.483	0.000
1784	-12.115	3.061	0.000
1703	-12.012	3.429	0.000
1656	-11.693	3.824	0.000
1773	-11.305	3.870	0.000
1678	-11.220	3.419	0.000
1673	-11.021	3.510	0.000
1786	-10.910	3.841	0.000
