83	-13.674	0.000	0.000
316	-13.673	0.149	0.000
245	-13.441	2.471	0.000
362	-13.373	2.520	0.000
191	-13.328	3.839	0.000
235	-13.318	2.476	0.000
402	-13.273	2.517	0.000
201	-13.243	2.476	0.000
73	-13.181	2.513	0.000
372	-13.118	2.548	0.000
990	-13.074	2.501	0.000
894	-13.010	0.763	0.000
1088	-12.989	3.753	0.000
84	-12.952	2.624	0.000
370	-12.913	3.877	0.000
964	-12.877	2.389	0.000
389	-12.861	3.907	0.000
1062	-12.818	2.082	0.000
62	-12.652	3.640	0.000
944	-12.585	3.315	0.000
955	-12.567	3.312	0.000
876	-12.561	3.317	0.000
994	-12.518	3.368	0.000
331	-12.513	3.341	0.000
953	-12.483	3.671	0.000
344	-12.461	3.138	0.000
886	-12.401	3.195	0.000
959	-12.376	3.381	0.000
1077	-12.255	3.026	0.000
268	-12.242	3.131	0.000
1035	-12.240	3.994	0.000
395	-12.178	1.438	0.000
1046	-11.822	3.192	0.000
934	-11.807	3.172	0.000
329	-11.717	3.941	0.000
992	-11.648	3.812	0.000
1006	-11.627	3.744	0.000
925	-11.613	3.706	0.000
405	-11.509	3.203	0.000
440	-11.503	3.204	0.000
97	-11.358	2.853	0.000
1121	-11.323	2.753	0.000
949	-11.300	3.760	0.000
907	-11.276	3.817	0.000
303	-11.238	2.832	0.000
345	-11.237	2.829	0.000
1075	-11.177	3.953	0.000
936	-11.156	3.797	0.000
943	-11.149	3.761	0.000
1009	-10.927	3.530	0.000
904	-10.832	4.000	0.000
1129	-10.739	3.473	0.000
902	-10.716	1.635	0.000
1145	-10.309	3.984	0.000
1116	-10.022	3.814	0.000
1131	-9.968	2.194	0.000
373	-9.871	2.198	0.000
