7	-16.799	0.000	0.000
4	-16.798	0.007	0.000
95	-15.970	2.655	0.000
22	-15.821	2.679	0.000
93	-15.729	0.077	0.000
14	-15.707	0.076	0.000
33	-15.290	2.749	0.000
122	-15.270	0.187	0.000
110	-15.268	0.180	0.000
55	-14.848	2.775	0.000
42	-14.848	2.771	0.000
131	-14.777	2.792	0.000
361	-14.721	0.127	0.000
145	-14.716	2.791	0.000
146	-14.716	2.791	0.000
297	-14.714	2.779	0.000
219	-14.714	2.796	0.000
388	-14.714	2.815	0.000
197	-14.713	2.807	0.000
103	-14.712	2.791	0.000
319	-14.711	2.818	0.000
325	-14.705	2.846	0.000
390	-14.671	2.885	0.000
404	-14.664	2.752	0.000
165	-14.663	0.130	0.000
204	-14.663	0.130	0.000
167	-14.662	0.130	0.000
293	-14.658	0.131	0.000
259	-14.651	0.126	0.000
43	-14.592	2.693	0.000
81	-14.592	2.675	0.000
98	-14.455	2.722	0.000
407	-14.450	2.699	0.000
139	-14.439	1.125	0.000
391	-14.240	0.545	0.000
356	-14.148	3.134	0.000
323	-13.975	1.147	0.000
250	-13.966	1.146	0.000
410	-13.807	1.120	0.000
257	-13.621	1.756	0.000
231	-13.492	2.969	0.000
175	-13.348	1.657	0.000
1523	-13.077	3.918	0.000
1458	-12.326	3.136	0.000
399	-11.747	3.783	0.000
426	-11.653	2.478	0.000
218	-11.538	2.923	0.000
1452	-10.757	3.792	0.000
1460	-10.726	3.794	0.000
