1174	-12.950	0.000	0.000
1370	-12.909	2.938	0.000
1398	-12.909	2.938	0.000
1425	-12.906	0.322	0.000
1239	-12.905	2.936	0.000
1240	-12.905	2.937	0.000
1317	-12.904	2.936	0.000
1331	-12.902	2.895	0.000
1210	-12.866	2.537	0.000
1419	-12.841	3.816	0.000
1242	-12.793	0.567	0.000
1310	-12.779	3.312	0.000
1178	-12.688	0.695	0.000
1217	-12.672	0.743	0.000
1360	-12.650	3.313	0.000
1374	-12.352	3.939	0.000
1367	-12.212	3.333	0.000
1188	-12.208	3.329	0.000
1291	-12.170	3.788	0.000
1273	-12.081	2.508	0.000
1275	-11.959	2.800	0.000
1403	-11.956	2.795	0.000
1328	-11.818	2.772	0.000
1353	-11.792	2.524	0.000
1290	-11.724	3.241	0.000
1311	-11.339	3.624	0.000
1422	-11.298	2.881	0.000
1302	-11.297	3.102	0.000
1274	-11.021	2.954	0.000
1325	-11.021	2.869	0.000
1401	-11.016	3.921	0.000
1285	-10.996	2.496	0.000
1368	-10.983	2.475	0.000
1357	-10.979	2.744	0.000
1287	-10.977	2.771	0.000
1429	-10.949	3.944	0.000
1329	-10.763	3.945	0.000
1426	-10.755	3.934	0.000
1232	-10.755	3.941	0.000
1381	-10.372	3.253	0.000
