1660	-18.714	0.000	0.000
1755	-18.224	0.532	0.000
1695	-18.162	0.556	0.000
1654	-17.797	0.065	0.000
1787	-17.503	0.089	0.000
1680	-17.490	0.085	0.000
1707	-17.337	0.544	0.000
1762	-17.327	0.089	0.000
1748	-17.063	0.059	0.000
1706	-16.908	3.957	0.000
1705	-16.757	2.240	0.000
1725	-16.627	2.653	0.000
1750	-16.592	3.978	0.000
1676	-16.584	3.975	0.000
1766	-16.373	1.247	0.000
1666	-16.141	3.599	0.000
1770	-16.052	1.252	0.000
1687	-16.001	0.695	0.000
1709	-15.988	3.938	0.000
1681	-15.983	3.942	0.000
1696	-15.983	3.943	0.000
1693	-15.973	3.951	0.000
1785	-15.812	3.894	0.000
1757	-15.804	3.875	0.000
1723	-15.791	3.883	0.000
1727	-15.784	3.794	0.000
1733	-15.774	3.963	0.000
1658	-15.771	3.705	0.000
1740	-15.564	3.781	0.000
1765	-15.450	2.466	0.000
1689	-15.446	2.335	0.000
1652	-15.433	2.269	0.000
1692	-15.414	2.681	0.000
1670	-15.390	2.670	0.000
1672	-15.314	2.669	0.000
1726	-15.273	2.467	0.000
1649	-15.205	2.678	0.000
1716	-15.191	2.681	0.000
1735	-15.184	2.684	0.000
1754	-15.109	2.465	0.000
1667	-15.079	2.353	0.000
1720	-15.073	2.535	0.000
1728	-14.989	2.671	0.000
1702	-14.987	2.404	0.000
1682	-14.986	2.404	0.000
1749	-14.975	2.690	0.000
1659	-14.969	2.687	0.000
1751	-14.958	2.688	0.000
1745	-14.906	2.586	0.000
1647	-14.791	2.408	0.000
1663	-14.750	2.408	0.000
1669	-14.746	2.408	0.000
1683	-13.318	3.545	0.000
1648	-13.120	2.688	0.000
1778	-12.717	2.658	0.000
1699	-12.425	2.425	0.000
1731	-12.182	3.551	0.000
1684	-12.004	2.357	0.000
1782	-11.998	2.359	0.000
1712	-11.965	2.462	0.000
1646	-11.944	2.361	0.000
1664	-11.775	2.469	0.000
1736	-11.772	2.469	0.000
1668	-11.764	2.469	0.000
1690	-11.759	3.133	0.000
1651	-11.686	3.782	0.000
1734	-11.418	3.358	0.000
1708	-11.260	2.244	0.000
1665	-11.210	3.134	0.000
1771	-11.133	2.304	0.000
1718	-10.638	2.385	0.000
1732	-8.811	3.327	0.000
