976	-16.247	0.000	0.000
888	-16.246	0.012	0.000
898	-16.011	0.234	0.000
892	-15.904	0.695	0.000
1010	-15.407	0.799	0.000
896	-15.400	0.712	0.000
860	-15.399	0.715	0.000
1115	-15.399	0.702	0.000
929	-15.395	0.745	0.000
969	-15.390	0.647	0.000
1148	-15.204	0.726	0.000
1057	-15.203	0.709	0.000
1070	-14.938	1.656	0.000
922	-14.539	3.115	0.000
1133	-14.539	3.111	0.000
962	-14.539	3.108	0.000
906	-14.539	3.109	0.000
861	-14.539	3.108	0.000
1134	-14.539	3.105	0.000
857	-14.539	3.106	0.000
884	-14.538	3.098	0.000
968	-14.535	3.171	0.000
1091	-14.497	2.983	0.000
862	-14.459	3.163	0.000
991	-14.458	3.164	0.000
930	-14.451	3.168	0.000
864	-14.451	3.168	0.000
989	-14.446	3.163	0.000
1096	-14.437	3.112	0.000
1025	-14.435	3.173	0.000
887	-14.434	3.171	0.000
1092	-14.429	3.081	0.000
1008	-14.381	2.400	0.000
1063	-14.381	2.397	0.000
247	-14.135	3.043	0.000
1005	-13.797	3.783	0.000
1024	-13.797	3.783	0.000
1027	-13.797	3.783	0.000
877	-13.692	3.987	0.000
1079	-13.683	2.947	0.000
1104	-13.682	2.945	0.000
1111	-13.673	2.819	0.000
1038	-13.645	3.962	0.000
940	-13.631	3.733	0.000
1128	-13.616	2.855	0.000
899	-13.610	3.986	0.000
1031	-13.607	3.980	0.000
880	-13.570	3.967	0.000
998	-13.570	3.969	0.000
983	-13.570	3.955	0.000
945	-13.433	2.828	0.000
1058	-13.431	2.181	0.000
879	-13.394	2.914	0.000
958	-13.384	2.822	0.000
993	-13.373	2.302	0.000
926	-13.366	2.945	0.000
919	-13.366	2.947	0.000
920	-13.358	2.936	0.000
854	-13.355	3.033	0.000
1076	-13.354	2.472	0.000
874	-13.344	3.845	0.000
1011	-13.311	3.838	0.000
979	-13.305	3.821	0.000
1007	-13.283	2.999	0.000
963	-13.259	3.002	0.000
1078	-13.224	3.927	0.000
1049	-13.190	3.579	0.000
938	-12.829	2.421	0.000
1044	-12.821	3.147	0.000
1013	-12.821	3.146	0.000
951	-12.726	3.963	0.000
915	-12.716	3.966	0.000
970	-12.700	3.972	0.000
1047	-12.101	3.936	0.000
1113	-11.611	1.974	0.000
1028	-11.512	3.954	0.000
1012	-11.185	3.743	0.000
1064	-11.157	3.903	0.000
1130	-11.156	3.834	0.000
909	-11.113	3.495	0.000
1039	-11.020	3.946	0.000
1127	-11.019	3.923	0.000
952	-10.988	2.860	0.000
1033	-10.860	3.947	0.000
1043	-10.831	3.900	0.000
1125	-10.815	3.902	0.000
1107	-10.809	3.916	0.000
1099	-10.805	3.826	0.000
1080	-10.804	3.913	0.000
1083	-10.516	3.933	0.000
