1350	-16.931	0.000	0.000
1389	-16.881	0.013	0.000
1307	-16.879	0.009	0.000
1270	-16.879	0.016	0.000
1406	-16.853	0.627	0.000
1286	-16.849	0.628	0.000
1192	-16.830	0.153	0.000
1436	-16.810	0.011	0.000
1296	-16.669	0.032	0.000
1300	-16.661	0.033	0.000
1203	-16.660	0.033	0.000
1261	-16.658	0.033	0.000
1380	-16.591	0.037	0.000
1345	-16.547	0.031	0.000
1344	-16.366	0.595	0.000
1337	-15.900	2.303	0.000
1219	-15.873	1.343	0.000
1171	-15.737	3.035	0.000
1187	-15.736	3.031	0.000
1354	-15.683	1.466	0.000
1377	-15.652	1.450	0.000
1281	-15.652	1.449	0.000
1308	-15.493	3.077	0.000
1283	-15.492	3.066	0.000
1365	-15.094	3.173	0.000
1430	-14.696	3.999	0.000
1258	-14.695	3.998	0.000
1200	-14.644	3.995	0.000
1202	-14.644	3.996	0.000
1312	-14.644	3.995	0.000
1235	-14.644	3.997	0.000
1196	-14.352	3.978	0.000
1400	-14.290	3.970	0.000
1170	-14.290	3.969	0.000
1251	-14.288	3.968	0.000
1195	-14.288	3.969	0.000
1299	-14.288	3.969	0.000
1252	-14.286	3.972	0.000
1205	-14.277	3.970	0.000
1218	-14.200	1.685	0.000
1333	-14.183	3.758	0.000
1225	-14.103	2.093	0.000
1289	-14.085	2.658	0.000
1172	-14.062	2.610	0.000
1208	-14.046	2.651	0.000
1167	-13.988	2.375	0.000
1334	-13.986	3.870	0.000
1157	-13.984	2.399	0.000
1306	-13.977	3.971	0.000
1427	-13.886	2.697	0.000
1198	-13.785	1.951	0.000
1243	-13.774	2.084	0.000
1418	-13.722	2.520	0.000
1318	-13.719	2.555	0.000
1278	-13.718	2.566	0.000
1254	-13.717	2.555	0.000
1160	-13.717	2.567	0.000
1224	-13.702	2.649	0.000
1206	-13.681	2.559	0.000
1193	-13.680	2.565	0.000
1413	-13.671	2.634	0.000
1262	-13.665	2.696	0.000
1264	-13.663	3.101	0.000
1276	-13.660	2.561	0.000
1410	-13.660	2.560	0.000
1323	-13.660	2.554	0.000
1158	-13.659	2.551	0.000
1280	-13.633	2.676	0.000
1352	-13.592	3.887	0.000
1250	-13.589	3.740	0.000
1343	-13.534	2.330	0.000
1238	-13.457	3.937	0.000
1379	-13.392	3.042	0.000
1168	-13.305	3.621	0.000
1284	-13.305	3.616	0.000
1298	-13.295	3.612	0.000
1330	-13.250	3.596	0.000
1216	-13.243	3.586	0.000
1164	-13.237	3.585	0.000
1392	-13.174	3.552	0.000
1179	-13.172	3.538	0.000
1209	-13.165	3.510	0.000
1320	-13.115	3.557	0.000
1347	-13.114	3.566	0.000
1415	-13.107	2.880	0.000
1303	-13.078	3.550	0.000
1266	-13.072	3.053	0.000
1256	-13.071	2.882	0.000
1376	-13.053	3.548	0.000
1186	-12.958	3.310	0.000
1421	-12.956	2.895	0.000
1359	-12.897	3.308	0.000
1363	-12.897	3.306	0.000
1279	-12.878	2.986	0.000
1316	-12.877	3.615	0.000
1190	-12.873	3.317	0.000
1199	-12.873	3.317	0.000
1390	-12.873	3.429	0.000
1234	-12.703	2.802	0.000
1272	-12.699	2.996	0.000
1428	-12.630	3.827	0.000
1423	-12.430	3.401	0.000
1408	-12.430	3.401	0.000
1244	-12.399	3.451	0.000
1361	-12.341	3.438	0.000
1411	-12.341	3.438	0.000
1386	-12.311	3.094	0.000
1404	-12.170	3.417	0.000
1356	-11.161	3.743	0.000
