580	-13.716	0.000	0.000
757	-13.707	0.026	0.000
633	-13.702	0.097	0.000
471	-13.699	0.003	0.000
526	-13.686	0.568	0.000
761	-13.678	0.571	0.000
645	-13.633	0.016	0.000
563	-13.464	2.649	0.000
624	-13.413	2.631	0.000
673	-13.406	2.629	0.000
574	-13.395	2.632	0.000
454	-13.383	2.631	0.000
463	-13.383	2.631	0.000
818	-13.314	0.500	0.000
723	-13.300	3.633	0.000
602	-13.259	3.117	0.000
710	-13.174	2.851	0.000
605	-13.173	3.618	0.000
470	-13.158	3.559	0.000
767	-13.152	3.619	0.000
751	-13.151	3.619	0.000
853	-13.151	3.619	0.000
627	-13.150	3.619	0.000
486	-13.143	2.869	0.000
459	-13.138	2.871	0.000
472	-13.137	2.873	0.000
478	-13.137	2.867	0.000
607	-13.131	2.830	0.000
826	-13.120	3.569	0.000
828	-13.120	3.569	0.000
738	-13.120	3.569	0.000
543	-13.117	3.569	0.000
578	-13.117	3.569	0.000
539	-13.117	3.569	0.000
615	-13.100	2.808	0.000
719	-13.019	2.783	0.000
638	-13.008	2.798	0.000
560	-12.987	2.838	0.000
814	-12.982	2.788	0.000
843	-12.949	2.807	0.000
521	-12.910	3.000	0.000
801	-12.885	2.732	0.000
730	-12.865	2.929	0.000
737	-12.849	2.598	0.000
689	-12.815	2.624	0.000
514	-12.804	3.214	0.000
744	-12.739	3.191	0.000
481	-12.713	2.883	0.000
824	-12.684	3.175	0.000
851	-12.524	2.635	0.000
626	-12.476	2.535	0.000
845	-12.278	3.888	0.000
674	-12.237	3.857	0.000
847	-12.140	3.209	0.000
706	-12.122	2.881	0.000
811	-11.945	2.702	0.000
844	-11.692	3.053	0.000
799	-11.423	3.413	0.000
789	-11.092	3.664	0.000
750	-11.070	3.670	0.000
806	-10.858	3.730	0.000
753	-10.704	3.590	0.000
