1183	-14.904	0.000	0.000
1212	-14.825	0.121	0.000
1213	-14.554	0.750	0.000
1197	-13.808	3.073	0.000
1155	-13.435	3.535	0.000
1324	-13.272	2.347	0.000
1152	-12.948	3.623	0.000
1387	-12.933	2.889	0.000
1351	-12.931	2.889	0.000
1241	-12.931	2.890	0.000
1341	-12.928	2.911	0.000
1156	-12.926	2.888	0.000
1185	-12.636	3.363	0.000
1424	-12.635	3.363	0.000
1288	-12.619	3.368	0.000
1315	-12.556	2.445	0.000
1194	-12.555	2.435	0.000
1184	-12.545	2.412	0.000
1332	-12.520	2.421	0.000
1391	-12.506	2.929	0.000
1161	-12.433	3.006	0.000
1169	-12.397	2.931	0.000
1293	-12.387	3.976	0.000
1394	-12.300	2.947	0.000
1314	-12.212	2.396	0.000
1226	-12.204	3.605	0.000
1358	-11.979	3.491	0.000
1321	-11.901	3.368	0.000
1230	-11.901	3.356	0.000
1159	-11.898	3.387	0.000
1181	-11.882	3.479	0.000
1257	-11.716	3.330	0.000
1326	-11.715	3.334	0.000
1405	-11.711	2.319	0.000
1223	-11.637	3.260	0.000
1227	-11.579	3.692	0.000
1309	-11.205	3.274	0.000
1247	-10.323	3.969	0.000
