179	-16.632	0.000	0.000
13	-16.626	0.003	0.000
258	-16.260	0.081	0.000
180	-16.235	0.050	0.000
392	-16.228	0.055	0.000
117	-16.222	0.057	0.000
120	-16.222	0.056	0.000
132	-16.115	0.307	0.000
129	-16.114	0.313	0.000
282	-16.016	0.485	0.000
367	-15.909	1.850	0.000
154	-15.839	0.887	0.000
449	-15.770	0.340	0.000
112	-15.757	1.801	0.000
236	-15.752	1.797	0.000
141	-15.686	1.582	0.000
184	-15.659	1.779	0.000
177	-15.601	1.833	0.000
428	-15.568	3.008	0.000
274	-15.449	3.012	0.000
352	-15.359	3.039	0.000
123	-15.337	2.962	0.000
371	-15.277	1.453	0.000
138	-15.252	2.542	0.000
422	-15.217	0.698	0.000
1060	-14.953	1.148	0.000
386	-14.816	1.664	0.000
216	-14.808	2.081	0.000
21	-14.801	2.099	0.000
108	-13.638	3.079	0.000
438	-13.632	2.459	0.000
366	-10.381	3.097	0.000
