242	-19.118	0.000	0.000
15	-19.081	0.160	0.000
434	-18.971	0.745	0.000
99	-18.838	0.942	0.000
447	-18.819	1.004	0.000
248	-18.393	1.470	0.000
155	-17.791	1.018	0.000
423	-17.536	2.619	0.000
51	-17.532	1.980	0.000
37	-17.037	3.827	0.000
234	-17.009	3.817	0.000
360	-16.981	1.976	0.000
67	-16.932	2.816	0.000
109	-16.823	3.366	0.000
295	-16.789	2.826	0.000
397	-16.772	1.983	0.000
439	-16.736	2.812	0.000
101	-16.730	3.943	0.000
80	-16.709	2.740	0.000
58	-16.630	3.307	0.000
420	-16.582	2.391	0.000
87	-16.549	3.137	0.000
60	-16.538	3.244	0.000
164	-16.452	2.729	0.000
173	-16.443	3.979	0.000
74	-16.436	3.998	0.000
54	-16.363	3.458	0.000
192	-16.331	3.483	0.000
134	-16.326	3.427	0.000
273	-16.292	2.151	0.000
280	-16.257	3.786	0.000
302	-16.198	2.760	0.000
375	-16.167	2.970	0.000
287	-16.134	3.616	0.000
413	-16.043	2.781	0.000
442	-15.926	3.059	0.000
266	-15.896	2.766	0.000
400	-15.846	2.879	0.000
342	-15.794	3.043	0.000
32	-15.792	2.768	0.000
17	-15.408	3.722	0.000
1516	-15.269	3.157	0.000
224	-15.236	3.716	0.000
260	-15.221	3.786	0.000
394	-15.156	3.131	0.000
79	-14.974	3.842	0.000
206	-14.969	3.837	0.000
448	-14.639	3.676	0.000
379	-14.579	3.934	0.000
255	-14.015	3.700	0.000
