56	-11.290	0.000	0.000
45	-11.288	0.001	0.000
392	-11.143	2.729	0.000
55	-11.142	2.729	0.000
106	-11.142	2.731	0.000
61	-11.142	2.731	0.000
123	-11.133	2.728	0.000
302	-11.133	2.733	0.000
34	-11.133	2.733	0.000
115	-11.133	2.733	0.000
184	-11.133	2.733	0.000
99	-11.133	2.734	0.000
159	-11.133	2.733	0.000
289	-11.133	2.734	0.000
430	-11.071	2.749	0.000
516	-11.068	2.749	0.000
394	-11.029	2.698	0.000
288	-11.029	2.700	0.000
319	-11.029	2.698	0.000
261	-11.025	2.698	0.000
262	-11.025	2.699	0.000
281	-11.021	2.530	0.000
8	-11.017	2.703	0.000
245	-11.014	2.702	0.000
284	-11.000	2.499	0.000
437	-10.997	2.689	0.000
358	-10.995	2.626	0.000
130	-10.985	2.690	0.000
80	-10.985	2.689	0.000
90	-10.985	2.689	0.000
172	-10.984	2.589	0.000
9	-10.984	2.691	0.000
153	-10.984	2.694	0.000
86	-10.984	2.695	0.000
125	-10.980	3.256	0.000
135	-10.980	3.256	0.000
439	-10.979	3.256	0.000
128	-10.936	3.256	0.000
176	-10.936	3.256	0.000
181	-10.936	3.256	0.000
136	-10.936	0.050	0.000
337	-10.935	3.256	0.000
410	-10.935	3.256	0.000
81	-10.929	2.632	0.000
33	-10.922	2.451	0.000
338	-10.920	3.258	0.000
347	-10.920	3.258	0.000
388	-10.920	3.258	0.000
440	-10.920	3.258	0.000
445	-10.920	3.257	0.000
397	-10.920	3.258	0.000
400	-10.920	3.258	0.000
416	-10.920	3.258	0.000
417	-10.920	3.258	0.000
447	-10.920	3.258	0.000
454	-10.920	3.258	0.000
479	-10.920	3.258	0.000
460	-10.919	3.258	0.000
496	-10.919	3.258	0.000
501	-10.919	3.258	0.000
542	-10.919	3.258	0.000
545	-10.919	3.258	0.000
562	-10.919	3.258	0.000
569	-10.919	3.258	0.000
583	-10.919	3.258	0.000
604	-10.919	3.258	0.000
614	-10.919	3.258	0.000
668	-10.919	3.258	0.000
522	-10.910	2.484	0.000
146	-10.904	2.451	0.000
247	-10.903	2.501	0.000
466	-10.871	0.052	0.000
145	-10.870	0.058	0.000
736	-10.865	0.052	0.000
737	-10.865	0.052	0.000
717	-10.864	0.052	0.000
464	-10.857	0.052	0.000
367	-10.856	0.052	0.000
368	-10.856	0.052	0.000
356	-10.856	0.052	0.000
340	-10.855	0.052	0.000
441	-10.855	0.052	0.000
549	-10.855	0.052	0.000
634	-10.855	0.052	0.000
640	-10.855	0.052	0.000
638	-10.855	0.052	0.000
639	-10.855	0.052	0.000
648	-10.854	0.052	0.000
561	-10.854	0.052	0.000
607	-10.853	0.052	0.000
626	-10.852	0.052	0.000
75	-10.847	2.454	0.000
102	-10.834	2.454	0.000
630	-10.823	0.148	0.000
386	-10.804	2.456	0.000
105	-10.773	2.321	0.000
275	-10.740	2.149	0.000
71	-10.739	2.148	0.000
492	-10.714	2.205	0.000
467	-10.711	2.614	0.000
355	-10.678	2.545	0.000
719	-10.676	2.456	0.000
254	-10.675	2.539	0.000
294	-10.665	3.273	0.000
721	-10.664	2.459	0.000
406	-10.664	3.273	0.000
567	-10.664	3.273	0.000
553	-10.663	3.273	0.000
669	-10.663	3.273	0.000
529	-10.662	2.457	0.000
738	-10.661	2.457	0.000
625	-10.656	2.458	0.000
622	-10.656	2.457	0.000
687	-10.655	2.460	0.000
341	-10.648	2.532	0.000
408	-10.647	2.436	0.000
473	-10.646	2.183	0.000
555	-10.644	2.521	0.000
493	-10.644	2.526	0.000
510	-10.642	2.461	0.000
380	-10.642	2.431	0.000
465	-10.635	2.455	0.000
324	-10.633	2.457	0.000
343	-10.633	2.456	0.000
149	-10.633	2.457	0.000
432	-10.632	2.456	0.000
196	-10.631	2.456	0.000
27	-10.628	2.306	0.000
29	-10.628	2.306	0.000
88	-10.628	2.306	0.000
515	-10.615	2.419	0.000
965	-10.593	2.463	0.000
17	-10.590	2.639	0.000
20	-10.590	2.639	0.000
21	-10.590	2.639	0.000
25	-10.590	2.639	0.000
1074	-10.587	2.459	0.000
411	-10.586	2.458	0.000
463	-10.584	2.367	0.000
703	-10.582	2.464	0.000
742	-10.582	2.464	0.000
391	-10.582	2.333	0.000
582	-10.563	2.208	0.000
152	-10.553	2.214	0.000
53	-10.551	2.219	0.000
444	-10.550	2.209	0.000
546	-10.549	2.209	0.000
573	-10.549	2.210	0.000
632	-10.549	2.209	0.000
126	-10.538	2.616	0.000
13	-10.538	2.616	0.000
37	-10.538	2.616	0.000
40	-10.538	2.616	0.000
66	-10.538	2.616	0.000
91	-10.538	2.616	0.000
1262	-10.498	2.219	0.000
234	-10.492	2.220	0.000
35	-10.491	2.614	0.000
38	-10.491	2.614	0.000
58	-10.491	2.614	0.000
70	-10.491	2.614	0.000
264	-10.489	2.624	0.000
274	-10.489	2.624	0.000
189	-10.488	2.623	0.000
352	-10.488	2.623	0.000
431	-10.487	2.219	0.000
6	-10.485	2.219	0.000
705	-10.485	2.220	0.000
256	-10.484	2.219	0.000
722	-10.484	2.220	0.000
723	-10.484	2.220	0.000
477	-10.482	2.220	0.000
290	-10.481	2.220	0.000
84	-10.480	2.219	0.000
325	-10.480	2.220	0.000
155	-10.479	2.219	0.000
156	-10.479	2.219	0.000
304	-10.479	2.220	0.000
396	-10.479	2.219	0.000
415	-10.479	2.220	0.000
163	-10.479	2.219	0.000
169	-10.479	2.219	0.000
43	-10.478	2.220	0.000
127	-10.478	2.219	0.000
329	-10.478	2.219	0.000
435	-10.478	2.219	0.000
449	-10.477	2.219	0.000
450	-10.477	2.219	0.000
531	-10.477	2.219	0.000
518	-10.476	2.219	0.000
514	-10.476	2.217	0.000
635	-10.476	2.219	0.000
646	-10.476	2.220	0.000
563	-10.475	2.219	0.000
584	-10.475	2.219	0.000
601	-10.475	2.219	0.000
566	-10.474	2.219	0.000
596	-10.474	2.219	0.000
631	-10.474	2.219	0.000
658	-10.474	2.202	0.000
656	-10.473	2.219	0.000
1320	-10.402	2.218	0.000
1236	-10.383	1.974	0.000
320	-10.335	3.302	0.000
314	-10.303	3.245	0.000
461	-10.302	3.245	0.000
595	-10.295	3.090	0.000
7	-10.292	2.307	0.000
385	-10.239	1.640	0.000
173	-10.232	1.795	0.000
26	-10.231	2.308	0.000
93	-10.231	2.308	0.000
273	-10.231	2.308	0.000
77	-10.231	1.794	0.000
78	-10.231	1.794	0.000
89	-10.230	2.308	0.000
62	-10.229	2.308	0.000
65	-10.229	2.308	0.000
186	-10.229	2.308	0.000
212	-10.229	2.308	0.000
285	-10.228	2.308	0.000
376	-10.208	3.438	0.000
267	-10.201	2.593	0.000
328	-10.201	2.593	0.000
363	-10.201	2.593	0.000
1	-10.181	2.611	0.000
3	-10.181	2.611	0.000
280	-10.180	2.388	0.000
30	-10.166	3.071	0.000
59	-10.115	1.618	0.000
269	-10.115	1.630	0.000
97	-10.114	1.625	0.000
361	-10.113	1.631	0.000
424	-10.113	1.631	0.000
118	-10.112	1.625	0.000
369	-9.935	1.803	0.000
959	-9.930	2.589	0.000
971	-9.914	2.572	0.000
990	-9.914	2.572	0.000
1001	-9.913	2.572	0.000
903	-9.910	2.572	0.000
1058	-9.895	2.549	0.000
276	-9.886	1.800	0.000
945	-9.875	2.655	0.000
907	-9.870	2.577	0.000
1080	-9.831	2.489	0.000
306	-9.725	1.644	0.000
246	-9.713	1.645	0.000
73	-9.701	3.097	0.000
610	-9.663	3.297	0.000
331	-9.660	3.297	0.000
174	-9.659	3.076	0.000
303	-9.648	3.351	0.000
108	-9.618	3.075	0.000
259	-9.612	3.073	0.000
564	-9.612	3.417	0.000
249	-9.611	3.309	0.000
253	-9.610	3.309	0.000
474	-9.579	3.250	0.000
98	-9.572	1.624	0.000
36	-9.570	1.624	0.000
442	-9.537	3.423	0.000
659	-9.535	3.422	0.000
16	-9.531	1.960	0.000
930	-9.508	3.431	0.000
932	-9.508	3.428	0.000
946	-9.508	3.427	0.000
933	-9.508	3.427	0.000
934	-9.508	3.432	0.000
944	-9.502	3.483	0.000
894	-9.499	3.415	0.000
154	-9.486	3.452	0.000
239	-9.475	3.454	0.000
252	-9.475	3.454	0.000
947	-9.459	3.410	0.000
111	-9.457	1.812	0.000
41	-9.457	1.811	0.000
94	-9.456	1.812	0.000
433	-9.428	2.302	0.000
344	-9.423	1.724	0.000
187	-9.415	3.017	0.000
729	-9.414	3.087	0.000
18	-9.413	2.409	0.000
342	-9.412	1.722	0.000
655	-9.409	3.086	0.000
743	-9.397	3.067	0.000
19	-9.329	1.966	0.000
24	-9.329	1.966	0.000
1045	-9.319	2.391	0.000
992	-9.315	2.619	0.000
42	-9.311	2.315	0.000
387	-9.298	3.305	0.000
295	-9.298	2.297	0.000
48	-9.296	2.297	0.000
49	-9.296	2.297	0.000
215	-9.294	2.297	0.000
10	-9.287	2.298	0.000
235	-9.261	2.297	0.000
478	-9.258	3.300	0.000
83	-9.253	2.914	0.000
117	-9.253	2.914	0.000
120	-9.253	2.914	0.000
139	-9.253	2.914	0.000
696	-9.217	3.291	0.000
150	-9.204	3.693	0.000
11	-9.204	1.515	0.000
263	-9.199	2.494	0.000
674	-9.198	3.875	0.000
645	-9.198	3.875	0.000
678	-9.198	3.875	0.000
164	-9.197	3.694	0.000
491	-9.197	3.875	0.000
621	-9.197	3.875	0.000
429	-9.196	2.915	0.000
72	-9.195	2.229	0.000
101	-9.195	2.229	0.000
100	-9.195	1.516	0.000
113	-9.195	1.516	0.000
180	-9.194	3.696	0.000
44	-9.193	1.516	0.000
46	-9.193	1.516	0.000
82	-9.193	1.516	0.000
219	-9.189	3.395	0.000
339	-9.189	3.394	0.000
237	-9.187	3.695	0.000
1079	-9.181	3.297	0.000
348	-9.172	1.825	0.000
283	-9.171	3.872	0.000
382	-9.171	2.916	0.000
418	-9.171	2.916	0.000
379	-9.170	1.825	0.000
301	-9.170	3.872	0.000
179	-9.170	3.872	0.000
229	-9.170	2.917	0.000
399	-9.169	3.870	0.000
350	-9.168	3.871	0.000
423	-9.168	3.872	0.000
162	-9.165	1.825	0.000
373	-9.164	1.636	0.000
647	-9.162	3.874	0.000
22	-9.160	2.367	0.000
327	-9.156	1.636	0.000
195	-9.144	3.367	0.000
201	-9.144	3.366	0.000
364	-9.141	3.872	0.000
370	-9.140	3.872	0.000
425	-9.138	3.871	0.000
103	-9.135	1.523	0.000
183	-9.134	3.393	0.000
228	-9.134	3.392	0.000
197	-9.133	1.524	0.000
54	-9.133	1.524	0.000
747	-9.131	3.871	0.000
731	-9.131	3.879	0.000
644	-9.129	3.870	0.000
540	-9.129	3.870	0.000
293	-9.129	3.363	0.000
597	-9.127	3.363	0.000
485	-9.126	3.363	0.000
534	-9.125	3.038	0.000
407	-9.124	3.040	0.000
1342	-9.120	3.870	0.000
525	-9.118	3.055	0.000
297	-9.117	3.351	0.000
456	-9.115	3.057	0.000
230	-9.115	1.626	0.000
277	-9.109	3.041	0.000
236	-9.109	1.822	0.000
381	-9.109	3.474	0.000
383	-9.109	3.350	0.000
554	-9.105	3.477	0.000
616	-9.105	3.477	0.000
661	-9.105	3.477	0.000
503	-9.105	3.477	0.000
539	-9.104	3.477	0.000
551	-9.104	3.474	0.000
517	-9.103	3.474	0.000
724	-9.099	3.475	0.000
455	-9.098	1.889	0.000
526	-9.098	1.892	0.000
653	-9.095	3.427	0.000
313	-9.094	3.428	0.000
404	-9.094	3.428	0.000
617	-9.093	3.427	0.000
697	-9.091	3.478	0.000
701	-9.091	3.478	0.000
133	-9.090	1.623	0.000
15	-9.089	1.627	0.000
226	-9.089	1.643	0.000
31	-9.089	1.670	0.000
76	-9.089	1.655	0.000
112	-9.085	2.393	0.000
193	-9.085	1.619	0.000
138	-9.084	1.570	0.000
95	-9.083	2.399	0.000
232	-9.083	2.398	0.000
63	-9.083	2.394	0.000
713	-9.083	3.419	0.000
260	-9.080	1.898	0.000
360	-9.078	1.900	0.000
336	-9.078	1.899	0.000
421	-9.078	1.899	0.000
481	-9.077	1.899	0.000
287	-9.077	1.899	0.000
242	-9.076	2.378	0.000
333	-9.076	1.898	0.000
351	-9.076	1.898	0.000
208	-9.076	1.900	0.000
446	-9.075	1.898	0.000
462	-9.075	1.898	0.000
213	-9.075	1.899	0.000
223	-9.075	1.900	0.000
204	-9.074	1.898	0.000
255	-9.068	2.912	0.000
579	-9.067	3.478	0.000
292	-9.066	1.897	0.000
104	-9.065	1.898	0.000
227	-9.062	1.897	0.000
178	-9.060	1.501	0.000
298	-9.056	2.403	0.000
451	-9.052	1.868	0.000
160	-9.037	1.767	0.000
311	-9.034	1.761	0.000
85	-9.030	1.761	0.000
422	-9.028	1.760	0.000
365	-9.024	2.244	0.000
57	-8.996	1.829	0.000
986	-8.989	3.427	0.000
808	-8.989	3.438	0.000
823	-8.988	3.425	0.000
835	-8.988	3.426	0.000
982	-8.988	3.428	0.000
1055	-8.987	3.429	0.000
806	-8.986	3.426	0.000
921	-8.986	3.426	0.000
830	-8.986	3.426	0.000
821	-8.985	3.426	0.000
822	-8.985	3.426	0.000
1107	-8.985	3.427	0.000
860	-8.985	3.427	0.000
833	-8.985	3.431	0.000
1056	-8.982	3.427	0.000
859	-8.979	3.395	0.000
291	-8.976	1.869	0.000
185	-8.975	1.869	0.000
349	-8.968	2.260	0.000
248	-8.967	2.107	0.000
500	-8.966	2.262	0.000
357	-8.966	2.262	0.000
366	-8.965	2.267	0.000
110	-8.963	2.263	0.000
1070	-8.954	3.365	0.000
1046	-8.953	3.425	0.000
1042	-8.953	3.360	0.000
1091	-8.953	3.361	0.000
1097	-8.953	3.363	0.000
637	-8.952	1.723	0.000
498	-8.941	3.266	0.000
708	-8.941	1.719	0.000
428	-8.936	2.314	0.000
412	-8.936	1.721	0.000
134	-8.935	2.314	0.000
443	-8.934	1.737	0.000
688	-8.932	1.721	0.000
286	-8.931	2.314	0.000
217	-8.931	2.314	0.000
224	-8.931	2.314	0.000
543	-8.930	2.314	0.000
587	-8.930	2.314	0.000
592	-8.930	2.314	0.000
695	-8.930	2.314	0.000
657	-8.929	2.315	0.000
316	-8.929	2.314	0.000
627	-8.929	1.714	0.000
602	-8.928	2.315	0.000
666	-8.928	2.315	0.000
374	-8.926	2.315	0.000
191	-8.926	2.315	0.000
47	-8.921	2.315	0.000
161	-8.920	2.315	0.000
483	-8.917	2.315	0.000
140	-8.917	2.315	0.000
144	-8.917	2.316	0.000
524	-8.913	2.315	0.000
468	-8.894	2.314	0.000
709	-8.892	2.314	0.000
683	-8.882	2.398	0.000
629	-8.872	3.268	0.000
739	-8.860	1.882	0.000
1027	-8.837	1.700	0.000
74	-8.835	1.581	0.000
109	-8.835	1.581	0.000
28	-8.834	1.581	0.000
271	-8.830	1.582	0.000
372	-8.829	1.581	0.000
1366	-8.818	2.310	0.000
241	-8.813	2.384	0.000
480	-8.811	1.520	0.000
279	-8.800	2.383	0.000
452	-8.800	2.383	0.000
122	-8.798	2.383	0.000
594	-8.796	2.360	0.000
225	-8.792	2.227	0.000
129	-8.791	2.227	0.000
52	-8.791	2.227	0.000
547	-8.784	2.903	0.000
202	-8.783	3.801	0.000
206	-8.783	3.801	0.000
317	-8.783	3.801	0.000
519	-8.782	3.802	0.000
220	-8.777	3.267	0.000
448	-8.769	3.579	0.000
4	-8.763	1.547	0.000
170	-8.748	2.495	0.000
330	-8.748	1.528	0.000
23	-8.742	2.226	0.000
530	-8.741	1.528	0.000
652	-8.740	1.528	0.000
257	-8.734	2.227	0.000
528	-8.731	2.227	0.000
1353	-8.730	2.381	0.000
556	-8.730	2.227	0.000
209	-8.718	2.497	0.000
1300	-8.717	2.380	0.000
1141	-8.716	2.381	0.000
1149	-8.716	2.381	0.000
744	-8.715	2.381	0.000
714	-8.713	3.649	0.000
746	-8.713	2.381	0.000
716	-8.713	2.381	0.000
740	-8.713	2.373	0.000
700	-8.712	1.839	0.000
12	-8.711	2.380	0.000
251	-8.710	2.380	0.000
318	-8.708	2.380	0.000
393	-8.708	2.381	0.000
326	-8.708	2.380	0.000
475	-8.708	2.380	0.000
504	-8.707	2.392	0.000
427	-8.707	2.380	0.000
459	-8.707	2.381	0.000
332	-8.707	2.380	0.000
354	-8.707	2.380	0.000
436	-8.707	2.381	0.000
362	-8.706	2.380	0.000
268	-8.706	2.380	0.000
482	-8.706	2.380	0.000
613	-8.705	2.408	0.000
486	-8.705	2.380	0.000
137	-8.705	2.380	0.000
87	-8.705	2.380	0.000
114	-8.705	2.380	0.000
203	-8.705	2.380	0.000
124	-8.705	2.380	0.000
166	-8.705	2.380	0.000
167	-8.705	2.380	0.000
121	-8.705	2.380	0.000
142	-8.705	2.380	0.000
171	-8.705	2.380	0.000
182	-8.704	2.381	0.000
32	-8.704	2.380	0.000
79	-8.704	2.380	0.000
14	-8.704	2.380	0.000
190	-8.704	2.380	0.000
192	-8.704	2.380	0.000
536	-8.704	2.380	0.000
60	-8.703	2.380	0.000
574	-8.703	2.381	0.000
651	-8.703	2.380	0.000
568	-8.703	2.383	0.000
603	-8.702	2.380	0.000
605	-8.702	2.385	0.000
513	-8.701	2.399	0.000
619	-8.701	2.380	0.000
476	-8.699	2.397	0.000
489	-8.696	2.357	0.000
642	-8.694	2.372	0.000
728	-8.691	2.319	0.000
1377	-8.686	2.357	0.000
624	-8.681	2.310	0.000
620	-8.679	2.322	0.000
211	-8.676	1.893	0.000
67	-8.674	1.893	0.000
68	-8.674	1.893	0.000
858	-8.654	2.247	0.000
628	-8.652	2.490	0.000
322	-8.648	1.933	0.000
270	-8.647	1.933	0.000
308	-8.647	1.932	0.000
692	-8.646	2.355	0.000
403	-8.643	1.645	0.000
214	-8.640	1.921	0.000
218	-8.639	1.645	0.000
69	-8.639	1.918	0.000
168	-8.638	1.919	0.000
720	-8.637	2.902	0.000
686	-8.637	3.402	0.000
682	-8.637	3.402	0.000
693	-8.637	3.402	0.000
681	-8.637	3.403	0.000
502	-8.637	2.904	0.000
221	-8.637	1.921	0.000
487	-8.636	3.402	0.000
175	-8.636	1.926	0.000
704	-8.629	3.394	0.000
711	-8.625	3.402	0.000
1002	-8.624	2.380	0.000
718	-8.623	3.394	0.000
572	-8.621	1.853	0.000
615	-8.619	2.493	0.000
557	-8.616	1.603	0.000
523	-8.613	2.390	0.000
550	-8.612	2.200	0.000
305	-8.611	2.517	0.000
371	-8.610	3.399	0.000
375	-8.609	3.399	0.000
321	-8.608	1.938	0.000
266	-8.608	3.399	0.000
378	-8.608	3.400	0.000
353	-8.605	2.521	0.000
307	-8.603	1.514	0.000
210	-8.602	2.521	0.000
1253	-8.602	2.380	0.000
672	-8.601	3.399	0.000
469	-8.601	1.933	0.000
537	-8.599	3.399	0.000
499	-8.599	2.909	0.000
420	-8.598	1.930	0.000
484	-8.597	1.943	0.000
402	-8.597	1.933	0.000
1373	-8.597	2.383	0.000
995	-8.596	2.383	0.000
390	-8.595	1.930	0.000
312	-8.595	1.928	0.000
544	-8.594	1.937	0.000
538	-8.594	1.934	0.000
967	-8.594	2.382	0.000
1090	-8.593	2.383	0.000
1109	-8.591	2.383	0.000
1013	-8.591	2.383	0.000
1020	-8.591	2.385	0.000
532	-8.591	3.288	0.000
1066	-8.590	2.374	0.000
676	-8.588	1.941	0.000
588	-8.583	1.494	0.000
710	-8.583	1.613	0.000
315	-8.583	2.517	0.000
1372	-8.581	1.974	0.000
471	-8.581	1.948	0.000
458	-8.577	1.936	0.000
508	-8.576	1.942	0.000
495	-8.576	1.932	0.000
384	-8.576	3.548	0.000
419	-8.575	2.010	0.000
453	-8.575	1.960	0.000
533	-8.575	1.935	0.000
677	-8.575	1.917	0.000
675	-8.574	1.975	0.000
684	-8.574	1.951	0.000
586	-8.574	1.936	0.000
670	-8.573	1.936	0.000
706	-8.570	1.907	0.000
636	-8.568	3.391	0.000
395	-8.567	1.876	0.000
585	-8.566	1.871	0.000
1047	-8.566	3.288	0.000
1043	-8.561	3.280	0.000
1338	-8.558	1.916	0.000
726	-8.557	1.916	0.000
1360	-8.556	1.869	0.000
5	-8.556	2.383	0.000
207	-8.556	2.147	0.000
689	-8.554	3.320	0.000
143	-8.553	2.147	0.000
300	-8.552	2.147	0.000
194	-8.551	2.147	0.000
272	-8.551	2.147	0.000
1217	-8.547	3.612	0.000
1093	-8.544	3.290	0.000
527	-8.543	1.446	0.000
576	-8.542	3.395	0.000
664	-8.541	3.397	0.000
1266	-8.539	2.011	0.000
200	-8.539	1.590	0.000
962	-8.539	3.404	0.000
2	-8.538	1.589	0.000
961	-8.524	3.579	0.000
1102	-8.507	1.654	0.000
667	-8.498	3.374	0.000
1232	-8.491	3.634	0.000
748	-8.471	2.526	0.000
1035	-8.466	2.866	0.000
559	-8.451	1.891	0.000
699	-8.451	2.522	0.000
575	-8.449	2.524	0.000
216	-8.444	2.115	0.000
96	-8.444	2.115	0.000
119	-8.442	2.115	0.000
296	-8.415	1.577	0.000
1206	-8.415	1.886	0.000
509	-8.410	3.279	0.000
570	-8.400	2.523	0.000
1028	-8.398	3.388	0.000
1100	-8.396	3.369	0.000
1361	-8.395	2.346	0.000
1344	-8.392	2.326	0.000
1178	-8.390	2.370	0.000
1191	-8.390	2.370	0.000
1221	-8.390	2.370	0.000
1162	-8.386	2.369	0.000
702	-8.384	2.369	0.000
511	-8.373	2.369	0.000
725	-8.333	3.331	0.000
707	-8.333	3.313	0.000
299	-8.332	1.916	0.000
398	-8.313	2.402	0.000
92	-8.312	2.405	0.000
50	-8.311	2.404	0.000
157	-8.311	2.404	0.000
188	-8.311	2.404	0.000
198	-8.311	2.404	0.000
580	-8.311	2.405	0.000
107	-8.310	2.446	0.000
612	-8.309	3.384	0.000
577	-8.309	2.444	0.000
741	-8.286	2.349	0.000
438	-8.280	2.143	0.000
955	-8.279	3.340	0.000
1316	-8.276	2.973	0.000
309	-8.275	3.328	0.000
694	-8.273	2.349	0.000
1049	-8.269	2.753	0.000
690	-8.262	3.285	0.000
598	-8.250	1.946	0.000
735	-8.243	1.937	0.000
1319	-8.240	1.950	0.000
231	-8.232	1.937	0.000
609	-8.232	1.935	0.000
488	-8.228	1.936	0.000
715	-8.226	3.265	0.000
490	-8.225	2.044	0.000
734	-8.224	3.279	0.000
663	-8.222	3.270	0.000
654	-8.222	3.284	0.000
685	-8.222	3.303	0.000
680	-8.221	3.276	0.000
520	-8.208	1.778	0.000
377	-8.163	1.774	0.000
414	-8.156	1.775	0.000
1161	-8.130	2.512	0.000
1158	-8.129	2.511	0.000
1179	-8.127	2.512	0.000
1164	-8.126	2.513	0.000
1214	-8.125	2.520	0.000
606	-8.112	3.290	0.000
521	-8.112	3.289	0.000
535	-8.111	3.289	0.000
265	-8.109	1.936	0.000
345	-8.108	3.288	0.000
981	-8.103	3.607	0.000
727	-8.100	3.605	0.000
660	-8.078	3.595	0.000
571	-8.076	3.595	0.000
650	-8.025	3.294	0.000
611	-8.020	1.630	0.000
497	-7.961	2.197	0.000
389	-7.960	2.196	0.000
310	-7.960	2.197	0.000
426	-7.951	1.914	0.000
346	-7.951	2.125	0.000
472	-7.925	1.954	0.000
560	-7.902	3.784	0.000
434	-7.896	3.757	0.000
589	-7.835	2.161	0.000
323	-7.835	2.163	0.000
51	-7.712	2.451	0.000
233	-7.687	2.461	0.000
698	-7.687	2.462	0.000
1054	-7.596	2.638	0.000
558	-7.572	2.456	0.000
244	-7.572	2.456	0.000
243	-7.572	2.456	0.000
250	-7.572	2.456	0.000
409	-7.571	2.456	0.000
494	-7.571	2.456	0.000
507	-7.571	2.456	0.000
618	-7.571	2.456	0.000
673	-7.571	2.456	0.000
679	-7.571	2.456	0.000
732	-7.571	2.456	0.000
177	-7.571	2.456	0.000
278	-7.571	2.456	0.000
282	-7.571	2.456	0.000
405	-7.571	2.456	0.000
608	-7.571	2.456	0.000
552	-7.571	2.456	0.000
591	-7.571	2.456	0.000
1143	-7.571	2.456	0.000
1146	-7.571	2.456	0.000
335	-7.571	2.457	0.000
733	-7.571	2.465	0.000
64	-7.570	2.456	0.000
116	-7.570	2.456	0.000
132	-7.570	2.456	0.000
141	-7.570	2.456	0.000
39	-7.570	2.456	0.000
199	-7.570	2.456	0.000
148	-7.570	2.456	0.000
581	-7.545	2.389	0.000
147	-7.536	2.166	0.000
238	-7.534	2.167	0.000
1148	-7.531	2.171	0.000
641	-7.443	3.289	0.000
512	-7.441	3.645	0.000
623	-7.441	3.645	0.000
1101	-7.376	3.287	0.000
1279	-7.288	2.462	0.000
712	-7.266	2.462	0.000
1234	-7.238	2.451	0.000
1318	-7.229	2.530	0.000
691	-7.113	2.650	0.000
890	-7.098	3.368	0.000
970	-6.865	3.536	0.000
915	-6.745	3.099	0.000
1048	-6.624	3.562	0.000
1347	-6.589	3.129	0.000
1018	-6.361	3.837	0.000
1172	-6.089	3.804	0.000
505	-5.854	3.385	0.000
590	-5.854	3.388	0.000
649	-5.854	3.387	0.000
541	-5.854	3.386	0.000
643	-5.854	3.377	0.000
165	-5.853	3.394	0.000
131	-5.853	3.392	0.000
401	-5.853	3.383	0.000
158	-5.853	3.385	0.000
457	-5.853	3.385	0.000
258	-5.853	3.379	0.000
334	-5.853	3.383	0.000
359	-5.853	3.384	0.000
470	-5.852	3.395	0.000
