1687	-7.843	0.000	0.000
1688	-7.843	0.000	0.000
1689	-7.843	0.001	0.000
1694	-7.843	0.000	0.000
1698	-7.843	0.000	0.000
1700	-7.843	0.000	0.000
1701	-7.843	0.001	0.000
1704	-7.843	0.000	0.000
1707	-7.843	0.000	0.000
1719	-7.843	0.001	0.000
1725	-7.843	0.000	0.000
1730	-7.843	0.000	0.000
1732	-7.843	0.000	0.000
1735	-7.843	0.000	0.000
1691	-7.843	0.000	0.000
1721	-7.843	0.001	0.000
1636	-7.842	0.004	0.000
1617	-7.842	0.002	0.000
1618	-7.842	0.001	0.000
1621	-7.842	0.002	0.000
1622	-7.842	0.001	0.000
1624	-7.842	0.001	0.000
1625	-7.842	0.002	0.000
1626	-7.842	0.002	0.000
1632	-7.842	0.001	0.000
1635	-7.842	0.002	0.000
1653	-7.840	0.002	0.000
1673	-7.840	0.003	0.000
1641	-7.840	0.002	0.000
1647	-7.840	0.002	0.000
1654	-7.840	0.002	0.000
1657	-7.840	0.002	0.000
1659	-7.840	0.002	0.000
1660	-7.840	0.002	0.000
1665	-7.840	0.002	0.000
1668	-7.840	0.002	0.000
1672	-7.840	0.002	0.000
1675	-7.840	0.002	0.000
1678	-7.840	0.002	0.000
1680	-7.840	0.002	0.000
1681	-7.840	0.002	0.000
1685	-7.840	0.002	0.000
1614	-7.665	0.930	0.000
1620	-7.665	0.930	0.000
1628	-7.665	0.930	0.000
1630	-7.665	0.930	0.000
1637	-7.665	0.930	0.000
1643	-7.664	0.930	0.000
1648	-7.664	0.930	0.000
1650	-7.664	0.930	0.000
1651	-7.664	0.930	0.000
1658	-7.664	0.930	0.000
1662	-7.664	0.930	0.000
1666	-7.664	0.930	0.000
1667	-7.664	0.930	0.000
1669	-7.664	0.930	0.000
1671	-7.664	0.930	0.000
1676	-7.664	0.930	0.000
1679	-7.664	0.930	0.000
1683	-7.664	0.930	0.000
1684	-7.664	0.930	0.000
1722	-7.664	0.930	0.000
1696	-7.664	0.930	0.000
1706	-7.664	0.930	0.000
1711	-7.664	0.930	0.000
1718	-7.664	0.930	0.000
1720	-7.664	0.930	0.000
1724	-7.664	0.930	0.000
1726	-7.664	0.930	0.000
1727	-7.664	0.930	0.000
1728	-7.664	0.930	0.000
1734	-7.664	0.930	0.000
1693	-7.446	0.986	0.000
1733	-7.406	0.056	0.000
1709	-7.405	0.055	0.000
1697	-6.915	2.757	0.000
1705	-6.915	2.757	0.000
1717	-6.915	2.757	0.000
1729	-6.915	2.757	0.000
1716	-6.914	2.763	0.000
1656	-6.914	2.756	0.000
1613	-6.604	1.356	0.000
1615	-6.604	1.356	0.000
1616	-6.604	1.356	0.000
1623	-6.604	1.356	0.000
1631	-6.604	1.356	0.000
1642	-6.603	1.356	0.000
1661	-6.603	1.356	0.000
1670	-6.603	1.356	0.000
1713	-6.600	1.355	0.000
1731	-6.600	1.355	0.000
1655	-6.584	2.226	0.000
1646	-6.584	2.226	0.000
1663	-6.584	2.226	0.000
1710	-6.583	2.226	0.000
1712	-6.583	2.226	0.000
1699	-6.275	2.024	0.000
1645	-6.275	1.986	0.000
1664	-6.271	2.021	0.000
1674	-6.269	1.534	0.000
1619	-6.269	1.534	0.000
1627	-6.269	1.534	0.000
1633	-6.269	1.534	0.000
1634	-6.269	1.534	0.000
1677	-6.269	1.534	0.000
1695	-6.268	1.533	0.000
1702	-6.268	1.534	0.000
1715	-6.268	1.533	0.000
1714	-6.268	1.534	0.000
1644	-6.267	2.027	0.000
1639	-6.254	1.738	0.000
1682	-6.253	1.749	0.000
1629	-6.252	1.722	0.000
1649	-6.250	1.739	0.000
1690	-6.249	1.672	0.000
1723	-6.237	1.669	0.000
