953	-7.039	0.000	0.000
1012	-7.031	0.005	0.000
826	-7.030	0.005	0.000
883	-7.030	0.005	0.000
753	-7.030	0.005	0.000
754	-7.030	0.005	0.000
759	-7.030	0.005	0.000
766	-7.030	0.005	0.000
769	-7.030	0.005	0.000
776	-7.030	0.005	0.000
777	-7.030	0.005	0.000
789	-7.030	0.005	0.000
942	-7.013	0.006	0.000
803	-7.004	0.009	0.000
805	-7.004	0.009	0.000
809	-7.004	0.009	0.000
812	-7.004	0.009	0.000
819	-7.004	0.009	0.000
850	-7.004	0.009	0.000
868	-7.004	0.009	0.000
1089	-7.004	0.010	0.000
757	-7.003	0.009	0.000
778	-7.003	0.010	0.000
889	-7.003	0.009	0.000
902	-7.003	0.009	0.000
1000	-7.003	0.011	0.000
893	-6.992	0.148	0.000
956	-6.960	3.025	0.000
958	-6.888	0.031	0.000
871	-6.845	0.027	0.000
872	-6.845	0.027	0.000
842	-6.842	0.028	0.000
917	-6.842	0.027	0.000
845	-6.841	0.028	0.000
848	-6.841	0.028	0.000
879	-6.840	0.028	0.000
856	-6.825	0.031	0.000
977	-6.823	0.032	0.000
1016	-6.822	0.033	0.000
927	-6.782	2.368	0.000
841	-6.747	2.378	0.000
1031	-6.747	2.379	0.000
1076	-6.742	2.370	0.000
948	-6.741	2.266	0.000
957	-6.741	2.266	0.000
880	-6.738	2.391	0.000
1034	-6.721	2.375	0.000
827	-6.721	2.380	0.000
763	-6.718	2.381	0.000
775	-6.718	2.382	0.000
781	-6.718	2.382	0.000
802	-6.717	2.381	0.000
900	-6.717	2.381	0.000
985	-6.717	2.381	0.000
832	-6.717	2.381	0.000
811	-6.717	2.381	0.000
1073	-6.716	2.374	0.000
950	-6.716	3.397	0.000
854	-6.715	2.409	0.000
865	-6.712	2.384	0.000
892	-6.712	2.401	0.000
780	-6.710	2.381	0.000
911	-6.684	2.340	0.000
938	-6.680	2.386	0.000
940	-6.669	2.263	0.000
773	-6.668	2.309	0.000
796	-6.580	2.368	0.000
913	-6.574	2.297	0.000
877	-6.561	2.391	0.000
979	-6.561	2.389	0.000
1105	-6.560	2.388	0.000
874	-6.560	2.387	0.000
1086	-6.559	2.388	0.000
1025	-6.551	2.834	0.000
1005	-6.551	2.833	0.000
1017	-6.551	2.836	0.000
836	-6.540	2.271	0.000
937	-6.525	2.394	0.000
847	-6.499	2.258	0.000
840	-6.498	2.261	0.000
792	-6.474	2.827	0.000
916	-6.473	2.826	0.000
764	-6.458	2.275	0.000
828	-6.439	2.247	0.000
896	-6.439	2.266	0.000
909	-6.438	2.251	0.000
1068	-6.438	2.249	0.000
794	-6.426	2.718	0.000
800	-6.426	2.718	0.000
750	-6.426	2.718	0.000
751	-6.426	2.718	0.000
752	-6.426	2.718	0.000
762	-6.426	2.718	0.000
767	-6.426	2.718	0.000
774	-6.426	2.718	0.000
891	-6.426	2.718	0.000
904	-6.420	1.810	0.000
869	-6.414	2.262	0.000
925	-6.409	3.406	0.000
1029	-6.409	3.408	0.000
993	-6.409	3.409	0.000
914	-6.409	3.408	0.000
1078	-6.409	3.407	0.000
987	-6.409	3.408	0.000
1008	-6.408	3.409	0.000
779	-6.379	2.719	0.000
943	-6.374	3.861	0.000
817	-6.370	3.425	0.000
846	-6.370	3.426	0.000
924	-6.370	3.425	0.000
829	-6.370	3.425	0.000
929	-6.347	2.244	0.000
939	-6.344	2.244	0.000
941	-6.333	3.549	0.000
928	-6.332	3.551	0.000
1053	-6.314	2.407	0.000
931	-6.296	1.717	0.000
949	-6.295	3.077	0.000
801	-6.293	2.723	0.000
1011	-6.293	2.720	0.000
905	-6.293	2.722	0.000
1114	-6.293	2.721	0.000
861	-6.293	2.723	0.000
1104	-6.293	2.717	0.000
804	-6.293	2.722	0.000
988	-6.293	2.719	0.000
1062	-6.293	2.723	0.000
1081	-6.293	2.720	0.000
785	-6.292	2.722	0.000
786	-6.292	2.728	0.000
782	-6.292	2.726	0.000
814	-6.286	1.769	0.000
978	-6.286	1.769	0.000
1036	-6.286	1.769	0.000
1061	-6.286	1.768	0.000
888	-6.285	1.763	0.000
1024	-6.284	1.765	0.000
756	-6.284	1.766	0.000
758	-6.284	1.766	0.000
788	-6.284	1.768	0.000
964	-6.256	3.868	0.000
954	-6.255	3.898	0.000
837	-6.250	2.411	0.000
876	-6.229	1.696	0.000
784	-6.227	1.708	0.000
772	-6.226	1.694	0.000
795	-6.226	2.404	0.000
1033	-6.210	2.721	0.000
807	-6.210	2.725	0.000
855	-6.210	2.724	0.000
906	-6.210	2.724	0.000
1010	-6.210	2.722	0.000
1113	-6.210	2.723	0.000
799	-6.210	2.724	0.000
820	-6.210	2.724	0.000
849	-6.210	2.723	0.000
816	-6.210	2.725	0.000
1004	-6.209	2.728	0.000
768	-6.209	2.725	0.000
863	-6.209	2.726	0.000
1019	-6.209	2.721	0.000
755	-6.209	2.724	0.000
790	-6.209	2.722	0.000
783	-6.209	2.730	0.000
787	-6.209	2.723	0.000
791	-6.209	2.724	0.000
810	-6.209	2.721	0.000
1039	-6.209	2.725	0.000
1095	-6.209	2.722	0.000
770	-6.209	2.723	0.000
1108	-6.209	2.721	0.000
912	-6.171	2.717	0.000
873	-6.170	2.716	0.000
818	-6.170	2.718	0.000
834	-6.170	2.718	0.000
844	-6.170	2.718	0.000
851	-6.170	2.717	0.000
866	-6.170	2.719	0.000
910	-6.170	2.717	0.000
920	-6.170	2.718	0.000
923	-6.170	2.718	0.000
935	-6.139	3.248	0.000
980	-6.105	2.709	0.000
1112	-6.104	2.713	0.000
922	-6.101	3.495	0.000
771	-6.101	3.502	0.000
838	-6.101	3.521	0.000
1098	-6.101	3.521	0.000
972	-6.101	3.526	0.000
798	-6.101	3.523	0.000
996	-6.100	3.512	0.000
1040	-6.100	3.515	0.000
765	-6.066	3.574	0.000
878	-6.065	3.545	0.000
862	-6.065	3.552	0.000
761	-6.065	3.560	0.000
919	-6.065	3.554	0.000
1067	-6.065	3.559	0.000
843	-6.065	3.567	0.000
973	-6.065	3.570	0.000
749	-6.064	3.536	0.000
760	-6.064	3.537	0.000
1015	-6.064	3.549	0.000
983	-6.063	3.534	0.000
966	-6.009	3.226	0.000
1084	-5.925	3.404	0.000
1110	-5.924	3.405	0.000
1059	-5.909	3.399	0.000
1064	-5.906	2.794	0.000
908	-5.872	2.554	0.000
1087	-5.856	2.764	0.000
984	-5.855	2.795	0.000
1003	-5.855	2.790	0.000
1007	-5.855	2.798	0.000
968	-5.852	2.827	0.000
853	-5.815	2.732	0.000
813	-5.780	3.227	0.000
824	-5.780	3.227	0.000
825	-5.780	3.227	0.000
870	-5.780	3.227	0.000
867	-5.779	3.227	0.000
991	-5.772	3.727	0.000
887	-5.771	3.727	0.000
875	-5.770	3.728	0.000
881	-5.770	3.727	0.000
882	-5.770	3.727	0.000
897	-5.770	3.727	0.000
1060	-5.770	3.727	0.000
1032	-5.743	3.216	0.000
963	-5.722	3.745	0.000
797	-5.691	2.687	0.000
815	-5.691	2.686	0.000
1044	-5.664	3.736	0.000
1065	-5.650	2.485	0.000
1063	-5.650	2.497	0.000
1106	-5.643	2.489	0.000
1085	-5.641	2.496	0.000
1103	-5.636	2.507	0.000
997	-5.619	3.738	0.000
918	-5.616	3.738	0.000
1052	-5.615	3.738	0.000
864	-5.607	3.514	0.000
1051	-5.607	3.515	0.000
999	-5.604	3.514	0.000
793	-5.603	3.501	0.000
898	-5.565	3.210	0.000
1075	-5.541	3.745	0.000
1077	-5.540	3.745	0.000
1026	-5.529	3.509	0.000
1071	-5.529	3.509	0.000
1014	-5.528	3.508	0.000
969	-5.528	3.212	0.000
1096	-5.512	3.747	0.000
1082	-5.511	3.747	0.000
1072	-5.511	3.747	0.000
1050	-5.503	3.999	0.000
998	-5.502	2.957	0.000
852	-5.501	2.955	0.000
839	-5.501	2.957	0.000
926	-5.501	2.956	0.000
899	-5.500	2.955	0.000
831	-5.464	3.362	0.000
885	-5.456	3.127	0.000
1083	-5.378	3.723	0.000
974	-5.377	3.723	0.000
951	-5.377	1.597	0.000
1092	-5.342	3.007	0.000
1037	-4.481	3.583	0.000
895	-4.481	3.581	0.000
1023	-4.171	3.336	0.000
1021	-3.989	3.744	0.000
