1159	-7.568	0.000	0.000
1160	-7.568	0.001	0.000
1174	-7.562	0.003	0.000
1176	-7.562	0.003	0.000
1205	-7.562	0.003	0.000
1166	-7.562	0.003	0.000
1170	-7.562	0.003	0.000
1183	-7.562	0.002	0.000
1215	-7.562	0.003	0.000
1235	-6.760	3.796	0.000
1182	-6.630	3.800	0.000
1190	-6.617	3.801	0.000
1209	-6.617	3.801	0.000
1322	-6.577	3.798	0.000
1365	-6.577	3.805	0.000
1137	-6.568	3.491	0.000
1120	-6.568	3.491	0.000
1165	-6.566	3.488	0.000
886	-6.517	3.781	0.000
1168	-6.460	3.497	0.000
1196	-6.460	3.497	0.000
1305	-6.438	3.497	0.000
1152	-6.436	3.496	0.000
1124	-6.436	3.496	0.000
1131	-6.436	3.496	0.000
1134	-6.436	3.496	0.000
1139	-6.436	3.496	0.000
1245	-6.436	3.497	0.000
1243	-6.436	3.497	0.000
1156	-6.435	3.495	0.000
1370	-6.435	3.494	0.000
1185	-6.434	3.499	0.000
1222	-6.434	3.499	0.000
1349	-6.422	3.499	0.000
1125	-6.412	3.498	0.000
1030	-6.384	3.705	0.000
1115	-6.339	1.270	0.000
1116	-6.339	1.270	0.000
1119	-6.339	1.270	0.000
1123	-6.339	1.270	0.000
1126	-6.339	1.270	0.000
1129	-6.339	1.270	0.000
1136	-6.339	1.269	0.000
205	-6.339	1.271	0.000
1127	-6.339	1.270	0.000
1130	-6.339	1.270	0.000
1135	-6.339	1.270	0.000
1250	-6.331	1.267	0.000
1257	-6.331	1.267	0.000
1199	-6.276	2.719	0.000
1273	-6.253	1.271	0.000
1286	-6.253	1.272	0.000
1138	-6.159	3.211	0.000
1173	-6.147	3.219	0.000
1184	-6.147	3.219	0.000
1117	-6.121	2.757	0.000
1132	-6.121	2.757	0.000
1223	-6.099	3.236	0.000
1284	-6.077	3.237	0.000
1374	-6.077	3.235	0.000
1302	-6.077	3.236	0.000
1271	-6.048	3.219	0.000
1333	-6.048	3.219	0.000
1275	-6.041	3.221	0.000
1306	-6.041	3.221	0.000
1285	-6.041	3.221	0.000
1258	-6.039	3.221	0.000
1297	-6.039	3.221	0.000
1298	-6.039	3.222	0.000
1324	-6.035	3.218	0.000
1163	-6.032	2.766	0.000
1154	-6.030	3.220	0.000
1291	-6.029	3.220	0.000
1188	-6.029	2.317	0.000
1180	-6.029	2.317	0.000
1230	-6.023	3.226	0.000
1231	-6.023	3.258	0.000
1211	-6.022	3.226	0.000
1311	-6.016	3.220	0.000
1246	-6.001	3.237	0.000
1195	-5.998	2.761	0.000
1224	-5.995	2.761	0.000
1255	-5.992	3.239	0.000
1323	-5.987	3.237	0.000
1292	-5.982	3.238	0.000
1336	-5.974	2.772	0.000
1272	-5.942	2.768	0.000
1337	-5.941	2.767	0.000
1341	-5.938	2.767	0.000
1321	-5.937	2.768	0.000
1277	-5.937	2.768	0.000
1278	-5.937	2.768	0.000
1121	-5.936	2.768	0.000
1122	-5.936	2.768	0.000
1133	-5.936	2.768	0.000
1151	-5.936	2.768	0.000
413	-5.934	2.279	0.000
506	-5.934	2.280	0.000
662	-5.934	2.280	0.000
151	-5.933	2.280	0.000
222	-5.933	2.280	0.000
240	-5.931	2.280	0.000
730	-5.931	2.280	0.000
1147	-5.930	2.280	0.000
1157	-5.930	2.280	0.000
1288	-5.929	2.767	0.000
1348	-5.921	2.767	0.000
1351	-5.921	2.767	0.000
1128	-5.872	2.198	0.000
1144	-5.843	1.369	0.000
1145	-5.843	1.369	0.000
1140	-5.842	1.370	0.000
1153	-5.842	1.369	0.000
1142	-5.840	1.370	0.000
1251	-5.833	1.367	0.000
1254	-5.831	1.368	0.000
1304	-5.831	1.368	0.000
1009	-5.821	2.162	0.000
1150	-5.816	2.370	0.000
1244	-5.797	1.379	0.000
1208	-5.767	1.378	0.000
1375	-5.755	1.373	0.000
1216	-5.734	2.300	0.000
1175	-5.592	2.505	0.000
1198	-5.590	2.504	0.000
1118	-5.523	2.524	0.000
1831	-5.505	3.580	0.000
665	-5.390	2.396	0.000
