1601	-7.920	0.000	0.000
1534	-7.920	0.001	0.000
1571	-7.920	0.001	0.000
1558	-7.919	0.001	0.000
1533	-7.863	0.182	0.000
1584	-7.858	0.031	0.000
1577	-7.522	2.168	0.000
1523	-7.522	2.167	0.000
1593	-7.522	2.167	0.000
1563	-7.522	2.168	0.000
1456	-7.303	2.181	0.000
1493	-7.268	2.185	0.000
1501	-7.267	2.185	0.000
1600	-7.266	2.185	0.000
1564	-7.266	2.185	0.000
1427	-7.259	2.184	0.000
1435	-7.259	2.184	0.000
1443	-7.259	2.184	0.000
1444	-7.259	2.184	0.000
1516	-7.257	2.184	0.000
1575	-7.257	2.184	0.000
1404	-7.208	2.185	0.000
1437	-7.190	2.282	0.000
1610	-7.190	2.282	0.000
1424	-7.189	2.282	0.000
1561	-7.189	2.282	0.000
1527	-7.145	2.282	0.000
1526	-7.129	2.275	0.000
1551	-7.127	2.275	0.000
1559	-7.111	2.276	0.000
1430	-7.111	2.277	0.000
1425	-7.111	2.278	0.000
1511	-7.111	2.278	0.000
1385	-7.105	2.280	0.000
1403	-7.085	2.279	0.000
1596	-7.014	1.597	0.000
1485	-7.013	1.599	0.000
1538	-7.013	1.597	0.000
1482	-7.013	1.595	0.000
1468	-7.013	1.600	0.000
1520	-7.013	1.598	0.000
1413	-7.010	1.592	0.000
1546	-6.821	2.803	0.000
1588	-6.777	2.809	0.000
1591	-6.777	2.809	0.000
1433	-6.776	2.809	0.000
1441	-6.776	2.809	0.000
1522	-6.776	2.809	0.000
1399	-6.770	2.810	0.000
1391	-6.769	2.808	0.000
1398	-6.697	2.482	0.000
1408	-6.697	2.481	0.000
1405	-6.697	2.504	0.000
1542	-6.696	2.382	0.000
1476	-6.696	2.386	0.000
1537	-6.696	2.379	0.000
1592	-6.696	2.387	0.000
1487	-6.694	2.475	0.000
1609	-6.694	2.486	0.000
1434	-6.694	2.500	0.000
1460	-6.694	2.519	0.000
1496	-6.694	2.503	0.000
1451	-6.694	2.501	0.000
1473	-6.694	2.488	0.000
1467	-6.694	2.494	0.000
1480	-6.694	2.543	0.000
1472	-6.694	2.530	0.000
1490	-6.693	2.507	0.000
1389	-6.693	2.494	0.000
1528	-6.666	3.735	0.000
1387	-6.659	3.754	0.000
1420	-6.659	3.754	0.000
1572	-6.656	3.753	0.000
1392	-6.646	3.752	0.000
1492	-6.052	3.454	0.000
1604	-6.052	3.454	0.000
1532	-6.049	3.456	0.000
1429	-6.049	3.456	0.000
1553	-6.049	3.456	0.000
1555	-6.049	3.456	0.000
1503	-6.049	3.452	0.000
