1788	-7.494	0.000	0.000
1794	-7.494	0.003	0.000
1796	-7.494	0.003	0.000
1800	-7.494	0.003	0.000
1793	-7.494	0.005	0.000
1840	-7.491	0.026	0.000
1738	-7.489	0.010	0.000
1739	-7.489	0.010	0.000
1740	-7.489	0.011	0.000
1743	-7.489	0.010	0.000
1751	-7.489	0.011	0.000
1752	-7.489	0.010	0.000
1827	-7.484	0.111	0.000
1757	-7.483	0.009	0.000
1771	-7.483	0.009	0.000
1758	-7.483	0.009	0.000
1762	-7.483	0.008	0.000
1766	-7.483	0.009	0.000
1769	-7.483	0.009	0.000
1773	-7.483	0.009	0.000
1780	-7.483	0.009	0.000
1781	-7.483	0.009	0.000
1783	-7.483	0.011	0.000
1784	-7.483	0.009	0.000
1767	-7.483	0.009	0.000
1824	-7.482	0.093	0.000
1799	-7.463	0.008	0.000
1797	-7.463	0.008	0.000
1798	-7.463	0.009	0.000
1812	-6.986	2.306	0.000
1850	-6.984	2.305	0.000
1772	-6.967	2.308	0.000
1832	-6.935	2.327	0.000
1842	-6.935	2.326	0.000
1825	-6.913	2.319	0.000
1841	-6.913	2.319	0.000
1328	-6.883	2.949	0.000
1814	-6.855	2.958	0.000
1809	-6.855	2.957	0.000
1817	-6.855	2.958	0.000
1823	-6.803	2.988	0.000
1803	-6.801	2.989	0.000
1837	-6.800	2.989	0.000
1802	-6.398	2.811	0.000
1843	-6.369	2.812	0.000
1838	-6.369	2.811	0.000
