1676	-4.996	0.000	0.000
1588	-3.735	2.336	0.000
1589	-3.735	2.336	0.000
1590	-3.735	2.336	0.000
1591	-3.735	2.336	0.000
1592	-3.735	2.336	0.000
1593	-3.735	2.336	0.000
1594	-3.735	2.336	0.000
1595	-3.735	2.336	0.000
1596	-3.735	2.336	0.000
1612	-3.735	2.336	0.000
1613	-3.735	2.336	0.000
1614	-3.735	2.336	0.000
1621	-3.735	2.337	0.000
1652	-3.735	2.336	0.000
1667	-3.735	2.336	0.000
1668	-3.735	2.336	0.000
1669	-3.735	2.336	0.000
1670	-3.735	2.336	0.000
1671	-3.735	2.336	0.000
1619	-3.734	2.337	0.000
