636	-4.828	0.000	0.000
637	-4.828	0.001	0.000
638	-4.828	0.000	0.000
639	-4.828	0.001	0.000
640	-4.828	0.000	0.000
641	-4.828	0.000	0.000
642	-4.828	0.001	0.000
643	-4.828	0.001	0.000
644	-4.828	0.001	0.000
645	-4.828	0.001	0.000
646	-4.828	0.000	0.000
647	-4.828	0.001	0.000
648	-4.828	0.000	0.000
649	-4.828	0.000	0.000
650	-4.828	0.001	0.000
651	-4.828	0.001	0.000
663	-4.828	0.000	0.000
667	-4.828	0.001	0.000
668	-4.828	0.001	0.000
671	-4.828	0.000	0.000
672	-4.828	0.001	0.000
675	-4.828	0.001	0.000
676	-4.828	0.001	0.000
677	-4.828	0.001	0.000
693	-4.828	0.001	0.000
1545	-4.783	0.025	0.000
953	-4.727	2.706	0.000
682	-4.700	2.731	0.000
683	-4.700	2.731	0.000
686	-4.700	2.731	0.000
687	-4.700	2.731	0.000
635	-4.699	2.731	0.000
652	-4.699	2.732	0.000
653	-4.699	2.732	0.000
654	-4.699	2.732	0.000
658	-4.699	2.731	0.000
659	-4.699	2.731	0.000
660	-4.699	2.731	0.000
661	-4.699	2.731	0.000
662	-4.699	2.731	0.000
664	-4.699	2.732	0.000
665	-4.699	2.731	0.000
688	-4.656	2.742	0.000
692	-4.655	2.747	0.000
925	-4.646	2.797	0.000
749	-4.630	0.075	0.000
750	-4.630	0.075	0.000
761	-4.630	0.076	0.000
762	-4.630	0.075	0.000
763	-4.630	0.075	0.000
764	-4.630	0.076	0.000
765	-4.630	0.076	0.000
766	-4.630	0.076	0.000
767	-4.630	0.076	0.000
768	-4.630	0.076	0.000
769	-4.630	0.076	0.000
770	-4.630	0.076	0.000
771	-4.630	0.075	0.000
772	-4.630	0.076	0.000
773	-4.630	0.075	0.000
775	-4.630	0.075	0.000
807	-4.630	0.075	0.000
808	-4.630	0.076	0.000
836	-4.630	0.076	0.000
837	-4.630	0.076	0.000
838	-4.630	0.076	0.000
839	-4.630	0.075	0.000
844	-4.630	0.076	0.000
845	-4.630	0.076	0.000
846	-4.630	0.075	0.000
847	-4.630	0.076	0.000
848	-4.630	0.076	0.000
855	-4.630	0.076	0.000
856	-4.630	0.076	0.000
858	-4.630	0.076	0.000
867	-4.630	0.076	0.000
868	-4.630	0.076	0.000
874	-4.630	0.075	0.000
875	-4.630	0.076	0.000
876	-4.630	0.075	0.000
900	-4.630	0.075	0.000
901	-4.630	0.076	0.000
902	-4.630	0.075	0.000
903	-4.630	0.076	0.000
904	-4.630	0.076	0.000
1011	-4.630	0.075	0.000
1017	-4.630	0.075	0.000
1018	-4.630	0.075	0.000
1019	-4.630	0.075	0.000
1020	-4.630	0.075	0.000
1025	-4.630	0.075	0.000
1030	-4.630	0.076	0.000
1031	-4.630	0.076	0.000
1032	-4.630	0.075	0.000
1039	-4.630	0.076	0.000
1040	-4.630	0.075	0.000
1048	-4.630	0.075	0.000
1065	-4.630	0.076	0.000
1066	-4.630	0.076	0.000
1067	-4.630	0.075	0.000
1069	-4.630	0.075	0.000
1070	-4.630	0.075	0.000
1073	-4.630	0.075	0.000
1074	-4.630	0.075	0.000
1075	-4.630	0.075	0.000
694	-4.628	0.075	0.000
697	-4.628	0.074	0.000
698	-4.628	0.074	0.000
700	-4.628	0.074	0.000
702	-4.628	0.074	0.000
706	-4.628	0.074	0.000
708	-4.628	0.075	0.000
952	-4.627	0.073	0.000
678	-4.624	3.727	0.000
679	-4.624	3.727	0.000
680	-4.624	3.727	0.000
689	-4.623	3.727	0.000
905	-4.621	2.818	0.000
815	-4.621	3.761	0.000
816	-4.621	3.761	0.000
817	-4.621	3.761	0.000
818	-4.621	3.761	0.000
819	-4.621	3.761	0.000
820	-4.621	3.761	0.000
1068	-4.621	3.761	0.000
1071	-4.621	3.761	0.000
1072	-4.621	3.761	0.000
1077	-4.621	3.761	0.000
1078	-4.621	3.761	0.000
737	-4.620	2.819	0.000
738	-4.620	2.819	0.000
739	-4.620	2.819	0.000
946	-4.620	2.819	0.000
950	-4.620	2.819	0.000
968	-4.620	2.819	0.000
1086	-4.620	2.819	0.000
743	-4.620	3.761	0.000
756	-4.620	3.761	0.000
757	-4.620	3.761	0.000
999	-4.620	3.761	0.000
1000	-4.620	3.761	0.000
1001	-4.620	3.761	0.000
1002	-4.620	3.761	0.000
1003	-4.620	3.761	0.000
1060	-4.620	3.761	0.000
1085	-4.620	3.761	0.000
1094	-4.620	3.761	0.000
1096	-4.620	3.761	0.000
1097	-4.620	3.761	0.000
1098	-4.620	3.761	0.000
1103	-4.620	3.761	0.000
1104	-4.620	3.761	0.000
726	-4.619	2.820	0.000
727	-4.619	2.820	0.000
728	-4.619	2.820	0.000
926	-4.617	3.746	0.000
927	-4.617	3.746	0.000
928	-4.617	3.746	0.000
741	-4.614	3.747	0.000
742	-4.614	3.747	0.000
944	-4.614	3.747	0.000
945	-4.614	3.747	0.000
947	-4.614	3.747	0.000
948	-4.614	3.747	0.000
949	-4.614	3.747	0.000
954	-4.614	3.747	0.000
955	-4.614	3.747	0.000
956	-4.614	3.747	0.000
957	-4.614	3.747	0.000
958	-4.614	3.747	0.000
744	-4.600	3.767	0.000
746	-4.600	3.767	0.000
777	-4.596	3.766	0.000
778	-4.596	3.766	0.000
806	-4.595	3.766	0.000
1054	-4.595	3.766	0.000
916	-4.586	3.749	0.000
917	-4.586	3.749	0.000
787	-4.572	2.870	0.000
788	-4.572	2.870	0.000
789	-4.572	2.870	0.000
790	-4.572	2.870	0.000
791	-4.572	2.870	0.000
792	-4.572	2.870	0.000
1092	-4.572	2.869	0.000
1093	-4.572	2.870	0.000
786	-4.572	2.869	0.000
793	-4.572	2.870	0.000
1009	-4.554	2.902	0.000
1010	-4.554	2.901	0.000
859	-4.553	2.893	0.000
785	-4.553	2.894	0.000
752	-4.553	2.902	0.000
753	-4.553	2.902	0.000
1004	-4.553	2.902	0.000
1005	-4.553	2.902	0.000
1006	-4.553	2.902	0.000
1007	-4.553	2.903	0.000
695	-4.533	2.228	0.000
696	-4.533	2.228	0.000
699	-4.533	2.228	0.000
701	-4.533	2.228	0.000
703	-4.533	2.228	0.000
704	-4.533	2.228	0.000
705	-4.533	2.228	0.000
709	-4.533	2.228	0.000
711	-4.533	2.228	0.000
712	-4.533	2.228	0.000
713	-4.533	2.228	0.000
714	-4.533	2.228	0.000
715	-4.533	2.228	0.000
716	-4.533	2.228	0.000
729	-4.533	2.228	0.000
731	-4.533	2.228	0.000
732	-4.533	2.228	0.000
733	-4.533	2.228	0.000
734	-4.533	2.227	0.000
736	-4.533	2.228	0.000
740	-4.533	2.227	0.000
908	-4.533	2.228	0.000
909	-4.533	2.227	0.000
912	-4.533	2.228	0.000
942	-4.533	2.228	0.000
961	-4.533	2.228	0.000
962	-4.533	2.227	0.000
963	-4.533	2.228	0.000
964	-4.533	2.228	0.000
965	-4.533	2.228	0.000
730	-4.533	2.229	0.000
735	-4.533	2.228	0.000
915	-4.533	2.229	0.000
710	-4.533	2.228	0.000
485	-4.532	2.228	0.000
470	-4.532	2.229	0.000
471	-4.532	2.229	0.000
529	-4.532	2.228	0.000
484	-4.532	2.229	0.000
751	-4.527	2.225	0.000
760	-4.527	2.226	0.000
779	-4.527	2.226	0.000
780	-4.527	2.226	0.000
794	-4.527	2.226	0.000
795	-4.527	2.225	0.000
796	-4.527	2.226	0.000
833	-4.527	2.226	0.000
834	-4.527	2.226	0.000
835	-4.527	2.226	0.000
852	-4.527	2.226	0.000
853	-4.527	2.226	0.000
854	-4.527	2.225	0.000
861	-4.527	2.226	0.000
869	-4.527	2.226	0.000
870	-4.527	2.226	0.000
871	-4.527	2.226	0.000
972	-4.527	2.226	0.000
973	-4.527	2.226	0.000
974	-4.527	2.226	0.000
998	-4.527	2.226	0.000
1014	-4.527	2.225	0.000
1015	-4.527	2.225	0.000
1029	-4.527	2.226	0.000
1081	-4.527	2.226	0.000
1095	-4.527	2.226	0.000
1016	-4.527	2.225	0.000
1049	-4.527	2.225	0.000
1013	-4.527	2.226	0.000
1176	-4.527	2.233	0.000
1177	-4.527	2.233	0.000
1178	-4.527	2.233	0.000
1179	-4.527	2.233	0.000
1180	-4.527	2.233	0.000
1188	-4.527	2.233	0.000
1189	-4.527	2.233	0.000
1191	-4.527	2.233	0.000
1192	-4.527	2.233	0.000
1193	-4.527	2.233	0.000
1196	-4.527	2.233	0.000
1197	-4.527	2.233	0.000
1229	-4.527	2.233	0.000
1230	-4.527	2.233	0.000
1231	-4.527	2.233	0.000
1232	-4.527	2.233	0.000
1233	-4.527	2.233	0.000
1234	-4.527	2.233	0.000
1235	-4.527	2.233	0.000
1311	-4.527	2.233	0.000
1312	-4.527	2.233	0.000
1202	-4.509	2.227	0.000
1203	-4.509	2.227	0.000
841	-4.499	2.224	0.000
842	-4.499	2.224	0.000
889	-4.499	2.224	0.000
890	-4.499	2.224	0.000
891	-4.499	2.224	0.000
892	-4.499	2.224	0.000
893	-4.499	2.224	0.000
977	-4.499	2.224	0.000
978	-4.499	2.224	0.000
979	-4.499	2.224	0.000
980	-4.499	2.224	0.000
981	-4.499	2.224	0.000
982	-4.499	2.224	0.000
754	-4.499	2.224	0.000
755	-4.499	2.224	0.000
1363	-4.409	0.212	0.000
1364	-4.409	0.212	0.000
821	-4.253	2.876	0.000
822	-4.253	2.876	0.000
823	-4.253	2.876	0.000
824	-4.253	2.876	0.000
825	-4.253	2.876	0.000
826	-4.253	2.876	0.000
827	-4.253	2.876	0.000
828	-4.253	2.876	0.000
851	-4.250	2.876	0.000
986	-4.250	2.876	0.000
1101	-4.250	2.876	0.000
724	-4.231	2.875	0.000
725	-4.231	2.875	0.000
685	-4.063	2.931	0.000
1122	-4.059	2.921	0.000
1118	-4.056	2.922	0.000
1119	-4.056	2.922	0.000
1120	-4.056	2.922	0.000
798	-4.054	2.921	0.000
799	-4.054	2.921	0.000
800	-4.054	2.921	0.000
801	-4.054	2.921	0.000
802	-4.054	2.921	0.000
803	-4.054	2.921	0.000
983	-4.054	2.921	0.000
984	-4.054	2.921	0.000
1055	-4.054	2.921	0.000
776	-4.053	2.922	0.000
1033	-4.052	2.922	0.000
1037	-4.052	2.922	0.000
918	-4.041	2.921	0.000
919	-4.041	2.921	0.000
941	-4.040	2.921	0.000
758	-4.039	3.833	0.000
759	-4.039	3.833	0.000
829	-4.039	3.833	0.000
830	-4.039	3.833	0.000
831	-4.039	3.833	0.000
832	-4.039	3.833	0.000
880	-4.039	3.833	0.000
881	-4.039	3.833	0.000
1121	-4.039	3.833	0.000
1124	-4.039	3.833	0.000
781	-4.032	3.837	0.000
782	-4.032	3.837	0.000
783	-4.032	3.837	0.000
784	-4.032	3.837	0.000
797	-4.032	3.837	0.000
862	-4.032	3.837	0.000
966	-4.032	3.837	0.000
969	-4.032	3.837	0.000
970	-4.032	3.837	0.000
971	-4.032	3.837	0.000
985	-4.032	3.837	0.000
1050	-4.032	3.837	0.000
1051	-4.032	3.837	0.000
1082	-4.032	3.837	0.000
1083	-4.032	3.837	0.000
1084	-4.032	3.837	0.000
1087	-4.032	3.837	0.000
1099	-4.032	3.837	0.000
1100	-4.032	3.837	0.000
924	-4.032	3.836	0.000
976	-4.032	3.837	0.000
1057	-4.032	3.836	0.000
1058	-4.032	3.837	0.000
809	-4.031	3.837	0.000
810	-4.031	3.837	0.000
811	-4.031	3.837	0.000
812	-4.031	3.837	0.000
813	-4.031	3.837	0.000
814	-4.031	3.837	0.000
1026	-4.031	3.837	0.000
1034	-4.031	3.837	0.000
1035	-4.031	3.837	0.000
1061	-4.031	3.837	0.000
1080	-4.031	3.837	0.000
1102	-4.031	3.837	0.000
1123	-4.031	3.837	0.000
967	-4.002	2.925	0.000
1062	-4.001	2.926	0.000
1063	-4.001	2.926	0.000
1064	-4.001	2.926	0.000
1041	-4.001	2.926	0.000
907	-3.987	3.792	0.000
906	-3.978	3.799	0.000
940	-3.978	3.799	0.000
1225	-3.977	3.851	0.000
1269	-3.977	3.851	0.000
1415	-3.977	3.851	0.000
1036	-3.969	3.754	0.000
1038	-3.969	3.754	0.000
745	-3.901	3.091	0.000
1395	-3.777	3.859	0.000
1360	-3.707	3.864	0.000
1361	-3.707	3.864	0.000
1088	-3.464	2.276	0.000
