1854	-7.515	0.000	2.162
1858	-7.515	0.000	2.340
1859	-7.515	0.001	2.154
1872	-7.515	0.001	2.154
1873	-7.515	0.000	3.030
1874	-7.515	0.000	2.937
1881	-7.515	0.001	2.937
1883	-7.515	0.000	2.936
1885	-7.515	0.000	2.939
1902	-7.515	0.000	2.939
1904	-7.515	0.001	1.605
1910	-7.515	0.000	1.605
1911	-7.515	0.001	1.607
1919	-7.515	0.000	1.607
1924	-7.515	0.001	2.483
1928	-7.515	0.000	2.484
1930	-7.515	0.000	2.484
1932	-7.515	0.000	10.926
1937	-7.515	0.000	2.843
1938	-7.515	0.000	2.846
1942	-7.515	0.000	2.846
1950	-7.515	0.001	11.436
1953	-7.515	0.000	2.084
1955	-7.394	0.908	7.790
1894	-7.394	0.908	7.985
1917	-7.394	0.908	7.991
1850	-7.369	0.897	5.300
1856	-7.369	0.897	8.330
1860	-7.369	0.897	8.403
1863	-7.369	0.897	8.403
1869	-7.369	0.897	8.324
1870	-7.369	0.897	18.010
1871	-7.369	0.897	18.026
1876	-7.369	0.897	6.863
1898	-7.369	0.897	8.435
1903	-7.369	0.897	6.475
1907	-7.369	0.897	6.925
1912	-7.369	0.897	6.925
1914	-7.369	0.897	8.277
1916	-7.369	0.897	8.284
1920	-7.369	0.897	8.284
1925	-7.369	0.897	8.284
1929	-7.369	0.897	6.932
1934	-7.369	0.897	6.460
1944	-7.369	0.897	6.460
1962	-7.369	0.897	10.901
1847	-7.363	0.897	10.903
1923	-7.293	1.539	2.773
1895	-7.292	1.536	2.773
1909	-7.292	1.536	2.769
1945	-7.292	1.536	2.773
1927	-7.194	0.966	3.033
1880	-7.141	1.389	0.072
1954	-7.140	1.384	0.056
1893	-7.111	0.207	2.331
1960	-7.034	1.000	2.484
1949	-7.033	1.001	2.484
1861	-6.767	1.954	2.180
1877	-6.767	1.954	2.773
1879	-6.767	1.954	2.769
1899	-6.767	1.954	2.770
1906	-6.767	1.954	2.774
1915	-6.767	1.954	2.996
1935	-6.767	1.954	2.984
1941	-6.767	1.954	2.133
1943	-6.767	1.954	2.476
1946	-6.767	1.954	2.127
1951	-6.767	1.954	3.037
1958	-6.767	1.954	3.037
1851	-6.720	1.963	3.323
1864	-6.720	1.963	0.004
1865	-6.720	1.963	0.027
1866	-6.720	1.963	3.077
1867	-6.720	1.963	0.072
1926	-6.720	1.963	0.072
1855	-6.718	1.964	0.071
1875	-6.718	1.964	0.072
1886	-6.718	1.964	3.046
1887	-6.718	1.964	3.046
1931	-6.718	1.964	3.046
1849	-6.716	3.303	3.041
1868	-6.714	1.754	3.033
1947	-6.714	1.754	0.057
1878	-6.713	1.938	0.058
1888	-6.713	1.938	2.176
1939	-6.713	1.938	3.084
1959	-6.713	1.938	3.083
1913	-6.706	1.935	1.627
1862	-6.706	1.935	2.136
1900	-6.706	1.935	2.134
1852	-6.705	1.935	2.334
1882	-6.704	1.935	2.338
1905	-6.704	1.935	2.339
1933	-6.704	1.935	1.625
1848	-6.695	1.932	3.030
1961	-6.599	2.079	2.937
1896	-6.578	2.097	11.436
1897	-6.578	2.097	2.084
1918	-6.578	2.097	2.084
1957	-6.578	2.097	2.083
1963	-6.578	2.097	17.303
1965	-6.578	2.097	16.726
1892	-6.578	2.097	9.361
1921	-6.540	3.221	5.296
1940	-6.540	3.221	5.284
1853	-6.382	3.260	2.484
1857	-6.382	3.260	2.484
1922	-6.382	3.260	10.926
1956	-6.382	3.260	2.842
1884	-6.381	3.260	11.436
1901	-6.234	3.614	8.534
1908	-6.234	3.614	8.534
1889	-6.221	3.289	8.534
1948	-6.042	2.220	5.290
1936	-6.042	2.220	5.291
1890	-6.041	2.220	5.292
1891	-6.041	2.220	5.289
