1752	-9.047	0.000	5.294
1844	-8.992	1.247	5.282
1260	-8.937	0.018	5.282
1262	-8.931	0.018	8.300
1271	-8.931	0.018	8.300
1274	-8.931	0.018	8.300
1301	-8.931	0.018	5.298
1302	-8.931	0.018	5.299
1308	-8.931	0.018	8.307
1333	-8.931	0.018	8.400
1723	-8.931	0.018	8.391
1733	-8.931	0.018	8.332
1738	-8.931	0.018	18.012
1739	-8.931	0.018	7.889
1740	-8.931	0.018	6.862
1741	-8.931	0.018	6.860
1742	-8.931	0.018	6.923
1747	-8.931	0.018	6.924
1750	-8.931	0.018	8.276
1654	-8.930	0.018	8.283
1656	-8.930	0.018	8.283
1213	-8.929	0.018	8.283
1341	-8.929	0.018	6.446
1351	-8.929	0.018	6.457
1358	-8.929	0.018	6.457
1363	-8.929	0.018	10.898
1365	-8.929	0.018	10.898
1386	-8.929	0.018	7.175
1387	-8.929	0.018	6.399
1391	-8.929	0.018	5.458
1398	-8.929	0.018	6.386
1402	-8.929	0.018	18.073
1416	-8.929	0.018	18.073
1427	-8.929	0.018	6.383
1659	-8.929	0.018	6.368
1663	-8.929	0.018	6.749
1666	-8.929	0.018	8.022
1670	-8.929	0.018	2.152
1672	-8.929	0.018	2.977
1675	-8.929	0.018	1.951
1682	-8.929	0.018	2.175
1684	-8.929	0.018	2.969
1685	-8.929	0.018	2.153
1693	-8.929	0.018	2.473
1700	-8.929	0.018	2.604
1701	-8.929	0.018	2.473
1705	-8.929	0.018	2.470
1712	-8.929	0.018	2.604
1718	-8.929	0.018	2.612
1158	-8.929	0.018	2.470
1202	-8.929	0.018	2.992
1845	-8.926	0.018	2.465
1846	-8.926	0.018	2.774
1762	-8.926	0.018	2.770
1771	-8.926	0.018	2.774
1789	-8.926	0.018	2.770
1793	-8.926	0.018	2.996
1799	-8.926	0.018	2.984
1800	-8.926	0.018	2.133
1802	-8.926	0.018	2.477
1804	-8.926	0.018	2.128
1812	-8.926	0.018	3.036
1816	-8.926	0.018	3.036
1818	-8.926	0.018	3.035
1826	-8.926	0.018	3.336
1829	-8.926	0.018	3.336
1838	-8.926	0.018	3.337
1840	-8.926	0.018	3.340
1841	-8.926	0.018	0.002
1651	-8.617	2.431	9.665
1722	-8.605	2.431	7.789
1831	-8.591	2.439	7.984
1364	-8.543	2.441	7.990
1419	-8.543	2.441	7.990
1658	-8.536	2.440	7.818
1662	-8.536	2.440	7.985
1653	-8.536	2.441	5.290
1671	-8.536	2.440	5.290
1676	-8.536	2.440	5.291
1677	-8.536	2.440	5.290
1680	-8.536	2.440	5.295
1681	-8.536	2.440	5.295
1683	-8.536	2.440	5.296
1690	-8.536	2.441	5.283
1691	-8.536	2.440	5.283
1692	-8.536	2.440	8.302
1694	-8.536	2.440	8.302
1695	-8.536	2.440	8.302
1698	-8.536	2.440	5.299
1699	-8.536	2.440	8.305
1706	-8.536	2.440	8.389
1707	-8.536	2.440	8.402
1711	-8.536	2.440	8.324
1715	-8.536	2.440	18.011
1361	-8.535	2.440	18.027
1371	-8.535	2.440	8.417
1339	-8.525	2.441	6.862
1726	-8.525	2.441	6.474
1737	-8.525	2.441	6.924
1746	-8.525	2.441	6.925
1751	-8.525	2.441	8.277
1761	-8.520	2.441	8.283
1764	-8.520	2.441	8.283
1765	-8.520	2.441	8.284
1766	-8.520	2.441	6.931
1767	-8.520	2.441	6.459
1769	-8.520	2.441	6.459
1770	-8.520	2.441	10.900
1772	-8.520	2.441	10.902
1776	-8.520	2.441	8.148
1779	-8.520	2.441	6.402
1780	-8.520	2.441	6.388
1782	-8.520	2.441	6.385
1784	-8.520	2.441	18.072
1785	-8.520	2.441	6.384
1786	-8.520	2.441	6.385
1788	-8.520	2.441	6.750
1790	-8.520	2.441	10.736
1791	-8.520	2.441	8.023
1792	-8.520	2.441	2.043
1794	-8.520	2.441	1.950
1796	-8.520	2.441	1.951
1798	-8.520	2.441	2.175
1801	-8.520	2.441	2.969
1803	-8.520	2.441	2.153
1806	-8.520	2.441	2.612
1810	-8.520	2.441	2.473
1814	-8.520	2.441	2.612
1817	-8.520	2.441	2.470
1819	-8.520	2.441	2.605
1821	-8.520	2.441	2.612
1822	-8.520	2.441	2.470
1825	-8.520	2.441	2.181
1827	-8.520	2.441	2.774
1828	-8.520	2.441	2.774
1830	-8.520	2.441	2.770
1832	-8.520	2.441	2.774
1837	-8.520	2.441	2.462
1710	-8.285	2.053	1.626
1756	-8.284	2.053	2.331
1808	-8.284	2.053	2.133
1823	-8.284	2.053	2.132
1660	-8.127	2.085	2.154
1713	-8.127	2.085	1.625
1267	-8.123	2.086	2.938
1335	-8.123	2.086	2.938
1727	-8.123	2.086	2.945
1745	-8.123	2.086	2.142
1836	-8.122	2.086	1.605
1223	-7.888	2.811	1.606
1226	-7.888	2.811	1.606
1227	-7.888	2.811	2.483
1334	-7.887	2.816	2.483
1399	-7.864	2.569	2.074
1405	-7.864	2.569	2.083
1406	-7.864	2.569	2.083
1433	-7.864	2.569	17.303
1266	-7.830	2.560	16.727
1300	-7.830	2.560	9.361
1728	-7.829	2.559	9.361
1730	-7.829	2.559	9.361
1731	-7.829	2.559	16.824
1732	-7.829	2.559	16.827
1736	-7.829	2.559	9.446
1748	-7.829	2.559	9.362
1327	-7.829	2.560	11.059
1328	-7.829	2.560	18.514
1667	-7.829	2.562	18.514
1668	-7.829	2.562	19.385
1652	-7.828	2.561	5.015
1673	-7.828	2.562	5.015
1686	-7.828	2.562	5.039
1696	-7.828	2.562	7.667
1697	-7.828	2.562	5.080
1714	-7.828	2.562	5.080
1717	-7.828	2.562	5.080
1720	-7.828	2.562	5.080
1768	-7.828	2.560	5.080
1774	-7.828	2.560	5.080
1777	-7.828	2.560	9.671
1787	-7.828	2.560	9.671
1820	-7.828	2.560	8.534
1842	-7.828	2.560	7.746
1198	-7.827	2.825	8.534
1760	-7.827	2.560	7.747
1343	-7.824	2.562	17.647
1345	-7.824	2.562	8.523
1357	-7.824	2.562	17.594
1360	-7.824	2.562	9.665
1369	-7.824	2.562	7.790
1395	-7.824	2.562	7.984
1412	-7.824	2.562	7.990
1418	-7.824	2.562	7.990
1248	-7.823	2.826	7.990
1275	-7.823	2.826	7.810
1322	-7.823	2.826	7.979
1735	-7.804	2.806	7.984
1734	-7.797	1.705	5.290
1708	-7.789	1.732	5.291
1348	-7.767	2.861	5.283
1396	-7.766	2.812	5.210
1393	-7.766	2.812	8.335
1421	-7.766	2.812	18.011
1657	-7.766	2.600	7.891
1157	-7.765	2.810	10.900
1159	-7.765	2.810	10.900
1763	-7.765	2.598	7.177
1655	-7.764	2.808	7.164
1725	-7.763	2.812	6.388
1729	-7.763	2.812	18.072
1743	-7.763	2.812	18.072
1749	-7.763	2.812	6.385
1288	-7.763	2.862	6.370
1332	-7.762	2.862	6.750
1661	-7.762	2.807	8.023
1664	-7.762	2.807	2.152
1665	-7.762	2.807	2.978
1674	-7.762	2.807	1.951
1678	-7.762	2.807	2.175
1679	-7.762	2.807	2.970
1687	-7.762	2.807	2.154
1688	-7.762	2.807	2.612
1689	-7.762	2.807	2.472
1702	-7.762	2.807	2.472
1709	-7.762	2.807	2.469
1716	-7.762	2.807	2.604
1719	-7.762	2.807	2.612
1268	-7.761	2.812	2.469
1245	-7.761	2.599	2.992
1316	-7.761	2.599	2.464
1318	-7.761	2.599	2.773
1337	-7.760	2.861	2.769
1754	-7.760	2.813	2.773
1755	-7.760	2.813	2.770
1757	-7.760	2.813	2.782
1778	-7.758	2.812	2.984
1781	-7.758	2.812	2.134
1795	-7.758	2.812	2.475
1805	-7.758	2.812	2.129
1809	-7.758	2.812	3.037
1811	-7.758	2.812	3.037
1815	-7.758	2.812	3.035
1824	-7.758	2.812	3.336
1839	-7.758	2.812	3.336
1834	-7.757	2.862	3.336
1378	-7.756	2.602	3.339
1379	-7.756	2.602	0.002
1669	-7.755	2.857	0.001
1366	-7.739	2.856	0.072
1429	-7.739	2.856	0.072
1344	-7.739	2.608	0.070
1773	-7.736	2.608	0.072
1384	-7.734	2.610	3.046
1350	-7.731	2.612	3.046
1373	-7.731	2.612	3.046
1233	-7.681	2.656	2.176
1843	-7.607	1.669	1.620
1167	-7.605	1.668	2.134
1180	-7.279	2.991	3.336
1721	-7.267	2.994	3.336
1703	-7.252	3.072	3.339
1704	-7.252	3.072	0.001
1744	-7.246	3.071	0.001
1775	-7.245	3.071	3.321
1783	-7.245	3.071	3.326
1797	-7.245	3.071	0.004
1813	-7.245	3.071	0.003
1833	-7.245	3.071	2.097
1753	-7.244	3.071	0.126
1758	-7.244	3.071	0.072
1759	-7.244	3.071	0.072
1835	-7.232	3.077	0.072
1724	-7.224	2.992	0.072
1807	-7.222	2.992	3.046
