1543	-6.588	0.000	1.606
1560	-6.588	0.000	2.143
1566	-6.588	0.001	1.606
1589	-6.588	0.001	1.607
1591	-6.588	0.000	2.484
1613	-6.588	0.001	2.484
1615	-6.588	0.000	2.484
1552	-6.588	0.001	10.926
1565	-6.588	0.001	2.845
1447	-6.587	0.007	2.843
1556	-6.587	0.000	2.846
1572	-6.529	0.061	5.284
1646	-6.528	0.061	8.303
1538	-6.528	0.061	8.303
1603	-6.528	0.061	8.303
1650	-6.528	0.062	5.300
1583	-6.528	0.061	8.317
1516	-6.527	0.020	8.308
1465	-6.527	0.068	8.403
1450	-6.527	0.068	5.210
1466	-6.527	0.068	18.010
1549	-6.527	0.061	18.010
1551	-6.527	0.062	8.418
1454	-6.526	0.068	6.863
1462	-6.526	0.068	6.475
1446	-6.526	0.068	6.926
1449	-6.526	0.068	6.926
1457	-6.526	0.068	8.277
1463	-6.526	0.068	8.284
1467	-6.526	0.068	8.284
1469	-6.526	0.068	8.284
1470	-6.526	0.068	6.449
1471	-6.526	0.068	6.460
1472	-6.526	0.068	6.460
1474	-6.526	0.068	10.902
1475	-6.526	0.068	10.903
1442	-6.523	0.071	18.071
1443	-6.523	0.071	6.386
1444	-6.523	0.071	6.372
1527	-6.522	0.067	6.752
1528	-6.522	0.067	8.025
1593	-6.503	0.068	2.773
1597	-6.503	0.068	2.769
1483	-6.469	0.071	0.072
1489	-6.469	0.071	0.072
1494	-6.468	0.072	0.070
1496	-6.468	0.071	0.072
1497	-6.468	0.071	3.046
1500	-6.468	0.071	3.046
1501	-6.468	0.071	3.046
1507	-6.468	0.072	3.039
1523	-6.468	0.072	1.571
1477	-6.468	0.072	0.057
1478	-6.468	0.072	0.057
1480	-6.468	0.073	2.176
1487	-6.468	0.072	3.084
1473	-6.445	0.167	3.065
1616	-5.714	3.346	8.393
1495	-5.701	3.346	8.329
1594	-5.595	2.936	18.010
1517	-5.593	2.940	18.026
1515	-5.583	2.929	6.863
1644	-4.825	2.955	6.925
