1479	-7.429	0.000	5.081
1524	-7.429	0.000	5.080
1485	-7.429	0.001	5.079
1514	-7.429	0.001	8.509
1491	-7.426	0.006	8.523
1512	-7.426	0.006	17.646
1521	-7.426	0.006	8.524
1486	-7.200	0.201	3.046
1505	-7.196	0.200	3.046
1468	-7.086	0.088	2.134
1526	-7.082	0.055	2.134
1531	-7.079	0.063	1.623
1532	-7.079	0.062	2.340
1592	-7.049	0.077	2.339
1605	-7.049	0.077	2.161
1606	-7.049	0.076	2.161
1558	-7.049	0.077	2.340
1559	-7.049	0.077	2.154
1537	-7.048	0.088	1.625
1564	-7.048	0.087	2.938
1599	-7.046	0.086	2.938
1608	-7.046	0.086	16.540
1609	-7.046	0.086	2.939
1623	-7.046	0.086	2.939
1628	-7.046	0.086	2.946
1630	-7.046	0.087	2.143
1636	-7.046	0.086	1.606
1490	-6.865	2.773	7.992
1493	-6.865	2.773	7.992
1498	-6.865	2.773	7.992
1499	-6.865	2.773	7.980
1502	-6.865	2.773	7.986
1518	-6.865	2.773	5.291
1519	-6.865	2.773	5.292
1520	-6.865	2.773	5.292
1522	-6.865	2.773	5.289
1506	-6.865	2.773	5.296
1508	-6.865	2.773	5.296
1504	-6.811	2.778	8.277
1481	-6.811	2.778	8.284
1488	-6.811	2.778	8.284
1602	-6.799	0.236	6.389
1640	-6.798	0.237	18.071
1542	-6.767	2.776	3.035
1634	-6.767	2.776	3.336
1550	-6.766	2.776	3.336
1503	-6.735	1.573	3.321
1476	-6.702	3.993	2.162
1484	-6.701	3.993	2.154
1492	-6.701	3.993	2.340
1513	-6.701	3.993	2.154
1445	-6.554	2.764	5.015
1448	-6.554	2.764	7.642
1536	-6.552	2.762	7.667
1570	-6.552	2.762	5.081
1574	-6.552	2.762	5.080
1540	-6.552	2.762	5.081
1541	-6.552	2.762	5.081
1576	-6.552	2.762	5.081
1577	-6.552	2.762	5.080
1649	-6.552	2.762	9.671
1585	-6.550	2.762	9.671
1586	-6.550	2.762	8.535
1598	-6.550	2.762	7.747
1612	-6.550	2.762	8.535
1618	-6.550	2.762	7.748
1619	-6.550	2.762	17.646
1622	-6.550	2.762	8.524
1627	-6.550	2.762	17.594
1579	-6.550	2.762	9.665
1607	-6.550	2.762	7.791
1610	-6.550	2.762	7.985
1624	-6.550	2.762	7.992
1631	-6.550	2.762	7.992
1632	-6.550	2.762	7.992
1633	-6.550	2.762	7.812
1561	-6.549	2.762	7.980
1562	-6.549	2.762	7.986
1590	-6.549	2.762	5.291
1635	-6.549	2.762	5.292
1637	-6.549	2.762	5.293
1638	-6.549	2.762	5.296
1639	-6.549	2.762	5.296
1529	-6.524	2.765	6.403
1530	-6.524	2.765	6.390
1533	-6.524	2.765	6.735
1534	-6.524	2.765	18.071
1451	-6.481	2.769	2.773
1452	-6.481	2.769	2.770
1453	-6.481	2.769	2.983
1455	-6.481	2.769	2.134
1456	-6.481	2.769	2.133
1458	-6.481	2.769	2.170
1459	-6.481	2.769	0.087
1460	-6.481	2.769	3.037
1461	-6.481	2.769	3.037
1464	-6.481	2.769	0.029
1434	-6.478	2.769	3.336
1435	-6.478	2.769	3.336
1436	-6.478	2.769	3.336
1437	-6.478	2.769	3.339
1438	-6.478	2.769	0.003
1439	-6.478	2.769	0.001
1440	-6.478	2.769	3.321
1441	-6.478	2.769	3.326
1642	-6.477	2.766	0.004
1581	-6.477	2.766	0.004
1582	-6.477	2.766	3.017
1555	-6.476	2.766	0.133
1547	-6.442	1.630	2.339
1548	-6.442	1.630	2.336
1643	-6.378	2.748	2.084
1595	-6.352	2.748	2.084
1647	-6.350	2.749	9.351
1546	-6.345	1.640	17.220
1482	-6.113	2.762	7.991
1511	-6.110	2.763	7.991
1578	-6.028	1.942	5.296
1568	-5.881	1.955	5.296
1569	-5.881	1.955	5.295
1573	-5.880	1.954	5.284
1539	-5.879	1.954	5.284
1554	-5.878	1.954	8.303
1588	-5.765	2.387	8.330
1629	-5.765	2.387	8.403
1557	-5.574	2.387	8.428
1620	-5.566	2.386	6.475
