1018	-8.796	0.000	1.626
1019	-8.796	0.000	2.136
1073	-8.796	0.000	2.133
1088	-8.796	0.000	1.623
1089	-8.796	0.000	2.151
907	-8.795	0.001	2.339
896	-8.795	0.001	1.624
922	-8.795	0.001	2.161
931	-8.795	0.001	2.340
940	-8.795	0.001	2.340
985	-8.791	0.001	2.154
873	-8.726	0.027	3.029
1056	-8.682	0.026	2.937
1057	-8.682	0.026	2.936
1060	-8.682	0.026	2.935
1078	-8.682	0.026	2.938
1080	-8.682	0.026	2.939
1082	-8.682	0.026	1.605
1097	-8.682	0.026	2.142
1105	-8.682	0.026	1.606
939	-8.681	0.027	1.606
948	-8.681	0.027	2.483
967	-8.681	0.027	2.483
1052	-8.661	0.026	2.083
1058	-8.661	0.026	2.083
1059	-8.661	0.026	1.600
1095	-8.661	0.026	16.826
1096	-8.661	0.026	16.727
815	-8.661	0.026	9.361
878	-8.661	0.026	9.361
882	-8.661	0.026	9.361
981	-8.661	0.026	16.826
988	-8.661	0.026	16.827
1087	-8.659	0.025	9.362
899	-8.658	0.025	11.059
900	-8.403	0.039	2.477
906	-8.403	0.037	2.170
953	-8.403	0.037	0.080
799	-8.363	2.066	3.035
977	-8.363	2.066	3.027
1037	-8.363	2.065	3.336
1062	-8.363	2.065	3.336
1066	-8.363	2.065	3.340
1067	-8.363	2.065	3.340
1070	-8.363	2.065	0.000
1072	-8.363	2.065	0.001
1074	-8.363	2.065	3.321
1081	-8.363	2.065	3.327
1085	-8.363	2.065	0.004
883	-8.363	2.066	0.004
898	-8.363	2.066	2.096
901	-8.363	2.066	0.125
839	-8.290	2.072	0.071
840	-8.290	2.072	0.071
869	-8.290	2.072	0.071
884	-8.290	2.072	0.071
909	-8.290	2.072	3.045
910	-8.290	2.072	3.045
916	-8.290	2.072	3.045
918	-8.290	2.072	3.031
959	-8.290	2.072	0.116
1001	-8.290	2.072	0.056
1002	-8.290	2.072	0.057
1023	-8.290	2.072	2.175
1032	-8.290	2.072	3.083
860	-8.126	1.572	3.029
935	-8.126	1.571	2.937
965	-8.126	1.571	2.936
952	-8.121	2.086	2.947
890	-8.120	2.087	2.483
941	-8.120	2.087	2.483
859	-8.120	2.087	2.483
794	-8.067	2.097	10.926
780	-8.048	1.546	2.842
783	-8.048	1.546	2.845
854	-8.047	1.520	2.845
881	-8.047	1.520	11.436
949	-8.047	1.520	2.083
973	-8.047	1.520	2.083
933	-8.046	1.520	16.742
1013	-8.045	1.519	17.340
1093	-8.045	1.520	16.723
866	-8.040	1.545	9.361
867	-8.040	1.545	9.361
879	-8.040	1.545	9.424
928	-8.040	1.545	16.826
943	-8.040	1.545	9.446
944	-8.040	1.545	9.446
971	-8.040	1.545	2.051
972	-8.040	1.545	11.058
806	-8.039	1.545	18.514
812	-8.039	1.545	18.513
817	-8.039	1.545	19.336
818	-8.039	1.545	5.015
819	-8.039	1.545	5.015
820	-8.039	1.545	7.667
821	-8.039	1.545	7.679
825	-8.039	1.545	5.080
827	-8.039	1.545	5.080
857	-8.039	1.545	5.080
797	-8.039	1.545	5.080
843	-8.039	1.545	5.080
986	-8.038	1.544	5.079
1016	-8.038	1.544	17.587
1022	-8.038	1.544	9.671
1028	-8.038	1.544	8.534
1030	-8.038	1.544	8.534
1044	-8.038	1.544	8.534
1046	-8.038	1.544	17.647
1049	-8.038	1.544	8.523
1098	-8.038	1.544	8.539
1102	-8.038	1.544	9.665
911	-8.037	1.545	9.665
802	-8.037	1.545	7.984
885	-8.037	1.545	7.984
912	-8.037	1.545	7.990
808	-8.037	1.524	7.990
895	-8.037	1.524	7.990
983	-8.037	1.524	7.819
822	-8.037	1.524	7.985
875	-8.037	1.524	5.290
877	-8.037	1.524	5.291
934	-8.037	1.524	5.292
976	-8.037	1.524	5.289
1039	-8.036	1.544	5.295
1040	-8.036	1.544	5.295
1068	-8.036	1.544	5.283
1012	-8.036	1.524	5.283
1048	-8.036	1.524	8.302
1084	-8.036	1.524	8.302
1107	-8.036	1.523	8.302
961	-8.035	1.524	5.292
960	-8.035	1.524	5.299
962	-8.035	1.524	8.308
1004	-8.034	1.523	8.402
1005	-8.034	1.524	8.392
1077	-8.034	1.524	8.326
874	-7.998	1.488	18.011
889	-7.998	1.488	18.026
917	-7.998	1.488	6.862
930	-7.998	1.488	8.427
966	-7.998	1.488	6.474
810	-7.997	1.488	6.924
811	-7.997	1.488	8.277
1108	-7.996	1.487	8.283
795	-7.986	3.173	8.284
999	-7.974	3.022	8.284
992	-7.961	3.183	8.283
1031	-7.961	3.183	6.460
803	-7.960	3.183	6.459
842	-7.960	3.183	10.900
908	-7.960	3.183	10.900
945	-7.960	3.183	8.202
964	-7.960	3.183	5.482
1027	-7.954	3.182	5.460
1076	-7.953	3.182	6.388
868	-7.953	3.182	18.072
774	-7.945	1.656	6.385
777	-7.945	1.656	6.370
826	-7.941	1.673	6.750
880	-7.941	1.673	8.024
936	-7.941	1.673	8.023
1110	-7.940	1.669	2.977
816	-7.940	1.676	1.951
781	-7.939	1.633	2.612
786	-7.939	1.633	2.175
1045	-7.939	1.671	2.152
1047	-7.939	1.671	2.473
1050	-7.939	1.671	2.604
1100	-7.939	1.672	2.473
850	-7.939	1.682	2.612
852	-7.939	1.683	2.604
1061	-7.938	1.676	2.612
837	-7.938	1.684	2.611
1042	-7.937	1.671	2.470
998	-7.937	1.682	2.180
1026	-7.937	1.682	2.774
914	-7.936	1.683	2.770
994	-7.936	1.686	2.771
1003	-7.935	1.681	2.774
1024	-7.935	1.681	2.996
1036	-7.935	1.682	2.984
1063	-7.935	1.681	2.133
1086	-7.935	1.682	2.477
788	-7.932	3.190	2.170
789	-7.932	3.190	3.036
824	-7.931	1.631	3.036
828	-7.931	1.632	3.035
829	-7.931	1.632	3.336
975	-7.931	1.631	3.336
782	-7.931	3.189	3.336
784	-7.931	3.190	3.340
787	-7.931	3.190	3.326
791	-7.931	3.190	0.001
798	-7.930	1.632	0.001
807	-7.930	1.632	3.321
864	-7.930	1.632	3.326
865	-7.930	1.632	0.004
775	-7.930	3.190	0.028
776	-7.930	3.190	3.307
1017	-7.929	1.631	0.071
1101	-7.929	1.631	0.071
886	-7.928	1.632	0.070
955	-7.928	1.641	0.071
1021	-7.928	3.189	3.046
1053	-7.928	3.189	3.045
1054	-7.928	3.189	3.045
1055	-7.928	3.189	3.041
1006	-7.927	1.630	3.032
990	-7.927	1.634	0.056
804	-7.927	1.640	2.170
849	-7.927	1.641	0.044
851	-7.927	1.641	3.083
796	-7.927	3.189	3.083
833	-7.927	3.189	1.626
834	-7.927	3.189	2.136
836	-7.927	3.189	2.133
853	-7.927	3.189	2.333
927	-7.927	3.189	1.623
958	-7.927	3.189	2.339
969	-7.927	3.189	1.624
1010	-7.926	1.640	2.161
1034	-7.926	1.640	2.162
1041	-7.926	3.189	2.340
937	-7.926	3.189	2.154
938	-7.926	3.189	3.029
876	-7.926	3.189	2.935
891	-7.926	3.189	2.937
982	-7.926	3.189	16.540
870	-7.925	1.641	2.938
872	-7.925	3.189	2.939
902	-7.925	3.189	1.605
919	-7.925	3.189	2.142
987	-7.883	2.072	2.483
835	-7.881	2.071	10.926
915	-7.881	2.071	2.844
978	-7.881	2.071	2.842
1008	-7.866	2.368	2.846
830	-7.864	2.368	11.436
957	-7.783	2.480	5.290
779	-7.774	2.368	5.295
790	-7.774	2.368	5.295
1000	-7.768	2.367	5.296
954	-7.767	2.367	5.283
861	-7.766	2.367	8.302
863	-7.766	2.367	8.302
995	-7.766	2.371	8.302
1025	-7.766	2.371	5.299
1033	-7.766	2.371	5.300
1043	-7.766	2.371	8.307
1083	-7.766	2.371	8.402
814	-7.765	2.370	6.862
831	-7.765	2.370	6.474
832	-7.765	2.370	6.925
838	-7.765	2.370	6.925
841	-7.765	2.370	8.276
844	-7.765	2.370	8.283
845	-7.765	2.370	8.283
846	-7.765	2.370	8.284
888	-7.765	2.370	6.448
963	-7.765	2.370	6.459
984	-7.765	2.370	6.459
887	-7.764	2.367	6.403
996	-7.752	2.373	3.321
897	-7.751	2.372	3.321
951	-7.751	2.372	0.004
801	-7.749	2.372	0.004
871	-7.749	2.372	0.027
913	-7.749	2.372	0.133
1103	-7.718	2.369	3.039
1071	-7.700	1.865	3.034
923	-7.699	1.865	0.057
924	-7.699	1.865	0.058
809	-7.657	2.035	3.084
856	-7.657	2.035	3.065
968	-7.657	2.035	1.627
778	-7.536	3.033	1.623
793	-7.536	3.033	2.152
1035	-7.521	2.432	2.339
997	-7.520	1.961	2.337
792	-7.497	3.036	16.726
848	-7.448	3.041	9.361
894	-7.448	3.041	9.360
904	-7.448	3.041	16.825
1020	-7.442	3.038	9.446
1090	-7.442	3.038	9.446
855	-7.440	3.038	11.058
970	-7.440	3.038	18.513
947	-7.440	3.038	18.512
925	-7.440	3.038	19.336
942	-7.440	3.038	5.016
946	-7.437	1.469	5.016
1007	-7.403	3.041	17.595
1051	-7.393	2.318	7.991
993	-7.021	2.184	2.484
926	-7.015	2.605	10.926
892	-7.014	2.606	2.275
991	-7.001	2.602	2.843
1014	-7.001	2.602	2.846
1029	-7.001	2.602	2.846
1079	-7.001	2.603	2.075
905	-6.956	2.604	9.361
1104	-6.955	2.604	9.425
932	-6.854	2.083	5.300
785	-6.603	3.807	2.936
862	-6.599	3.807	3.019
980	-6.599	3.807	2.939
1011	-6.599	3.807	2.939
858	-6.569	3.805	9.361
950	-6.569	3.805	9.361
974	-6.569	3.805	16.825
1106	-6.566	3.805	16.825
1075	-6.563	3.808	9.446
893	-6.526	2.929	7.178
813	-6.515	2.900	2.152
800	-6.514	2.901	1.937
920	-6.514	2.901	1.951
1015	-6.514	2.900	2.176
1094	-6.506	2.944	2.612
1099	-6.506	2.944	2.469
929	-6.506	2.944	2.604
1009	-6.506	2.944	2.612
1064	-6.505	2.945	2.469
1065	-6.505	2.945	2.992
921	-6.505	2.945	2.769
1091	-6.323	3.729	16.726
1092	-6.323	3.729	9.361
956	-6.322	3.729	9.361
1038	-6.322	3.729	9.360
1069	-6.322	3.729	16.825
903	-6.321	3.729	9.446
1109	-6.199	3.722	17.647
805	-6.199	3.722	8.524
847	-6.199	3.722	17.595
979	-6.199	3.722	8.526
823	-6.127	3.718	7.985
989	-6.127	3.718	7.991
