1570	-7.121	0.000	2.174
1581	-7.120	0.001	1.750
1600	-7.120	0.001	2.483
1602	-7.120	0.001	2.482
1666	-7.120	0.000	1.770
1615	-7.118	0.001	0.988
1621	-7.114	0.006	0.814
1555	-7.111	0.011	1.769
1624	-7.111	0.011	0.976
1542	-7.110	0.029	0.813
1553	-7.110	0.029	0.813
1565	-7.110	0.029	0.985
1618	-7.110	0.029	2.130
1675	-6.677	3.663	4.179
1509	-6.666	3.663	1.769
1554	-6.662	3.663	2.130
1571	-6.662	3.663	0.001
1574	-6.662	3.663	0.004
1612	-6.661	3.663	0.004
1524	-6.661	3.663	0.004
1528	-6.661	3.663	0.039
1548	-6.661	3.663	2.509
1538	-6.659	1.365	1.817
1608	-6.636	3.662	0.038
1609	-6.636	3.662	2.151
1550	-6.635	3.662	2.151
1551	-6.635	3.662	2.151
1579	-6.635	3.662	2.151
1662	-6.635	3.662	9.289
1664	-6.635	3.662	0.307
1594	-6.619	3.662	0.306
1557	-6.614	3.665	0.306
1530	-6.614	3.662	10.040
1531	-6.614	3.662	2.500
1536	-6.614	3.662	2.501
1537	-6.614	3.662	17.696
1613	-6.614	3.662	18.302
1639	-6.614	3.662	17.678
1673	-6.614	3.662	8.078
1576	-6.614	3.662	8.078
1521	-6.614	3.662	7.959
1591	-6.613	3.662	17.782
1560	-6.460	2.398	3.100
1669	-6.432	2.419	6.606
1670	-6.426	2.320	6.596
1567	-6.390	3.600	3.831
1636	-6.390	3.600	3.833
1655	-6.390	3.600	4.007
1625	-6.372	3.369	4.735
1563	-6.371	3.370	4.738
1519	-6.350	3.367	2.196
1520	-6.350	3.367	2.197
1522	-6.350	3.367	4.197
1544	-6.350	3.367	4.196
1545	-6.350	3.367	4.197
1568	-6.350	3.367	4.202
1573	-6.350	3.367	4.188
1598	-6.350	3.367	2.938
1637	-6.350	3.367	2.937
1525	-6.349	3.367	4.187
1526	-6.349	3.367	2.937
1583	-6.349	3.367	2.954
1585	-6.349	3.367	4.164
1628	-6.349	3.367	2.896
1652	-6.349	3.367	2.897
1603	-6.349	3.367	2.898
1572	-6.346	3.595	2.898
1575	-6.346	3.595	2.211
1535	-6.346	3.595	2.211
1661	-6.346	3.595	2.211
1678	-6.345	3.365	2.207
1552	-6.282	2.742	2.510
1589	-6.189	2.885	18.898
1590	-6.189	2.885	6.109
1642	-6.189	2.885	5.031
1638	-6.126	2.286	2.317
1584	-6.004	2.979	2.179
1601	-6.004	2.979	2.174
1533	-5.672	3.841	6.198
1534	-5.672	3.841	3.105
1580	-5.672	3.841	3.105
1546	-5.672	3.841	3.106
1667	-5.671	3.841	3.107
1532	-5.406	3.553	17.678
