1173	-6.897	0.000	6.203
1174	-6.897	0.000	6.203
1192	-6.895	0.001	6.203
1320	-6.892	0.003	5.347
1314	-6.884	0.003	6.198
1139	-6.855	0.053	3.105
1137	-6.855	0.053	3.105
1133	-6.809	0.026	6.508
1111	-6.806	0.026	3.123
1112	-6.806	0.026	6.512
1127	-6.803	0.026	6.593
1162	-6.801	0.041	6.606
1164	-6.801	0.041	6.535
1256	-6.799	0.040	18.899
1257	-6.799	0.040	18.915
1191	-6.797	0.040	6.625
1147	-6.795	0.027	5.031
1148	-6.795	0.027	5.386
1204	-6.794	0.042	5.107
1205	-6.794	0.042	5.108
1220	-6.794	0.042	6.345
1163	-6.793	0.042	6.350
1165	-6.793	0.042	6.350
1177	-6.791	0.042	6.350
1180	-6.791	0.042	5.109
1182	-6.791	0.041	5.373
1215	-6.789	0.041	5.373
1224	-6.785	0.038	9.288
1261	-6.785	0.038	9.288
1285	-6.785	0.038	6.242
1113	-6.783	0.040	5.303
1130	-6.783	0.040	5.282
1131	-6.783	0.040	5.288
1135	-6.783	0.040	19.135
1260	-6.778	0.039	5.288
1184	-6.777	0.040	5.288
1239	-6.777	0.040	5.186
1274	-6.777	0.040	9.360
1153	-6.775	0.054	6.939
1185	-6.775	0.054	2.429
1198	-6.775	0.054	2.317
1208	-6.775	0.054	2.317
1216	-6.775	0.054	2.818
1217	-6.775	0.054	2.254
1264	-6.775	0.054	2.582
1288	-6.775	0.054	3.836
1299	-6.775	0.054	4.021
1300	-6.775	0.054	3.836
1319	-6.775	0.054	4.016
1323	-6.775	0.054	3.829
1247	-6.542	3.275	7.970
691	-6.541	3.276	7.970
1195	-6.540	3.275	2.518
1197	-6.540	3.275	9.666
1223	-6.537	3.275	19.570
1276	-6.537	3.275	19.569
1230	-6.536	3.274	20.562
1243	-6.536	3.275	2.643
1151	-6.536	3.275	2.642
1152	-6.536	3.275	5.197
1167	-6.536	3.275	5.207
1209	-6.536	3.275	2.709
1255	-6.536	3.275	2.709
1281	-6.536	3.275	2.709
1289	-6.536	3.275	2.708
470	-6.503	3.271	18.660
1321	-6.499	3.271	6.120
525	-6.499	3.293	6.135
617	-6.499	3.293	8.521
703	-6.499	3.293	8.521
497	-6.498	3.293	6.197
758	-6.498	3.292	6.197
995	-6.466	3.288	6.203
1002	-6.466	3.288	6.203
1003	-6.466	3.288	6.203
1018	-6.466	3.288	5.348
622	-6.461	3.288	6.197
630	-6.461	3.288	3.105
631	-6.461	3.288	3.106
592	-6.461	3.288	3.108
611	-6.461	3.288	3.104
642	-6.461	3.288	3.112
757	-6.461	3.287	3.112
496	-6.460	3.287	3.100
1071	-6.449	3.275	6.516
1202	-6.422	1.282	6.537
1318	-6.409	1.287	18.899
1144	-6.400	1.183	3.835
1304	-6.393	1.286	3.828
1194	-6.379	1.172	4.738
1306	-6.379	1.172	4.732
1106	-6.340	1.533	2.483
1169	-6.326	1.200	0.814
1172	-6.326	1.199	1.770
1270	-6.326	1.200	0.977
1227	-6.319	1.531	0.976
669	-6.314	3.260	0.813
710	-6.313	3.260	0.985
1102	-6.313	3.259	2.130
1103	-6.313	3.259	0.005
1104	-6.313	3.260	0.000
1105	-6.313	3.260	17.498
1138	-6.312	3.260	0.004
1107	-6.309	3.259	0.004
1114	-6.309	3.259	1.816
1117	-6.309	3.259	2.509
1119	-6.309	3.259	1.817
1125	-6.309	3.259	1.817
1126	-6.309	3.259	2.151
1134	-6.309	3.259	2.151
1166	-6.302	1.534	2.151
1249	-6.302	1.534	9.288
1298	-6.301	1.534	0.306
1324	-6.301	1.534	0.307
941	-6.292	1.558	0.305
1211	-6.286	1.164	10.040
1136	-6.279	1.297	2.500
1292	-6.279	1.552	2.501
739	-6.278	3.252	18.264
1109	-6.277	1.298	17.682
1312	-6.275	1.552	8.078
1316	-6.275	1.552	8.078
1317	-6.275	1.552	8.078
1121	-6.269	1.185	19.570
1122	-6.264	1.543	20.611
1132	-6.262	1.319	2.643
1186	-6.258	1.297	2.643
1187	-6.258	1.297	2.666
1140	-6.258	1.543	5.197
1189	-6.251	1.172	2.709
1199	-6.251	1.172	2.709
1203	-6.251	1.172	2.709
1175	-6.250	1.173	2.709
1176	-6.250	1.173	2.709
1181	-6.250	1.172	2.708
1143	-6.249	1.543	8.527
1236	-6.249	3.547	8.528
1272	-6.245	1.301	6.133
1315	-6.245	1.301	5.275
1275	-6.244	1.176	6.133
1155	-6.244	1.172	5.276
1158	-6.244	1.172	18.660
1160	-6.244	1.172	6.120
1188	-6.244	1.171	18.560
1154	-6.240	1.318	5.319
1233	-6.240	1.318	6.197
1258	-6.240	1.318	6.203
1290	-6.240	1.318	6.203
1295	-6.240	1.318	6.203
1207	-6.227	1.544	3.106
1206	-6.219	1.544	3.104
1168	-6.218	1.544	3.112
1296	-6.218	1.544	3.113
1159	-6.162	3.243	5.386
1253	-6.162	3.243	5.108
1267	-6.162	3.243	5.107
1179	-6.162	3.243	6.345
1222	-6.162	3.243	6.350
1118	-6.058	1.479	4.755
1128	-6.058	1.479	2.229
1145	-6.058	1.479	2.571
1218	-6.040	1.481	2.197
1322	-6.024	1.480	2.896
1228	-6.013	1.476	2.898
1229	-6.013	1.476	2.898
1263	-6.013	1.476	2.211
490	-5.999	3.516	1.750
119	-5.998	3.517	1.774
411	-5.998	3.517	2.482
512	-5.998	3.517	1.770
550	-5.998	3.517	0.988
688	-5.998	3.517	0.814
1120	-5.981	1.480	0.004
1146	-5.965	1.479	1.816
1115	-5.948	3.513	1.816
1108	-5.947	3.513	2.151
1123	-5.946	3.513	2.151
1129	-5.946	3.513	2.151
736	-5.945	3.512	9.289
1313	-5.939	1.477	0.307
1178	-5.935	1.477	0.306
1226	-5.924	1.476	10.040
1201	-5.918	1.476	2.500
1200	-5.861	3.485	18.253
1210	-5.861	3.488	17.682
1212	-5.861	3.488	8.078
1171	-5.860	3.488	8.078
1297	-5.860	3.488	8.078
1156	-5.860	3.488	17.781
1157	-5.860	3.488	7.969
1161	-5.860	3.488	7.969
1254	-5.860	3.488	18.233
1291	-5.860	3.488	9.666
1237	-5.858	3.488	19.570
1238	-5.858	3.488	19.569
1302	-5.857	3.489	20.563
1232	-5.857	3.489	2.643
1235	-5.857	3.489	2.643
1245	-5.857	3.489	5.197
1149	-5.856	3.487	5.197
1150	-5.851	3.489	2.709
1266	-5.783	3.468	6.203
1221	-5.371	2.720	2.854
1231	-5.371	2.720	20.154
1250	-5.371	2.720	19.570
1251	-5.371	2.720	19.569
1259	-5.371	2.720	2.643
1265	-5.371	2.720	2.642
1278	-5.371	2.720	2.643
1310	-5.371	2.720	5.197
1183	-5.364	2.719	5.255
1225	-5.364	2.719	2.709
1234	-5.364	2.719	2.708
1241	-5.364	2.719	2.708
1244	-5.364	2.719	2.708
1248	-5.364	2.719	2.708
1262	-5.364	2.719	2.706
1268	-5.364	2.719	8.528
1269	-5.364	2.719	5.274
1271	-5.364	2.719	6.133
1273	-5.364	2.719	6.133
1277	-5.364	2.719	6.133
1282	-5.364	2.719	18.660
1301	-5.364	2.719	6.120
1303	-5.364	2.719	6.135
1305	-5.364	2.719	8.521
1309	-5.364	2.719	5.319
1246	-5.350	2.477	6.203
1307	-5.350	2.477	6.192
1308	-5.350	2.477	6.197
1280	-5.319	2.736	6.508
1213	-5.312	2.735	6.508
1141	-5.164	2.728	5.031
1279	-4.974	2.450	3.828
934	-4.852	3.925	4.007
939	-4.852	3.925	2.817
