1825	-11.823	0.000	0.000
1823	-11.822	0.179	2.211
1682	-11.822	0.001	2.211
1686	-11.822	0.001	2.118
1691	-11.822	0.002	2.207
1700	-11.822	0.001	2.911
1796	-11.822	0.001	2.923
1799	-11.822	0.005	2.486
1817	-11.822	0.001	2.179
1703	-11.821	0.138	2.178
1708	-11.821	0.138	1.750
1709	-11.821	0.138	2.483
1784	-11.821	0.138	2.482
1793	-11.821	0.138	0.819
1681	-11.819	0.137	0.816
1826	-11.818	0.145	0.814
1835	-11.818	0.145	1.769
1747	-11.817	0.145	0.976
1754	-11.817	0.145	0.985
1755	-11.817	0.145	0.812
1760	-11.817	0.145	0.984
1761	-11.817	0.145	2.130
1763	-11.817	0.145	0.005
1764	-11.817	0.145	0.004
1765	-11.817	0.145	2.131
1766	-11.817	0.145	0.004
1768	-11.817	0.145	0.004
1769	-11.817	0.145	1.816
1772	-11.817	0.145	2.509
1774	-11.817	0.145	1.816
1775	-11.817	0.145	1.816
1776	-11.817	0.145	2.151
1780	-11.817	0.145	2.151
1782	-11.817	0.145	2.151
1687	-11.816	0.145	9.289
1689	-11.816	0.145	0.306
1690	-11.816	0.145	0.306
1692	-11.816	0.145	0.305
1693	-11.816	0.145	10.040
1698	-11.816	0.145	2.500
1699	-11.816	0.145	2.500
1711	-11.816	0.145	2.501
1713	-11.816	0.145	18.264
1714	-11.816	0.145	17.682
1717	-11.816	0.145	8.078
1719	-11.816	0.145	8.078
1740	-11.816	0.145	8.078
1742	-11.816	0.145	17.781
1787	-11.816	0.145	17.782
1791	-11.816	0.145	7.969
1792	-11.816	0.145	8.078
1797	-11.816	0.145	9.673
1800	-11.816	0.145	19.570
1801	-11.816	0.145	19.569
1805	-11.816	0.145	20.611
1806	-11.816	0.145	2.643
1724	-11.816	0.145	2.642
1725	-11.816	0.145	5.169
1726	-11.816	0.145	5.197
1728	-11.816	0.145	2.709
1731	-11.816	0.145	2.708
1733	-11.816	0.145	2.709
1734	-11.816	0.145	2.709
1736	-11.816	0.145	2.709
1738	-11.816	0.145	2.708
1814	-11.816	0.145	8.527
1815	-11.816	0.145	8.528
1818	-11.816	0.145	6.133
1732	-11.682	1.489	5.275
1737	-11.682	1.489	6.133
1824	-11.682	1.489	5.276
1748	-11.682	1.489	18.659
1684	-11.641	1.475	6.120
1685	-11.641	1.475	18.560
1688	-11.641	1.475	8.521
1695	-11.641	1.475	5.319
1701	-11.641	1.475	6.197
1704	-11.641	1.475	6.203
1706	-11.641	1.475	6.203
1707	-11.641	1.475	6.203
1712	-11.641	1.475	5.340
1718	-11.641	1.475	6.192
1739	-11.641	1.475	6.197
1786	-11.641	1.475	3.105
1798	-11.641	1.475	3.106
1804	-11.641	1.475	3.108
1809	-11.641	1.475	3.112
1819	-11.641	1.475	3.113
1829	-11.640	1.475	3.112
1710	-11.639	1.475	3.100
1762	-11.639	1.475	3.100
1803	-11.639	1.475	6.508
1785	-11.454	1.470	6.508
1781	-11.305	2.331	6.509
1794	-11.305	2.331	3.123
1821	-11.305	2.331	6.523
1827	-10.894	2.713	6.516
1828	-10.894	2.713	6.606
1683	-10.890	2.709	2.845
1716	-10.890	2.709	18.898
1752	-10.890	2.709	18.898
1756	-10.890	2.709	6.626
1767	-10.890	2.709	5.031
1777	-10.890	2.709	5.386
1783	-10.890	2.709	5.108
1808	-10.890	2.709	5.108
1723	-10.890	2.709	6.344
1727	-10.890	2.709	6.350
1816	-10.890	2.709	6.350
1789	-10.876	2.724	6.350
1697	-10.864	2.745	5.355
1750	-10.864	2.745	5.373
1751	-10.864	2.745	5.374
1773	-10.864	2.745	9.288
1771	-10.864	2.745	9.289
1694	-10.863	2.745	4.821
1702	-10.863	2.746	5.303
1705	-10.863	2.745	5.282
1720	-10.863	2.746	5.171
1721	-10.863	2.745	19.135
1788	-10.863	2.745	19.135
1812	-10.863	2.746	5.288
1820	-10.863	2.745	5.266
1822	-10.863	2.745	5.186
1744	-10.847	2.774	6.939
1749	-10.846	2.774	2.637
1696	-10.843	2.763	2.302
1715	-10.843	2.763	2.316
1832	-10.803	2.813	2.816
1833	-10.803	2.813	2.251
1834	-10.587	2.326	2.580
1811	-10.585	2.326	3.834
1745	-10.585	2.326	4.020
1831	-10.577	1.819	3.834
1735	-10.576	1.820	4.015
1741	-10.576	1.820	3.827
1746	-10.576	1.820	3.829
1753	-10.576	1.820	4.006
1770	-10.576	1.820	2.222
1779	-10.576	1.820	4.732
1807	-10.576	1.820	4.737
1778	-10.384	2.447	4.731
1730	-10.383	2.447	4.737
1790	-10.383	2.447	4.733
1802	-10.383	2.447	2.226
1830	-10.344	1.852	2.569
1757	-10.293	2.978	2.569
1758	-10.293	2.978	2.888
1759	-10.293	2.978	2.881
1810	-9.994	2.572	2.193
1813	-9.534	2.558	0.308
1722	-9.533	2.558	10.042
1729	-9.533	2.558	2.498
1743	-9.533	2.558	2.499
1795	-9.533	2.558	8.074
