1806	-7.741	0.000	6.441
1699	-7.739	0.001	6.360
1704	-7.739	0.001	19.589
1705	-7.739	0.001	19.608
1725	-7.681	1.642	3.864
1755	-7.669	1.643	4.665
1815	-7.669	1.643	4.673
1733	-7.669	1.643	5.256
1751	-7.669	1.643	4.614
1700	-7.667	1.643	4.670
1709	-7.628	0.022	5.258
1716	-7.628	0.022	6.693
1728	-7.576	0.019	5.015
1745	-7.576	0.019	5.016
1792	-7.575	0.019	6.253
1703	-7.573	0.019	6.266
1714	-7.573	0.019	5.014
1720	-7.573	0.019	5.014
1813	-7.562	1.645	4.959
1827	-7.562	1.645	4.960
1793	-7.547	1.644	4.542
1810	-7.547	1.644	4.541
1777	-7.525	1.644	4.976
1782	-7.525	1.644	5.109
1794	-7.525	1.644	4.507
1797	-7.525	1.644	4.493
1803	-7.525	1.644	3.898
1807	-7.525	1.644	3.245
1811	-7.525	1.644	4.487
1816	-7.525	1.644	4.487
1820	-7.525	1.644	3.920
1821	-7.525	1.644	3.237
1824	-7.525	1.644	3.239
1829	-7.525	1.644	3.319
1771	-7.503	1.643	2.643
1749	-7.503	1.643	2.643
1706	-7.496	1.691	3.960
1719	-7.496	1.691	3.960
1834	-7.410	1.692	21.026
1781	-7.364	1.643	3.761
1825	-7.364	1.643	3.761
1832	-7.364	1.643	3.761
1826	-7.360	1.662	5.989
1735	-7.324	1.673	6.349
1840	-7.324	1.641	6.441
1764	-7.324	1.641	6.431
1787	-7.324	1.641	6.368
1759	-7.323	1.672	19.608
1762	-7.323	1.672	2.876
1763	-7.323	1.672	6.468
1774	-7.323	1.672	5.706
1785	-7.323	1.672	2.921
1790	-7.323	1.672	3.832
1798	-7.323	1.641	3.836
1702	-7.322	1.672	3.836
1711	-7.322	1.672	3.837
1715	-7.322	1.672	3.836
1722	-7.322	1.672	5.700
1742	-7.311	1.713	8.848
1750	-7.311	1.713	8.848
1756	-7.310	1.712	5.630
792	-7.303	1.643	4.703
802	-7.303	1.643	5.623
745	-7.290	1.641	5.063
594	-7.282	1.641	5.255
385	-7.277	1.642	5.255
454	-7.277	1.642	4.670
779	-7.277	1.642	6.087
1800	-7.232	1.668	4.534
1828	-7.232	1.668	6.273
1753	-7.218	1.665	4.487
1838	-7.209	0.040	3.237
1754	-7.192	1.663	3.237
1788	-7.192	1.663	3.321
1789	-7.192	1.663	4.465
1801	-7.192	1.663	2.647
1804	-7.192	1.663	2.646
1812	-7.192	1.663	4.471
1837	-7.192	1.663	2.643
1769	-7.187	1.666	3.960
1731	-7.147	0.872	6.454
1748	-7.147	0.872	6.454
1708	-7.144	0.872	18.477
1710	-7.144	0.872	18.477
1721	-7.144	0.872	6.226
1697	-7.141	0.872	7.795
1698	-7.141	0.872	20.460
652	-7.134	0.039	6.677
829	-7.128	0.040	3.761
1701	-7.125	0.884	6.441
1831	-7.038	1.685	6.687
1836	-7.038	1.685	6.693
1795	-7.037	1.684	6.688
1799	-7.037	1.684	4.585
1802	-7.037	1.684	4.644
1772	-7.037	1.684	4.644
1814	-7.037	1.684	5.321
1817	-7.037	1.684	4.953
1809	-7.015	1.686	4.994
487	-6.970	1.682	3.897
427	-6.965	1.682	3.919
1752	-6.938	0.886	2.571
534	-6.720	0.897	5.989
