1550	-6.834	0.000	5.606
1551	-6.783	0.015	6.084
1553	-6.783	0.015	6.087
1554	-6.783	0.015	6.085
1555	-6.783	0.015	6.083
1556	-6.783	0.015	6.081
1558	-6.783	0.015	6.082
1559	-6.783	0.015	6.076
1561	-6.783	0.015	5.259
1563	-6.783	0.015	6.693
1565	-6.783	0.015	6.050
1566	-6.783	0.015	6.687
1567	-6.783	0.015	6.693
1570	-6.783	0.015	4.582
1571	-6.783	0.015	4.585
1572	-6.783	0.015	4.645
1573	-6.783	0.015	6.081
1574	-6.783	0.015	5.319
1575	-6.783	0.015	4.957
1576	-6.783	0.015	4.533
1578	-6.783	0.015	4.534
1579	-6.783	0.015	4.993
1581	-6.783	0.015	6.273
1582	-6.783	0.015	6.273
1583	-6.783	0.015	6.280
1584	-6.783	0.015	6.280
1585	-6.783	0.015	5.015
1587	-6.783	0.015	5.015
1588	-6.783	0.015	6.253
1589	-6.783	0.015	6.266
1590	-6.783	0.015	5.014
1591	-6.783	0.015	5.014
1592	-6.783	0.015	5.033
1593	-6.783	0.015	4.962
1595	-6.783	0.015	4.959
1596	-6.783	0.015	4.960
1598	-6.783	0.015	4.960
1599	-6.783	0.015	4.960
1600	-6.783	0.015	4.541
1601	-6.783	0.015	4.542
1602	-6.783	0.015	4.542
1603	-6.783	0.015	4.540
1606	-6.783	0.015	4.980
1607	-6.783	0.015	4.974
1608	-6.783	0.015	5.011
1611	-6.783	0.015	4.507
1612	-6.783	0.015	4.493
1614	-6.783	0.015	3.899
1615	-6.783	0.015	4.490
1616	-6.783	0.015	4.487
1617	-6.783	0.015	3.920
1618	-6.783	0.015	3.919
1619	-6.783	0.015	3.237
1620	-6.783	0.015	3.239
1621	-6.783	0.015	3.317
1622	-6.783	0.015	3.318
1623	-6.783	0.015	3.322
1624	-6.783	0.015	3.321
1625	-6.783	0.015	18.229
1626	-6.783	0.015	2.643
1628	-6.783	0.015	2.643
1629	-6.783	0.015	18.193
1630	-6.783	0.015	2.643
1631	-6.783	0.015	2.643
1632	-6.783	0.015	2.660
1633	-6.783	0.015	4.546
1634	-6.783	0.015	3.960
1635	-6.783	0.015	3.959
1636	-6.783	0.015	3.384
1637	-6.783	0.015	3.384
1638	-6.783	0.015	3.384
1527	-6.782	0.014	7.272
1530	-6.782	0.014	4.819
1531	-6.782	0.014	2.574
1532	-6.782	0.014	2.572
1533	-6.782	0.014	2.586
1534	-6.782	0.014	4.527
1535	-6.782	0.014	4.511
1536	-6.782	0.014	4.513
1537	-6.782	0.014	18.954
1538	-6.782	0.014	18.374
1540	-6.782	0.014	18.370
1541	-6.782	0.014	6.454
1542	-6.782	0.014	6.454
1543	-6.782	0.014	6.224
1544	-6.782	0.014	18.476
1545	-6.782	0.014	6.226
1546	-6.782	0.014	6.226
1547	-6.782	0.014	7.913
1640	-6.781	0.015	20.460
1641	-6.781	0.015	20.460
1643	-6.781	0.015	20.459
1644	-6.781	0.015	0.001
1645	-6.781	0.015	0.000
1646	-6.781	0.015	0.001
1650	-6.781	0.015	2.732
1651	-6.781	0.015	0.075
1652	-6.781	0.015	0.076
1654	-6.781	0.015	0.076
1659	-6.781	0.015	0.076
1661	-6.781	0.015	0.075
1662	-6.781	0.015	0.075
1663	-6.781	0.015	0.075
1666	-6.781	0.015	6.677
1667	-6.781	0.015	3.761
1668	-6.781	0.015	2.819
1674	-6.781	0.015	3.761
1675	-6.781	0.015	3.761
1686	-6.780	0.015	19.387
1688	-6.780	0.015	3.747
1692	-6.780	0.015	3.766
1694	-6.780	0.015	6.672
1695	-6.780	0.015	2.870
1696	-6.780	0.015	5.981
1647	-6.010	0.794	3.919
1670	-6.010	0.794	3.325
1557	-6.009	0.794	3.237
1577	-6.009	0.794	3.918
1604	-6.009	0.794	3.317
1609	-6.009	0.794	3.322
1610	-6.009	0.794	3.237
1564	-5.862	1.396	6.454
1569	-5.862	1.396	7.795
1580	-5.862	1.396	20.460
1586	-5.862	1.396	20.459
1597	-5.862	1.396	21.443
1605	-5.862	1.396	0.000
1613	-5.862	1.396	0.000
1548	-5.861	1.396	0.075
1549	-5.861	1.396	0.075
1649	-5.860	1.396	0.075
1528	-5.787	0.993	2.228
1529	-5.787	0.993	2.229
1560	-5.787	0.993	2.226
1562	-5.787	0.993	2.226
1594	-5.787	0.994	2.226
1653	-5.787	0.993	2.233
1552	-5.733	1.634	6.336
1568	-5.733	1.634	6.336
1627	-5.733	1.634	6.337
1539	-5.732	1.633	2.224
1664	-5.732	1.634	6.339
1685	-5.714	3.270	6.347
1639	-5.714	3.270	6.441
1669	-5.714	3.270	6.363
1677	-5.714	3.270	19.589
1678	-5.714	3.270	19.589
1682	-5.714	3.270	6.459
1683	-5.714	3.270	2.876
1684	-5.577	3.203	4.488
1665	-5.577	3.203	3.919
1680	-5.440	3.179	2.732
1689	-5.434	3.185	0.076
1693	-5.408	1.428	0.076
1687	-5.195	3.051	2.226
1690	-5.195	3.051	2.233
1658	-5.124	2.574	6.470
