88	-5.704	0.000	5.706
117	-5.704	0.001	2.922
135	-5.704	0.000	2.922
203	-5.704	0.001	3.833
208	-5.704	0.001	3.837
213	-5.704	0.001	3.837
83	-5.651	2.089	5.699
269	-5.620	0.920	19.887
301	-5.620	0.920	19.887
500	-5.620	0.920	5.633
567	-5.620	0.920	5.612
24	-5.608	0.037	5.063
78	-5.608	0.036	7.129
84	-5.608	0.036	5.080
143	-5.608	0.036	4.663
146	-5.608	0.036	4.673
148	-5.608	0.036	5.255
173	-5.608	0.036	4.613
174	-5.608	0.036	4.669
180	-5.608	0.036	6.084
183	-5.608	0.036	6.087
511	-5.608	0.036	6.084
524	-5.608	0.036	6.082
588	-5.608	0.036	6.077
608	-5.608	0.036	6.081
667	-5.608	0.036	6.075
682	-5.608	0.036	4.585
126	-5.607	0.036	6.693
130	-5.607	0.036	6.693
131	-5.607	0.036	6.687
199	-5.607	0.036	6.693
222	-5.607	0.036	6.688
241	-5.607	0.036	4.585
12	-5.606	0.039	4.644
741	-5.606	0.038	4.644
246	-5.605	0.038	5.321
247	-5.605	0.038	4.957
261	-5.605	0.038	4.533
263	-5.605	0.038	4.534
498	-5.605	0.038	6.245
33	-5.582	2.156	6.273
56	-5.581	2.156	6.273
60	-5.581	2.156	6.267
280	-5.581	2.156	6.280
294	-5.581	2.156	5.015
515	-5.581	2.156	5.015
530	-5.581	2.156	6.252
553	-5.581	2.156	6.266
99	-5.581	2.156	5.013
104	-5.581	2.156	5.014
105	-5.581	2.156	4.520
112	-5.581	2.156	4.488
119	-5.581	2.156	4.959
127	-5.581	2.156	4.959
139	-5.581	2.156	4.959
140	-5.581	2.156	4.960
158	-5.581	2.156	4.541
172	-5.581	2.156	4.541
181	-5.581	2.156	4.542
196	-5.581	2.156	4.446
211	-5.581	2.156	4.978
240	-5.581	2.156	4.975
545	-5.581	2.156	4.510
558	-5.581	2.156	4.506
559	-5.581	2.156	4.493
563	-5.581	2.156	3.900
579	-5.581	2.155	3.895
264	-5.580	2.158	4.486
619	-5.538	0.032	3.324
648	-5.538	0.032	3.237
678	-5.538	0.032	3.238
308	-5.536	0.037	3.317
309	-5.536	0.037	3.236
394	-5.536	0.037	3.321
412	-5.536	0.037	3.321
493	-5.535	0.034	4.465
749	-5.534	0.038	2.643
784	-5.534	0.038	2.646
324	-5.511	0.921	2.646
64	-5.505	0.939	2.643
93	-5.505	0.939	3.225
123	-5.505	0.939	3.960
129	-5.505	0.939	3.960
145	-5.505	0.939	4.797
182	-5.505	0.939	3.384
232	-5.505	0.939	3.384
506	-5.505	0.939	3.384
525	-5.505	0.939	3.384
531	-5.505	0.939	7.273
581	-5.505	0.939	2.574
599	-5.505	0.939	2.571
728	-5.504	0.940	2.571
1390	-5.500	2.120	7.905
306	-5.475	1.810	4.510
318	-5.475	1.810	4.512
323	-5.475	1.810	6.452
345	-5.475	1.810	19.011
359	-5.475	1.810	18.389
367	-5.475	1.810	6.454
370	-5.475	1.810	6.454
447	-5.475	1.810	18.278
452	-5.475	1.810	18.476
481	-5.475	1.810	6.226
785	-5.474	1.810	6.226
804	-5.474	1.810	4.534
805	-5.474	1.810	7.787
842	-5.474	1.810	20.460
843	-5.474	1.810	20.459
851	-5.474	1.810	21.395
862	-5.474	1.810	0.001
445	-5.466	0.044	0.001
329	-5.439	1.191	2.743
670	-5.438	0.938	0.076
384	-5.408	1.800	0.075
420	-5.408	1.801	0.076
823	-5.407	1.801	0.075
877	-5.407	1.801	3.727
315	-5.403	0.930	6.677
337	-5.403	0.930	3.761
824	-5.401	0.931	3.761
100	-5.396	1.172	3.761
101	-5.396	1.172	3.747
210	-5.396	1.172	3.747
281	-5.396	1.172	3.747
293	-5.396	1.172	6.672
165	-5.396	1.172	6.673
18	-5.396	1.172	2.870
27	-5.396	1.172	5.982
28	-5.396	1.172	5.989
655	-5.272	1.170	5.989
659	-5.272	1.170	5.989
663	-5.272	1.170	2.903
694	-5.272	1.170	5.982
706	-5.272	1.170	2.228
191	-5.271	1.170	2.228
201	-5.271	1.170	2.228
485	-5.270	1.171	2.228
244	-5.269	1.171	2.225
255	-5.269	1.171	2.225
631	-5.180	1.655	6.336
147	-5.173	1.656	2.224
193	-5.173	1.656	6.368
225	-5.173	1.656	6.441
582	-5.173	1.656	6.431
257	-5.171	1.656	6.365
258	-5.171	1.656	19.589
262	-5.171	1.655	19.608
415	-5.115	1.166	5.706
474	-5.115	1.167	2.921
455	-5.114	1.167	2.921
357	-5.113	1.167	3.837
467	-5.113	1.167	3.837
469	-5.113	1.167	3.837
835	-5.112	1.167	3.837
847	-5.112	1.167	2.926
377	-5.100	1.741	5.698
477	-5.100	1.739	8.847
478	-5.100	1.739	8.848
423	-5.100	1.741	8.847
446	-5.099	1.742	3.091
342	-5.026	0.933	5.015
353	-5.026	0.933	5.015
362	-5.026	0.933	6.252
456	-5.026	0.933	6.266
458	-5.026	0.933	5.013
463	-5.026	0.933	5.014
466	-5.026	0.933	6.239
887	-5.024	0.933	4.961
