1555	-13.852	0.000	20.284
1481	-13.836	0.009	6.783
1484	-13.836	0.009	2.271
1560	-13.836	0.009	6.769
1562	-13.836	0.009	6.775
1621	-13.836	0.009	2.755
1655	-13.836	0.009	2.754
1572	-13.671	0.978	8.241
1578	-13.671	0.978	6.931
1492	-13.671	0.977	6.931
1497	-13.671	0.977	8.221
1510	-13.671	0.977	8.221
1567	-13.671	0.977	6.929
1576	-13.671	0.977	6.930
1600	-13.671	0.977	6.952
152	-13.671	0.977	6.824
180	-13.671	0.977	6.868
264	-13.671	0.977	6.868
1465	-13.671	0.977	6.870
1511	-13.671	0.977	6.869
1570	-13.671	0.977	6.570
1579	-13.671	0.977	6.570
1644	-13.671	0.977	6.571
1650	-13.671	0.977	6.515
1653	-13.671	0.977	6.565
1660	-13.671	0.977	6.885
1664	-13.671	0.977	6.895
1681	-13.671	0.977	6.096
1684	-13.671	0.977	6.535
1582	-12.908	0.071	2.878
1461	-12.908	0.071	2.879
1462	-12.908	0.071	2.881
1581	-12.908	0.071	2.430
1590	-12.908	0.071	5.904
1665	-12.640	3.668	0.026
1669	-12.640	3.669	2.143
1686	-12.640	3.669	2.150
1658	-12.640	3.669	2.151
1631	-12.640	3.674	2.151
1638	-12.640	3.674	0.000
1675	-12.640	3.674	6.456
1699	-12.640	3.674	6.456
1616	-12.639	3.668	9.036
1521	-12.615	3.675	9.017
1486	-12.161	1.016	6.392
1516	-12.161	1.015	5.435
1522	-12.161	1.015	6.392
1528	-12.161	1.016	20.803
1531	-12.161	1.016	20.803
1539	-12.161	1.015	6.402
1544	-12.161	1.016	6.391
1563	-12.161	1.016	5.941
1605	-12.161	1.016	7.697
1610	-12.161	1.015	7.698
1635	-12.161	1.015	4.901
1645	-12.161	1.016	6.588
1691	-12.161	1.015	6.411
1623	-12.046	3.710	8.883
1587	-12.046	3.709	8.885
1670	-12.045	3.710	8.892
1679	-12.045	3.710	4.863
1683	-12.045	3.710	4.879
1685	-12.045	3.710	5.404
1540	-12.041	1.015	8.234
1554	-12.040	1.015	5.406
1656	-12.040	1.015	4.800
1633	-11.998	1.057	4.801
1692	-11.927	3.717	5.395
1618	-11.836	2.970	6.766
1630	-11.836	2.970	6.784
294	-11.567	3.129	6.589
1611	-11.526	3.126	8.890
182	-11.526	3.126	8.883
1501	-11.525	3.126	8.891
1532	-11.525	3.126	8.886
1607	-11.525	3.126	4.880
1646	-11.525	3.126	5.404
1480	-11.525	3.126	5.404
1514	-11.525	3.126	6.504
1518	-11.525	3.126	6.396
1520	-11.525	3.127	4.800
1525	-11.525	3.126	4.801
1688	-11.525	3.126	6.436
453	-11.525	3.125	7.936
1682	-11.521	3.105	7.936
1696	-11.458	3.762	5.775
226	-11.438	3.163	5.781
432	-11.437	3.162	5.393
261	-11.433	3.181	5.389
134	-11.432	3.315	5.311
139	-11.432	3.180	5.395
1508	-11.423	3.316	5.374
1564	-11.423	3.316	5.374
221	-11.423	3.316	5.375
381	-11.423	3.315	5.375
394	-11.423	3.315	5.375
1460	-11.423	3.315	5.804
1470	-11.423	3.316	5.805
1471	-11.423	3.316	5.490
1474	-11.423	3.316	5.805
1478	-11.423	3.316	5.365
1487	-11.423	3.315	5.365
1574	-11.423	3.316	5.365
1585	-11.423	3.315	12.570
1622	-11.423	3.316	5.450
1642	-11.423	3.316	5.450
1657	-11.423	3.316	5.450
1678	-11.423	3.316	12.681
102	-11.422	3.316	5.377
119	-11.422	3.315	5.378
122	-11.422	3.316	11.563
128	-11.422	3.315	23.035
1626	-11.411	3.043	22.544
109	-11.391	3.178	22.641
115	-11.391	3.178	11.411
160	-11.391	3.178	11.411
181	-11.391	3.178	5.402
209	-11.391	3.178	13.060
225	-11.391	3.178	24.195
1463	-11.390	3.178	24.195
1464	-11.390	3.178	25.233
1472	-11.390	3.177	5.699
1473	-11.390	3.178	5.700
1475	-11.390	3.177	6.784
1500	-11.390	3.178	6.785
1517	-11.390	3.178	5.733
1558	-11.390	3.178	5.733
1577	-11.390	3.178	5.733
1612	-11.390	3.178	5.733
1647	-11.390	3.178	5.733
402	-11.389	3.177	5.731
405	-11.389	3.177	7.177
406	-11.389	3.177	11.932
408	-11.389	3.177	7.211
416	-11.389	3.177	7.211
447	-11.389	3.177	7.211
92	-11.368	3.367	7.208
1674	-11.360	3.367	7.209
1515	-11.360	3.367	23.270
1556	-11.360	3.367	7.190
1559	-11.360	3.367	6.828
1483	-11.359	3.367	2.678
366	-11.359	3.367	2.681
295	-11.356	3.367	2.681
1690	-11.328	3.735	4.841
407	-11.247	3.204	23.495
158	-11.244	3.200	23.509
1479	-11.242	3.204	6.381
123	-11.242	3.204	2.958
130	-11.242	3.204	0.023
147	-11.242	3.204	6.467
194	-11.242	3.204	6.469
198	-11.242	3.204	7.862
213	-11.242	3.204	7.867
1493	-11.242	3.204	7.866
1494	-11.242	3.204	7.867
1566	-11.242	3.204	6.456
1568	-11.242	3.204	0.001
1588	-11.242	3.204	0.001
1595	-11.242	3.204	4.823
1596	-11.242	3.204	4.828
1598	-11.242	3.204	4.847
1476	-11.241	3.204	2.160
1477	-11.241	3.204	0.195
229	-11.241	3.204	0.164
1507	-11.229	3.200	0.164
1551	-11.229	3.200	3.506
1557	-11.229	3.200	1.442
1634	-11.229	3.200	0.217
1637	-11.229	3.200	1.758
1689	-11.229	3.200	10.611
1485	-11.228	3.200	10.691
87	-11.164	3.934	12.507
1641	-11.160	3.934	12.072
315	-11.160	3.934	12.074
1619	-11.146	3.200	12.499
312	-11.146	3.387	10.616
1537	-11.136	3.200	13.219
1608	-11.136	3.200	12.488
1693	-11.133	3.200	13.212
1552	-11.132	3.200	9.024
1639	-11.132	3.200	9.041
1482	-11.131	3.200	9.680
1628	-11.131	3.200	12.512
458	-11.107	2.999	10.877
372	-11.105	2.999	12.374
397	-11.103	2.999	12.374
202	-11.093	3.006	12.378
206	-11.093	3.005	12.369
1614	-11.093	3.936	10.902
1659	-11.093	3.936	10.902
242	-11.075	3.938	10.865
319	-11.075	3.938	10.863
473	-11.070	3.919	8.952
1643	-11.068	3.919	8.969
1499	-11.066	3.919	9.405
1565	-11.066	3.919	9.405
1602	-11.066	3.918	9.548
1603	-11.066	3.919	9.549
1495	-11.066	3.919	9.559
1498	-11.066	3.919	9.558
1509	-11.066	3.919	25.947
1513	-11.066	3.919	9.289
1553	-11.048	2.993	9.406
1541	-11.048	2.991	9.405
1606	-11.047	2.989	9.410
1676	-11.047	2.994	9.693
448	-11.044	3.010	9.682
1695	-11.044	3.122	14.056
1561	-11.043	3.122	27.517
1632	-11.043	3.122	27.516
228	-11.040	3.010	8.848
176	-11.040	3.010	8.704
1591	-11.035	3.124	8.858
1589	-11.035	3.125	8.857
1583	-11.035	3.125	14.594
1571	-11.029	3.009	8.693
1615	-11.028	3.011	8.721
97	-11.022	3.009	8.721
77	-11.019	3.922	26.742
1677	-11.016	3.927	14.595
81	-11.015	3.924	8.677
57	-11.014	3.918	3.124
1543	-11.014	3.924	3.118
1601	-11.003	3.206	3.132
1535	-10.995	2.996	8.075
1529	-10.991	2.997	8.064
1469	-10.989	3.001	8.064
1613	-10.989	3.002	2.854
1467	-10.989	3.001	2.855
1468	-10.989	3.001	2.855
1584	-10.989	3.001	8.088
1593	-10.989	3.001	8.088
1466	-10.989	3.003	2.847
1594	-10.978	3.206	10.026
1533	-10.973	3.925	4.841
1536	-10.973	3.925	0.000
1502	-10.972	3.925	4.826
1503	-10.972	3.925	0.004
1504	-10.972	3.925	0.004
1505	-10.972	3.925	9.990
1506	-10.972	3.925	4.929
1519	-10.972	3.925	6.273
1524	-10.969	3.925	4.943
1640	-10.969	3.925	26.818
1542	-10.968	3.925	26.818
1662	-10.903	3.927	8.889
1651	-10.903	3.927	8.882
1667	-10.903	3.927	8.890
1625	-10.901	3.927	4.862
317	-10.809	3.213	6.482
1526	-10.672	2.953	6.427
1649	-10.671	2.953	6.427
1586	-10.671	2.952	6.429
1694	-10.670	2.955	6.429
156	-10.179	3.375	6.468
1573	-10.101	3.162	4.824
1580	-10.101	3.163	4.829
1697	-10.066	2.655	6.588
1609	-10.065	3.172	6.410
1545	-10.063	3.172	4.904
254	-10.027	3.338	7.932
1534	-10.001	2.689	6.459
1538	-10.001	2.689	6.459
1547	-9.999	2.689	7.941
1672	-9.987	2.697	6.429
1575	-9.987	2.697	6.429
1592	-9.987	2.697	4.787
1652	-9.987	2.697	4.787
1668	-9.987	2.697	4.787
343	-9.923	3.836	5.310
1648	-9.920	2.699	5.394
293	-9.918	3.834	4.778
190	-9.917	3.830	5.374
95	-9.911	3.864	5.374
1687	-9.911	2.570	5.374
113	-9.829	3.912	5.449
477	-9.784	3.760	11.567
322	-9.756	3.863	5.699
399	-9.738	3.880	6.780
340	-9.736	3.881	5.732
362	-9.732	3.891	5.732
420	-9.729	3.892	5.732
410	-9.729	3.894	5.732
118	-9.724	3.886	7.208
367	-9.704	3.925	6.828
369	-9.704	3.923	2.678
396	-9.704	3.924	2.681
465	-9.701	3.922	2.681
272	-9.697	3.919	2.679
1569	-9.568	2.794	4.824
