610	-14.791	0.000	5.685
247	-14.418	0.958	6.775
135	-14.370	0.963	2.735
1719	-14.359	0.962	0.026
1721	-14.359	0.962	2.143
577	-14.258	3.465	6.390
248	-14.248	1.111	6.654
50	-14.199	3.467	8.144
54	-14.199	3.467	8.159
63	-14.199	3.467	8.147
86	-14.199	3.467	8.140
28	-14.199	3.467	8.144
67	-14.199	3.467	8.145
31	-14.198	3.467	8.150
547	-13.956	0.965	21.616
585	-13.906	0.960	2.878
617	-13.901	0.960	5.903
627	-13.900	0.960	5.904
1707	-13.885	0.497	2.426
543	-13.833	0.073	2.758
584	-13.833	0.073	2.742
491	-13.752	0.080	2.143
515	-13.749	0.079	2.150
526	-13.749	0.079	2.151
276	-13.740	3.469	6.402
236	-13.734	0.579	6.392
166	-13.733	0.580	20.803
201	-13.733	0.580	20.803
223	-13.731	0.581	6.402
177	-13.659	0.576	6.084
183	-13.658	0.569	6.108
136	-13.658	0.576	6.065
740	-13.656	0.573	6.105
659	-13.603	1.381	5.679
684	-13.602	1.381	5.725
552	-13.561	1.382	5.109
618	-13.558	0.175	5.112
619	-13.558	0.175	5.113
733	-13.494	0.208	6.134
411	-13.205	0.973	4.814
715	-13.199	0.973	4.814
1809	-13.126	0.962	6.267
1723	-13.041	1.990	19.429
661	-13.040	0.548	5.547
672	-13.040	0.550	5.547
653	-13.040	0.546	5.547
667	-13.040	0.549	19.534
508	-13.035	0.562	5.305
698	-13.003	0.642	21.616
727	-13.002	0.641	22.470
168	-12.807	3.668	2.755
250	-12.807	3.670	2.753
216	-12.807	3.668	2.749
151	-12.785	1.967	2.740
23	-12.778	1.967	2.764
211	-12.726	3.673	7.095
240	-12.726	3.672	2.721
165	-12.726	3.672	7.122
207	-12.726	3.672	7.183
230	-12.726	3.672	7.183
159	-12.665	3.679	6.455
1727	-12.575	2.363	8.241
217	-12.542	3.879	8.222
306	-12.343	0.728	5.110
556	-12.297	0.695	6.418
350	-12.246	0.763	2.926
817	-12.237	0.773	2.426
776	-12.237	0.773	2.426
783	-12.237	0.770	2.426
805	-12.236	0.738	20.449
770	-12.236	0.786	2.424
767	-12.236	0.747	2.434
311	-12.217	0.778	6.783
313	-12.216	0.739	6.783
703	-11.913	0.840	5.374
196	-11.884	3.261	5.365
1733	-11.809	1.940	4.829
385	-11.772	3.634	0.001
303	-11.768	3.633	0.001
298	-11.741	1.945	23.557
1815	-11.503	1.037	6.381
71	-11.343	3.303	6.834
1728	-9.992	2.988	6.427
1743	-9.617	3.246	2.886
1748	-9.612	3.171	23.494
1812	-9.582	3.197	6.457
1797	-9.549	2.971	4.900
1829	-9.539	2.981	7.798
