1017	-13.894	0.000	2.426
929	-13.892	0.011	2.255
1000	-13.883	0.035	20.449
835	-13.798	0.014	2.764
837	-13.797	0.012	7.095
859	-13.793	0.011	2.721
918	-13.790	0.024	7.183
888	-13.789	0.008	2.780
971	-13.788	0.008	7.124
869	-13.788	0.008	20.682
943	-13.728	0.006	6.654
974	-13.728	0.006	6.887
1123	-13.695	0.019	6.630
1057	-13.692	0.009	8.647
1134	-13.692	0.009	8.641
1137	-13.692	0.009	8.648
1156	-13.692	0.009	8.643
991	-13.692	0.009	8.661
1089	-13.692	0.009	6.610
1090	-13.692	0.009	6.253
1016	-13.692	0.009	8.153
1163	-13.692	0.009	6.252
979	-13.691	0.019	6.573
1094	-13.691	0.019	6.574
1154	-13.691	0.019	6.574
996	-13.690	0.019	8.236
894	-13.668	0.137	6.532
912	-12.598	3.367	6.402
841	-12.598	3.367	6.392
868	-12.598	3.367	6.402
878	-12.598	3.367	20.803
881	-12.598	3.367	20.804
887	-12.598	3.367	4.465
893	-12.598	3.367	5.940
927	-12.598	3.367	6.391
933	-12.598	3.367	7.697
1015	-12.598	3.367	6.982
1047	-12.598	3.367	6.881
1065	-12.598	3.367	6.888
1122	-12.597	3.367	7.303
1073	-12.577	3.369	6.628
995	-12.577	3.369	6.287
1049	-12.577	3.369	8.147
1063	-12.577	3.369	8.160
1072	-12.577	3.369	8.148
1084	-12.577	3.369	8.156
1041	-12.577	3.369	8.145
1160	-12.577	3.368	8.145
1059	-12.577	3.369	8.150
1034	-12.576	3.366	7.310
969	-12.576	3.369	8.648
1080	-12.576	3.369	8.647
1099	-12.575	3.369	8.642
949	-12.575	3.369	8.648
967	-12.575	3.369	8.158
1102	-12.575	3.369	6.610
1109	-12.575	3.369	6.253
1129	-12.575	3.369	8.155
1142	-12.575	3.369	7.363
1144	-12.575	3.369	6.876
1136	-12.575	3.370	6.574
1149	-12.575	3.369	6.575
987	-12.575	3.369	6.914
1107	-12.575	3.369	8.236
1130	-12.575	3.368	8.236
1095	-12.575	3.365	8.241
1013	-12.568	3.369	6.932
1014	-12.568	3.369	6.932
1164	-12.539	3.370	8.232
959	-12.538	3.370	6.930
993	-12.534	3.369	6.930
879	-12.534	3.367	6.282
954	-12.534	3.368	6.839
976	-12.534	3.368	6.869
992	-12.534	3.368	6.869
1043	-12.534	3.368	6.869
1083	-12.534	3.368	6.869
872	-12.534	3.368	6.571
1119	-12.388	1.573	5.110
1077	-12.361	1.541	5.110
892	-12.336	3.397	5.119
972	-12.335	3.397	6.140
858	-12.335	3.396	6.135
895	-12.335	1.667	6.134
984	-12.334	3.396	4.815
903	-12.299	3.400	4.815
940	-12.299	3.398	4.815
1050	-12.240	3.991	2.879
977	-12.240	3.991	2.879
966	-12.239	3.991	2.881
908	-12.239	3.991	5.903
914	-12.239	3.991	2.255
862	-12.236	1.259	5.905
1037	-12.213	3.994	6.776
1111	-12.210	3.994	7.096
910	-12.210	3.994	2.723
1141	-12.209	3.994	2.722
1146	-12.209	3.994	7.107
985	-12.192	1.258	7.183
1145	-12.190	1.258	7.176
864	-12.174	3.435	7.121
885	-12.174	3.435	20.682
911	-12.174	3.435	20.702
917	-12.174	3.435	0.160
925	-12.174	3.435	7.208
935	-12.174	3.435	6.456
946	-12.174	3.435	0.025
983	-12.174	3.435	2.142
1006	-12.174	3.435	2.150
1061	-12.174	3.435	2.149
1086	-12.174	3.435	2.150
1105	-12.174	3.435	2.150
1106	-12.174	3.435	6.457
1114	-12.174	3.435	6.457
1116	-12.174	3.435	9.036
980	-12.174	3.435	9.036
1001	-12.174	3.435	2.059
986	-12.136	3.436	6.411
1151	-12.105	3.433	7.780
1064	-12.100	3.433	8.232
1096	-12.099	3.433	7.780
1127	-12.099	3.433	7.775
1139	-12.099	3.433	7.775
861	-12.067	3.434	6.434
886	-11.993	3.238	4.803
901	-11.993	3.238	7.937
902	-11.993	3.238	7.937
957	-11.993	3.238	7.934
960	-11.993	3.238	7.935
963	-11.993	3.238	7.936
968	-11.993	3.238	6.461
970	-11.953	3.238	5.311
856	-11.952	3.238	5.389
1060	-11.926	3.240	5.312
1126	-11.925	3.240	5.395
1143	-11.925	3.240	4.779
1055	-11.911	3.512	5.374
930	-11.906	3.550	4.796
932	-11.893	2.810	5.375
923	-11.891	3.539	5.804
840	-11.873	2.812	5.805
897	-11.871	2.811	5.805
852	-11.871	2.811	5.365
853	-11.871	2.811	5.365
942	-11.871	2.812	5.366
952	-11.871	2.812	12.570
1159	-11.871	2.812	5.449
847	-11.871	2.811	5.450
877	-11.871	2.811	5.450
1133	-11.871	2.810	12.680
891	-11.870	2.810	5.377
936	-11.870	2.811	5.377
947	-11.870	2.811	5.379
973	-11.870	2.811	23.117
1002	-11.870	2.811	22.544
1117	-11.870	2.811	11.567
843	-11.870	2.811	11.567
1071	-11.870	2.811	11.567
890	-11.870	2.811	22.641
1011	-11.869	2.811	22.642
1012	-11.869	2.811	11.411
1008	-11.869	2.812	11.569
830	-11.867	2.815	13.068
831	-11.867	2.815	24.196
832	-11.867	2.815	24.195
833	-11.867	2.815	25.286
1157	-11.856	2.886	5.699
1115	-11.853	3.533	5.699
842	-11.827	2.944	5.732
834	-11.827	2.852	5.732
1092	-11.825	2.851	5.733
1098	-11.825	2.851	5.733
1112	-11.825	2.851	5.733
1036	-11.825	2.854	5.732
920	-11.825	2.851	11.931
1045	-11.825	2.851	11.932
1068	-11.825	2.851	7.211
884	-11.825	2.850	6.817
866	-11.824	2.843	7.211
945	-11.824	2.848	6.817
1125	-11.824	2.849	23.335
975	-11.824	2.850	7.208
978	-11.824	2.851	23.270
1150	-11.824	2.851	11.930
931	-11.824	2.849	6.828
934	-11.824	2.851	2.677
948	-11.824	2.856	2.680
1018	-11.824	2.851	2.680
1093	-11.824	2.860	2.680
955	-11.823	2.970	6.832
907	-11.819	2.869	2.676
1025	-11.811	3.008	2.678
867	-11.807	2.992	4.831
836	-11.804	2.853	4.832
838	-11.804	2.853	4.839
839	-11.804	2.853	4.840
899	-11.802	2.936	4.838
845	-11.801	2.852	4.820
848	-11.801	2.853	4.820
849	-11.801	2.852	2.878
850	-11.801	2.852	2.878
883	-11.801	2.852	2.878
1042	-11.801	2.852	4.853
844	-11.801	2.852	2.886
857	-11.801	2.852	2.879
928	-11.801	2.852	2.947
937	-11.801	2.852	5.774
904	-11.801	2.852	23.495
871	-11.800	2.853	23.495
873	-11.800	2.852	2.946
906	-11.797	2.853	6.380
916	-11.794	2.919	0.023
915	-11.789	2.901	6.468
870	-11.788	2.852	6.468
921	-11.788	2.867	7.861
1039	-11.787	2.932	7.866
1101	-11.787	2.922	7.866
1024	-11.784	2.956	7.867
988	-11.780	2.988	0.037
1067	-11.766	3.559	4.823
926	-11.758	3.541	4.828
944	-11.757	3.542	3.536
1087	-11.756	3.582	0.156
1038	-11.744	3.314	1.434
919	-11.743	3.319	23.557
1033	-11.655	3.528	0.208
1118	-11.612	3.244	1.441
1066	-11.609	3.243	1.758
1135	-11.565	3.296	6.411
1022	-11.550	3.300	4.905
962	-11.550	3.300	5.409
1032	-11.550	3.300	7.780
1070	-11.549	3.300	8.231
1027	-11.548	3.301	7.780
1100	-11.547	3.300	8.226
1104	-11.547	3.300	7.775
1010	-11.538	3.302	7.775
939	-11.528	3.315	8.218
924	-11.528	3.315	4.872
865	-11.528	3.315	8.883
1108	-11.498	3.480	6.428
958	-11.482	3.458	4.788
1053	-11.473	2.682	4.788
999	-11.453	2.987	6.447
875	-11.453	2.987	6.449
905	-11.453	2.987	5.330
913	-11.453	2.987	4.720
965	-11.453	2.987	4.746
1044	-11.452	3.324	5.759
1120	-11.444	3.002	5.781
1110	-11.433	3.514	5.311
1081	-11.433	3.522	5.314
1162	-11.429	3.479	5.395
950	-11.428	3.317	4.779
1051	-11.410	2.461	11.567
1079	-11.409	2.451	11.567
1148	-11.394	3.034	11.567
1031	-11.361	3.616	23.335
1069	-11.352	2.978	2.681
898	-11.339	2.992	4.832
1048	-11.337	3.323	4.830
1074	-11.337	3.323	4.831
981	-11.336	3.317	4.829
1140	-11.325	2.463	4.839
1003	-11.314	3.522	2.878
880	-11.313	3.518	2.878
1075	-11.313	3.519	2.878
956	-11.312	3.497	4.853
990	-11.311	3.427	2.896
1124	-11.249	2.461	2.886
1097	-11.127	0.740	10.834
1121	-11.123	3.158	8.959
874	-11.110	3.283	8.960
1166	-11.073	3.180	10.864
1153	-11.073	3.174	10.865
1088	-10.985	3.186	2.778
1103	-10.939	0.720	3.415
1147	-10.939	0.720	8.067
1132	-10.902	0.720	8.883
1007	-10.871	3.827	7.941
1078	-10.832	3.405	7.941
889	-10.829	3.407	5.434
909	-10.827	3.440	6.460
1052	-10.654	3.829	4.764
989	-10.167	3.434	6.468
953	-9.673	2.332	4.839
994	-9.669	2.304	4.836
1138	-9.649	3.677	4.852
1023	-9.622	3.758	2.897
982	-9.621	3.777	2.948
1019	-9.619	3.751	2.940
1028	-9.583	2.244	0.024
1056	-9.583	2.243	6.467
941	-9.583	2.244	6.470
1021	-9.583	2.244	7.866
1091	-9.583	2.244	7.866
1046	-9.583	2.245	7.866
1029	-9.415	2.610	4.878
1085	-8.907	3.062	24.178
