1715	-11.501	0.000	6.429
1713	-11.461	0.054	4.788
1702	-11.459	0.052	4.765
1724	-11.343	1.587	2.678
1738	-10.430	1.670	5.364
1808	-10.428	1.696	5.365
1823	-10.411	1.593	5.449
1764	-10.411	1.582	5.449
1766	-10.411	1.582	12.681
1774	-10.411	1.581	5.376
1791	-10.411	1.580	5.376
1760	-10.411	1.578	5.782
1751	-10.411	1.574	22.605
1827	-10.410	0.164	22.543
1813	-10.410	0.163	11.567
1793	-10.409	0.138	11.567
1762	-10.407	0.126	11.567
1767	-10.403	0.128	22.640
1806	-10.393	0.124	24.194
1775	-10.349	1.592	5.732
1765	-10.349	1.592	5.732
1785	-10.347	1.588	5.732
1807	-10.346	1.589	5.732
1758	-10.331	1.597	11.931
1781	-10.331	1.595	7.211
1761	-10.325	1.725	7.208
1720	-10.323	1.590	7.189
1704	-10.323	1.588	11.930
1712	-10.321	1.591	6.827
1726	-10.321	1.586	2.678
1710	-10.321	1.580	2.681
1786	-10.293	0.292	4.820
1830	-10.134	0.124	6.456
1722	-9.942	3.775	5.388
1744	-9.876	1.580	5.803
1708	-9.840	3.526	12.570
270	-9.797	3.103	5.377
1838	-9.717	3.893	11.930
1783	-9.717	3.894	11.932
1779	-9.566	1.613	6.035
1737	-9.557	3.750	23.556
1747	-9.356	3.738	6.401
1756	-9.279	3.696	7.936
1805	-8.792	3.785	5.732
1795	-8.544	3.742	7.211
1753	-8.503	3.591	23.334
1773	-8.503	3.590	7.208
1777	-8.502	3.587	7.189
1731	-8.464	3.586	6.828
1798	-8.456	3.429	2.678
1782	-8.367	2.664	2.681
1769	-8.257	3.956	2.681
1746	-8.208	3.605	2.681
1749	-7.853	2.629	4.820
1754	-7.853	2.629	4.820
1755	-7.853	2.629	2.879
1757	-7.853	2.629	2.878
1759	-7.853	2.629	2.878
1770	-7.853	2.629	4.852
1776	-7.853	2.629	4.853
1799	-7.853	2.629	2.882
1801	-7.853	2.629	2.948
1804	-7.853	2.629	2.940
1810	-7.853	2.629	2.892
1817	-7.853	2.629	23.494
1819	-7.853	2.629	2.607
1763	-7.850	2.459	6.380
1701	-7.680	1.283	7.866
1826	-7.559	2.634	7.866
1771	-7.502	3.641	0.037
1794	-7.307	3.651	0.000
1834	-7.306	3.651	0.001
1825	-7.306	3.651	4.824
1789	-7.303	3.651	4.824
1821	-7.301	3.653	3.535
