142	-12.167	0.000	5.468
180	-12.167	0.000	19.531
186	-12.167	0.000	20.137
187	-12.167	0.000	8.345
232	-12.167	0.000	8.345
141	-12.139	0.015	19.824
363	-12.135	0.018	8.418
1139	-12.113	0.034	8.418
1149	-12.113	0.035	8.306
1187	-12.113	0.034	25.553
1210	-12.113	0.034	8.786
1211	-12.113	0.034	8.785
1223	-12.113	0.034	8.791
1224	-12.113	0.034	8.320
1235	-12.113	0.034	8.792
1388	-12.113	0.034	8.316
1391	-12.113	0.035	19.797
258	-12.113	0.035	24.948
259	-12.113	0.035	8.402
505	-12.113	0.035	8.312
261	-12.112	0.035	24.951
262	-12.112	0.035	8.552
264	-12.112	0.035	8.566
266	-12.112	0.035	8.398
271	-12.112	0.035	8.764
273	-12.112	0.035	19.808
275	-12.112	0.035	5.301
278	-12.112	0.035	8.396
285	-12.112	0.035	24.952
532	-12.112	0.035	8.394
533	-12.112	0.035	24.953
534	-12.112	0.035	4.744
535	-12.112	0.035	25.529
537	-12.112	0.035	6.038
539	-12.112	0.035	5.753
578	-12.112	0.035	7.372
579	-12.112	0.035	25.710
580	-12.112	0.035	7.384
606	-12.112	0.035	7.501
607	-12.112	0.035	6.414
608	-12.112	0.035	25.327
609	-12.112	0.035	18.810
291	-12.107	0.034	25.152
295	-12.107	0.034	9.146
296	-12.107	0.034	25.154
304	-12.107	0.034	25.657
305	-12.107	0.034	26.470
308	-12.107	0.034	26.130
311	-12.107	0.034	25.340
312	-12.107	0.034	9.220
313	-12.107	0.034	25.304
314	-12.107	0.034	5.867
316	-12.107	0.034	6.608
317	-12.107	0.034	5.916
324	-12.107	0.034	6.248
325	-12.107	0.034	19.602
333	-12.107	0.034	25.308
343	-12.107	0.034	6.944
344	-12.107	0.034	25.583
345	-12.107	0.034	25.577
346	-12.107	0.034	25.407
347	-12.107	0.034	26.354
357	-12.107	0.034	26.340
358	-12.107	0.034	6.532
361	-12.107	0.034	26.252
362	-12.107	0.034	6.527
365	-12.107	0.034	26.266
371	-12.107	0.034	9.197
372	-12.107	0.034	26.554
375	-12.107	0.034	5.898
385	-12.107	0.034	6.303
391	-12.107	0.034	6.303
392	-12.107	0.034	6.896
393	-12.107	0.034	4.113
394	-12.107	0.034	3.705
398	-12.107	0.034	3.709
399	-12.107	0.034	3.707
400	-12.107	0.034	3.707
401	-12.107	0.034	3.708
402	-12.107	0.034	3.708
403	-12.107	0.034	4.730
405	-12.107	0.034	4.731
406	-12.107	0.034	4.210
407	-12.107	0.034	4.731
408	-12.107	0.034	4.731
412	-12.107	0.034	4.239
413	-12.107	0.034	4.246
424	-12.107	0.034	4.245
425	-12.107	0.034	4.245
426	-12.107	0.034	4.236
427	-12.107	0.034	4.251
428	-12.107	0.034	4.620
435	-12.107	0.034	3.839
438	-12.107	0.034	4.460
439	-12.107	0.034	3.622
440	-12.107	0.034	3.628
441	-12.107	0.034	3.629
442	-12.107	0.034	3.630
444	-12.107	0.034	3.530
445	-12.107	0.034	3.857
446	-12.107	0.034	3.550
453	-12.107	0.034	3.544
458	-12.107	0.034	3.543
460	-12.107	0.034	3.540
464	-12.107	0.034	3.739
471	-12.107	0.034	2.815
472	-12.107	0.034	3.605
474	-12.107	0.034	3.596
481	-12.107	0.034	3.648
482	-12.107	0.034	3.592
484	-12.107	0.034	3.537
485	-12.107	0.034	3.537
486	-12.107	0.034	3.327
487	-12.107	0.034	0.600
488	-12.107	0.034	3.648
489	-12.107	0.034	3.843
490	-12.107	0.034	19.379
492	-12.107	0.034	1.121
217	-12.099	0.034	1.019
218	-12.099	0.034	2.919
219	-12.099	0.034	19.376
220	-12.099	0.034	3.647
221	-12.099	0.034	10.533
226	-12.099	0.034	10.533
229	-12.099	0.034	1.147
233	-12.099	0.034	3.691
234	-12.099	0.034	3.694
235	-12.099	0.034	3.541
236	-12.099	0.034	10.489
237	-12.099	0.034	3.578
238	-12.099	0.034	3.742
239	-12.099	0.034	3.744
240	-12.099	0.034	10.887
241	-12.099	0.034	20.609
242	-12.099	0.034	0.000
243	-12.099	0.034	20.601
244	-12.099	0.034	20.602
245	-12.099	0.034	20.611
246	-12.099	0.034	20.784
1860	-12.089	0.017	20.785
1861	-12.089	0.017	20.608
1862	-12.089	0.017	24.417
1840	-12.089	0.017	24.416
1841	-12.089	0.017	24.417
1883	-12.089	0.017	0.972
1890	-12.089	0.017	20.778
1891	-12.089	0.017	20.778
1724	-12.080	0.017	20.797
1813	-12.025	0.010	20.797
1842	-12.025	0.010	10.651
1866	-12.025	0.010	5.805
122	-11.272	0.175	20.664
131	-11.272	0.175	19.793
132	-11.272	0.175	19.793
135	-11.272	0.175	12.536
1697	-11.179	0.177	6.966
1698	-11.179	0.177	5.444
1699	-11.179	0.177	7.123
1700	-11.179	0.177	6.940
1702	-11.177	0.177	7.134
1703	-11.177	0.177	24.890
1704	-11.177	0.177	5.169
1705	-11.177	0.177	25.020
1706	-11.177	0.177	8.104
1707	-11.177	0.177	24.960
1708	-11.177	0.177	25.020
1713	-11.177	0.177	24.961
1718	-11.177	0.177	25.111
1243	-11.063	0.182	3.340
1244	-11.063	0.182	1.803
1261	-11.063	0.182	2.233
1297	-11.063	0.182	3.299
1336	-11.063	0.182	3.103
1337	-11.063	0.182	3.109
1362	-11.063	0.182	10.419
495	-11.063	0.182	20.222
496	-11.063	0.182	20.223
500	-11.063	0.182	20.214
501	-11.063	0.182	20.220
502	-11.063	0.182	20.219
503	-11.063	0.182	20.455
504	-11.063	0.182	20.455
1303	-11.062	0.180	3.651
309	-11.059	0.182	25.014
310	-11.059	0.182	25.014
1812	-11.056	0.189	25.015
1709	-11.051	0.189	3.625
1710	-11.051	0.189	25.014
1730	-11.042	0.187	25.015
1731	-11.042	0.187	20.105
1732	-11.042	0.187	20.106
1733	-11.042	0.187	9.307
1734	-11.042	0.187	20.099
1735	-11.042	0.187	9.305
1729	-11.041	0.187	2.922
1806	-11.040	0.187	25.008
1807	-11.040	0.187	25.008
1743	-11.040	0.187	20.291
1749	-11.040	0.187	18.967
1753	-11.040	0.187	18.967
1754	-11.040	0.187	20.317
1756	-11.040	0.187	18.982
1757	-11.040	0.187	18.982
1759	-11.040	0.187	18.981
1762	-11.040	0.187	18.981
1763	-11.040	0.187	2.975
1764	-11.040	0.187	19.516
1765	-11.040	0.187	19.484
1766	-11.040	0.187	8.462
1770	-11.040	0.187	5.484
1714	-11.035	0.187	5.474
1715	-11.035	0.186	20.143
1736	-11.018	0.183	19.522
1737	-11.018	0.183	8.345
1738	-11.018	0.183	8.345
1739	-11.018	0.183	8.418
1740	-11.018	0.183	8.419
1741	-11.018	0.183	8.306
1742	-11.018	0.183	10.410
1750	-11.018	0.183	5.289
1752	-11.018	0.183	8.786
1758	-11.018	0.183	4.708
1768	-11.018	0.183	8.320
1771	-11.018	0.184	8.792
1772	-11.018	0.183	7.795
1779	-11.018	0.183	8.372
1790	-11.018	0.183	24.950
1791	-11.018	0.183	8.403
1793	-11.018	0.183	24.945
1794	-11.018	0.183	5.279
1808	-11.018	0.183	24.951
1809	-11.018	0.183	5.627
1701	-11.012	0.183	8.315
1711	-11.012	0.183	5.291
1716	-11.012	0.183	7.844
1719	-11.012	0.183	8.766
1720	-11.012	0.183	8.397
1332	-10.759	0.586	24.951
