370	-18.635	0.000	4.022
749	-18.632	0.000	5.885
721	-18.631	0.006	27.978
438	-18.568	0.017	28.700
57	-18.524	0.018	28.674
103	-18.522	0.018	11.397
206	-18.511	0.012	28.677
160	-18.509	0.012	7.014
136	-18.481	0.015	27.803
137	-18.481	0.015	14.866
139	-18.481	0.015	27.900
728	-18.468	0.040	28.546
472	-18.467	0.040	27.905
369	-18.465	0.040	4.329
765	-18.464	0.040	2.501
551	-18.464	0.039	2.510
561	-18.463	0.040	28.548
562	-18.463	0.040	4.082
564	-18.463	0.040	5.987
569	-18.460	0.040	4.982
759	-18.459	0.040	5.986
360	-18.458	0.040	20.005
361	-18.458	0.040	4.165
373	-18.452	0.040	20.215
720	-18.449	0.040	11.322
512	-18.448	0.040	28.376
324	-18.406	0.007	28.792
348	-18.405	0.007	28.393
404	-18.405	0.007	18.986
283	-18.396	0.008	6.734
300	-18.396	0.008	30.062
142	-18.378	0.011	5.241
363	-18.368	0.009	30.069
114	-18.364	0.020	5.356
187	-18.355	0.014	5.360
307	-18.327	0.008	5.282
13	-18.322	0.012	10.118
496	-18.306	0.021	19.308
325	-18.302	0.042	30.663
332	-18.300	0.042	11.241
471	-18.299	0.042	11.177
366	-18.297	0.042	11.706
259	-18.295	0.011	11.678
319	-18.293	0.008	11.675
605	-18.292	0.042	11.677
532	-18.292	0.042	11.673
744	-18.276	0.129	11.672
687	-18.268	0.040	11.690
503	-18.262	0.044	10.637
623	-18.261	0.040	11.487
193	-18.257	0.037	10.824
234	-18.253	0.037	11.478
756	-18.222	0.041	11.479
604	-18.208	0.031	11.303
716	-18.205	0.041	10.911
558	-14.621	2.407	11.487
528	-14.491	2.390	10.851
517	-14.491	2.390	10.848
375	-14.486	2.390	10.849
565	-14.427	3.522	11.050
596	-14.427	3.522	11.239
751	-14.426	3.522	11.332
505	-14.351	3.518	9.295
511	-14.348	3.518	9.295
231	-14.339	3.519	9.313
470	-14.327	2.399	9.313
531	-14.318	3.528	9.312
650	-14.316	3.528	9.141
296	-14.243	3.524	11.085
465	-14.241	3.524	10.910
398	-14.227	3.520	10.594
577	-14.208	3.525	9.262
740	-13.758	3.378	20.951
592	-13.757	3.372	8.015
698	-13.756	3.379	27.966
622	-13.737	2.381	3.662
557	-13.690	3.368	19.830
449	-12.280	3.517	8.772
1588	-11.312	2.534	11.145
