2	-29.260	0.000	0.000
3	-29.260	0.000	3.421
38	-29.175	0.001	20.917
77	-29.172	0.001	21.022
80	-29.172	0.001	20.210
109	-29.170	0.001	3.437
58	-29.169	0.001	3.440
26	-29.169	0.001	21.192
51	-29.168	0.001	21.191
52	-29.168	0.001	20.183
723	-29.132	0.008	20.377
489	-29.118	0.009	20.892
490	-29.118	0.009	20.945
5	-29.117	0.008	20.311
7	-29.117	0.008	20.914
455	-29.115	0.008	22.064
457	-29.115	0.008	22.073
322	-29.114	0.008	21.099
323	-29.114	0.008	3.650
407	-29.113	0.008	3.650
418	-29.113	0.008	3.646
430	-29.113	0.008	3.646
334	-29.113	0.008	3.645
337	-29.113	0.008	3.168
338	-29.113	0.008	3.168
343	-29.113	0.008	20.976
679	-29.112	0.008	22.619
353	-29.112	0.008	22.618
414	-29.112	0.008	22.619
443	-29.112	0.008	20.915
446	-29.112	0.008	22.622
447	-29.112	0.008	22.622
467	-29.112	0.008	0.002
702	-29.111	0.008	0.000
347	-29.111	0.008	21.301
476	-29.111	0.008	0.010
312	-29.110	0.008	21.289
480	-29.110	0.008	22.212
330	-29.110	0.008	22.619
331	-29.110	0.008	22.619
539	-29.109	0.008	3.649
284	-29.109	0.009	2.125
290	-29.109	0.008	2.126
295	-29.109	0.008	3.646
530	-29.109	0.009	2.098
286	-29.108	0.009	2.098
306	-29.108	0.009	2.101
632	-29.107	0.008	2.101
390	-29.098	0.008	21.955
251	-29.089	0.009	3.353
253	-29.089	0.009	3.479
254	-29.089	0.009	21.118
256	-29.089	0.009	22.090
257	-29.089	0.009	22.115
258	-29.089	0.009	3.481
273	-29.089	0.009	3.374
260	-29.088	0.009	21.087
261	-29.088	0.009	21.086
267	-29.088	0.009	21.162
265	-29.087	0.009	21.162
31	-29.050	0.008	21.108
32	-29.050	0.008	21.371
61	-29.049	0.002	21.754
72	-29.048	0.008	20.562
29	-29.046	0.008	22.115
84	-29.045	0.009	20.685
23	-29.045	0.008	20.569
115	-29.043	0.008	20.543
53	-29.041	0.008	20.787
40	-29.038	0.009	22.430
65	-29.038	0.009	20.822
18	-29.036	0.009	22.420
99	-29.036	0.009	21.754
89	-29.033	0.009	22.428
90	-29.033	0.009	22.914
94	-29.033	0.009	20.612
171	-29.014	0.008	21.764
177	-29.014	0.008	20.573
186	-29.012	0.008	20.548
182	-29.011	0.008	20.803
188	-29.010	0.008	22.436
190	-29.010	0.008	22.435
215	-29.009	0.008	22.434
151	-29.009	0.008	1.910
222	-29.009	0.008	22.512
200	-29.007	0.008	22.526
232	-29.006	0.008	21.955
239	-29.004	0.008	25.788
124	-28.995	0.009	22.377
652	-28.972	0.005	21.675
602	-28.970	0.005	23.643
700	-28.970	0.005	22.134
509	-28.966	0.005	23.066
380	-28.964	0.005	22.626
386	-28.955	0.005	20.519
1693	-28.856	0.007	21.974
108	-28.846	0.008	23.492
110	-28.843	0.008	20.641
111	-28.843	0.008	21.116
44	-28.837	0.009	21.118
66	-28.837	0.009	21.767
95	-28.832	0.008	21.875
175	-28.813	0.008	24.360
655	-28.812	0.006	21.411
203	-28.809	0.008	22.011
220	-28.808	0.008	4.192
221	-28.808	0.008	23.838
223	-28.808	0.008	20.996
202	-28.692	0.008	23.074
210	-28.692	0.008	23.004
10	-25.934	0.673	21.747
11	-25.934	0.673	21.992
6	-25.928	0.673	3.658
405	-25.922	0.672	24.164
466	-25.920	0.672	23.665
119	-25.910	0.681	21.395
640	-25.909	0.671	23.682
647	-25.909	0.671	21.031
649	-25.909	0.671	24.200
313	-25.907	0.671	23.970
299	-25.904	0.671	24.322
365	-25.898	0.671	24.546
278	-25.886	0.671	21.379
282	-25.886	0.671	25.842
21	-25.845	0.670	25.862
128	-25.841	0.679	18.705
16	-25.829	0.669	18.659
181	-25.786	0.667	18.651
233	-25.781	0.667	18.657
106	-25.774	0.684	18.647
464	-25.747	0.681	18.646
663	-25.735	0.679	18.811
383	-25.684	0.669	19.362
321	-25.649	0.684	19.359
403	-25.646	0.684	19.356
86	-25.628	0.668	19.341
422	-25.577	0.672	19.340
122	-25.558	0.666	18.759
27	-25.556	0.681	18.830
107	-25.556	0.681	17.715
112	-25.556	0.681	18.733
1691	-25.479	0.689	18.725
161	-25.428	1.323	18.727
30	-25.254	1.208	18.938
37	-25.251	1.209	19.185
241	-24.535	1.613	20.915
242	-24.535	1.613	20.132
488	-24.535	1.613	20.117
494	-24.535	1.613	20.118
452	-24.525	1.613	20.118
409	-24.524	1.613	20.409
419	-24.524	1.613	20.983
435	-24.524	1.613	20.257
645	-24.524	1.613	20.261
648	-24.524	1.613	21.028
606	-24.524	1.613	20.368
339	-24.523	1.613	21.797
344	-24.523	1.613	20.132
442	-24.523	1.613	20.143
318	-24.523	1.613	20.705
474	-24.523	1.613	20.696
475	-24.523	1.613	20.709
519	-24.523	1.613	20.941
540	-24.522	1.613	20.955
292	-24.522	1.613	20.858
303	-24.521	1.613	20.933
305	-24.521	1.613	20.515
341	-24.521	1.613	20.927
329	-24.520	1.613	20.483
298	-24.520	1.613	20.209
379	-24.505	1.613	21.020
401	-24.505	1.613	20.208
389	-24.505	1.613	3.437
249	-24.503	1.613	3.440
277	-24.502	1.613	21.191
279	-24.502	1.613	21.191
264	-24.501	1.613	20.756
499	-24.501	1.613	20.919
74	-24.454	1.613	20.936
47	-24.453	1.613	20.921
76	-24.453	1.613	20.918
83	-24.449	1.613	20.310
81	-24.448	1.613	20.159
396	-24.448	1.614	22.073
397	-24.448	1.614	20.354
45	-24.439	1.613	21.099
15	-24.437	1.613	3.649
17	-24.437	1.613	3.646
166	-24.437	1.613	3.646
105	-24.436	1.613	3.644
169	-24.436	1.613	3.168
93	-24.434	1.613	3.168
1	-24.419	1.609	3.167
8	-24.419	1.609	22.619
9	-24.419	1.609	22.618
189	-24.416	1.614	22.618
192	-24.416	1.614	20.908
214	-24.414	1.614	22.622
216	-24.414	1.614	22.622
217	-24.414	1.614	0.000
218	-24.414	1.614	0.000
228	-24.414	1.614	21.300
229	-24.414	1.614	0.008
208	-24.413	1.614	21.073
236	-24.408	1.614	0.992
121	-24.401	1.614	22.619
33	-24.328	1.609	22.618
46	-24.325	1.609	20.949
70	-24.325	1.609	2.125
28	-24.323	1.609	2.125
20	-24.322	1.609	2.063
25	-24.322	1.609	2.097
417	-24.301	1.612	2.094
140	-24.274	1.610	2.168
179	-24.121	2.391	2.101
148	-24.121	2.391	2.036
576	-24.117	1.612	22.700
639	-24.112	1.612	3.479
170	-23.739	2.384	21.117
1757	-23.417	1.608	20.713
1606	-23.389	1.609	1.527
14	-22.750	2.350	3.481
98	-22.749	2.350	21.160
12	-22.386	2.338	21.086
43	-22.378	2.335	21.086
34	-22.325	2.339	21.162
36	-22.325	2.339	21.161
39	-22.325	2.339	21.107
64	-22.325	2.339	3.463
19	-22.321	2.339	21.754
88	-22.317	2.339	20.561
636	-21.996	2.333	20.561
722	-21.960	2.331	20.683
406	-21.956	2.339	20.569
428	-21.942	2.330	20.544
462	-21.941	2.330	22.918
395	-21.939	2.331	22.430
328	-21.937	2.330	20.821
520	-21.936	2.331	20.660
393	-21.936	2.331	20.574
641	-21.936	2.331	22.425
642	-21.936	2.331	22.901
664	-21.936	2.331	22.912
665	-21.936	2.331	22.431
613	-21.934	2.331	20.572
243	-21.933	2.340	22.925
304	-21.933	2.331	20.802
629	-21.931	2.331	22.913
630	-21.931	2.331	22.437
287	-21.885	2.336	22.434
288	-21.885	2.336	1.920
293	-21.885	2.336	3.035
255	-21.870	2.336	22.521
266	-21.868	2.336	21.955
73	-21.840	2.337	25.796
82	-21.839	2.337	24.711
117	-21.834	2.338	22.484
212	-21.811	2.341	22.127
185	-21.805	2.332	22.386
351	-21.774	1.982	23.066
478	-21.767	1.982	29.169
311	-21.762	1.982	20.519
611	-21.760	1.982	21.974
149	-21.755	2.337	23.491
183	-21.755	2.337	20.642
173	-21.755	2.338	21.115
174	-21.755	2.338	21.117
176	-21.755	2.338	21.766
178	-21.755	2.338	21.429
219	-21.752	2.338	22.010
211	-21.752	2.338	23.733
199	-21.749	2.338	21.428
500	-21.748	1.982	4.197
123	-21.728	2.337	21.432
125	-21.728	2.337	3.528
127	-21.728	2.337	23.918
130	-21.728	2.337	23.940
141	-21.728	2.337	21.747
487	-21.708	1.977	21.994
362	-21.699	1.977	5.311
371	-21.697	1.977	24.163
391	-21.695	1.977	23.665
651	-21.694	1.977	24.094
607	-21.693	1.977	23.686
612	-21.692	1.977	21.032
529	-21.692	1.977	24.200
320	-21.691	1.977	23.970
280	-21.677	1.977	24.315
213	-21.562	1.975	24.769
129	-21.544	1.975	23.318
342	-21.507	1.982	25.841
350	-21.507	1.982	24.443
427	-21.507	1.982	11.718
308	-21.496	1.981	11.675
420	-20.398	0.477	11.675
359	-20.230	2.410	11.677
358	-20.186	2.410	11.674
1629	-20.151	2.409	11.674
235	-20.079	2.411	11.703
155	-20.070	2.411	11.486
159	-20.070	2.411	11.488
147	-20.066	2.411	11.488
310	-20.061	2.406	11.479
333	-19.708	2.421	11.480
518	-19.703	2.421	11.426
566	-19.701	2.420	10.932
357	-19.701	2.420	11.441
270	-19.673	2.420	10.850
580	-19.638	2.418	10.846
584	-19.638	2.418	10.851
553	-19.637	2.418	11.101
556	-19.637	2.418	10.858
771	-19.635	2.418	11.320
773	-19.635	2.418	9.295
546	-19.635	2.418	9.312
597	-19.633	2.418	9.312
600	-19.633	2.418	9.313
567	-19.633	2.418	9.144
538	-19.633	2.418	9.298
355	-19.632	2.418	11.076
743	-19.629	2.418	11.053
747	-19.629	2.418	11.066
445	-19.629	2.417	10.738
667	-19.625	2.417	10.578
374	-19.624	2.417	10.582
685	-19.621	2.418	9.325
689	-19.621	2.418	9.610
693	-19.621	2.418	10.728
697	-19.621	2.418	10.725
694	-19.621	2.418	9.122
616	-19.619	2.418	9.125
617	-19.619	2.418	11.076
625	-19.619	2.418	9.122
534	-19.610	2.421	1.016
377	-19.605	2.421	1.016
317	-19.600	2.420	11.160
513	-19.599	2.421	10.676
247	-19.587	2.420	10.463
730	-19.583	2.417	10.557
271	-19.583	2.420	9.624
276	-19.583	2.420	19.539
269	-19.582	2.420	0.274
764	-19.581	2.421	0.275
768	-19.581	2.421	11.108
774	-19.581	2.421	10.506
673	-19.578	2.417	10.141
688	-19.572	2.417	10.492
92	-19.567	2.421	9.555
97	-19.564	2.421	9.554
227	-19.496	2.419	10.741
164	-19.487	2.422	10.747
197	-19.482	2.422	10.428
205	-19.474	2.421	9.832
156	-19.473	2.421	21.236
144	-19.467	2.422	21.239
145	-19.467	2.422	21.240
132	-19.450	2.422	9.302
133	-19.450	2.422	21.611
135	-19.450	2.422	21.611
138	-19.450	2.422	10.551
349	-19.377	2.424	27.965
252	-19.354	2.424	27.964
412	-19.282	2.432	27.965
536	-19.146	0.524	10.464
437	-19.145	0.524	10.468
367	-19.143	0.524	27.965
368	-19.143	0.524	21.300
766	-19.140	0.524	21.300
523	-19.140	0.524	0.000
524	-19.140	0.524	21.293
750	-19.140	0.524	3.656
772	-19.140	0.524	20.951
594	-19.139	0.524	27.966
572	-19.138	0.524	27.966
754	-19.138	0.524	20.954
755	-19.138	0.524	19.831
758	-19.138	0.524	19.831
761	-19.138	0.524	19.828
742	-19.138	0.524	19.851
746	-19.138	0.524	19.851
356	-19.097	0.524	19.848
684	-19.089	0.524	19.849
686	-19.089	0.524	19.793
691	-19.089	0.524	10.066
696	-19.089	0.524	20.453
195	-19.084	0.524	3.271
678	-19.082	0.524	3.248
168	-19.070	0.524	11.357
624	-19.068	0.525	21.165
316	-19.067	0.524	3.385
658	-19.067	0.525	3.385
659	-19.067	0.524	3.385
60	-19.056	0.525	3.326
238	-19.054	0.524	3.326
50	-19.041	0.525	3.427
79	-19.033	0.525	20.467
69	-19.028	0.525	20.498
533	-19.025	0.524	3.144
516	-19.018	0.524	3.144
134	-19.015	0.524	4.017
225	-19.008	0.524	3.141
158	-19.006	0.524	20.905
68	-18.930	0.524	4.034
157	-18.908	0.524	6.008
1631	-18.887	0.520	4.017
1619	-18.885	0.520	27.978
1741	-18.866	0.524	3.060
1727	-18.866	0.524	3.170
408	-18.865	0.287	6.005
1729	-18.864	0.524	4.020
384	-18.859	0.291	27.977
463	-18.836	0.276	3.070
184	-18.789	0.275	6.024
1739	-18.570	0.527	27.980
1752	-18.570	0.527	20.381
1650	-18.535	0.527	4.086
1648	-18.533	0.527	6.420
1705	-18.484	0.293	4.592
450	-17.682	2.270	10.851
481	-17.628	2.290	10.848
681	-17.623	2.271	10.854
731	-17.485	2.280	10.849
116	-17.337	2.311	10.833
631	-17.289	2.311	10.866
87	-17.280	2.308	9.312
285	-17.172	2.316	3.326
345	-17.169	2.316	3.427
262	-17.165	2.316	20.466
263	-17.165	2.316	20.511
402	-17.165	2.315	3.144
153	-17.120	2.316	6.861
1256	-17.027	0.970	30.055
1305	-17.027	0.970	5.356
1318	-17.027	0.970	13.791
1328	-17.027	0.970	20.417
1505	-17.027	0.970	11.857
1367	-17.026	0.970	11.294
575	-17.023	2.227	5.343
1344	-17.019	0.970	11.194
1197	-17.017	0.969	11.707
1228	-17.017	0.969	11.669
1235	-17.017	0.969	11.675
1219	-17.017	0.969	11.678
1312	-17.017	0.969	11.673
1241	-17.017	0.969	11.674
1199	-17.017	0.969	11.675
1250	-17.017	0.969	11.138
1447	-17.017	0.969	11.487
1202	-17.015	0.969	11.478
1203	-17.015	0.969	11.479
1201	-17.015	0.968	11.479
1275	-17.015	0.969	11.481
515	-16.625	2.901	19.831
615	-16.606	2.902	19.831
729	-16.586	2.898	19.828
581	-16.430	0.934	19.851
440	-16.424	0.932	19.852
439	-16.413	0.965	19.848
739	-16.412	0.932	19.849
741	-16.412	0.932	19.787
525	-16.404	0.966	20.438
690	-16.382	0.930	20.453
692	-16.382	0.930	3.272
618	-16.371	0.929	3.272
248	-16.370	0.930	6.840
104	-16.351	0.932	21.165
589	-16.321	1.589	20.500
644	-16.309	2.085	3.385
309	-16.307	2.085	3.385
627	-16.306	2.085	3.326
506	-16.306	2.085	3.327
458	-16.305	2.085	20.792
327	-16.302	2.085	21.174
526	-16.293	1.600	20.509
554	-16.293	1.602	3.144
595	-16.292	1.601	3.144
598	-16.292	1.601	3.142
563	-16.292	1.601	3.140
734	-16.291	1.601	19.707
762	-16.291	1.601	3.076
152	-16.236	2.087	27.979
626	-16.235	1.630	7.341
198	-16.235	2.087	27.977
662	-16.234	1.631	3.063
315	-16.234	1.630	27.980
712	-16.232	1.631	3.083
541	-16.222	2.084	3.084
573	-16.217	2.084	27.979
705	-16.215	2.084	3.071
41	-16.200	2.088	27.980
587	-16.065	1.604	4.022
588	-16.065	1.604	19.723
736	-16.047	1.616	27.977
735	-15.936	1.600	27.979
610	-15.933	1.600	27.981
675	-15.881	1.625	28.700
1749	-15.848	1.582	5.442
1649	-15.826	1.541	6.372
1658	-15.808	1.587	12.389
1732	-15.668	1.550	11.440
1613	-15.626	1.554	28.677
1615	-15.626	1.554	12.338
1616	-15.626	1.554	12.331
1626	-15.626	1.554	7.022
1637	-15.624	1.556	28.676
599	-15.531	1.198	11.408
432	-15.479	3.451	28.370
245	-15.216	1.823	3.438
521	-15.211	1.845	4.332
535	-14.804	2.728	5.830
1683	-14.519	3.441	11.478
1602	-14.508	3.442	10.804
635	-14.271	3.168	11.147
492	-13.514	2.305	4.337
495	-13.514	2.305	9.468
336	-13.502	2.305	12.375
431	-13.502	2.305	11.438
469	-13.502	2.305	5.205
477	-13.502	2.305	7.008
461	-13.502	2.304	12.335
453	-13.502	2.304	7.019
454	-13.502	2.304	28.676
456	-13.502	2.304	28.314
603	-13.501	2.305	5.734
638	-13.501	2.305	28.369
653	-13.501	2.305	28.690
411	-13.501	2.305	28.690
416	-13.501	2.305	11.198
578	-13.501	2.305	29.326
643	-13.501	2.305	4.084
646	-13.501	2.305	27.590
701	-13.500	2.305	10.054
703	-13.500	2.305	5.981
704	-13.500	2.305	4.139
542	-13.500	2.305	13.219
543	-13.500	2.305	27.936
574	-13.500	2.305	20.263
628	-13.499	2.305	20.444
706	-13.499	2.305	28.791
297	-13.499	2.305	28.388
302	-13.499	2.305	4.982
502	-13.497	2.305	28.233
392	-13.490	2.305	30.060
162	-13.457	2.305	29.857
191	-13.444	2.305	30.056
209	-13.443	2.305	29.869
201	-13.441	2.305	13.791
240	-13.440	2.305	19.190
514	-13.426	3.284	13.929
568	-13.425	3.284	11.286
448	-13.423	3.284	5.327
165	-13.404	3.285	11.678
724	-13.400	2.183	11.683
426	-13.389	2.183	11.487
725	-13.386	3.288	11.488
289	-13.385	2.183	11.478
608	-13.384	3.288	11.476
274	-13.383	2.183	10.828
281	-13.383	2.183	11.004
436	-13.381	3.288	11.007
544	-13.380	3.288	10.864
381	-13.377	2.183	10.915
413	-13.376	2.306	10.851
120	-13.367	2.980	10.974
85	-13.355	2.183	11.327
62	-13.354	2.183	11.192
593	-13.323	3.288	9.313
522	-13.321	3.288	9.311
559	-13.320	3.288	9.141
570	-13.320	3.288	11.146
508	-13.319	3.288	10.908
498	-13.312	3.288	9.307
48	-13.270	2.183	10.726
126	-13.243	2.183	9.125
468	-12.934	2.062	28.314
22	-12.907	2.551	10.543
75	-12.907	2.551	4.138
35	-12.906	2.551	27.933
100	-12.906	2.551	27.936
59	-12.906	2.551	20.381
63	-12.906	2.551	20.444
423	-12.892	2.551	11.164
354	-12.891	2.551	4.976
4	-12.891	2.551	28.617
387	-12.889	2.551	30.061
246	-12.884	2.551	30.054
71	-12.882	2.552	29.868
91	-12.881	2.552	13.790
1610	-12.857	3.292	29.893
486	-12.734	2.593	11.347
167	-12.656	3.541	11.070
591	-12.560	2.615	11.029
752	-12.559	2.610	11.084
378	-12.558	2.614	11.082
737	-12.558	2.631	10.651
1315	-12.557	2.622	10.528
388	-12.557	2.614	10.726
1552	-12.557	2.618	9.124
660	-12.556	2.614	10.724
714	-12.555	2.614	10.725
668	-12.548	2.615	9.125
767	-12.547	3.611	9.125
237	-12.546	3.526	9.133
24	-12.542	2.677	9.261
78	-12.542	2.677	19.543
67	-12.540	2.677	1.015
479	-12.535	2.674	19.540
291	-12.533	2.675	11.160
314	-12.533	2.675	11.163
510	-12.533	2.675	10.558
656	-12.533	2.675	10.563
54	-12.533	2.321	19.545
707	-12.532	2.675	0.272
1216	-12.530	2.632	0.275
268	-12.526	2.673	10.468
275	-12.526	2.673	10.989
163	-12.517	2.675	10.937
224	-12.513	2.676	10.473
154	-12.513	2.675	1.016
204	-12.513	2.676	9.556
301	-12.512	2.610	9.687
244	-12.507	2.610	10.537
670	-12.500	3.611	21.236
394	-12.491	3.606	21.239
459	-12.478	3.597	21.240
352	-12.474	3.599	21.239
172	-12.469	3.606	21.239
55	-12.449	3.577	21.612
56	-12.449	3.577	19.920
101	-12.448	3.577	27.964
102	-12.448	3.577	27.964
451	-12.445	3.607	21.599
42	-12.445	2.356	19.562
441	-12.442	3.605	27.965
548	-12.442	3.605	21.605
549	-12.442	3.605	21.299
550	-12.442	3.605	0.001
555	-12.442	3.605	21.308
424	-12.441	3.605	9.820
770	-12.441	3.606	20.951
560	-12.441	3.605	27.966
674	-12.440	3.606	27.966
682	-12.440	3.606	27.966
745	-12.439	3.605	21.424
677	-12.439	3.606	19.832
473	-12.438	3.602	19.831
585	-12.438	3.602	19.850
400	-12.437	3.602	19.845
753	-12.437	3.602	19.824
708	-12.437	3.605	19.848
709	-12.437	3.605	19.830
711	-12.437	3.605	20.482
713	-12.437	3.606	6.703
715	-12.437	3.605	20.452
717	-12.437	3.605	3.272
718	-12.437	3.605	7.059
760	-12.436	3.602	11.391
619	-12.435	3.602	3.310
621	-12.435	3.602	3.385
657	-12.435	3.602	3.385
661	-12.435	3.602	21.177
695	-12.431	3.609	3.326
444	-12.425	2.351	3.326
146	-12.423	3.608	21.178
614	-12.423	2.351	28.237
226	-12.422	3.608	3.144
250	-12.422	2.351	3.144
96	-12.416	2.352	3.142
1381	-12.404	3.570	4.032
272	-12.404	3.576	3.141
497	-12.404	3.576	4.024
207	-12.403	2.352	5.999
429	-12.385	3.600	27.977
294	-12.384	3.600	4.017
637	-12.381	3.597	4.037
763	-12.376	3.407	27.980
460	-12.371	3.590	4.059
326	-12.327	2.326	4.022
507	-12.303	2.294	4.171
421	-12.285	2.764	4.022
113	-12.149	2.761	19.718
49	-12.147	2.580	27.980
491	-12.048	2.798	5.331
501	-12.031	2.794	6.540
634	-11.946	2.585	12.329
180	-11.922	2.772	12.339
633	-11.920	2.729	12.337
537	-11.708	3.176	11.677
485	-11.693	2.404	11.677
1480	-11.688	3.168	11.674
601	-11.648	3.349	11.674
757	-11.647	3.349	11.446
482	-11.592	2.532	11.477
434	-11.589	2.532	11.480
654	-11.587	3.237	11.480
609	-11.575	2.895	10.918
527	-11.571	2.871	11.032
340	-11.506	2.962	10.862
410	-11.506	2.962	10.877
680	-11.495	3.067	10.848
118	-11.492	2.963	10.698
372	-11.488	3.085	11.756
385	-11.488	3.085	11.102
143	-11.486	2.963	9.295
230	-11.485	2.963	9.313
150	-11.485	2.963	9.312
131	-11.484	2.962	9.312
376	-11.456	3.138	9.141
484	-11.433	3.086	11.067
415	-11.339	3.357	11.078
666	-11.302	2.947	11.144
1671	-11.225	3.437	19.602
1673	-11.225	3.437	11.119
726	-11.050	3.108	10.471
676	-11.031	3.108	21.606
620	-11.028	3.108	21.300
547	-11.024	3.114	0.001
1709	-10.929	3.432	3.141
748	-10.926	3.099	3.144
582	-10.901	3.105	3.142
683	-10.873	3.152	4.017
194	-10.862	3.152	3.141
196	-10.719	3.156	28.798
738	-10.696	3.143	30.062
571	-10.537	3.139	11.039
1286	-10.508	3.043	9.308
1696	-10.308	3.137	10.248
586	-10.210	2.550	9.527
733	-10.191	2.549	9.477
