1467	-13.348	0.000	9.295
1557	-13.348	0.001	9.313
1473	-13.224	1.087	9.125
1586	-13.218	0.046	10.442
1446	-13.156	1.094	0.275
1457	-13.144	1.086	0.275
1574	-12.365	1.828	3.167
1541	-12.116	0.863	5.418
671	-10.696	2.157	28.626
1277	-10.094	3.856	28.690
1476	-10.094	3.856	30.166
1240	-10.091	3.858	29.326
1456	-10.091	3.858	28.548
1338	-10.024	3.415	11.688
1400	-10.024	3.415	11.241
1466	-10.024	3.415	11.241
1518	-10.001	3.420	10.875
719	-8.510	3.931	9.142
672	-8.509	3.931	11.068
1274	-8.348	2.973	10.573
769	-8.338	2.956	10.724
1370	-8.334	2.971	11.024
382	-8.308	2.733	9.426
1479	-8.306	2.964	9.628
1531	-8.292	2.961	10.687
433	-8.291	2.958	19.563
493	-8.275	2.772	0.275
1577	-8.274	2.734	10.563
1336	-8.271	2.734	9.559
1452	-8.271	2.734	10.665
1559	-8.264	2.728	10.442
1269	-8.260	2.981	21.236
335	-8.236	2.739	21.236
1295	-8.217	2.772	21.241
1284	-8.213	2.776	21.611
1378	-8.209	2.771	27.965
732	-8.206	2.778	27.964
1245	-8.194	2.740	10.462
1253	-8.124	2.783	27.964
552	-7.685	2.446	0.000
583	-7.685	2.446	21.293
399	-7.683	2.446	0.031
669	-7.683	2.445	9.714
545	-7.631	2.382	27.967
590	-7.631	2.382	21.392
699	-7.630	2.382	19.832
425	-7.630	2.382	19.831
504	-7.629	2.382	21.420
346	-7.580	2.424	19.851
483	-7.569	2.368	19.849
364	-7.566	2.390	19.849
1481	-7.414	2.637	20.453
727	-7.405	2.414	3.272
1258	-7.336	2.215	21.166
579	-7.240	2.585	20.496
1259	-7.207	3.722	3.386
1488	-7.207	3.721	3.385
1406	-7.129	3.051	3.327
1583	-7.013	3.737	3.744
