1595	-13.348	0.000	9.295
1686	-13.111	0.016	10.470
1620	-13.038	0.041	19.831
1656	-12.782	0.055	11.241
1659	-12.782	0.055	4.913
1634	-12.777	0.055	11.805
1643	-12.777	0.055	11.662
1662	-12.776	0.055	11.678
1667	-12.769	0.054	11.677
1724	-11.045	3.348	27.965
1677	-11.010	3.361	0.173
1680	-10.956	3.052	19.884
710	-10.952	3.343	20.964
1687	-10.726	3.059	5.169
1657	-10.677	3.039	5.355
1725	-10.676	3.039	30.050
1726	-10.676	3.039	5.357
1735	-10.676	3.039	5.270
1743	-10.676	3.039	5.277
1723	-10.633	3.348	11.257
1711	-10.633	3.348	11.241
1708	-10.632	3.348	11.241
1700	-10.559	3.035	11.488
1701	-10.559	3.035	11.483
1694	-10.558	3.036	11.479
1597	-10.553	3.790	10.677
1706	-10.479	3.356	9.631
1736	-10.478	3.045	10.575
1654	-10.474	3.045	19.548
1665	-10.472	3.045	11.162
1642	-10.464	3.041	10.485
1632	-10.463	3.041	10.560
1608	-10.383	3.798	19.545
1714	-10.361	3.041	11.155
1722	-10.361	3.041	0.275
1704	-10.356	3.041	0.275
1697	-10.141	3.052	21.238
1678	-10.045	3.054	27.607
1689	-9.976	3.404	11.677
1682	-9.731	3.428	21.300
1690	-9.731	3.428	0.000
1721	-9.453	3.515	19.849
1730	-9.440	3.516	20.453
1663	-9.435	3.516	3.272
1755	-9.425	3.517	7.061
1668	-9.425	3.517	7.052
1646	-9.406	3.510	3.179
1647	-9.406	3.510	3.326
1618	-9.388	3.511	3.326
1633	-9.338	3.438	20.964
1635	-9.338	3.438	3.144
1661	-9.338	3.438	3.142
1617	-9.337	3.438	4.017
1666	-9.337	3.438	4.032
1669	-9.337	3.438	3.072
1756	-9.337	3.438	4.036
1603	-9.327	3.515	4.017
1692	-9.175	3.522	3.148
1746	-9.156	3.523	12.331
1652	-9.145	3.455	5.456
1664	-9.145	3.455	12.340
1731	-9.144	3.455	28.677
1754	-9.144	3.455	7.019
1710	-9.055	1.925	27.803
1744	-9.047	1.928	3.475
1594	-9.043	3.532	27.801
1600	-9.038	3.532	28.305
1670	-9.027	1.924	28.690
1679	-9.014	2.436	30.166
1681	-9.014	2.436	2.509
1688	-9.012	2.455	28.548
1703	-8.891	3.659	20.034
1712	-8.869	1.931	27.619
1718	-8.869	1.931	29.439
1695	-8.869	1.931	28.792
1715	-8.869	1.931	28.364
1660	-8.839	1.930	14.031
1672	-8.839	1.930	5.356
1676	-8.839	1.930	29.801
1628	-8.838	1.930	14.398
1740	-8.837	1.930	29.767
1742	-8.837	1.930	13.172
1751	-8.837	1.930	5.874
1609	-8.829	1.933	11.241
1698	-8.806	1.940	11.778
1699	-8.806	1.939	11.716
1591	-8.772	1.918	11.479
1599	-8.748	1.929	10.931
1605	-8.687	1.938	10.899
1684	-8.626	1.946	10.999
1685	-8.626	1.946	10.934
1604	-8.625	1.946	10.940
1702	-8.586	2.365	11.175
1592	-8.513	1.947	9.313
1596	-8.502	1.947	11.066
1717	-8.485	2.374	11.043
1720	-8.485	2.374	11.146
1636	-8.277	2.366	10.676
1641	-8.277	2.366	10.485
1644	-8.277	2.366	10.553
1651	-8.276	2.366	19.545
1674	-8.276	2.366	19.540
1614	-8.275	2.366	0.276
1622	-8.274	2.366	10.121
1625	-8.274	2.366	10.632
1745	-8.263	2.365	10.443
1747	-8.263	2.365	3.666
1750	-8.263	2.365	21.235
1638	-8.214	2.373	21.242
1611	-8.212	2.374	21.611
1621	-8.212	2.374	10.490
1733	-8.201	2.373	27.965
1590	-7.393	3.759	7.011
1734	-7.355	3.275	7.052
1707	-7.114	2.688	3.326
1607	-7.072	2.683	3.427
1645	-6.992	2.675	6.809
1655	-6.991	2.675	3.144
1675	-6.991	2.675	5.717
1624	-6.990	2.675	4.017
1728	-6.986	2.675	3.141
1630	-6.749	1.807	3.072
1627	-6.544	1.766	4.036
1653	-6.535	3.709	27.978
1640	-6.534	3.709	4.017
1737	-6.418	3.091	27.974
1719	-6.417	3.091	6.820
1593	-6.358	2.874	27.980
1598	-6.356	2.874	6.006
1716	-6.356	3.207	4.048
1738	-5.846	2.525	6.809
