1854	-17.281	0.000	11.105
1859	-17.281	0.001	9.294
1846	-17.280	0.001	11.235
1881	-17.279	1.512	9.311
1915	-17.279	1.512	9.144
1883	-17.272	0.002	11.088
1884	-17.272	0.002	11.145
1886	-17.272	0.002	11.068
1887	-17.272	0.002	11.065
1891	-17.272	0.002	10.741
1893	-17.272	0.002	10.732
1334	-17.269	0.036	10.575
1486	-17.269	0.036	11.029
1509	-17.269	0.036	10.715
1251	-17.267	0.036	10.725
1435	-17.266	0.036	10.727
1842	-17.265	0.006	9.124
1843	-17.265	0.006	9.132
1844	-17.265	0.006	11.061
1864	-17.263	0.002	11.069
1870	-17.263	0.002	9.121
1873	-17.263	0.002	1.016
1863	-17.263	0.002	19.552
1872	-17.263	0.002	11.156
1861	-17.260	0.003	10.515
1850	-17.251	0.801	19.549
1847	-17.250	0.801	19.539
1548	-17.220	0.042	19.539
1570	-17.219	0.042	0.274
1585	-17.218	0.043	0.274
1858	-17.203	0.013	11.118
1845	-17.200	0.802	10.760
1890	-17.194	0.016	10.667
1892	-17.194	0.015	10.492
1894	-17.194	0.015	9.606
1555	-17.194	0.027	9.555
1532	-17.191	0.027	9.609
1582	-17.191	0.027	10.751
1243	-17.191	0.027	10.374
1319	-17.191	0.027	3.666
1390	-17.191	0.027	21.235
1392	-17.191	0.027	21.239
1412	-17.191	0.027	21.239
1420	-17.191	0.027	21.239
1461	-17.191	0.027	21.239
1472	-17.191	0.027	21.610
1485	-17.191	0.027	19.808
1500	-17.191	0.027	10.484
1504	-17.191	0.027	27.964
1507	-17.191	0.027	27.965
1516	-17.191	0.027	21.599
1549	-17.191	0.027	10.460
1581	-17.191	0.027	27.965
1587	-17.191	0.027	21.299
1291	-17.190	0.027	21.299
1311	-17.189	0.026	0.001
1357	-17.189	0.026	21.293
1374	-17.189	0.026	3.656
1427	-17.189	0.026	20.951
1433	-17.189	0.026	27.965
1524	-17.189	0.026	27.966
1527	-17.189	0.026	20.953
1529	-17.189	0.026	19.830
1564	-17.189	0.026	19.830
1566	-17.189	0.026	19.828
1569	-17.189	0.026	19.853
1439	-17.188	0.025	19.849
1866	-17.185	0.011	19.847
1871	-17.185	0.011	19.848
1877	-17.185	0.011	19.858
1878	-17.185	0.011	20.437
1880	-17.185	0.011	20.453
1902	-17.185	0.011	3.272
1903	-17.185	0.011	3.271
1909	-17.185	0.011	10.343
1410	-17.184	0.801	21.165
1428	-17.183	0.801	3.329
1544	-17.181	0.025	3.385
1360	-17.181	0.066	3.385
1868	-17.177	0.802	3.326
1281	-17.141	0.032	3.144
1217	-17.082	1.495	3.446
1292	-17.080	1.510	20.797
1393	-17.080	1.510	4.034
1207	-17.078	1.495	4.018
1205	-17.077	1.495	4.017
1215	-17.077	1.495	27.977
1226	-17.077	1.495	3.061
1280	-17.077	1.495	27.979
1411	-17.077	1.495	6.006
1474	-17.077	1.495	3.082
1260	-17.076	1.495	27.977
1302	-17.076	1.495	3.070
1200	-17.075	1.494	6.027
1448	-17.075	1.495	4.022
1316	-17.048	1.496	19.722
1317	-17.048	1.496	27.978
1865	-17.047	1.492	27.979
1282	-17.045	1.511	20.685
1327	-17.044	1.495	28.700
1211	-17.043	1.495	6.419
1234	-17.043	1.495	6.370
1335	-17.043	1.495	28.776
1487	-17.043	1.495	11.413
1517	-17.043	1.495	4.555
1550	-17.043	1.495	12.337
1232	-17.043	1.495	4.596
1198	-17.042	1.495	11.214
1204	-17.042	1.495	6.715
1214	-17.042	1.495	27.797
1224	-17.042	1.495	6.387
1225	-17.042	1.495	4.330
1239	-17.042	1.495	4.329
1247	-17.042	1.495	28.365
1249	-17.042	1.495	2.510
1278	-17.042	1.495	29.325
1285	-17.042	1.495	29.329
1289	-17.042	1.495	19.971
1306	-17.042	1.495	5.812
1322	-17.042	1.495	5.988
1337	-17.042	1.495	5.971
1339	-17.042	1.495	4.168
1460	-17.042	1.495	27.936
1471	-17.042	1.495	20.248
1492	-17.042	1.495	20.444
1304	-17.040	1.495	5.278
1362	-17.040	1.495	5.254
1376	-17.040	1.495	18.985
1396	-17.040	1.495	11.808
1398	-17.040	1.495	30.061
1415	-17.040	1.495	5.243
1857	-17.023	1.493	11.241
1261	-17.009	1.744	10.992
1230	-16.996	1.745	10.849
1851	-16.942	1.509	10.849
1212	-16.937	1.742	10.849
1265	-16.937	1.742	10.850
1267	-16.937	1.742	11.057
1206	-16.937	1.742	11.304
1220	-16.937	1.742	11.096
1238	-16.937	1.742	9.295
1244	-16.937	1.742	9.295
1287	-16.937	1.742	9.313
1290	-16.937	1.742	9.311
1296	-16.937	1.742	9.144
1379	-16.937	1.742	11.055
1454	-16.937	1.742	11.144
1482	-16.937	1.742	11.076
1501	-16.937	1.742	11.058
1534	-16.937	1.742	11.211
1354	-16.935	1.742	9.309
1431	-16.935	1.742	11.119
1895	-16.934	1.509	10.573
1255	-16.923	1.744	9.123
1333	-16.923	1.744	10.724
1403	-16.923	1.744	11.577
1484	-16.923	1.744	9.125
1210	-16.897	1.507	9.125
1377	-16.893	1.491	11.032
1848	-16.875	1.509	11.283
1849	-16.875	1.509	19.566
1852	-16.875	1.509	1.016
1853	-16.875	1.509	11.160
1855	-16.875	1.509	11.122
1418	-16.867	0.107	11.162
1499	-16.867	0.107	19.550
1511	-16.867	0.107	10.559
1885	-16.867	1.509	19.545
1897	-16.867	1.509	0.274
1899	-16.867	1.509	0.274
1521	-16.865	0.107	10.469
1862	-16.857	1.509	10.613
1869	-16.857	1.509	10.141
1879	-16.857	1.509	10.497
1912	-16.857	1.509	9.125
1271	-16.846	0.148	10.226
1229	-16.842	1.508	9.554
1236	-16.842	1.508	9.662
1242	-16.842	1.508	9.534
1257	-16.842	1.508	3.669
1279	-16.842	1.508	21.236
1288	-16.842	1.508	21.240
1300	-16.842	1.508	21.240
1419	-16.842	1.508	21.240
1451	-16.842	1.508	21.240
1469	-16.842	1.508	21.611
1508	-16.842	1.508	21.613
1573	-16.842	1.508	21.270
1407	-16.842	1.508	27.965
1331	-16.841	1.508	10.470
1372	-16.841	1.508	21.599
1430	-16.841	1.508	10.341
1309	-16.841	1.508	27.965
1368	-16.832	1.503	21.299
1273	-16.830	1.502	0.000
1514	-16.708	0.164	0.001
1540	-16.661	1.745	21.293
1349	-16.658	1.745	3.656
1356	-16.653	1.750	20.951
1233	-16.646	1.746	27.965
1510	-16.646	1.746	27.966
1572	-16.640	1.751	20.954
1539	-15.241	1.423	4.330
1465	-15.240	1.424	28.690
1860	-15.087	2.637	29.325
1900	-15.087	2.637	2.512
1209	-14.998	2.048	19.971
1478	-14.801	2.166	28.164
1445	-14.800	2.170	4.141
1266	-14.795	2.166	13.220
1380	-14.794	2.166	27.937
1208	-14.793	2.166	20.263
1221	-14.793	2.166	20.445
1222	-14.793	2.166	11.872
1340	-14.793	2.166	5.142
1450	-14.793	2.166	4.977
1589	-14.793	2.166	5.242
1237	-14.793	2.166	30.062
1248	-14.793	2.166	27.809
1489	-14.792	2.166	30.055
1254	-14.792	2.166	5.361
1310	-14.791	2.166	13.790
1283	-14.791	2.171	5.263
1408	-14.791	2.171	20.231
1475	-14.791	2.171	11.284
1252	-14.789	2.171	5.357
1904	-14.754	2.166	11.241
1343	-14.718	2.091	11.189
1561	-14.714	2.166	10.873
1388	-14.713	2.166	11.687
1276	-14.712	2.166	11.675
1297	-14.712	2.166	11.677
1449	-14.712	2.166	11.696
1468	-14.712	2.166	11.674
1365	-14.710	2.166	11.682
1563	-14.710	2.166	10.716
1264	-14.597	2.177	11.488
1495	-14.543	2.171	11.479
1401	-14.518	2.178	11.456
1515	-14.512	2.174	10.902
1856	-14.216	2.564	9.308
1888	-14.211	2.564	11.114
1898	-14.211	2.564	11.577
1867	-14.197	2.564	10.724
1875	-14.197	2.564	10.723
1876	-14.197	2.564	9.125
1901	-14.197	2.564	9.125
1907	-14.197	2.564	10.877
1908	-14.197	2.564	9.260
1911	-14.197	2.564	10.598
1913	-14.197	2.564	1.016
1914	-14.197	2.564	11.160
1342	-14.170	2.695	9.340
1538	-14.170	2.695	11.162
1397	-14.169	2.695	9.641
1438	-14.169	2.695	10.559
1542	-14.166	2.695	19.545
1382	-14.164	2.563	0.274
1556	-14.164	2.563	0.275
1314	-14.163	2.563	10.468
1320	-14.163	2.563	10.613
1345	-14.163	2.563	10.139
1351	-14.163	2.563	10.497
1386	-14.163	2.563	9.121
1387	-14.163	2.563	9.558
1389	-14.163	2.563	9.554
1391	-14.163	2.563	10.073
1409	-14.163	2.563	10.946
1413	-14.163	2.563	3.670
1423	-14.163	2.563	21.236
1490	-14.163	2.563	21.240
1491	-14.163	2.563	21.240
1496	-14.163	2.563	9.802
1533	-14.163	2.563	21.240
1580	-14.163	2.563	21.611
1308	-14.162	2.563	21.613
1325	-14.162	2.563	21.272
1358	-14.162	2.563	27.964
1395	-14.162	2.563	27.964
1425	-14.162	2.563	21.598
1440	-14.162	2.563	27.965
1513	-14.162	2.563	27.965
1520	-14.162	2.563	19.558
1522	-14.162	2.563	21.300
1565	-14.162	2.563	0.000
1567	-14.162	2.563	6.723
1874	-14.069	2.552	3.656
1385	-13.313	2.699	10.910
1375	-12.729	2.849	9.295
1399	-12.729	2.849	9.313
1421	-12.729	2.849	9.312
1323	-12.218	2.462	27.977
1373	-9.912	2.211	9.313
1553	-9.912	2.211	9.313
1554	-9.912	2.211	9.311
1298	-9.912	2.211	9.141
1462	-9.912	2.211	11.079
1483	-9.912	2.211	11.147
1906	-9.908	2.212	10.528
1470	-9.903	2.210	10.730
1530	-9.903	2.210	9.125
1528	-9.885	2.973	10.485
1506	-9.877	2.210	10.550
1882	-9.876	2.210	19.545
1896	-9.876	2.210	9.616
1369	-9.839	2.212	0.274
1402	-9.839	2.212	0.274
1463	-9.839	2.212	10.247
1498	-9.839	2.212	9.529
1579	-9.839	2.212	10.645
1523	-9.839	2.212	9.120
1525	-9.839	2.212	1.016
1889	-9.838	2.212	10.657
1459	-9.731	2.209	21.300
1497	-9.699	2.209	6.726
1443	-9.548	2.130	21.434
1246	-9.340	2.148	3.427
1434	-9.339	2.148	20.955
1416	-9.332	2.249	27.978
1905	-9.315	2.075	4.049
1299	-9.301	2.341	3.083
1558	-9.281	2.237	4.024
1543	-9.278	2.237	27.985
1584	-9.221	2.337	3.072
1910	-9.220	2.338	5.968
