1773	-12.293	0.000	27.980
1758	-11.924	3.996	28.735
1801	-11.887	3.997	7.023
1803	-11.887	3.997	28.721
1805	-11.887	3.997	28.314
1807	-11.887	3.997	28.370
1808	-11.887	3.997	3.211
1821	-11.887	3.997	28.304
1822	-11.887	3.997	28.690
1826	-11.887	3.997	4.332
1827	-11.887	3.997	29.325
1828	-11.887	3.997	28.163
1835	-11.887	3.997	28.167
1837	-11.887	3.997	5.956
1838	-11.887	3.997	29.321
1819	-11.887	3.997	5.977
1831	-11.887	3.997	5.801
1764	-11.886	3.997	5.129
1765	-11.886	3.997	20.058
1766	-11.886	3.997	20.443
1769	-11.886	3.997	10.284
1771	-11.886	3.997	5.111
1772	-11.886	3.997	4.993
1781	-11.886	3.997	11.814
1783	-11.886	3.997	30.061
1784	-11.886	3.997	29.860
1789	-11.886	3.997	5.355
1790	-11.886	3.997	29.868
1791	-11.886	3.997	5.357
1793	-11.886	3.997	5.235
1797	-11.886	3.997	9.801
1798	-11.886	3.997	12.061
1774	-11.865	3.999	4.597
1775	-11.865	3.999	11.241
1776	-11.865	3.999	10.769
1777	-11.865	3.999	11.804
1778	-11.865	3.999	11.667
1820	-11.781	3.997	11.681
1759	-10.639	2.812	29.808
1761	-10.624	1.492	11.804
1792	-10.620	1.492	10.883
1811	-10.598	2.810	11.675
1829	-10.598	2.810	11.677
1763	-10.597	2.810	11.678
1814	-10.597	2.810	11.674
1809	-10.588	2.772	11.674
1786	-10.587	2.772	11.446
1794	-10.587	2.772	11.487
1762	-10.488	1.320	10.528
1834	-10.488	1.320	11.169
1767	-10.484	1.319	10.732
1770	-10.484	1.319	10.724
1780	-10.484	1.319	11.577
1785	-10.484	1.319	9.125
1787	-10.484	1.319	9.125
1788	-10.484	1.319	10.729
1795	-10.484	1.319	11.175
1832	-10.484	1.319	10.889
1760	-9.930	1.706	10.828
1779	-9.927	1.706	10.829
1810	-9.211	3.144	4.022
1813	-9.210	3.144	27.978
1818	-9.210	3.144	4.024
1799	-9.210	3.144	27.980
1824	-9.164	3.128	28.700
1825	-9.164	3.128	5.411
1840	-9.163	3.127	6.369
1817	-7.653	2.306	27.966
