1458	-9.465	0.000	7.734
1469	-9.465	0.000	8.757
1477	-9.465	0.000	6.415
1478	-9.465	0.000	19.496
1482	-9.465	0.000	7.308
1497	-9.465	0.000	6.419
1519	-9.465	0.000	7.011
1526	-9.465	0.000	20.001
1530	-9.465	0.000	5.578
1538	-9.465	0.000	5.085
1540	-9.465	0.000	7.739
1555	-9.465	0.000	7.563
1564	-9.465	0.000	2.290
1586	-9.465	0.000	2.290
1606	-9.465	0.000	2.290
1615	-9.465	0.000	2.290
1618	-9.465	0.000	2.290
1631	-9.465	0.000	2.290
1639	-9.465	0.000	2.290
1645	-9.465	0.000	2.290
1648	-9.465	0.000	2.290
1653	-9.465	0.000	2.289
1654	-9.465	0.000	1.993
1656	-9.465	0.000	1.985
1659	-9.465	0.000	1.663
1666	-9.465	0.000	3.106
1677	-9.465	0.000	3.106
1682	-9.465	0.000	3.106
1689	-9.465	0.000	3.106
1743	-9.465	0.000	3.107
1753	-9.465	0.000	3.103
1777	-9.465	0.000	3.101
1787	-9.465	0.000	1.241
1494	-9.464	0.000	1.235
1700	-9.337	0.040	1.231
1708	-9.337	0.040	1.233
1709	-9.337	0.040	1.233
1713	-9.337	0.040	1.635
1714	-9.337	0.040	1.119
1724	-9.337	0.040	1.092
1727	-9.337	0.040	1.081
1732	-9.337	0.040	1.080
1733	-9.337	0.040	1.081
1734	-9.337	0.040	1.088
1735	-9.337	0.040	1.041
1444	-9.324	0.043	2.170
1451	-9.324	0.043	2.171
1461	-9.324	0.043	2.172
1472	-9.324	0.043	2.168
1488	-9.324	0.043	2.165
1496	-9.324	0.043	2.754
1502	-9.324	0.043	2.738
1512	-9.324	0.043	2.770
1516	-9.324	0.043	2.759
1517	-9.324	0.043	2.738
1520	-9.324	0.043	11.146
1521	-9.324	0.043	11.135
1522	-9.324	0.043	11.130
1523	-9.324	0.043	11.134
1525	-9.324	0.043	11.134
1535	-9.324	0.043	11.134
1536	-9.324	0.043	11.134
1542	-9.324	0.043	2.601
1545	-9.324	0.043	10.143
1548	-9.324	0.043	10.141
1549	-9.324	0.043	10.142
1554	-9.324	0.043	10.142
1557	-9.324	0.043	10.142
1559	-9.324	0.043	2.085
1561	-9.324	0.043	2.086
1562	-9.324	0.043	10.053
1565	-9.324	0.043	11.113
1566	-9.324	0.043	11.115
1567	-9.324	0.043	11.115
1568	-9.324	0.043	11.115
1572	-9.324	0.043	10.049
1576	-9.324	0.043	2.012
1583	-9.324	0.043	2.627
1584	-9.324	0.043	2.980
1587	-9.324	0.043	2.981
1589	-9.324	0.043	2.922
1593	-9.324	0.043	12.653
1597	-9.324	0.043	10.090
1598	-9.324	0.043	10.090
1602	-9.324	0.043	10.071
1608	-9.324	0.043	4.760
1609	-9.324	0.043	11.557
1611	-9.324	0.043	11.556
1612	-9.324	0.043	11.559
1616	-9.324	0.043	11.559
1622	-9.324	0.043	11.559
1626	-9.324	0.043	19.414
1627	-9.324	0.043	19.414
1628	-9.324	0.043	19.414
1629	-9.324	0.043	19.414
1630	-9.324	0.043	2.897
1633	-9.324	0.043	2.897
1634	-9.324	0.043	2.898
1637	-9.324	0.043	4.428
1640	-9.324	0.043	2.602
1642	-9.324	0.043	2.226
1652	-9.324	0.043	11.617
1657	-9.324	0.043	19.005
1658	-9.324	0.043	7.075
1662	-9.324	0.043	19.004
1663	-9.324	0.043	19.004
1668	-9.324	0.043	19.004
1669	-9.324	0.043	19.134
1672	-9.324	0.043	19.005
1675	-9.324	0.043	19.005
1688	-9.324	0.043	8.264
1693	-9.324	0.043	8.262
1738	-9.324	0.043	2.407
1742	-9.324	0.043	19.004
1749	-9.324	0.043	19.142
1760	-9.324	0.043	19.142
1761	-9.324	0.043	3.079
1762	-9.324	0.043	3.128
1763	-9.324	0.043	2.602
1764	-9.324	0.043	8.584
1766	-9.324	0.043	3.124
1773	-9.324	0.043	3.123
1778	-9.324	0.043	3.123
1779	-9.324	0.043	2.556
1788	-9.324	0.043	2.979
1558	-9.324	0.043	7.914
1698	-9.295	0.051	24.007
1702	-9.025	2.142	24.007
1715	-9.025	2.142	24.008
1717	-9.025	2.142	2.318
1721	-9.025	2.142	2.155
1725	-9.025	2.142	2.414
1726	-9.025	2.142	18.648
1736	-9.025	2.142	18.648
1465	-9.023	2.142	17.716
1468	-9.023	2.142	19.280
1475	-9.023	2.142	17.772
1476	-9.023	2.142	17.772
1479	-9.023	2.142	19.282
1485	-9.023	2.142	17.827
1489	-9.023	2.142	17.827
1500	-9.023	2.142	17.827
1506	-9.023	2.142	11.152
1508	-9.023	2.142	7.423
1511	-9.023	2.142	24.528
1532	-9.023	2.142	9.018
1543	-9.023	2.142	9.018
1560	-9.023	2.142	24.388
1575	-9.023	2.142	6.154
1594	-9.023	2.142	19.086
1607	-9.023	2.142	19.076
1613	-9.023	2.142	19.066
1620	-9.023	2.142	19.067
1621	-9.023	2.142	19.067
1625	-9.023	2.142	19.067
1660	-9.023	2.142	19.067
1664	-9.023	2.142	19.067
1665	-9.023	2.142	19.012
1673	-9.023	2.142	19.072
1691	-9.023	2.142	8.721
1696	-9.023	2.142	19.078
1745	-9.023	2.142	19.755
1758	-9.023	2.142	11.070
1759	-9.023	2.142	8.875
1765	-9.023	2.142	11.063
1786	-9.023	2.142	18.432
1730	-8.966	2.186	5.803
1706	-8.965	2.186	24.941
1737	-8.961	2.186	24.933
1459	-8.958	2.187	5.823
1460	-8.958	2.187	10.917
1484	-8.958	2.187	5.808
1495	-8.958	2.187	6.923
1499	-8.958	2.187	8.433
1504	-8.958	2.187	8.431
1537	-8.958	2.187	8.975
1623	-8.958	2.187	8.453
1694	-8.958	2.187	7.073
1446	-8.957	2.187	7.253
1447	-8.957	2.187	7.254
1448	-8.957	2.187	7.266
1449	-8.957	2.187	19.412
1456	-8.957	2.187	5.841
1457	-8.957	2.187	9.276
1463	-8.957	2.187	8.406
1464	-8.957	2.187	9.250
1467	-8.957	2.187	2.272
1471	-8.957	2.187	2.272
1486	-8.957	2.187	2.272
1507	-8.957	2.187	2.272
1515	-8.957	2.187	2.272
1574	-8.957	2.187	2.273
1687	-8.957	2.187	2.272
1748	-8.957	2.187	2.272
1699	-8.936	2.209	2.273
1718	-8.936	2.209	2.272
1719	-8.936	2.209	1.954
1731	-8.936	2.209	1.939
1450	-8.934	2.209	1.926
1462	-8.934	2.209	2.757
1474	-8.934	2.209	2.757
1501	-8.934	2.209	2.757
1513	-8.934	2.209	2.758
1514	-8.934	2.209	2.758
1529	-8.934	2.209	2.755
1533	-8.934	2.209	0.560
1534	-8.934	2.209	0.581
1539	-8.934	2.209	0.566
1544	-8.934	2.209	0.564
1550	-8.934	2.209	1.097
1563	-8.934	2.209	0.563
1569	-8.934	2.209	1.098
1571	-8.934	2.209	0.534
1573	-8.934	2.209	0.528
1580	-8.934	2.209	0.530
1581	-8.934	2.209	0.531
1585	-8.934	2.209	0.532
1588	-8.934	2.209	0.528
1590	-8.934	2.209	0.552
1610	-8.934	2.209	2.120
1617	-8.934	2.209	2.121
1632	-8.934	2.209	2.122
1643	-8.934	2.209	2.112
1646	-8.934	2.209	2.116
1647	-8.934	2.209	3.319
1655	-8.934	2.209	3.302
1674	-8.934	2.209	3.338
1680	-8.934	2.209	3.322
1684	-8.934	2.209	3.310
1686	-8.934	2.209	2.250
1739	-8.934	2.209	11.216
1747	-8.934	2.209	11.213
1751	-8.934	2.209	11.215
1752	-8.934	2.209	11.215
1754	-8.934	2.209	11.215
1757	-8.934	2.209	11.212
1768	-8.934	2.209	11.230
1769	-8.934	2.209	10.224
1772	-8.934	2.209	10.222
1774	-8.934	2.209	10.223
1775	-8.934	2.209	10.223
1776	-8.934	2.209	10.223
1792	-8.934	2.209	2.171
1445	-8.925	2.181	2.171
1452	-8.925	2.181	10.178
1547	-8.925	2.181	10.178
1556	-8.925	2.181	11.199
1703	-8.904	2.153	11.199
1704	-8.904	2.153	11.199
1716	-8.904	2.153	11.223
1595	-8.904	2.210	2.141
1599	-8.904	2.210	2.354
1483	-8.903	2.153	2.660
1510	-8.903	2.153	2.359
1524	-8.903	2.153	2.611
1546	-8.903	2.153	12.642
1579	-8.903	2.153	10.175
1624	-8.903	2.153	10.163
1789	-8.903	2.153	3.853
1480	-8.902	2.153	4.942
1481	-8.902	2.153	4.940
1592	-8.902	2.153	11.573
1685	-8.902	2.153	11.576
1692	-8.902	2.153	11.576
1711	-8.878	2.194	11.576
1785	-8.868	2.195	20.030
1498	-8.867	2.195	20.030
1527	-8.842	1.964	20.030
1577	-8.842	1.964	20.030
1578	-8.842	1.964	2.752
1619	-8.842	1.964	2.752
1636	-8.842	1.964	2.752
1780	-8.842	1.964	4.167
1453	-8.841	1.964	4.167
1490	-8.841	1.964	2.751
1491	-8.841	1.964	4.169
1492	-8.841	1.964	5.388
1493	-8.841	1.964	6.064
1570	-8.841	1.964	19.643
1596	-8.841	1.964	19.643
1705	-8.819	2.216	19.643
1553	-8.818	2.216	19.796
1466	-8.817	2.216	19.645
1591	-8.817	2.216	19.645
1473	-8.817	2.216	8.362
1503	-8.817	2.216	8.359
1505	-8.817	2.216	2.635
1518	-8.817	2.216	2.634
1531	-8.817	2.216	19.804
1603	-8.817	2.216	19.804
1638	-8.817	2.216	19.794
1641	-8.817	2.216	2.660
1649	-8.817	2.216	2.274
1690	-8.817	2.216	2.661
1600	-8.816	2.216	3.410
1454	-8.811	1.954	3.432
1455	-8.811	1.954	3.432
1470	-8.811	1.954	3.433
1487	-8.811	1.954	3.426
1635	-8.542	3.063	1.851
1667	-8.542	3.063	24.052
1670	-8.542	3.063	24.052
1676	-8.542	3.063	24.052
1683	-8.542	3.063	24.054
1784	-8.542	3.063	2.157
1791	-8.542	3.063	2.113
1681	-8.541	3.063	19.284
1740	-8.541	3.064	19.288
1794	-8.541	3.063	18.364
1755	-8.424	3.779	19.889
1767	-8.424	3.779	4.801
1793	-8.424	3.779	18.419
1795	-8.424	3.779	19.891
1701	-8.387	2.049	19.894
1710	-8.387	2.049	18.473
1712	-8.387	2.049	18.473
1720	-8.387	2.049	18.473
1722	-8.387	2.049	2.353
1723	-8.387	2.049	24.498
1728	-8.387	2.049	5.461
1729	-8.387	2.049	8.787
1509	-8.383	2.049	24.360
1528	-8.383	2.049	5.453
1551	-8.383	2.049	19.738
1552	-8.383	2.049	8.767
1582	-8.383	2.049	19.718
1601	-8.383	2.049	19.719
1604	-8.383	2.049	19.719
1650	-8.383	2.049	19.719
1651	-8.383	2.049	19.719
1661	-8.383	2.049	19.719
1671	-8.383	2.049	8.879
1678	-8.383	2.049	19.724
1695	-8.383	2.049	8.536
1697	-8.383	2.049	19.729
1741	-8.383	2.049	20.415
1744	-8.383	2.049	19.012
1746	-8.383	2.049	8.653
1750	-8.383	2.049	11.159
1756	-8.383	2.049	19.016
1770	-8.383	2.049	11.138
1771	-8.383	2.049	25.015
1781	-8.383	2.049	25.007
1782	-8.383	2.049	5.152
1790	-8.383	2.049	10.592
1796	-8.383	2.049	9.702
1707	-8.305	2.887	6.285
1605	-8.304	2.887	7.738
1679	-8.304	2.888	7.736
1783	-8.304	2.888	8.756
1541	-8.304	2.888	7.759
1614	-8.303	2.888	6.426
1644	-8.303	2.888	24.775
