501	-20.578	0.000	0.000
502	-20.578	0.000	9.695
503	-20.578	0.000	19.093
34	-20.572	0.000	19.630
46	-20.572	0.000	18.794
78	-20.572	0.000	9.610
114	-20.572	0.000	11.238
116	-20.572	0.000	18.798
138	-20.572	0.000	11.209
145	-20.572	0.000	26.891
158	-20.572	0.000	26.886
170	-20.572	0.000	6.955
280	-20.561	0.001	10.830
281	-20.561	0.001	12.157
282	-20.561	0.001	8.846
286	-20.561	0.001	10.353
287	-20.561	0.001	10.350
288	-20.561	0.001	0.000
290	-20.561	0.001	10.372
291	-20.561	0.001	9.009
293	-20.561	0.001	26.691
294	-20.561	0.001	9.002
295	-20.561	0.001	8.362
296	-20.561	0.001	8.175
297	-20.561	0.001	6.655
298	-20.561	0.001	9.068
299	-20.561	0.001	10.371
272	-20.557	0.001	9.988
273	-20.557	0.001	4.237
274	-20.557	0.001	4.234
275	-20.557	0.001	4.234
190	-20.551	0.001	4.234
192	-20.551	0.001	4.234
193	-20.551	0.001	4.233
195	-20.551	0.001	4.233
196	-20.551	0.001	4.234
197	-20.551	0.001	4.233
200	-20.551	0.001	4.233
220	-20.551	0.001	4.035
221	-20.551	0.001	4.035
226	-20.551	0.001	4.036
231	-20.551	0.001	4.754
233	-20.551	0.001	4.755
271	-20.518	0.012	4.755
219	-20.511	0.012	4.754
230	-20.511	0.012	4.755
1925	-20.273	0.010	4.753
249	-19.980	0.515	4.752
250	-19.980	0.515	3.472
497	-19.980	0.515	3.460
498	-19.980	0.515	3.452
56	-19.974	0.515	0.000
64	-19.974	0.515	3.875
86	-19.974	0.515	3.873
95	-19.974	0.515	4.118
101	-19.974	0.515	3.199
102	-19.974	0.515	3.186
134	-19.974	0.515	3.187
137	-19.974	0.515	3.191
141	-19.974	0.515	3.190
143	-19.974	0.515	3.150
149	-19.974	0.515	4.020
153	-19.974	0.515	4.020
177	-19.974	0.515	4.019
179	-19.974	0.515	4.037
184	-19.974	0.515	0.035
283	-19.964	0.515	0.026
285	-19.964	0.515	0.002
188	-19.953	0.515	0.047
189	-19.953	0.515	0.002
191	-19.953	0.515	0.001
198	-19.953	0.515	11.563
199	-19.953	0.515	11.557
222	-19.953	0.515	11.562
223	-19.953	0.515	11.565
224	-19.953	0.515	11.558
234	-19.953	0.515	11.558
187	-19.911	0.517	11.564
225	-19.910	0.517	11.553
279	-15.934	2.192	10.504
284	-15.934	2.192	10.522
292	-15.934	2.192	10.521
47	-15.930	2.190	10.521
48	-15.930	2.190	10.521
49	-15.930	2.190	10.524
57	-15.930	2.190	0.000
58	-15.930	2.190	10.520
65	-15.930	2.190	10.520
79	-15.930	2.190	11.555
87	-15.930	2.190	11.555
96	-15.930	2.190	11.555
97	-15.930	2.190	10.513
115	-15.930	2.190	3.691
139	-15.930	2.190	4.568
146	-15.930	2.190	4.580
147	-15.930	2.190	4.538
148	-15.930	2.190	4.522
150	-15.930	2.190	4.851
152	-15.930	2.190	10.144
178	-15.930	2.190	10.132
185	-15.930	2.190	10.144
186	-15.930	2.190	3.539
194	-15.925	2.191	3.541
232	-15.925	2.191	12.244
20	-15.717	2.629	12.247
35	-15.717	2.629	12.247
144	-15.717	2.629	12.247
300	-15.633	2.627	19.454
251	-15.630	2.625	19.454
504	-15.630	2.625	19.454
50	-15.625	2.625	19.454
59	-15.625	2.625	3.962
66	-15.625	2.625	3.962
80	-15.625	2.625	3.962
88	-15.625	2.625	3.962
98	-15.625	2.625	19.459
103	-15.625	2.625	3.734
117	-15.625	2.625	6.145
135	-15.625	2.625	7.616
142	-15.625	2.625	0.000
159	-15.625	2.625	19.163
171	-15.625	2.625	19.163
180	-15.625	2.625	19.163
201	-15.622	2.626	18.914
228	-15.622	2.626	19.164
235	-15.622	2.626	19.164
8	-15.549	2.661	8.161
9	-15.549	2.661	8.158
10	-15.549	2.661	2.779
11	-15.549	2.661	2.778
12	-15.549	2.661	9.033
14	-15.549	2.661	18.922
15	-15.549	2.661	18.912
16	-15.549	2.661	2.716
500	-15.457	2.657	2.932
17	-15.452	2.657	2.717
154	-15.452	2.657	2.396
155	-15.452	2.657	2.396
227	-15.450	2.658	2.396
308	-15.337	2.766	3.277
309	-15.337	2.766	2.394
349	-15.337	2.766	3.698
516	-15.243	2.766	25.899
531	-15.243	2.766	25.899
532	-15.243	2.766	25.899
535	-15.243	2.766	25.900
537	-15.243	2.766	1.910
538	-15.243	2.766	2.976
540	-15.243	2.766	18.474
541	-15.243	2.766	18.477
542	-15.243	2.766	17.610
543	-15.243	2.766	19.516
544	-15.243	2.766	19.517
545	-15.243	2.766	0.000
546	-15.243	2.766	6.657
547	-15.243	2.766	19.520
550	-15.243	2.766	17.722
551	-15.243	2.766	17.722
552	-15.243	2.766	17.722
553	-15.243	2.766	3.175
554	-15.243	2.766	6.657
555	-15.243	2.766	7.349
557	-15.243	2.766	9.695
558	-15.243	2.766	26.442
559	-15.243	2.766	7.338
560	-15.243	2.766	3.731
563	-15.238	2.766	7.344
565	-15.238	2.766	19.052
566	-15.238	2.766	19.052
567	-15.238	2.766	19.052
569	-15.238	2.766	19.052
571	-15.238	2.766	19.058
572	-15.238	2.766	19.052
573	-15.238	2.766	9.865
574	-15.238	2.766	19.058
575	-15.238	2.766	9.686
576	-15.238	2.766	19.070
578	-15.238	2.766	19.607
580	-15.238	2.766	18.767
581	-15.238	2.766	9.617
582	-15.238	2.766	11.245
21	-15.224	2.751	18.771
22	-15.224	2.751	18.771
24	-15.224	2.751	26.820
25	-15.224	2.751	12.123
26	-15.224	2.751	6.940
27	-15.224	2.751	10.836
28	-15.224	2.751	26.678
29	-15.224	2.751	0.000
30	-15.224	2.751	10.317
31	-15.224	2.751	10.315
33	-15.224	2.751	9.522
36	-15.224	2.751	10.336
37	-15.224	2.751	10.337
39	-15.224	2.751	26.622
45	-15.224	2.751	8.149
69	-15.224	2.751	8.973
70	-15.224	2.751	8.032
76	-15.224	2.751	6.667
83	-15.224	2.751	6.425
85	-15.224	2.751	10.332
90	-15.224	2.751	9.954
100	-15.224	2.751	4.234
104	-15.224	2.751	4.231
109	-15.224	2.751	4.231
110	-15.224	2.751	4.231
112	-15.224	2.751	4.231
126	-15.224	2.751	4.234
132	-15.224	2.751	4.230
133	-15.224	2.751	4.231
160	-15.224	2.751	4.229
173	-15.224	2.751	4.230
182	-15.224	2.751	4.032
909	-15.224	2.771	4.032
925	-15.224	2.771	4.033
958	-15.224	2.771	4.752
276	-15.217	2.760	4.752
157	-15.177	2.758	4.752
517	-15.139	2.752	4.752
518	-15.139	2.752	4.751
519	-15.139	2.752	4.753
520	-15.139	2.752	4.750
521	-15.139	2.752	0.000
522	-15.139	2.752	3.458
523	-15.139	2.752	3.450
524	-15.139	2.752	3.874
525	-15.139	2.752	3.451
526	-15.139	2.752	3.871
527	-15.139	2.752	3.870
528	-15.139	2.752	3.198
529	-15.139	2.752	3.184
530	-15.139	2.752	3.185
533	-15.139	2.752	3.184
534	-15.139	2.752	3.179
536	-15.139	2.752	3.187
539	-15.139	2.752	4.017
548	-15.139	2.752	4.017
584	-15.135	2.752	4.016
591	-15.135	2.752	4.017
596	-15.135	2.752	0.044
601	-15.135	2.752	4.059
603	-15.135	2.752	0.005
607	-15.135	2.752	0.051
613	-15.135	2.752	0.002
617	-15.135	2.752	0.007
618	-15.135	2.752	11.561
621	-15.135	2.752	11.555
624	-15.135	2.752	11.560
625	-15.135	2.752	11.563
628	-15.135	2.752	11.556
635	-15.135	2.752	11.556
641	-15.135	2.752	11.556
644	-15.135	2.752	11.557
650	-15.135	2.752	10.502
301	-15.132	2.752	10.520
302	-15.132	2.752	10.519
303	-15.132	2.752	0.000
304	-15.132	2.752	10.519
305	-15.132	2.752	3.052
306	-15.132	2.752	3.823
307	-15.132	2.752	10.518
310	-15.132	2.752	10.518
311	-15.132	2.752	11.553
312	-15.132	2.752	11.553
313	-15.132	2.752	11.553
314	-15.132	2.752	10.510
315	-15.132	2.752	3.869
316	-15.132	2.752	3.686
317	-15.132	2.752	4.578
318	-15.132	2.752	4.537
319	-15.132	2.752	4.561
320	-15.132	2.752	4.824
321	-15.132	2.752	10.142
322	-15.132	2.752	10.130
323	-15.132	2.752	10.142
324	-15.132	2.752	2.412
325	-15.132	2.752	3.542
326	-15.132	2.752	12.243
327	-15.132	2.752	12.245
328	-15.132	2.752	12.245
329	-15.132	2.752	12.245
330	-15.132	2.752	3.385
331	-15.132	2.752	19.451
332	-15.132	2.752	19.451
333	-15.132	2.752	19.451
334	-15.132	2.752	3.960
335	-15.132	2.752	3.960
336	-15.132	2.752	3.960
337	-15.132	2.752	3.960
338	-15.132	2.752	19.456
339	-15.132	2.752	0.000
340	-15.132	2.752	6.143
341	-15.132	2.752	3.731
342	-15.132	2.752	19.161
343	-15.132	2.752	19.160
344	-15.132	2.752	19.160
345	-15.132	2.752	19.160
346	-15.132	2.752	18.911
347	-15.132	2.752	19.161
348	-15.132	2.752	19.161
350	-15.132	2.752	8.160
351	-15.132	2.752	3.947
352	-15.132	2.752	2.777
353	-15.132	2.752	2.777
354	-15.132	2.752	9.032
355	-15.132	2.752	18.919
356	-15.132	2.752	12.275
357	-15.132	2.752	2.715
358	-15.132	2.752	2.931
359	-15.132	2.752	2.931
360	-15.132	2.752	2.396
361	-15.132	2.752	2.395
362	-15.132	2.752	2.396
363	-15.132	2.752	2.396
364	-15.132	2.752	2.394
365	-15.132	2.752	12.108
366	-15.132	2.752	25.896
367	-15.132	2.752	25.896
368	-15.132	2.752	25.896
369	-15.132	2.752	25.896
370	-15.132	2.752	3.881
371	-15.132	2.752	2.974
372	-15.132	2.752	18.471
373	-15.132	2.752	18.474
374	-15.132	2.752	0.000
375	-15.132	2.752	19.513
376	-15.132	2.752	19.514
377	-15.132	2.752	17.664
378	-15.132	2.752	17.678
379	-15.132	2.752	19.517
380	-15.132	2.752	17.719
381	-15.132	2.752	17.719
382	-15.132	2.752	17.720
383	-15.132	2.752	7.340
384	-15.132	2.752	6.657
385	-15.132	2.752	7.349
386	-15.132	2.752	11.635
387	-15.132	2.752	2.818
388	-15.132	2.752	6.650
389	-15.132	2.752	3.729
390	-15.132	2.752	19.070
391	-15.132	2.752	19.058
392	-15.132	2.752	19.050
393	-15.132	2.752	19.050
394	-15.132	2.752	19.050
395	-15.132	2.752	19.055
396	-15.132	2.752	19.050
397	-15.132	2.752	9.864
398	-15.132	2.752	19.056
399	-15.132	2.752	19.055
400	-15.132	2.752	19.280
401	-15.132	2.752	26.549
402	-15.132	2.752	18.764
403	-15.132	2.752	9.616
404	-15.132	2.752	11.244
405	-15.132	2.752	18.768
406	-15.132	2.752	18.768
407	-15.132	2.752	26.816
408	-15.132	2.752	12.123
409	-15.132	2.752	6.940
410	-15.132	2.752	26.669
411	-15.132	2.752	26.675
412	-15.132	2.752	12.136
413	-15.132	2.752	11.609
414	-15.132	2.752	10.314
415	-15.132	2.752	9.521
416	-15.132	2.752	18.309
417	-15.132	2.752	9.510
418	-15.132	2.752	26.619
419	-15.132	2.752	8.971
420	-15.132	2.752	8.972
421	-15.132	2.752	8.973
422	-15.132	2.752	6.666
423	-15.132	2.752	8.443
424	-15.132	2.752	8.791
425	-15.132	2.752	9.874
426	-15.132	2.752	4.236
427	-15.132	2.752	4.233
428	-15.132	2.752	4.233
429	-15.132	2.752	4.233
430	-15.132	2.752	4.233
431	-15.132	2.752	4.233
432	-15.132	2.752	4.233
433	-15.132	2.752	4.233
434	-15.132	2.752	4.233
435	-15.132	2.752	4.233
436	-15.132	2.752	4.034
437	-15.132	2.752	4.035
438	-15.132	2.752	4.035
439	-15.132	2.752	4.754
440	-15.132	2.752	4.754
441	-15.132	2.752	4.754
442	-15.132	2.752	4.754
443	-15.132	2.752	0.000
444	-15.132	2.752	4.755
445	-15.132	2.752	3.414
446	-15.132	2.752	3.471
447	-15.132	2.752	3.460
448	-15.132	2.752	3.459
449	-15.132	2.752	3.875
450	-15.132	2.752	3.452
451	-15.132	2.752	3.873
452	-15.132	2.752	3.873
453	-15.132	2.752	3.199
454	-15.132	2.752	3.186
455	-15.132	2.752	3.186
456	-15.132	2.752	3.186
457	-15.132	2.752	3.181
458	-15.132	2.752	3.188
459	-15.132	2.752	4.019
460	-15.132	2.752	4.019
461	-15.132	2.752	4.019
462	-15.132	2.752	4.018
463	-15.132	2.752	0.040
464	-15.132	2.752	0.028
465	-15.132	2.752	0.002
466	-15.132	2.752	0.047
467	-15.132	2.752	0.002
468	-15.132	2.752	0.005
469	-15.132	2.752	11.563
470	-15.132	2.752	11.563
471	-15.132	2.752	11.562
472	-15.132	2.752	11.565
473	-15.132	2.752	11.557
474	-15.132	2.752	11.557
475	-15.132	2.752	11.558
476	-15.132	2.752	11.642
477	-15.132	2.752	0.000
478	-15.132	2.752	10.522
479	-15.132	2.752	10.521
480	-15.132	2.752	10.521
481	-15.132	2.752	10.521
482	-15.132	2.752	3.830
483	-15.132	2.752	3.825
484	-15.132	2.752	10.520
485	-15.132	2.752	10.520
486	-15.132	2.752	11.555
487	-15.132	2.752	11.540
488	-15.132	2.752	11.554
489	-15.132	2.752	11.554
490	-15.132	2.752	3.865
491	-15.132	2.752	3.689
492	-15.132	2.752	4.581
493	-15.132	2.752	4.538
494	-15.132	2.752	4.517
495	-15.132	2.752	11.654
496	-15.132	2.752	10.144
252	-15.128	2.751	10.131
253	-15.128	2.751	10.144
254	-15.128	2.751	2.410
255	-15.128	2.751	6.087
256	-15.128	2.751	12.244
257	-15.128	2.751	12.247
258	-15.128	2.751	12.246
259	-15.128	2.751	12.246
260	-15.128	2.751	2.393
261	-15.128	2.751	19.454
262	-15.128	2.751	19.454
263	-15.128	2.751	19.454
264	-15.128	2.751	19.454
265	-15.128	2.751	3.962
266	-15.128	2.751	0.000
267	-15.128	2.751	3.962
268	-15.128	2.751	19.459
269	-15.128	2.751	6.145
270	-15.128	2.751	6.145
505	-15.128	2.751	19.163
506	-15.128	2.751	19.164
507	-15.128	2.751	19.163
508	-15.128	2.751	19.163
509	-15.128	2.751	19.163
510	-15.128	2.751	18.914
511	-15.128	2.751	19.164
512	-15.128	2.751	19.164
513	-15.128	2.751	8.161
514	-15.128	2.751	8.158
515	-15.128	2.751	2.778
23	-15.123	2.751	8.159
32	-15.123	2.751	9.033
38	-15.123	2.751	18.922
40	-15.123	2.751	12.276
41	-15.123	2.751	2.714
42	-15.123	2.751	2.932
43	-15.123	2.751	2.932
44	-15.123	2.751	2.396
51	-15.123	2.751	2.396
52	-15.123	2.751	2.396
53	-15.123	2.751	2.395
54	-15.123	2.751	3.277
55	-15.123	2.751	3.534
60	-15.123	2.751	3.743
61	-15.123	2.751	25.899
62	-15.123	2.751	25.899
63	-15.123	2.751	25.900
67	-15.123	2.751	3.883
68	-15.123	2.751	3.307
71	-15.123	2.751	17.595
72	-15.123	2.751	18.477
73	-15.123	2.751	18.478
74	-15.123	2.751	19.516
75	-15.123	2.751	3.210
77	-15.123	2.751	17.666
81	-15.123	2.751	17.681
82	-15.123	2.751	3.197
84	-15.123	2.751	17.722
89	-15.123	2.751	17.722
91	-15.123	2.751	17.722
92	-15.123	2.751	12.705
93	-15.123	2.751	6.657
94	-15.123	2.751	26.214
99	-15.123	2.751	9.695
105	-15.123	2.751	3.178
106	-15.123	2.751	26.442
107	-15.123	2.751	3.215
108	-15.123	2.751	19.073
111	-15.123	2.751	19.061
113	-15.123	2.751	19.052
118	-15.123	2.751	19.053
119	-15.123	2.751	19.052
120	-15.123	2.751	19.064
121	-15.123	2.751	19.052
122	-15.123	2.751	9.865
123	-15.123	2.751	19.058
124	-15.123	2.751	19.058
125	-15.123	2.751	18.933
127	-15.123	2.751	26.552
128	-15.123	2.751	11.256
129	-15.123	2.751	9.617
130	-15.123	2.751	11.245
131	-15.123	2.751	18.771
136	-15.123	2.751	18.771
161	-15.123	2.751	11.072
162	-15.123	2.751	12.122
163	-15.123	2.751	6.940
164	-15.123	2.751	26.672
165	-15.123	2.751	26.678
166	-15.123	2.751	12.136
167	-15.123	2.751	19.947
168	-15.123	2.751	10.314
169	-15.123	2.751	9.522
172	-15.123	2.751	18.789
174	-15.123	2.751	9.510
175	-15.123	2.751	8.338
176	-15.123	2.751	8.972
181	-15.123	2.751	8.973
183	-15.123	2.751	8.160
937	-15.121	2.757	27.273
949	-15.121	2.757	19.607
950	-15.121	2.757	10.323
959	-15.121	2.757	9.872
968	-15.121	2.757	4.239
978	-15.121	2.757	4.237
202	-15.121	2.751	4.237
203	-15.121	2.751	4.237
204	-15.121	2.751	4.237
205	-15.121	2.751	4.236
206	-15.121	2.751	4.236
207	-15.121	2.751	4.236
208	-15.121	2.751	4.236
209	-15.121	2.751	4.236
210	-15.121	2.751	4.039
211	-15.121	2.751	4.037
212	-15.121	2.751	4.038
213	-15.121	2.751	4.758
214	-15.121	2.751	4.758
215	-15.121	2.751	4.758
216	-15.121	2.751	4.758
217	-15.121	2.751	4.756
218	-15.121	2.751	4.758
229	-15.121	2.751	3.418
236	-15.121	2.751	3.475
237	-15.121	2.751	3.463
238	-15.121	2.751	3.463
239	-15.121	2.751	3.463
240	-15.121	2.751	3.456
241	-15.121	2.751	3.876
242	-15.121	2.751	3.876
243	-15.121	2.751	3.256
244	-15.121	2.751	3.189
245	-15.121	2.751	3.191
246	-15.121	2.751	3.189
247	-15.121	2.751	3.195
248	-15.121	2.751	3.192
140	-15.115	2.749	4.022
151	-15.115	2.749	4.022
1	-15.109	2.756	4.023
2	-15.109	2.756	4.022
3	-15.109	2.756	4.080
4	-15.109	2.756	0.025
5	-15.109	2.756	0.005
6	-15.109	2.756	0.044
7	-15.109	2.756	0.005
754	-15.109	2.756	0.005
897	-15.109	2.756	4.354
1010	-15.109	2.756	11.563
1023	-15.109	2.756	11.562
13	-15.075	2.397	11.641
18	-15.075	2.397	11.557
19	-15.075	2.397	11.557
156	-15.027	2.391	11.557
499	-15.010	2.744	11.642
562	-14.977	2.752	4.361
549	-14.877	2.751	10.521
556	-14.877	2.751	10.521
561	-14.877	2.751	10.521
564	-14.872	2.751	10.521
568	-14.872	2.751	3.833
570	-14.872	2.751	3.828
577	-14.872	2.751	10.520
579	-14.872	2.751	10.520
1926	-14.738	2.715	10.525
1927	-14.738	2.714	11.555
1928	-14.738	2.715	11.555
1931	-14.738	2.714	11.555
1935	-14.738	2.714	3.869
1939	-14.738	2.714	3.693
1941	-14.738	2.714	4.584
1942	-14.738	2.715	4.615
1944	-14.738	2.715	4.561
1945	-14.738	2.715	11.653
1946	-14.738	2.714	10.143
1950	-14.738	2.714	10.143
1953	-14.738	2.714	10.143
1963	-14.738	2.714	2.409
1967	-14.738	2.714	3.544
1975	-14.738	2.714	12.244
1951	-14.659	2.730	12.499
1968	-14.659	2.730	12.247
277	-13.305	0.622	12.247
278	-13.305	0.622	3.394
289	-13.305	0.622	19.453
1938	-11.456	0.304	2.752
