1934	-6.390	0.000	2.280
1932	-6.386	0.001	2.280
1929	-6.206	0.031	2.280
1930	-6.206	0.032	2.280
1933	-6.206	0.032	1.979
1937	-6.206	0.031	1.967
1940	-6.206	0.031	1.970
1943	-6.206	0.032	3.074
1947	-6.206	0.031	3.074
1958	-6.206	0.032	3.074
1961	-6.206	0.031	3.073
1962	-6.206	0.031	3.075
1964	-6.206	0.031	3.071
1936	-6.206	0.031	3.072
1948	-6.206	0.031	1.143
1949	-6.206	0.031	1.137
1952	-6.206	0.031	1.133
1955	-6.206	0.031	1.550
1960	-6.206	0.031	1.550
1965	-6.206	0.031	1.548
1966	-6.206	0.031	2.185
1956	-5.888	0.052	0.995
1969	-5.883	0.052	0.983
1972	-5.883	0.051	0.982
1976	-5.883	0.052	0.985
1977	-5.883	0.051	0.988
1978	-5.883	0.052	0.951
1984	-5.883	0.052	2.163
1957	-5.471	0.577	2.164
1959	-5.471	0.577	2.164
1954	-5.467	0.576	2.162
1971	-5.467	0.576	2.800
1980	-5.467	0.576	2.793
1981	-5.467	0.576	2.777
1982	-5.467	0.576	2.808
