1074	-12.194	0.000	19.453
1078	-12.194	0.001	19.453
1084	-12.194	0.001	19.454
1087	-12.194	0.000	3.965
1113	-12.194	0.001	3.965
1151	-12.194	0.001	3.965
1180	-12.194	0.000	19.458
1036	-12.189	0.002	3.737
1038	-12.189	0.002	6.147
1040	-12.189	0.002	19.164
1043	-12.189	0.002	19.163
1044	-12.189	0.002	19.163
1045	-12.189	0.002	19.163
1050	-12.189	0.002	19.163
1055	-12.189	0.002	18.913
1057	-12.189	0.002	19.163
1270	-12.077	0.014	19.163
1221	-12.076	0.017	8.160
1222	-12.076	0.017	8.158
1223	-12.076	0.017	8.162
1068	-12.065	0.834	2.780
1071	-12.065	0.835	9.037
1083	-12.065	0.834	18.920
1088	-12.065	0.835	12.277
1128	-12.065	0.834	2.718
1042	-12.059	0.834	2.934
1046	-12.059	0.834	2.934
1047	-12.059	0.834	8.292
1051	-12.059	0.834	2.396
1052	-12.059	0.834	2.396
1054	-12.059	0.834	2.396
1056	-12.059	0.834	2.396
1224	-11.971	0.834	4.583
1132	-11.970	0.834	4.614
1067	-11.908	0.046	17.666
1086	-11.908	0.046	17.668
1094	-11.908	0.046	3.210
1095	-11.908	0.046	17.721
1097	-11.908	0.046	17.722
1098	-11.908	0.046	17.722
1099	-11.908	0.046	19.521
1100	-11.908	0.046	7.344
1103	-11.908	0.046	26.202
1104	-11.908	0.046	9.696
1117	-11.908	0.046	9.694
1118	-11.908	0.046	26.441
1126	-11.908	0.046	7.344
1136	-11.908	0.046	19.072
1137	-11.908	0.046	19.061
1144	-11.908	0.046	19.052
1145	-11.908	0.046	19.052
1146	-11.908	0.046	19.052
1148	-11.908	0.046	19.052
1150	-11.908	0.046	19.052
1156	-11.908	0.046	19.052
1157	-11.908	0.046	19.058
1159	-11.908	0.046	19.057
1160	-11.908	0.046	18.951
1164	-11.908	0.046	19.069
1165	-11.908	0.046	11.256
1168	-11.908	0.046	9.877
1169	-11.908	0.046	11.248
1171	-11.908	0.046	18.771
1172	-11.908	0.046	18.771
1174	-11.908	0.046	9.584
1175	-11.908	0.046	9.618
1176	-11.908	0.046	12.116
1177	-11.908	0.046	12.120
1179	-11.908	0.046	26.674
1419	-11.908	0.046	10.310
1422	-11.908	0.046	19.946
1423	-11.908	0.046	9.518
1425	-11.908	0.046	10.327
1435	-11.908	0.046	10.293
1070	-11.908	0.046	18.358
1075	-11.908	0.046	26.628
1090	-11.908	0.046	8.973
1091	-11.908	0.046	8.016
1182	-11.908	0.046	8.974
1183	-11.908	0.046	6.112
1186	-11.908	0.046	6.629
1187	-11.908	0.046	8.801
1188	-11.908	0.046	8.180
1193	-11.908	0.046	4.243
1196	-11.908	0.046	4.240
1197	-11.908	0.046	4.240
1198	-11.908	0.046	4.240
1200	-11.908	0.046	4.240
1202	-11.908	0.046	4.240
1203	-11.908	0.046	4.239
1207	-11.908	0.046	4.240
1210	-11.908	0.046	4.239
1211	-11.908	0.046	4.239
1212	-11.908	0.046	4.041
1213	-11.908	0.046	4.041
1215	-11.908	0.046	4.042
1216	-11.908	0.046	4.760
1217	-11.908	0.046	4.760
1230	-11.908	0.046	4.760
1232	-11.908	0.046	4.760
1234	-11.908	0.046	4.760
1235	-11.908	0.046	4.760
1238	-11.908	0.046	4.758
1239	-11.908	0.046	3.480
1240	-11.908	0.046	3.458
1241	-11.904	0.049	3.466
1242	-11.904	0.049	3.453
1243	-11.904	0.049	3.459
1245	-11.904	0.049	3.459
1246	-11.904	0.049	3.879
1252	-11.904	0.049	3.259
1256	-11.894	0.049	3.192
1257	-11.894	0.049	3.192
1259	-11.894	0.049	3.193
1260	-11.894	0.049	3.192
1263	-11.894	0.049	3.195
1264	-11.894	0.049	4.025
1265	-11.894	0.049	4.025
1266	-11.894	0.049	4.025
1267	-11.894	0.049	4.025
1268	-11.894	0.049	4.030
1269	-11.894	0.049	4.021
1271	-11.894	0.049	0.009
1272	-11.894	0.049	0.009
1273	-11.894	0.049	0.023
1276	-11.894	0.049	0.149
1278	-11.894	0.049	3.310
1285	-11.894	0.049	11.563
1289	-11.894	0.049	11.562
1291	-11.894	0.049	11.553
1293	-11.894	0.049	11.557
1295	-11.894	0.049	11.557
1298	-11.894	0.049	11.557
1306	-11.894	0.049	11.564
1307	-11.894	0.049	4.364
1309	-11.894	0.049	10.521
1311	-11.894	0.049	10.520
1314	-11.894	0.049	10.520
1315	-11.894	0.049	10.520
1317	-11.894	0.049	3.836
1318	-11.894	0.049	3.831
1320	-11.894	0.049	10.512
1321	-11.894	0.049	10.520
1322	-11.894	0.049	10.511
1323	-11.894	0.049	11.540
1327	-11.894	0.049	11.554
1328	-11.894	0.049	11.554
1329	-11.894	0.049	10.507
1330	-11.894	0.049	3.754
1332	-11.894	0.049	4.542
1336	-11.894	0.049	4.545
1337	-11.894	0.049	4.584
1338	-11.894	0.049	4.533
1342	-11.894	0.049	10.143
1346	-11.894	0.049	10.143
1348	-11.894	0.049	10.143
1351	-11.894	0.049	10.124
1352	-11.894	0.049	3.532
1353	-11.894	0.049	3.538
1354	-11.894	0.049	12.498
1355	-11.894	0.049	12.247
1357	-11.894	0.049	12.247
1361	-11.894	0.049	13.189
1362	-11.894	0.049	19.456
1366	-11.894	0.049	19.456
1368	-11.894	0.049	19.456
1369	-11.894	0.049	19.457
1370	-11.894	0.049	3.967
1372	-11.894	0.049	3.967
1373	-11.894	0.049	3.967
1374	-11.894	0.049	19.461
1375	-11.894	0.049	3.740
1380	-11.894	0.049	9.003
1381	-11.894	0.049	19.443
1387	-11.894	0.049	19.166
1388	-11.894	0.049	19.166
1389	-11.894	0.049	19.166
1391	-11.894	0.049	19.166
1392	-11.894	0.049	18.915
1394	-11.894	0.049	19.166
1396	-11.894	0.049	19.166
1397	-11.894	0.049	19.166
1399	-11.894	0.049	19.165
1401	-11.894	0.049	8.156
1405	-11.894	0.049	2.782
1407	-11.894	0.049	19.165
1408	-11.894	0.049	18.923
1413	-11.894	0.049	18.923
1414	-11.894	0.049	2.720
1076	-11.870	0.042	26.211
1436	-11.870	0.042	9.695
1441	-11.870	0.042	9.695
1253	-11.866	0.045	26.451
1219	-11.864	0.041	11.648
1220	-11.864	0.041	19.074
1433	-11.864	0.041	19.063
1065	-11.863	0.041	19.054
1431	-11.863	0.041	19.054
1251	-11.860	0.044	19.054
1398	-11.856	0.045	19.054
1371	-11.856	0.045	19.054
1412	-11.849	0.044	19.054
1138	-11.756	0.064	4.234
1173	-11.756	0.064	4.234
1214	-11.756	0.064	4.234
1438	-11.756	0.064	4.233
1439	-11.756	0.064	4.234
1059	-11.755	0.064	4.233
1418	-11.750	0.063	4.233
1069	-11.749	0.063	4.034
1428	-11.749	0.063	4.034
1429	-11.749	0.063	4.036
1063	-11.734	0.840	3.943
1077	-11.734	0.840	4.755
1089	-11.734	0.840	4.755
1105	-11.734	0.840	4.755
1108	-11.734	0.840	4.755
1112	-11.734	0.840	4.755
1116	-11.734	0.840	4.753
1122	-11.734	0.840	3.474
1123	-11.734	0.840	3.461
1124	-11.734	0.840	3.460
1135	-11.734	0.840	3.447
1143	-11.734	0.840	3.453
1154	-11.734	0.840	3.453
1155	-11.734	0.840	3.873
1162	-11.734	0.840	3.252
1163	-11.734	0.840	3.186
1166	-11.734	0.840	3.186
1167	-11.734	0.840	3.187
1170	-11.734	0.840	3.186
1178	-11.734	0.840	3.189
1184	-11.734	0.840	4.019
1185	-11.734	0.840	4.019
1190	-11.734	0.840	4.020
1192	-11.734	0.840	4.020
1194	-11.734	0.840	4.067
1195	-11.734	0.840	4.015
1204	-11.734	0.840	0.003
1218	-11.734	0.840	0.003
1226	-11.734	0.840	0.027
1231	-11.734	0.840	0.002
1233	-11.734	0.840	2.738
1236	-11.734	0.840	11.563
1237	-11.734	0.840	11.563
1420	-11.734	0.840	11.554
1421	-11.734	0.840	11.558
1426	-11.734	0.840	11.558
1432	-11.734	0.840	11.558
1434	-11.734	0.840	11.564
1442	-11.734	0.840	4.359
1244	-11.727	0.841	10.522
1377	-11.717	0.841	5.694
1385	-11.717	0.841	10.144
1390	-11.717	0.841	10.144
1400	-11.717	0.841	6.333
1403	-11.717	0.841	3.536
1404	-11.717	0.841	12.246
1406	-11.717	0.841	12.499
1409	-11.717	0.841	12.247
1416	-11.717	0.841	12.247
1258	-11.717	0.841	12.247
1274	-11.717	0.841	19.454
1275	-11.717	0.841	19.454
1277	-11.717	0.841	19.454
1280	-11.717	0.841	19.454
1281	-11.717	0.841	3.962
1286	-11.717	0.841	3.962
1287	-11.717	0.841	3.962
1294	-11.717	0.841	19.459
1296	-11.717	0.841	6.146
1300	-11.717	0.841	3.734
1304	-11.717	0.841	6.146
1310	-11.717	0.841	19.163
1312	-11.717	0.841	19.164
1313	-11.717	0.841	19.163
1316	-11.717	0.841	19.163
1319	-11.717	0.841	8.161
1331	-11.717	0.841	8.162
1334	-11.717	0.841	19.164
1335	-11.717	0.841	19.164
1339	-11.717	0.841	8.162
1340	-11.717	0.841	8.158
1341	-11.717	0.841	8.161
1343	-11.717	0.841	6.147
1344	-11.717	0.841	18.921
1350	-11.717	0.841	18.921
1358	-11.717	0.841	2.719
1359	-11.717	0.841	2.931
1364	-11.717	0.841	2.934
1424	-11.702	0.839	2.396
1437	-11.702	0.839	3.278
1440	-11.702	0.839	8.245
1133	-11.701	0.838	3.499
1191	-11.701	0.838	25.899
1248	-11.694	0.839	25.899
1415	-11.686	0.840	1.944
1386	-11.684	0.839	2.977
1410	-11.684	0.839	3.259
1027	-11.684	0.839	18.476
1032	-11.684	0.839	17.666
1139	-11.563	0.847	11.256
1058	-11.563	0.847	18.767
1114	-11.563	0.847	9.618
1152	-11.563	0.847	11.246
1085	-11.562	1.045	18.771
1115	-11.562	1.045	11.218
1153	-11.562	1.045	26.820
1062	-11.561	0.845	12.115
1072	-11.561	0.845	6.939
1082	-11.561	0.845	26.674
1107	-11.561	0.845	6.921
1111	-11.561	0.845	19.947
1121	-11.561	0.845	9.518
1125	-11.561	0.845	10.319
1130	-11.561	0.845	9.522
1142	-11.561	0.845	19.525
1060	-11.561	1.045	18.804
1061	-11.561	1.045	8.325
1081	-11.561	1.046	8.973
1092	-11.561	1.045	8.974
1096	-11.561	1.045	19.577
1119	-11.561	1.045	6.283
1127	-11.561	1.045	7.323
1129	-11.561	1.045	10.333
1147	-11.561	1.045	2.270
1149	-11.561	1.045	2.271
1430	-11.561	1.045	2.271
1028	-11.560	1.048	2.271
1029	-11.560	1.048	2.271
1030	-11.560	1.048	2.271
1031	-11.560	1.048	2.271
1033	-11.560	1.048	2.271
1034	-11.560	1.048	2.271
1035	-11.560	1.048	2.271
1037	-11.560	1.048	1.949
1039	-11.560	1.048	1.953
1041	-11.560	1.048	1.956
1048	-11.560	1.048	1.403
1049	-11.560	1.048	2.757
1053	-11.560	1.048	2.757
1376	-11.560	1.048	2.757
1024	-11.555	1.050	2.757
1025	-11.555	1.051	2.758
1026	-11.555	1.051	2.754
1228	-11.444	0.999	0.569
1247	-11.370	1.072	0.565
1249	-11.370	1.072	0.562
1250	-11.370	1.072	0.562
1064	-11.364	1.068	0.562
1066	-11.364	1.067	1.097
1073	-11.364	1.067	0.534
1079	-11.364	1.067	0.530
1080	-11.364	1.067	0.530
1093	-11.364	1.067	0.532
1101	-11.364	1.067	0.533
1102	-11.364	1.067	0.530
1106	-11.364	1.067	2.119
1109	-11.364	1.067	2.119
1110	-11.364	1.067	2.119
1120	-11.364	1.067	2.121
1131	-11.364	1.068	2.114
1134	-11.364	1.067	3.320
1140	-11.364	1.068	3.305
1141	-11.364	1.067	3.305
1158	-11.364	1.067	3.319
1161	-11.364	1.067	3.305
1181	-11.364	1.068	0.000
1189	-11.364	1.067	11.229
1199	-11.364	1.067	11.217
1205	-11.364	1.068	11.230
1206	-11.364	1.067	11.215
1208	-11.364	1.067	11.216
1209	-11.364	1.067	11.216
1225	-11.364	1.067	11.213
1227	-11.364	1.067	2.288
1229	-11.364	1.068	10.225
1427	-11.364	1.068	10.227
1443	-11.364	1.067	10.223
1255	-11.357	1.072	10.223
1261	-11.357	1.072	10.224
1262	-11.357	1.072	2.170
1279	-11.357	1.072	2.170
1282	-11.357	1.072	10.179
1283	-11.357	1.072	10.170
1284	-11.357	1.072	11.218
1288	-11.357	1.072	11.223
1290	-11.357	1.072	11.200
1292	-11.357	1.072	10.175
1297	-11.357	1.072	2.141
1299	-11.357	1.072	2.353
1301	-11.357	1.072	2.357
1302	-11.357	1.072	2.657
1303	-11.357	1.072	2.610
1305	-11.357	1.072	9.858
1308	-11.357	1.072	10.177
1324	-11.357	1.072	9.830
1325	-11.357	1.072	10.172
1326	-11.357	1.072	4.942
1333	-11.357	1.072	11.574
1345	-11.357	1.072	11.573
1347	-11.357	1.072	11.577
1349	-11.357	1.072	11.577
1356	-11.357	1.072	11.577
1360	-11.357	1.072	20.030
1363	-11.357	1.072	20.030
1365	-11.357	1.072	20.030
1367	-11.357	1.072	20.030
1378	-11.357	1.072	2.752
1379	-11.357	1.072	2.753
1382	-11.357	1.072	2.753
1383	-11.357	1.072	4.166
1384	-11.357	1.072	2.511
1393	-11.357	1.072	2.512
1402	-11.357	1.072	20.014
1411	-11.357	1.072	19.644
1201	-11.328	1.065	19.644
1395	-11.322	1.069	19.643
1417	-11.261	1.101	19.643
1254	-10.019	1.939	19.289
