614	-10.173	0.000	19.797
631	-10.173	0.000	8.361
632	-10.173	0.000	2.636
637	-10.173	0.000	19.643
638	-10.173	0.000	19.804
639	-10.173	0.000	19.804
655	-10.173	0.000	2.666
583	-10.167	0.001	3.376
585	-10.167	0.001	2.672
586	-10.167	0.001	3.439
589	-10.167	0.001	2.653
593	-10.167	0.001	3.433
597	-10.167	0.001	3.434
602	-10.167	0.001	3.436
604	-10.167	0.001	3.424
627	-10.141	0.873	6.032
652	-10.141	0.873	24.049
990	-10.113	0.015	24.049
940	-10.110	0.015	24.049
981	-10.110	0.015	2.799
1005	-10.082	0.013	2.115
901	-10.064	0.873	2.474
904	-10.064	0.872	19.287
928	-10.016	0.058	19.889
902	-10.015	0.058	19.889
938	-9.996	0.052	18.420
966	-9.995	0.052	18.420
656	-9.991	0.870	19.891
610	-9.991	0.870	18.472
611	-9.991	0.870	18.473
615	-9.991	0.870	18.473
619	-9.991	0.870	10.456
633	-9.991	0.870	5.457
640	-9.991	0.870	24.216
642	-9.991	0.870	8.787
643	-9.991	0.870	8.787
645	-9.991	0.870	24.358
646	-9.991	0.870	5.451
649	-9.991	0.870	19.738
672	-9.991	0.870	19.727
587	-9.984	0.870	19.718
588	-9.984	0.870	19.720
590	-9.984	0.870	19.719
592	-9.984	0.870	19.719
594	-9.984	0.870	19.719
595	-9.984	0.870	19.719
598	-9.984	0.870	5.469
599	-9.984	0.870	19.724
600	-9.984	0.870	19.724
605	-9.984	0.870	19.714
606	-9.984	0.870	8.970
944	-9.953	0.872	19.012
816	-9.952	0.872	8.653
838	-9.952	0.872	11.160
898	-9.952	0.872	19.016
917	-9.914	0.870	5.130
856	-9.913	0.870	25.013
764	-9.815	0.862	25.005
854	-9.815	0.862	5.151
879	-9.815	0.862	10.981
979	-9.798	0.859	5.136
971	-9.798	0.859	6.268
