1877	-10.090	0.000	1.465
1904	-9.934	1.742	2.344
1820	-9.685	3.853	20.249
1873	-9.684	3.852	20.253
1911	-9.667	3.855	20.247
1913	-9.667	3.855	20.252
1916	-9.667	3.855	20.137
1921	-9.667	3.855	20.127
1930	-9.667	3.855	20.126
1932	-9.667	3.855	20.158
1933	-9.667	3.855	20.159
1881	-9.663	3.856	20.059
1884	-9.663	3.856	20.049
1886	-9.663	3.856	20.049
1894	-9.663	3.856	20.051
1895	-9.663	3.856	20.053
1896	-9.663	3.856	20.029
1878	-9.627	3.850	20.402
1863	-9.359	3.837	1.955
1859	-9.351	3.837	2.800
1857	-9.351	3.838	21.122
1858	-9.351	3.838	24.356
1912	-9.342	3.840	2.587
1922	-9.342	3.839	22.804
1887	-9.338	3.840	3.368
1856	-9.336	3.842	23.408
1929	-9.332	3.841	21.069
1927	-9.329	3.824	3.363
1797	-8.502	3.341	3.368
1825	-8.500	3.341	23.408
1829	-8.500	3.340	21.069
1840	-8.500	3.341	3.363
1842	-8.500	3.341	3.363
1843	-8.500	3.341	21.598
1849	-8.500	3.341	28.343
1850	-8.500	3.341	24.462
1851	-8.500	3.341	21.620
1860	-8.500	3.341	22.883
1807	-8.500	3.341	28.369
1808	-8.500	3.341	28.609
1818	-8.500	3.341	26.225
1868	-8.500	3.341	23.226
1874	-8.500	3.341	3.138
1813	-8.500	3.354	23.097
1838	-8.499	3.333	19.410
1811	-8.448	3.334	19.401
1796	-8.443	3.310	20.429
1828	-8.442	3.310	21.299
1835	-8.442	3.310	19.127
1814	-8.442	3.310	20.246
1809	-8.441	3.310	20.211
1817	-8.441	3.310	20.267
1806	-8.440	3.304	20.075
1804	-8.436	3.333	22.118
1890	-8.428	3.311	0.010
1880	-8.426	3.311	21.457
1888	-8.426	3.311	21.458
1792	-8.310	3.289	23.285
1801	-8.247	2.940	23.291
1883	-8.215	1.726	21.620
1905	-8.213	3.245	26.225
1923	-8.212	3.232	23.226
1879	-8.209	3.224	3.873
1805	-8.201	3.210	22.602
1803	-8.201	3.226	23.612
1802	-8.201	3.218	3.025
1898	-8.126	0.590	19.410
1926	-7.987	1.022	20.391
1925	-7.987	1.023	20.533
1833	-7.763	1.329	2.855
1855	-7.763	1.324	1.957
1800	-7.751	1.350	21.134
1914	-7.734	1.402	2.800
1931	-7.726	1.282	1.957
1893	-7.496	3.064	2.181
1847	-7.479	3.120	26.225
1834	-7.446	3.615	23.226
1846	-7.446	3.615	26.237
1853	-7.446	3.615	26.249
1867	-7.445	3.615	24.576
1826	-7.445	3.615	22.448
1908	-7.440	3.617	22.594
1924	-7.440	3.617	21.921
1901	-7.439	3.617	3.025
1899	-7.439	3.617	25.691
1871	-7.376	3.952	19.410
1876	-7.376	3.952	19.410
