777	-8.964	0.000	20.392
829	-8.960	0.001	20.023
264	-8.958	0.005	20.027
512	-8.952	0.092	20.028
589	-8.949	0.006	20.028
716	-8.932	0.025	20.028
1458	-8.921	0.045	19.705
1447	-8.895	0.060	20.429
1574	-8.895	0.060	20.429
1373	-8.870	0.075	20.026
1356	-8.861	0.080	21.298
1456	-8.860	0.039	19.127
1387	-8.859	0.072	20.245
1390	-8.859	0.039	20.610
1413	-8.859	0.039	20.244
1579	-8.859	0.038	20.387
1515	-8.858	0.069	20.075
1392	-8.854	0.050	20.074
1361	-8.820	0.078	21.383
1370	-8.820	0.078	22.116
1472	-8.820	0.078	22.118
1473	-8.820	0.078	22.118
1494	-8.637	1.539	2.868
310	-8.584	1.542	1.955
1582	-8.571	1.534	2.800
1353	-8.518	1.532	2.583
1506	-8.516	1.531	2.900
1383	-8.516	1.531	23.291
1421	-8.488	1.189	19.469
1511	-8.488	1.189	19.454
1399	-8.413	1.179	1.467
1424	-8.413	1.179	1.463
1466	-8.413	1.179	1.465
1502	-8.413	1.179	1.465
1514	-8.413	1.179	1.465
1542	-8.413	1.179	2.346
1546	-8.413	1.179	1.461
1547	-8.413	1.179	1.461
1571	-8.413	1.179	20.454
1354	-8.397	1.537	2.344
1357	-8.395	1.537	19.545
1416	-8.295	2.598	21.111
1483	-8.295	2.598	23.301
1485	-8.295	2.598	21.132
1468	-8.094	2.660	19.430
1401	-8.093	2.660	19.424
1417	-8.093	2.660	20.249
1364	-8.093	2.660	20.249
1492	-8.093	2.660	20.249
1533	-8.093	2.660	20.249
1549	-8.092	2.658	20.247
1462	-8.072	2.662	20.114
1459	-8.071	2.661	20.137
1384	-8.069	2.661	20.127
1407	-8.069	2.661	20.127
1522	-8.069	2.661	20.128
1469	-8.069	2.659	20.127
1376	-8.068	2.661	20.152
1535	-8.068	2.661	20.157
241	-8.054	2.604	20.049
388	-8.054	2.604	20.049
450	-8.054	2.604	20.050
304	-8.053	2.604	20.055
311	-8.053	2.604	19.423
330	-8.053	2.604	19.423
337	-8.053	2.604	19.423
341	-8.053	2.604	19.422
1478	-8.026	2.602	19.477
1578	-8.017	2.603	19.452
1372	-7.995	2.602	20.404
1374	-7.995	2.602	20.402
1393	-7.995	2.602	20.533
1355	-7.978	2.604	20.028
1360	-7.978	2.604	20.028
1500	-7.960	2.605	20.028
1583	-7.958	2.611	19.392
1564	-7.958	2.611	20.031
1412	-7.929	2.610	20.028
1366	-7.905	2.611	20.430
1526	-7.896	2.603	20.429
1389	-7.896	2.604	21.299
1388	-7.866	2.602	20.075
1402	-7.866	2.602	20.076
1405	-7.802	2.732	22.352
1381	-7.802	2.732	19.548
792	-7.786	2.773	20.156
1454	-7.666	2.601	22.513
1470	-7.665	2.598	23.285
1573	-7.665	2.598	23.283
1536	-7.664	2.595	24.912
1443	-7.664	2.599	2.558
1541	-7.664	2.598	2.580
1555	-7.664	2.599	2.587
1520	-7.664	2.598	2.587
1403	-7.664	2.600	2.587
1481	-7.662	2.602	2.587
1529	-7.662	2.608	2.587
1463	-7.660	2.604	2.587
1431	-7.654	2.589	2.583
1551	-7.643	2.633	2.899
1418	-6.614	2.427	20.031
1585	-6.614	2.427	20.031
1559	-6.573	3.517	20.024
1414	-6.528	3.519	20.430
1420	-6.528	3.519	20.429
1438	-6.528	3.519	20.429
1448	-6.528	3.519	20.019
1476	-6.528	3.519	19.128
1497	-6.528	3.519	20.245
1508	-6.528	3.519	20.267
1525	-6.528	3.519	20.272
1545	-6.528	3.519	22.135
