1023	-8.843	0.000	20.076
1014	-8.843	0.002	21.285
1024	-8.692	1.829	21.825
736	-8.596	1.982	1.955
950	-8.595	1.982	2.831
723	-8.581	1.982	2.800
727	-8.543	2.141	20.818
971	-8.543	2.142	24.350
1040	-8.541	2.141	20.396
982	-8.541	2.141	2.558
998	-8.541	2.141	2.580
1037	-8.541	2.142	2.587
1018	-8.541	2.141	2.587
1022	-8.541	2.142	2.587
1068	-8.537	1.838	2.582
867	-8.534	1.838	2.587
956	-8.534	1.839	22.805
835	-8.499	1.944	21.725
836	-8.499	1.941	24.576
843	-8.499	1.941	24.577
846	-8.499	1.941	24.575
1049	-8.499	1.941	22.116
1052	-8.499	1.941	22.227
1058	-8.499	1.938	22.187
1060	-8.499	1.940	26.220
1062	-8.499	1.941	19.409
1067	-8.499	1.940	19.410
1070	-8.499	1.941	19.410
1065	-8.499	1.946	19.410
859	-8.499	1.957	19.410
755	-8.498	1.941	19.410
756	-8.498	1.941	19.410
770	-8.498	1.941	19.411
796	-8.498	1.941	19.409
802	-8.498	1.937	19.432
860	-8.498	1.962	19.427
937	-8.497	1.941	20.249
882	-8.496	1.943	20.249
880	-8.496	1.939	20.247
872	-8.496	1.936	20.249
749	-8.496	1.942	20.114
751	-8.496	1.942	20.137
879	-8.496	1.942	20.127
890	-8.496	1.942	20.127
793	-8.496	1.942	20.160
827	-8.496	1.942	20.127
938	-8.496	1.934	20.152
949	-8.496	1.942	20.157
769	-8.495	1.940	20.049
873	-8.495	1.957	20.049
914	-8.495	1.942	20.051
918	-8.495	1.942	20.047
928	-8.495	1.942	20.055
962	-8.495	1.942	19.423
921	-8.495	1.941	19.422
940	-8.495	1.949	19.423
898	-8.494	1.950	19.422
960	-8.494	1.968	19.475
602	-8.483	1.940	19.477
598	-8.483	1.941	19.452
601	-8.483	1.941	19.453
605	-8.483	1.940	20.403
608	-8.483	1.940	20.404
635	-8.482	1.941	20.402
636	-8.482	1.941	20.410
713	-8.482	1.941	20.391
627	-8.481	1.941	20.391
599	-8.479	1.961	20.027
654	-8.446	1.852	19.393
1063	-8.445	1.851	20.031
620	-8.444	1.852	20.031
652	-8.442	1.853	20.353
606	-8.442	1.853	20.429
597	-8.442	1.853	20.429
613	-8.441	1.852	20.610
595	-8.436	3.455	20.074
603	-8.436	3.455	20.076
607	-8.436	3.455	21.285
656	-8.436	3.454	20.991
700	-8.436	3.454	22.116
711	-8.436	3.455	22.118
610	-8.435	3.455	22.118
768	-8.435	3.453	20.394
807	-8.435	3.453	0.000
934	-8.435	3.453	0.000
819	-8.434	1.936	0.000
823	-8.434	1.936	0.001
824	-8.434	1.936	20.489
696	-8.431	3.455	20.489
638	-8.430	1.858	20.489
632	-8.413	0.197	20.456
611	-8.413	0.189	19.586
732	-8.407	3.472	20.456
927	-8.400	1.852	25.279
991	-8.396	1.948	22.352
957	-8.392	3.440	19.918
650	-8.384	1.937	19.919
801	-8.371	3.447	20.147
639	-8.364	1.938	20.157
648	-8.361	1.947	20.156
742	-8.351	3.438	19.936
616	-8.349	2.167	21.281
901	-8.348	3.446	21.022
903	-8.345	1.916	21.825
764	-8.342	1.885	21.825
1048	-8.341	1.915	21.825
959	-8.337	1.915	2.859
747	-8.337	1.767	2.855
871	-8.334	1.914	1.957
726	-8.331	1.913	2.825
970	-8.323	2.167	24.356
815	-8.276	1.933	2.580
932	-8.274	1.937	2.588
737	-8.272	1.922	2.587
910	-8.272	1.942	2.587
923	-8.272	1.935	2.577
593	-8.268	1.933	2.587
594	-8.268	1.933	22.805
634	-8.267	1.933	2.583
662	-8.266	1.942	2.583
612	-8.261	1.908	2.750
697	-8.238	0.321	21.078
1047	-8.217	0.322	28.341
797	-8.216	0.322	24.462
820	-8.214	1.929	22.883
948	-8.214	0.322	28.368
958	-8.214	0.322	2.181
596	-8.204	0.323	23.097
600	-8.204	0.323	22.647
604	-8.204	0.322	24.576
841	-8.202	1.919	24.577
806	-8.199	1.936	25.693
618	-8.172	1.930	26.219
986	-8.167	0.329	19.409
943	-8.116	1.904	19.410
1010	-8.101	2.775	19.442
1034	-8.064	2.894	20.083
615	-8.053	2.926	20.051
1032	-8.050	2.932	19.279
1025	-8.041	2.967	19.469
980	-8.034	2.968	19.454
1007	-8.009	3.104	19.454
913	-8.009	2.255	20.758
1027	-7.991	2.091	20.391
1001	-7.989	2.087	20.391
978	-7.902	3.011	20.429
781	-7.863	3.064	21.285
1006	-7.835	3.958	1.461
969	-7.759	2.723	2.831
1005	-7.748	2.724	2.800
1028	-7.747	2.720	29.608
977	-7.640	3.976	2.538
1019	-7.598	2.064	21.061
996	-7.507	2.196	20.930
995	-7.506	2.153	28.351
1012	-7.506	2.171	2.186
900	-7.387	2.790	25.238
811	-7.381	3.928	19.409
952	-7.381	3.928	19.410
822	-7.303	3.916	20.249
972	-7.254	2.805	20.247
1071	-7.236	2.797	20.127
850	-7.236	2.808	20.127
766	-7.235	2.803	20.130
759	-7.235	2.802	20.128
919	-7.234	2.803	20.152
905	-7.234	2.803	20.157
997	-7.043	2.969	20.049
1003	-7.043	2.969	20.049
1013	-7.043	2.969	20.051
1011	-6.931	2.974	20.051
1017	-6.931	2.974	20.055
1026	-6.931	2.974	19.423
1035	-6.931	2.974	19.423
1002	-6.931	2.974	19.423
848	-6.760	3.066	19.422
1051	-6.759	3.066	19.278
899	-6.756	3.066	19.467
909	-6.736	2.958	19.453
765	-6.713	2.960	19.465
1066	-6.713	2.960	19.451
916	-6.712	2.960	20.765
929	-6.712	2.960	20.404
874	-6.712	2.960	20.402
897	-6.712	2.960	20.409
887	-6.705	3.668	20.391
920	-6.704	3.668	20.391
902	-6.703	3.669	20.391
888	-6.660	2.960	20.407
875	-6.660	2.960	20.387
870	-6.657	2.029	20.027
944	-6.657	2.028	20.028
782	-6.656	2.028	20.028
876	-6.655	2.022	20.028
951	-6.627	3.083	19.400
886	-6.616	2.963	19.393
983	-6.525	2.029	20.075
1020	-6.522	2.017	20.075
