1778	-6.379	0.000	9.772
1801	-6.379	0.001	9.772
1858	-6.379	0.000	8.821
1877	-6.379	0.000	8.839
1900	-6.379	0.000	8.837
1787	-6.334	0.008	10.224
1792	-6.334	0.008	10.224
1793	-6.334	0.008	10.224
1818	-6.334	0.008	3.344
1819	-6.334	0.008	19.936
1822	-6.334	0.008	19.936
1837	-6.334	0.008	19.936
1855	-6.334	0.008	1.882
1893	-6.334	0.008	1.882
1902	-6.334	0.008	1.882
1804	-6.145	0.031	0.716
1805	-6.145	0.031	1.714
1791	-6.144	0.031	1.737
1925	-6.144	0.031	1.736
1926	-6.144	0.031	1.741
1887	-6.085	0.029	3.818
1783	-6.084	0.029	2.237
1785	-6.084	0.029	4.753
1788	-6.084	0.029	10.952
1789	-6.084	0.029	10.954
1790	-6.084	0.029	10.954
1794	-6.084	0.029	10.954
1802	-6.084	0.029	1.064
1811	-6.084	0.029	20.153
1812	-6.084	0.029	20.153
1813	-6.084	0.029	20.153
1826	-6.084	0.029	20.154
1827	-6.084	0.029	3.041
1828	-6.084	0.029	3.041
1838	-6.084	0.029	3.040
1839	-6.084	0.029	20.159
1840	-6.084	0.029	4.971
1844	-6.084	0.029	4.970
1848	-6.084	0.029	19.806
1861	-6.084	0.029	19.808
1868	-6.084	0.029	19.807
1909	-6.084	0.029	19.807
1913	-6.084	0.029	19.807
1921	-6.084	0.029	19.600
1922	-6.084	0.029	19.808
1798	-6.054	0.036	26.698
1799	-6.054	0.036	9.957
1800	-6.054	0.036	8.090
1872	-6.054	0.036	9.948
1874	-6.054	0.036	19.229
1810	-6.046	0.030	27.093
1842	-6.046	0.030	27.002
1843	-6.046	0.030	11.332
1769	-6.046	0.031	20.430
1772	-6.046	0.031	9.506
1882	-5.890	0.055	3.760
1883	-5.890	0.056	3.761
1851	-5.889	0.056	3.427
1903	-5.889	0.056	3.380
1904	-5.889	0.056	3.381
1905	-5.889	0.056	3.381
1906	-5.889	0.056	3.385
1889	-5.843	0.055	3.382
1890	-5.843	0.055	3.425
1879	-5.843	0.055	3.425
1880	-5.843	0.055	3.423
1885	-5.843	0.055	3.422
1899	-5.843	0.055	3.444
1814	-5.842	0.055	2.392
1820	-5.842	0.055	2.393
1825	-5.842	0.055	2.392
1832	-5.842	0.055	2.394
1836	-5.842	0.055	2.394
1847	-5.842	0.055	3.681
1849	-5.842	0.055	10.343
1856	-5.842	0.055	10.343
1857	-5.842	0.055	10.420
1859	-5.842	0.055	10.338
1860	-5.842	0.055	10.338
1863	-5.842	0.055	10.338
1864	-5.842	0.055	10.420
1865	-5.842	0.055	3.683
1866	-5.842	0.055	9.363
1867	-5.842	0.055	9.362
1895	-5.842	0.055	9.362
1896	-5.842	0.055	9.362
1897	-5.842	0.055	3.150
1901	-5.842	0.055	3.149
1908	-5.842	0.055	9.396
1912	-5.842	0.055	9.396
1914	-5.842	0.055	9.366
1915	-5.842	0.055	10.320
1916	-5.842	0.055	10.319
1917	-5.842	0.055	10.319
1923	-5.842	0.055	3.630
1924	-5.842	0.055	3.218
1928	-5.842	0.055	3.536
1930	-5.842	0.055	3.558
1931	-5.842	0.055	3.519
1871	-5.824	0.060	10.391
1875	-5.824	0.060	9.060
1876	-5.824	0.059	9.060
1773	-4.547	0.789	3.592
1776	-4.547	0.789	3.592
1777	-4.547	0.789	3.592
1881	-4.546	0.789	3.592
1884	-4.546	0.789	3.592
1821	-4.545	0.788	3.591
1833	-4.545	0.788	3.592
1834	-4.545	0.788	3.592
1835	-4.545	0.788	3.591
1907	-4.545	0.788	3.646
1780	-4.545	0.788	3.652
1782	-4.545	0.788	3.646
1784	-4.545	0.788	3.708
1786	-4.545	0.788	3.708
1824	-4.545	0.788	3.708
1829	-4.545	0.788	3.708
1830	-4.545	0.788	3.707
1831	-4.545	0.788	3.708
1845	-4.545	0.788	3.707
1862	-4.545	0.788	3.583
1888	-4.545	0.789	3.566
1894	-4.545	0.788	3.566
1764	-4.512	0.781	3.563
1765	-4.512	0.781	3.563
1766	-4.512	0.781	3.758
1767	-4.512	0.781	3.759
1768	-4.512	0.781	3.430
1873	-4.511	0.780	3.378
1797	-4.510	0.780	3.379
1752	-4.502	0.789	3.380
1753	-4.502	0.789	3.383
1918	-4.095	2.648	3.380
1891	-3.988	2.657	3.422
1892	-3.988	2.657	3.422
1823	-3.987	2.657	3.421
1929	-3.987	2.657	3.420
1808	-3.979	2.666	3.441
1809	-3.979	2.666	2.392
1886	-3.884	2.679	2.394
1774	-3.884	2.679	2.392
1775	-3.884	2.679	2.393
1815	-3.883	2.680	2.394
1816	-3.883	2.680	3.681
1817	-3.883	2.680	10.343
1779	-3.882	2.680	10.343
1841	-3.882	2.680	10.345
1846	-3.882	2.680	10.338
1920	-3.882	2.680	10.338
1762	-3.876	2.688	10.338
1763	-3.876	2.688	10.344
1754	-3.867	2.686	10.335
1755	-3.867	2.686	9.363
1756	-3.867	2.686	9.362
1757	-3.867	2.686	9.362
1758	-3.867	2.686	9.362
1744	-3.799	3.064	3.147
1747	-3.799	3.064	3.147
1742	-3.716	3.853	9.396
1743	-3.716	3.853	9.396
1745	-3.716	3.853	9.348
1746	-3.716	3.853	10.320
1748	-3.716	3.853	10.319
1749	-3.716	3.853	10.319
1759	-3.698	3.900	9.381
1760	-3.698	3.900	3.213
1807	-3.698	3.900	3.533
1770	-3.697	3.897	3.555
1771	-3.697	3.897	3.550
1803	-3.697	3.897	5.224
1750	-3.631	3.930	9.060
