1488	-10.778	0.000	19.684
1517	-10.778	0.000	19.691
1502	-10.731	1.257	20.156
1518	-10.731	1.257	19.665
1519	-10.731	1.257	19.831
1460	-10.730	1.257	18.979
1507	-10.689	1.093	18.980
1508	-10.689	1.093	20.689
1512	-10.688	1.093	20.694
1427	-10.516	1.769	21.016
1465	-10.516	1.769	21.017
1501	-10.516	1.769	21.017
1503	-10.516	1.769	21.017
1506	-10.516	1.769	2.587
1521	-10.516	1.769	2.587
1522	-10.516	1.769	2.587
1467	-10.515	1.769	2.587
1468	-10.515	1.769	19.960
1531	-10.515	1.769	19.960
1535	-10.515	1.769	19.960
1540	-7.687	1.674	19.960
1526	-7.489	3.589	1.479
1458	-7.472	3.590	25.843
1455	-7.469	3.591	22.300
1542	-7.391	3.646	19.741
1524	-7.337	2.700	19.205
1469	-7.329	2.699	18.932
1492	-7.329	2.699	18.932
1472	-7.207	2.908	18.974
1440	-7.206	2.908	18.974
1448	-7.206	2.908	18.929
1464	-7.205	2.908	19.242
1462	-7.205	2.908	19.241
1438	-7.204	2.908	19.241
1453	-7.155	2.943	18.639
1483	-6.806	2.684	0.081
1477	-6.805	2.684	19.893
1494	-6.805	2.684	19.877
1528	-6.804	2.684	19.883
1539	-6.773	2.687	3.282
1541	-6.773	2.687	3.282
1473	-6.487	2.708	19.696
1476	-6.487	2.708	19.696
1478	-6.487	2.708	19.696
1500	-6.487	2.708	19.700
1436	-6.486	2.709	19.836
1437	-6.486	2.709	19.821
1452	-6.486	2.708	19.824
1449	-6.486	2.708	19.817
1457	-6.486	2.708	19.822
1515	-6.470	2.734	19.774
1520	-6.470	2.734	19.740
1435	-6.469	2.734	19.740
1461	-6.469	2.734	19.741
1474	-5.981	2.285	19.209
1536	-5.462	2.632	19.696
