1739	-16.555	0.000	19.241
1681	-16.552	0.000	19.241
1682	-16.552	0.000	18.970
1683	-16.552	0.000	18.769
1689	-16.552	0.000	20.149
1698	-16.552	0.000	19.692
1699	-16.552	0.000	19.703
1673	-16.549	0.001	18.979
1674	-16.549	0.001	18.980
1661	-16.548	0.000	18.980
1662	-16.548	0.000	20.689
1653	-16.538	0.001	19.960
1666	-16.503	0.002	19.960
1719	-16.503	0.002	20.845
1714	-16.502	0.002	19.790
1728	-16.502	0.002	19.801
1685	-16.494	0.002	21.190
1710	-16.452	0.002	2.465
1730	-16.445	0.003	2.465
1738	-16.328	0.833	2.465
1688	-16.324	0.833	2.429
1690	-16.324	0.833	2.468
1697	-16.324	0.833	2.468
1664	-16.323	0.833	19.474
1676	-16.322	0.833	19.476
1677	-16.322	0.833	19.026
1678	-16.322	0.833	2.466
1679	-16.322	0.833	2.436
1717	-16.276	0.832	19.410
1718	-16.276	0.832	19.762
1713	-16.275	0.832	22.738
1715	-16.275	0.832	22.738
1687	-16.248	1.015	0.021
1675	-16.246	1.015	21.720
1724	-16.245	1.015	0.081
1660	-16.244	1.015	1.833
1668	-16.243	0.015	19.894
1672	-16.227	0.832	19.885
1703	-16.226	0.832	3.282
1705	-16.196	1.015	23.944
1712	-16.196	1.015	22.550
1729	-16.196	1.015	22.556
1701	-16.154	0.017	19.812
1659	-16.146	1.015	23.943
1692	-16.004	0.830	18.896
1693	-16.003	1.020	18.897
1707	-16.003	1.020	18.897
1656	-16.003	0.830	18.897
1657	-16.001	1.020	18.897
1670	-15.993	0.830	18.897
1669	-15.992	1.020	18.897
1671	-15.992	1.020	18.897
1654	-8.631	3.938	18.897
1733	-8.626	3.938	18.897
1734	-8.626	3.938	18.898
