1451	-8.253	0.000	18.974
1454	-8.253	0.000	18.974
1495	-8.253	0.000	19.241
1497	-8.253	0.000	19.166
1543	-8.250	0.001	19.241
1509	-8.246	0.001	19.241
1510	-8.246	0.001	20.949
1511	-8.246	0.001	18.638
1491	-8.244	0.001	19.692
1418	-8.210	0.981	21.016
1419	-8.210	0.981	21.017
1421	-8.210	0.981	21.017
1426	-8.210	0.981	21.017
1470	-8.172	0.969	2.587
1479	-8.172	0.969	2.587
1493	-8.172	0.969	2.587
1496	-8.172	0.969	2.587
1498	-8.172	0.969	19.960
1499	-8.172	0.969	19.960
1504	-8.172	0.970	19.960
1439	-8.171	0.969	2.588
1442	-8.171	0.969	20.851
1445	-8.171	0.969	20.852
1446	-8.171	0.969	2.462
1447	-8.171	0.969	2.465
1456	-8.171	0.969	2.465
1516	-8.171	0.969	2.465
1428	-8.171	0.970	2.465
1432	-8.171	0.970	2.429
1430	-8.171	0.970	2.468
1431	-8.171	0.970	2.468
1514	-8.170	0.970	19.476
1529	-8.100	0.964	19.506
1441	-8.100	0.964	19.514
1420	-8.050	1.067	19.893
1424	-8.050	1.067	22.504
1425	-8.050	1.067	19.885
1471	-8.013	1.068	24.085
1481	-8.013	1.068	24.085
1530	-8.013	1.068	21.844
1459	-8.012	1.068	2.376
1538	-8.010	1.068	18.961
1429	-8.003	1.066	19.696
1434	-8.003	1.066	19.696
1466	-8.003	1.066	19.694
1523	-8.003	1.066	19.696
1533	-7.143	2.908	19.691
1482	-7.126	2.903	18.979
1484	-7.126	2.903	18.980
1463	-6.889	2.419	20.720
1475	-6.889	2.419	2.335
1485	-6.889	2.419	2.335
1486	-6.889	2.419	2.334
1487	-6.889	2.419	2.637
1537	-6.888	2.419	24.497
1490	-6.881	2.419	23.368
1505	-6.879	2.420	22.350
1532	-6.879	2.420	22.348
1422	-6.870	1.434	24.059
1423	-6.870	1.434	24.496
1443	-6.861	1.434	0.050
1444	-6.861	1.434	0.015
1450	-6.861	1.434	0.000
1433	-6.860	1.435	0.001
1513	-6.859	1.434	0.000
1489	-6.859	1.434	0.001
1527	-6.576	2.190	18.898
1480	-6.576	2.190	18.896
1534	-6.571	2.189	18.970
1525	-4.976	3.267	2.588
