1562	-9.523	0.000	22.738
1563	-9.523	0.000	22.738
1565	-9.523	0.000	22.737
1568	-9.523	0.000	19.845
1571	-9.523	0.000	20.405
1580	-9.523	0.000	2.156
1588	-9.523	0.000	2.155
1614	-9.523	0.000	2.392
1590	-9.522	0.000	2.639
1604	-9.522	0.000	2.637
1605	-9.522	0.000	2.362
1607	-9.522	0.000	23.929
1608	-9.522	0.000	2.637
1550	-9.519	0.001	2.335
1618	-9.489	0.004	2.335
1624	-9.489	0.004	2.334
1627	-9.489	0.004	20.678
1635	-9.489	0.004	23.930
1574	-8.828	1.331	24.444
1575	-8.828	1.331	23.930
1576	-8.828	1.331	24.500
1577	-8.828	1.331	28.340
1594	-8.827	1.331	20.385
1598	-8.827	1.331	23.924
1600	-8.827	1.331	19.807
1602	-8.827	1.331	0.050
1603	-8.827	1.331	0.014
1557	-8.825	1.332	0.000
1615	-8.823	1.048	0.000
1616	-8.804	1.333	0.000
1617	-8.804	1.333	0.010
1621	-8.804	1.333	0.000
1623	-8.804	1.333	21.809
1628	-8.804	1.333	0.021
1629	-8.804	1.333	0.021
1638	-8.802	1.333	0.960
1642	-8.802	1.333	23.970
1644	-8.802	1.333	3.284
1567	-8.740	0.514	19.885
1585	-8.740	0.514	3.282
1586	-8.740	0.514	3.282
1560	-8.706	1.039	27.965
1566	-8.706	1.039	23.990
1570	-8.706	1.039	22.613
1579	-8.706	1.039	23.781
1581	-8.706	1.039	27.991
1587	-8.706	1.039	28.354
1591	-8.705	1.039	25.843
1593	-8.705	1.039	22.300
1595	-8.705	1.039	2.022
1597	-8.705	1.039	22.182
1601	-8.705	1.039	22.550
1634	-8.702	0.516	24.085
1636	-8.702	0.516	24.085
1650	-8.702	0.516	24.083
1556	-8.702	1.039	21.388
1625	-8.682	1.040	21.321
1626	-8.682	1.040	21.312
1646	-8.682	1.040	25.714
1619	-8.682	1.040	18.896
1643	-8.652	1.332	18.897
1546	-7.648	3.488	2.429
1547	-7.648	3.488	2.468
1548	-7.648	3.488	2.468
1637	-7.570	3.384	22.738
1552	-6.545	3.834	18.968
1630	-6.499	3.829	18.964
1631	-6.499	3.829	19.696
1649	-6.324	1.989	19.065
1551	-5.901	2.793	18.931
1564	-5.888	2.825	18.932
1578	-5.888	2.825	18.932
1584	-5.888	2.825	18.932
1592	-5.888	2.825	18.892
1596	-5.888	2.825	18.885
1606	-5.888	2.825	19.237
1610	-5.888	2.825	18.974
1632	-5.885	2.826	18.969
1633	-5.885	2.826	19.242
1647	-5.885	2.826	19.241
1648	-5.885	2.826	19.241
1639	-5.884	2.826	18.966
1641	-5.884	2.826	18.639
1569	-5.880	2.804	20.150
1572	-5.880	2.804	19.712
1573	-5.880	2.804	19.700
1553	-5.880	2.804	19.300
1558	-5.880	2.804	18.979
1640	-5.876	2.806	18.979
1589	-5.788	1.918	19.304
