197	-21.684	0.000	0.000
191	-21.681	0.000	2.435
423	-21.662	0.001	18.995
14	-21.660	0.003	19.304
20	-21.660	0.003	19.302
23	-21.660	0.003	19.519
25	-21.660	0.003	19.514
27	-21.660	0.003	19.515
9	-21.658	0.003	19.514
10	-21.658	0.003	19.313
30	-21.658	0.003	20.978
31	-21.658	0.003	20.524
1	-21.655	0.003	22.738
2	-21.655	0.003	22.738
464	-21.640	0.003	22.738
444	-21.634	0.003	19.808
457	-21.624	0.003	20.405
476	-21.619	0.003	20.725
696	-21.617	0.003	2.155
513	-21.613	0.003	2.335
42	-21.612	0.003	2.639
81	-21.611	0.003	2.639
85	-21.611	0.003	2.362
527	-21.606	0.003	2.362
682	-21.601	0.003	2.637
46	-21.600	0.003	2.335
69	-21.600	0.003	2.335
70	-21.600	0.003	2.334
673	-21.599	0.003	2.333
196	-21.595	0.003	24.497
593	-21.588	0.003	23.344
603	-21.588	0.003	22.350
610	-21.588	0.003	22.350
556	-21.586	0.003	24.059
163	-21.586	0.003	24.490
165	-21.586	0.003	0.050
629	-21.585	0.003	0.014
206	-21.583	0.003	0.000
212	-21.582	0.003	0.000
801	-21.579	0.003	0.000
306	-21.576	0.003	0.001
307	-21.576	0.003	0.000
415	-21.576	0.003	0.000
424	-21.576	0.003	0.020
636	-21.576	0.003	0.021
725	-21.576	0.003	21.718
728	-21.576	0.003	0.081
292	-21.573	0.003	19.893
295	-21.573	0.003	3.284
313	-21.573	0.003	22.504
275	-21.572	0.003	19.885
402	-21.571	0.003	3.282
167	-21.571	0.003	19.850
100	-21.570	0.003	22.550
104	-21.570	0.003	27.958
781	-21.570	0.003	23.989
136	-21.567	0.003	23.773
366	-21.566	0.003	23.972
412	-21.562	0.003	1.479
648	-21.560	0.003	22.293
268	-21.560	0.003	25.846
328	-21.560	0.003	22.300
330	-21.560	0.003	1.633
281	-21.559	0.003	3.745
383	-21.556	0.003	21.832
387	-21.556	0.003	24.085
767	-21.553	0.003	24.082
57	-21.543	0.005	2.326
507	-21.536	0.001	21.312
218	-21.330	0.009	22.248
173	-21.320	0.008	25.257
140	-21.319	0.009	18.897
296	-21.311	0.008	18.898
119	-21.308	0.008	18.897
120	-21.308	0.008	18.897
53	-21.186	0.009	18.897
5	-20.815	1.079	18.897
6	-20.815	1.079	18.897
26	-20.813	1.079	18.897
32	-20.811	1.079	18.897
1146	-20.776	0.012	18.896
8	-20.764	1.080	18.972
15	-20.764	1.080	18.969
17	-20.764	1.080	18.965
28	-20.764	1.080	19.466
227	-20.759	1.080	19.696
67	-20.758	1.079	19.696
515	-20.758	1.079	19.696
52	-20.753	1.079	19.696
501	-20.751	1.079	19.696
60	-20.742	1.079	19.694
239	-20.724	1.079	19.698
207	-20.711	1.078	19.827
309	-20.709	1.078	19.821
314	-20.707	1.078	19.820
320	-20.707	1.078	19.821
101	-20.706	1.079	19.822
418	-20.705	1.078	19.805
243	-20.700	1.079	19.769
369	-20.698	1.078	19.740
232	-20.697	1.079	19.740
574	-20.694	1.078	19.739
257	-20.692	1.078	19.741
263	-20.691	1.078	19.745
267	-20.691	1.078	18.920
283	-20.691	1.078	18.919
89	-20.690	1.079	18.918
80	-20.679	1.094	18.918
109	-20.676	1.079	18.929
199	-20.668	1.079	19.066
214	-20.664	1.079	19.053
592	-20.660	1.079	19.053
144	-20.659	1.079	19.063
145	-20.659	1.079	19.051
148	-20.659	1.079	19.719
168	-20.649	1.079	19.264
96	-20.647	1.079	19.204
121	-20.647	1.079	19.375
122	-20.647	1.079	19.209
124	-20.647	1.079	19.209
125	-20.647	1.079	19.209
161	-20.640	1.094	19.228
190	-20.640	1.094	20.331
388	-20.636	1.079	18.931
389	-20.636	1.079	18.932
3	-20.625	1.080	18.932
117	-20.624	1.094	18.932
118	-20.624	1.094	18.932
98	-20.623	1.094	18.885
102	-20.623	1.094	18.886
260	-20.620	1.093	18.974
396	-20.620	1.093	18.969
127	-20.619	1.094	19.166
128	-20.619	1.094	19.145
131	-20.619	1.094	19.241
112	-20.609	1.094	18.970
460	-20.573	1.079	18.643
38	-20.513	1.094	20.149
39	-20.513	1.094	20.152
49	-20.513	1.094	19.703
50	-20.513	1.094	19.669
54	-20.513	1.094	19.027
58	-20.513	1.094	18.979
73	-20.513	1.094	19.033
83	-20.513	1.094	18.981
370	-20.476	1.079	20.687
340	-20.474	1.079	21.016
1095	-20.314	1.082	21.016
543	-20.271	1.094	21.017
195	-20.256	1.095	21.017
141	-20.248	1.095	21.017
146	-20.248	1.095	2.587
151	-20.248	1.095	2.587
290	-20.236	1.095	2.587
311	-20.236	1.095	2.587
93	-20.236	1.095	19.960
113	-20.236	1.095	19.960
129	-20.236	1.095	19.960
150	-18.264	3.361	20.845
154	-18.264	3.361	19.790
130	-18.248	3.361	19.790
1221	-18.175	3.363	2.581
1222	-18.175	3.363	2.465
1224	-18.175	3.363	2.465
1225	-18.175	3.363	2.465
1248	-18.175	3.363	2.465
1249	-18.175	3.363	24.952
1250	-18.175	3.363	19.474
1251	-18.175	3.363	2.468
1252	-18.175	3.363	2.468
1253	-18.175	3.363	2.429
1270	-18.175	3.363	19.476
855	-18.175	3.363	19.026
252	-18.171	3.363	2.466
1300	-18.144	3.363	2.435
1304	-18.144	3.363	2.435
1305	-18.144	3.363	18.988
1241	-18.128	3.363	19.488
1245	-18.128	3.363	18.986
1256	-18.128	3.363	19.519
1263	-18.128	3.363	19.314
179	-17.982	3.162	19.514
1323	-17.909	3.373	19.514
1346	-17.909	3.373	19.516
1217	-17.893	3.164	19.506
1218	-17.893	3.164	20.614
1219	-17.893	3.164	22.738
1220	-17.893	3.164	22.738
1223	-17.893	3.164	22.738
1215	-17.893	3.163	19.656
105	-17.886	3.163	20.405
1316	-17.863	3.373	19.811
1328	-17.863	3.373	2.155
1343	-17.863	3.373	2.155
44	-17.847	3.356	2.639
68	-17.847	3.356	2.639
162	-17.845	3.164	2.362
1227	-17.838	3.164	2.362
249	-17.726	3.358	2.637
236	-17.710	3.358	2.335
271	-17.695	3.361	2.335
282	-17.695	3.361	2.334
542	-17.695	3.361	29.296
376	-17.689	3.361	24.497
201	-17.686	3.128	23.344
213	-17.686	3.128	22.350
310	-17.684	3.128	22.350
322	-17.684	3.128	24.059
538	-17.683	3.128	24.490
1315	-17.605	3.368	0.050
186	-17.604	3.130	0.014
261	-17.603	3.130	0.002
264	-17.603	3.130	0.002
347	-17.602	3.130	0.000
392	-17.602	3.130	0.001
404	-17.602	3.130	0.000
631	-17.602	3.130	0.000
1214	-17.601	3.130	24.494
716	-17.601	3.130	0.021
1271	-17.597	3.130	0.075
1285	-17.597	3.130	0.059
86	-17.591	3.130	21.595
126	-17.590	3.130	3.284
59	-17.569	3.151	22.504
1317	-17.556	3.371	19.885
1234	-17.551	3.130	3.282
1235	-17.551	3.130	23.944
1244	-17.551	3.130	22.550
1280	-17.551	3.130	22.556
1297	-17.511	3.377	23.990
1229	-17.508	3.376	19.811
1230	-17.508	3.376	23.972
1231	-17.508	3.376	23.924
1233	-17.508	3.376	25.843
1226	-17.506	3.377	25.843
1259	-17.506	3.377	22.300
1261	-17.506	3.377	24.080
1268	-17.504	3.377	1.591
1274	-17.500	3.376	21.833
1275	-17.500	3.376	24.085
1282	-17.499	3.376	21.835
22	-17.401	1.390	2.323
255	-17.386	3.156	21.389
4	-17.328	1.392	21.270
18	-17.328	1.392	25.256
221	-17.326	1.371	26.303
241	-17.288	1.388	18.898
662	-17.281	1.365	18.897
294	-17.272	1.388	18.897
181	-17.254	1.387	18.897
764	-17.233	1.388	18.897
462	-17.220	0.746	18.897
1340	-17.172	3.163	18.897
521	-17.171	0.746	18.896
237	-17.168	3.122	18.896
699	-17.167	0.745	18.969
204	-17.151	3.125	18.981
346	-17.149	3.124	19.554
570	-17.149	3.124	19.696
589	-17.148	3.124	19.696
434	-17.148	3.124	19.696
177	-17.145	3.125	19.696
178	-17.145	3.125	19.696
1255	-17.093	3.165	19.694
1258	-17.093	3.165	19.697
1260	-17.093	3.165	19.832
1272	-17.087	3.165	19.821
1289	-17.087	3.165	19.820
1239	-17.086	3.165	19.821
1293	-17.081	3.165	19.822
475	-17.050	0.747	19.774
1236	-17.048	3.389	19.740
1284	-17.046	3.389	19.739
61	-17.042	1.399	19.741
1352	-16.977	3.392	18.917
1383	-16.855	3.393	19.053
1348	-16.852	3.394	19.073
1330	-16.849	3.132	19.066
1339	-16.849	3.132	19.052
1232	-16.663	3.139	19.209
1246	-16.662	3.139	19.228
1254	-16.661	3.139	20.330
1178	-16.649	1.369	18.885
468	-16.290	3.089	19.514
566	-16.262	3.085	0.000
1242	-16.182	3.172	23.990
1335	-16.106	3.175	21.665
1098	-16.097	3.105	21.665
878	-16.083	3.105	21.674
1137	-16.066	3.106	2.323
1148	-16.065	3.106	21.389
1082	-16.050	3.106	27.373
408	-16.031	3.301	25.256
279	-16.030	3.301	26.565
1117	-15.982	3.078	18.896
587	-15.929	3.303	18.896
729	-15.929	3.303	18.969
1129	-15.890	3.318	18.983
1158	-15.889	3.318	18.993
1169	-15.889	3.318	19.696
238	-15.789	3.074	19.696
491	-15.788	3.082	19.696
663	-15.677	3.057	19.696
1115	-15.631	3.116	19.696
672	-15.557	3.316	19.694
1112	-15.554	3.107	19.806
721	-15.520	3.307	19.832
1097	-15.405	3.113	19.821
495	-15.397	3.081	19.820
1151	-15.390	3.083	19.812
1100	-15.389	3.084	19.822
1141	-15.373	3.114	19.805
439	-15.348	3.088	19.772
604	-15.315	3.080	19.751
375	-15.297	3.104	19.740
348	-15.274	3.078	19.739
720	-15.273	3.078	19.741
409	-15.270	3.078	19.745
545	-15.266	3.078	19.717
548	-15.266	3.078	18.919
564	-15.164	3.081	18.919
600	-15.162	3.080	18.918
805	-15.114	3.327	18.943
435	-15.105	3.326	18.917
285	-15.085	3.326	19.065
642	-15.023	3.329	19.053
860	-15.010	3.329	19.074
632	-15.008	3.329	19.067
1369	-14.915	3.331	19.054
1407	-14.899	3.331	20.335
1392	-14.898	3.331	19.204
21	-14.890	1.357	19.221
37	-14.890	1.357	19.209
1411	-14.886	3.331	19.209
225	-14.886	1.357	19.209
608	-14.877	1.357	19.228
343	-14.866	1.357	19.378
211	-14.862	1.357	18.931
63	-14.839	1.357	18.932
43	-14.836	1.357	18.932
51	-14.833	1.357	18.932
78	-14.833	1.357	18.932
79	-14.833	1.357	18.889
713	-14.831	1.357	18.886
499	-14.828	1.357	18.974
45	-14.818	1.357	18.973
48	-14.818	1.357	19.241
153	-14.802	1.357	19.241
99	-14.793	1.357	19.241
103	-14.793	1.357	19.136
312	-14.790	1.356	18.642
278	-14.789	1.356	20.149
342	-14.784	1.356	19.691
420	-14.779	1.357	20.164
253	-14.772	1.357	19.669
254	-14.772	1.357	20.986
286	-14.772	1.357	18.979
851	-14.768	1.357	18.979
1179	-14.745	3.609	20.782
877	-14.732	3.609	20.689
558	-14.725	1.357	20.691
1164	-14.719	3.100	21.016
12	-14.690	1.355	21.017
13	-14.690	1.355	21.017
19	-14.690	1.355	21.017
33	-14.690	1.355	2.587
1162	-14.680	3.608	2.587
458	-14.657	1.355	2.587
40	-14.633	1.355	2.587
55	-14.633	1.355	19.960
56	-14.633	1.355	19.960
71	-14.633	1.355	19.960
160	-14.592	1.355	20.845
305	-14.580	1.355	20.845
841	-14.570	3.104	19.963
641	-14.540	3.096	20.852
854	-14.497	3.600	20.369
484	-14.495	3.105	20.697
514	-14.463	1.355	2.465
349	-14.416	1.355	2.465
272	-14.416	1.355	2.465
273	-14.416	1.355	2.429
1180	-14.400	3.619	2.468
1170	-14.399	3.619	2.468
1326	-14.336	1.239	19.474
516	-13.744	1.756	19.476
509	-13.736	1.756	19.026
489	-13.734	1.756	19.018
230	-13.731	1.757	2.435
158	-13.715	1.757	2.435
599	-13.713	1.757	2.425
400	-13.712	1.757	19.004
95	-13.712	1.757	20.575
798	-13.712	1.757	18.982
344	-13.711	1.757	19.506
345	-13.711	1.757	19.515
203	-13.706	1.757	19.514
740	-13.706	1.757	19.516
769	-13.706	1.757	19.510
742	-13.705	1.757	19.740
463	-13.704	1.757	22.738
776	-13.699	1.757	22.738
454	-13.691	1.758	22.738
66	-13.687	1.758	22.740
689	-13.684	1.758	20.049
75	-13.683	1.758	20.405
76	-13.683	1.758	2.156
234	-13.678	1.758	2.155
529	-13.676	1.759	2.392
200	-13.670	1.759	2.639
192	-13.669	1.759	23.891
544	-13.664	1.759	2.362
152	-13.663	1.759	2.637
559	-13.663	1.759	2.637
561	-13.663	1.759	2.335
170	-13.661	1.759	2.335
164	-13.660	1.759	2.334
1161	-13.660	1.757	20.700
157	-13.657	1.759	24.224
189	-13.657	1.759	24.500
810	-13.656	1.759	22.350
94	-13.655	1.759	24.058
361	-13.652	1.759	24.492
362	-13.652	1.759	0.050
363	-13.652	1.759	22.348
367	-13.652	1.759	0.001
635	-13.652	1.759	0.000
581	-13.647	1.760	0.000
258	-13.646	1.760	0.000
259	-13.646	1.760	0.000
287	-13.645	1.760	0.000
288	-13.645	1.760	21.807
329	-13.644	1.760	0.021
333	-13.644	1.760	21.720
782	-13.602	3.605	0.081
557	-13.577	1.760	1.833
828	-13.568	1.760	3.284
1105	-13.527	1.759	22.504
1138	-13.522	1.759	19.885
1075	-13.482	1.759	3.282
1076	-13.482	1.759	19.852
899	-13.465	0.346	22.550
820	-13.451	3.602	22.556
842	-13.319	1.192	23.990
442	-13.309	1.819	19.778
819	-13.308	0.233	27.976
661	-13.298	1.821	23.943
1123	-13.218	1.191	25.843
1171	-13.214	1.191	25.843
1091	-13.152	1.820	22.300
1094	-13.149	1.820	25.862
1199	-13.139	1.185	24.081
1153	-13.136	1.184	22.550
712	-13.111	1.174	24.085
1090	-13.014	1.819	21.848
1206	-12.893	1.177	21.843
1092	-12.870	1.817	21.389
1205	-12.497	1.793	24.449
1207	-12.497	1.793	25.256
1119	-12.496	1.793	25.599
1154	-12.496	1.793	18.896
1174	-12.496	1.793	18.897
1185	-12.496	1.793	18.897
1053	-12.455	1.794	18.897
222	-11.671	3.486	18.897
446	-11.670	3.486	18.897
553	-11.669	3.487	18.896
7	-11.669	3.486	18.896
34	-11.669	3.486	18.969
36	-11.669	3.486	18.983
11	-11.669	3.486	18.979
16	-11.669	3.486	19.696
29	-11.669	3.486	19.696
735	-11.667	3.487	19.696
217	-11.667	3.487	19.700
640	-11.667	3.487	19.696
169	-11.666	3.487	19.694
185	-11.666	3.487	19.700
208	-11.666	3.487	19.832
749	-11.666	3.487	19.821
159	-11.665	3.487	19.820
65	-11.663	3.487	19.812
41	-11.662	3.487	19.813
74	-11.662	3.487	19.805
77	-11.662	3.487	19.030
47	-11.661	3.487	19.750
115	-11.656	3.486	19.740
116	-11.656	3.486	19.739
132	-11.655	3.486	19.741
133	-11.655	3.486	19.744
134	-11.655	3.486	19.717
137	-11.655	3.486	18.920
799	-11.654	3.488	18.919
422	-11.654	3.488	18.918
822	-11.654	3.488	18.943
88	-11.654	3.487	19.068
90	-11.654	3.487	19.065
91	-11.654	3.487	19.052
187	-11.652	3.488	19.074
233	-11.651	3.488	19.051
84	-11.649	3.488	19.052
276	-11.645	3.485	19.222
371	-11.645	3.486	19.204
240	-11.645	3.486	19.221
318	-11.645	3.486	19.230
391	-11.644	3.485	19.209
332	-11.643	3.486	19.209
1113	-11.590	3.487	19.228
438	-11.464	3.491	19.189
443	-11.459	3.491	18.928
772	-11.061	3.518	18.931
671	-11.061	3.518	18.932
804	-11.060	3.517	18.932
106	-11.048	3.518	18.932
250	-11.043	3.517	18.934
277	-11.037	3.516	18.886
624	-11.037	3.519	18.974
762	-11.035	3.516	18.973
467	-11.012	3.522	19.241
813	-11.005	3.524	19.241
193	-11.004	3.523	19.241
403	-11.003	3.522	18.930
714	-10.980	3.526	18.646
834	-10.692	3.567	18.979
229	-10.235	1.598	19.960
754	-10.161	1.804	2.588
865	-10.116	1.806	19.790
679	-10.095	1.807	20.852
1184	-10.037	1.804	20.695
1131	-10.037	1.804	20.699
1190	-10.035	1.804	2.465
1198	-10.034	1.804	2.465
1193	-10.033	1.804	2.465
1073	-10.003	1.804	2.429
339	-9.972	2.752	2.468
1175	-9.867	1.812	2.468
1176	-9.867	1.812	19.474
1186	-9.867	1.812	19.476
1042	-9.745	1.805	19.026
1195	-9.742	1.803	19.019
219	-9.726	3.810	24.968
220	-9.726	3.810	2.435
681	-9.724	3.812	2.425
802	-9.723	3.812	18.989
62	-9.715	3.812	19.302
72	-9.715	3.812	18.981
139	-9.713	3.812	19.506
87	-9.709	3.812	19.514
576	-9.702	3.812	19.514
289	-9.638	3.510	19.313
373	-9.636	3.510	19.511
166	-9.630	3.510	20.547
194	-9.630	3.510	22.738
216	-9.401	3.834	3.282
142	-9.393	3.833	23.782
143	-9.393	3.833	25.841
97	-9.390	3.833	22.300
123	-9.390	3.833	25.862
114	-9.390	3.833	25.867
727	-9.389	3.834	21.835
664	-9.384	3.835	24.085
710	-9.381	3.832	21.674
421	-9.380	3.835	21.388
485	-9.379	3.832	25.256
552	-9.378	3.832	25.598
205	-9.375	3.832	18.896
180	-9.375	3.832	18.897
171	-9.374	3.834	18.897
175	-9.374	3.832	18.897
64	-9.372	3.835	18.897
209	-9.371	3.832	18.896
368	-9.364	3.836	18.896
107	-9.364	3.832	18.896
247	-9.361	3.832	18.969
92	-9.361	3.832	18.964
111	-9.361	3.832	18.979
337	-9.355	3.833	19.696
654	-9.338	3.832	19.700
1145	-9.330	1.830	19.832
1108	-9.328	1.830	19.820
858	-9.297	3.833	18.919
873	-9.294	2.116	19.072
1078	-9.290	1.830	18.750
108	-9.225	2.868	18.932
1706	-9.143	3.835	20.851
270	-8.728	2.874	22.550
659	-8.670	3.056	18.897
669	-8.623	2.572	18.896
678	-8.522	2.347	19.696
1265	-8.455	3.934	19.821
244	-8.398	3.526	19.740
531	-8.397	3.525	19.739
1299	-8.395	3.437	19.741
1238	-8.390	3.435	19.738
1240	-8.390	3.435	19.746
455	-8.387	3.529	18.919
1034	-8.316	3.531	19.221
1257	-8.295	3.063	19.209
1267	-8.295	3.063	19.209
1286	-8.294	3.062	19.209
1287	-8.294	3.062	19.379
1288	-8.294	3.062	18.931
1273	-8.294	3.062	18.931
1277	-8.293	3.062	18.932
1278	-8.293	3.062	18.932
1279	-8.293	3.062	18.932
1283	-8.293	3.062	18.893
1311	-8.225	3.723	20.156
1312	-8.225	3.723	19.661
1313	-8.225	3.723	19.020
1262	-8.221	3.716	18.979
1341	-8.187	3.730	19.752
224	-8.170	2.862	19.474
474	-8.157	2.864	19.477
248	-8.154	2.862	24.968
705	-8.151	2.863	2.436
198	-8.148	2.529	21.251
183	-8.145	3.936	18.986
459	-8.104	2.950	19.302
494	-8.104	2.544	19.302
481	-8.099	2.952	19.514
522	-8.099	2.951	19.513
534	-8.098	2.951	19.314
536	-8.098	2.952	20.594
676	-8.097	2.544	20.529
597	-8.093	2.544	22.738
274	-8.092	2.952	22.738
351	-8.092	2.952	22.737
291	-8.091	2.952	19.842
301	-8.091	2.952	20.688
302	-8.091	2.952	2.399
304	-8.091	2.952	2.155
390	-8.091	2.952	2.153
397	-8.091	2.952	2.639
398	-8.091	2.952	20.724
565	-8.091	2.953	2.362
677	-8.090	2.952	2.355
551	-8.090	2.953	20.689
554	-8.090	2.953	2.335
384	-8.090	2.542	2.335
269	-8.089	2.952	2.335
573	-8.089	2.952	29.299
323	-8.089	2.952	23.931
405	-8.089	2.952	23.368
411	-8.089	2.952	22.350
586	-8.089	2.544	20.668
653	-8.088	2.951	24.058
377	-8.088	2.952	20.690
385	-8.088	2.952	0.050
588	-8.088	2.952	0.014
633	-8.088	2.953	0.001
717	-8.088	2.952	0.000
419	-8.088	2.544	0.000
733	-8.087	2.952	0.020
739	-8.087	2.953	0.001
174	-8.086	2.955	21.809
1409	-8.075	3.378	0.021
1337	-8.059	3.093	0.021
1378	-8.058	3.093	0.600
1298	-8.048	3.379	3.282
1152	-8.046	2.831	20.060
1243	-8.025	3.117	27.964
1266	-8.025	3.117	23.990
1324	-8.021	3.438	22.613
1363	-8.021	3.437	23.781
520	-8.020	3.480	27.991
498	-8.019	3.482	1.479
504	-8.019	3.484	25.843
469	-8.019	3.486	22.300
885	-8.015	3.489	21.839
724	-8.012	3.496	24.401
627	-8.011	3.481	25.236
577	-8.011	3.482	25.712
432	-8.010	3.476	18.896
693	-8.010	3.481	18.897
325	-8.010	3.485	18.897
374	-8.010	3.484	18.897
568	-8.010	3.484	18.897
844	-8.010	3.484	18.897
703	-8.010	3.484	18.897
746	-8.010	3.487	18.897
788	-8.010	3.489	18.898
845	-8.010	3.479	18.896
730	-8.010	3.497	18.981
883	-8.010	3.476	18.967
685	-8.005	3.481	19.696
687	-8.005	3.480	19.696
585	-8.001	3.582	19.814
1331	-8.001	3.122	19.832
811	-7.995	3.513	19.821
674	-7.991	3.514	19.821
741	-7.989	3.566	19.822
350	-7.984	3.534	19.821
876	-7.970	3.625	19.740
502	-7.963	2.350	19.741
184	-7.959	3.956	19.741
880	-7.953	3.595	19.746
881	-7.949	3.450	18.919
569	-7.941	2.210	18.764
354	-7.914	3.039	19.067
447	-7.898	3.045	19.053
428	-7.885	3.543	19.224
440	-7.879	2.994	19.221
341	-7.878	3.045	19.379
750	-7.843	3.527	18.932
526	-7.801	2.959	18.885
483	-7.790	2.964	18.974
825	-7.756	3.638	18.974
223	-7.753	2.718	18.932
743	-7.752	3.529	19.242
892	-7.749	3.049	19.241
895	-7.749	3.050	19.241
449	-7.741	2.723	20.948
655	-7.739	3.089	18.637
656	-7.739	3.089	19.692
535	-7.735	2.731	19.712
707	-7.735	3.050	19.687
626	-7.735	3.053	19.020
809	-7.734	3.053	18.979
701	-7.732	3.532	18.979
786	-7.731	3.053	18.980
744	-7.729	3.052	20.769
596	-7.723	2.723	20.697
702	-7.721	2.725	21.016
355	-7.720	2.724	21.175
796	-7.719	2.734	21.017
417	-7.719	2.724	21.017
473	-7.719	2.730	20.571
722	-7.715	2.725	2.587
546	-7.713	2.728	2.587
567	-7.712	2.727	2.587
684	-7.702	3.449	2.587
645	-7.696	3.449	19.960
766	-7.685	3.031	19.960
690	-7.668	3.124	2.465
437	-7.667	2.963	2.465
1413	-7.629	3.625	19.474
1388	-7.625	3.627	19.475
829	-7.622	2.761	24.968
300	-7.614	2.762	21.251
843	-7.583	3.022	20.499
790	-7.580	3.029	22.738
1397	-7.568	3.812	22.737
1405	-7.568	3.812	29.379
448	-7.554	3.134	2.155
452	-7.553	3.134	2.153
897	-7.553	3.133	2.639
450	-7.549	3.135	2.362
246	-7.540	3.132	20.690
319	-7.540	3.133	2.335
251	-7.539	3.132	29.295
497	-7.537	3.136	2.334
807	-7.536	3.136	2.637
840	-7.536	3.134	23.342
737	-7.535	3.135	22.350
823	-7.535	3.135	22.348
357	-7.535	3.133	24.059
358	-7.535	3.133	24.496
317	-7.534	3.133	0.050
706	-7.534	3.134	0.014
372	-7.534	3.135	0.000
625	-7.533	3.136	0.001
628	-7.533	3.136	0.000
867	-7.531	3.133	0.000
256	-7.531	3.133	0.000
335	-7.531	3.133	0.000
324	-7.530	3.133	0.021
327	-7.530	3.133	0.021
210	-7.530	3.136	0.956
427	-7.528	3.136	0.081
433	-7.528	3.136	19.893
352	-7.528	3.135	19.877
202	-7.527	3.135	19.883
436	-7.526	3.135	3.282
336	-7.526	3.135	3.282
547	-7.525	3.134	22.252
326	-7.525	3.135	27.964
262	-7.524	3.135	19.849
1347	-7.524	3.820	19.810
617	-7.515	2.373	1.499
874	-7.466	3.117	25.855
445	-7.462	3.118	25.866
451	-7.462	3.118	21.831
503	-7.459	3.118	24.085
228	-7.455	3.128	21.668
316	-7.454	3.119	21.835
401	-7.454	3.119	21.250
598	-7.453	3.118	2.376
334	-7.452	3.120	25.233
393	-7.452	3.120	24.623
582	-7.452	3.120	18.896
650	-7.452	3.120	18.897
386	-7.451	3.120	18.897
82	-7.440	3.128	18.897
827	-7.439	3.033	18.897
147	-7.430	3.130	18.897
814	-7.429	3.127	18.897
315	-7.428	3.128	18.897
297	-7.428	3.129	18.898
298	-7.428	3.129	18.897
575	-7.425	3.128	18.971
182	-7.422	3.130	18.978
441	-7.416	3.936	18.969
791	-7.411	3.315	19.696
24	-7.411	3.206	19.696
35	-7.411	3.206	19.696
605	-7.410	3.206	19.696
188	-7.409	3.206	19.696
426	-7.409	3.206	19.696
231	-7.409	3.206	19.695
378	-7.405	3.206	19.833
381	-7.405	3.206	19.821
394	-7.405	3.206	19.821
583	-7.405	3.206	19.825
708	-7.393	3.381	19.822
756	-7.390	3.365	19.746
601	-7.386	3.366	18.919
226	-7.360	3.209	18.764
517	-7.359	3.209	19.065
523	-7.359	3.209	19.051
594	-7.359	3.209	19.073
595	-7.359	3.209	19.063
416	-7.358	3.209	19.050
430	-7.357	3.209	20.330
431	-7.357	3.209	19.223
110	-7.355	3.209	19.221
353	-7.353	3.210	19.229
395	-7.353	3.210	19.209
265	-7.353	3.210	19.209
365	-7.353	3.210	19.209
1061	-7.334	3.212	18.931
770	-7.272	3.264	18.932
1069	-7.249	3.223	18.892
686	-7.174	3.259	18.962
407	-7.142	3.460	19.712
359	-7.035	3.759	21.017
907	-7.004	3.419	2.465
808	-6.947	2.948	2.429
496	-6.823	3.822	23.965
761	-5.441	3.310	19.696
