1051	-6.212	0.000	2.238
1052	-6.212	0.000	19.783
1053	-6.212	0.000	2.228
1054	-6.212	0.000	2.227
1055	-6.212	0.000	2.227
1056	-6.212	0.000	28.238
1062	-6.212	0.000	22.938
1063	-6.212	0.000	22.446
1064	-6.212	0.000	21.217
1065	-6.212	0.000	19.762
1068	-6.212	0.000	23.106
1069	-6.212	0.000	19.783
1070	-6.212	0.000	2.044
1071	-6.212	0.000	2.030
1072	-6.212	0.000	2.022
1073	-6.212	0.000	2.022
1074	-6.212	0.000	2.022
1075	-6.212	0.000	2.035
1076	-6.212	0.000	2.022
1077	-6.212	0.000	20.712
1111	-6.212	0.000	2.023
1115	-6.212	0.000	2.023
1116	-6.212	0.000	1.703
1117	-6.212	0.000	22.994
1118	-6.212	0.000	18.841
1129	-6.212	0.000	21.355
1130	-6.212	0.000	18.833
1134	-6.212	0.000	2.198
1137	-6.212	0.000	2.198
1139	-6.212	0.000	18.939
1142	-6.212	0.000	26.881
1149	-6.212	0.000	22.988
1151	-6.212	0.000	21.870
1152	-6.212	0.000	22.910
1153	-6.212	0.000	26.909
1155	-6.212	0.000	2.396
1157	-6.212	0.000	24.759
1158	-6.212	0.000	21.174
1159	-6.212	0.000	2.677
1160	-6.212	0.000	21.028
1161	-6.212	0.000	20.731
1162	-6.212	0.000	23.018
1164	-6.212	0.000	23.019
1165	-6.212	0.000	20.730
1166	-6.212	0.000	23.489
1168	-6.212	0.000	2.480
1169	-6.212	0.000	24.156
1172	-6.212	0.000	24.597
1176	-6.212	0.000	7.704
1177	-6.212	0.000	7.706
1189	-6.212	0.000	7.706
1190	-6.212	0.000	7.706
1191	-6.212	0.000	7.706
1192	-6.212	0.000	7.706
1193	-6.212	0.000	7.706
1194	-6.212	0.000	7.706
1195	-6.212	0.000	7.705
1196	-6.212	0.000	7.707
1197	-6.212	0.000	7.649
1198	-6.212	0.000	7.662
1199	-6.212	0.000	7.667
1200	-6.212	0.000	7.009
1210	-6.212	0.000	7.009
1211	-6.212	0.000	7.010
1212	-6.212	0.000	7.010
1213	-6.212	0.000	7.010
1214	-6.212	0.000	7.010
1215	-6.212	0.000	7.631
1216	-6.212	0.000	7.562
1217	-6.212	0.000	7.574
1218	-6.212	0.000	7.575
1219	-6.212	0.000	7.574
1220	-6.212	0.000	7.581
1221	-6.212	0.000	7.244
1222	-6.212	0.000	7.242
1223	-6.212	0.000	7.752
1224	-6.212	0.000	7.817
1225	-6.212	0.000	7.815
1226	-6.212	0.000	7.817
1227	-6.212	0.000	7.812
1228	-6.212	0.000	7.813
1229	-6.212	0.000	7.781
1230	-6.212	0.000	7.781
1231	-6.212	0.000	7.781
1232	-6.212	0.000	7.782
1233	-6.212	0.000	7.896
1234	-6.212	0.000	10.344
1235	-6.212	0.000	10.335
1236	-6.212	0.000	10.353
1237	-6.212	0.000	10.336
1238	-6.212	0.000	10.336
1239	-6.212	0.000	6.811
1240	-6.212	0.000	13.496
1241	-6.212	0.000	13.498
1242	-6.212	0.000	13.386
1243	-6.212	0.000	13.509
1244	-6.212	0.000	13.509
1245	-6.212	0.000	13.509
1246	-6.212	0.000	13.388
1247	-6.212	0.000	6.805
1248	-6.212	0.000	12.859
1249	-6.212	0.000	12.857
1250	-6.212	0.000	12.857
1251	-6.212	0.000	12.857
1252	-6.212	0.000	7.919
1253	-6.212	0.000	7.926
1254	-6.212	0.000	12.753
1265	-6.212	0.000	12.753
1266	-6.212	0.000	12.860
1267	-6.212	0.000	13.323
1268	-6.212	0.000	13.324
1272	-6.212	0.000	13.324
1273	-6.212	0.000	6.766
1274	-6.212	0.000	8.162
1275	-6.212	0.000	7.103
1276	-6.212	0.000	7.082
1277	-6.212	0.000	7.110
1278	-6.212	0.000	14.151
1279	-6.212	0.000	13.139
1280	-6.212	0.000	13.139
1281	-6.212	0.000	13.138
1282	-6.212	0.000	9.667
1283	-6.212	0.000	10.085
1284	-6.212	0.000	12.601
1285	-6.212	0.000	12.748
1286	-6.212	0.000	12.605
1287	-6.212	0.000	12.605
1288	-6.212	0.000	10.060
1289	-6.212	0.000	26.245
1290	-6.212	0.000	26.245
1291	-6.212	0.000	26.245
1292	-6.212	0.000	26.245
1293	-6.212	0.000	7.420
1294	-6.212	0.000	7.420
1295	-6.212	0.000	7.420
1296	-6.212	0.000	26.252
1297	-6.212	0.000	7.530
1298	-6.212	0.000	6.174
1050	-6.122	1.270	25.709
1057	-6.122	1.270	25.709
1058	-6.122	1.270	25.707
1059	-6.122	1.270	25.707
1060	-6.122	1.270	25.707
1061	-6.122	1.270	26.249
1066	-6.122	1.270	25.710
1067	-6.122	1.270	25.710
1078	-6.122	1.270	11.964
1079	-6.122	1.270	11.962
1080	-6.122	1.270	11.964
1081	-6.122	1.270	8.910
1082	-6.122	1.270	1.930
1083	-6.122	1.270	26.258
1084	-6.122	1.270	12.539
1085	-6.122	1.270	8.991
1086	-6.122	1.270	8.720
1087	-6.122	1.270	8.720
1088	-6.122	1.270	12.294
1089	-6.122	1.270	9.527
1090	-6.122	1.270	9.525
1091	-6.122	1.270	9.526
1092	-6.122	1.270	9.513
1093	-6.122	1.270	8.783
1094	-6.122	1.270	7.269
1095	-6.122	1.270	24.802
1096	-6.122	1.270	24.802
1097	-6.122	1.270	24.803
1098	-6.122	1.270	3.955
1099	-6.122	1.270	7.461
1100	-6.122	1.270	24.620
1101	-6.122	1.270	25.595
1102	-6.122	1.270	25.596
1103	-6.122	1.270	25.767
1104	-6.122	1.270	7.391
1105	-6.122	1.270	24.687
1106	-6.122	1.270	24.699
1107	-6.122	1.270	7.563
1108	-6.122	1.270	24.736
1109	-6.122	1.270	3.846
1110	-6.122	1.270	24.736
1112	-6.122	1.270	25.772
1113	-6.122	1.270	24.602
1114	-6.122	1.270	24.598
1119	-6.122	1.270	9.103
1120	-6.122	1.270	9.107
1121	-6.122	1.270	24.335
1122	-6.122	1.270	3.899
1123	-6.122	1.270	25.881
1124	-6.122	1.270	25.872
1125	-6.122	1.270	25.862
1126	-6.122	1.270	25.863
1127	-6.122	1.270	25.862
1128	-6.122	1.270	25.862
1131	-6.122	1.270	25.862
1132	-6.122	1.270	25.862
1133	-6.122	1.270	25.869
1135	-6.122	1.270	25.869
1136	-6.122	1.270	26.271
1138	-6.122	1.270	25.866
1140	-6.122	1.270	13.356
1141	-6.122	1.270	13.355
1143	-6.122	1.270	13.355
1144	-6.122	1.270	24.651
1145	-6.122	1.270	24.651
1146	-6.122	1.270	9.121
1147	-6.122	1.270	2.243
1148	-6.122	1.270	12.975
1150	-6.122	1.270	13.398
1154	-6.122	1.270	2.250
1156	-6.122	1.270	26.700
1163	-6.122	1.270	26.671
1167	-6.122	1.270	0.024
1170	-6.122	1.270	9.358
1171	-6.122	1.270	0.012
1173	-6.122	1.270	0.006
1174	-6.122	1.270	8.071
1175	-6.122	1.270	2.268
1178	-6.122	1.270	7.998
1179	-6.122	1.270	7.754
1180	-6.122	1.270	7.255
1181	-6.122	1.270	25.764
1182	-6.122	1.270	1.395
1183	-6.122	1.270	3.363
1184	-6.122	1.270	7.704
1185	-6.122	1.270	7.706
1186	-6.122	1.270	7.706
1187	-6.122	1.270	7.706
1188	-6.122	1.270	7.706
1201	-6.122	1.270	7.706
1202	-6.122	1.270	7.706
1203	-6.122	1.270	7.706
1204	-6.122	1.270	7.705
1205	-6.122	1.270	7.707
1206	-6.122	1.270	7.659
1207	-6.122	1.270	7.651
1208	-6.122	1.270	7.660
1209	-6.122	1.270	7.009
1255	-6.122	1.270	7.010
1256	-6.122	1.270	7.009
1257	-6.122	1.270	7.010
1258	-6.122	1.270	7.010
1259	-6.122	1.270	7.010
1260	-6.122	1.270	7.010
1261	-6.122	1.270	7.556
1262	-6.122	1.270	7.574
1263	-6.122	1.270	7.575
1264	-6.122	1.270	7.580
1269	-6.122	1.270	7.580
1270	-6.122	1.270	7.244
1271	-6.122	1.270	7.242
1299	-6.122	1.270	7.753
1300	-6.122	1.270	7.817
1301	-6.122	1.270	7.816
1302	-6.122	1.270	7.816
1303	-6.122	1.270	7.812
