1778	-8.936	0.000	0.000
1779	-8.936	0.000	4.849
1780	-8.936	0.000	4.849
1781	-8.936	0.000	4.848
1782	-8.936	0.000	4.848
1783	-8.936	0.000	4.848
1784	-8.936	0.000	7.895
1785	-8.936	0.000	7.894
1786	-8.936	0.000	4.759
1787	-8.936	0.000	4.757
1788	-8.936	0.000	5.417
1789	-8.936	0.000	5.435
1797	-8.936	0.000	5.228
1798	-8.936	0.000	4.760
1799	-8.936	0.000	8.187
1800	-8.936	0.000	6.990
1801	-8.936	0.000	6.986
1802	-8.936	0.000	6.824
1803	-8.936	0.000	6.878
1804	-8.936	0.000	4.649
1805	-8.936	0.000	4.949
1806	-8.936	0.000	4.636
1807	-8.936	0.000	4.946
1808	-8.936	0.000	7.558
1809	-8.936	0.000	4.479
1810	-8.936	0.000	4.478
1811	-8.936	0.000	4.480
1812	-8.936	0.000	4.480
1813	-8.936	0.000	4.480
1814	-8.936	0.000	23.226
1815	-8.936	0.000	23.226
1816	-8.936	0.000	23.226
1817	-8.936	0.000	23.226
1818	-8.936	0.000	6.906
1819	-8.936	0.000	6.905
1820	-8.936	0.000	6.905
1821	-8.936	0.000	5.333
1822	-8.936	0.000	7.168
1823	-8.936	0.000	7.167
1832	-8.936	0.000	23.207
1833	-8.936	0.000	22.762
1834	-8.936	0.000	22.761
1835	-8.936	0.000	22.760
1836	-8.936	0.000	22.760
1837	-8.936	0.000	9.439
1838	-8.936	0.000	4.436
1839	-8.936	0.000	22.765
1840	-8.936	0.000	22.765
1841	-8.936	0.000	22.723
1842	-8.936	0.000	4.436
1843	-8.936	0.000	7.903
1844	-8.936	0.000	22.761
1845	-8.936	0.000	22.735
1846	-8.936	0.000	22.735
1853	-8.936	0.000	7.961
1854	-8.936	0.000	8.034
1855	-8.936	0.000	8.004
1856	-8.936	0.000	8.049
1857	-8.936	0.000	7.377
1859	-8.936	0.000	8.049
1861	-8.936	0.000	8.049
1873	-8.936	0.000	8.049
1874	-8.936	0.000	8.054
1875	-8.936	0.000	3.851
1883	-8.936	0.000	28.155
1888	-8.936	0.000	28.155
1894	-8.936	0.000	28.155
1899	-8.936	0.000	6.961
1900	-8.936	0.000	7.919
1901	-8.936	0.000	8.177
1902	-8.936	0.000	21.823
1772	-8.917	1.013	21.825
1773	-8.917	1.013	22.838
1774	-8.917	1.013	22.838
1775	-8.917	1.013	21.135
1776	-8.917	1.013	21.136
1777	-8.917	1.013	22.839
1831	-8.917	1.013	21.182
1863	-8.917	1.013	21.183
1864	-8.917	1.013	21.183
1865	-8.917	1.013	12.109
1866	-8.917	1.013	7.789
1871	-8.917	1.013	27.963
1872	-8.917	1.013	0.712
1893	-8.917	1.013	0.712
1903	-8.917	1.013	27.724
1824	-8.881	1.000	7.785
1825	-8.881	1.000	22.328
1826	-8.881	1.000	22.313
1827	-8.881	1.000	22.299
1828	-8.881	1.000	22.302
1829	-8.881	1.000	22.300
1858	-8.881	1.000	22.300
1860	-8.881	1.000	22.300
1867	-8.881	1.000	22.300
1868	-8.881	1.000	7.751
1878	-8.881	1.000	22.310
1879	-8.881	1.000	22.321
1880	-8.881	1.000	22.306
1881	-8.881	1.000	1.963
1882	-8.881	1.000	21.501
1884	-8.881	1.000	0.744
1885	-8.881	1.000	4.617
1886	-8.881	1.000	21.507
1887	-8.881	1.000	7.168
1889	-8.881	1.000	29.158
1890	-8.881	1.000	29.144
1891	-8.881	1.000	7.197
1892	-8.881	1.000	4.644
1895	-8.881	1.000	7.183
1896	-8.881	1.000	7.622
1897	-8.881	1.000	9.350
1898	-8.881	1.000	9.349
1906	-8.881	1.000	0.000
1907	-8.881	1.000	7.802
1908	-8.881	1.000	22.057
1909	-8.881	1.000	1.976
1910	-8.881	1.000	7.801
1911	-8.881	1.000	2.272
1912	-8.881	1.000	22.485
1913	-8.881	1.000	3.533
1914	-8.881	1.000	4.020
1915	-8.881	1.000	8.609
1790	-8.552	2.108	9.131
1791	-8.552	2.108	7.661
1792	-8.552	2.108	7.661
1793	-8.552	2.108	7.661
1794	-8.552	2.108	7.661
1795	-8.552	2.108	7.661
1796	-8.552	2.108	7.662
1830	-8.552	2.108	7.662
1847	-8.552	2.108	7.662
1848	-8.552	2.108	7.663
1849	-8.552	2.108	7.662
1850	-8.552	2.108	7.614
1851	-8.552	2.108	7.605
1852	-8.552	2.108	7.220
1862	-8.552	2.108	6.964
1869	-8.552	2.108	6.964
1870	-8.552	2.108	6.964
1876	-8.552	2.108	6.965
1877	-8.552	2.108	6.965
1904	-8.552	2.108	6.965
1905	-8.552	2.108	6.966
1766	-8.549	2.108	7.516
1767	-8.549	2.107	7.528
1768	-8.549	2.108	7.535
1769	-8.549	2.107	7.534
1770	-8.549	2.108	7.534
1771	-8.549	2.107	7.197
