1005	-5.554	0.000	7.813
1006	-5.554	0.001	7.781
1007	-5.554	0.000	7.781
1008	-5.554	0.001	7.781
1014	-5.554	0.000	7.782
1045	-5.554	0.000	7.897
1046	-5.554	0.000	10.341
1049	-5.554	0.000	10.337
1009	-5.554	1.500	10.353
1025	-5.554	1.500	10.341
1027	-5.554	1.500	10.335
1033	-5.554	1.500	6.804
1041	-5.554	1.500	13.496
1047	-5.554	1.500	13.498
1048	-5.554	1.500	13.491
834	-5.535	0.029	13.509
835	-5.535	0.029	13.509
836	-5.535	0.029	13.509
837	-5.535	0.029	13.492
838	-5.535	0.029	13.510
839	-5.535	0.029	12.859
1002	-5.530	0.026	12.857
833	-5.498	0.022	12.857
925	-5.497	0.040	12.857
856	-5.492	1.498	7.919
860	-5.492	1.498	7.926
891	-5.492	1.498	12.753
893	-5.492	1.498	12.753
894	-5.492	1.498	12.847
780	-5.491	1.498	13.323
798	-5.491	1.498	13.324
800	-5.491	1.498	13.324
816	-5.491	1.498	12.749
820	-5.491	1.498	8.161
947	-5.487	1.499	7.104
949	-5.487	1.499	7.083
950	-5.487	1.499	7.076
951	-5.487	1.499	5.344
952	-5.487	1.499	13.139
953	-5.487	1.499	13.139
777	-5.473	0.023	13.138
782	-5.473	0.023	5.347
791	-5.473	0.023	10.085
801	-5.473	0.023	12.601
806	-5.473	0.023	12.748
808	-5.473	0.023	12.605
823	-5.473	0.023	12.605
831	-5.473	0.023	10.060
898	-5.435	1.992	26.245
899	-5.435	1.992	26.245
900	-5.435	1.992	26.245
901	-5.435	1.992	26.245
902	-5.435	1.992	7.420
903	-5.435	1.992	7.420
904	-5.435	1.992	7.420
905	-5.435	1.992	26.252
906	-5.435	1.992	7.530
907	-5.435	1.992	7.289
908	-5.435	1.992	26.225
909	-5.435	1.992	25.709
910	-5.435	1.992	25.707
911	-5.435	1.992	25.707
912	-5.435	1.992	25.706
913	-5.435	1.992	26.249
914	-5.435	1.992	25.710
915	-5.435	1.992	25.710
1010	-5.434	1.992	11.964
1011	-5.434	1.992	11.962
1012	-5.434	1.992	11.964
1013	-5.434	1.992	8.909
1015	-5.434	1.992	1.930
1016	-5.434	1.992	26.258
1017	-5.434	1.992	26.259
1018	-5.434	1.992	9.001
1019	-5.434	1.992	8.719
1020	-5.434	1.992	12.290
1021	-5.434	1.992	9.527
1022	-5.434	1.992	9.527
1023	-5.434	1.992	9.525
1024	-5.434	1.992	9.526
1026	-5.434	1.992	9.513
1028	-5.434	1.992	24.401
1029	-5.434	1.992	24.798
1030	-5.434	1.992	24.802
1031	-5.434	1.992	24.802
1032	-5.434	1.992	24.803
1034	-5.434	1.992	3.964
1035	-5.434	1.992	7.718
1036	-5.434	1.992	7.702
1037	-5.434	1.992	25.595
1038	-5.434	1.992	6.113
1039	-5.434	1.992	25.767
1040	-5.434	1.992	7.390
1042	-5.434	1.992	24.687
1043	-5.434	1.992	3.893
1044	-5.434	1.992	7.369
916	-5.414	1.991	24.736
917	-5.414	1.991	24.736
918	-5.414	1.991	24.736
919	-5.414	1.991	25.772
921	-5.414	1.991	3.898
922	-5.414	1.991	24.598
923	-5.414	1.991	9.103
924	-5.414	1.991	9.107
926	-5.414	1.991	24.335
930	-5.414	1.991	3.899
931	-5.414	1.991	25.881
855	-5.392	2.001	25.872
857	-5.392	2.001	25.862
886	-5.392	2.001	25.862
888	-5.392	2.001	25.862
776	-5.391	2.002	25.862
784	-5.391	2.002	25.862
787	-5.391	2.002	25.862
805	-5.391	2.002	25.869
807	-5.391	2.002	25.869
814	-5.391	2.002	4.157
819	-5.391	2.002	25.866
824	-5.391	2.002	13.356
832	-5.391	2.002	13.355
965	-5.391	2.002	13.355
966	-5.391	2.002	24.651
967	-5.391	2.002	24.651
968	-5.391	2.002	9.121
969	-5.391	2.002	9.047
971	-5.391	2.002	12.974
972	-5.391	2.002	13.491
973	-5.391	2.002	25.040
974	-5.391	2.002	0.024
975	-5.391	2.002	26.671
976	-5.391	2.002	9.370
977	-5.391	2.002	9.358
978	-5.391	2.002	0.025
979	-5.391	2.002	24.819
980	-5.391	2.002	25.587
981	-5.391	2.002	2.268
982	-5.391	2.002	8.009
983	-5.391	2.002	2.274
984	-5.391	2.002	7.254
985	-5.391	2.002	7.389
986	-5.391	2.002	9.465
987	-5.391	2.002	3.363
988	-5.391	2.002	7.704
989	-5.391	2.002	7.705
990	-5.391	2.002	7.706
991	-5.391	2.002	7.705
992	-5.391	2.002	7.705
993	-5.391	2.002	7.705
994	-5.391	2.002	7.706
1003	-5.391	2.002	7.706
1004	-5.391	2.002	7.704
954	-5.387	2.001	7.707
920	-5.160	2.081	24.604
927	-5.160	2.081	9.103
928	-5.160	2.081	9.106
929	-5.160	2.081	24.335
840	-5.156	2.083	3.899
841	-5.156	2.083	25.880
842	-5.156	2.083	25.872
843	-5.156	2.083	25.862
844	-5.156	2.083	25.862
845	-5.156	2.083	25.862
846	-5.156	2.083	25.862
847	-5.156	2.083	25.862
848	-5.156	2.083	25.862
849	-5.156	2.083	25.869
850	-5.156	2.083	25.868
851	-5.156	2.083	25.738
852	-5.156	2.083	25.866
853	-5.156	2.083	13.355
854	-5.156	2.083	9.646
858	-5.156	2.083	13.357
859	-5.156	2.083	24.650
861	-5.156	2.083	24.650
862	-5.156	2.083	9.121
863	-5.156	2.083	9.047
864	-5.156	2.083	2.238
865	-5.156	2.083	2.243
866	-5.156	2.083	25.040
867	-5.156	2.083	0.029
868	-5.156	2.083	26.672
869	-5.156	2.083	9.370
870	-5.156	2.083	0.013
871	-5.156	2.083	0.051
872	-5.156	2.083	24.812
873	-5.156	2.083	25.587
874	-5.156	2.083	2.267
875	-5.156	2.083	8.009
876	-5.156	2.083	2.274
877	-5.156	2.083	7.253
878	-5.156	2.083	7.369
879	-5.156	2.083	9.702
880	-5.156	2.083	2.827
881	-5.156	2.083	5.976
882	-5.156	2.083	5.976
883	-5.156	2.083	5.977
884	-5.156	2.083	5.977
885	-5.156	2.083	5.976
887	-5.156	2.083	5.977
889	-5.156	2.083	5.977
890	-5.156	2.083	5.977
892	-5.156	2.083	5.976
895	-5.156	2.083	5.979
896	-5.156	2.083	6.007
897	-5.156	2.083	6.008
778	-5.153	2.083	6.000
779	-5.153	2.083	5.295
781	-5.153	2.083	5.295
783	-5.153	2.083	5.295
785	-5.153	2.083	5.295
786	-5.153	2.083	5.295
788	-5.153	2.083	5.295
789	-5.153	2.083	5.297
790	-5.153	2.083	6.272
792	-5.153	2.083	6.287
793	-5.153	2.083	6.278
794	-5.153	2.083	6.292
795	-5.153	2.083	6.285
796	-5.153	2.083	6.285
797	-5.153	2.083	5.776
799	-5.153	2.083	6.468
802	-5.153	2.083	6.526
803	-5.153	2.083	6.526
804	-5.153	2.083	6.526
809	-5.153	2.083	6.527
810	-5.153	2.083	6.523
811	-5.153	2.083	6.109
812	-5.153	2.083	6.109
813	-5.153	2.083	6.110
815	-5.153	2.083	6.108
817	-5.153	2.083	6.099
818	-5.153	2.083	6.113
821	-5.153	2.083	8.969
822	-5.153	2.083	8.969
825	-5.153	2.083	8.980
826	-5.153	2.083	8.999
827	-5.153	2.083	6.417
828	-5.153	2.083	11.609
829	-5.153	2.083	11.613
830	-5.153	2.083	11.627
960	-5.153	2.083	11.621
961	-5.153	2.083	11.621
962	-5.153	2.083	11.621
963	-5.153	2.083	11.605
970	-5.153	2.083	5.301
995	-5.153	2.083	10.975
996	-5.153	2.083	10.973
997	-5.153	2.083	10.973
998	-5.153	2.083	10.973
999	-5.153	2.083	6.261
1000	-5.153	2.083	6.269
1001	-5.153	2.083	10.884
932	-5.151	2.084	10.889
933	-5.151	2.084	10.883
934	-5.151	2.084	11.654
935	-5.151	2.084	11.509
936	-5.151	2.084	11.509
937	-5.151	2.084	10.881
938	-5.151	2.084	6.396
939	-5.151	2.084	5.219
940	-5.151	2.084	5.217
941	-5.151	2.084	5.401
942	-5.151	2.084	5.445
943	-5.151	2.084	11.285
944	-5.151	2.084	11.285
945	-5.151	2.084	11.285
946	-5.151	2.084	11.273
948	-5.151	2.084	8.647
955	-5.151	2.084	8.645
956	-5.151	2.084	11.111
957	-5.151	2.084	10.960
958	-5.151	2.084	10.960
959	-5.151	2.084	11.805
964	-4.888	2.764	25.540
