1558	-5.170	0.000	13.139
1559	-5.170	0.000	13.138
1560	-5.170	0.000	13.137
1563	-5.170	0.000	9.663
1566	-5.170	0.001	12.601
1567	-5.170	0.000	12.747
1568	-5.170	0.001	12.605
1572	-5.170	0.000	12.605
1573	-5.170	0.000	10.060
1574	-5.170	0.000	26.244
1575	-5.170	0.000	26.244
1576	-5.170	0.000	26.244
1578	-5.170	0.000	26.245
1580	-5.170	0.000	7.420
1581	-5.170	0.000	7.420
1582	-5.170	0.000	7.420
1584	-5.170	0.000	26.251
1585	-5.170	0.000	6.174
1586	-5.170	0.001	7.289
1588	-5.170	0.000	7.532
1591	-5.170	0.000	25.708
1592	-5.170	0.000	25.706
1594	-5.170	0.001	25.706
1595	-5.170	0.000	25.706
1598	-5.170	0.001	26.249
1601	-5.170	0.000	25.709
1602	-5.170	0.000	25.709
1603	-5.170	0.000	25.709
1604	-5.170	0.000	11.962
1605	-5.170	0.001	11.962
1606	-5.170	0.000	8.910
1613	-5.170	0.000	1.930
1616	-5.170	0.000	26.258
1625	-5.170	0.000	8.945
1626	-5.170	0.000	9.021
1627	-5.170	0.000	8.720
1628	-5.170	0.000	8.720
1629	-5.170	0.000	9.524
1630	-5.170	0.000	9.526
1631	-5.170	0.000	9.525
1632	-5.170	0.000	9.525
1633	-5.170	0.000	9.512
1634	-5.170	0.000	6.668
1635	-5.170	0.000	7.417
1636	-5.170	0.000	24.802
1637	-5.170	0.000	24.802
1638	-5.170	0.000	24.802
1639	-5.170	0.000	6.186
1640	-5.170	0.000	24.662
1641	-5.170	0.001	9.643
1660	-5.170	0.000	25.595
1670	-5.170	0.000	6.113
1748	-5.170	0.000	25.766
1749	-5.170	0.000	4.368
1750	-5.170	0.000	24.687
1751	-5.170	0.000	24.689
1752	-5.170	0.000	7.371
1753	-5.170	0.001	24.736
1754	-5.170	0.000	24.736
1755	-5.170	0.000	24.736
1756	-5.170	0.000	25.772
1759	-5.170	0.000	3.898
