1466	-17.772	0.000	18.572
1468	-17.772	0.000	18.572
1473	-17.772	0.000	18.572
1474	-17.772	0.000	18.574
1475	-17.772	0.000	18.574
1487	-17.768	0.001	18.574
1489	-17.768	0.001	18.574
1490	-17.768	0.001	18.569
1513	-17.767	0.001	18.569
1449	-17.765	0.001	23.793
1420	-17.764	0.002	23.793
1486	-17.720	0.003	7.576
1496	-17.720	0.003	7.576
1505	-17.720	0.003	7.576
1508	-17.720	0.003	7.576
1293	-17.718	0.004	7.576
1333	-17.718	0.004	7.576
1323	-17.717	0.004	7.576
1587	-17.715	0.003	6.865
1589	-17.715	0.003	6.865
1206	-17.713	0.004	6.865
1450	-17.713	0.004	6.866
1453	-17.713	0.004	6.866
1356	-17.706	0.005	6.850
1227	-17.706	0.005	18.748
1158	-17.691	0.004	24.108
1185	-17.691	0.004	24.108
1202	-17.691	0.004	19.842
1229	-17.654	0.007	20.098
1283	-17.654	0.004	20.098
1389	-17.563	0.007	1.177
1391	-17.563	0.007	1.177
1393	-17.563	0.007	1.180
1402	-17.563	0.007	1.180
1403	-17.563	0.007	1.180
1404	-17.563	0.007	1.180
1463	-17.563	0.007	1.179
1519	-17.563	0.007	1.179
1520	-17.563	0.007	1.179
1523	-17.563	0.007	1.179
1526	-17.563	0.007	1.179
1530	-17.563	0.007	1.179
1532	-17.563	0.007	1.179
1551	-17.563	0.007	1.179
1553	-17.563	0.007	1.179
1426	-17.562	0.007	1.179
1428	-17.562	0.007	1.180
1234	-17.561	0.007	1.180
1307	-17.560	0.007	0.002
1560	-17.558	0.007	0.002
1562	-17.558	0.008	0.002
1564	-17.558	0.007	0.002
1433	-17.557	0.007	0.001
1437	-17.556	0.007	0.000
1438	-17.556	0.007	1.251
1442	-17.556	0.007	1.251
1445	-17.556	0.007	1.251
1191	-17.547	0.008	1.253
1162	-17.546	0.007	1.253
1176	-17.546	0.007	1.253
1250	-17.497	0.009	1.375
1240	-17.480	0.015	1.375
1189	-17.466	0.014	1.375
1405	-17.449	0.015	1.375
1346	-17.447	0.015	1.374
1163	-17.434	0.015	2.835
1200	-17.096	0.341	1.086
1502	-15.742	1.820	9.638
1507	-15.742	1.820	9.638
1418	-15.742	1.820	9.638
1421	-15.742	1.819	9.638
1514	-15.742	1.821	9.638
1446	-15.730	1.822	9.638
1406	-15.693	1.818	9.638
1423	-15.531	1.816	9.638
1424	-15.531	1.813	9.638
1460	-15.529	1.816	19.175
1461	-15.529	1.816	19.848
1443	-15.524	1.816	19.840
1554	-11.941	3.374	3.463
1432	-11.940	3.374	10.410
1396	-11.843	3.369	6.867
1482	-11.843	3.369	6.867
1500	-11.843	3.369	6.867
1517	-11.843	3.369	6.867
1518	-11.843	3.369	6.868
1541	-11.843	3.369	6.852
1215	-11.842	3.369	24.106
1216	-11.842	3.369	24.106
1222	-11.842	3.369	24.106
1242	-11.842	3.369	24.106
1252	-11.842	3.369	19.841
1260	-11.842	3.369	19.841
1314	-11.842	3.369	19.841
1427	-11.842	3.369	19.841
1330	-11.842	3.369	19.841
1563	-11.839	3.369	19.841
1567	-11.839	3.369	20.098
1574	-11.839	3.369	20.097
1575	-11.839	3.369	20.097
1580	-11.839	3.369	20.097
1439	-11.838	3.369	20.097
1138	-11.834	3.369	20.902
1279	-11.002	3.364	7.578
1458	-11.000	2.827	7.578
1483	-11.000	2.827	7.578
1527	-11.000	2.827	7.578
1535	-11.000	2.827	7.578
1542	-11.000	2.827	7.578
1544	-11.000	2.827	7.578
1546	-11.000	2.827	7.578
1382	-10.999	2.827	6.867
1386	-10.999	2.827	6.867
1392	-10.999	2.827	6.867
1395	-10.999	2.827	6.867
1397	-10.999	2.827	6.868
1399	-10.999	2.827	6.852
1413	-10.999	2.827	24.106
1414	-10.999	2.827	24.106
1425	-10.999	2.827	24.106
1430	-10.999	2.827	24.106
1431	-10.999	2.827	24.106
1556	-10.995	2.827	19.841
1123	-10.991	3.364	19.841
1181	-10.991	3.364	19.841
1118	-10.990	3.364	19.841
1156	-10.990	3.364	19.841
1201	-10.990	3.364	19.841
1076	-10.981	3.364	20.098
1208	-10.981	3.364	20.098
1228	-10.981	3.364	20.097
1275	-10.981	3.364	20.097
1278	-10.981	3.364	20.097
1288	-10.981	3.364	20.902
1304	-10.981	3.364	20.902
1350	-10.981	3.364	1.179
1355	-10.981	3.364	1.178
1415	-10.981	3.364	1.179
1464	-10.981	3.364	1.178
1467	-10.981	3.364	1.182
1471	-10.981	3.364	1.182
1543	-10.981	3.364	1.182
1448	-10.981	3.364	1.180
1576	-10.978	3.364	1.180
1472	-10.941	3.398	1.252
1454	-10.912	3.398	1.378
1310	-10.912	3.398	1.379
1322	-10.912	3.398	1.379
1408	-10.912	3.398	1.379
1411	-10.912	3.398	1.378
1457	-10.912	3.398	2.836
1492	-10.912	3.398	2.832
1501	-10.912	3.398	2.832
1512	-10.912	3.398	1.087
1568	-10.909	3.398	1.087
1582	-10.909	3.398	2.829
1590	-10.909	3.398	0.065
1273	-10.836	3.231	0.065
1094	-10.835	3.232	0.065
1154	-10.835	3.232	0.065
1203	-10.835	3.232	0.065
1230	-10.835	3.231	2.994
1259	-10.835	3.231	2.994
1317	-10.835	3.231	1.375
1536	-10.816	3.231	1.375
1545	-10.816	3.231	3.467
1548	-10.816	3.231	3.467
1212	-10.816	3.231	3.467
1235	-10.816	3.231	3.467
1237	-10.816	3.231	3.467
1244	-10.816	3.231	3.463
1248	-10.816	3.231	10.410
1254	-10.816	3.231	10.410
1256	-10.816	3.231	10.410
1261	-10.816	3.231	10.410
1262	-10.816	3.231	10.410
1263	-10.816	3.231	10.410
1268	-10.816	3.231	10.410
1277	-10.816	3.231	10.410
1280	-10.816	3.231	10.410
1282	-10.816	3.231	10.410
1284	-10.816	3.231	10.410
1290	-10.816	3.231	10.410
1295	-10.816	3.231	9.638
1298	-10.816	3.231	9.638
1300	-10.816	3.231	9.638
1305	-10.816	3.231	9.638
1313	-10.816	3.231	9.638
1315	-10.816	3.231	9.638
1316	-10.816	3.231	9.638
1318	-10.816	3.231	9.638
1352	-10.816	3.231	9.638
1354	-10.816	3.231	9.638
1359	-10.816	3.231	9.638
1364	-10.816	3.231	19.171
1379	-10.816	3.231	19.146
1384	-10.816	3.231	19.836
1401	-10.816	3.231	19.184
1412	-10.816	3.231	19.332
1422	-10.816	3.231	19.331
1452	-10.816	3.231	19.332
1469	-10.816	3.231	19.332
1478	-10.816	3.231	19.332
1479	-10.816	3.231	19.338
1485	-10.816	3.231	19.320
1491	-10.816	3.231	19.320
1515	-10.816	3.231	19.320
1521	-10.816	3.231	19.320
1524	-10.816	3.231	6.795
1550	-10.816	3.231	6.795
1121	-10.815	3.231	6.795
1134	-10.815	3.231	6.794
1145	-10.815	3.231	6.794
1161	-10.815	3.231	24.065
1190	-10.815	3.231	24.065
1197	-10.815	3.231	24.065
1559	-10.813	3.231	24.065
1571	-10.813	3.231	24.065
1577	-10.813	3.231	24.065
1579	-10.813	3.231	18.569
1435	-10.813	3.231	18.569
1462	-10.805	3.239	18.569
1417	-10.766	2.806	18.569
1409	-10.747	1.735	18.571
1583	-10.743	1.735	18.571
1429	-10.735	1.735	23.791
1481	-10.735	1.735	23.791
1484	-10.735	1.735	23.791
1531	-10.735	1.735	23.791
1537	-10.735	1.735	23.791
1547	-10.735	1.735	23.791
1565	-10.731	1.736	23.791
1477	-10.707	2.803	7.578
1506	-10.705	2.803	7.578
1465	-10.701	1.736	7.578
1504	-10.700	1.737	7.578
1455	-10.699	1.737	7.578
1570	-10.695	1.737	7.578
1269	-10.580	3.433	1.179
1187	-10.565	3.433	1.178
1239	-10.557	3.433	1.179
1555	-10.554	3.432	1.178
1188	-10.548	3.433	1.182
1343	-10.509	3.426	1.181
1344	-10.454	3.470	0.006
1338	-10.437	3.487	1.255
1301	-10.212	3.259	1.379
1336	-10.207	3.258	1.379
1095	-10.204	3.257	1.378
1569	-10.103	3.454	2.829
1297	-10.098	2.517	0.065
1419	-10.092	3.454	1.117
1493	-10.089	3.454	1.118
1127	-10.080	2.519	1.117
1329	-10.078	2.519	1.117
1249	-10.076	2.515	1.117
1410	-10.064	2.522	0.063
1266	-10.063	2.540	0.063
1588	-10.061	2.522	0.065
1451	-10.060	2.522	0.065
1584	-10.056	2.537	0.065
1383	-10.045	2.522	0.065
1385	-10.045	2.522	0.066
1388	-10.045	2.522	0.066
1390	-10.045	2.522	0.064
1394	-10.045	2.522	0.065
1538	-10.045	2.522	0.065
1529	-10.044	2.522	0.065
1552	-10.044	2.522	0.065
1540	-10.044	2.522	2.983
1470	-10.044	2.518	2.994
1561	-10.042	2.522	1.375
1573	-10.042	2.522	1.375
1211	-10.037	2.427	3.467
1476	-10.027	2.522	3.467
1416	-10.027	2.519	3.467
1503	-10.025	2.522	3.467
1494	-10.025	2.522	3.467
1585	-10.022	2.523	3.463
1586	-10.022	2.523	10.410
1497	-10.016	2.602	10.410
1447	-10.016	2.526	10.410
1221	-10.011	2.401	10.410
1309	-9.997	2.733	10.410
1511	-9.997	2.725	10.410
1400	-9.988	2.693	10.410
1387	-9.987	2.724	9.638
1171	-9.986	2.708	9.638
1217	-9.986	2.739	9.638
1213	-9.986	2.722	9.638
1558	-9.984	2.721	9.638
1440	-9.982	2.744	9.638
1251	-9.970	2.521	9.638
1214	-9.958	2.484	9.638
1557	-9.913	2.524	9.638
1353	-9.912	3.160	9.638
1407	-9.912	3.158	9.638
1286	-9.910	3.150	19.171
1509	-9.902	2.980	19.146
1104	-9.900	2.981	19.836
1375	-9.895	2.982	19.838
1398	-9.895	2.982	19.331
1436	-9.892	2.982	19.331
1302	-9.821	2.926	19.332
1534	-9.782	3.355	19.320
1522	-9.748	3.373	18.569
1335	-9.730	2.485	18.569
1196	-9.688	3.033	23.791
1441	-9.615	3.433	7.578
1516	-9.605	3.328	7.578
1533	-9.145	2.616	0.066
1137	-9.136	3.396	0.065
1264	-9.134	3.397	0.065
1319	-9.134	3.397	2.983
1371	-9.134	3.397	2.994
1236	-9.134	3.397	1.375
1160	-9.125	3.397	10.410
1089	-9.124	3.397	10.410
1351	-9.123	3.396	10.410
1226	-9.123	3.396	10.410
1358	-9.123	3.396	10.410
1334	-9.121	3.397	10.410
1456	-9.121	3.397	10.410
1488	-9.121	3.397	10.410
1328	-9.120	3.397	10.410
1495	-9.120	3.397	10.410
1499	-9.120	3.397	10.410
1510	-9.120	3.397	9.638
1498	-9.120	3.397	9.638
1271	-9.108	3.402	9.638
1339	-9.107	3.402	19.171
1341	-9.107	3.402	19.146
1342	-9.107	3.402	19.836
1144	-9.096	3.402	19.331
1175	-9.096	3.402	19.332
1434	-9.096	3.402	19.332
1444	-9.096	3.402	19.332
1566	-9.096	3.403	19.338
1265	-9.095	3.402	19.320
1459	-9.095	3.403	19.320
1528	-9.095	3.403	19.320
1348	-9.094	3.403	6.795
1349	-9.094	3.403	6.795
1480	-9.057	3.404	24.065
1525	-9.057	3.404	24.065
1549	-9.057	3.404	24.065
1578	-9.057	3.404	24.065
1367	-8.962	3.371	23.791
1581	-8.961	3.371	7.582
1247	-8.521	3.359	19.138
1539	-8.489	3.582	19.127
1289	-6.482	2.821	1.251
