279	-9.683	0.000	23.791
1040	-9.679	0.061	7.582
457	-9.189	0.101	1.378
545	-9.184	0.109	2.829
381	-9.164	0.124	0.065
1131	-9.130	0.130	1.375
1180	-9.129	0.131	3.467
1141	-9.128	0.126	3.467
1153	-9.128	0.141	3.467
1114	-9.126	0.142	3.467
1122	-9.125	0.055	3.463
1276	-9.100	0.152	19.332
378	-9.094	0.708	19.320
1098	-8.975	1.970	23.791
1107	-8.967	1.936	23.791
1113	-8.967	1.935	23.791
1106	-8.967	1.935	23.791
1164	-8.967	1.930	23.791
1093	-8.955	1.912	7.578
1133	-8.955	1.906	7.578
1092	-8.955	1.896	7.578
1088	-8.955	1.884	7.578
1148	-8.935	1.873	6.867
1146	-8.935	1.865	6.867
1136	-8.934	1.875	6.867
1270	-8.932	1.991	6.852
1080	-8.913	1.949	19.860
1075	-8.912	1.959	19.860
1057	-8.912	1.948	19.860
1059	-8.912	1.947	20.141
1058	-8.912	1.934	20.141
1225	-8.912	1.936	20.139
1062	-8.912	1.932	20.139
1065	-8.912	1.930	20.139
1325	-8.910	1.935	21.004
1238	-8.890	1.924	0.125
1366	-8.890	1.891	0.125
1303	-8.562	1.800	9.959
