1887	-9.736	0.000	18.569
1898	-9.726	0.047	18.571
1905	-9.694	2.380	23.791
1859	-9.692	2.378	23.791
1829	-9.692	2.379	23.791
1808	-9.580	0.942	7.578
1884	-9.566	0.912	7.578
1876	-9.566	0.884	6.867
1875	-9.565	0.986	6.867
1855	-9.564	0.982	6.867
1818	-9.564	0.982	6.867
1919	-9.562	0.973	6.868
1921	-9.562	0.976	6.852
1922	-9.562	1.003	24.106
1871	-9.534	1.008	24.106
1847	-9.479	1.056	20.902
1879	-9.479	1.055	20.902
1864	-9.479	1.060	1.178
1823	-9.479	1.059	1.179
1815	-9.478	1.056	1.178
1850	-9.478	1.051	1.182
1911	-9.476	1.059	1.182
1907	-9.426	1.697	1.180
1913	-9.426	1.698	1.180
1860	-9.423	1.695	1.180
1861	-9.423	1.696	1.180
1867	-9.423	1.696	1.180
1801	-9.422	1.692	1.180
1809	-9.397	2.069	1.180
1814	-9.392	2.069	1.180
1842	-9.392	2.070	1.181
1849	-9.392	2.069	1.181
1890	-9.392	2.070	0.005
1925	-9.370	2.383	0.006
1820	-9.250	3.064	0.006
1870	-9.250	3.064	0.006
1826	-9.250	3.063	0.000
1824	-9.250	3.062	1.252
1807	-9.249	3.063	1.252
1800	-9.248	3.063	1.255
1853	-9.221	1.667	1.255
1843	-9.220	1.668	1.378
1917	-9.190	3.059	1.379
1901	-9.190	3.057	1.379
1881	-9.188	3.057	2.964
1848	-9.188	3.057	2.832
1873	-9.188	3.056	2.832
1806	-9.187	3.059	1.087
1802	-9.187	3.057	1.087
1825	-9.174	3.579	0.066
1827	-9.174	3.580	0.065
1834	-9.174	3.580	1.117
1836	-9.174	3.579	1.118
1851	-9.174	3.580	1.117
1888	-9.174	3.580	1.117
1891	-9.174	3.580	1.117
1895	-9.174	3.580	0.063
1900	-9.173	3.579	0.063
1903	-9.173	3.580	0.063
1912	-9.173	3.579	0.065
1893	-8.991	3.565	18.569
1910	-8.989	3.565	18.571
1915	-8.707	2.471	2.556
1854	-8.700	2.470	2.556
1866	-8.700	2.472	2.556
1810	-8.618	2.992	10.737
1828	-8.548	2.975	9.959
1894	-8.548	2.975	9.959
1862	-8.360	2.296	24.470
1839	-8.304	2.789	18.405
1835	-8.304	2.791	18.405
1858	-8.304	2.791	18.405
1821	-8.304	2.791	18.405
1833	-8.304	2.790	18.400
1869	-8.304	2.790	18.400
1872	-8.304	2.790	24.232
1923	-8.118	3.417	7.472
1880	-7.844	3.254	19.860
