673	-12.376	0.000	1.180
699	-12.376	0.000	1.180
683	-12.376	0.000	1.180
940	-12.352	0.005	0.006
792	-12.350	0.003	0.006
840	-12.347	0.003	0.006
847	-12.308	0.002	1.252
851	-12.305	0.004	1.255
761	-12.285	0.138	1.255
739	-12.253	0.006	2.832
746	-12.253	0.006	2.832
817	-12.253	0.006	1.087
1018	-12.253	0.006	1.087
1025	-12.253	0.006	2.829
1031	-12.253	0.006	0.065
1029	-12.253	0.006	1.117
662	-12.212	0.012	0.063
671	-12.212	0.012	0.063
679	-12.212	0.012	0.065
680	-12.212	0.012	0.065
686	-12.212	0.012	0.065
687	-12.212	0.012	0.065
688	-12.212	0.012	0.065
694	-12.212	0.012	0.065
696	-12.212	0.012	0.065
701	-12.212	0.012	0.065
703	-12.212	0.012	0.065
726	-12.212	0.012	0.065
939	-12.188	0.012	1.365
752	-12.188	0.012	2.994
755	-12.188	0.012	2.994
756	-12.188	0.012	1.375
876	-12.188	0.012	3.467
819	-12.187	0.012	3.467
946	-12.187	0.012	3.467
793	-12.186	0.012	3.467
1027	-12.186	0.012	3.467
762	-12.184	0.012	3.463
763	-12.184	0.012	10.410
799	-12.184	0.012	10.410
800	-12.184	0.012	10.410
807	-12.184	0.012	10.410
808	-12.184	0.012	10.410
841	-12.184	0.012	10.410
843	-12.184	0.012	10.410
845	-12.184	0.012	10.410
970	-12.184	0.012	10.410
972	-12.184	0.012	10.410
977	-12.184	0.012	10.410
983	-12.184	0.012	10.410
854	-12.184	0.013	10.410
873	-12.184	0.013	9.638
906	-12.182	0.013	9.638
951	-12.182	0.013	9.638
708	-12.182	0.013	9.638
709	-12.182	0.013	9.638
777	-12.182	0.013	9.638
884	-12.181	0.012	9.638
802	-12.180	0.013	9.638
837	-12.180	0.013	9.638
731	-12.179	0.012	9.638
773	-12.179	0.012	9.638
774	-12.179	0.012	19.844
828	-12.179	0.012	19.149
993	-12.179	0.012	19.836
715	-12.178	0.012	19.184
716	-12.178	0.012	19.331
780	-12.178	0.012	19.332
813	-12.178	0.012	19.332
814	-12.178	0.012	19.332
815	-12.178	0.012	19.338
816	-12.178	0.012	19.320
830	-12.178	0.012	19.320
832	-12.178	0.012	19.320
887	-12.178	0.012	19.320
909	-12.178	0.012	6.795
924	-12.178	0.012	6.795
929	-12.178	0.012	6.795
995	-12.178	0.012	6.795
997	-12.178	0.012	6.794
1003	-12.178	0.012	6.794
812	-12.178	0.012	24.064
1008	-12.175	0.013	24.065
1009	-12.175	0.013	24.065
663	-12.154	0.015	24.065
667	-12.154	0.015	24.065
674	-12.154	0.015	24.065
681	-12.154	0.015	18.569
705	-12.154	0.015	18.568
965	-12.147	0.026	18.569
871	-12.130	0.016	18.571
947	-12.130	0.015	18.571
890	-12.128	0.016	18.571
985	-12.126	0.015	18.571
751	-12.087	0.018	20.098
942	-12.087	0.018	20.097
952	-12.087	0.017	20.097
869	-12.087	0.018	20.097
933	-12.087	0.018	20.097
885	-12.087	0.018	20.902
690	-12.078	0.020	1.180
745	-12.055	0.020	1.180
941	-12.055	0.020	1.180
753	-12.054	0.020	1.180
757	-12.054	0.020	1.181
791	-12.052	0.020	0.000
860	-12.051	0.021	1.252
798	-12.050	0.020	1.252
971	-12.050	0.020	1.255
824	-12.049	0.020	1.255
822	-12.049	0.021	1.255
786	-12.049	0.021	1.378
894	-12.049	0.021	1.379
735	-12.046	0.020	1.379
771	-12.046	0.020	1.379
996	-12.045	0.021	1.379
1000	-12.045	0.020	1.378
747	-11.997	0.024	0.063
718	-11.988	0.024	0.063
721	-11.988	0.013	0.065
725	-11.951	3.114	0.065
704	-11.951	3.114	0.065
684	-11.950	3.113	1.365
958	-11.946	3.114	2.994
804	-11.945	3.114	2.994
809	-11.945	3.114	1.375
1030	-11.945	3.113	3.467
883	-11.944	3.113	3.467
954	-11.944	3.113	3.467
911	-11.942	3.113	3.467
931	-11.942	3.113	3.467
868	-11.940	3.112	3.463
661	-11.927	3.107	10.410
665	-11.927	3.107	10.410
670	-11.927	3.107	10.410
676	-11.927	3.107	10.410
685	-11.927	3.107	10.410
695	-11.927	3.107	10.410
697	-11.927	3.107	10.410
698	-11.927	3.107	10.410
700	-11.927	3.107	10.410
702	-11.927	3.107	10.410
742	-11.922	3.107	10.410
744	-11.922	3.107	9.638
758	-11.922	3.107	9.638
943	-11.922	3.107	9.638
797	-11.921	3.107	9.638
846	-11.921	3.107	9.638
915	-11.921	3.107	9.638
975	-11.921	3.107	9.638
982	-11.921	3.107	9.638
984	-11.921	3.107	9.638
710	-11.921	3.107	9.638
711	-11.921	3.107	9.638
738	-11.921	3.107	19.844
783	-11.921	3.107	19.146
834	-11.921	3.107	19.836
861	-11.921	3.107	19.184
862	-11.921	3.107	19.331
720	-11.920	3.107	19.331
728	-11.920	3.107	19.332
768	-11.920	3.107	19.332
772	-11.920	3.107	19.338
925	-11.920	3.107	19.320
990	-11.920	3.107	19.320
992	-11.920	3.107	19.320
1004	-11.920	3.107	19.320
770	-11.920	3.107	6.795
899	-11.913	3.113	6.795
903	-11.913	3.113	6.795
790	-11.913	3.113	6.795
889	-11.913	3.113	6.794
964	-11.913	3.113	6.794
1011	-11.913	3.113	24.065
904	-11.911	3.121	24.065
743	-11.911	3.120	24.065
748	-11.911	3.120	24.065
978	-11.910	3.120	24.064
896	-11.909	3.120	24.065
888	-11.908	3.120	18.569
962	-11.908	3.120	18.569
850	-11.906	3.119	18.569
852	-11.906	3.119	18.569
853	-11.906	3.119	18.571
1006	-11.904	3.119	18.571
1017	-11.904	3.119	18.571
1032	-11.895	3.115	18.571
666	-11.892	3.115	18.566
691	-11.892	3.115	23.791
692	-11.892	3.115	23.791
724	-11.890	3.116	23.791
892	-11.887	3.115	23.791
898	-11.887	3.115	23.791
937	-11.887	3.115	7.582
713	-11.886	3.115	7.582
922	-11.886	3.115	7.578
722	-11.885	3.115	7.578
723	-11.885	3.115	7.578
729	-11.885	3.115	7.578
767	-11.885	3.115	7.578
826	-11.885	3.115	7.578
1026	-11.867	3.112	7.578
727	-11.817	2.398	20.902
778	-11.817	2.398	1.178
779	-11.817	2.398	1.178
787	-11.817	2.398	1.179
811	-11.817	2.398	1.182
886	-11.817	2.398	1.182
907	-11.817	2.398	1.182
928	-11.817	2.398	1.182
948	-11.817	2.398	1.180
961	-11.817	2.398	1.180
988	-11.817	2.398	1.180
825	-11.817	2.398	1.180
1002	-11.817	2.398	1.180
766	-11.816	2.398	1.180
864	-11.816	2.398	1.180
923	-11.816	2.398	1.180
967	-11.815	2.398	1.180
706	-11.804	2.399	1.180
1014	-11.803	2.399	1.180
919	-11.803	2.399	1.181
714	-11.740	2.401	0.006
736	-11.740	2.401	0.006
878	-11.706	2.978	1.252
998	-11.615	2.397	1.378
991	-11.615	2.397	1.379
881	-11.612	2.397	1.379
1013	-11.605	2.398	1.379
1020	-11.602	2.398	1.378
936	-11.602	2.398	2.836
960	-11.602	2.398	2.832
926	-11.552	2.400	1.117
963	-11.552	2.400	1.118
827	-11.542	2.400	0.065
789	-11.541	2.400	0.066
855	-11.539	2.400	0.066
874	-11.539	2.400	0.064
934	-11.539	2.400	0.065
953	-11.539	2.400	0.065
959	-11.539	2.400	0.065
806	-11.536	2.400	0.065
986	-11.536	2.400	2.994
987	-11.536	2.400	2.994
900	-11.532	2.400	1.375
741	-11.529	2.400	3.467
689	-11.496	2.400	3.467
750	-11.451	2.906	10.410
759	-11.451	2.906	10.410
794	-11.451	2.906	10.410
796	-11.451	2.906	10.410
839	-11.451	2.906	10.410
930	-11.391	2.909	10.410
707	-11.367	3.240	10.410
775	-11.367	3.240	10.410
893	-11.367	3.240	10.410
905	-11.367	3.240	10.410
785	-11.367	3.240	9.638
920	-11.367	3.240	9.638
764	-11.367	3.240	9.638
1028	-11.350	3.220	9.638
803	-11.315	2.907	9.638
842	-11.315	2.907	9.638
973	-11.315	2.907	9.638
820	-11.315	2.907	9.638
835	-11.315	2.907	9.638
913	-11.315	2.907	9.638
927	-11.315	2.907	9.638
810	-11.292	3.241	19.844
833	-11.292	3.241	19.146
858	-11.292	3.241	19.836
865	-11.292	3.241	19.184
916	-11.292	3.241	19.331
950	-11.292	3.241	19.332
1022	-11.292	3.241	19.332
848	-11.266	3.239	19.332
870	-11.266	3.239	19.338
872	-11.266	3.239	19.320
866	-11.265	3.239	19.320
867	-11.265	3.239	19.320
901	-11.265	3.239	19.320
1034	-11.265	3.239	19.320
795	-11.264	3.240	6.795
801	-11.264	3.240	6.795
980	-11.264	3.240	6.794
836	-11.264	3.240	6.794
1005	-11.263	3.240	24.064
1007	-11.263	3.240	24.065
1010	-11.263	3.240	24.065
1015	-11.263	3.240	24.065
1016	-11.263	3.240	24.065
989	-11.263	3.240	24.065
910	-11.257	2.910	18.569
914	-11.257	2.910	18.569
805	-11.257	2.910	18.568
957	-11.256	2.910	18.569
754	-11.255	2.910	18.568
669	-11.217	2.910	18.571
672	-11.217	2.910	18.571
675	-11.217	2.910	18.571
677	-11.217	2.910	18.571
678	-11.217	2.910	18.566
719	-11.152	2.909	23.791
730	-11.152	2.909	23.791
733	-11.152	2.909	23.791
781	-11.152	2.909	23.791
838	-11.151	2.909	23.791
749	-11.149	2.909	23.791
875	-11.149	2.909	23.791
956	-11.149	2.909	23.791
668	-11.140	2.910	7.582
849	-11.052	3.060	7.582
935	-10.965	2.234	1.180
859	-10.943	2.987	1.180
902	-10.943	2.987	1.180
1012	-10.942	2.987	1.180
955	-10.942	2.987	1.180
921	-10.942	2.987	1.180
944	-10.942	2.987	1.180
818	-10.942	2.987	1.180
918	-10.942	2.987	1.180
856	-10.942	2.987	1.181
895	-10.942	2.987	1.181
1019	-10.942	2.988	0.005
912	-10.941	2.987	0.006
932	-10.941	2.987	0.006
821	-10.941	2.987	0.006
979	-10.941	2.987	0.006
974	-10.941	2.987	0.000
829	-10.940	2.987	1.252
999	-10.940	2.987	1.255
831	-10.940	2.987	1.255
994	-10.940	2.987	1.255
732	-10.917	2.972	1.255
788	-10.884	2.986	1.117
682	-10.874	2.971	1.117
945	-10.869	2.971	1.118
938	-10.869	2.971	1.117
784	-10.869	2.970	1.117
863	-10.869	2.971	1.117
857	-10.869	2.971	0.063
891	-10.869	2.971	0.063
1021	-10.869	2.971	0.065
769	-10.868	2.971	0.065
880	-10.868	2.970	0.065
897	-10.868	2.971	0.065
908	-10.867	2.971	0.066
968	-10.867	2.971	0.066
765	-10.867	2.970	0.064
1001	-10.766	1.788	18.569
1024	-10.657	3.015	24.106
664	-10.654	1.009	24.106
966	-10.649	1.001	24.106
693	-10.646	1.006	24.106
976	-10.641	1.005	19.841
1033	-10.641	1.005	19.841
740	-10.641	1.006	19.841
734	-10.640	1.005	19.841
717	-10.639	1.006	19.841
782	-10.593	3.117	20.098
737	-10.530	3.116	1.181
844	-10.453	1.741	0.006
949	-10.451	1.742	1.252
981	-10.451	1.742	1.252
969	-10.185	2.883	2.836
877	-10.184	2.883	2.832
823	-8.890	3.521	21.004
712	-8.526	2.702	19.600
776	-8.526	2.702	19.602
882	-8.525	2.702	19.139
760	-8.480	2.709	19.127
879	-7.904	3.384	19.860
917	-7.904	3.388	19.860
