1883	-12.607	0.000	6.867
1811	-12.606	0.001	6.867
1812	-12.606	0.000	6.852
1865	-12.606	0.001	7.561
1899	-12.514	0.618	24.106
1803	-9.821	3.585	19.338
1813	-9.776	3.612	19.320
1816	-9.776	3.612	19.320
1817	-9.776	3.612	19.320
1819	-9.776	3.612	6.795
1878	-9.776	3.612	6.795
1837	-9.775	3.612	6.795
1838	-9.775	3.612	6.794
1844	-9.775	3.612	6.794
1845	-9.775	3.612	24.065
1863	-9.775	3.612	24.065
1889	-9.775	3.612	24.064
1897	-9.775	3.612	24.065
1908	-9.770	3.614	24.065
1909	-9.770	3.613	24.064
1856	-9.570	3.632	7.578
1822	-9.547	2.221	24.106
1882	-9.547	2.221	24.106
1857	-9.546	2.221	24.106
1918	-9.500	2.239	20.097
1904	-9.437	3.589	1.182
1852	-9.433	3.592	1.180
1841	-8.823	3.181	1.401
1892	-8.823	3.181	1.399
1886	-8.823	3.182	1.399
1830	-8.819	3.180	1.884
1832	-8.819	3.180	1.884
1874	-8.798	3.187	1.275
1885	-8.798	3.187	1.276
1920	-8.796	3.185	0.212
1914	-8.520	2.970	19.139
1924	-8.518	2.969	19.139
1896	-8.515	2.971	19.144
1840	-8.450	2.963	7.423
1831	-8.449	2.963	7.423
1804	-8.350	3.996	24.470
1846	-8.347	3.996	18.403
1877	-8.220	3.968	8.133
1906	-8.217	3.968	8.133
1805	-8.108	3.256	24.515
1868	-8.100	3.240	24.516
