1	-21.817	0.000	0.000
266	-21.801	0.001	0.002
591	-21.800	0.001	0.002
313	-21.800	0.001	0.002
316	-21.800	0.001	0.000
337	-21.799	0.001	0.006
405	-21.799	0.001	1.251
339	-21.799	0.001	1.251
480	-21.796	0.001	1.251
301	-21.795	0.002	1.253
303	-21.795	0.002	1.253
275	-21.795	0.002	1.253
363	-21.795	0.002	1.374
372	-21.795	0.002	1.375
416	-21.795	0.002	1.375
433	-21.795	0.002	1.375
290	-21.794	0.002	1.375
445	-21.794	0.002	1.374
447	-21.794	0.002	2.835
517	-21.791	0.002	2.835
503	-21.791	0.002	1.086
231	-21.765	0.002	1.086
218	-21.762	0.003	2.832
126	-21.759	0.002	0.062
175	-21.758	0.002	0.061
54	-21.752	0.003	1.116
536	-21.748	0.017	1.116
66	-21.748	0.003	1.115
67	-21.748	0.003	1.115
111	-21.748	0.003	1.115
20	-21.743	0.003	0.059
157	-21.740	0.003	0.059
224	-21.713	0.012	0.059
230	-21.709	0.012	0.063
84	-21.706	0.012	0.063
91	-21.706	0.012	0.063
124	-21.704	0.012	0.064
174	-21.703	0.012	0.064
172	-21.703	0.012	0.063
28	-21.703	0.012	0.064
128	-21.696	0.011	0.064
129	-21.696	0.011	0.064
179	-21.696	0.011	0.064
184	-21.696	0.011	1.361
206	-21.606	0.010	2.996
78	-21.599	0.010	2.996
234	-21.570	0.015	1.370
195	-21.560	0.015	3.469
292	-21.501	0.006	3.469
16	-21.398	0.040	3.469
46	-19.434	2.606	3.469
120	-19.434	2.606	3.469
122	-19.434	2.606	3.465
262	-18.338	2.586	10.410
264	-18.338	2.586	9.638
276	-18.337	2.586	9.638
170	-18.335	2.586	9.638
77	-18.335	2.586	9.638
117	-18.332	2.587	9.638
160	-18.296	2.587	9.638
132	-18.295	2.587	9.638
44	-18.259	2.753	9.638
47	-18.259	2.753	9.638
53	-18.259	2.753	9.638
60	-18.259	2.753	19.175
76	-18.259	2.753	19.848
101	-18.259	2.753	19.840
352	-18.118	2.586	19.841
297	-18.113	2.586	19.188
300	-18.113	2.586	19.335
369	-18.112	2.586	19.335
504	-18.088	2.586	19.335
491	-18.087	2.586	19.335
192	-18.069	2.587	19.341
311	-17.967	2.587	6.794
322	-17.967	2.587	6.794
223	-17.933	2.588	6.794
109	-17.193	2.583	2.835
384	-16.943	2.726	1.086
442	-16.942	2.726	1.086
261	-16.941	2.729	3.626
533	-16.939	2.726	0.061
1073	-16.889	1.089	1.116
1043	-16.889	1.094	1.116
1078	-16.889	1.094	1.115
1041	-16.889	1.091	1.115
258	-16.882	1.094	1.115
1083	-16.876	1.137	0.059
1056	-16.869	1.029	0.059
199	-16.860	1.095	0.059
142	-16.849	2.723	0.063
334	-16.831	2.727	0.063
605	-16.632	2.734	0.063
324	-16.630	2.734	0.064
538	-16.624	2.734	0.064
505	-16.623	2.734	0.063
535	-16.619	2.734	0.064
455	-16.520	2.735	0.064
329	-16.513	2.735	0.064
508	-16.512	2.734	0.064
469	-16.458	2.582	1.361
239	-16.434	2.729	2.996
163	-16.434	2.583	2.996
219	-16.429	2.729	1.370
523	-16.423	2.582	3.469
500	-16.422	2.582	3.469
178	-16.419	2.729	3.469
72	-16.408	2.582	3.469
216	-16.317	2.730	3.469
252	-16.211	2.745	3.465
616	-16.206	2.745	10.410
270	-16.201	2.746	10.410
1207	-16.163	1.121	10.410
1377	-16.145	2.746	10.410
253	-16.114	2.745	10.410
428	-16.105	2.746	10.410
398	-16.101	2.746	10.410
344	-16.098	2.746	10.410
544	-16.097	2.745	10.410
212	-16.095	2.734	10.410
437	-16.077	2.743	10.410
441	-16.076	2.743	10.410
1799	-16.037	2.791	10.410
379	-15.966	2.743	9.638
396	-15.417	1.123	19.841
3	-15.407	1.121	19.188
581	-15.397	1.121	19.335
10	-15.383	1.122	19.335
31	-15.378	1.122	19.335
568	-15.370	1.121	19.335
623	-15.369	1.121	19.341
627	-15.369	1.121	19.323
632	-15.369	1.121	19.323
513	-15.364	1.121	19.323
134	-15.363	1.122	19.323
136	-15.363	1.122	6.794
40	-15.362	1.122	6.794
81	-15.361	1.122	6.794
52	-15.357	1.122	6.792
460	-15.303	1.120	6.792
1772	-15.230	1.067	6.792
205	-15.158	2.458	24.067
171	-15.155	2.459	24.067
597	-14.966	1.107	18.572
1183	-14.957	1.185	18.572
22	-14.909	3.975	18.572
34	-14.873	3.975	18.574
564	-14.865	3.975	18.574
540	-14.857	3.963	23.793
1618	-14.789	2.878	20.098
1625	-14.722	2.878	1.255
23	-14.720	3.142	1.255
529	-14.697	3.909	1.087
654	-14.683	3.913	1.118
80	-14.673	3.910	1.117
1711	-14.660	2.880	1.117
17	-14.637	3.877	0.063
443	-14.327	3.893	0.065
479	-14.324	3.890	0.065
295	-14.288	2.880	0.065
280	-14.284	2.067	0.066
1036	-14.284	2.066	0.065
1051	-14.284	2.066	0.065
1209	-14.284	2.066	0.065
309	-14.283	2.066	0.065
255	-14.280	2.049	0.065
531	-14.279	2.067	0.065
530	-14.279	2.067	1.365
1231	-14.278	2.064	2.994
1255	-14.277	2.067	2.994
417	-14.276	3.827	1.375
1643	-14.250	2.879	3.467
166	-14.243	3.936	3.467
1210	-14.218	2.061	3.467
1705	-14.192	2.881	3.467
1708	-14.192	2.881	3.467
225	-14.185	3.146	3.463
332	-14.159	2.838	10.410
5	-14.123	1.557	10.410
1630	-14.095	1.996	10.410
1617	-14.087	1.996	10.410
65	-14.083	1.600	10.410
565	-13.980	3.797	10.410
26	-13.952	3.471	10.410
415	-13.939	2.822	10.410
235	-13.916	3.481	10.410
18	-13.874	3.081	10.410
36	-13.874	3.081	10.410
93	-13.874	3.081	10.410
35	-13.874	3.081	9.638
73	-13.874	3.081	9.638
1693	-13.820	2.839	9.638
1686	-13.819	2.839	9.638
2	-13.791	2.083	9.638
319	-13.790	2.086	9.638
341	-13.790	2.086	9.638
327	-13.790	2.087	9.638
355	-13.790	2.086	9.638
360	-13.790	2.087	9.638
412	-13.790	2.087	19.172
287	-13.789	2.087	19.844
289	-13.789	2.087	19.199
386	-13.789	2.087	19.838
468	-13.789	2.087	19.184
260	-13.788	2.087	19.332
578	-13.788	2.088	19.332
519	-13.785	2.087	19.332
237	-13.782	2.087	19.332
14	-13.781	2.084	19.338
9	-13.780	2.087	19.320
24	-13.779	2.084	19.320
32	-13.779	2.084	19.320
30	-13.778	2.087	19.320
161	-13.778	2.087	6.795
165	-13.778	2.087	6.795
103	-13.777	2.087	6.795
107	-13.777	2.087	6.794
131	-13.777	2.093	6.794
113	-13.776	2.087	6.794
151	-13.775	2.087	24.065
148	-13.775	2.087	24.065
158	-13.775	2.087	24.065
251	-13.772	1.501	24.065
1712	-13.689	2.889	18.573
257	-13.683	3.519	18.569
598	-13.678	3.509	18.569
1166	-13.660	2.961	18.569
1736	-13.630	2.889	18.568
502	-13.623	2.199	18.571
141	-13.610	3.484	18.571
15	-13.596	3.485	18.571
1776	-13.558	2.893	18.566
1752	-13.558	2.894	23.791
1759	-13.555	2.896	23.791
1660	-13.541	2.894	23.791
1674	-13.541	2.894	23.791
365	-13.517	2.892	23.791
1797	-13.500	2.892	23.791
325	-13.499	2.892	23.791
389	-13.497	2.826	23.791
359	-13.485	3.554	7.582
1681	-13.484	2.892	7.582
227	-13.482	3.554	7.578
228	-13.479	3.558	7.578
70	-13.470	3.555	7.578
1747	-13.443	2.896	7.578
263	-13.399	2.231	7.578
312	-13.399	2.231	7.578
314	-13.399	2.231	7.578
317	-13.399	2.231	6.867
318	-13.399	2.231	6.867
320	-13.399	2.231	6.867
338	-13.398	2.231	6.867
356	-13.398	2.231	6.867
393	-13.398	2.231	6.852
350	-13.398	2.231	6.848
426	-13.398	2.231	24.106
520	-13.397	2.231	24.106
507	-13.397	2.231	24.106
333	-13.397	2.231	24.106
575	-13.396	2.231	19.841
492	-13.396	2.231	19.841
493	-13.396	2.231	19.841
574	-13.396	2.231	19.841
286	-13.396	2.231	19.841
328	-13.396	2.231	19.841
331	-13.396	2.231	19.841
383	-13.396	2.231	20.098
291	-13.396	2.231	20.097
454	-13.395	2.231	20.097
238	-13.388	2.231	20.097
240	-13.388	2.231	20.097
99	-13.387	2.231	20.902
229	-13.387	2.231	20.902
100	-13.387	2.231	1.179
138	-13.387	2.231	1.178
217	-13.386	2.231	1.179
209	-13.385	2.231	1.182
215	-13.385	2.231	1.182
222	-13.385	2.231	1.182
187	-13.384	2.231	1.182
108	-13.382	2.231	1.180
74	-13.380	2.231	1.180
95	-13.380	2.231	1.180
582	-13.380	2.231	1.180
336	-13.380	2.231	1.180
354	-13.380	2.231	1.180
391	-13.380	2.231	1.180
403	-13.380	2.231	1.180
425	-13.380	2.231	1.180
147	-13.378	2.231	1.180
152	-13.378	2.231	1.181
277	-13.373	3.176	1.181
232	-13.370	2.231	1.181
1639	-13.370	2.231	0.006
1634	-13.370	2.231	0.006
576	-13.366	2.231	0.006
1044	-13.324	2.102	0.006
1049	-13.323	2.098	0.006
1060	-13.323	2.102	1.252
1039	-13.321	2.105	1.252
1232	-13.317	2.102	1.252
1257	-13.317	2.106	1.255
1291	-13.315	2.121	1.255
452	-13.288	3.064	1.379
401	-13.237	2.117	2.832
413	-13.225	2.118	2.832
580	-13.223	2.118	2.832
490	-13.223	2.117	1.087
245	-13.223	2.122	1.087
422	-13.222	2.118	0.065
419	-13.221	2.122	1.117
390	-13.219	2.118	1.118
368	-13.214	2.119	1.117
11	-13.214	2.118	1.117
164	-13.213	2.118	0.063
586	-13.212	2.119	0.063
149	-13.210	2.118	0.063
458	-13.207	2.120	0.065
561	-13.205	2.120	0.065
208	-13.205	2.119	0.065
555	-13.205	2.119	0.065
554	-13.205	2.120	0.065
610	-13.205	2.120	0.065
615	-13.205	2.120	0.065
624	-13.205	2.120	0.065
660	-13.205	2.120	0.065
516	-13.201	2.119	0.065
551	-13.201	2.119	1.365
649	-13.200	2.101	2.994
1085	-13.198	1.487	2.994
326	-13.192	2.150	1.375
1623	-13.180	3.145	3.467
259	-13.155	3.079	10.410
285	-13.152	3.091	10.410
127	-13.143	3.091	10.410
176	-13.143	3.091	10.410
1632	-13.094	1.481	9.638
267	-13.074	3.097	9.638
274	-13.073	3.097	9.638
288	-13.073	3.097	9.638
305	-13.073	3.097	9.638
357	-13.073	3.097	9.638
362	-13.073	3.097	9.638
370	-13.073	3.097	9.638
410	-13.073	3.097	9.638
429	-13.073	3.097	19.171
432	-13.073	3.097	19.844
1650	-13.072	2.101	19.166
243	-13.071	3.098	19.836
534	-13.070	3.098	19.184
525	-13.070	3.098	19.331
572	-13.070	3.098	19.332
220	-13.064	3.097	19.332
241	-13.064	3.097	19.332
233	-13.064	3.097	19.338
1651	-13.025	2.102	19.320
1653	-13.025	2.102	19.320
1657	-13.025	2.103	19.320
1765	-13.022	2.106	19.320
1755	-13.014	2.106	6.795
1737	-13.011	2.105	6.795
1735	-13.011	2.105	6.795
1789	-13.009	2.108	6.794
1656	-13.008	2.132	6.794
1678	-12.998	2.126	6.794
602	-12.997	3.611	24.065
585	-12.984	2.106	24.064
620	-12.978	2.107	24.064
1685	-12.965	2.120	24.065
451	-12.931	2.828	24.065
123	-12.902	2.872	18.569
1633	-12.886	2.853	18.568
1768	-12.885	2.100	18.569
397	-12.873	2.907	18.568
1195	-12.867	3.101	18.571
343	-12.865	2.905	18.571
499	-12.851	2.915	18.571
541	-12.843	2.931	18.571
483	-12.843	2.551	18.571
293	-12.769	2.153	23.791
498	-12.768	2.893	23.791
382	-12.766	2.152	23.791
434	-12.766	2.153	23.791
380	-12.764	2.151	23.791
550	-12.763	2.913	23.791
145	-12.692	3.087	23.791
573	-12.686	3.094	23.791
577	-12.686	3.094	7.582
323	-12.682	3.095	7.582
321	-12.670	2.625	7.578
203	-12.659	2.624	7.578
526	-12.636	3.099	7.578
527	-12.636	3.099	7.578
353	-12.633	3.150	7.578
1622	-12.623	3.224	6.867
207	-12.621	3.149	6.867
139	-12.620	3.148	6.867
335	-12.490	3.430	24.106
366	-12.489	3.430	24.106
392	-12.489	3.430	19.841
404	-12.489	3.430	19.841
583	-12.487	3.430	19.841
494	-12.480	3.429	19.841
55	-12.475	3.428	19.841
79	-12.475	3.428	19.841
168	-12.474	3.428	19.841
102	-12.474	3.428	20.098
68	-12.473	3.428	20.097
186	-12.473	3.428	20.097
96	-12.473	3.428	20.097
153	-12.472	3.428	20.097
159	-12.472	3.428	20.902
284	-12.451	2.966	20.902
631	-12.427	2.436	1.178
571	-12.423	2.620	1.178
281	-12.393	2.885	1.179
589	-12.391	2.463	1.182
1159	-12.379	2.197	1.182
1124	-12.379	2.196	1.182
1128	-12.379	2.196	1.182
1087	-12.379	2.196	1.180
1129	-12.379	2.196	1.180
1157	-12.379	2.196	1.180
603	-12.378	3.246	1.180
1177	-12.377	2.195	1.180
1150	-12.373	2.195	1.180
1135	-12.373	2.196	1.180
1199	-12.373	2.195	1.181
1105	-12.372	2.213	0.000
1117	-12.370	2.205	1.181
1706	-12.349	2.808	0.006
1072	-12.346	3.452	0.006
201	-12.344	3.453	0.000
204	-12.344	3.453	1.252
294	-12.259	3.055	1.255
347	-12.259	3.055	1.378
427	-12.259	3.055	1.379
268	-12.258	3.055	1.379
371	-12.258	3.055	1.379
430	-12.258	3.055	1.379
358	-12.258	3.055	1.378
521	-12.257	3.055	2.832
121	-12.252	3.056	0.063
133	-12.251	3.056	1.118
112	-12.249	3.055	1.117
193	-12.249	3.055	1.117
194	-12.249	3.055	0.063
273	-12.149	3.175	18.568
211	-12.136	3.070	18.571
641	-12.121	3.494	18.566
643	-12.121	3.494	18.566
618	-12.120	3.494	23.791
395	-12.096	3.491	23.791
399	-12.095	3.491	23.791
400	-12.095	3.491	23.791
402	-12.095	3.491	23.791
361	-12.094	3.492	23.791
414	-12.094	3.491	23.791
387	-12.093	3.491	7.582
388	-12.093	3.491	7.582
474	-12.093	3.491	7.578
421	-12.093	3.492	7.578
471	-12.093	3.491	7.578
473	-12.093	3.491	7.578
248	-12.092	3.492	7.578
250	-12.092	3.492	7.578
456	-12.091	3.491	7.578
462	-12.091	3.491	6.867
579	-12.091	3.492	6.867
461	-12.091	3.492	6.867
459	-12.091	3.488	6.867
467	-12.090	3.491	6.867
587	-12.090	3.491	6.852
608	-12.089	3.492	7.561
637	-12.089	3.492	24.106
638	-12.089	3.492	24.106
639	-12.089	3.492	24.106
652	-12.089	3.492	24.106
556	-12.089	3.492	24.106
567	-12.089	3.492	19.841
612	-12.089	3.492	19.841
617	-12.089	3.492	19.841
619	-12.089	3.492	19.841
628	-12.089	3.492	19.841
630	-12.089	3.492	19.841
489	-12.084	3.490	20.902
497	-12.082	3.490	1.179
495	-12.082	3.490	1.178
27	-12.081	3.490	1.179
511	-12.081	3.490	1.182
543	-12.081	3.490	1.182
150	-12.079	3.490	1.182
39	-12.078	3.490	1.182
94	-12.076	3.490	1.180
97	-12.075	3.490	1.180
155	-12.074	3.490	1.180
156	-12.074	3.490	1.180
143	-12.073	3.490	1.180
310	-12.059	3.493	1.180
1368	-12.056	3.485	1.180
1311	-12.053	3.489	0.005
1299	-12.053	3.490	0.006
1233	-12.053	3.489	0.006
1296	-12.053	3.490	0.006
1287	-12.052	3.490	0.006
1340	-12.038	3.435	2.836
375	-12.030	3.493	2.829
481	-12.030	3.492	0.065
450	-12.030	3.491	1.117
593	-12.029	3.491	1.117
600	-12.029	3.492	1.118
604	-12.029	3.492	1.117
1793	-12.012	3.188	1.117
1170	-11.962	3.520	0.065
1139	-11.962	3.520	0.065
1151	-11.959	3.520	0.065
1182	-11.959	3.520	0.065
1126	-11.959	3.520	0.065
1186	-11.959	3.520	0.064
1184	-11.959	3.512	0.065
501	-11.893	3.101	18.571
584	-11.893	3.100	18.566
563	-11.892	3.100	23.791
622	-11.892	3.100	23.791
640	-11.892	3.100	23.791
512	-11.846	3.521	6.867
518	-11.842	3.408	24.106
515	-11.797	3.239	1.181
542	-11.797	3.236	0.005
539	-11.792	3.220	0.006
621	-11.779	2.095	0.006
592	-11.724	3.255	0.000
607	-11.698	3.264	1.252
588	-11.695	3.228	1.255
546	-11.693	3.244	1.255
547	-11.692	3.230	1.255
1132	-11.641	3.094	1.378
242	-11.558	2.991	2.832
256	-11.555	2.992	1.087
265	-11.555	2.992	1.087
278	-11.554	2.992	2.829
306	-11.553	2.992	0.065
308	-11.553	2.992	1.117
282	-11.552	2.992	1.117
202	-11.548	2.992	1.117
197	-11.547	2.992	1.117
214	-11.546	2.992	0.063
177	-11.546	2.992	0.063
182	-11.546	2.992	0.065
183	-11.546	2.992	0.065
1669	-11.541	3.476	0.065
1603	-11.529	2.997	3.467
1591	-11.509	2.997	3.467
1688	-11.491	2.995	3.467
1628	-11.488	2.995	3.463
1598	-11.484	2.995	3.463
1595	-11.484	2.995	10.410
528	-11.481	2.995	10.410
1332	-11.264	3.630	6.795
1074	-11.174	3.779	18.566
1795	-10.741	2.264	18.571
1037	-10.676	3.820	6.867
1047	-10.676	3.820	6.868
626	-10.415	3.303	1.255
606	-10.415	3.303	1.255
439	-10.372	3.314	1.255
1108	-10.248	3.337	1.379
1733	-10.113	3.067	1.087
1112	-10.019	3.781	10.410
1142	-10.009	3.812	10.410
1684	-10.008	3.084	10.410
650	-10.003	3.068	10.410
1168	-9.999	3.813	10.410
374	-9.882	3.774	19.332
408	-9.882	3.773	19.332
1038	-9.770	3.819	18.569
1120	-9.745	3.899	18.569
1326	-9.675	3.863	7.578
566	-8.985	3.758	18.571
487	-8.793	3.783	0.211
342	-8.791	3.782	0.212
345	-8.791	3.792	1.278
569	-8.790	3.781	1.278
406	-8.755	3.790	1.282
449	-8.755	3.792	1.282
302	-8.755	3.793	2.068
298	-8.718	3.793	1.464
1194	-8.718	3.793	2.556
299	-8.717	3.791	2.556
1381	-8.692	3.796	2.552
