999	-9.266	0.000	18.085
1002	-9.266	0.000	11.487
1112	-9.266	0.000	11.487
1117	-9.266	0.000	10.720
919	-9.236	0.003	10.508
991	-9.135	0.017	3.906
1020	-9.135	0.017	3.674
1060	-9.135	0.017	4.744
857	-9.105	0.016	3.801
846	-9.076	0.016	3.801
885	-9.035	0.018	4.618
926	-9.024	0.019	3.850
864	-9.006	0.020	3.873
1041	-8.852	0.985	16.387
901	-8.832	0.987	10.770
871	-8.831	0.987	10.534
875	-8.831	0.987	10.534
921	-8.831	0.987	16.024
916	-8.801	1.008	16.031
1152	-8.799	1.002	10.429
1130	-8.795	1.002	10.432
668	-8.782	1.001	10.432
928	-8.697	1.130	10.149
958	-8.690	0.967	24.076
852	-8.671	1.130	24.168
853	-8.671	1.130	24.142
855	-8.671	1.130	8.050
856	-8.671	1.130	24.045
860	-8.671	1.130	24.257
861	-8.671	1.130	15.012
1087	-8.671	1.099	24.381
1036	-8.671	1.099	24.578
923	-8.670	1.130	8.368
1065	-8.670	1.099	8.367
1174	-8.670	1.099	8.363
1189	-8.654	0.987	8.361
936	-8.652	1.101	8.387
854	-8.643	1.130	7.268
889	-8.609	1.130	9.261
1095	-8.574	1.125	24.087
1056	-8.090	2.568	18.397
1028	-7.963	1.517	11.639
1132	-7.922	1.516	18.921
898	-7.879	1.516	10.720
957	-7.740	2.152	8.235
980	-7.735	2.145	8.230
993	-7.735	2.145	8.229
997	-7.735	2.145	8.227
1017	-7.726	2.145	9.060
1193	-7.721	2.152	10.752
869	-7.717	2.145	10.741
1048	-7.713	2.147	9.059
890	-7.709	2.145	9.073
917	-7.704	2.147	25.838
414	-7.702	2.148	8.800
1144	-7.649	2.153	7.014
704	-7.639	1.639	5.094
838	-7.639	1.639	5.094
683	-7.638	1.639	5.102
725	-7.638	1.638	5.100
733	-7.637	1.639	5.091
734	-7.637	1.639	1.527
977	-7.587	2.472	10.714
1038	-7.583	2.475	10.707
994	-7.577	2.479	4.625
872	-7.557	2.462	4.465
877	-7.557	2.462	3.524
950	-7.555	2.470	11.286
847	-7.553	2.465	4.576
848	-7.553	2.465	4.575
849	-7.553	2.465	3.824
850	-7.553	2.465	0.014
851	-7.553	2.465	0.010
866	-7.553	2.465	0.008
868	-7.552	2.462	0.009
879	-7.552	2.462	0.162
881	-7.552	2.462	0.004
891	-7.552	2.462	0.004
893	-7.552	2.462	0.005
935	-7.552	2.462	3.538
945	-7.552	2.462	4.485
946	-7.552	2.462	3.175
899	-7.549	2.467	4.020
934	-7.496	2.507	4.434
943	-7.496	2.507	3.110
1014	-7.496	2.507	4.268
1101	-7.496	2.507	5.022
1162	-7.496	2.507	5.022
925	-7.483	2.432	5.022
1026	-7.477	2.688	3.679
1156	-7.462	2.687	4.342
922	-7.460	2.687	4.297
965	-7.456	2.511	4.297
988	-7.412	2.070	18.395
1043	-7.412	2.070	18.399
1188	-7.372	2.071	18.397
914	-7.359	2.068	2.954
972	-7.359	2.068	2.954
986	-7.359	2.068	2.956
1058	-7.359	2.068	2.956
1129	-7.325	1.047	18.401
913	-7.187	2.703	18.916
1004	-7.186	2.703	18.916
1097	-7.186	2.703	18.922
1078	-7.178	3.049	5.146
1191	-7.169	2.711	18.080
970	-7.138	2.701	18.086
1076	-7.138	2.701	18.710
1143	-7.138	2.701	18.706
1009	-7.138	2.701	18.083
1067	-7.138	2.700	18.087
1096	-7.138	2.701	11.487
959	-7.120	2.708	11.487
955	-7.120	2.708	10.720
971	-7.033	2.696	17.814
590	-7.003	2.673	10.616
663	-7.001	2.673	18.062
880	-6.969	2.673	7.172
887	-6.959	2.674	10.015
859	-6.955	2.602	10.255
929	-6.955	2.604	25.827
782	-6.953	2.671	25.833
1091	-6.948	2.600	9.572
1029	-6.947	2.599	25.772
1031	-6.947	2.599	25.825
907	-6.932	2.243	14.165
1163	-6.930	2.242	26.344
1024	-6.915	2.611	26.616
1187	-6.895	2.243	8.236
1168	-6.889	2.591	8.235
588	-6.824	2.961	25.838
774	-6.823	2.961	8.800
973	-6.823	2.963	8.795
974	-6.823	2.963	9.063
961	-6.822	2.598	8.821
1074	-6.820	2.962	19.170
983	-6.820	2.962	19.179
500	-6.819	2.959	26.710
940	-6.811	2.954	26.167
826	-6.809	2.957	10.440
1085	-6.809	2.976	9.342
1110	-6.808	2.976	8.232
1106	-6.808	2.976	8.508
888	-6.804	2.977	5.101
895	-6.804	2.977	5.100
968	-6.803	2.975	5.091
1140	-6.802	2.976	1.527
1010	-6.799	2.363	4.593
1088	-6.799	2.363	4.583
1016	-6.798	2.975	4.584
1180	-6.781	2.974	10.715
1177	-6.778	2.363	2.672
1033	-6.777	2.911	10.713
1128	-6.768	2.955	2.671
1001	-6.766	2.909	10.714
1062	-6.758	2.969	10.707
960	-6.725	2.943	4.625
962	-6.725	2.943	3.525
937	-6.645	2.570	4.465
938	-6.645	2.570	3.524
1045	-6.645	2.570	11.285
1040	-6.623	2.830	4.575
924	-6.622	2.760	3.824
1030	-6.621	2.831	0.014
862	-6.620	2.759	0.010
403	-6.604	2.867	0.003
565	-6.604	2.868	0.004
979	-6.600	2.840	0.005
987	-6.600	2.840	3.538
1069	-6.600	2.840	4.484
1007	-6.588	2.825	3.175
1105	-6.587	2.825	4.020
947	-6.569	2.840	4.433
1100	-6.556	2.805	4.425
1049	-6.528	2.803	4.434
990	-6.527	2.982	3.110
1104	-6.525	2.470	4.268
1089	-6.525	2.470	5.022
1090	-6.525	2.470	5.022
1167	-6.525	2.470	5.022
915	-6.504	2.842	5.021
1190	-6.487	2.840	3.679
1054	-6.485	2.739	4.341
939	-6.453	2.842	4.297
1055	-6.425	2.899	4.297
1179	-6.424	2.479	4.299
823	-5.882	2.486	7.172
742	-5.881	2.486	9.881
982	-5.823	2.477	25.800
1059	-5.444	2.957	14.165
