1741	-9.143	0.000	9.073
1753	-9.143	0.000	25.835
1756	-9.143	0.000	8.800
1762	-9.143	0.000	8.795
1814	-9.143	0.001	9.063
1764	-9.136	0.001	26.164
1768	-9.136	0.001	10.439
1775	-9.136	0.001	9.342
1778	-9.136	0.001	8.232
1779	-9.136	0.001	8.506
1785	-9.136	0.001	9.033
1786	-9.136	0.001	7.014
1790	-9.136	0.001	3.909
1797	-9.136	0.001	3.908
1799	-9.136	0.001	3.921
1800	-9.136	0.001	3.917
1728	-9.133	0.965	4.735
1760	-9.105	0.957	3.319
1819	-9.105	0.957	0.388
1734	-9.059	0.879	3.923
1737	-9.059	0.879	2.154
1738	-9.059	0.879	4.975
1742	-9.059	0.879	4.523
1776	-9.049	0.879	4.523
1767	-9.049	0.879	4.523
1746	-9.048	0.879	4.523
1812	-8.970	0.974	3.868
1735	-8.969	0.974	3.868
1731	-8.899	1.171	16.052
1743	-8.893	1.172	16.049
1757	-8.893	1.172	16.049
1759	-8.893	1.172	11.093
1810	-8.893	1.172	11.092
1750	-8.890	1.172	16.913
1780	-8.890	1.172	16.913
1807	-8.890	1.172	16.919
1792	-8.889	1.172	16.915
1727	-8.449	1.137	24.239
1729	-8.449	1.137	11.085
1730	-8.449	1.137	9.212
1815	-8.445	1.136	8.532
1749	-8.444	1.137	9.376
1765	-8.444	1.137	9.049
1798	-8.444	1.137	8.187
1787	-8.158	1.012	5.022
1796	-8.158	1.012	3.680
1766	-8.157	1.012	4.342
1769	-8.157	1.012	4.297
1789	-8.157	1.012	4.297
1791	-8.028	2.661	2.957
1817	-7.997	2.658	2.955
1806	-7.994	2.658	2.936
1808	-7.860	2.010	10.720
1813	-7.856	2.008	17.790
1816	-7.856	2.008	11.306
1740	-7.855	2.008	11.308
1804	-7.855	2.008	17.814
1777	-7.846	2.008	10.614
1781	-7.846	2.008	10.618
1782	-7.846	2.008	10.618
1744	-7.809	2.412	10.618
1758	-7.809	2.412	10.618
1794	-7.809	2.413	10.616
1773	-7.770	2.417	8.236
1802	-6.081	2.516	18.921
