1425	-10.768	0.000	11.605
1396	-10.749	0.002	9.474
1365	-10.745	0.002	9.881
1362	-10.742	0.002	9.883
1433	-10.741	0.002	9.878
1440	-10.741	0.002	10.015
1441	-10.741	0.002	10.255
1382	-10.713	0.006	25.787
1358	-10.646	0.008	8.235
1424	-10.617	0.006	8.230
1420	-10.608	0.006	8.229
1371	-10.597	0.005	10.751
1237	-10.594	0.005	10.739
1240	-10.594	0.005	9.059
1209	-10.593	0.005	9.072
1213	-10.593	0.005	25.835
1214	-10.593	0.005	8.800
1216	-10.592	0.005	8.795
1230	-10.592	0.005	9.063
1223	-10.591	0.005	8.820
1331	-10.590	0.005	19.178
1263	-10.590	0.005	26.707
1267	-10.590	0.005	26.164
1200	-10.589	0.005	10.439
1201	-10.589	0.005	9.341
1203	-10.589	0.005	8.233
1253	-10.588	0.005	8.506
1254	-10.588	0.005	9.033
1226	-10.494	0.010	1.523
1286	-10.494	0.010	4.591
1290	-10.494	0.010	4.581
1298	-10.494	0.010	4.582
1311	-10.494	0.010	10.715
1393	-10.494	0.010	2.670
1395	-10.494	0.010	10.716
1341	-10.493	0.010	10.712
1337	-10.465	0.008	2.669
1289	-10.458	0.011	10.714
1345	-10.458	0.011	10.713
1497	-10.456	0.010	10.714
1498	-10.456	0.010	10.707
1417	-10.451	0.010	0.000
1445	-10.448	0.011	3.524
1297	-10.425	0.839	4.575
1409	-10.421	0.839	4.573
1360	-10.419	0.839	3.822
1234	-10.417	0.839	0.011
1325	-10.387	0.843	0.010
1505	-10.387	0.012	0.008
1370	-10.386	0.843	0.008
1269	-10.323	0.845	4.020
1270	-10.323	0.845	4.434
1291	-10.323	0.845	4.425
1299	-10.251	0.838	1.627
1352	-10.251	0.838	2.081
1274	-10.248	0.838	4.299
1207	-10.247	0.838	4.309
1389	-10.246	0.838	3.369
1272	-10.246	0.838	4.654
1256	-10.245	0.838	3.977
1281	-10.245	0.838	3.013
1332	-10.244	0.838	3.016
1265	-10.243	0.838	4.322
1404	-10.243	0.838	18.389
1405	-10.243	0.838	3.479
1202	-10.242	0.839	18.393
1261	-10.242	0.838	18.397
1250	-10.242	0.838	18.395
1241	-10.148	0.845	18.914
1313	-10.148	0.845	18.914
1320	-10.148	0.845	18.920
1321	-10.148	0.845	18.913
1457	-10.148	0.845	18.918
1300	-10.145	0.855	18.919
1344	-10.145	0.855	5.146
1335	-9.818	0.929	2.962
1336	-9.818	0.929	2.965
1460	-9.723	3.282	18.381
1430	-9.722	3.282	2.963
1198	-9.713	0.923	17.631
1338	-9.698	0.924	18.895
1489	-9.698	0.924	18.895
1317	-9.697	0.924	18.895
1239	-9.696	0.924	18.899
1390	-9.695	0.924	18.900
1217	-9.694	0.924	18.059
1257	-9.694	0.924	18.066
1224	-9.694	0.924	18.690
1233	-9.693	0.924	18.686
1204	-9.692	0.923	18.062
1295	-9.668	0.678	11.485
1284	-9.584	0.919	9.479
1355	-9.584	0.919	10.508
1384	-9.584	0.919	7.178
1418	-9.584	0.919	9.878
1487	-9.584	0.919	9.880
1279	-9.578	1.706	9.875
1306	-9.578	1.706	10.013
1402	-9.578	1.706	10.253
1416	-9.578	1.706	25.815
1455	-9.578	1.706	25.821
1480	-9.578	1.706	9.582
1492	-9.578	1.706	25.759
1462	-9.564	1.700	8.132
1312	-9.549	0.918	25.777
1482	-9.542	3.284	26.331
1447	-9.528	0.948	8.235
1246	-9.514	1.713	8.235
1283	-9.514	1.713	8.230
1315	-9.514	1.713	8.228
1353	-9.514	1.713	8.227
1443	-9.514	1.713	9.663
1232	-9.492	0.671	25.826
1472	-9.488	3.358	26.154
1205	-9.488	3.358	10.452
1206	-9.488	3.358	9.352
1211	-9.488	3.358	8.233
1277	-9.488	3.358	8.519
1294	-9.488	3.358	9.044
1268	-9.487	3.358	7.029
1242	-9.475	3.355	5.099
1356	-9.475	3.355	5.090
1275	-9.475	3.355	1.523
1452	-9.475	3.355	4.591
1500	-9.475	3.355	4.581
1262	-9.474	3.355	4.582
1481	-9.446	3.354	2.671
1427	-9.443	3.354	10.716
1210	-9.431	3.355	10.712
1271	-9.431	3.355	2.669
1374	-9.430	3.356	10.714
1375	-9.430	3.356	10.713
1376	-9.430	3.356	10.714
1285	-9.430	3.356	10.707
1387	-9.430	3.356	4.624
1491	-9.430	3.356	3.524
1411	-9.430	3.356	4.463
1221	-9.429	3.356	3.523
1225	-9.429	3.356	11.285
1266	-9.429	3.356	4.575
1199	-9.429	3.355	4.574
1324	-9.428	3.298	3.823
1249	-9.428	3.356	0.012
1456	-9.428	3.356	0.010
1432	-9.427	3.356	0.008
1195	-9.422	3.353	0.003
1197	-9.422	3.353	0.001
1347	-9.418	3.353	4.485
1400	-9.417	3.353	4.020
1477	-9.417	3.353	4.434
1485	-9.417	3.353	4.425
1220	-9.416	3.353	4.267
1231	-9.416	3.353	5.021
1438	-9.415	3.353	5.021
1439	-9.415	3.353	5.021
1287	-9.390	0.922	4.299
1208	-9.387	0.922	4.309
1229	-9.387	0.922	3.369
1403	-9.386	0.922	4.655
1305	-9.385	1.675	3.977
1264	-9.385	0.922	3.013
1260	-9.384	0.922	3.015
1466	-9.374	3.291	4.322
1483	-9.374	3.291	18.389
1364	-9.374	3.291	3.479
1407	-9.374	3.291	18.393
1414	-9.374	3.291	18.397
1454	-9.347	0.667	18.396
1252	-9.344	0.667	18.396
1412	-9.335	1.273	18.397
1446	-9.309	0.761	2.954
1301	-9.307	0.917	2.954
1333	-9.307	0.917	2.957
1310	-9.265	3.699	10.720
1318	-9.264	3.699	17.789
1273	-9.264	3.699	11.306
1357	-9.264	3.696	11.308
1222	-9.263	3.699	17.812
1397	-9.257	3.286	10.614
1379	-9.233	3.631	9.878
1366	-9.232	3.631	25.824
1413	-9.232	3.631	25.831
1504	-9.173	3.297	8.236
1292	-9.173	3.297	8.235
1343	-9.173	3.298	8.235
1458	-9.151	3.616	8.229
1385	-9.145	3.623	8.262
1288	-9.145	3.622	6.944
1346	-9.145	3.622	9.059
1302	-9.144	3.622	10.751
1303	-9.144	3.622	10.740
1444	-9.141	3.621	19.168
1448	-9.141	3.620	19.178
1278	-9.122	3.589	9.877
1349	-9.122	3.589	3.337
1350	-9.122	3.589	9.878
1378	-9.122	3.589	9.874
1401	-9.122	3.589	3.337
1495	-9.122	3.589	9.877
1496	-9.122	3.589	9.876
1383	-9.122	3.589	9.877
1327	-9.121	3.589	9.869
1469	-9.121	3.589	3.380
1503	-9.121	3.589	3.789
1247	-9.120	3.589	4.632
1354	-9.120	3.589	3.791
1429	-9.120	3.588	10.417
1431	-9.119	3.588	3.321
1476	-9.084	3.585	3.803
1436	-9.084	3.584	3.802
1308	-9.062	3.431	4.914
1319	-9.062	3.431	3.923
1486	-9.062	3.431	3.920
1359	-9.017	2.175	3.848
1367	-9.017	2.175	3.859
1453	-9.017	2.175	3.590
1470	-9.017	2.175	5.648
1219	-9.008	2.176	4.933
1399	-8.979	3.328	3.818
1484	-8.979	3.328	16.486
1493	-8.979	3.328	4.039
1215	-8.973	2.180	16.493
1228	-8.973	2.180	16.492
1244	-8.973	2.180	16.492
1245	-8.973	2.180	16.492
1255	-8.973	2.180	16.492
1280	-8.973	2.180	16.492
1329	-8.973	2.180	16.493
1334	-8.973	2.180	3.869
1340	-8.973	2.180	3.868
1394	-8.973	2.180	3.867
1398	-8.973	2.180	3.868
1410	-8.968	3.699	3.866
1434	-8.951	2.957	16.496
1471	-8.923	3.314	3.864
1449	-8.889	3.696	16.911
1388	-8.888	3.696	16.916
1461	-8.888	3.696	5.570
1494	-8.888	3.696	16.384
1502	-8.888	3.696	16.391
1218	-8.888	3.318	16.898
1451	-8.885	2.167	16.895
1421	-8.850	3.694	16.391
1373	-8.843	2.172	10.770
1465	-8.697	3.773	9.870
1475	-8.653	3.772	9.801
1314	-8.387	1.808	10.715
1428	-8.387	1.808	2.672
1392	-8.386	1.808	10.717
1369	-8.352	1.807	10.714
1296	-8.352	1.818	10.714
1309	-8.352	1.818	10.714
1342	-8.352	1.818	10.707
1304	-8.348	1.365	4.625
1316	-8.348	1.365	3.525
1236	-8.347	1.366	4.465
1276	-8.339	1.813	3.524
1478	-8.339	1.811	11.285
1435	-8.339	1.811	4.576
1248	-8.328	1.862	4.575
1307	-8.268	1.376	0.014
1464	-8.267	1.376	0.010
1243	-8.267	1.392	0.008
1322	-8.267	1.392	0.009
1212	-8.224	1.388	4.425
1330	-8.197	3.253	3.110
1415	-8.172	1.747	4.268
1348	-8.172	1.747	5.022
1442	-8.171	1.747	5.022
1326	-8.143	3.267	4.299
1423	-8.136	3.251	2.080
1499	-8.130	3.252	4.673
1501	-8.130	3.252	4.299
1227	-8.130	3.252	4.308
1372	-8.130	3.252	3.368
1381	-8.130	3.252	4.655
1490	-8.130	3.252	3.977
1258	-8.129	3.252	3.013
1282	-8.129	3.252	3.015
1361	-8.129	3.252	4.322
1463	-8.129	3.252	18.391
1450	-8.129	3.252	3.479
1468	-8.129	3.252	18.395
1474	-8.123	3.264	18.398
1422	-8.013	3.205	2.957
1259	-8.002	0.924	18.401
1426	-7.445	2.911	4.299
1293	-7.444	2.914	1.625
1380	-7.444	2.914	2.080
1437	-7.444	2.914	4.673
1238	-7.440	2.913	4.298
1479	-7.440	2.913	4.308
1323	-7.440	2.913	3.368
1328	-7.440	2.913	4.655
1467	-7.440	2.913	3.977
1235	-7.439	2.913	3.013
1406	-7.439	2.913	3.015
1363	-7.439	2.913	4.322
1391	-7.439	2.913	18.391
1368	-7.429	2.046	3.479
1488	-7.396	1.750	18.398
1339	-7.369	2.202	18.397
1408	-7.336	2.047	2.955
1351	-7.281	2.601	2.955
1386	-7.281	2.601	2.936
1377	-7.281	2.601	17.655
1459	-7.281	2.601	17.652
1251	-7.280	2.601	17.652
1196	-7.277	2.973	17.658
1419	-7.273	2.975	17.655
