1538	-8.460	0.000	24.694
1545	-8.373	0.864	10.713
1513	-8.372	0.864	2.671
1524	-8.243	0.870	0.162
1528	-8.243	0.870	0.004
1536	-8.243	0.870	0.004
1542	-8.242	0.870	0.005
1539	-8.242	0.870	3.538
1552	-8.242	0.870	4.485
1650	-8.039	0.860	2.954
1533	-8.037	0.871	2.954
1652	-7.978	0.071	17.652
1685	-7.977	0.070	17.652
1690	-7.977	0.070	17.657
1603	-7.973	0.073	17.658
1586	-7.972	0.072	17.655
1658	-7.963	2.566	17.655
1551	-7.931	0.876	18.920
1624	-7.914	0.867	5.146
1599	-7.905	0.868	18.080
1566	-7.891	0.869	18.710
1662	-7.882	2.584	11.487
1622	-7.808	3.161	18.062
1654	-7.797	2.588	11.615
1628	-7.795	2.589	18.079
1629	-7.795	2.589	9.524
1710	-7.794	2.589	9.475
1695	-7.793	2.589	9.474
1686	-7.793	2.589	10.508
1641	-7.738	0.085	8.235
1679	-7.730	0.084	9.653
1672	-7.689	0.869	8.795
1713	-7.685	0.868	9.063
1699	-7.685	0.868	8.821
1645	-7.680	2.594	19.170
1665	-7.676	2.594	9.342
1688	-7.676	2.595	8.232
1689	-7.676	2.595	8.508
1694	-7.676	2.595	9.034
1636	-7.628	3.174	10.715
1532	-7.615	0.878	10.717
1535	-7.615	0.878	10.713
1602	-7.591	0.874	2.671
1581	-7.584	0.082	10.714
1563	-7.583	0.875	10.714
1648	-7.480	3.166	5.022
1702	-7.279	2.575	17.652
1692	-7.278	2.575	17.657
1640	-7.240	3.323	17.655
1646	-7.240	3.323	11.639
1716	-7.185	2.582	18.915
1711	-7.184	2.582	18.920
1601	-7.179	2.579	18.921
1518	-7.104	2.580	10.720
1544	-7.104	2.580	17.790
1577	-7.032	2.598	10.614
1594	-7.031	2.598	10.618
1582	-7.030	2.598	10.618
1635	-6.998	3.289	11.615
1674	-6.998	3.289	11.605
1676	-6.998	3.289	18.079
1708	-6.997	2.314	9.524
1560	-6.990	2.342	9.475
1726	-6.980	2.301	9.474
1651	-6.978	2.304	10.508
1619	-6.960	2.604	9.881
1590	-6.960	2.604	9.883
1597	-6.960	2.604	9.878
1683	-6.946	3.298	25.799
1615	-6.935	2.638	8.126
1693	-6.934	2.639	25.790
1525	-6.933	2.325	25.989
1715	-6.911	2.604	8.236
1723	-6.880	2.355	8.230
1617	-6.880	2.354	8.229
1647	-6.879	2.360	8.227
1664	-6.878	2.355	9.653
1621	-6.877	2.362	8.262
1565	-6.865	2.366	6.944
784	-6.854	2.548	9.060
1720	-6.850	2.551	10.752
1657	-6.847	3.081	10.741
1660	-6.847	3.081	9.059
1620	-6.846	2.571	9.073
1516	-6.807	2.356	9.034
1520	-6.807	2.355	7.014
1530	-6.806	2.355	5.094
1531	-6.806	2.355	5.093
1655	-6.777	2.506	10.716
1554	-6.760	3.104	10.714
1572	-6.759	3.105	10.714
1608	-6.634	3.065	4.576
1546	-6.613	2.400	0.008
1550	-6.613	2.400	0.009
1555	-6.613	2.400	0.161
1634	-6.399	3.045	1.625
1698	-6.398	3.044	2.080
1703	-6.398	3.044	4.673
1709	-6.398	3.044	4.298
1678	-6.398	3.045	4.308
1670	-6.379	3.043	3.368
1579	-6.369	2.412	4.655
1613	-6.368	2.409	3.976
1644	-6.310	2.720	3.012
1649	-6.310	2.720	3.015
1537	-6.308	2.602	4.322
1604	-6.302	2.722	18.391
1631	-6.298	3.068	3.479
1714	-6.281	2.577	18.395
1717	-6.281	2.578	18.399
1724	-6.281	2.578	18.398
1677	-6.280	2.578	18.398
1588	-6.278	3.066	18.398
1605	-6.277	2.423	18.397
1583	-6.277	2.579	18.397
1569	-6.274	2.721	18.399
1559	-6.273	2.721	2.953
1564	-6.273	2.721	2.954
1722	-6.270	3.599	2.954
1600	-6.263	2.739	2.954
1527	-6.259	2.720	2.956
1553	-6.259	2.720	2.956
1567	-6.245	3.065	2.955
1515	-6.227	2.730	18.402
1523	-6.227	2.730	2.955
1725	-6.197	2.584	17.652
1681	-6.187	2.328	17.652
1671	-6.173	2.687	17.658
1627	-6.160	2.660	17.659
1701	-6.157	2.655	17.656
1510	-6.132	3.050	17.656
1643	-6.116	2.188	11.639
1638	-6.113	2.176	11.638
1612	-6.108	2.184	18.917
1587	-6.107	2.186	18.917
1529	-6.065	2.088	5.146
1700	-6.062	2.048	18.080
1705	-6.062	2.048	18.087
1718	-6.061	2.069	18.710
1680	-6.061	2.048	18.707
1623	-6.060	2.069	18.083
1607	-6.059	2.069	18.088
1666	-6.059	2.069	11.487
1589	-6.049	2.070	11.487
1593	-6.049	2.049	10.720
1562	-6.034	2.050	10.720
1568	-6.031	2.049	17.791
1561	-6.028	2.070	11.306
1557	-6.012	3.715	11.308
1534	-5.949	2.046	17.814
1632	-5.933	2.076	10.614
1616	-5.932	2.076	10.617
1592	-5.932	2.938	10.618
1580	-5.930	2.077	10.618
1721	-5.921	3.773	10.618
1517	-5.912	2.607	10.616
1514	-5.909	2.609	18.062
1522	-5.909	2.608	11.615
1659	-5.909	2.608	11.605
1512	-5.907	2.608	18.079
1574	-5.906	2.610	9.524
1507	-5.895	2.627	9.475
1508	-5.895	2.627	9.474
1543	-5.895	3.767	10.508
1570	-5.873	3.796	9.883
1558	-5.869	3.798	9.878
1549	-5.864	3.799	10.015
1547	-5.862	3.800	10.255
1573	-5.859	3.801	25.827
1519	-5.836	3.810	25.834
1526	-5.836	3.810	9.572
1548	-5.836	3.810	25.773
1509	-5.834	3.810	25.825
1511	-5.806	2.079	8.125
1675	-5.689	3.155	25.989
1626	-5.129	3.977	26.344
