989	-16.629	0.000	2.947
1119	-16.624	0.001	2.948
1846	-16.624	0.003	2.950
1071	-16.621	0.001	18.428
1871	-16.617	0.004	2.948
904	-16.605	0.417	17.681
920	-16.602	0.417	17.677
1841	-16.592	0.414	11.634
1842	-16.592	0.414	18.944
1844	-16.592	0.414	18.944
1854	-16.592	0.413	18.950
996	-16.587	0.407	18.943
1869	-16.585	0.414	18.947
1821	-16.580	0.411	18.948
1823	-16.580	0.411	5.144
1824	-16.580	0.411	18.107
1825	-16.580	0.411	18.113
1826	-16.580	0.411	18.736
1830	-16.580	0.411	18.732
1831	-16.580	0.411	18.109
1832	-16.580	0.411	18.114
1833	-16.580	0.411	11.483
1834	-16.580	0.411	11.483
1836	-16.580	0.411	10.713
1838	-16.580	0.411	10.713
1155	-16.576	0.004	17.816
998	-16.538	0.003	10.607
1025	-16.538	0.003	10.610
1079	-16.538	0.003	10.611
1077	-16.533	0.392	10.611
1022	-16.503	0.409	10.609
1046	-16.503	0.409	18.089
1149	-16.502	0.409	11.610
1123	-16.491	0.006	11.600
863	-16.363	0.007	10.500
865	-16.363	0.007	7.168
1138	-16.354	0.003	9.878
1176	-16.354	0.003	9.880
1181	-16.354	0.003	9.875
1880	-16.348	0.005	10.011
1887	-16.348	0.005	10.248
858	-16.333	0.423	25.864
883	-16.333	0.423	9.566
896	-16.333	0.423	25.805
932	-16.333	0.423	25.857
911	-16.330	0.422	25.831
1037	-16.320	0.414	8.120
1121	-16.320	0.414	25.822
1160	-16.320	0.414	26.021
1061	-16.319	0.414	14.157
1082	-16.319	0.414	26.377
1084	-16.319	0.414	26.650
1103	-16.306	0.006	8.226
1126	-16.043	0.733	8.505
1073	-16.042	0.733	9.027
1047	-16.041	0.733	7.001
873	-16.039	0.732	5.092
1852	-16.033	0.732	5.092
1853	-16.033	0.732	5.100
1870	-16.024	0.732	5.089
1839	-16.023	0.732	1.523
941	-16.005	0.731	4.582
1124	-15.999	0.733	2.670
1099	-15.990	0.732	10.716
969	-15.955	0.733	2.669
1021	-15.955	0.733	10.714
1053	-15.955	0.733	10.713
1116	-15.955	0.733	10.714
1164	-15.955	0.733	10.707
1066	-15.953	0.733	4.624
1851	-15.947	0.732	3.524
954	-15.946	0.732	4.463
1868	-15.938	0.732	3.523
1827	-15.914	1.074	11.285
1829	-15.914	1.074	4.575
1835	-15.914	1.074	4.573
1114	-15.913	0.733	3.823
918	-15.830	0.918	0.010
902	-15.828	0.917	0.008
874	-15.825	0.917	0.007
1131	-15.824	0.918	0.164
1843	-15.820	0.917	0.002
948	-15.816	0.917	0.002
1822	-15.812	0.917	0.001
1828	-15.812	0.917	3.537
1044	-15.808	0.919	4.485
985	-15.755	0.917	3.175
995	-15.755	0.917	4.020
1070	-15.755	0.917	4.434
1075	-15.755	0.917	4.425
1093	-15.755	0.917	4.435
1136	-15.755	0.917	3.110
1145	-15.755	0.917	4.266
1855	-15.750	0.916	5.020
1860	-15.703	0.722	5.020
1883	-15.626	0.914	5.021
992	-15.620	0.916	5.020
944	-15.608	0.913	3.680
1109	-15.607	0.913	4.342
909	-15.605	0.913	4.297
931	-15.605	0.913	4.298
1006	-15.604	0.914	4.299
1019	-15.604	0.914	1.628
1032	-15.604	0.914	2.082
1052	-15.604	0.914	4.672
1111	-15.604	0.914	4.299
1134	-15.604	0.914	4.309
1173	-15.604	0.914	3.369
912	-15.603	0.913	4.654
1848	-15.600	0.912	3.977
1849	-15.600	0.912	3.012
978	-15.299	0.853	18.396
1151	-15.213	0.853	2.953
1023	-15.212	0.853	2.954
1113	-15.212	0.853	2.954
1157	-15.129	0.853	2.956
1840	-11.355	1.940	7.013
1005	-11.151	1.938	3.524
981	-10.557	1.806	5.092
1150	-10.511	1.809	5.090
1845	-9.699	2.314	17.635
1837	-9.697	2.314	18.902
1865	-9.634	2.319	10.616
1876	-9.627	2.319	10.615
953	-9.253	3.474	10.617
1847	-9.251	3.474	10.618
1850	-9.251	3.474	10.618
1856	-9.251	3.474	10.618
1859	-9.251	3.474	10.616
1863	-9.251	3.474	18.060
1864	-9.251	3.474	11.615
1094	-9.249	3.474	11.605
1115	-9.249	3.474	18.077
1120	-9.249	3.474	9.524
1158	-9.249	3.474	9.475
1878	-9.246	3.474	9.474
1102	-9.232	3.480	10.015
1133	-9.232	3.480	10.255
1165	-9.128	2.345	4.737
1858	-9.073	2.344	3.802
1877	-9.069	2.344	0.551
1881	-9.069	2.344	3.912
1891	-9.069	2.344	3.132
1867	-9.002	2.723	3.873
1857	-8.905	2.196	16.046
1875	-8.899	2.197	16.046
1879	-8.899	2.197	16.051
1874	-8.722	2.676	16.189
1889	-8.722	2.676	9.298
1890	-8.722	2.676	9.230
1186	-8.496	3.872	9.265
1872	-8.490	2.616	17.025
892	-8.435	3.872	5.094
910	-8.435	3.872	5.094
1147	-8.425	3.870	5.102
952	-8.419	3.870	5.091
1064	-8.398	3.871	1.527
1008	-8.397	3.871	4.594
1171	-8.396	3.871	4.583
963	-8.390	3.871	4.584
1882	-8.171	2.529	5.022
1127	-8.056	2.830	18.397
1139	-7.952	2.666	11.638
1886	-7.950	2.666	18.916
1159	-7.933	2.468	18.916
1018	-7.932	2.468	18.922
1182	-7.932	2.468	18.915
1862	-7.887	2.534	18.082
1873	-7.883	2.534	18.087
1884	-7.883	2.534	11.487
964	-7.784	2.473	7.172
1051	-7.780	2.474	9.881
1083	-7.780	2.474	9.883
1050	-7.780	3.796	9.878
1072	-7.780	3.796	10.015
1122	-7.780	3.796	10.255
1135	-7.780	3.796	25.827
1153	-7.780	3.796	25.833
1885	-7.776	2.474	9.572
1192	-7.775	2.659	25.772
966	-7.774	2.659	25.825
1866	-7.773	2.660	25.799
1027	-7.772	2.660	8.126
1080	-7.772	2.660	25.790
1081	-7.772	2.660	25.989
1161	-7.772	2.660	14.165
1166	-7.772	2.660	26.344
1175	-7.772	2.660	26.616
1011	-7.727	2.861	8.262
1169	-7.727	2.861	6.944
1034	-7.678	2.848	26.710
1172	-7.677	2.848	26.167
1012	-7.676	2.803	10.440
1092	-7.635	2.660	4.583
984	-7.544	2.763	4.433
1183	-7.208	2.519	11.638
