176	-8.801	0.000	9.137
86	-8.703	0.142	0.000
81	-8.696	0.174	26.168
7	-8.694	0.173	26.167
372	-8.591	0.165	5.222
269	-8.590	0.165	8.707
532	-8.304	0.188	9.835
538	-8.304	0.188	18.620
539	-8.304	0.188	18.620
550	-8.304	0.188	18.620
501	-8.303	0.188	18.625
523	-8.290	0.187	19.878
511	-8.290	0.187	3.141
513	-8.290	0.187	19.656
428	-8.268	0.188	9.133
467	-8.268	0.188	9.137
533	-8.267	0.188	9.136
536	-8.267	0.188	9.137
537	-8.267	0.188	9.136
540	-8.267	0.188	9.136
541	-8.267	0.188	7.217
543	-8.267	0.188	7.201
546	-8.267	0.188	7.225
544	-8.267	0.188	19.066
531	-8.266	0.186	7.222
479	-8.266	0.188	8.941
482	-8.266	0.188	4.448
483	-8.266	0.188	10.676
495	-8.266	0.188	8.613
498	-8.266	0.188	8.613
502	-8.266	0.188	8.637
504	-8.266	0.188	8.709
414	-8.265	0.188	8.739
456	-8.265	0.188	25.600
534	-8.265	0.192	4.888
490	-8.254	0.187	25.875
491	-8.254	0.187	26.168
500	-8.254	0.219	26.167
509	-8.253	0.187	26.426
522	-8.253	0.187	7.086
527	-8.253	0.187	3.697
474	-8.253	0.187	6.838
476	-8.253	0.187	7.781
515	-8.253	0.187	6.831
510	-8.253	0.187	5.929
249	-8.231	0.182	7.789
429	-8.210	0.185	25.517
451	-8.174	0.179	6.236
518	-8.174	0.191	6.914
951	-8.166	0.186	7.299
473	-8.120	0.177	6.119
1007	-8.089	0.155	3.831
542	-5.575	3.094	17.962
549	-5.574	3.102	3.113
529	-5.552	3.935	3.115
526	-5.546	3.952	18.606
499	-5.510	3.416	20.196
507	-5.468	3.348	19.577
552	-5.465	3.369	1.296
516	-5.460	3.334	1.354
