39	-9.476	0.000	19.875
4	-9.318	3.118	7.223
11	-9.317	3.115	4.448
12	-9.317	3.115	10.676
209	-9.242	3.092	7.086
144	-9.235	3.097	6.839
1	-9.130	3.117	2.937
8	-9.045	3.137	3.904
13	-9.040	3.142	3.368
37	-9.036	3.132	2.760
166	-9.019	3.104	2.759
111	-9.012	3.109	2.763
136	-9.012	3.109	2.590
64	-9.011	3.109	2.867
210	-8.998	3.134	2.862
264	-8.990	3.123	2.499
302	-8.989	3.135	2.766
396	-8.988	3.130	2.786
363	-8.983	3.139	3.584
118	-8.971	3.138	2.522
138	-8.971	3.138	2.833
170	-8.969	3.136	26.212
223	-8.966	3.137	0.154
326	-8.966	3.139	2.863
181	-8.961	3.143	19.434
240	-8.960	3.121	0.114
202	-8.960	3.142	1.177
314	-8.959	3.136	1.177
359	-8.959	3.137	19.439
250	-8.959	3.151	19.437
281	-8.958	3.136	19.437
376	-8.956	3.137	19.437
83	-8.953	0.218	19.438
339	-8.953	3.140	0.059
284	-8.953	3.140	0.059
272	-8.952	3.140	0.058
283	-8.896	0.223	18.624
31	-8.889	0.272	19.874
153	-8.832	3.152	19.100
443	-8.811	3.150	19.655
530	-8.810	3.149	19.655
547	-8.810	3.149	19.097
551	-8.810	3.149	19.101
481	-8.810	3.149	9.654
494	-8.810	3.149	9.654
506	-8.809	3.149	9.196
447	-8.809	3.150	19.443
480	-8.809	3.139	18.634
489	-8.805	3.153	9.530
514	-8.804	3.154	18.647
524	-8.804	3.161	9.133
486	-8.792	3.198	9.136
390	-8.773	3.149	9.136
203	-8.771	0.470	7.217
332	-8.760	3.153	7.201
521	-8.704	3.079	25.605
148	-8.530	1.455	26.205
259	-8.489	2.284	6.110
475	-8.477	2.863	6.807
548	-8.430	3.379	3.519
25	-8.300	2.298	18.624
57	-8.279	2.253	18.634
106	-8.266	2.311	9.024
348	-8.020	2.331	9.118
525	-7.985	3.549	3.613
512	-7.977	3.459	2.946
406	-7.763	3.516	19.436
290	-7.258	1.930	18.630
