1043	-7.157	0.000	9.127
1055	-7.157	0.013	9.131
1080	-7.157	0.010	9.130
1030	-7.157	0.010	9.131
1031	-7.157	0.010	9.131
1033	-7.157	0.010	9.131
1036	-7.157	0.010	7.208
1053	-7.157	0.010	7.192
1061	-7.157	0.016	7.216
1067	-7.157	0.010	19.062
1073	-7.157	0.009	9.018
1081	-7.157	0.009	7.213
1089	-7.157	0.012	8.935
1109	-7.157	0.010	4.440
1252	-7.157	0.006	10.669
1054	-7.157	0.009	8.610
1088	-7.157	0.013	8.610
1044	-7.156	0.014	8.634
1079	-7.155	0.020	8.706
1057	-7.150	0.090	25.589
1385	-7.150	0.044	4.881
1040	-7.147	0.035	3.589
1152	-7.147	0.067	7.723
1060	-7.146	0.082	25.628
1160	-7.129	0.019	6.238
1291	-7.129	0.007	25.595
1316	-7.129	0.007	25.865
1105	-7.128	0.013	26.158
1093	-7.128	0.016	26.157
1027	-7.128	0.007	26.416
1068	-7.128	0.007	7.080
1074	-7.128	0.007	3.695
1075	-7.128	0.007	6.838
1085	-7.128	0.007	7.773
1087	-7.128	0.007	6.830
1091	-7.128	0.007	5.923
1107	-7.128	0.007	6.605
1108	-7.128	0.007	6.612
1128	-7.128	0.007	7.806
1164	-7.128	0.007	7.781
1086	-7.128	0.011	5.219
1114	-7.128	0.003	8.700
1083	-7.128	0.002	6.762
1094	-7.128	0.013	6.743
1102	-7.128	0.002	25.506
1112	-7.128	0.009	8.788
1336	-7.127	0.039	6.496
1234	-7.123	0.008	26.195
1189	-7.122	0.006	5.912
1172	-7.122	0.010	6.358
1176	-7.122	0.011	6.231
1193	-7.122	0.010	6.906
1204	-7.122	0.010	7.293
1214	-7.122	0.011	6.105
1225	-7.122	0.011	25.837
1224	-7.122	0.011	6.114
1228	-7.122	0.010	6.804
1211	-7.121	0.010	19.518
1124	-7.114	0.099	10.370
1050	-7.085	0.233	7.884
1049	-7.050	0.288	19.058
1222	-6.941	0.373	18.929
1188	-6.932	3.344	17.660
1213	-6.932	3.344	17.665
1216	-6.932	3.344	17.660
1169	-6.932	3.344	17.659
1190	-6.876	3.342	0.017
1221	-6.875	3.346	0.017
1187	-6.874	3.344	0.017
1173	-6.873	3.347	0.007
1226	-6.873	3.344	0.016
1202	-6.844	3.324	20.098
1285	-6.758	0.026	20.204
1352	-6.758	0.022	2.610
1159	-6.757	0.023	2.351
1334	-6.738	0.022	2.608
1268	-6.738	0.022	2.349
1367	-6.738	0.024	2.350
1380	-6.737	0.025	19.577
1167	-6.737	0.024	19.577
1153	-6.737	0.023	19.850
1306	-6.737	0.023	3.211
1126	-6.736	0.024	1.297
1121	-6.736	0.025	1.355
1210	-6.730	0.027	1.405
1295	-6.709	0.024	19.740
1269	-6.709	0.022	19.741
1348	-6.708	0.026	19.741
1339	-6.698	0.038	19.741
1215	-6.664	2.043	19.741
1220	-6.663	2.043	21.773
1264	-6.657	2.045	21.766
1065	-6.657	2.045	21.773
1098	-6.657	2.045	2.798
1100	-6.657	2.045	19.936
1365	-6.657	2.046	21.759
1103	-6.657	2.044	19.976
1201	-6.542	2.196	20.451
1244	-6.532	2.196	19.039
1117	-6.531	2.197	19.081
1301	-6.531	2.196	19.323
1330	-6.530	2.197	19.521
1323	-6.529	2.196	22.774
1203	-6.481	3.042	20.061
1229	-6.460	3.372	20.438
1198	-6.460	3.372	24.125
1247	-6.444	2.194	23.063
1303	-6.442	2.194	23.239
1259	-6.440	2.193	23.058
1217	-6.423	2.187	22.464
1137	-6.411	2.187	22.480
1133	-6.397	2.078	23.657
1171	-6.395	3.368	19.654
1191	-6.395	3.368	19.164
1032	-6.386	3.250	24.186
1028	-6.386	3.250	19.164
1274	-6.385	3.250	20.569
1313	-6.385	3.250	20.947
1357	-6.323	3.239	25.268
1338	-6.145	3.399	27.281
1199	-6.134	3.270	21.729
1209	-6.116	3.269	19.058
1266	-5.994	0.096	17.367
1056	-5.944	3.216	17.949
1077	-5.944	3.216	17.940
1037	-5.944	3.216	18.714
1038	-5.944	3.215	17.940
1029	-5.944	3.216	18.716
1042	-5.944	3.217	18.714
1047	-5.944	3.215	17.941
1034	-5.944	3.216	18.719
1045	-5.944	3.215	18.719
1051	-5.944	3.216	18.720
1104	-5.944	3.219	18.925
1101	-5.943	3.216	18.914
1069	-5.943	3.212	18.899
1070	-5.943	3.213	18.488
1039	-5.943	3.219	18.929
1125	-5.943	3.217	18.827
1147	-5.943	3.219	18.479
1283	-5.943	3.215	17.660
1076	-5.943	3.217	17.665
1156	-5.943	3.215	17.659
1360	-5.943	3.215	17.658
1064	-5.943	3.216	17.659
1151	-5.943	3.216	17.659
1368	-5.943	3.215	17.656
1072	-5.943	3.210	17.656
1097	-5.943	3.216	17.654
1134	-5.943	3.216	17.655
1127	-5.943	3.214	19.845
1058	-5.943	3.205	16.545
1025	-5.942	3.216	18.643
1026	-5.942	3.216	19.799
1243	-5.942	3.216	18.767
1106	-5.941	3.248	18.767
1082	-5.941	3.214	19.873
1260	-5.941	3.216	19.881
1381	-5.941	3.216	17.162
1388	-5.940	3.216	19.372
1110	-5.939	3.226	19.372
1350	-5.937	3.215	19.372
1250	-5.934	3.216	19.375
1023	-5.921	3.219	18.700
1248	-5.919	3.286	17.871
1084	-5.912	3.305	18.768
1186	-5.900	1.970	23.057
1048	-5.882	3.217	23.508
1123	-5.882	3.216	22.464
1078	-5.881	3.216	22.480
1308	-5.880	3.217	21.943
1046	-5.880	3.232	23.656
1095	-5.875	3.229	19.653
1256	-5.873	3.217	19.164
1178	-5.713	1.924	22.763
1130	-5.684	1.914	18.912
1318	-5.683	1.911	17.949
1310	-5.682	1.909	17.940
1258	-5.682	1.912	18.714
1242	-5.682	1.907	17.940
1235	-5.681	1.910	18.716
1326	-5.681	1.912	18.714
1182	-5.656	1.961	18.899
1219	-5.649	3.300	18.488
1195	-5.630	1.955	17.665
1192	-5.627	1.954	17.659
1179	-5.615	3.708	17.658
1180	-5.615	3.708	17.659
1181	-5.615	3.708	17.659
1184	-5.615	3.708	17.656
1196	-5.614	3.708	17.656
1205	-5.614	3.708	17.654
1212	-5.614	3.708	17.655
1281	-5.490	3.253	2.611
1290	-5.489	3.253	2.608
1322	-5.483	3.253	2.350
1251	-5.483	3.253	2.350
1166	-5.466	1.898	19.850
1289	-5.447	1.893	20.048
1183	-5.439	3.704	21.772
1364	-5.439	3.893	21.773
1218	-5.438	3.704	2.798
1200	-5.438	3.704	19.935
1145	-5.436	1.889	21.759
1143	-5.426	3.705	19.039
1292	-5.426	1.888	19.080
1146	-5.422	3.930	24.125
1158	-5.421	3.244	23.508
1241	-5.421	3.921	22.464
1314	-5.420	3.244	22.479
1363	-5.420	3.244	21.943
1150	-5.420	2.546	23.656
1378	-5.419	3.244	19.653
1317	-5.419	2.547	19.164
1233	-5.418	1.890	24.185
1296	-5.417	3.925	19.164
1392	-5.415	3.248	20.568
1327	-5.414	3.243	20.946
1115	-5.413	3.268	24.193
1298	-5.413	3.907	20.207
1354	-5.412	3.921	23.194
1304	-5.409	3.229	23.403
1282	-5.403	3.183	19.725
1340	-5.383	1.887	17.367
1144	-5.376	2.546	18.912
1149	-5.366	3.928	18.714
1059	-5.365	3.927	17.940
1293	-5.362	3.291	18.714
1236	-5.234	3.990	3.114
1329	-5.223	3.703	3.114
1332	-5.222	3.703	3.114
1311	-5.222	3.705	3.114
1099	-5.221	3.704	18.624
1165	-5.221	3.704	18.624
1275	-5.221	3.703	18.624
1267	-5.221	3.703	3.115
1305	-5.221	3.703	18.625
1154	-5.221	3.704	3.116
1384	-5.221	3.703	3.116
1386	-5.221	3.703	18.606
1397	-5.221	3.703	18.588
1119	-5.220	3.704	0.001
1122	-5.220	3.704	20.102
1132	-5.220	3.704	0.016
1136	-5.220	3.704	0.016
1157	-5.220	3.704	0.016
1278	-5.220	3.703	0.008
1279	-5.220	3.703	0.017
1315	-5.220	3.703	0.013
1273	-5.185	3.703	20.097
1113	-5.185	3.703	3.357
1120	-5.184	3.703	3.358
1148	-5.184	3.703	19.740
1041	-5.150	3.976	2.609
1162	-5.149	3.995	2.609
1359	-5.149	3.981	2.350
1052	-5.149	3.962	2.350
1062	-5.109	3.988	20.048
1090	-5.109	3.990	1.404
1063	-5.109	3.991	19.740
1302	-5.104	3.700	19.740
1280	-5.102	3.934	19.741
1333	-5.056	3.700	2.798
1237	-5.055	3.700	19.935
1096	-5.054	3.701	21.759
1129	-5.054	3.701	19.976
1135	-5.054	3.701	20.402
1277	-5.054	3.700	20.451
1253	-5.019	3.923	23.063
1239	-4.969	3.981	20.946
1312	-4.968	3.985	21.099
1238	-4.967	3.966	24.205
1341	-4.967	3.974	24.194
1345	-4.967	3.978	20.207
1382	-4.967	3.977	25.267
1346	-4.967	3.978	23.762
1257	-4.965	3.991	23.195
1324	-4.964	3.978	25.367
1265	-4.963	3.957	21.449
1321	-4.963	3.964	23.724
1297	-4.963	3.981	21.442
1276	-4.882	3.983	19.058
1140	-4.838	3.975	17.949
1377	-4.835	3.978	17.940
1376	-4.835	3.979	18.714
1287	-4.762	3.990	18.720
1373	-4.155	3.770	17.937
1331	-4.129	3.757	20.254
1335	-3.121	3.569	18.782
