1402	-6.368	0.000	21.100
1404	-6.361	0.068	24.206
871	-6.184	2.399	23.876
821	-6.153	2.398	19.726
952	-5.912	0.170	17.862
939	-5.911	0.169	17.943
993	-5.911	0.168	17.937
958	-5.911	0.170	20.254
712	-5.911	0.168	20.254
713	-5.911	0.168	18.782
738	-5.911	0.168	19.628
740	-5.911	0.168	18.762
742	-5.911	0.168	18.323
744	-5.911	0.168	25.059
769	-5.911	0.168	18.624
771	-5.911	0.168	17.962
774	-5.911	0.168	3.114
777	-5.911	0.168	18.631
785	-5.911	0.168	18.955
786	-5.911	0.168	18.955
790	-5.911	0.168	3.115
797	-5.911	0.168	3.114
941	-5.911	0.168	3.114
954	-5.911	0.168	3.114
961	-5.911	0.169	3.114
962	-5.911	0.168	3.114
966	-5.911	0.168	3.114
1002	-5.911	0.168	18.624
1010	-5.911	0.169	18.624
727	-5.911	0.168	18.624
803	-5.910	0.195	3.115
609	-5.910	0.169	18.625
840	-5.910	0.174	3.115
556	-5.910	0.168	3.115
561	-5.910	0.168	18.606
566	-5.910	0.168	18.588
567	-5.910	0.168	0.001
586	-5.910	0.168	20.102
596	-5.910	0.168	0.016
601	-5.910	0.168	0.016
603	-5.910	0.168	0.016
620	-5.910	0.168	0.007
701	-5.910	0.168	0.017
810	-5.910	0.168	0.012
827	-5.910	0.168	0.009
829	-5.910	0.168	20.097
838	-5.910	0.168	20.097
839	-5.910	0.168	3.357
848	-5.910	0.168	3.358
862	-5.910	0.168	19.739
869	-5.910	0.168	20.196
885	-5.910	0.168	20.196
890	-5.910	0.168	3.361
893	-5.910	0.168	20.204
897	-5.910	0.168	2.611
900	-5.910	0.168	2.352
902	-5.910	0.168	2.609
903	-5.910	0.168	2.608
904	-5.910	0.168	2.350
913	-5.910	0.168	2.350
916	-5.910	0.169	19.576
923	-5.910	0.168	19.577
930	-5.910	0.168	19.850
933	-5.910	0.168	3.211
572	-5.910	0.169	1.296
574	-5.910	0.168	1.355
613	-5.910	0.168	20.048
618	-5.910	0.168	1.405
623	-5.910	0.168	19.740
633	-5.910	0.168	19.740
635	-5.910	0.169	19.740
648	-5.910	0.168	19.740
649	-5.910	0.168	19.740
651	-5.910	0.168	19.740
653	-5.910	0.168	21.772
665	-5.910	0.168	21.765
678	-5.910	0.168	21.772
682	-5.910	0.168	2.798
683	-5.910	0.168	19.935
685	-5.910	0.168	21.759
694	-5.910	0.168	19.975
699	-5.910	0.168	20.402
700	-5.910	0.168	20.450
934	-5.910	0.169	19.038
811	-5.910	0.168	19.039
826	-5.910	0.168	19.080
828	-5.910	0.168	19.323
833	-5.910	0.168	19.521
837	-5.910	0.168	22.774
842	-5.910	0.168	20.060
853	-5.910	0.168	20.437
859	-5.910	0.168	24.125
867	-5.910	0.168	23.063
908	-5.909	0.174	23.238
1562	-5.835	3.810	24.185
799	-5.794	0.143	20.946
972	-5.794	0.143	21.099
1000	-5.794	0.143	24.205
1005	-5.794	0.143	24.193
932	-5.793	0.143	20.207
981	-5.793	0.143	25.267
835	-5.791	0.166	23.748
834	-5.791	0.131	23.195
944	-5.781	0.248	25.367
1559	-5.720	3.815	23.726
1560	-5.720	3.815	23.875
1582	-5.717	3.837	20.738
1504	-5.710	3.816	21.057
1565	-5.710	3.816	19.725
1588	-5.710	3.816	4.712
1457	-5.709	3.816	27.280
1527	-5.709	3.815	21.728
1499	-5.708	3.818	19.058
788	-5.705	0.461	19.058
1494	-5.634	3.682	18.929
1563	-5.634	3.682	18.827
1571	-5.634	3.682	18.479
1577	-5.634	3.682	17.660
1597	-5.612	3.624	19.845
1455	-5.608	3.657	16.545
1561	-5.608	3.657	18.643
1422	-5.605	3.592	19.799
1543	-5.603	3.631	18.767
1596	-5.602	3.663	18.767
1013	-5.596	0.287	19.873
1415	-5.596	0.276	19.881
766	-5.594	0.277	17.162
1456	-5.591	3.627	19.372
1468	-5.591	3.627	19.372
1486	-5.591	3.627	19.372
1545	-5.591	3.628	19.375
1550	-5.591	3.627	18.700
1557	-5.591	3.627	17.871
1583	-5.591	3.627	17.862
1443	-5.590	0.278	18.768
1445	-5.590	0.278	17.943
1458	-5.590	0.278	17.937
1485	-5.590	0.278	20.254
1489	-5.590	0.278	20.254
1502	-5.590	0.278	18.782
1555	-5.590	0.278	19.628
1581	-5.590	0.278	18.762
1513	-5.590	0.282	18.323
1473	-5.590	0.275	25.059
1424	-5.589	0.278	18.624
1429	-5.555	3.677	18.632
1450	-5.555	3.672	18.955
1463	-5.555	3.672	18.956
1478	-5.555	3.672	3.115
1491	-5.555	3.672	3.114
1492	-5.555	3.671	3.114
1493	-5.555	3.672	3.114
1556	-5.555	3.672	3.114
1497	-5.555	3.670	3.114
1570	-5.555	3.671	3.114
1575	-5.554	3.670	18.624
1587	-5.554	3.666	18.624
1535	-5.554	3.669	18.624
1515	-5.554	3.670	3.115
1517	-5.554	3.670	18.626
1425	-5.535	3.515	0.016
1511	-5.531	3.672	0.016
1537	-5.531	3.672	0.007
1590	-5.531	3.672	0.017
849	-5.523	3.607	20.098
1549	-5.519	3.588	20.097
680	-5.515	3.493	3.357
622	-5.513	3.550	3.357
672	-5.512	3.560	19.740
639	-5.504	3.559	3.360
1470	-5.490	3.634	20.204
1403	-5.489	3.593	2.352
1407	-5.489	3.595	2.608
992	-5.465	3.413	3.211
1427	-5.445	3.609	1.404
1432	-5.445	3.609	19.740
1428	-5.445	3.608	19.740
1481	-5.444	3.606	19.740
1462	-5.444	3.609	19.740
1466	-5.443	3.605	19.740
1558	-5.443	3.608	19.740
1593	-5.433	3.604	19.976
1564	-5.428	3.606	20.402
1498	-5.427	3.616	20.450
1592	-5.426	3.583	19.039
1436	-5.424	3.611	19.323
1449	-5.423	3.605	19.521
1448	-5.423	3.609	22.773
1476	-5.422	3.609	20.060
1551	-5.422	3.611	20.437
1529	-5.421	3.606	23.063
1540	-5.421	3.604	23.238
1589	-5.421	3.604	23.057
1524	-5.413	3.609	21.099
1519	-5.413	3.610	24.205
1416	-5.412	3.604	25.267
1418	-5.412	3.603	23.762
1421	-5.412	3.594	23.748
1414	-5.411	3.590	25.367
1398	-5.409	3.602	21.449
1400	-5.409	3.602	23.724
1399	-5.409	3.596	21.442
1495	-5.406	3.608	23.278
1501	-5.406	3.608	23.726
1508	-5.406	3.608	23.875
1578	-5.406	3.608	20.738
1496	-5.405	3.601	22.763
1401	-5.404	3.555	21.057
991	-5.401	3.637	4.711
1585	-5.400	3.607	27.280
1531	-5.399	3.607	21.729
1471	-5.396	3.614	19.058
1417	-5.391	3.606	19.058
1544	-5.387	3.644	19.058
1413	-5.386	3.324	19.064
1431	-5.384	3.519	17.373
1406	-5.371	2.923	17.949
1408	-5.366	2.871	17.940
1426	-5.350	3.494	17.941
1446	-5.346	3.557	18.720
1444	-5.346	3.553	18.720
1451	-5.346	3.553	18.720
1439	-5.346	3.552	18.925
1472	-5.346	3.552	18.914
1459	-5.346	3.553	18.899
1475	-5.346	3.551	18.488
1490	-5.345	3.554	18.929
1434	-5.345	3.548	18.827
1405	-5.341	3.005	18.479
1460	-5.339	3.559	17.660
1409	-5.339	2.941	17.665
1580	-5.338	3.554	17.659
1541	-5.338	3.544	17.658
1566	-5.338	3.539	17.659
1477	-5.336	3.570	17.659
1594	-5.336	3.328	17.656
1454	-5.335	3.557	17.656
1487	-5.335	3.538	17.654
1539	-5.332	3.498	17.655
1538	-5.329	3.553	19.845
1433	-5.325	3.558	16.545
1435	-5.325	3.558	18.643
1437	-5.325	3.558	19.799
1452	-5.325	3.558	18.767
1598	-5.324	3.557	18.767
1601	-5.324	3.557	19.873
1479	-5.324	3.545	19.881
1600	-5.322	3.576	17.162
1465	-5.321	3.551	19.372
1430	-5.320	3.544	19.372
1505	-5.318	3.559	19.372
1423	-5.316	3.557	19.375
1532	-5.315	3.554	18.700
911	-5.310	3.086	17.871
796	-5.306	3.027	17.862
1464	-5.289	3.586	18.768
794	-5.276	3.347	17.943
1442	-5.239	3.575	3.114
1586	-5.226	3.329	3.114
1008	-5.202	3.080	0.009
1503	-5.179	3.307	20.196
860	-5.118	2.057	3.211
955	-5.096	2.181	19.741
605	-5.094	2.170	21.773
1375	-5.080	2.190	21.765
1419	-5.065	3.628	21.773
1507	-5.032	3.160	20.060
784	-5.032	2.988	20.437
1516	-5.019	3.697	24.125
1554	-5.016	3.646	23.238
1441	-5.016	3.640	23.057
1553	-5.016	3.640	23.508
1520	-5.014	3.702	22.464
1536	-4.996	3.648	21.943
1467	-4.992	3.646	23.656
1484	-4.991	3.627	19.653
1602	-4.991	3.665	19.164
895	-4.978	2.667	24.185
975	-4.975	2.649	20.568
1438	-4.965	2.745	23.748
747	-4.944	2.713	23.403
1547	-4.941	3.029	23.278
963	-4.905	2.509	23.875
983	-4.899	2.553	20.738
756	-4.897	2.810	22.763
1542	-4.869	2.889	19.058
654	-4.867	2.573	19.064
1483	-4.861	2.958	17.373
855	-4.861	2.514	17.367
1522	-4.821	2.824	17.940
1572	-4.807	2.726	18.716
881	-4.791	2.282	18.714
599	-4.777	1.689	17.941
969	-4.768	2.171	18.720
1521	-4.767	2.543	18.720
868	-4.750	2.282	18.925
1526	-4.655	2.732	17.659
1420	-4.602	2.175	17.659
1453	-4.594	2.177	17.659
1514	-4.593	2.160	17.656
1440	-4.593	2.156	17.656
1447	-4.588	2.127	17.654
1500	-4.586	2.168	17.655
1461	-4.583	2.127	19.845
1488	-4.562	2.348	16.545
1506	-4.562	2.334	18.643
1510	-4.559	2.507	19.799
1509	-4.559	2.463	18.767
1482	-4.557	2.514	18.767
832	-4.549	2.500	19.873
666	-4.469	1.775	18.700
