1805	-9.803	0.000	25.874
1806	-9.803	0.002	26.168
1829	-9.803	0.002	26.167
1813	-9.803	0.002	26.426
1817	-9.803	0.002	7.086
1834	-9.803	0.002	3.697
1837	-9.803	0.003	6.839
1811	-9.800	0.024	7.782
1854	-9.694	0.011	3.904
1819	-9.688	0.036	2.760
1856	-9.687	0.005	2.760
1858	-9.687	0.005	2.760
1830	-9.456	0.022	19.101
1861	-9.449	0.063	9.196
1820	-9.408	0.103	7.202
1822	-9.313	0.040	8.710
1851	-9.301	0.034	8.740
1853	-9.120	1.978	2.937
1865	-9.120	1.978	2.937
1825	-9.038	1.987	2.760
1839	-8.946	1.990	19.440
1846	-8.946	1.990	0.058
1864	-8.946	1.990	19.442
1841	-8.882	1.990	3.114
1852	-8.786	1.988	9.137
1849	-8.669	0.109	7.086
1798	-8.615	2.068	6.831
1860	-8.610	0.266	7.814
1827	-8.594	2.060	7.789
1818	-8.448	2.055	10.373
1808	-8.436	2.015	7.887
1823	-8.382	2.353	3.824
1838	-8.381	2.357	9.122
1859	-8.357	2.227	3.285
1866	-8.357	2.227	2.943
1845	-8.258	2.109	7.731
1810	-8.256	2.113	6.246
1844	-8.225	2.220	5.222
1840	-8.222	2.157	8.707
1815	-8.117	2.403	6.807
1816	-8.117	2.403	19.524
1797	-8.116	2.213	10.373
1802	-8.113	2.202	7.887
1807	-8.094	2.401	3.511
1847	-8.094	2.402	3.516
1867	-8.094	2.401	3.839
1809	-8.094	2.401	3.840
1814	-8.093	2.398	3.626
1831	-8.093	2.401	3.829
1804	-8.079	2.168	9.120
1803	-8.072	2.242	9.118
1801	-8.052	2.177	3.831
1812	-8.022	2.221	9.118
1843	-8.011	2.770	3.617
1842	-7.977	2.745	2.948
1850	-7.977	2.745	2.946
1863	-7.976	2.746	2.942
1857	-7.963	2.246	2.946
1862	-7.962	2.245	2.946
1833	-7.954	2.422	2.963
1832	-7.900	2.243	2.578
1799	-7.825	2.094	19.433
1800	-7.823	2.113	19.434
1824	-7.642	2.423	18.620
1836	-7.641	2.425	9.828
1848	-7.561	2.648	9.816
1835	-7.558	2.648	19.871
1855	-6.240	2.072	23.725
1826	-6.239	2.079	23.403
1828	-6.154	2.783	22.763
1821	-6.154	2.783	21.058
