45	-10.944	0.000	0.000
14	-10.906	0.004	0.000
69	-10.906	0.004	0.000
120	-10.805	1.581	0.000
18	-10.805	1.583	0.000
62	-10.805	1.581	0.000
70	-10.805	1.581	0.000
96	-10.791	1.887	0.000
245	-10.789	1.888	0.000
330	-10.777	0.064	0.000
524	-10.766	1.749	0.000
105	-10.701	1.832	0.000
151	-10.701	0.169	0.000
11	-10.684	2.787	0.000
37	-10.684	2.787	0.000
142	-10.660	1.849	0.000
97	-10.540	1.546	0.000
1	-10.490	1.508	0.000
6	-10.490	1.546	0.000
25	-10.488	1.546	0.000
107	-10.488	1.546	0.000
528	-10.254	1.081	0.000
21	-10.151	0.052	0.000
36	-10.100	1.373	0.000
57	-10.032	0.059	0.000
61	-10.032	0.059	0.000
204	-10.031	0.059	0.000
13	-10.030	0.058	0.000
44	-10.030	0.058	0.000
87	-10.026	1.921	0.000
298	-10.025	0.059	0.000
24	-10.019	0.057	0.000
27	-10.019	0.057	0.000
33	-10.019	0.057	0.000
113	-10.018	0.057	0.000
316	-9.984	0.057	0.000
52	-9.785	1.941	0.000
162	-9.780	1.960	0.000
553	-9.752	0.156	0.000
133	-9.752	1.894	0.000
567	-9.750	0.156	0.000
590	-9.746	1.734	0.000
184	-9.735	1.938	0.000
198	-9.735	1.938	0.000
289	-9.734	1.929	0.000
256	-9.734	1.937	0.000
446	-9.733	1.930	0.000
5	-9.728	2.998	0.000
3	-9.728	2.998	0.000
1515	-9.727	1.733	0.000
376	-9.721	1.882	0.000
19	-9.704	1.527	0.000
22	-9.704	1.526	0.000
114	-9.704	1.526	0.000
707	-9.703	1.500	0.000
91	-9.695	1.527	0.000
997	-9.692	1.499	0.000
40	-9.675	1.526	0.000
663	-9.673	1.487	0.000
313	-9.672	1.824	0.000
48	-9.671	1.525	0.000
49	-9.671	1.525	0.000
196	-9.670	1.539	0.000
381	-9.670	1.525	0.000
562	-9.664	1.389	0.000
531	-9.662	1.946	0.000
580	-9.662	1.948	0.000
388	-9.657	1.548	0.000
897	-9.657	1.943	0.000
1061	-9.657	1.944	0.000
1261	-9.656	1.965	0.000
1097	-9.655	1.953	0.000
451	-9.639	2.119	0.000
1096	-9.618	1.835	0.000
174	-9.611	1.384	0.000
272	-9.608	2.150	0.000
131	-9.575	1.383	0.000
398	-9.569	1.383	0.000
412	-9.569	1.383	0.000
175	-9.455	2.220	0.000
1023	-9.415	2.189	0.000
566	-9.322	1.917	0.000
1208	-9.321	1.916	0.000
574	-9.295	1.920	0.000
962	-9.295	1.914	0.000
1090	-9.295	1.914	0.000
504	-9.295	1.914	0.000
1328	-9.292	1.902	0.000
252	-9.213	2.408	0.000
1083	-9.184	2.141	0.000
418	-9.173	2.448	0.000
1219	-9.084	2.141	0.000
94	-9.069	2.395	0.000
10	-9.041	1.997	0.000
836	-9.010	2.031	0.000
16	-9.009	2.061	0.000
200	-8.967	2.061	0.000
50	-8.930	2.769	0.000
155	-8.926	2.767	0.000
333	-8.908	3.030	0.000
391	-8.906	3.030	0.000
43	-8.904	3.030	0.000
55	-8.904	3.030	0.000
549	-8.897	2.785	0.000
187	-8.876	2.767	0.000
210	-8.876	2.767	0.000
211	-8.876	2.767	0.000
42	-8.871	2.766	0.000
300	-8.869	2.766	0.000
302	-8.869	2.766	0.000
250	-8.868	2.766	0.000
440	-8.868	2.766	0.000
406	-8.866	2.765	0.000
339	-8.866	2.766	0.000
366	-8.866	2.766	0.000
421	-8.866	2.766	0.000
468	-8.866	2.766	0.000
429	-8.866	2.765	0.000
555	-8.865	3.111	0.000
475	-8.865	2.777	0.000
466	-8.864	2.761	0.000
426	-8.862	2.755	0.000
1115	-8.859	2.639	0.000
128	-8.856	2.766	0.000
977	-8.847	1.758	0.000
8	-8.843	2.766	0.000
1265	-8.819	2.621	0.000
599	-8.811	2.781	0.000
539	-8.810	2.778	0.000
343	-8.809	1.861	0.000
454	-8.809	1.862	0.000
279	-8.805	1.861	0.000
559	-8.796	2.753	0.000
957	-8.793	2.778	0.000
1322	-8.789	2.775	0.000
868	-8.777	2.776	0.000
1138	-8.726	2.738	0.000
864	-8.713	2.819	0.000
121	-8.660	1.912	0.000
132	-8.660	1.912	0.000
212	-8.659	1.913	0.000
104	-8.656	1.912	0.000
253	-8.654	1.913	0.000
357	-8.654	1.913	0.000
371	-8.654	1.913	0.000
991	-8.614	2.696	0.000
852	-8.546	2.102	0.000
387	-7.602	1.599	0.000
86	-7.570	3.418	0.000
74	-7.508	3.432	0.000
89	-7.507	3.432	0.000
186	-7.507	3.432	0.000
228	-7.507	3.432	0.000
65	-7.505	3.430	0.000
173	-7.504	3.430	0.000
385	-7.504	3.430	0.000
558	-7.377	3.421	0.000
1017	-7.368	3.421	0.000
141	-7.351	3.428	0.000
164	-7.351	3.429	0.000
199	-7.351	3.429	0.000
259	-7.351	3.429	0.000
267	-7.351	3.428	0.000
295	-7.351	3.429	0.000
449	-7.351	3.429	0.000
719	-6.891	2.650	0.000
472	-6.758	3.099	0.000
144	-6.758	3.101	0.000
241	-6.758	3.102	0.000
378	-6.758	3.106	0.000
111	-6.711	2.959	0.000
709	-6.702	3.013	0.000
1268	-6.700	2.980	0.000
839	-6.699	2.997	0.000
950	-6.698	2.997	0.000
747	-6.698	3.029	0.000
956	-6.698	3.025	0.000
1520	-6.686	3.137	0.000
699	-6.665	3.268	0.000
271	-6.635	2.959	0.000
477	-6.635	2.987	0.000
247	-6.635	2.984	0.000
362	-6.635	2.987	0.000
293	-6.635	2.998	0.000
274	-6.635	3.001	0.000
180	-6.635	3.001	0.000
331	-6.635	3.005	0.000
448	-6.635	3.008	0.000
434	-6.635	3.006	0.000
462	-6.635	3.015	0.000
463	-6.635	3.012	0.000
474	-6.635	3.010	0.000
482	-6.635	3.010	0.000
348	-6.635	3.013	0.000
438	-6.635	3.016	0.000
209	-6.635	3.027	0.000
304	-6.635	3.024	0.000
344	-6.635	3.025	0.000
441	-6.635	3.027	0.000
216	-6.635	3.042	0.000
480	-6.635	3.025	0.000
395	-6.635	3.030	0.000
176	-6.635	3.041	0.000
265	-6.635	3.053	0.000
329	-6.634	3.053	0.000
115	-6.634	3.051	0.000
431	-6.633	3.016	0.000
266	-6.633	2.960	0.000
453	-6.633	3.016	0.000
437	-6.632	3.046	0.000
282	-6.632	3.103	0.000
234	-6.631	3.125	0.000
1163	-6.628	3.076	0.000
582	-6.627	3.053	0.000
588	-6.627	3.053	0.000
569	-6.627	3.060	0.000
589	-6.627	3.058	0.000
575	-6.626	3.047	0.000
542	-6.626	3.055	0.000
600	-6.626	3.049	0.000
554	-6.626	3.060	0.000
572	-6.626	3.086	0.000
491	-6.624	3.053	0.000
492	-6.624	3.056	0.000
508	-6.623	3.049	0.000
573	-6.623	3.051	0.000
505	-6.623	3.059	0.000
1075	-6.623	3.057	0.000
503	-6.623	3.057	0.000
1126	-6.623	3.056	0.000
513	-6.623	3.058	0.000
515	-6.623	3.062	0.000
519	-6.623	3.065	0.000
1046	-6.623	3.070	0.000
1540	-6.622	3.109	0.000
499	-6.621	3.045	0.000
959	-6.620	3.048	0.000
502	-6.620	3.052	0.000
1072	-6.620	3.111	0.000
984	-6.619	3.118	0.000
1086	-6.618	3.164	0.000
998	-6.617	3.171	0.000
1190	-6.606	3.325	0.000
287	-6.513	3.622	0.000
368	-6.243	3.973	0.000
