1249	-5.836	0.000	0.000
1313	-5.835	0.019	0.000
1220	-5.835	0.028	0.000
1285	-5.831	0.070	0.000
1185	-5.792	2.372	0.000
1244	-5.792	2.372	0.000
1378	-5.792	2.372	0.000
1471	-5.792	2.372	0.000
1327	-5.792	2.372	0.000
1166	-5.789	0.226	0.000
1233	-5.786	2.729	0.000
1218	-5.786	2.732	0.000
1247	-5.786	2.733	0.000
1258	-5.786	2.733	0.000
1275	-5.786	2.733	0.000
1354	-5.786	2.733	0.000
1366	-5.786	2.733	0.000
1398	-5.786	2.733	0.000
1414	-5.786	2.740	0.000
1415	-5.786	2.733	0.000
1420	-5.786	2.733	0.000
1444	-5.786	2.733	0.000
1454	-5.786	2.733	0.000
1456	-5.786	2.735	0.000
1462	-5.786	2.732	0.000
1516	-5.786	2.733	0.000
1533	-5.786	2.733	0.000
1229	-5.786	2.735	0.000
1469	-5.785	2.759	0.000
1199	-5.785	2.746	0.000
1400	-5.785	2.742	0.000
1237	-5.784	2.733	0.000
1477	-5.774	2.756	0.000
1187	-5.739	2.919	0.000
1458	-5.732	2.858	0.000
1214	-5.713	2.834	0.000
1271	-5.647	1.988	0.000
1323	-5.647	1.990	0.000
1460	-5.647	1.989	0.000
1340	-5.647	1.991	0.000
1512	-5.626	2.502	0.000
1243	-5.561	2.388	0.000
1262	-5.500	2.685	0.000
1513	-5.489	2.727	0.000
1295	-5.479	2.730	0.000
1162	-5.479	3.773	0.000
1380	-5.479	3.773	0.000
1537	-5.479	3.773	0.000
1151	-5.479	3.773	0.000
1184	-5.479	3.773	0.000
1204	-5.479	3.773	0.000
1225	-5.479	3.773	0.000
1231	-5.479	3.773	0.000
1301	-5.479	3.773	0.000
1393	-5.479	3.773	0.000
1501	-5.478	2.730	0.000
1506	-5.478	2.728	0.000
1519	-5.478	2.728	0.000
1521	-5.478	2.728	0.000
1240	-5.418	3.778	0.000
1242	-5.418	3.778	0.000
1253	-5.418	3.778	0.000
1255	-5.418	3.778	0.000
1183	-5.418	3.778	0.000
1216	-5.418	3.778	0.000
1279	-5.418	3.778	0.000
1299	-5.418	3.778	0.000
1342	-5.418	3.778	0.000
1384	-5.418	3.778	0.000
1235	-5.417	3.779	0.000
1263	-5.417	3.779	0.000
1188	-5.388	3.439	0.000
1198	-5.388	3.439	0.000
1202	-5.388	3.439	0.000
1212	-5.388	3.439	0.000
1230	-5.388	3.439	0.000
1239	-5.388	3.439	0.000
1241	-5.388	3.439	0.000
1245	-5.388	3.439	0.000
1246	-5.388	3.439	0.000
1251	-5.388	3.439	0.000
1269	-5.388	3.439	0.000
1284	-5.388	3.439	0.000
1308	-5.388	3.439	0.000
1315	-5.388	3.439	0.000
1343	-5.388	3.439	0.000
1348	-5.388	3.439	0.000
1356	-5.388	3.439	0.000
1376	-5.388	3.439	0.000
1418	-5.388	3.439	0.000
1431	-5.388	3.439	0.000
1436	-5.388	3.439	0.000
1466	-5.388	3.439	0.000
1474	-5.388	3.439	0.000
1504	-5.388	3.439	0.000
1345	-5.388	3.439	0.000
1509	-5.388	3.439	0.000
1527	-5.388	3.439	0.000
1192	-5.388	3.440	0.000
1260	-5.387	3.433	0.000
1156	-5.376	2.896	0.000
1180	-5.376	2.896	0.000
1206	-5.376	2.896	0.000
1276	-5.376	2.896	0.000
1391	-5.376	2.896	0.000
1407	-5.376	2.896	0.000
1228	-5.376	2.896	0.000
1302	-5.376	2.895	0.000
1153	-5.376	2.896	0.000
1238	-5.375	3.440	0.000
1419	-5.374	3.435	0.000
1440	-5.374	3.439	0.000
1499	-5.374	3.441	0.000
1196	-5.374	3.439	0.000
1388	-5.374	3.439	0.000
1508	-5.374	3.439	0.000
1517	-5.347	3.384	0.000
1321	-5.314	3.326	0.000
1382	-5.313	3.698	0.000
1406	-5.313	3.698	0.000
1149	-5.312	3.698	0.000
1173	-5.312	3.698	0.000
1309	-5.312	3.698	0.000
1283	-5.270	3.079	0.000
1232	-5.215	3.563	0.000
1395	-5.215	3.563	0.000
1447	-5.215	3.563	0.000
1475	-5.211	1.950	0.000
1411	-5.164	3.266	0.000
1164	-5.164	3.267	0.000
1182	-5.164	3.266	0.000
1193	-5.164	3.267	0.000
1362	-5.164	3.269	0.000
1372	-5.164	3.266	0.000
1390	-5.164	3.267	0.000
1399	-5.164	3.266	0.000
1401	-5.164	3.266	0.000
1435	-5.164	3.267	0.000
1463	-5.163	3.266	0.000
1412	-5.163	3.220	0.000
1223	-5.143	3.576	0.000
1437	-5.142	3.576	0.000
1259	-5.111	3.928	0.000
1215	-5.099	3.745	0.000
1403	-5.080	3.901	0.000
1448	-5.080	3.885	0.000
1457	-5.080	3.880	0.000
1277	-5.080	3.885	0.000
1386	-5.080	3.884	0.000
1489	-5.080	3.887	0.000
1459	-5.080	3.876	0.000
1312	-5.051	2.673	0.000
1324	-5.008	3.829	0.000
1165	-4.992	3.489	0.000
1337	-4.992	3.488	0.000
1338	-4.992	3.488	0.000
1373	-4.992	3.488	0.000
1170	-4.991	3.493	0.000
1224	-4.991	3.453	0.000
1297	-4.991	3.493	0.000
1298	-4.991	3.493	0.000
1385	-4.991	3.492	0.000
1452	-4.991	3.493	0.000
1287	-4.990	3.514	0.000
1344	-4.990	3.493	0.000
1492	-4.988	3.524	0.000
1416	-4.988	3.514	0.000
1266	-4.988	3.493	0.000
1207	-4.986	3.794	0.000
1497	-4.984	3.793	0.000
1317	-4.942	3.136	0.000
1334	-4.942	3.234	0.000
1341	-4.942	3.238	0.000
1535	-4.939	3.473	0.000
1305	-4.933	3.317	0.000
1254	-4.928	3.325	0.000
1392	-4.928	3.325	0.000
1445	-4.928	3.325	0.000
1468	-4.928	3.325	0.000
1502	-4.928	3.325	0.000
1505	-4.928	3.325	0.000
1510	-4.928	3.324	0.000
1518	-4.928	3.325	0.000
1529	-4.928	3.325	0.000
1195	-4.791	3.584	0.000
1349	-4.791	3.584	0.000
1493	-4.791	3.584	0.000
1523	-4.791	3.584	0.000
1413	-4.764	3.463	0.000
1429	-4.763	3.480	0.000
1425	-4.763	3.462	0.000
1381	-4.763	3.478	0.000
1417	-4.762	3.478	0.000
1365	-4.762	3.468	0.000
1318	-4.762	3.476	0.000
1368	-4.760	3.472	0.000
1389	-4.760	3.420	0.000
1267	-4.739	3.813	0.000
1528	-4.500	3.329	0.000
