840	-3.207	0.000	0.000
885	-3.207	0.001	0.000
910	-3.207	0.000	0.000
944	-3.207	0.001	0.000
945	-3.207	0.001	0.000
965	-3.207	0.000	0.000
966	-3.207	0.000	0.000
1029	-3.207	0.001	0.000
1041	-3.207	0.000	0.000
1075	-3.206	0.001	0.000
1045	-3.206	0.001	0.000
1048	-3.206	0.001	0.000
1050	-3.206	0.001	0.000
1051	-3.206	0.001	0.000
730	-3.204	0.004	0.000
731	-3.204	0.003	0.000
678	-3.184	0.029	0.000
679	-3.184	0.029	0.000
680	-3.184	0.029	0.000
776	-3.184	0.021	0.000
777	-3.184	0.021	0.000
1040	-3.184	0.021	0.000
1067	-3.184	0.021	0.000
986	-3.184	0.020	0.000
1013	-3.184	0.020	0.000
1014	-3.184	0.020	0.000
1015	-3.184	0.020	0.000
1016	-3.184	0.020	0.000
1017	-3.184	0.020	0.000
1018	-3.184	0.020	0.000
1019	-3.184	0.020	0.000
1020	-3.184	0.020	0.000
741	-3.183	0.021	0.000
742	-3.183	0.021	0.000
743	-3.183	0.021	0.000
744	-3.183	0.021	0.000
745	-3.183	0.021	0.000
746	-3.183	0.021	0.000
747	-3.183	0.021	0.000
748	-3.183	0.021	0.000
749	-3.183	0.021	0.000
891	-3.183	0.020	0.000
1061	-3.057	2.038	0.000
758	-3.035	1.751	0.000
898	-3.035	1.750	0.000
900	-3.035	1.751	0.000
815	-3.031	1.751	0.000
824	-3.031	1.751	0.000
825	-3.031	1.751	0.000
830	-3.031	1.751	0.000
831	-3.031	1.751	0.000
956	-3.031	1.751	0.000
1027	-3.031	1.751	0.000
1028	-3.031	1.751	0.000
1068	-3.031	1.752	0.000
834	-3.031	1.751	0.000
860	-3.031	1.751	0.000
861	-3.031	1.751	0.000
862	-3.031	1.751	0.000
863	-3.031	1.751	0.000
864	-3.031	1.751	0.000
948	-3.031	1.751	0.000
1072	-3.031	1.751	0.000
1073	-3.031	1.752	0.000
972	-3.030	1.751	0.000
973	-3.030	1.751	0.000
974	-3.030	1.751	0.000
975	-3.030	1.751	0.000
976	-3.030	1.751	0.000
977	-3.030	1.751	0.000
978	-3.030	1.751	0.000
865	-3.024	1.754	0.000
928	-3.024	1.754	0.000
929	-3.024	1.754	0.000
931	-3.024	1.754	0.000
932	-3.024	1.754	0.000
969	-3.024	1.754	0.000
1038	-3.024	1.754	0.000
1026	-2.943	1.423	0.000
1069	-2.942	1.424	0.000
967	-2.942	1.424	0.000
1076	-2.942	1.425	0.000
