1895	-3.224	0.000	0.000
1896	-3.224	0.000	0.000
1897	-3.224	0.000	0.000
1898	-3.224	0.000	0.000
1899	-3.224	0.000	0.000
1900	-3.224	0.000	0.000
1901	-3.224	0.000	0.000
1902	-3.224	0.000	0.000
1903	-3.224	0.000	0.000
1904	-3.224	0.000	0.000
1905	-3.224	0.000	0.000
1906	-3.224	0.000	0.000
1907	-3.224	0.000	0.000
1919	-3.224	0.000	0.000
1920	-3.224	0.000	0.000
1921	-3.224	0.000	0.000
1922	-3.224	0.000	0.000
1923	-3.224	0.000	0.000
1924	-3.224	0.000	0.000
1925	-3.224	0.000	0.000
1926	-3.224	0.000	0.000
1927	-3.224	0.000	0.000
1939	-3.224	0.000	0.000
1938	-3.164	0.026	0.000
