1236	-7.595	0.000	11.301
1382	-7.393	0.024	11.093
269	-7.388	0.021	11.176
179	-7.384	0.025	11.176
197	-7.384	0.025	11.234
383	-7.383	0.025	11.177
455	-7.383	0.025	11.147
376	-7.383	0.022	11.057
497	-7.382	0.025	2.656
1517	-7.382	0.025	2.656
1528	-7.382	0.025	2.657
182	-7.382	0.022	2.658
188	-7.382	0.022	2.658
190	-7.382	0.022	2.658
223	-7.382	0.022	2.658
538	-7.382	0.022	14.859
156	-7.377	0.025	1.627
169	-7.377	0.025	1.627
1170	-7.377	0.025	1.627
1196	-7.377	0.025	1.627
1240	-7.377	0.025	1.627
1258	-7.377	0.025	1.655
1264	-7.377	0.025	1.654
1294	-7.377	0.025	1.654
1297	-7.377	0.025	1.654
1317	-7.377	0.025	3.055
1322	-7.377	0.025	3.051
339	-7.371	0.030	15.414
357	-7.371	0.030	0.037
358	-7.371	0.030	15.719
385	-7.371	0.030	14.872
434	-7.371	0.030	0.030
446	-7.371	0.030	2.204
1372	-7.370	0.026	2.204
1378	-7.370	0.026	2.204
1380	-7.370	0.026	14.560
1404	-7.370	0.026	2.204
1405	-7.370	0.026	3.350
1469	-7.370	0.026	15.673
1235	-7.367	0.026	15.673
1482	-7.367	0.026	15.673
1486	-7.367	0.026	15.673
1489	-7.367	0.026	15.668
1491	-7.367	0.026	15.669
1508	-7.367	0.026	15.670
1333	-7.367	0.030	15.670
1462	-7.366	0.030	19.918
243	-7.361	0.028	19.918
185	-7.361	0.028	19.899
1524	-7.359	0.028	19.899
1527	-7.359	0.028	19.907
509	-7.359	0.028	19.907
165	-7.355	0.031	19.917
347	-7.350	0.037	19.918
445	-7.350	0.037	19.917
1108	-7.158	2.418	15.182
1248	-7.158	2.418	15.196
1257	-7.158	2.418	15.272
1323	-7.158	2.418	15.272
1254	-7.157	2.418	15.192
268	-7.155	2.418	15.191
57	-7.154	2.418	15.276
111	-7.154	2.418	15.206
112	-7.154	2.418	15.206
251	-7.153	2.416	15.206
148	-7.153	2.418	15.207
495	-7.152	2.418	15.191
253	-7.149	2.419	15.188
1272	-7.145	2.419	15.196
1273	-7.145	2.419	22.015
1276	-7.145	2.419	15.291
1295	-7.145	2.419	14.927
1316	-7.145	2.419	14.927
1084	-7.144	2.419	14.927
1085	-7.144	2.419	14.939
1087	-7.144	2.419	15.097
1090	-7.144	2.419	14.936
1092	-7.144	2.419	15.097
1094	-7.144	2.419	15.097
1095	-7.144	2.419	15.097
1097	-7.144	2.419	15.097
1101	-7.144	2.419	15.097
1104	-7.144	2.419	15.098
1105	-7.144	2.419	17.189
1106	-7.144	2.419	17.189
1107	-7.144	2.419	17.189
1110	-7.144	2.419	17.195
1111	-7.144	2.419	17.194
1114	-7.144	2.419	17.195
1115	-7.144	2.419	17.195
1118	-7.144	2.419	17.195
1119	-7.144	2.419	17.194
1120	-7.144	2.419	17.196
1123	-7.144	2.419	17.192
1124	-7.144	2.419	17.192
1133	-7.144	2.419	17.193
1135	-7.144	2.419	17.198
1136	-7.144	2.419	13.972
1142	-7.144	2.419	18.075
1145	-7.144	2.419	18.075
1149	-7.144	2.419	18.075
1150	-7.144	2.419	18.075
1151	-7.144	2.419	14.335
1156	-7.144	2.419	17.754
1157	-7.144	2.419	17.754
1164	-7.144	2.419	17.754
1165	-7.144	2.419	17.754
1166	-7.144	2.419	17.755
1179	-7.144	2.419	12.187
1192	-7.144	2.419	12.187
1205	-7.144	2.419	12.187
1210	-7.144	2.419	12.187
1228	-7.144	2.419	12.187
1230	-7.144	2.419	12.187
1392	-7.143	2.419	12.187
1354	-7.143	2.420	12.187
1367	-7.143	2.419	12.187
1373	-7.143	2.419	12.187
1376	-7.143	2.419	17.403
1471	-7.143	2.419	12.232
1425	-7.143	2.419	12.233
1431	-7.143	2.419	19.646
1434	-7.143	2.419	19.606
257	-7.141	2.419	19.607
274	-7.141	2.419	19.668
1493	-7.141	2.419	16.815
1511	-7.141	2.420	16.815
435	-7.140	2.420	12.222
522	-7.140	2.420	12.227
193	-7.139	2.420	12.227
382	-7.139	2.420	12.224
569	-7.139	2.420	12.229
1522	-7.139	2.420	12.229
1504	-7.130	2.392	12.229
1194	-7.124	2.440	11.827
288	-7.122	2.421	11.590
418	-7.122	2.421	11.160
478	-7.122	2.421	11.598
479	-7.122	2.421	11.598
485	-7.122	2.421	11.598
516	-7.122	2.421	14.873
575	-7.122	2.421	14.873
410	-7.122	2.421	11.301
1413	-7.118	2.421	11.298
1121	-7.083	1.733	2.269
1361	-6.950	1.755	19.757
1446	-6.950	1.755	0.000
1466	-6.950	1.755	19.769
172	-6.948	1.756	19.767
217	-6.948	1.756	19.769
244	-6.948	1.756	21.738
317	-6.948	1.756	15.231
352	-6.948	1.756	16.453
366	-6.948	1.756	16.454
371	-6.948	1.756	16.452
414	-6.948	1.756	16.453
515	-6.948	1.756	16.452
531	-6.948	1.756	16.452
533	-6.948	1.756	16.453
544	-6.948	1.756	16.453
558	-6.948	1.756	16.453
560	-6.948	1.756	16.453
507	-6.947	1.756	16.453
1529	-6.947	1.756	16.453
1530	-6.947	1.756	16.454
173	-6.933	1.758	12.336
227	-6.933	1.758	12.336
242	-6.933	1.758	12.336
180	-6.933	1.758	12.345
198	-6.933	1.758	12.384
501	-6.932	1.758	19.448
277	-6.931	1.760	19.449
836	-6.931	1.760	19.409
520	-6.930	1.758	19.469
296	-6.929	1.758	16.607
1336	-6.925	1.759	16.607
1340	-6.925	1.759	12.304
1351	-6.925	1.759	12.310
1359	-6.925	1.759	12.310
1362	-6.925	1.759	12.306
1369	-6.925	1.759	12.312
101	-6.923	1.759	12.312
362	-6.923	1.758	12.312
369	-6.923	1.758	12.306
370	-6.923	1.758	11.586
449	-6.923	1.758	11.577
514	-6.923	1.758	11.208
1385	-6.909	1.762	11.212
1393	-6.909	1.762	11.133
1399	-6.909	1.762	11.133
1406	-6.909	1.762	11.215
1410	-6.909	1.762	11.135
1470	-6.909	1.761	11.181
1130	-6.908	1.764	16.010
1137	-6.908	1.764	2.896
1140	-6.908	1.764	2.898
1146	-6.908	1.764	2.898
1152	-6.908	1.764	2.898
1153	-6.908	1.764	2.898
1154	-6.908	1.764	2.898
1155	-6.908	1.764	2.897
1160	-6.908	1.764	2.221
1161	-6.908	1.764	2.221
1162	-6.908	1.764	2.221
1168	-6.908	1.764	2.221
1176	-6.908	1.764	2.221
1187	-6.908	1.764	2.248
1190	-6.908	1.764	2.247
1199	-6.908	1.764	2.248
1204	-6.908	1.764	2.248
1206	-6.908	1.764	3.323
1214	-6.908	1.764	3.323
1238	-6.908	1.764	3.318
1242	-6.908	1.764	2.250
1249	-6.908	1.764	1.265
1253	-6.908	1.764	15.317
1269	-6.908	1.764	16.076
1287	-6.908	1.764	2.282
1313	-6.908	1.764	2.282
105	-6.907	1.761	2.282
117	-6.907	1.761	14.961
126	-6.907	1.761	2.280
214	-6.907	1.761	1.248
1518	-6.906	1.762	3.524
1525	-6.906	1.762	16.119
1345	-6.906	1.762	16.122
1346	-6.906	1.762	16.122
1476	-6.906	1.762	16.122
1234	-6.905	1.764	16.117
1495	-6.905	1.764	16.117
1496	-6.905	1.764	16.119
1503	-6.905	1.764	16.116
1514	-6.905	1.764	19.762
1414	-6.905	1.762	19.762
1429	-6.905	1.762	19.743
1432	-6.905	1.762	19.744
1438	-6.905	1.762	19.751
1439	-6.905	1.762	19.751
1440	-6.905	1.762	19.764
146	-6.903	1.762	19.761
578	-6.903	1.762	19.764
408	-6.897	1.761	16.447
170	-6.892	1.761	16.447
423	-6.889	3.038	16.448
361	-6.887	2.502	16.448
298	-6.886	2.503	16.448
248	-6.885	2.503	17.768
285	-6.875	3.119	15.410
1266	-6.851	3.148	12.303
1308	-6.851	3.148	12.303
1452	-6.851	3.148	12.302
1326	-6.850	3.149	12.296
1371	-6.850	3.149	11.570
1288	-6.850	3.149	11.569
1289	-6.850	3.149	11.199
313	-6.850	3.151	11.579
394	-6.850	3.151	11.579
9	-6.850	3.150	14.539
21	-6.850	3.151	14.539
32	-6.850	3.151	11.162
66	-6.850	3.151	11.162
79	-6.850	3.151	11.160
577	-6.850	3.151	11.160
1177	-6.850	3.149	11.195
15	-6.849	3.151	11.189
17	-6.849	3.151	11.192
283	-6.849	3.152	11.127
354	-6.848	3.152	11.125
464	-6.847	2.503	11.125
462	-6.846	2.503	11.207
271	-6.846	2.503	11.127
399	-6.846	3.161	11.172
553	-6.846	3.161	16.010
381	-6.845	3.162	2.898
421	-6.845	3.162	2.898
1252	-6.842	3.162	2.221
1467	-6.841	3.163	2.221
1143	-6.841	3.162	2.221
1171	-6.841	3.162	2.248
1185	-6.841	3.162	2.248
1186	-6.841	3.162	2.248
1212	-6.841	3.162	3.323
1225	-6.841	3.162	3.323
1226	-6.841	3.162	3.318
1335	-6.841	3.162	2.250
1353	-6.841	3.163	1.265
1363	-6.841	3.163	2.146
1374	-6.841	3.163	15.316
1398	-6.841	3.163	1.260
1408	-6.841	3.163	2.282
1420	-6.841	3.162	2.282
1421	-6.841	3.162	14.961
1423	-6.841	3.162	2.281
1428	-6.841	3.162	14.933
1468	-6.841	3.163	3.524
1475	-6.841	3.162	16.119
8	-6.840	3.164	16.122
23	-6.840	3.164	16.122
37	-6.840	3.164	16.122
53	-6.840	3.164	16.117
55	-6.840	3.164	16.117
58	-6.840	3.164	16.119
68	-6.840	3.164	16.119
72	-6.840	3.164	19.762
82	-6.840	3.164	19.762
84	-6.840	3.164	19.743
85	-6.840	3.164	19.744
99	-6.840	3.164	19.751
107	-6.840	3.165	19.751
109	-6.840	3.165	19.760
127	-6.840	3.165	19.761
142	-6.840	3.164	19.764
300	-6.840	3.165	21.733
392	-6.840	3.165	15.226
413	-6.840	3.166	15.226
450	-6.840	3.165	16.448
524	-6.840	3.166	16.448
554	-6.840	3.165	16.447
1481	-6.840	3.164	16.447
1490	-6.840	3.164	16.447
1498	-6.840	3.164	16.447
1501	-6.840	3.164	16.447
113	-6.840	3.165	16.447
189	-6.839	3.166	16.447
586	-6.839	3.166	16.447
1521	-6.839	3.166	16.448
401	-6.836	2.512	16.448
409	-6.836	2.512	17.768
1251	-6.832	2.512	17.768
1259	-6.832	2.512	17.768
1260	-6.832	2.512	17.768
1267	-6.832	2.512	17.768
1277	-6.832	2.512	17.768
1309	-6.832	2.512	17.768
1282	-6.832	2.512	17.768
1099	-6.831	2.512	17.768
1113	-6.831	2.512	17.768
1116	-6.831	2.512	17.768
1180	-6.831	2.512	17.768
1203	-6.831	2.512	17.769
1358	-6.831	2.512	17.769
1453	-6.831	2.512	15.299
1379	-6.830	2.512	15.312
1383	-6.830	2.512	15.386
1384	-6.830	2.512	15.386
1400	-6.830	2.512	15.310
27	-6.829	2.513	15.309
1500	-6.829	2.513	15.390
1509	-6.829	2.513	15.323
1513	-6.829	2.513	15.323
92	-6.829	2.513	15.323
315	-6.829	2.513	15.309
337	-6.829	2.513	15.307
389	-6.829	2.513	15.310
562	-6.827	2.514	15.311
225	-6.769	1.786	15.405
372	-6.671	3.183	19.404
1224	-6.665	3.184	19.406
1262	-6.665	3.184	19.464
1271	-6.665	3.184	16.601
1274	-6.665	3.184	16.601
1283	-6.665	3.184	12.294
1314	-6.665	3.184	12.300
1320	-6.665	3.184	12.300
18	-6.664	3.185	12.302
19	-6.664	3.185	12.302
22	-6.664	3.185	12.302
29	-6.664	3.185	12.302
40	-6.664	3.185	11.570
41	-6.664	3.185	11.568
42	-6.664	3.185	11.199
43	-6.664	3.185	11.579
1485	-6.664	3.185	11.579
1366	-6.663	3.185	14.539
1381	-6.663	3.185	14.539
1391	-6.663	3.185	11.189
1403	-6.663	3.185	11.162
71	-6.663	3.186	11.160
75	-6.663	3.186	11.160
78	-6.663	3.186	11.195
104	-6.663	3.185	11.200
564	-6.663	3.185	11.221
1415	-6.663	3.185	11.212
1435	-6.663	3.186	11.125
1436	-6.663	3.185	11.125
1444	-6.663	3.185	11.207
1449	-6.663	3.185	11.207
1477	-6.663	3.185	10.450
1478	-6.663	3.185	10.850
1412	-6.662	3.185	1.997
1472	-6.662	3.185	1.997
429	-6.649	3.197	1.999
447	-6.474	1.721	19.748
291	-6.473	1.721	19.748
166	-6.470	1.722	19.748
1132	-6.457	1.743	19.917
184	-6.455	1.737	19.917
241	-6.455	1.737	19.918
1349	-6.455	1.739	19.752
1483	-6.454	1.741	16.580
1510	-6.454	1.741	20.873
