1815	-11.741	0.000	0.000
1848	-11.741	0.000	15.192
1850	-11.741	0.000	15.192
1873	-11.741	0.000	15.275
1880	-11.741	0.000	15.206
1899	-11.741	0.000	15.206
1936	-11.741	0.000	15.206
1789	-11.691	1.095	15.206
1792	-11.691	1.095	15.190
1799	-11.691	1.095	15.195
1801	-11.691	1.095	15.196
1805	-11.691	1.095	15.294
1807	-11.691	1.095	15.290
1810	-11.691	1.095	14.927
1812	-11.691	1.095	14.927
1826	-11.691	1.095	14.927
1828	-11.691	1.095	15.098
1831	-11.691	1.095	15.097
1832	-11.691	1.095	14.936
1833	-11.691	1.095	15.098
1834	-11.691	1.095	15.098
1840	-11.691	1.095	15.097
1845	-11.691	1.095	15.097
1851	-11.691	1.095	15.097
1863	-11.691	1.095	15.098
1870	-11.691	1.095	17.188
1871	-11.691	1.095	17.189
1874	-11.691	1.095	17.189
1913	-11.691	1.095	17.195
1921	-11.691	1.095	17.195
1934	-11.691	1.095	17.194
1938	-11.691	1.095	17.194
1770	-11.640	1.100	17.194
1784	-11.640	1.100	17.194
1811	-11.640	1.100	17.195
1829	-11.640	1.100	17.192
1872	-11.640	1.100	17.192
1865	-11.638	1.101	17.193
1866	-11.638	1.101	17.198
1766	-11.614	1.099	13.972
1774	-11.614	1.099	18.075
1782	-11.614	1.099	18.075
1804	-11.614	1.099	18.075
1813	-11.614	1.099	18.075
1927	-11.614	1.099	14.339
1935	-11.614	1.099	17.755
1836	-11.613	1.099	17.754
1910	-11.613	1.099	17.754
1919	-11.613	1.099	17.754
1882	-11.563	1.103	17.755
1908	-11.562	1.103	12.187
1827	-11.322	1.014	12.187
1895	-11.322	1.014	12.187
1912	-11.322	1.015	12.187
1767	-11.303	1.866	12.187
1768	-11.303	1.866	12.187
1769	-11.303	1.866	12.187
1778	-11.303	1.866	12.187
1785	-11.303	1.866	12.187
1790	-11.303	1.866	12.187
1794	-11.303	1.866	12.187
1795	-11.303	1.866	12.231
1814	-11.303	1.866	12.233
1816	-11.303	1.866	19.646
1817	-11.303	1.866	19.647
1825	-11.303	1.866	19.606
1835	-11.303	1.866	19.667
1837	-11.303	1.866	16.815
1854	-11.303	1.866	16.815
1856	-11.303	1.866	21.357
1877	-11.303	1.866	12.227
1885	-11.303	1.866	12.227
1915	-11.303	1.866	12.224
1916	-11.303	1.866	12.229
1918	-11.303	1.866	12.229
1902	-11.303	1.866	12.229
1830	-11.303	1.866	12.229
1757	-11.282	1.020	11.597
1775	-11.279	1.007	11.591
1776	-11.279	1.007	11.160
1780	-11.279	1.007	11.598
1781	-11.279	1.007	11.598
1783	-11.279	1.007	14.872
1852	-11.279	1.007	14.872
1853	-11.279	1.007	11.301
1869	-11.279	1.007	11.298
1779	-11.279	1.007	11.298
1786	-11.279	1.007	11.298
1860	-11.274	1.007	11.126
1861	-11.274	1.007	11.152
1893	-11.274	1.007	11.239
1904	-11.274	1.007	11.176
1931	-11.274	1.007	11.176
1932	-11.274	1.007	11.176
1838	-11.267	1.864	11.234
1788	-11.267	1.864	11.177
1822	-11.267	1.864	11.148
1839	-11.267	1.864	15.650
1878	-11.267	1.864	2.656
1900	-11.267	1.864	2.658
1909	-11.267	1.864	2.658
1819	-11.264	1.864	2.658
1758	-11.240	1.013	2.658
1759	-11.240	1.013	2.658
1760	-11.240	1.013	2.658
1761	-11.240	1.013	1.627
1762	-11.240	1.013	1.627
1763	-11.240	1.013	1.627
1881	-11.228	1.014	1.627
1867	-11.222	1.014	1.627
1939	-11.112	1.873	1.655
1898	-11.076	1.877	1.654
1907	-11.076	1.877	1.655
1896	-11.073	1.877	1.655
1937	-11.072	1.877	3.055
1820	-11.071	1.877	3.055
1883	-11.068	1.877	3.051
1808	-11.068	1.877	0.036
1847	-11.068	1.877	0.037
1868	-11.067	1.877	14.873
1849	-11.066	1.877	15.722
1796	-10.711	1.493	2.204
1888	-10.504	1.509	2.204
1793	-10.498	1.402	2.204
1809	-10.498	1.402	14.558
1891	-10.498	1.402	2.203
1771	-10.498	1.402	0.001
1773	-10.498	1.402	3.350
1777	-10.498	1.402	15.670
1797	-10.498	1.402	15.673
1798	-10.498	1.402	15.673
1800	-10.498	1.402	15.661
1806	-10.498	1.402	15.667
1818	-10.498	1.402	15.669
1841	-10.498	1.402	15.670
1842	-10.498	1.402	15.633
1859	-10.498	1.402	19.918
1864	-10.498	1.402	19.899
1879	-10.498	1.402	19.899
1903	-10.498	1.402	19.900
1802	-10.459	2.483	19.907
1933	-10.459	2.483	19.907
1917	-10.438	1.409	19.920
1930	-10.437	1.409	19.917
1911	-10.426	2.487	19.920
1924	-10.368	2.495	22.000
1862	-10.313	2.500	15.108
1923	-10.305	2.581	16.251
1928	-10.305	2.581	16.251
1914	-10.285	1.331	16.249
1886	-10.284	1.331	16.250
1926	-10.278	2.581	16.250
1887	-10.277	2.581	16.250
1922	-10.276	2.581	16.250
1803	-10.272	2.579	16.251
1844	-10.272	2.579	16.251
1890	-10.272	2.579	16.252
1764	-10.270	2.580	17.583
1765	-10.270	2.580	17.583
1875	-10.266	1.428	17.583
1897	-10.265	1.428	17.583
1906	-10.265	1.428	17.583
1772	-10.062	2.576	15.195
1787	-10.062	2.576	15.210
1791	-10.062	2.576	15.295
1824	-10.062	2.576	15.291
1843	-10.062	2.576	15.290
1857	-10.062	2.576	14.927
1889	-10.062	2.576	14.927
1929	-10.062	2.576	15.052
1821	-10.013	2.577	14.935
1823	-10.013	2.577	15.097
1855	-10.013	2.577	15.097
1858	-10.013	2.577	15.098
1892	-10.011	2.577	15.097
1925	-9.845	2.602	1.655
1901	-9.845	2.603	1.654
1846	-9.844	2.602	1.654
1920	-9.844	2.602	3.054
1884	-9.687	2.671	3.055
1905	-9.687	2.671	3.051
1876	-9.531	2.711	14.874
1894	-9.531	2.711	14.872
