1971	-7.348	0.000	19.920
1970	-6.596	2.604	22.337
1943	-6.572	2.582	22.356
1950	-6.571	2.583	24.392
1952	-6.571	2.583	17.725
1944	-6.527	2.574	17.816
1958	-6.394	2.515	20.873
1940	-6.342	3.440	20.873
1942	-6.329	3.498	20.873
1949	-6.328	3.498	17.074
1966	-6.328	3.498	20.360
1967	-6.328	3.498	20.360
1969	-6.299	3.538	20.360
1965	-6.202	3.368	13.946
1959	-6.195	2.525	13.939
1968	-6.194	2.524	14.207
1956	-5.796	3.929	19.919
1947	-5.795	3.929	20.873
1962	-5.795	3.929	20.873
1957	-5.701	3.914	13.939
