1747	-4.151	0.000	3.206
1787	-4.150	0.000	15.940
1805	-4.150	0.000	15.940
1806	-4.150	0.000	15.941
1810	-4.150	0.000	15.941
1817	-4.150	0.000	15.941
1818	-4.150	0.000	15.941
1823	-4.150	0.000	15.938
1826	-4.150	0.000	3.191
1840	-4.150	0.001	16.152
1864	-4.150	0.001	16.152
1838	-4.150	0.000	16.152
617	-4.102	0.866	16.186
1779	-4.098	0.867	16.186
1781	-4.098	0.867	16.660
1783	-4.098	0.867	16.660
1804	-4.098	0.867	16.657
1811	-4.098	0.867	15.989
1814	-4.098	0.867	14.961
1819	-4.098	0.867	16.030
1830	-4.098	0.867	3.340
1831	-4.098	0.867	14.946
1855	-4.098	0.867	15.982
1863	-4.098	0.867	15.982
1868	-4.098	0.867	2.797
1824	-4.098	0.867	15.981
1861	-4.098	0.867	2.815
1862	-4.098	0.867	17.434
946	-4.077	0.066	9.474
958	-4.077	0.066	9.474
1018	-4.077	0.066	9.456
1093	-4.077	0.066	9.457
1774	-3.895	0.840	2.583
1834	-3.895	0.841	2.595
1845	-3.895	0.840	2.639
1846	-3.895	0.840	2.639
1791	-3.894	0.841	2.575
1793	-3.894	0.841	2.574
1795	-3.894	0.841	2.640
1797	-3.894	0.840	2.590
1802	-3.894	0.841	2.590
1808	-3.894	0.841	2.590
1822	-3.894	0.841	2.579
1829	-3.894	0.840	2.577
1839	-3.894	0.840	2.578
