435	-5.023	0.000	2.575
466	-5.023	0.000	2.640
117	-5.022	0.001	2.639
119	-5.022	0.001	2.590
141	-5.022	0.001	2.590
168	-5.021	0.001	2.590
212	-5.021	0.008	2.579
225	-5.021	0.001	2.579
235	-5.021	0.001	2.590
152	-5.008	0.006	2.636
210	-5.008	0.006	2.637
56	-5.008	0.006	2.637
478	-4.869	0.030	0.000
481	-4.869	0.030	1.649
487	-4.869	0.030	1.657
1572	-4.867	0.029	1.657
1620	-4.867	0.029	1.657
1621	-4.867	0.029	1.654
1628	-4.867	0.029	1.655
1635	-4.867	0.029	1.655
1650	-4.867	0.029	4.299
1653	-4.867	0.029	4.300
1655	-4.867	0.029	4.301
1656	-4.867	0.029	3.877
1660	-4.867	0.029	3.880
1661	-4.867	0.029	3.877
1669	-4.867	0.029	3.877
1670	-4.867	0.029	3.877
1680	-4.867	0.029	3.877
1687	-4.867	0.029	3.877
1718	-4.862	0.031	3.881
629	-4.861	0.032	4.305
630	-4.861	0.032	4.306
664	-4.861	0.032	3.877
548	-4.860	0.032	3.877
559	-4.860	0.032	6.023
565	-4.860	0.032	6.023
567	-4.860	0.032	6.023
573	-4.860	0.032	6.023
579	-4.860	0.032	6.025
580	-4.860	0.032	2.530
583	-4.860	0.032	5.387
469	-4.858	0.034	5.387
476	-4.858	0.034	5.387
414	-4.855	0.031	5.387
310	-4.854	0.031	8.680
294	-4.853	0.031	8.680
356	-4.853	0.031	8.681
1807	-4.850	0.036	8.681
1813	-4.850	0.036	8.681
1827	-4.850	0.036	8.681
1832	-4.850	0.036	8.681
1939	-4.850	0.036	8.681
526	-4.849	0.036	8.681
528	-4.849	0.036	8.681
529	-4.849	0.036	8.680
576	-4.849	0.036	5.183
594	-4.849	0.036	8.743
905	-4.849	0.036	8.759
490	-4.849	0.129	9.551
677	-4.847	0.033	9.508
679	-4.847	0.033	9.569
22	-4.843	0.670	8.150
25	-4.843	0.670	8.150
26	-4.843	0.670	9.589
28	-4.843	0.670	8.433
449	-4.843	0.670	8.433
37	-4.841	0.670	8.433
103	-4.841	0.670	8.437
112	-4.841	0.670	8.437
297	-4.841	0.670	8.437
32	-4.839	0.672	8.424
33	-4.839	0.672	7.405
357	-4.839	0.672	7.406
1657	-4.667	0.681	7.563
1658	-4.667	0.681	7.427
626	-4.658	0.680	7.428
1843	-4.658	0.680	10.111
560	-4.657	0.680	10.111
595	-4.657	0.680	7.869
611	-4.657	0.680	7.869
614	-4.657	0.680	7.870
440	-4.651	0.680	7.870
1875	-4.644	0.679	8.263
516	-4.643	0.680	7.648
1049	-4.043	3.935	9.462
1048	-4.043	3.938	9.462
894	-4.043	3.948	9.470
1008	-4.043	3.946	9.472
1052	-4.043	3.950	9.475
1058	-4.043	3.945	12.006
1086	-4.043	3.948	2.529
1089	-4.043	3.948	2.529
1090	-4.043	3.944	2.744
1124	-4.043	3.946	2.740
