1643	-5.099	0.000	5.482
1651	-5.099	0.000	5.482
1696	-5.099	0.000	5.482
1698	-5.099	0.000	5.482
1709	-5.099	0.000	5.482
1712	-5.099	0.000	5.482
1713	-5.099	0.000	5.482
1717	-5.099	0.001	5.482
1720	-5.099	0.001	5.482
1721	-5.099	0.001	5.482
1726	-5.099	0.001	5.482
1739	-5.099	0.001	5.483
1742	-5.099	0.001	5.484
1745	-5.099	0.001	2.583
1765	-5.099	0.001	2.595
1777	-5.099	0.001	2.639
1744	-4.972	0.035	0.060
1756	-4.889	0.931	0.063
1697	-4.889	0.958	1.660
1769	-4.521	2.001	7.642
1771	-4.520	2.390	7.885
1642	-4.519	2.390	7.886
1705	-4.519	2.390	7.887
1754	-4.449	2.025	7.625
1716	-4.437	2.166	7.881
1636	-4.304	2.390	7.645
1523	-4.135	3.641	16.152
1654	-4.135	3.641	16.187
1753	-4.095	3.655	2.650
1761	-4.095	3.655	2.648
1508	-4.079	3.730	2.648
1510	-4.079	3.730	2.648
1542	-4.079	3.730	2.657
1548	-4.079	3.730	2.658
1551	-4.079	3.730	2.654
1637	-4.079	3.730	2.655
1723	-3.913	3.650	2.740
1727	-3.913	3.650	2.740
1762	-3.913	3.650	2.740
1512	-3.912	3.650	2.740
1513	-3.912	3.650	2.739
1515	-3.912	3.650	2.739
1530	-3.912	3.650	5.482
1531	-3.912	3.650	5.482
1532	-3.912	3.650	5.482
1534	-3.912	3.650	5.482
1541	-3.912	3.650	5.482
1543	-3.912	3.650	5.482
1552	-3.912	3.650	5.482
1606	-3.912	3.650	5.482
1607	-3.912	3.650	5.482
1667	-3.912	3.650	5.482
1668	-3.912	3.650	5.482
1677	-3.912	3.650	5.482
1704	-3.912	3.650	5.483
1507	-3.874	3.836	2.637
1566	-3.874	3.836	2.637
1577	-3.874	3.836	0.060
1591	-3.874	3.836	0.063
1592	-3.874	3.836	1.660
1597	-3.874	3.836	0.001
1598	-3.874	3.836	1.649
1604	-3.874	3.836	1.657
1609	-3.874	3.836	1.657
1610	-3.874	3.836	1.657
1646	-3.874	3.836	1.655
1663	-3.874	3.836	1.655
1664	-3.874	3.836	1.655
1671	-3.874	3.836	1.656
1678	-3.874	3.836	4.301
1686	-3.874	3.836	4.301
1699	-3.874	3.836	3.877
1700	-3.874	3.836	3.880
1750	-3.873	3.837	3.877
1752	-3.873	3.838	3.877
1757	-3.873	3.838	3.877
1770	-3.873	3.837	3.877
1772	-3.873	3.837	3.877
1526	-3.861	3.370	2.546
