1313	-11.616	0.000	9.240
1476	-11.612	0.045	9.244
1302	-11.606	0.056	9.244
1425	-11.587	0.091	9.244
1428	-11.569	0.572	9.244
1434	-11.551	0.385	7.623
1478	-11.549	0.466	7.618
1329	-11.546	0.548	7.494
1395	-11.545	0.533	7.666
1351	-11.544	0.579	7.666
1265	-11.543	0.606	3.930
1337	-11.543	0.576	3.930
1388	-11.533	0.710	7.050
1462	-11.532	0.717	7.050
1314	-11.529	0.728	7.063
1416	-11.529	0.719	7.063
1212	-11.524	0.771	8.530
1479	-11.518	0.800	8.528
1426	-11.516	0.794	8.520
1470	-11.502	0.862	8.501
1238	-11.461	1.031	18.319
1366	-11.446	0.087	18.356
1422	-11.107	1.632	16.607
1300	-11.058	1.818	7.024
1290	-10.900	3.725	6.144
1268	-10.900	3.724	6.143
1433	-10.899	3.721	6.139
1338	-10.899	3.725	8.093
1303	-10.899	3.725	8.093
1512	-10.899	3.724	8.091
1255	-10.899	3.727	7.125
1454	-10.883	3.724	7.133
1593	-10.883	3.725	7.133
1229	-10.870	3.723	9.686
1291	-10.869	3.723	9.743
1482	-10.869	3.724	3.590
1339	-10.868	3.725	3.590
1266	-10.868	3.724	3.556
1352	-10.868	3.724	3.607
1378	-10.868	3.724	0.000
1254	-10.867	3.725	0.000
1285	-10.866	3.724	9.231
1332	-10.849	3.726	9.244
1301	-10.834	3.722	7.666
1282	-10.834	3.723	7.667
1304	-10.834	3.724	3.930
1412	-10.834	3.723	3.930
1260	-10.834	3.722	7.050
1245	-10.833	3.724	7.067
1492	-10.821	3.723	8.520
1193	-10.819	3.723	7.430
1209	-10.769	3.723	7.032
1251	-10.607	1.912	6.142
1448	-10.550	2.005	6.142
1360	-10.517	3.994	6.787
1465	-10.477	3.905	9.674
1463	-10.149	2.580	21.122
1474	-10.137	2.580	21.162
1316	-10.001	2.582	12.372
1342	-10.000	2.582	12.372
1414	-9.707	3.739	11.962
1485	-9.706	3.745	21.122
1472	-9.685	3.727	21.122
1452	-9.684	3.731	21.122
1450	-9.680	3.709	21.161
1451	-9.660	3.726	19.719
1400	-9.655	3.707	11.939
1226	-9.588	2.602	8.625
1639	-9.498	3.725	12.372
1415	-9.329	3.458	10.371
1398	-9.327	3.475	6.332
1346	-9.307	2.841	9.896
1477	-9.259	2.880	13.552
1281	-9.222	3.340	12.164
1341	-8.708	2.910	13.765
1411	-8.662	2.917	13.552
1387	-8.627	2.092	13.669
1405	-8.369	3.481	13.326
1321	-8.254	3.478	12.884
1362	-8.254	3.478	12.879
1384	-8.254	3.478	12.880
1367	-8.250	3.459	12.879
1659	-8.247	3.457	12.892
