1374	-10.530	0.000	6.143
1308	-10.530	0.008	6.139
1404	-10.530	0.012	6.139
1522	-10.530	0.016	8.093
1484	-10.528	0.035	7.116
1252	-10.520	0.075	7.131
1326	-10.520	0.067	7.131
1392	-10.520	0.060	7.133
1276	-10.520	0.063	7.133
1286	-10.520	0.057	7.132
1375	-10.520	0.056	6.986
1333	-10.520	0.054	6.987
1417	-10.520	0.053	6.986
1442	-10.520	0.052	6.787
1249	-10.520	0.052	6.786
1460	-10.520	0.051	6.787
1297	-10.520	0.047	6.787
1389	-10.520	0.049	6.787
1292	-10.520	0.048	6.787
1242	-10.519	0.063	6.787
1344	-10.516	0.023	6.988
1394	-10.511	0.039	6.989
1407	-10.510	0.055	6.791
1461	-10.510	0.067	6.791
1473	-10.510	0.053	6.794
1315	-10.510	0.039	6.794
1353	-10.510	0.044	6.794
1272	-10.510	0.030	6.794
1397	-10.509	0.032	6.794
1350	-10.509	0.023	7.485
1294	-10.508	0.076	7.356
1406	-10.506	0.025	7.356
1237	-10.501	0.955	7.356
1677	-10.484	0.022	9.674
1610	-10.480	0.956	9.674
1262	-10.468	0.030	5.862
1324	-10.467	0.032	9.743
1348	-10.467	0.030	9.752
1347	-10.467	0.029	3.590
1219	-10.466	0.029	3.556
1317	-10.466	0.029	3.607
1318	-10.425	0.959	3.619
1230	-10.389	0.949	9.240
1287	-10.389	0.949	9.244
1372	-10.389	0.949	9.244
1256	-10.383	0.947	7.623
1363	-10.359	0.967	3.930
1402	-10.314	0.947	7.063
1232	-10.313	0.947	7.063
1467	-10.206	0.962	21.122
1435	-9.404	1.527	11.842
1489	-9.301	1.279	9.897
382	-9.162	1.764	7.906
1371	-8.089	3.818	8.971
1222	-8.050	3.793	9.936
1271	-8.050	3.794	9.936
1354	-8.050	3.792	9.936
1385	-8.050	3.794	9.937
1409	-8.050	3.796	9.937
1293	-8.050	3.797	9.937
1340	-8.050	3.794	9.937
1429	-8.042	3.798	8.698
1432	-8.042	3.801	8.697
1379	-8.042	3.799	8.698
1632	-6.040	3.548	0.016
