1275	-7.630	0.000	2.181
1240	-7.630	0.001	2.181
1322	-7.630	0.003	2.180
1305	-7.630	0.003	2.202
1284	-7.629	0.004	2.203
1449	-7.629	0.005	11.781
94	-7.408	3.883	12.176
1099	-7.402	3.914	12.177
1115	-7.330	3.753	8.406
415	-7.258	3.909	7.355
436	-7.258	3.898	7.355
69	-7.257	3.882	7.355
326	-6.989	3.759	7.775
1358	-6.812	3.017	2.180
1469	-6.793	1.679	2.180
1264	-6.778	3.511	2.180
1259	-6.720	3.362	2.180
1488	-6.701	3.413	2.180
1390	-6.646	3.519	2.180
1364	-6.646	3.517	7.550
1280	-6.645	3.509	2.203
1464	-6.643	3.531	11.781
477	-6.631	3.520	11.782
