1744	-13.522	0.000	6.786
1787	-13.521	0.000	6.787
1711	-13.521	0.002	6.787
1716	-13.520	0.002	6.787
1733	-13.520	0.002	6.787
1752	-13.520	0.002	6.787
1821	-13.520	0.002	6.787
1728	-13.519	0.001	6.988
1729	-13.519	0.001	6.989
1755	-13.519	0.002	6.792
1697	-13.282	0.044	6.794
1706	-13.282	0.044	6.794
1708	-13.282	0.058	6.794
1734	-13.281	0.042	6.794
1789	-13.279	0.065	7.483
1751	-13.271	0.028	7.356
1723	-13.266	0.038	7.356
1791	-13.260	0.039	7.356
1775	-13.248	0.039	7.356
1784	-13.248	0.039	7.356
1688	-13.221	0.026	9.674
1698	-13.214	0.043	9.674
1684	-13.186	0.085	9.674
1714	-13.139	0.123	9.674
1767	-12.503	0.415	9.673
1815	-10.771	3.503	7.025
1810	-10.734	3.500	7.550
1749	-10.734	3.501	7.550
1758	-10.733	3.501	7.550
1778	-10.660	3.501	6.138
1766	-10.646	3.530	6.151
1793	-10.645	1.575	6.128
1779	-10.579	3.507	6.142
1761	-10.409	3.251	9.240
1757	-10.409	1.997	9.240
1693	-10.386	3.244	9.244
1689	-10.386	3.245	9.230
1776	-10.377	3.245	7.494
1794	-10.375	3.250	7.666
1796	-10.375	3.250	7.666
1709	-10.283	3.933	6.967
1792	-10.239	2.002	6.967
1798	-10.239	2.002	7.397
1808	-10.230	3.989	20.823
1731	-10.157	1.996	21.122
1783	-10.118	1.979	8.639
1772	-9.857	2.937	11.825
1813	-9.760	3.718	11.258
1735	-9.731	3.728	20.822
1750	-9.731	3.729	20.823
1712	-9.628	3.917	8.639
1725	-9.627	3.927	8.639
1804	-9.625	3.917	8.639
1695	-9.624	3.938	8.639
1741	-9.603	3.892	7.571
1686	-9.568	3.921	8.620
1756	-9.548	2.730	7.665
1801	-9.536	3.909	7.665
1762	-9.522	3.905	12.372
1707	-9.475	3.604	12.426
1739	-9.331	3.599	10.419
1788	-9.330	3.594	10.374
1703	-9.225	3.595	10.352
1710	-9.224	3.615	10.359
1765	-9.224	3.585	12.188
1781	-9.224	3.583	12.164
1785	-9.224	3.589	12.163
1777	-8.933	3.516	7.776
1795	-8.925	3.521	7.775
1718	-8.553	3.011	8.409
1811	-7.116	3.855	8.391
1773	-7.113	3.889	7.801
