1490	-8.353	0.000	3.992
1522	-8.353	0.000	17.546
1588	-8.353	0.000	3.222
1597	-8.353	0.000	3.856
1527	-8.345	0.006	1.854
1528	-8.345	0.006	7.774
1544	-8.345	0.006	7.768
1545	-8.345	0.006	7.834
1546	-8.345	0.006	2.238
1510	-8.328	0.007	17.378
1538	-8.328	0.007	17.382
1572	-8.328	0.007	17.314
1541	-8.327	0.007	17.308
1542	-8.327	0.007	3.534
1484	-8.303	0.007	3.532
1485	-8.303	0.007	3.535
1486	-8.303	0.007	3.529
1487	-8.303	0.007	16.768
1488	-8.303	0.007	4.905
1493	-8.303	0.007	4.180
1496	-8.303	0.007	4.180
1519	-8.303	0.007	4.181
1531	-8.303	0.007	4.181
1548	-8.303	0.007	4.181
1552	-8.303	0.007	13.381
1553	-8.303	0.007	16.683
1554	-8.303	0.007	4.378
1555	-8.303	0.007	3.727
1564	-8.303	0.007	3.713
1584	-8.302	0.007	9.050
1525	-7.956	1.556	13.051
1526	-7.956	1.556	18.088
1523	-7.956	1.556	7.840
1507	-7.946	1.556	3.525
1508	-7.946	1.556	3.524
1509	-7.946	1.556	3.525
1511	-7.946	1.556	3.524
1512	-7.946	1.556	3.924
1472	-7.945	1.556	4.901
1473	-7.945	1.556	4.172
1499	-7.945	1.556	4.172
1463	-7.945	1.556	4.172
1498	-7.945	1.556	4.172
1500	-7.945	1.556	4.845
1549	-7.928	1.557	16.994
1551	-7.928	1.557	4.619
1561	-7.928	1.557	3.813
1562	-7.928	1.557	3.713
1563	-7.928	1.557	4.586
1483	-7.927	1.557	5.072
1520	-7.927	1.557	4.714
1529	-7.927	1.557	3.624
1530	-7.927	1.557	3.402
1532	-7.927	1.557	3.418
1533	-7.927	1.557	3.624
1598	-7.927	1.557	3.623
