126	-8.155	0.000	17.347
517	-7.357	2.045	2.008
252	-7.348	2.042	2.008
460	-7.348	2.042	2.008
523	-7.348	2.042	2.008
262	-7.347	2.042	2.008
303	-7.347	2.042	2.008
304	-7.347	2.042	2.008
307	-7.347	2.042	2.008
333	-7.347	2.042	2.008
339	-7.347	2.042	1.554
477	-7.347	2.042	1.553
78	-7.347	2.042	1.551
162	-7.347	2.042	1.551
184	-7.347	2.042	17.347
238	-7.347	2.042	17.347
240	-7.347	2.042	17.347
244	-7.347	2.042	17.347
245	-7.347	2.042	17.347
269	-7.347	2.042	17.347
417	-7.347	2.042	17.347
492	-7.347	2.042	17.347
558	-7.347	2.042	17.374
58	-7.346	2.042	1.630
192	-7.346	2.042	1.631
367	-7.346	2.042	17.368
432	-7.327	2.050	8.753
291	-7.109	1.030	5.887
384	-7.109	1.030	5.887
545	-7.109	1.030	5.887
541	-5.779	2.605	7.656
560	-5.778	2.605	7.656
