1397	-9.137	0.000	8.753
1411	-9.137	0.000	8.754
1426	-9.137	0.000	2.557
1453	-9.132	0.000	2.557
1401	-9.130	0.000	2.557
1392	-9.120	0.001	2.557
1387	-9.117	0.001	2.557
1505	-9.114	0.001	2.557
1440	-9.112	0.001	2.557
1409	-9.111	0.001	2.557
1521	-9.110	0.001	2.557
1381	-8.956	0.579	2.557
1785	-8.935	0.008	2.557
1795	-8.933	0.008	2.557
1771	-8.925	0.007	17.044
1772	-8.925	0.008	7.339
1372	-8.925	0.007	7.339
1730	-8.919	0.007	7.339
1378	-8.918	0.007	6.973
1400	-8.918	0.007	5.764
1444	-8.915	0.007	5.749
1742	-8.914	0.007	7.653
1756	-8.914	0.007	7.654
1516	-8.912	0.007	7.654
1787	-8.792	0.601	5.760
1374	-8.784	0.598	5.760
1732	-8.779	0.602	5.888
1443	-8.778	0.601	5.888
1462	-8.776	0.602	5.887
1518	-8.776	0.602	5.887
1733	-8.701	0.011	6.107
1726	-8.700	0.011	6.107
1737	-8.577	0.614	6.107
1377	-6.301	1.750	17.347
1380	-6.301	1.750	17.374
1399	-6.300	1.750	1.631
1460	-6.298	1.750	1.631
1388	-6.298	1.750	17.368
1435	-6.296	1.749	17.369
1533	-6.255	1.742	8.753
1445	-6.254	1.742	8.754
1499	-6.254	1.742	2.557
1757	-6.253	1.742	2.557
1748	-6.172	1.729	7.339
1458	-6.144	2.307	5.887
1545	-6.142	2.307	6.041
1455	-6.126	2.452	19.085
1493	-6.120	2.452	0.019
1488	-6.120	2.452	0.001
1504	-6.120	2.452	0.002
1508	-6.081	2.303	0.001
1530	-6.081	2.302	0.006
1547	-6.081	2.303	9.154
1416	-6.076	2.311	9.150
1448	-6.076	2.311	9.151
1513	-6.075	2.311	2.009
1469	-6.068	2.271	2.009
1459	-6.065	2.271	2.009
1424	-6.062	2.449	2.009
1553	-6.053	2.456	2.009
1415	-6.053	2.456	2.008
1494	-6.053	2.456	2.009
1736	-6.024	2.307	2.557
1764	-6.022	2.307	2.557
1806	-6.022	2.307	2.557
1815	-6.022	2.307	2.557
1468	-6.007	2.268	2.557
1428	-5.988	2.274	7.339
1473	-5.988	2.274	7.340
1511	-5.987	2.275	7.339
