5	-9.900	0.000	0.001
10	-9.900	0.000	0.002
28	-9.900	0.000	0.001
29	-9.900	0.000	0.001
30	-9.900	0.000	0.002
36	-9.900	0.000	0.001
39	-9.900	0.000	0.001
44	-9.900	0.000	0.001
60	-9.898	0.001	0.001
63	-9.898	0.001	0.001
67	-9.898	0.001	0.001
70	-9.898	0.001	0.001
80	-9.898	0.001	0.001
81	-9.898	0.001	0.001
89	-9.898	0.001	0.001
150	-9.898	0.001	0.001
156	-9.898	0.000	0.001
175	-9.898	0.001	0.006
178	-9.898	0.001	9.154
179	-9.898	0.001	9.150
210	-9.898	0.001	9.151
313	-9.898	0.001	2.009
360	-9.898	0.001	2.008
381	-9.898	0.001	2.008
418	-9.898	0.001	2.008
433	-9.898	0.001	2.008
481	-9.898	0.001	2.008
546	-9.898	0.001	2.008
16	-9.867	1.350	2.008
17	-9.867	1.350	2.008
32	-9.867	1.350	2.008
230	-9.867	1.350	2.008
232	-9.867	1.350	2.008
428	-9.866	1.350	2.008
106	-9.866	1.350	1.554
135	-9.866	1.350	1.553
143	-9.866	1.350	1.551
149	-9.866	1.350	1.551
205	-9.866	1.350	17.347
207	-9.866	1.350	17.347
247	-9.866	1.350	17.347
251	-9.866	1.350	17.347
320	-9.866	1.350	17.347
361	-9.866	1.350	17.348
371	-9.866	1.350	17.348
373	-9.866	1.350	17.347
375	-9.866	1.350	17.374
379	-9.866	1.350	1.630
382	-9.866	1.350	1.631
383	-9.866	1.350	17.368
390	-9.866	1.350	17.369
391	-9.866	1.350	8.753
401	-9.866	1.350	8.754
407	-9.866	1.350	2.557
434	-9.866	1.350	2.557
450	-9.866	1.350	2.557
468	-9.866	1.350	2.557
480	-9.866	1.350	2.557
497	-9.866	1.350	2.557
564	-9.866	1.350	2.557
228	-9.817	0.023	2.557
55	-9.816	0.023	2.557
88	-9.816	0.023	2.557
95	-9.816	0.023	2.557
96	-9.816	0.023	2.557
102	-9.816	0.023	2.557
117	-9.816	0.023	2.557
121	-9.816	0.023	3.458
191	-9.816	0.023	17.044
193	-9.816	0.023	7.339
194	-9.816	0.023	7.339
199	-9.816	0.023	7.339
203	-9.816	0.023	7.339
204	-9.816	0.023	7.339
394	-9.816	0.023	7.339
362	-9.812	0.025	7.339
138	-9.812	0.025	7.339
206	-9.812	0.025	6.972
21	-9.682	1.620	5.764
559	-9.580	2.114	6.109
409	-9.407	0.718	2.009
508	-9.402	1.402	17.347
520	-9.402	1.402	17.347
531	-9.402	1.402	17.347
540	-9.402	1.402	17.347
454	-9.399	1.402	17.348
456	-9.399	1.402	17.347
553	-9.397	1.402	17.374
429	-9.336	2.371	1.630
549	-9.336	2.365	1.630
479	-9.317	1.735	17.368
440	-8.929	1.363	2.557
214	-8.925	1.364	3.458
412	-8.745	0.065	8.504
496	-8.744	0.064	17.722
467	-8.642	3.828	6.107
327	-8.300	1.015	18.139
425	-8.299	1.016	18.139
98	-8.299	1.016	19.084
259	-8.298	1.015	5.603
236	-8.298	1.015	0.013
469	-8.297	1.007	0.007
474	-8.297	1.007	0.005
505	-8.297	1.007	0.007
290	-8.297	1.015	0.008
292	-8.297	1.015	0.007
312	-8.297	1.015	0.007
500	-8.297	1.015	0.008
501	-8.297	1.015	0.007
395	-8.295	1.009	0.007
453	-8.294	1.008	0.006
458	-7.862	3.718	5.764
110	-7.861	3.718	5.764
124	-7.861	3.718	5.764
235	-7.861	3.718	5.764
237	-7.861	3.718	7.655
256	-7.861	3.718	7.655
294	-7.861	3.718	7.655
122	-7.860	3.718	7.655
187	-7.860	3.718	5.748
282	-7.839	3.717	5.748
308	-7.839	3.717	7.652
111	-7.837	3.720	7.654
112	-7.837	3.721	7.654
374	-7.837	3.721	7.654
376	-7.837	3.721	7.654
385	-7.837	3.720	7.653
436	-7.837	3.720	7.653
443	-7.837	3.721	7.654
471	-7.837	3.720	7.653
516	-7.837	3.720	7.654
11	-7.836	3.720	7.003
45	-7.836	3.720	6.942
99	-7.836	3.721	5.759
173	-7.836	3.720	5.759
200	-7.836	3.721	5.760
27	-7.836	3.720	5.759
75	-7.836	3.721	5.887
148	-7.836	3.721	5.887
158	-7.836	3.721	5.886
131	-7.836	3.721	5.886
4	-7.836	3.720	5.886
56	-7.836	3.721	6.040
61	-7.836	3.720	6.040
73	-7.836	3.721	6.040
85	-7.836	3.721	5.888
101	-7.836	3.721	7.180
160	-7.836	3.721	7.175
246	-7.836	3.721	8.502
289	-7.836	3.721	8.504
298	-7.836	3.721	6.409
311	-7.836	3.721	17.723
346	-7.836	3.721	17.723
359	-7.836	3.721	17.723
396	-7.836	3.721	17.723
465	-7.836	3.721	17.723
491	-7.836	3.720	17.723
239	-7.828	3.700	17.723
48	-7.780	2.132	6.109
219	-7.780	2.132	6.109
2	-7.780	2.132	6.109
9	-7.780	2.132	6.109
12	-7.780	2.132	6.109
19	-7.780	2.132	6.109
23	-7.780	2.132	6.109
24	-7.780	2.132	6.109
26	-7.780	2.132	6.109
34	-7.780	2.132	6.109
37	-7.780	2.132	6.109
43	-7.780	2.132	6.109
54	-7.780	2.132	6.109
57	-7.780	2.132	6.109
74	-7.780	2.132	6.109
87	-7.780	2.132	6.109
145	-7.780	2.132	6.109
1	-7.490	1.681	6.109
3	-7.490	1.681	6.109
7	-7.490	1.681	6.109
8	-7.490	1.681	6.109
14	-7.490	1.681	6.109
18	-7.490	1.681	6.109
22	-7.490	1.681	6.110
42	-7.490	1.681	17.718
79	-7.490	1.681	17.710
82	-7.490	1.681	18.140
104	-7.490	1.681	18.141
258	-7.490	1.681	18.140
50	-7.485	1.681	18.140
120	-7.485	1.681	19.085
326	-7.382	2.201	0.001
512	-7.382	2.201	0.001
41	-7.382	2.201	0.001
125	-7.382	2.201	0.001
342	-7.382	2.201	0.001
352	-7.382	2.201	0.001
155	-7.381	2.201	0.001
196	-7.381	2.201	0.006
364	-7.381	2.201	9.154
6	-7.377	2.765	9.151
40	-7.377	2.765	2.009
92	-7.377	2.765	2.008
53	-7.376	2.765	2.008
76	-7.376	2.765	2.008
377	-7.324	2.204	2.557
174	-7.323	2.204	2.557
224	-7.294	3.287	2.557
264	-7.294	3.287	2.557
90	-7.271	1.711	2.557
123	-7.271	1.522	2.557
62	-7.270	2.755	2.557
65	-7.270	2.755	2.557
49	-7.270	2.755	2.557
447	-7.260	2.754	2.557
518	-7.260	2.754	2.557
424	-7.259	2.754	7.340
513	-7.252	2.750	5.764
77	-7.233	2.753	5.764
84	-7.233	2.753	5.765
278	-7.233	2.753	5.765
109	-7.233	2.763	5.765
330	-7.233	2.753	5.765
562	-7.233	2.755	7.656
31	-7.233	2.753	7.656
64	-7.233	2.753	7.656
66	-7.233	2.753	7.656
91	-7.233	2.753	5.749
115	-7.233	2.753	5.749
167	-7.233	2.753	7.653
144	-7.233	2.758	7.654
20	-7.232	2.753	7.654
38	-7.232	2.753	7.654
164	-7.232	2.753	7.654
177	-7.232	2.753	7.654
274	-7.232	2.753	7.654
59	-7.232	2.753	7.655
71	-7.232	2.752	7.654
128	-7.232	2.753	7.655
139	-7.231	2.749	7.003
448	-7.122	3.338	5.760
306	-7.122	3.338	5.888
485	-7.122	3.338	5.888
13	-7.099	2.287	6.041
25	-7.099	2.287	6.041
35	-7.099	2.287	6.041
113	-7.099	2.286	5.888
166	-7.099	2.287	7.180
170	-7.099	2.287	7.176
234	-7.099	2.287	8.502
404	-7.099	2.287	8.504
33	-7.037	2.264	6.410
248	-7.036	2.265	17.723
249	-7.036	2.265	17.723
329	-7.036	2.265	17.723
431	-7.036	2.265	17.723
534	-7.036	2.265	17.723
15	-7.036	2.265	17.723
51	-7.035	2.265	17.723
83	-7.035	2.265	6.109
116	-7.035	2.265	6.109
142	-7.035	2.265	6.109
172	-7.035	2.265	6.109
241	-7.035	2.265	6.109
277	-7.035	2.265	6.109
280	-7.035	2.265	6.109
281	-7.035	2.265	6.109
284	-7.035	2.265	6.109
285	-7.035	2.265	6.109
309	-7.035	2.265	6.109
345	-7.035	2.265	6.109
414	-7.035	2.265	6.109
493	-7.035	2.265	6.109
47	-7.035	2.265	6.109
69	-7.035	2.265	6.109
97	-7.035	2.265	6.109
100	-7.035	2.265	6.109
119	-7.035	2.265	6.109
211	-7.035	2.265	6.109
427	-7.035	2.265	6.109
482	-7.035	2.265	6.109
486	-7.035	2.265	6.109
550	-7.035	2.265	6.109
185	-7.034	2.265	17.717
186	-7.034	2.265	17.710
188	-7.034	2.265	18.140
221	-7.034	2.266	18.140
472	-6.961	2.251	18.140
419	-6.960	2.251	19.085
423	-6.959	2.251	5.605
483	-6.959	2.251	0.019
161	-6.959	2.251	0.001
270	-6.751	2.566	0.001
279	-6.751	2.566	0.002
343	-6.751	2.566	0.001
107	-6.719	1.645	0.001
446	-6.672	2.560	0.001
332	-6.521	3.734	0.001
276	-6.437	2.209	0.001
410	-6.437	2.209	0.001
452	-6.437	2.209	0.001
457	-6.437	2.210	0.001
52	-6.419	2.654	0.001
133	-6.419	2.654	0.006
141	-6.419	2.654	9.154
268	-6.419	2.654	9.150
297	-6.419	2.654	9.151
400	-6.419	2.654	2.009
213	-6.418	2.808	2.008
93	-6.416	2.600	2.008
165	-6.416	2.600	2.008
455	-6.416	2.600	2.008
254	-6.406	2.265	2.008
340	-6.406	2.265	2.008
347	-6.406	2.265	2.008
134	-6.400	1.511	2.008
168	-6.400	1.511	2.008
169	-6.400	1.511	2.008
182	-6.400	1.510	2.008
218	-6.400	1.511	2.008
163	-6.399	1.511	1.554
198	-6.399	1.511	1.553
563	-6.399	1.511	1.551
296	-6.393	2.237	1.551
300	-6.393	2.237	17.347
335	-6.393	2.237	17.347
490	-6.393	2.237	17.347
223	-6.369	2.213	17.347
302	-6.355	2.124	17.347
554	-6.354	2.124	17.347
399	-6.327	2.219	17.348
532	-6.220	2.614	2.557
365	-6.219	2.614	2.557
397	-6.219	2.614	2.557
494	-6.219	2.614	2.557
547	-6.219	2.614	2.557
393	-6.215	2.671	2.557
402	-6.215	2.671	2.557
444	-6.215	2.671	2.557
451	-6.215	2.671	2.557
510	-6.215	2.671	2.557
530	-6.215	2.671	2.557
556	-6.214	2.671	2.557
435	-6.208	2.823	2.557
478	-6.208	2.823	2.557
537	-6.208	2.823	3.458
288	-6.207	2.823	17.044
551	-6.207	2.823	7.339
319	-6.207	2.823	7.339
86	-6.167	2.217	7.339
421	-6.167	2.217	7.339
466	-6.167	2.217	7.339
473	-6.153	2.677	6.971
334	-6.153	2.677	6.973
416	-6.152	2.677	6.973
324	-6.152	2.677	5.764
338	-6.152	2.677	5.764
439	-6.152	2.677	5.764
535	-6.152	2.677	5.764
263	-6.152	2.677	5.764
299	-6.152	2.677	5.764
301	-6.152	2.677	5.765
140	-6.151	2.677	5.765
484	-6.151	2.677	5.765
189	-6.151	2.677	5.764
475	-6.147	2.634	7.656
476	-6.147	2.634	7.656
154	-6.146	2.634	7.656
180	-6.146	2.634	7.656
181	-6.146	2.634	5.749
215	-6.146	2.633	5.749
283	-6.146	2.634	7.652
293	-6.146	2.634	7.654
351	-6.146	2.633	7.654
353	-6.146	2.634	7.654
354	-6.146	2.633	7.654
355	-6.146	2.634	7.654
357	-6.146	2.633	7.654
420	-6.146	2.634	7.655
426	-6.146	2.634	7.654
325	-6.146	2.633	7.655
380	-6.146	2.633	7.003
504	-6.146	2.633	6.942
519	-6.146	2.633	5.760
528	-6.146	2.634	5.760
538	-6.146	2.633	5.760
229	-6.146	2.678	5.760
146	-6.145	2.634	5.888
318	-6.145	2.628	5.888
368	-6.145	2.634	5.887
398	-6.145	2.634	5.887
231	-6.138	2.837	6.041
136	-6.137	2.837	5.888
137	-6.137	2.837	7.180
253	-6.137	2.837	7.175
267	-6.137	2.837	8.502
378	-6.137	2.837	8.504
387	-6.137	2.837	6.410
392	-6.137	2.837	17.723
408	-6.137	2.837	17.723
442	-6.137	2.837	17.723
498	-6.137	2.837	17.723
509	-6.137	2.837	17.723
511	-6.137	2.837	17.723
526	-6.137	2.837	17.723
536	-6.137	2.837	6.109
68	-6.137	2.837	6.109
114	-6.137	2.837	6.109
226	-6.137	2.837	6.109
227	-6.137	2.837	6.109
255	-6.137	2.837	6.109
348	-6.137	2.837	6.109
405	-6.137	2.837	6.109
411	-6.137	2.837	6.109
195	-6.136	2.837	6.109
272	-6.136	2.837	6.109
273	-6.136	2.837	6.109
488	-6.136	2.837	6.109
220	-6.136	2.837	6.109
130	-6.136	2.837	6.109
533	-6.135	2.273	6.109
286	-6.134	2.273	6.109
363	-6.119	2.247	0.001
388	-6.090	2.524	0.002
349	-6.089	2.524	0.001
314	-6.086	2.222	0.001
243	-6.085	2.222	0.002
108	-6.084	2.222	0.001
287	-6.084	2.221	0.001
331	-6.084	2.221	0.001
437	-6.084	2.222	0.001
463	-6.084	2.221	0.001
561	-6.084	2.222	0.001
543	-6.083	2.416	0.001
271	-6.083	2.222	0.001
310	-6.083	2.222	0.001
356	-6.083	2.222	0.001
337	-6.082	2.416	0.001
72	-6.052	2.664	2.009
94	-6.052	2.664	2.009
389	-6.048	2.279	2.009
507	-6.048	2.279	2.009
544	-6.048	2.279	2.008
266	-6.048	2.280	1.554
449	-6.047	2.280	1.553
152	-6.047	2.279	1.551
315	-6.047	2.279	1.551
317	-6.047	2.279	17.347
328	-6.047	2.280	17.347
403	-6.047	2.280	17.347
358	-6.046	2.280	17.347
366	-6.046	2.280	17.347
489	-6.046	2.280	17.347
127	-6.046	2.280	17.348
521	-6.046	2.280	17.347
129	-6.045	2.280	17.374
222	-6.045	2.280	1.630
261	-6.045	2.248	1.630
415	-6.044	2.249	17.368
445	-6.044	2.248	17.369
514	-6.044	2.248	8.753
527	-6.044	2.248	8.754
151	-6.044	2.248	2.557
197	-6.043	2.248	2.557
201	-6.043	2.248	2.557
212	-6.043	2.248	2.557
406	-6.043	2.248	2.557
430	-6.043	2.248	2.557
372	-6.043	2.249	2.557
502	-6.043	2.248	2.557
132	-6.042	2.248	2.557
208	-5.938	2.687	7.339
250	-5.938	2.687	7.339
316	-5.937	2.687	7.339
322	-5.901	3.633	7.340
441	-5.901	3.633	6.973
529	-5.901	3.633	6.971
257	-5.900	3.633	6.973
464	-5.900	3.633	6.973
344	-5.893	2.680	5.764
105	-5.893	2.680	5.764
260	-5.893	2.680	5.764
305	-5.893	2.680	5.764
515	-5.893	2.680	5.764
147	-5.892	2.680	5.764
499	-5.852	3.916	5.765
506	-5.852	3.916	5.765
539	-5.852	3.916	5.765
522	-5.852	3.916	5.765
422	-5.767	1.560	7.656
157	-5.731	3.132	5.749
413	-5.716	2.325	5.749
321	-5.714	3.128	7.653
225	-5.713	3.128	7.654
487	-5.713	3.128	7.654
242	-5.686	2.963	7.654
350	-5.686	2.963	7.654
525	-5.680	2.835	7.654
542	-5.680	2.835	7.654
216	-5.665	1.580	7.655
336	-5.665	1.580	7.654
323	-5.665	1.580	7.655
370	-5.414	2.383	7.003
46	-5.320	3.330	6.942
118	-5.320	3.330	5.760
202	-5.291	3.320	5.760
555	-5.138	2.541	5.760
470	-5.108	2.675	5.760
386	-5.098	2.549	5.888
275	-5.097	2.549	5.887
