1453	-6.949	0.000	21.280
1585	-6.949	0.000	21.280
1595	-6.949	0.000	22.892
1601	-6.949	0.000	22.892
1602	-6.949	0.000	22.893
1619	-6.949	0.000	21.280
1535	-6.949	0.000	23.412
1536	-6.949	0.000	23.410
1507	-6.948	0.001	24.853
1567	-6.948	0.001	24.855
1611	-6.948	0.001	23.370
1490	-6.948	0.001	31.945
1628	-6.948	0.001	31.945
1629	-6.948	0.001	31.945
1630	-6.948	0.001	31.945
1631	-6.948	0.001	31.945
1658	-6.948	0.001	31.945
1659	-6.948	0.001	31.945
1660	-6.948	0.001	16.624
1662	-6.948	0.001	16.624
1472	-6.947	0.001	16.624
1519	-6.947	0.001	16.624
1520	-6.947	0.001	16.624
1521	-6.947	0.001	16.624
1525	-6.947	0.001	16.624
1526	-6.947	0.001	16.624
1605	-6.947	0.001	16.624
1626	-6.947	0.001	16.624
1637	-6.947	0.001	16.624
1646	-6.947	0.001	16.624
1671	-6.947	0.001	16.624
1672	-6.947	0.001	16.624
1707	-6.947	0.001	16.624
1734	-6.947	0.001	16.624
1501	-6.946	0.001	16.624
1502	-6.946	0.001	16.624
1575	-6.946	0.001	16.624
1688	-6.946	0.001	16.624
1717	-6.946	0.001	16.624
1100	-6.941	0.008	16.624
1202	-6.941	0.008	16.624
655	-6.941	0.008	16.624
1336	-6.853	0.015	31.950
1337	-6.853	0.015	31.945
1338	-6.853	0.015	32.580
1339	-6.853	0.015	32.581
1340	-6.853	0.015	32.580
1341	-6.853	0.015	32.581
1342	-6.853	0.015	33.309
1345	-6.846	0.017	16.430
1346	-6.846	0.017	17.347
1347	-6.846	0.017	17.347
1348	-6.846	0.017	17.347
1349	-6.846	0.017	17.347
1350	-6.846	0.017	17.347
1355	-6.846	0.017	17.347
1356	-6.846	0.017	17.347
1357	-6.846	0.017	17.347
1358	-6.846	0.017	17.347
1359	-6.846	0.017	17.347
1360	-6.846	0.017	17.347
1361	-6.846	0.017	17.347
1364	-6.846	0.017	17.347
1367	-6.846	0.017	17.347
1374	-6.846	0.017	17.347
1395	-6.846	0.017	17.347
1397	-6.846	0.017	17.347
1401	-6.846	0.017	17.347
1403	-6.846	0.017	17.347
1409	-6.846	0.017	17.347
1416	-6.846	0.017	17.346
1420	-6.846	0.017	21.598
1424	-6.846	0.017	21.592
1425	-6.846	0.017	21.592
1430	-6.846	0.017	17.557
1442	-6.846	0.017	17.555
1445	-6.846	0.017	17.555
1450	-6.846	0.017	17.555
1451	-6.846	0.017	17.555
1452	-6.846	0.017	17.555
1457	-6.846	0.017	17.555
1474	-6.846	0.017	17.555
1480	-6.846	0.017	17.555
1513	-6.846	0.017	17.555
1514	-6.846	0.017	17.555
1516	-6.846	0.017	17.555
1538	-6.846	0.017	17.555
1539	-6.846	0.017	17.415
1544	-6.846	0.017	17.415
1553	-6.846	0.017	17.414
1555	-6.846	0.017	17.414
1580	-6.846	0.017	0.023
1581	-6.846	0.017	0.023
1584	-6.846	0.017	0.024
1589	-6.846	0.017	0.024
1591	-6.846	0.017	0.010
1592	-6.846	0.017	0.000
1593	-6.846	0.017	0.001
1594	-6.846	0.017	0.001
1598	-6.846	0.017	0.040
1599	-6.846	0.017	17.504
1608	-6.846	0.017	17.504
1612	-6.846	0.017	0.026
1613	-6.846	0.017	0.027
1615	-6.846	0.017	20.773
1617	-6.846	0.017	20.773
1638	-6.846	0.018	17.827
1678	-6.846	0.017	17.827
1679	-6.846	0.017	17.827
1654	-6.845	0.017	17.827
1663	-6.845	0.017	17.827
1665	-6.845	0.017	17.827
1504	-6.845	0.017	17.827
1506	-6.845	0.017	17.827
1379	-6.844	0.018	17.827
1381	-6.844	0.018	17.827
1382	-6.844	0.018	17.827
1385	-6.844	0.018	17.827
1386	-6.844	0.018	17.827
1389	-6.844	0.018	17.827
1390	-6.844	0.018	17.827
1391	-6.844	0.018	17.827
1393	-6.844	0.018	18.896
1434	-6.844	0.018	1.887
1467	-6.844	0.018	24.235
1468	-6.844	0.018	24.235
1487	-6.844	0.018	24.235
1489	-6.844	0.018	24.235
1492	-6.844	0.018	24.235
1494	-6.844	0.018	24.235
1561	-6.844	0.018	24.235
1563	-6.844	0.018	24.235
1565	-6.844	0.018	23.958
1690	-6.844	0.018	23.957
1700	-6.844	0.018	23.959
1710	-6.844	0.018	23.959
1343	-6.792	0.015	22.801
1402	-6.792	0.015	22.800
1421	-6.792	0.015	22.801
1250	-6.606	0.053	22.801
1259	-6.606	0.053	22.801
1269	-6.606	0.053	22.801
1276	-6.606	0.053	22.801
1278	-6.606	0.053	22.801
1280	-6.606	0.053	22.801
1290	-6.606	0.053	22.801
1292	-6.606	0.053	24.663
1296	-6.606	0.053	24.663
1305	-6.606	0.053	24.663
1680	-6.605	0.046	24.663
1604	-6.604	0.046	22.785
1623	-6.604	0.046	22.785
1706	-6.604	0.046	24.659
1225	-6.600	0.050	24.661
1228	-6.600	0.050	24.661
1235	-6.600	0.050	24.661
1236	-6.600	0.050	24.661
1244	-6.600	0.050	24.661
1051	-6.588	2.396	24.661
1122	-6.588	2.396	24.661
1167	-6.588	2.396	24.661
1470	-6.558	0.054	24.661
1517	-6.558	0.054	23.993
1488	-6.557	0.054	23.936
1498	-6.557	0.054	22.802
1705	-6.557	0.054	22.802
1456	-6.511	2.609	22.802
1541	-6.511	2.609	22.802
1344	-6.511	2.609	21.280
1406	-6.511	2.609	21.280
1384	-6.510	2.609	21.280
1370	-6.509	2.402	21.280
1417	-6.509	2.402	21.280
1423	-6.509	2.402	22.893
1428	-6.509	2.402	22.893
1440	-6.509	2.402	22.893
1441	-6.509	2.402	21.281
1476	-6.509	2.402	23.413
1481	-6.509	2.402	23.410
1586	-6.509	2.402	24.853
1351	-6.509	2.403	24.855
1362	-6.509	2.403	23.370
1396	-6.508	2.402	31.945
1508	-6.508	2.403	31.945
1363	-6.507	2.630	31.945
1394	-6.507	2.630	31.945
1408	-6.507	2.630	31.945
1413	-6.507	2.630	31.945
1377	-6.507	2.403	31.945
1388	-6.507	2.403	16.624
1698	-6.507	2.403	16.624
1272	-6.479	3.653	16.624
1247	-6.478	3.652	16.624
1587	-6.472	3.645	16.624
1497	-6.471	3.656	16.624
1569	-6.470	3.646	16.624
1701	-6.470	3.646	16.624
1251	-6.470	3.653	16.624
1254	-6.470	3.653	16.624
1726	-6.469	3.646	16.624
1712	-6.469	3.646	16.624
1284	-6.467	2.619	16.624
1266	-6.466	2.414	16.624
1279	-6.466	2.414	16.624
1281	-6.466	2.414	16.624
1286	-6.466	2.414	16.624
1291	-6.466	2.414	16.624
1294	-6.466	2.414	16.624
1327	-6.466	2.414	16.624
1378	-6.465	3.657	16.624
1383	-6.465	3.657	16.624
1699	-6.463	2.406	16.624
1702	-6.463	2.406	16.624
1158	-6.462	2.413	31.950
1198	-6.462	2.413	31.945
1224	-6.462	2.413	32.580
1229	-6.462	2.413	32.581
1231	-6.462	2.413	32.580
1232	-6.462	2.413	32.581
1242	-6.462	2.413	33.309
1212	-6.462	2.413	16.430
1233	-6.462	2.413	17.347
1543	-6.462	3.655	17.347
1412	-6.462	3.655	17.347
1446	-6.462	3.655	17.347
1603	-6.462	3.655	17.347
1609	-6.462	3.655	17.347
1614	-6.462	3.655	17.347
1620	-6.462	3.655	17.347
1411	-6.462	3.655	17.347
1459	-6.462	3.655	17.347
1473	-6.462	3.655	17.347
1624	-6.462	3.655	17.347
1533	-6.461	3.655	17.347
1436	-6.461	3.656	17.347
1568	-6.461	3.656	17.347
1641	-6.461	3.655	17.347
1642	-6.461	3.655	17.347
1643	-6.461	3.655	17.347
1656	-6.461	3.655	17.347
1486	-6.460	3.656	17.347
1713	-6.460	3.656	17.346
1714	-6.460	3.656	21.598
1715	-6.460	3.656	21.592
1719	-6.460	3.656	21.592
1432	-6.460	3.656	17.557
1500	-6.460	3.656	17.555
1510	-6.460	3.656	17.555
1511	-6.460	3.656	17.555
1571	-6.460	3.656	17.555
1704	-6.460	3.656	17.555
1725	-6.460	3.656	17.555
1728	-6.460	3.656	17.555
1733	-6.460	3.655	17.555
1650	-6.423	2.411	17.555
1691	-6.422	2.411	17.555
1692	-6.422	2.411	17.555
1695	-6.422	2.411	17.555
1721	-6.421	2.411	17.415
1693	-6.418	2.636	17.415
1694	-6.418	2.636	17.414
1668	-6.417	2.636	17.414
1352	-6.417	2.644	0.023
1368	-6.417	2.644	0.023
1371	-6.417	2.644	0.024
1372	-6.417	2.644	0.024
1400	-6.417	2.644	0.010
1439	-6.417	2.644	0.000
1444	-6.417	2.644	0.001
1455	-6.417	2.644	0.001
1460	-6.417	2.644	0.040
1496	-6.417	2.644	17.504
1353	-6.417	2.417	17.504
1354	-6.417	2.417	0.026
1369	-6.417	2.417	0.027
1373	-6.417	2.417	20.773
1399	-6.417	2.417	20.773
1415	-6.417	2.417	17.827
1426	-6.417	2.417	17.827
1427	-6.417	2.417	17.827
1447	-6.417	2.417	17.827
1458	-6.417	2.417	17.827
1461	-6.417	2.417	17.827
1462	-6.417	2.417	17.827
1463	-6.417	2.417	17.827
1482	-6.417	2.417	17.827
1542	-6.417	2.417	17.827
1407	-6.417	2.417	17.827
1376	-6.416	2.417	17.827
1392	-6.416	2.417	17.827
1433	-6.416	2.417	17.827
1435	-6.416	2.417	17.827
1466	-6.416	2.417	17.827
1557	-6.416	2.417	18.896
1380	-6.415	2.644	1.887
1387	-6.415	2.645	24.235
1537	-6.390	2.506	24.235
1437	-6.323	2.583	24.235
1448	-6.323	2.584	24.235
1449	-6.323	2.583	24.235
1469	-6.323	2.583	24.235
1471	-6.323	2.583	24.235
1512	-6.323	2.584	24.235
1515	-6.323	2.583	23.958
1518	-6.323	2.583	23.957
1523	-6.323	2.583	23.959
1524	-6.323	2.583	23.959
1549	-6.323	2.583	22.801
1365	-6.299	2.694	22.800
1366	-6.299	2.694	22.801
1398	-6.299	2.694	22.801
1414	-6.299	2.694	22.801
1418	-6.299	2.694	22.801
1419	-6.299	2.694	22.801
1422	-6.299	2.694	22.801
1438	-6.299	2.694	22.801
1454	-6.299	2.694	22.801
1475	-6.299	2.694	24.663
1483	-6.299	2.694	24.663
1495	-6.299	2.694	24.663
1545	-6.299	2.694	24.663
1548	-6.299	2.694	22.785
1578	-6.299	2.694	22.785
1582	-6.299	2.694	24.659
1588	-6.299	2.694	24.661
1596	-6.299	2.694	24.661
1634	-6.299	2.694	24.661
1649	-6.299	2.694	24.661
1669	-6.299	2.694	24.661
1677	-6.299	2.694	24.661
1610	-6.212	2.668	24.661
1722	-6.210	2.668	24.661
1651	-6.182	2.628	24.661
1730	-6.180	2.628	23.993
1731	-6.180	2.628	23.936
1729	-6.165	2.719	22.802
1732	-6.165	2.719	22.802
1404	-6.083	1.795	22.802
1405	-6.083	1.795	22.802
1410	-6.083	1.796	21.280
1429	-6.083	1.796	21.280
1484	-6.083	1.796	21.280
1534	-6.083	1.796	21.280
