1556	-8.921	0.000	17.347
1682	-8.921	0.000	17.347
1485	-8.894	0.003	17.347
1577	-8.894	0.003	17.347
1653	-8.894	0.012	17.347
1684	-8.894	0.012	17.347
1716	-8.894	0.012	17.347
1696	-8.894	0.012	17.347
1697	-8.894	0.012	17.347
1708	-8.894	0.012	17.347
1667	-8.861	0.013	17.347
1703	-8.861	0.013	17.347
1606	-8.860	0.013	17.347
1607	-8.860	0.013	17.347
1499	-8.847	0.015	17.347
1558	-8.847	0.015	17.347
1559	-8.847	0.015	17.347
1687	-8.847	0.015	17.347
1579	-8.846	0.015	17.347
1652	-8.846	0.015	17.347
1711	-8.819	0.018	17.346
1493	-8.817	0.018	21.597
1540	-8.816	0.018	21.592
1554	-8.816	0.018	21.592
1664	-8.816	0.018	17.556
1375	-8.673	0.513	17.555
1431	-8.673	0.513	17.555
1564	-8.673	0.513	17.555
1686	-8.673	0.513	17.555
1689	-8.646	0.512	17.555
1464	-8.645	0.512	17.555
1635	-8.639	0.511	17.555
1670	-8.639	0.511	17.555
1491	-8.606	0.510	22.801
1666	-8.606	0.510	22.801
1681	-8.606	0.510	22.800
1503	-8.605	0.510	22.801
1465	-8.604	0.510	22.801
1546	-8.604	0.510	22.801
1547	-8.604	0.510	22.801
1505	-8.591	0.509	22.801
1570	-8.591	0.509	24.663
1576	-8.591	0.509	24.663
1683	-8.591	0.509	24.663
1685	-8.591	0.513	24.663
1443	-8.590	0.509	22.785
1583	-8.590	0.509	22.785
1597	-8.590	0.509	24.659
1647	-8.590	0.509	24.661
1657	-8.590	0.509	24.661
1509	-8.566	0.052	24.661
1600	-8.566	0.052	24.661
1522	-8.565	0.053	24.661
1527	-8.565	0.052	24.661
1528	-8.565	0.053	24.661
1532	-8.565	0.052	24.661
1573	-8.565	0.053	24.661
1632	-8.565	0.052	23.993
1640	-8.565	0.052	23.936
1648	-8.565	0.053	22.801
1661	-8.565	0.052	22.801
1550	-8.565	0.053	22.802
1551	-8.565	0.053	22.802
1621	-8.565	0.053	21.280
1720	-8.561	0.505	21.280
1718	-8.561	0.503	21.280
1639	-8.560	0.508	21.280
1655	-8.560	0.508	21.280
1673	-8.559	0.508	22.893
1572	-8.550	0.486	22.893
1727	-8.454	0.538	17.555
1627	-8.358	1.033	17.555
1616	-8.358	1.034	17.555
1562	-8.308	0.502	17.555
1566	-8.308	0.502	17.555
1618	-8.308	0.502	17.555
1574	-8.307	0.502	17.555
1645	-8.307	0.502	17.555
1530	-8.307	0.501	17.415
1477	-8.307	0.502	17.415
1478	-8.307	0.502	17.414
1479	-8.307	0.502	17.414
1560	-8.307	0.502	0.023
1529	-8.307	0.502	0.023
1531	-8.307	0.502	0.024
1633	-8.307	0.502	0.024
1674	-8.307	0.502	0.010
1644	-8.307	0.500	0.001
