1763	-14.577	0.000	0.000
1776	-14.577	0.000	6.973
1784	-14.577	0.000	6.974
1788	-14.577	0.000	6.973
1826	-14.577	0.000	6.974
1835	-14.577	0.000	6.974
1816	-14.576	0.026	6.974
1792	-14.483	0.008	6.974
1810	-14.483	0.008	6.974
1817	-14.481	0.008	6.974
1818	-14.481	0.008	11.771
1819	-14.481	0.008	11.771
1774	-14.480	0.008	11.773
1801	-14.480	0.008	7.361
1802	-14.480	0.008	7.362
1814	-14.480	0.008	7.362
1768	-14.245	2.335	7.362
1756	-14.242	2.335	7.362
1772	-14.169	2.334	7.362
1797	-14.169	2.334	7.362
1780	-14.169	2.334	7.362
1777	-14.167	2.334	7.362
1779	-14.161	2.335	7.362
1773	-14.159	2.335	7.362
1821	-14.159	2.335	7.362
1775	-14.159	2.335	7.362
1750	-14.158	2.334	7.444
1798	-13.946	2.342	7.443
1799	-13.946	2.342	7.445
1822	-13.946	2.342	7.444
1803	-13.945	2.342	23.956
1757	-13.943	2.342	23.956
1789	-13.864	2.340	23.956
1813	-13.828	2.349	23.956
1782	-13.827	2.349	23.956
1795	-13.827	2.348	23.959
1829	-13.827	2.349	23.959
1786	-13.827	2.349	23.959
1805	-13.827	2.349	23.974
1800	-13.827	2.349	7.259
1834	-13.827	2.349	7.259
1767	-13.826	2.348	23.980
1759	-13.826	2.349	23.981
1753	-13.823	2.348	12.034
1820	-13.823	2.349	12.035
1827	-13.823	2.349	7.484
1793	-13.822	2.349	7.484
1771	-13.822	2.349	7.484
1790	-13.751	0.044	7.484
1770	-13.383	1.096	7.484
1761	-13.338	2.386	7.484
1808	-13.269	2.388	7.484
1824	-13.223	2.501	7.484
1778	-13.223	2.502	7.484
1791	-13.223	2.502	7.484
1809	-13.223	2.502	7.484
1823	-13.223	2.502	7.484
1749	-13.222	2.502	7.484
1751	-13.204	2.497	7.484
1752	-13.204	2.499	7.484
1828	-13.201	2.495	7.484
1781	-13.201	2.497	5.922
1794	-13.201	2.497	23.434
1831	-13.199	2.498	22.572
1812	-13.163	2.562	0.928
1765	-13.080	2.403	0.928
1807	-13.080	2.403	0.928
1796	-13.062	2.519	0.928
1760	-12.947	2.395	0.928
1787	-12.947	2.392	0.928
1832	-12.931	2.402	0.928
1758	-12.307	2.718	9.475
1769	-12.275	2.710	9.475
1830	-12.254	2.497	9.475
1804	-12.094	2.636	6.973
1764	-12.094	2.636	6.973
1783	-12.094	2.636	6.973
1785	-12.094	2.636	6.973
1754	-11.879	2.630	7.361
1811	-11.706	2.851	7.362
1815	-11.706	2.852	7.361
1836	-11.431	2.022	7.484
1833	-11.239	2.863	7.484
1806	-11.037	3.324	7.484
1762	-11.037	3.324	7.484
1766	-11.037	3.324	5.922
1755	-11.036	3.324	23.434
1825	-10.613	2.227	1.535
