1493	-10.333	0.000	6.094
1495	-10.333	0.000	6.094
1499	-10.333	0.000	6.094
1500	-10.333	0.000	6.094
1502	-10.333	0.000	6.094
1507	-10.333	0.000	6.094
1513	-10.333	0.000	6.094
1514	-10.333	0.000	6.097
1515	-10.333	0.000	6.253
1516	-10.333	0.000	6.253
1517	-10.333	0.000	6.255
1520	-10.333	0.000	22.799
1533	-10.333	0.000	22.799
1534	-10.333	0.000	22.799
1535	-10.333	0.000	22.799
1537	-10.333	0.000	22.799
1538	-10.333	0.000	22.801
1539	-10.333	0.000	22.802
1540	-10.333	0.000	22.802
1544	-10.333	0.000	22.802
1545	-10.333	0.000	6.188
1546	-10.333	0.000	6.189
1558	-10.333	0.000	6.189
1559	-10.333	0.000	22.823
1560	-10.333	0.000	10.941
1561	-10.333	0.000	10.942
1562	-10.333	0.000	6.573
1564	-10.333	0.000	6.573
1570	-10.333	0.000	6.573
1571	-10.333	0.000	6.573
1573	-10.333	0.000	6.573
1587	-10.333	0.000	6.573
1588	-10.333	0.000	6.573
1589	-10.333	0.000	6.573
1590	-10.333	0.000	6.573
1591	-10.333	0.000	6.573
1595	-10.333	0.000	6.573
1598	-10.333	0.000	6.573
1603	-10.333	0.000	6.573
1399	-10.333	0.000	6.573
1410	-10.333	0.000	6.573
1411	-10.333	0.000	6.573
1413	-10.333	0.000	6.573
1429	-10.333	0.000	4.689
1434	-10.333	0.000	21.511
1450	-10.333	0.000	2.058
1453	-10.333	0.000	2.057
1455	-10.333	0.000	2.058
1457	-10.333	0.000	2.057
1464	-10.333	0.000	2.057
1465	-10.333	0.000	2.057
1466	-10.333	0.000	2.058
1470	-10.333	0.000	2.058
1473	-10.333	0.000	1.547
1474	-10.333	0.000	1.546
1475	-10.333	0.000	1.548
1476	-10.333	0.000	1.551
1478	-10.333	0.000	0.029
1484	-10.333	0.000	0.029
1487	-10.333	0.000	0.029
1494	-10.295	0.011	0.029
1504	-10.295	0.011	0.028
1536	-10.295	0.011	0.029
1547	-10.295	0.011	0.029
1574	-10.295	0.011	0.029
1575	-10.295	0.011	0.029
1356	-10.294	0.011	2.078
1358	-10.294	0.011	2.078
1361	-10.294	0.011	2.078
1362	-10.294	0.011	2.078
1363	-10.294	0.011	0.027
1364	-10.294	0.011	0.027
1365	-10.294	0.011	2.070
1367	-10.294	0.011	2.080
1368	-10.294	0.011	2.080
1371	-10.294	0.011	2.080
1372	-10.294	0.011	2.080
1374	-10.294	0.011	2.080
1375	-10.294	0.011	2.079
1380	-10.294	0.011	2.080
1381	-10.294	0.011	2.080
1383	-10.294	0.011	2.080
1384	-10.294	0.011	1.571
1385	-10.294	0.011	1.506
1386	-10.294	0.011	1.505
1387	-10.294	0.011	0.001
1388	-10.294	0.011	0.001
1389	-10.294	0.011	0.001
1390	-10.294	0.011	6.379
1391	-10.294	0.011	6.376
1393	-10.294	0.011	6.376
1395	-10.294	0.011	6.376
1396	-10.294	0.011	6.376
1397	-10.294	0.011	6.376
1398	-10.294	0.011	2.300
1400	-10.294	0.011	2.300
1401	-10.294	0.011	6.377
1402	-10.294	0.011	7.505
1403	-10.294	0.011	5.508
1404	-10.294	0.011	6.069
1405	-10.294	0.011	6.069
1407	-10.294	0.011	2.278
1408	-10.294	0.011	2.275
1409	-10.294	0.011	13.045
1412	-10.294	0.011	13.045
1414	-10.294	0.011	13.045
1417	-10.294	0.011	13.045
1418	-10.294	0.011	13.045
1428	-10.294	0.011	13.045
1432	-10.294	0.011	8.340
1433	-10.294	0.011	8.340
1451	-10.294	0.011	8.340
1454	-10.294	0.011	8.340
1471	-10.294	0.011	8.340
1479	-10.294	0.011	8.340
1488	-10.294	0.011	8.340
1552	-10.294	0.011	8.340
1553	-10.294	0.011	8.340
1554	-10.294	0.011	8.340
1568	-10.294	0.011	8.340
1569	-10.294	0.011	8.340
1580	-10.294	0.011	8.340
1581	-10.294	0.011	8.340
1582	-10.294	0.011	8.340
1594	-10.294	0.011	8.340
1601	-10.294	0.011	8.340
1602	-10.294	0.011	8.340
1351	-10.287	0.006	8.340
1489	-10.287	0.006	8.340
1496	-10.276	0.007	8.340
1369	-10.275	0.007	8.340
1480	-10.275	0.007	8.340
1352	-10.248	0.007	8.340
1353	-10.248	0.007	13.033
1354	-10.248	0.007	13.026
1503	-10.237	0.007	14.350
1518	-10.237	0.007	13.359
1519	-10.237	0.007	13.360
1565	-10.237	0.007	13.360
1376	-10.236	0.007	13.359
1392	-10.236	0.007	14.377
1435	-10.236	0.007	5.759
1456	-10.236	0.007	5.760
1543	-10.236	0.007	5.760
1379	-10.236	0.007	5.760
1445	-10.236	0.007	5.760
1482	-10.236	0.007	5.760
1483	-10.236	0.007	5.760
1506	-10.236	0.007	5.760
1551	-10.236	0.007	5.760
1579	-10.236	0.007	5.760
1600	-10.236	0.007	5.760
1422	-8.848	1.281	2.080
1423	-8.848	1.281	2.080
1424	-8.848	1.281	2.080
1425	-8.848	1.281	2.080
1426	-8.848	1.281	2.080
1427	-8.848	1.281	2.080
1430	-8.848	1.281	1.571
1431	-8.848	1.281	1.506
1436	-8.848	1.281	1.505
1437	-8.848	1.281	0.001
1438	-8.848	1.281	0.001
1441	-8.848	1.281	0.001
1442	-8.848	1.281	6.379
1444	-8.848	1.281	6.376
1446	-8.848	1.281	6.376
1447	-8.848	1.281	6.376
1448	-8.848	1.281	6.376
1449	-8.848	1.281	6.376
1452	-8.848	1.281	2.300
1461	-8.848	1.281	2.300
1462	-8.848	1.281	6.377
1463	-8.848	1.281	7.505
1467	-8.848	1.281	5.508
1468	-8.848	1.281	6.069
1469	-8.848	1.281	6.069
1472	-8.848	1.281	2.278
1477	-8.848	1.281	2.275
1485	-8.848	1.281	13.045
1492	-8.847	1.281	13.045
1497	-8.847	1.281	13.045
1501	-8.847	1.281	13.045
1505	-8.847	1.281	13.045
1508	-8.847	1.281	13.045
1509	-8.847	1.281	8.340
1510	-8.847	1.281	8.340
1511	-8.847	1.281	8.340
1512	-8.847	1.281	8.340
1521	-8.847	1.281	8.340
1522	-8.847	1.281	8.340
1523	-8.847	1.281	8.340
1524	-8.847	1.281	8.340
1528	-8.847	1.281	8.340
1529	-8.847	1.281	8.340
1530	-8.847	1.281	8.340
1531	-8.847	1.281	8.340
1532	-8.847	1.281	8.340
1549	-8.847	1.281	8.340
1550	-8.847	1.281	8.340
1555	-8.847	1.281	8.340
1556	-8.847	1.281	8.340
1557	-8.847	1.281	8.340
1566	-8.847	1.281	8.340
1567	-8.847	1.281	8.340
1576	-8.847	1.281	8.340
1577	-8.847	1.281	8.340
1578	-8.847	1.281	8.340
1583	-8.847	1.281	8.340
1584	-8.847	1.281	13.033
1585	-8.847	1.281	13.026
1586	-8.847	1.281	14.350
1596	-8.847	1.281	13.359
1597	-8.847	1.281	13.360
1599	-8.847	1.281	13.360
1604	-8.847	1.281	13.359
1490	-8.804	1.270	5.760
1491	-8.804	1.270	5.760
1548	-8.804	1.270	5.760
1563	-8.804	1.270	5.760
1572	-8.804	1.270	5.760
1355	-8.804	1.270	5.760
1357	-8.804	1.270	5.760
1359	-8.804	1.270	5.760
1360	-8.804	1.270	5.760
1366	-8.804	1.270	5.760
1370	-8.804	1.270	5.760
1373	-8.804	1.270	5.760
1377	-8.804	1.270	5.760
1378	-8.804	1.270	5.760
1382	-8.804	1.270	5.760
1394	-8.804	1.270	5.760
1406	-8.804	1.270	5.760
1415	-8.804	1.270	5.760
1416	-8.804	1.270	5.760
1419	-8.804	1.270	5.760
1420	-8.804	1.270	5.744
1421	-8.804	1.270	10.725
1481	-8.804	1.270	10.728
1486	-8.804	1.270	10.728
1459	-8.265	2.807	8.340
1443	-8.265	2.807	8.340
1460	-8.265	2.807	8.340
1526	-8.265	2.807	8.340
1542	-8.265	2.806	8.340
1439	-8.265	2.807	8.340
1498	-8.265	2.807	8.340
1525	-8.265	2.807	8.340
1592	-8.265	2.807	8.340
1541	-8.265	2.809	8.340
1593	-8.265	2.808	8.340
1440	-8.265	2.811	8.340
1527	-8.265	2.812	13.033
1458	-8.113	2.646	13.026
