238	-7.212	0.000	15.280
246	-7.212	0.000	15.288
19	-7.209	0.001	15.287
42	-7.209	0.001	1.736
55	-7.209	0.001	1.736
71	-7.209	0.001	1.725
74	-7.209	0.001	1.725
84	-7.209	0.001	1.725
97	-7.209	0.001	1.725
98	-7.209	0.001	1.943
136	-7.209	0.001	1.783
153	-7.209	0.001	1.783
8	-7.205	0.454	1.783
462	-7.204	0.005	1.783
180	-7.201	0.007	1.783
190	-7.201	0.007	1.783
219	-7.201	0.007	1.782
21	-7.200	0.453	1.783
34	-7.200	0.453	1.783
36	-7.200	0.453	1.783
56	-7.200	0.453	1.783
66	-7.200	0.453	1.783
83	-7.200	0.453	1.783
113	-7.200	0.453	1.783
118	-7.200	0.453	1.783
154	-7.200	0.453	1.925
329	-7.198	0.454	1.925
192	-7.193	0.453	1.925
205	-7.192	0.453	14.661
212	-7.192	0.453	12.298
232	-7.191	0.453	6.125
198	-7.120	0.082	6.129
239	-7.082	0.027	6.129
862	-7.081	0.026	6.130
69	-7.079	0.028	6.130
30	-7.078	0.028	6.130
49	-7.078	0.028	6.130
61	-7.078	0.028	6.129
115	-7.078	0.028	6.125
648	-7.075	0.040	6.129
656	-7.075	0.040	6.129
682	-7.075	0.040	6.137
700	-7.075	0.040	10.961
559	-7.074	0.039	10.961
623	-7.074	0.040	7.397
574	-7.074	0.031	7.397
210	-7.071	0.033	7.397
235	-7.070	0.034	7.397
936	-7.055	0.034	7.397
807	-7.054	0.035	7.397
250	-7.010	0.480	7.397
443	-7.003	0.104	7.397
366	-7.002	0.099	7.397
363	-7.002	0.104	7.397
447	-7.002	0.093	7.397
455	-7.002	0.093	7.397
396	-7.001	0.128	7.397
505	-7.001	0.104	7.397
524	-7.001	0.104	7.397
529	-7.001	0.104	7.397
558	-7.001	0.104	7.398
570	-7.001	0.104	4.845
274	-7.001	0.093	4.845
372	-7.001	0.093	4.845
379	-7.001	0.093	4.844
392	-7.001	0.093	4.845
395	-7.001	0.093	4.845
408	-7.001	0.093	12.650
425	-7.001	0.093	3.872
426	-7.001	0.093	12.651
357	-7.001	0.093	6.099
315	-7.000	0.094	6.099
325	-7.000	0.094	6.099
224	-6.999	0.096	6.099
200	-6.998	0.096	6.099
216	-6.998	0.096	6.101
228	-6.997	0.096	6.101
313	-6.997	0.109	6.101
1033	-6.983	0.104	6.101
781	-6.983	0.109	6.102
1365	-6.982	0.108	6.101
484	-6.982	0.110	6.101
1301	-6.982	0.109	6.101
487	-6.982	0.098	6.102
54	-6.976	2.131	12.297
93	-6.976	2.131	11.010
117	-6.976	2.131	10.973
127	-6.976	2.131	10.974
134	-6.976	2.131	12.300
161	-6.965	2.130	12.221
335	-6.963	0.349	12.221
261	-6.949	1.422	7.599
995	-6.935	1.423	7.599
1368	-6.935	1.423	7.600
1497	-6.935	1.423	7.600
284	-6.926	1.428	7.600
356	-6.926	1.428	7.600
1325	-6.919	1.429	7.600
614	-6.918	1.498	7.601
657	-6.918	1.498	12.224
669	-6.918	1.498	12.224
676	-6.918	1.498	12.239
260	-6.917	2.125	7.270
158	-6.916	2.124	9.383
168	-6.916	2.124	9.383
735	-6.913	1.502	9.383
758	-6.913	1.502	9.383
422	-6.909	1.497	9.383
1072	-6.906	1.498	9.383
849	-6.906	1.498	9.383
1455	-6.905	1.501	9.383
1013	-6.897	1.497	9.383
397	-6.861	1.482	9.383
496	-6.860	1.483	9.383
544	-6.860	1.483	11.502
662	-6.859	2.133	11.502
665	-6.859	2.133	9.355
159	-6.858	1.477	9.355
578	-6.858	2.133	11.489
536	-6.858	2.133	5.222
376	-6.853	1.481	9.424
1669	-6.851	0.523	9.383
1020	-6.849	1.483	9.050
38	-6.849	2.131	9.051
241	-6.849	2.132	9.037
1286	-6.848	1.483	9.037
1480	-6.848	1.483	9.037
1503	-6.848	1.483	9.037
1519	-6.848	1.483	8.918
1689	-6.848	1.483	8.918
1736	-6.848	1.483	9.215
141	-6.848	2.130	9.213
147	-6.848	2.130	9.203
150	-6.848	2.130	9.203
151	-6.848	2.130	9.203
62	-6.844	2.040	9.203
165	-6.840	2.129	9.203
201	-6.839	2.129	9.957
677	-6.839	2.130	9.957
888	-6.838	2.130	9.329
1008	-6.838	2.130	10.840
1025	-6.838	2.130	10.483
908	-6.838	2.130	8.574
924	-6.838	2.130	10.045
230	-6.838	2.128	0.147
217	-6.835	2.036	15.849
163	-6.835	2.036	15.849
650	-6.823	0.688	15.849
654	-6.803	0.729	15.849
263	-6.798	2.125	15.849
264	-6.798	2.125	15.856
265	-6.798	2.125	15.856
271	-6.798	2.125	15.856
220	-6.797	2.123	15.856
252	-6.797	2.125	15.856
253	-6.797	2.125	15.856
257	-6.797	2.125	15.847
434	-6.797	2.125	15.853
215	-6.797	2.123	15.853
308	-6.796	2.124	0.000
320	-6.796	2.124	0.026
321	-6.796	2.124	0.022
497	-6.796	2.125	0.022
522	-6.796	2.125	0.022
543	-6.796	2.125	0.022
545	-6.796	2.125	0.022
563	-6.796	2.125	0.022
1573	-6.788	0.643	1.783
413	-6.780	2.122	1.783
164	-6.779	2.121	1.783
175	-6.779	2.120	1.783
181	-6.779	2.120	1.783
186	-6.779	2.120	1.925
309	-6.779	2.121	1.925
977	-6.776	2.121	1.925
1281	-6.775	2.121	1.925
1293	-6.775	2.121	1.925
1319	-6.775	2.121	14.660
1326	-6.775	2.121	14.661
1336	-6.775	2.121	6.125
1337	-6.775	2.121	6.125
1338	-6.775	2.121	6.129
1528	-6.775	2.121	6.129
1668	-6.775	2.121	6.129
681	-6.710	2.022	6.130
70	-6.707	2.024	6.130
736	-6.697	2.020	6.129
437	-6.696	2.022	6.125
1135	-6.690	2.017	6.127
511	-6.644	2.005	6.129
901	-6.625	1.999	6.137
1676	-6.624	1.997	10.961
333	-6.565	2.132	10.962
291	-6.544	2.128	7.397
170	-6.541	2.127	7.397
696	-6.486	2.139	7.397
704	-6.486	2.139	7.397
494	-6.484	2.139	7.397
459	-6.442	2.129	7.397
330	-6.442	2.130	7.397
367	-6.442	2.129	7.397
368	-6.442	2.129	7.397
470	-6.442	2.129	7.397
314	-6.441	2.130	7.397
565	-6.441	2.130	7.397
478	-6.423	2.128	7.397
1366	-6.423	2.128	4.838
273	-6.416	2.124	4.845
15	-6.076	3.325	7.600
25	-6.076	3.325	7.600
26	-6.076	3.325	7.600
32	-6.076	3.325	7.601
35	-6.076	3.325	12.224
40	-6.076	3.325	12.224
128	-6.076	3.326	12.224
6	-6.076	3.325	7.270
1	-6.076	3.325	9.383
491	-5.958	3.520	9.383
362	-5.944	2.225	9.050
557	-5.943	2.225	9.036
576	-5.943	2.225	9.036
72	-5.936	3.363	9.037
73	-5.936	3.363	9.037
202	-5.935	3.363	8.919
17	-5.935	3.363	8.918
53	-5.935	3.363	9.213
87	-5.935	3.363	9.213
568	-5.934	3.363	9.213
698	-5.933	3.364	9.203
1117	-5.930	3.364	9.203
1201	-5.930	3.363	9.203
1611	-5.929	3.363	9.203
1590	-5.928	3.363	9.937
832	-5.928	3.365	9.957
958	-5.928	3.365	9.957
149	-5.927	3.366	10.840
85	-5.927	3.366	10.267
92	-5.927	3.366	9.900
99	-5.927	3.366	8.583
245	-5.927	3.364	0.146
221	-5.925	3.367	15.849
229	-5.925	3.367	15.849
527	-5.925	3.366	15.849
538	-5.925	3.366	15.849
547	-5.925	3.366	15.849
551	-5.925	3.366	15.856
553	-5.925	3.366	15.856
255	-5.925	3.365	15.856
303	-5.925	3.365	15.856
304	-5.925	3.365	15.856
340	-5.925	3.365	15.856
399	-5.925	3.365	15.856
479	-5.919	3.366	15.853
1534	-5.919	3.366	15.853
663	-5.879	1.978	0.022
583	-5.855	3.665	0.022
616	-5.716	3.143	1.783
580	-5.715	3.142	1.783
954	-5.713	3.151	1.783
1510	-5.712	3.150	1.783
1526	-5.711	3.150	1.925
327	-5.709	3.147	1.925
336	-5.709	3.147	1.925
346	-5.709	3.147	1.925
351	-5.709	3.147	1.926
407	-5.709	3.147	14.661
468	-5.709	3.147	6.125
412	-5.709	3.147	6.125
467	-5.709	3.147	6.129
636	-5.709	3.146	6.129
554	-5.708	3.146	6.129
564	-5.708	3.146	6.129
566	-5.707	3.146	6.125
1493	-5.704	3.147	6.130
1509	-5.704	3.147	6.130
1521	-5.704	3.147	6.130
1601	-5.703	3.147	6.129
1400	-5.703	3.145	6.129
162	-5.621	2.825	7.397
195	-5.621	2.825	7.397
227	-5.621	2.825	7.397
63	-5.621	2.825	7.397
94	-5.621	2.826	7.397
103	-5.621	2.826	7.397
105	-5.621	2.825	7.397
114	-5.621	2.826	7.397
116	-5.621	2.826	7.397
137	-5.621	2.825	7.397
142	-5.621	2.825	7.397
27	-5.620	2.825	4.847
295	-5.620	2.825	4.845
930	-5.408	3.124	9.036
643	-5.385	2.858	9.037
838	-5.383	2.857	9.037
820	-5.383	2.857	9.037
1007	-5.383	2.857	8.918
236	-5.372	2.865	8.918
187	-5.372	2.866	9.190
191	-5.372	2.866	9.213
160	-5.372	2.866	9.213
177	-5.372	2.866	9.203
207	-5.372	2.866	9.203
110	-5.372	2.867	9.203
156	-5.372	2.868	9.203
268	-5.371	2.865	9.937
270	-5.371	2.865	9.957
343	-5.371	2.865	9.957
369	-5.371	2.865	9.309
266	-5.371	2.865	10.840
269	-5.371	2.865	10.483
196	-5.371	2.866	8.574
248	-5.371	2.867	0.158
323	-5.370	2.865	15.849
324	-5.370	2.865	15.849
500	-5.367	2.855	15.849
1533	-5.365	2.854	15.849
