1671	-5.338	0.000	15.849
1677	-5.338	0.001	15.849
1678	-5.338	0.000	15.856
1700	-5.338	0.001	15.856
1701	-5.338	0.001	15.856
1710	-5.338	0.000	15.856
1720	-5.338	0.000	15.856
1721	-5.338	0.001	15.856
1727	-5.338	0.001	15.853
1728	-5.338	0.001	15.853
1730	-5.338	0.001	0.003
1739	-5.338	0.001	0.000
1810	-5.338	0.001	0.022
1811	-5.338	0.001	0.022
1705	-5.288	0.033	0.022
1714	-5.288	0.033	0.022
1715	-5.288	0.033	0.022
1722	-5.288	0.033	0.022
1687	-5.287	0.033	0.022
1804	-5.286	0.033	15.280
1709	-5.249	1.555	15.280
1702	-5.249	1.556	15.280
1732	-5.249	1.555	15.280
1508	-5.151	2.424	1.725
1513	-5.151	2.424	1.725
1662	-5.143	2.376	1.725
1782	-5.130	2.380	1.725
1754	-5.119	2.383	1.783
1789	-5.119	2.383	1.783
1790	-5.119	2.383	1.783
1691	-5.118	2.384	1.783
1699	-5.118	2.384	1.783
1806	-5.118	2.383	1.783
1095	-5.075	0.076	7.397
1096	-5.075	0.076	4.845
1147	-5.075	0.076	4.845
1686	-5.025	2.323	4.844
1718	-5.025	2.323	4.844
1723	-5.025	2.323	4.845
1725	-5.025	2.323	12.650
1816	-5.025	2.323	3.872
1706	-5.014	1.310	12.650
1765	-5.001	2.371	6.099
1769	-5.001	2.371	6.099
1770	-5.001	2.371	6.099
1778	-5.001	2.371	6.099
1785	-5.001	2.371	6.101
1786	-5.001	2.371	6.101
1717	-4.949	2.024	7.599
1793	-4.949	2.024	7.600
1675	-4.943	2.327	7.600
1680	-4.943	2.327	7.599
1716	-4.943	2.327	7.600
1731	-4.943	2.327	7.600
1738	-4.943	2.327	7.600
1740	-4.943	2.327	7.601
1708	-4.943	2.328	12.224
1017	-4.898	0.107	12.224
1146	-4.688	0.624	6.101
1795	-4.688	1.294	6.101
1787	-4.447	2.608	9.213
1724	-4.446	2.603	9.213
1758	-4.446	2.604	9.203
1798	-4.446	2.604	9.203
1684	-4.446	2.605	9.203
1712	-4.446	2.605	9.203
1812	-4.446	2.605	9.203
1813	-4.446	2.605	9.958
1665	-4.411	2.699	9.900
1692	-4.408	2.700	10.048
1683	-4.404	2.700	0.146
1703	-4.404	2.701	15.849
1704	-4.404	2.700	15.849
1734	-4.404	2.700	15.849
1735	-4.404	2.700	15.849
891	-4.400	2.702	15.849
899	-4.400	2.702	15.856
900	-4.400	2.702	15.856
935	-4.400	2.702	15.856
1041	-4.400	2.702	15.856
949	-4.400	2.702	15.856
1132	-4.112	2.051	1.783
