1997	-5.192	0.000	8.765
1998	-5.192	0.000	9.888
1999	-5.192	0.001	9.445
2000	-5.192	0.000	9.211
1968	-5.174	0.004	8.693
1969	-5.174	0.004	8.751
1970	-5.174	0.004	6.892
1971	-5.174	0.004	8.555
1972	-5.174	0.004	6.797
1973	-5.174	0.004	9.350
1974	-5.174	0.004	7.312
1975	-5.174	0.004	7.646
1976	-5.174	0.004	5.788
1977	-5.174	0.004	7.598
1978	-5.174	0.004	7.596
1979	-5.174	0.004	7.599
1980	-5.174	0.004	7.507
1981	-5.174	0.004	8.288
1982	-5.174	0.004	7.449
1983	-5.174	0.004	7.327
1984	-5.174	0.004	6.923
1985	-5.174	0.004	7.217
1986	-5.174	0.004	7.252
1987	-5.174	0.004	7.255
1988	-5.174	0.004	7.260
1989	-5.174	0.004	7.260
1990	-5.174	0.004	13.956
1991	-5.174	0.004	8.434
1992	-5.174	0.004	7.962
1993	-5.174	0.004	7.961
1994	-5.174	0.004	7.958
1995	-5.174	0.004	7.959
1996	-5.174	0.004	14.426
