102	-5.274	0.000	8.765
103	-5.274	0.000	8.766
104	-5.274	0.000	8.764
105	-5.274	0.000	8.765
107	-5.274	0.000	9.888
108	-5.274	0.000	9.444
109	-5.274	0.000	9.211
110	-5.274	0.000	8.693
111	-5.274	0.000	8.750
112	-5.274	0.000	6.892
113	-5.274	0.000	8.555
114	-5.274	0.000	6.797
115	-5.274	0.000	9.349
116	-5.274	0.000	7.312
119	-5.274	0.000	7.646
120	-5.274	0.000	5.787
121	-5.274	0.000	7.598
122	-5.274	0.000	7.596
123	-5.274	0.000	7.599
125	-5.274	0.000	7.506
126	-5.274	0.000	8.287
127	-5.274	0.000	7.449
129	-5.274	0.000	7.327
130	-5.274	0.000	6.922
131	-5.274	0.000	7.217
133	-5.274	0.000	7.253
134	-5.274	0.000	7.255
135	-5.274	0.000	7.260
136	-5.274	0.000	7.260
137	-5.274	0.000	13.957
138	-5.274	0.000	8.434
139	-5.274	0.000	7.962
140	-5.274	0.000	7.961
141	-5.274	0.000	7.958
241	-5.274	0.000	7.959
242	-5.274	0.000	14.426
243	-5.274	0.000	13.813
244	-5.274	0.000	7.934
245	-5.274	0.000	7.934
246	-5.274	0.000	7.934
268	-5.274	0.000	7.907
305	-5.274	0.000	7.902
358	-5.274	0.000	8.030
359	-5.274	0.000	14.617
360	-5.274	0.000	7.086
361	-5.274	0.000	0.001
366	-5.274	0.000	0.001
367	-5.274	0.000	0.001
368	-5.274	0.000	0.001
369	-5.274	0.000	0.011
370	-5.274	0.000	0.011
387	-5.274	0.000	0.011
388	-5.274	0.000	0.011
389	-5.274	0.000	6.818
390	-5.274	0.000	1.462
391	-5.274	0.000	1.511
392	-5.274	0.000	0.989
393	-5.274	0.000	15.598
394	-5.274	0.000	1.124
395	-5.274	0.000	0.988
396	-5.274	0.000	1.192
397	-5.274	0.000	1.191
398	-5.274	0.000	4.347
399	-5.274	0.000	0.961
400	-5.274	0.000	4.342
462	-5.274	0.000	3.774
463	-5.274	0.000	3.774
465	-5.274	0.000	3.775
466	-5.274	0.000	3.770
502	-5.274	0.000	3.770
503	-5.274	0.000	3.770
504	-5.274	0.000	3.770
515	-5.274	0.001	3.770
516	-5.274	0.001	15.676
517	-5.274	0.001	0.868
518	-5.274	0.001	1.676
519	-5.274	0.001	1.676
520	-5.274	0.001	1.676
521	-5.274	0.001	1.676
522	-5.274	0.001	1.676
523	-5.274	0.001	1.676
524	-5.274	0.001	1.676
525	-5.274	0.001	3.858
526	-5.274	0.001	5.909
626	-5.274	0.001	5.901
629	-5.274	0.001	5.779
630	-5.274	0.001	5.957
633	-5.274	0.001	8.921
640	-5.274	0.001	8.921
641	-5.274	0.001	1.501
642	-5.274	0.001	1.501
643	-5.274	0.001	1.497
670	-5.274	0.001	6.434
671	-5.274	0.001	1.546
698	-5.274	0.001	6.441
699	-5.274	0.001	1.953
700	-5.274	0.001	1.953
701	-5.274	0.001	1.953
741	-5.274	0.001	1.953
756	-5.274	0.001	1.485
763	-5.274	0.001	2.215
765	-5.274	0.001	2.215
768	-5.274	0.001	2.214
770	-5.274	0.001	4.376
771	-5.274	0.001	4.389
796	-5.274	0.001	4.388
820	-5.274	0.001	1.597
822	-5.274	0.001	4.377
1376	-5.273	0.002	4.364
1377	-5.273	0.002	4.383
220	-5.271	0.002	4.383
221	-5.271	0.002	4.383
257	-5.271	0.002	4.543
258	-5.271	0.002	4.874
259	-5.271	0.002	4.108
260	-5.271	0.002	4.108
261	-5.271	0.002	4.876
262	-5.271	0.002	4.300
264	-5.271	0.002	4.874
265	-5.271	0.002	2.041
267	-5.271	0.002	2.041
279	-5.271	0.002	2.041
280	-5.271	0.002	4.867
281	-5.271	0.002	4.708
283	-5.271	0.002	8.788
284	-5.271	0.002	4.777
285	-5.271	0.002	15.168
286	-5.271	0.002	3.646
287	-5.271	0.002	3.645
288	-5.271	0.002	5.163
289	-5.271	0.002	1.412
290	-5.271	0.002	2.483
291	-5.271	0.002	5.183
292	-5.271	0.002	5.187
293	-5.271	0.002	5.185
294	-5.271	0.002	3.784
295	-5.271	0.002	3.120
296	-5.271	0.002	3.120
297	-5.271	0.002	4.223
299	-5.271	0.002	4.218
300	-5.271	0.002	2.326
309	-5.271	0.002	5.282
314	-5.271	0.002	9.590
375	-5.271	0.002	2.795
383	-5.271	0.002	2.986
384	-5.271	0.002	2.986
385	-5.271	0.002	2.987
386	-5.271	0.002	2.987
404	-5.271	0.002	5.170
405	-5.271	0.002	5.151
406	-5.271	0.002	9.011
407	-5.271	0.002	9.011
409	-5.271	0.002	14.327
410	-5.271	0.002	7.377
411	-5.271	0.002	7.747
412	-5.271	0.002	7.747
413	-5.271	0.002	7.747
414	-5.271	0.002	7.731
415	-5.271	0.002	9.053
416	-5.271	0.002	3.651
418	-5.271	0.002	3.959
419	-5.271	0.002	8.334
420	-5.271	0.002	8.847
422	-5.271	0.002	9.023
423	-5.271	0.002	9.023
424	-5.271	0.002	8.855
432	-5.271	0.002	8.855
433	-5.271	0.002	9.028
434	-5.271	0.002	9.028
436	-5.271	0.002	9.678
437	-5.271	0.002	9.696
438	-5.271	0.002	10.889
439	-5.271	0.002	8.765
441	-5.271	0.002	8.765
442	-5.271	0.002	8.764
443	-5.271	0.002	8.765
444	-5.271	0.002	9.888
448	-5.271	0.002	9.444
449	-5.271	0.002	9.211
450	-5.271	0.002	8.693
451	-5.271	0.002	8.750
455	-5.271	0.002	6.892
457	-5.271	0.002	8.554
459	-5.271	0.002	6.797
460	-5.271	0.002	9.349
485	-5.271	0.002	7.312
486	-5.271	0.002	7.646
487	-5.271	0.002	5.787
488	-5.271	0.002	7.597
489	-5.271	0.002	7.595
490	-5.271	0.002	7.599
491	-5.271	0.002	7.506
492	-5.271	0.002	8.287
494	-5.271	0.002	7.449
495	-5.271	0.002	7.327
496	-5.271	0.002	6.922
497	-5.271	0.002	7.217
498	-5.271	0.002	7.253
499	-5.271	0.002	7.255
500	-5.271	0.002	7.260
561	-5.271	0.002	7.260
562	-5.271	0.002	13.956
567	-5.271	0.002	8.434
571	-5.271	0.002	7.962
572	-5.271	0.002	7.961
573	-5.271	0.002	7.958
576	-5.271	0.002	7.959
583	-5.271	0.002	14.426
593	-5.271	0.002	13.813
599	-5.271	0.002	7.934
600	-5.271	0.002	7.934
601	-5.271	0.002	7.934
602	-5.271	0.002	7.907
603	-5.271	0.002	7.902
608	-5.271	0.002	8.030
609	-5.271	0.002	14.616
610	-5.271	0.002	7.086
611	-5.271	0.002	0.001
612	-5.271	0.002	0.000
622	-5.271	0.002	0.001
623	-5.271	0.002	0.001
625	-5.271	0.002	0.010
704	-5.271	0.002	0.011
713	-5.271	0.002	0.010
1952	-5.271	0.002	0.011
1953	-5.271	0.002	6.818
1955	-5.271	0.002	1.462
1959	-5.271	0.002	1.511
1960	-5.271	0.002	0.989
1961	-5.271	0.002	15.598
1963	-5.271	0.002	1.123
1964	-5.271	0.002	0.988
1965	-5.271	0.002	1.192
1966	-5.271	0.002	1.191
501	-5.270	0.002	4.347
464	-5.246	1.189	0.962
209	-5.245	1.190	4.342
210	-5.245	1.190	3.774
211	-5.245	1.190	3.774
212	-5.245	1.190	3.775
213	-5.245	1.190	3.770
222	-5.245	1.190	3.770
223	-5.245	1.190	3.770
224	-5.245	1.190	3.770
225	-5.245	1.190	3.770
226	-5.245	1.190	15.676
227	-5.245	1.190	0.869
228	-5.245	1.190	1.676
229	-5.245	1.190	1.676
230	-5.245	1.190	1.676
231	-5.245	1.190	1.676
232	-5.245	1.190	1.676
233	-5.245	1.190	1.676
234	-5.245	1.190	1.676
235	-5.245	1.190	3.858
236	-5.245	1.190	5.909
237	-5.245	1.190	5.901
238	-5.245	1.190	5.779
239	-5.245	1.190	5.957
240	-5.245	1.190	8.921
263	-5.245	1.190	8.921
266	-5.245	1.190	1.501
277	-5.245	1.190	1.501
278	-5.245	1.190	1.497
298	-5.245	1.190	6.434
301	-5.245	1.190	1.546
302	-5.245	1.190	6.441
303	-5.245	1.190	1.952
304	-5.245	1.190	1.952
310	-5.245	1.190	1.952
311	-5.245	1.190	1.952
312	-5.245	1.190	1.485
313	-5.245	1.190	2.215
315	-5.245	1.190	2.215
316	-5.245	1.190	2.214
317	-5.245	1.190	4.376
318	-5.245	1.190	4.389
319	-5.245	1.190	4.389
320	-5.245	1.190	1.597
321	-5.245	1.190	4.377
322	-5.245	1.190	4.364
323	-5.245	1.190	4.384
324	-5.245	1.190	4.383
325	-5.245	1.190	4.383
326	-5.245	1.190	4.543
327	-5.245	1.190	4.874
328	-5.245	1.190	4.109
329	-5.245	1.190	4.108
330	-5.245	1.190	4.876
331	-5.245	1.190	4.300
332	-5.245	1.190	4.874
333	-5.245	1.190	2.041
334	-5.245	1.190	2.041
335	-5.245	1.190	2.041
336	-5.245	1.190	4.867
337	-5.245	1.190	4.708
338	-5.245	1.190	8.788
339	-5.245	1.190	4.777
340	-5.245	1.190	15.168
341	-5.245	1.190	3.646
342	-5.245	1.190	3.645
343	-5.245	1.190	5.163
344	-5.245	1.190	1.412
345	-5.245	1.190	2.483
346	-5.245	1.190	5.183
347	-5.245	1.190	5.187
348	-5.245	1.190	5.185
349	-5.245	1.190	3.784
350	-5.245	1.190	3.120
351	-5.245	1.190	3.120
352	-5.245	1.190	4.223
353	-5.245	1.190	4.218
354	-5.245	1.190	2.326
355	-5.245	1.190	5.282
356	-5.245	1.190	9.590
357	-5.245	1.190	2.794
362	-5.245	1.190	2.986
363	-5.245	1.190	2.986
364	-5.245	1.190	2.987
365	-5.245	1.190	2.987
371	-5.245	1.190	5.170
372	-5.245	1.190	5.151
373	-5.245	1.190	9.012
374	-5.245	1.190	9.012
376	-5.245	1.190	14.327
377	-5.245	1.190	7.377
378	-5.245	1.190	7.747
379	-5.245	1.190	7.747
380	-5.245	1.190	7.747
408	-5.245	1.190	7.731
417	-5.245	1.190	9.053
421	-5.245	1.190	3.651
435	-5.245	1.190	3.959
440	-5.245	1.190	8.335
445	-5.245	1.190	8.847
446	-5.245	1.190	9.023
447	-5.245	1.190	9.023
452	-5.245	1.190	8.856
453	-5.245	1.190	8.856
454	-5.245	1.190	9.029
456	-5.245	1.190	9.029
458	-5.245	1.190	9.678
461	-5.245	1.190	9.696
484	-5.245	1.190	10.889
493	-5.245	1.190	8.765
528	-5.245	1.190	8.765
529	-5.245	1.190	8.764
530	-5.245	1.190	8.765
531	-5.245	1.190	9.888
532	-5.245	1.190	9.444
533	-5.245	1.190	9.211
534	-5.245	1.190	8.693
535	-5.245	1.190	8.750
536	-5.245	1.190	6.892
537	-5.245	1.190	8.555
538	-5.245	1.190	6.797
539	-5.245	1.190	9.349
540	-5.245	1.190	7.312
541	-5.245	1.190	7.646
542	-5.245	1.190	5.787
543	-5.245	1.190	7.598
544	-5.245	1.190	7.595
545	-5.245	1.190	7.599
546	-5.245	1.190	7.506
547	-5.245	1.190	8.287
548	-5.245	1.190	7.449
549	-5.245	1.190	7.327
550	-5.245	1.190	6.922
551	-5.245	1.190	7.217
552	-5.245	1.190	7.253
553	-5.245	1.190	7.255
554	-5.245	1.190	7.260
555	-5.245	1.190	7.260
556	-5.245	1.190	13.956
557	-5.245	1.190	8.434
558	-5.245	1.190	7.962
559	-5.245	1.190	7.961
560	-5.245	1.190	7.958
563	-5.245	1.190	7.959
564	-5.245	1.190	14.425
565	-5.245	1.190	13.812
566	-5.245	1.190	7.935
568	-5.245	1.190	7.934
569	-5.245	1.190	7.934
570	-5.245	1.190	7.907
574	-5.245	1.190	7.902
575	-5.245	1.190	8.030
577	-5.245	1.190	14.616
578	-5.245	1.190	7.086
579	-5.245	1.190	0.001
580	-5.245	1.190	0.001
581	-5.245	1.190	0.001
582	-5.245	1.190	0.001
584	-5.245	1.190	0.010
585	-5.245	1.190	0.010
586	-5.245	1.190	0.010
587	-5.245	1.190	0.011
588	-5.245	1.190	6.818
589	-5.245	1.190	1.462
590	-5.245	1.190	1.511
591	-5.245	1.190	0.989
592	-5.245	1.190	15.598
594	-5.245	1.190	1.123
595	-5.245	1.190	0.988
596	-5.245	1.190	1.192
597	-5.245	1.190	1.191
598	-5.245	1.190	4.347
604	-5.245	1.190	0.962
605	-5.245	1.190	4.342
606	-5.245	1.190	3.774
607	-5.245	1.190	3.774
613	-5.245	1.190	3.775
614	-5.245	1.190	3.770
624	-5.245	1.190	3.770
631	-5.245	1.190	3.770
646	-5.245	1.190	3.770
647	-5.245	1.190	3.771
648	-5.245	1.190	15.676
649	-5.245	1.190	0.869
650	-5.245	1.190	1.675
651	-5.245	1.190	1.675
652	-5.245	1.190	1.675
653	-5.245	1.190	1.675
654	-5.245	1.190	1.675
655	-5.245	1.190	1.675
656	-5.245	1.190	1.675
657	-5.245	1.190	3.858
658	-5.245	1.190	5.910
659	-5.245	1.190	5.902
660	-5.245	1.190	5.779
661	-5.245	1.190	5.957
662	-5.245	1.190	8.921
663	-5.245	1.190	8.921
664	-5.245	1.190	1.502
665	-5.245	1.190	1.502
666	-5.245	1.190	1.497
667	-5.245	1.190	6.434
668	-5.245	1.190	1.547
669	-5.245	1.190	6.441
702	-5.245	1.190	1.952
703	-5.245	1.190	1.952
705	-5.245	1.190	1.952
706	-5.245	1.190	1.952
707	-5.245	1.190	1.486
708	-5.245	1.190	2.215
709	-5.245	1.190	2.215
710	-5.245	1.190	2.214
711	-5.245	1.190	4.377
712	-5.245	1.190	4.390
714	-5.245	1.190	4.389
742	-5.245	1.190	1.597
773	-5.245	1.190	4.377
774	-5.245	1.190	4.365
775	-5.245	1.190	4.384
776	-5.245	1.190	4.384
777	-5.245	1.190	4.383
778	-5.245	1.190	4.544
779	-5.245	1.190	4.874
1897	-5.245	1.190	4.109
1898	-5.245	1.190	4.108
1899	-5.245	1.190	4.877
1900	-5.245	1.190	4.300
1901	-5.245	1.190	4.874
1902	-5.245	1.190	2.040
1903	-5.245	1.190	2.040
1904	-5.245	1.190	2.041
1905	-5.245	1.190	4.867
1906	-5.245	1.190	4.708
1907	-5.245	1.190	8.789
1908	-5.245	1.190	4.777
1909	-5.245	1.190	15.167
1910	-5.245	1.190	3.646
1911	-5.245	1.190	3.645
1912	-5.245	1.190	5.163
1913	-5.245	1.190	1.411
1914	-5.245	1.190	2.483
1915	-5.245	1.190	5.184
1916	-5.245	1.190	5.187
1917	-5.245	1.190	5.186
1918	-5.245	1.190	3.784
1919	-5.245	1.190	3.119
1920	-5.245	1.190	3.120
1921	-5.245	1.190	4.223
1922	-5.245	1.190	4.218
1923	-5.245	1.190	2.326
1924	-5.245	1.190	5.282
1925	-5.245	1.190	9.590
1926	-5.245	1.190	2.795
1927	-5.245	1.190	2.986
1928	-5.245	1.190	2.986
1929	-5.245	1.190	2.987
1930	-5.245	1.190	2.987
1931	-5.245	1.190	5.171
1932	-5.245	1.190	5.151
1933	-5.245	1.190	9.012
1934	-5.245	1.190	9.012
1935	-5.245	1.190	14.326
1936	-5.245	1.190	7.378
1937	-5.245	1.190	7.747
1938	-5.245	1.190	7.747
1939	-5.245	1.190	7.747
1940	-5.245	1.190	7.731
1941	-5.245	1.190	9.054
1942	-5.245	1.190	3.652
1943	-5.245	1.190	3.960
1944	-5.245	1.190	8.335
1945	-5.245	1.190	8.848
1946	-5.245	1.190	9.023
1947	-5.245	1.190	9.023
1948	-5.245	1.190	8.856
1949	-5.245	1.190	8.856
1950	-5.245	1.190	9.029
1951	-5.245	1.190	9.029
1954	-5.245	1.190	9.679
1956	-5.245	1.190	9.697
1957	-5.245	1.190	10.889
1958	-5.245	1.190	8.765
1962	-5.245	1.190	8.766
1967	-5.245	1.190	8.765
