1349	-9.804	0.000	7.374
23	-8.918	3.041	7.285
44	-8.918	3.041	7.285
46	-8.918	3.041	7.911
52	-8.918	3.041	7.183
71	-8.915	3.040	6.697
124	-8.915	3.040	7.921
170	-8.915	3.040	7.394
363	-8.915	3.040	5.511
64	-8.914	3.040	5.456
149	-8.914	3.040	6.950
509	-8.909	3.038	6.496
524	-8.899	3.038	6.501
1225	-8.899	3.038	15.628
1310	-8.899	3.038	6.375
535	-8.898	3.038	6.620
1374	-8.898	3.039	6.226
58	-8.897	3.033	6.226
264	-8.896	3.033	6.226
332	-8.896	3.033	6.462
96	-8.887	3.033	7.402
201	-8.887	3.033	15.834
348	-8.887	3.033	7.379
1263	-8.782	1.049	5.480
122	-8.782	1.049	3.784
191	-8.782	1.049	3.784
234	-8.782	1.049	3.784
351	-8.782	1.049	3.786
428	-8.782	1.049	3.791
539	-8.778	1.049	3.792
1384	-8.778	1.049	3.792
1136	-8.762	1.045	3.735
1459	-8.761	1.045	17.017
531	-8.761	1.046	4.006
1346	-8.761	1.046	4.006
1356	-8.761	1.046	3.814
16	-8.635	3.491	3.458
30	-8.635	3.491	3.467
42	-8.635	3.491	3.467
1326	-8.486	3.501	3.462
17	-8.476	3.494	3.462
20	-8.476	3.494	3.462
21	-8.476	3.495	3.462
24	-8.476	3.494	3.456
35	-8.476	3.494	3.471
45	-8.476	3.495	4.445
39	-8.476	3.494	4.445
177	-8.469	3.493	4.445
343	-8.469	3.493	4.445
67	-8.468	3.492	4.445
1170	-8.463	3.493	4.445
38	-8.446	3.932	3.929
41	-8.446	3.932	4.727
161	-8.414	3.485	4.658
181	-8.414	3.484	3.931
270	-8.414	3.484	8.449
494	-8.405	3.485	8.449
15	-8.346	3.721	3.340
25	-8.346	3.721	18.360
492	-8.327	3.923	2.946
368	-8.323	3.921	2.950
392	-8.323	3.922	2.948
485	-8.313	3.922	2.408
534	-8.313	3.921	2.633
340	-8.306	3.922	2.692
109	-8.306	3.922	2.690
309	-8.306	3.922	2.695
846	-8.306	3.921	4.033
230	-8.292	3.915	2.653
1262	-8.284	3.916	2.649
473	-8.262	3.911	5.780
1350	-8.262	3.911	7.113
145	-8.260	3.910	7.113
183	-8.260	3.910	7.113
184	-8.260	3.910	7.095
37	-8.224	3.701	4.436
9	-8.224	3.701	4.279
18	-8.224	3.701	3.442
27	-8.224	3.701	3.438
28	-8.224	3.701	3.438
53	-8.224	3.701	4.013
56	-8.224	3.701	10.311
542	-8.217	3.697	15.921
62	-8.186	3.683	10.287
101	-8.186	3.683	10.288
160	-8.186	3.683	10.288
210	-8.186	3.683	10.293
283	-8.186	3.683	2.707
300	-8.186	3.683	9.847
326	-8.186	3.683	2.676
51	-8.143	3.232	5.242
2	-7.974	3.662	15.886
5	-7.974	3.662	3.585
13	-7.974	3.662	3.582
663	-7.784	3.657	7.442
999	-7.784	3.660	6.684
513	-7.782	3.657	6.499
522	-7.782	3.657	7.447
4	-7.781	3.657	6.860
6	-7.781	3.657	7.735
7	-7.781	3.657	7.600
34	-7.781	3.657	6.629
50	-7.781	3.657	6.765
69	-7.777	3.656	6.269
282	-7.777	3.656	6.416
249	-7.777	3.656	8.025
252	-7.777	3.656	6.376
324	-7.777	3.656	6.382
329	-7.777	3.656	6.382
402	-7.777	3.656	6.081
406	-7.777	3.656	6.039
410	-7.777	3.656	6.313
72	-7.777	3.656	8.191
75	-7.777	3.656	6.246
94	-7.777	3.656	17.999
119	-7.777	3.656	6.494
121	-7.777	3.656	6.496
129	-7.777	3.656	6.500
136	-7.777	3.656	15.626
152	-7.777	3.656	6.375
155	-7.777	3.656	6.620
165	-7.777	3.656	6.227
174	-7.777	3.656	6.226
189	-7.777	3.656	6.227
196	-7.777	3.656	6.463
224	-7.777	3.656	7.400
258	-7.777	3.656	15.832
266	-7.777	3.656	7.378
294	-7.777	3.656	7.378
342	-7.777	3.656	7.378
344	-7.777	3.656	7.382
361	-7.777	3.656	5.520
377	-7.777	3.656	6.749
391	-7.777	3.656	5.476
418	-7.777	3.656	5.481
453	-7.777	3.656	3.783
458	-7.777	3.656	3.784
467	-7.777	3.656	3.784
1174	-7.775	3.656	3.785
1000	-7.775	3.656	3.791
1159	-7.774	3.656	3.792
1176	-7.774	3.656	3.792
1181	-7.773	3.657	5.590
1204	-7.773	3.656	3.762
1278	-7.772	3.656	3.809
1305	-7.772	3.656	3.735
1391	-7.771	3.656	17.016
1322	-7.770	3.655	4.006
474	-7.769	3.655	4.006
526	-7.769	3.655	3.814
1294	-7.768	3.655	3.814
1295	-7.768	3.655	3.821
31	-7.730	3.450	3.815
3	-7.730	3.450	3.456
47	-7.730	3.450	3.465
22	-7.724	3.445	3.465
40	-7.724	3.445	3.465
295	-7.722	3.443	3.460
404	-7.722	3.443	3.460
425	-7.722	3.443	3.460
433	-7.722	3.443	3.460
436	-7.722	3.444	3.460
445	-7.722	3.443	3.460
112	-7.722	3.446	3.454
354	-7.722	3.445	3.469
1	-7.719	3.445	4.446
43	-7.563	3.612	4.446
93	-7.559	3.612	4.446
104	-7.559	3.612	4.446
127	-7.559	3.612	4.446
137	-7.559	3.612	17.110
175	-7.559	3.612	3.927
223	-7.559	3.612	4.725
225	-7.559	3.612	4.656
235	-7.559	3.612	3.929
267	-7.559	3.612	8.453
397	-7.559	3.612	8.453
414	-7.559	3.612	8.452
446	-7.559	3.612	3.594
1336	-7.552	3.610	3.598
544	-7.542	3.612	4.814
296	-7.534	3.371	4.813
1419	-7.528	3.371	4.822
33	-7.523	3.371	8.540
49	-7.523	3.371	4.576
55	-7.523	3.371	4.576
76	-7.518	3.371	4.576
103	-7.518	3.371	4.576
110	-7.518	3.371	4.978
188	-7.518	3.371	4.730
198	-7.518	3.371	4.970
206	-7.518	3.371	8.418
207	-7.518	3.371	1.803
229	-7.518	3.371	1.899
284	-7.518	3.371	1.900
380	-7.518	3.371	1.806
438	-7.518	3.371	1.807
245	-7.513	3.371	1.822
489	-7.513	3.371	1.815
490	-7.513	3.371	1.814
498	-7.513	3.371	4.134
537	-7.513	3.371	1.502
1218	-7.513	3.371	1.501
1407	-7.513	3.371	1.529
512	-7.512	3.371	1.699
1274	-7.512	3.371	1.697
548	-7.510	3.565	1.700
1380	-7.490	3.373	5.030
378	-7.484	3.371	5.030
243	-7.478	3.372	1.700
867	-7.449	3.560	16.537
1114	-7.449	3.585	2.917
550	-7.448	3.562	2.915
205	-7.443	3.552	3.342
331	-7.443	3.550	18.359
460	-7.443	3.551	2.869
345	-7.443	3.558	3.386
383	-7.443	3.561	3.387
437	-7.443	3.559	3.389
364	-7.443	3.559	16.406
403	-7.443	3.558	5.303
439	-7.443	3.559	5.302
442	-7.443	3.558	2.947
325	-7.443	3.562	2.952
448	-7.443	3.564	2.949
232	-7.443	3.562	2.409
328	-7.443	3.563	2.635
408	-7.443	3.561	3.130
454	-7.443	3.561	4.101
468	-7.443	3.568	2.695
285	-7.443	3.576	2.693
430	-7.442	3.566	2.698
471	-7.440	3.556	4.036
481	-7.439	3.563	2.655
540	-7.439	3.562	2.651
493	-7.439	3.568	7.081
1142	-7.439	3.566	7.093
529	-7.438	3.560	5.780
1291	-7.404	3.669	5.424
178	-7.346	3.911	6.277
233	-7.346	3.910	6.287
254	-7.346	3.910	6.287
379	-7.346	3.910	5.901
1198	-7.343	3.912	6.002
1458	-7.343	3.913	6.036
1343	-7.343	3.912	7.443
132	-7.335	3.917	17.999
139	-7.335	3.916	6.494
171	-7.335	3.917	6.496
292	-7.335	3.916	6.500
306	-7.335	3.917	15.626
310	-7.335	3.917	6.375
316	-7.335	3.916	6.620
350	-7.335	3.917	6.227
374	-7.335	3.917	6.226
401	-7.335	3.916	6.227
405	-7.335	3.916	6.463
423	-7.335	3.917	7.400
237	-7.333	3.918	15.832
239	-7.333	3.918	7.378
1638	-7.280	3.554	3.465
312	-7.275	3.455	3.465
1132	-7.268	3.502	3.465
277	-7.261	3.468	3.460
140	-7.261	3.467	3.460
60	-7.253	3.499	3.460
1284	-7.250	3.565	3.460
444	-7.193	3.619	3.927
1747	-7.186	3.613	4.725
1257	-7.182	3.641	4.656
1405	-7.179	3.682	8.452
54	-7.013	3.801	1.529
59	-7.009	3.802	1.697
91	-7.009	3.802	1.700
97	-7.009	3.802	1.702
100	-7.009	3.802	5.030
141	-7.009	3.802	5.030
142	-7.009	3.802	1.700
176	-7.009	3.802	1.696
213	-7.009	3.801	1.651
84	-7.009	3.802	7.763
173	-7.009	3.802	16.537
1301	-6.889	3.729	6.864
