1846	-12.446	0.000	7.936
1819	-12.292	1.828	7.438
1840	-12.292	1.828	7.637
1844	-12.292	1.828	9.406
1870	-12.291	1.828	4.775
1872	-12.291	1.828	16.737
1842	-12.291	1.828	3.888
1860	-12.291	1.828	3.891
1813	-12.270	1.834	3.897
1814	-12.241	1.832	14.175
1838	-12.241	1.832	3.783
1828	-12.188	0.578	14.283
1831	-12.188	0.578	9.148
1835	-12.188	0.578	9.149
1874	-12.185	0.578	9.149
1781	-12.168	0.578	9.152
1788	-12.167	0.578	4.230
1794	-12.167	0.578	8.508
1778	-12.034	0.577	4.079
1832	-11.993	0.035	4.382
1738	-11.991	0.036	15.278
1653	-11.989	0.036	4.407
1672	-11.989	0.036	4.407
1673	-11.989	0.036	4.407
1816	-11.988	0.036	4.407
1644	-11.987	0.036	4.224
1711	-11.987	0.036	4.408
1279	-11.972	0.036	1.631
1316	-11.972	0.036	1.632
1355	-11.972	0.036	1.632
1371	-11.972	0.036	1.632
1399	-11.972	0.036	1.630
1451	-11.972	0.036	1.630
1810	-11.971	0.035	1.630
1852	-11.939	0.035	1.630
1865	-11.938	0.035	1.629
1389	-11.911	0.436	1.630
1847	-11.894	0.037	1.627
1815	-11.889	0.037	1.626
1823	-11.889	0.037	4.330
1827	-11.889	0.037	4.330
1839	-11.889	0.037	4.330
1843	-11.889	0.037	4.330
1680	-11.884	0.436	4.330
1783	-11.872	0.037	15.369
1784	-11.872	0.037	1.805
1785	-11.872	0.037	2.642
1786	-11.872	0.037	2.610
1787	-11.872	0.037	1.803
1796	-11.872	0.037	9.407
1798	-11.872	0.037	9.407
1646	-11.864	0.037	9.407
1833	-11.816	0.436	4.618
1845	-11.813	0.436	4.616
1779	-11.793	0.436	3.810
1797	-11.793	0.436	3.809
1793	-11.792	0.436	3.813
1806	-11.792	0.436	9.491
1656	-11.786	0.436	4.561
1770	-11.784	0.437	4.561
1664	-11.784	0.436	4.561
1821	-11.774	0.039	4.561
1822	-11.728	0.041	2.121
1757	-11.660	0.581	2.655
1671	-11.660	0.581	2.617
1640	-11.659	0.581	3.389
1771	-11.659	0.581	3.387
1677	-11.656	0.581	3.374
1875	-11.558	0.579	5.945
1851	-11.557	0.579	3.368
1826	-11.552	0.579	3.370
1795	-11.537	0.580	14.660
1780	-11.537	0.580	0.876
1782	-11.537	0.580	0.874
1800	-11.536	0.580	2.902
1802	-11.536	0.580	16.283
1805	-11.536	0.580	2.091
1790	-11.535	0.580	2.916
1791	-11.535	0.580	2.917
1720	-11.529	0.579	2.918
1727	-11.529	0.579	14.601
1639	-11.527	0.579	5.914
1739	-11.527	0.579	5.914
1792	-11.433	0.580	3.901
1837	-11.409	0.579	3.179
1830	-11.408	0.579	9.522
1820	-11.403	0.579	9.533
1824	-11.403	0.579	8.194
1812	-11.388	0.580	8.188
1801	-11.387	0.580	3.867
1803	-11.387	0.580	8.783
1804	-11.387	0.580	8.848
1809	-11.366	1.178	8.848
1817	-11.245	1.198	8.717
1808	-11.220	1.198	8.715
1864	-11.170	1.618	8.711
1339	-10.760	1.197	8.760
1660	-10.190	1.144	7.829
1702	-10.189	1.141	7.837
1423	-9.819	1.230	7.367
1777	-9.788	1.231	7.568
1849	-9.774	2.473	9.334
1854	-9.774	2.473	6.245
1799	-9.748	2.473	18.001
1807	-9.748	2.473	6.494
1850	-9.688	1.230	6.497
1876	-9.613	2.468	3.735
1825	-9.611	2.468	17.018
1811	-9.587	2.468	4.976
1818	-9.545	2.468	1.505
1859	-9.545	2.468	1.504
1861	-9.454	2.808	5.301
1862	-9.249	2.520	2.690
1873	-9.249	2.520	2.695
1834	-9.249	2.520	4.033
1829	-9.228	2.753	2.653
1789	-9.135	2.746	2.649
1776	-9.037	2.519	7.080
1744	-9.037	2.519	7.092
1314	-9.028	2.518	5.780
1866	-9.027	2.521	7.113
1868	-9.006	2.491	7.113
1856	-8.996	2.527	7.356
1869	-8.582	1.968	3.462
1460	-8.487	1.956	3.462
1848	-7.588	1.764	4.446
1337	-7.010	2.094	1.699
1429	-6.889	2.122	7.074
1836	-6.885	2.096	6.864
1855	-6.885	2.096	7.082
1863	-6.885	2.096	7.170
1766	-6.854	2.127	9.014
1853	-6.849	2.128	7.289
1871	-6.848	2.128	7.288
1858	-6.815	2.132	6.246
1841	-6.809	2.131	6.494
1678	-6.435	2.676	1.697
1398	-6.432	2.676	1.701
1420	-6.415	2.677	1.696
1367	-6.415	2.676	1.651
1867	-6.398	2.677	7.116
1697	-6.044	3.224	2.114
1751	-6.041	3.224	2.114
1721	-6.038	3.224	2.114
1715	-6.032	3.224	2.114
1687	-6.027	3.223	7.318
1411	-6.004	3.222	6.094
1461	-6.004	3.222	7.160
1682	-5.922	3.218	7.133
1707	-5.921	3.217	15.944
1446	-5.844	3.184	8.391
1437	-5.843	3.184	5.186
1857	-5.833	3.231	9.042
1735	-5.833	3.231	8.530
1756	-5.833	3.231	8.530
1642	-5.805	2.809	6.836
1665	-5.805	2.806	7.024
1636	-5.805	2.808	7.127
1662	-5.805	2.809	8.747
1667	-5.805	2.809	8.370
1703	-5.804	2.795	17.593
1694	-5.803	2.795	8.351
1712	-5.803	2.801	8.351
1716	-5.803	2.792	8.351
1686	-5.802	2.783	8.289
1260	-5.800	2.801	9.118
1270	-5.800	2.803	8.379
1273	-5.800	2.802	8.375
1443	-5.800	2.803	8.375
1654	-5.778	2.787	8.729
1659	-5.778	2.787	9.643
1645	-5.772	2.782	15.344
1733	-5.708	3.920	3.095
1688	-5.692	2.736	6.025
1765	-5.049	2.987	2.669
1769	-4.980	3.504	0.001
1634	-4.969	3.507	4.742
