1661	-4.365	0.000	8.016
1750	-4.365	0.002	9.206
1699	-4.365	0.002	8.072
1726	-4.365	0.002	8.057
1742	-4.365	0.002	7.312
1673	-4.365	0.003	7.312
1715	-4.365	0.006	7.312
1464	-4.362	0.017	7.314
1473	-4.344	0.009	7.704
1541	-4.344	0.008	6.908
1546	-4.344	0.008	7.312
1593	-4.344	0.008	7.214
1644	-4.344	0.008	21.910
1630	-4.344	0.006	7.314
1443	-4.343	0.013	7.314
1513	-4.342	0.045	7.318
1497	-4.341	0.057	7.317
1516	-4.223	0.089	7.058
1576	-4.223	0.087	7.058
1612	-4.223	0.085	7.058
1524	-4.223	0.091	7.058
1550	-4.223	0.092	7.058
1581	-4.223	0.091	7.058
1598	-4.223	0.091	8.890
1604	-4.223	0.090	8.941
1534	-4.223	0.091	8.992
1583	-4.223	0.090	9.031
1536	-4.223	0.093	2.667
1615	-4.222	0.088	2.667
1501	-4.222	0.090	2.666
1656	-4.222	0.070	7.220
1488	-4.222	0.094	7.220
1646	-4.222	0.091	7.218
1505	-4.222	0.089	6.853
1734	-4.218	0.090	6.858
1744	-4.218	0.090	2.740
1529	-4.217	0.090	6.944
1777	-4.199	0.081	6.944
1738	-4.199	0.082	7.211
1745	-4.199	0.082	7.079
1766	-4.199	0.083	7.079
1779	-4.199	0.082	2.635
1780	-4.199	0.082	7.394
1751	-4.199	0.082	7.274
1783	-4.199	0.082	7.110
1771	-4.199	0.082	7.399
1731	-4.198	0.082	7.406
1690	-4.198	0.082	7.406
1732	-4.198	0.082	7.429
1754	-4.198	0.082	6.371
1757	-4.198	0.082	7.205
1667	-4.198	0.082	7.204
1672	-4.198	0.082	6.366
1675	-4.198	0.082	7.236
1698	-4.198	0.082	6.367
1712	-4.198	0.082	6.377
1716	-4.198	0.082	6.377
1719	-4.198	0.082	7.479
1720	-4.198	0.082	7.479
1721	-4.198	0.082	6.383
1729	-4.198	0.082	6.377
1768	-4.198	0.082	6.662
1697	-4.198	0.084	2.470
1710	-4.198	0.082	6.061
1703	-4.197	0.082	7.884
1702	-4.197	0.083	7.881
1704	-4.197	0.082	7.916
1736	-4.193	0.137	6.462
1683	-4.189	0.154	6.300
1482	-3.998	1.523	2.552
1502	-3.969	1.596	7.147
1492	-3.969	1.604	6.958
1495	-3.969	1.595	1.370
1554	-3.969	1.587	2.907
1493	-3.968	1.640	1.623
1636	-3.968	1.605	7.989
1653	-3.968	1.598	1.734
1447	-3.965	1.597	1.722
1452	-3.964	1.619	1.722
1785	-3.960	1.598	1.966
1701	-3.959	1.604	3.378
1781	-3.917	1.569	10.150
1680	-3.916	1.586	20.809
1761	-3.916	1.605	9.872
1688	-3.916	1.582	8.708
1706	-3.916	1.573	8.702
1695	-3.916	1.575	8.703
1662	-3.916	1.577	21.262
1692	-3.916	1.576	10.979
1728	-3.916	1.572	21.004
1739	-3.916	1.573	10.951
1666	-3.916	1.578	20.997
1664	-3.916	1.581	10.952
1709	-3.916	1.567	10.957
1778	-3.916	1.569	8.074
1773	-3.916	1.562	9.232
1681	-3.916	1.568	8.125
1776	-3.916	1.561	8.113
1676	-3.916	1.560	7.646
1705	-3.915	1.593	7.645
1782	-3.913	1.570	7.650
1413	-3.621	2.023	7.808
1487	-3.618	2.021	7.808
1549	-3.618	2.022	6.104
1591	-3.618	2.022	6.098
1622	-3.618	2.022	6.420
1651	-3.618	2.022	2.584
1475	-3.555	2.123	7.426
1631	-3.555	2.133	6.527
1597	-3.552	2.131	6.525
1730	-3.547	2.126	6.527
1741	-3.547	2.125	20.901
1737	-3.547	2.132	6.880
1596	-3.543	2.125	7.134
1600	-3.542	2.443	6.384
1746	-3.534	2.444	6.384
1685	-3.533	2.444	6.999
1609	-3.489	1.215	6.162
1531	-3.373	2.379	6.227
1455	-3.359	2.039	6.224
1453	-3.359	2.044	6.942
1511	-3.356	2.039	6.943
1627	-3.356	2.039	6.386
1606	-3.356	2.044	2.175
1758	-3.322	2.027	2.175
1686	-3.278	2.423	2.177
