510	-4.769	0.000	9.961
1403	-4.732	0.099	7.314
1396	-4.731	0.139	7.313
1415	-4.730	0.170	7.317
561	-4.729	0.110	7.317
1448	-4.728	0.201	7.316
1419	-4.728	0.200	8.734
1454	-4.728	0.187	8.741
1500	-4.728	0.092	8.741
1437	-4.728	0.066	8.741
1483	-4.726	0.076	8.736
1561	-4.722	0.064	8.736
1375	-4.682	0.174	7.204
1168	-4.682	0.150	7.203
1357	-4.682	0.139	6.365
641	-4.681	0.154	7.235
556	-4.681	0.150	6.366
1252	-4.680	0.234	6.376
576	-4.680	0.188	6.376
252	-4.678	0.151	7.478
440	-4.678	0.095	7.478
1620	-4.573	0.365	2.907
1527	-4.274	2.335	8.737
201	-4.272	2.303	8.737
1457	-4.271	2.319	8.737
299	-4.254	2.354	8.738
491	-4.252	2.313	8.741
288	-4.233	2.401	7.058
156	-4.200	2.299	6.944
431	-4.196	2.335	22.770
409	-4.196	2.336	7.188
487	-4.192	2.329	6.462
1381	-4.190	2.331	20.514
508	-4.175	2.347	6.300
488	-4.171	2.338	6.972
1580	-4.042	2.426	3.363
1559	-3.923	3.246	10.144
446	-3.914	3.249	7.646
511	-3.914	3.250	7.649
412	-3.914	3.249	7.647
466	-3.914	3.249	7.647
519	-3.914	3.249	7.872
566	-3.914	3.249	7.053
522	-3.865	2.723	7.584
1506	-3.851	2.707	7.514
1433	-3.846	3.959	7.513
194	-3.841	3.932	8.862
731	-3.770	2.844	7.566
1521	-3.745	3.910	7.363
694	-3.735	3.909	7.362
773	-3.726	3.911	7.005
704	-3.719	3.237	3.528
758	-3.718	3.223	7.474
739	-3.716	3.231	7.474
1564	-3.601	2.719	5.752
1648	-3.516	2.752	6.186
1595	-3.216	3.752	2.407
1422	-3.216	3.749	2.407
1484	-3.216	3.754	2.407
1494	-3.216	3.752	2.321
1517	-3.216	3.753	2.321
1423	-3.216	3.749	2.406
1430	-3.216	3.748	2.499
1518	-3.216	3.748	2.450
1542	-3.216	3.753	2.451
1603	-3.216	3.753	4.181
1643	-3.216	3.757	1.696
1479	-3.216	3.754	1.697
1428	-3.215	3.755	1.697
1459	-3.214	3.755	2.418
1628	-3.211	3.775	3.054
1629	-3.207	3.722	1.595
