942	-6.592	0.000	0.000
917	-6.577	0.023	0.000
784	-6.571	0.078	0.000
350	-6.550	0.061	0.000
337	-6.550	0.057	0.000
272	-6.548	0.054	0.000
289	-6.548	0.050	0.000
714	-6.546	0.105	0.000
976	-6.545	0.027	0.000
216	-6.545	0.066	0.000
1005	-6.544	0.023	0.000
278	-6.519	0.355	0.000
309	-6.519	0.355	0.000
293	-6.519	0.351	0.000
184	-6.515	0.361	0.000
949	-6.514	0.136	0.000
872	-6.513	0.154	0.000
863	-6.513	0.148	0.000
95	-6.499	0.341	0.000
1018	-6.483	0.072	0.000
874	-6.482	0.132	0.000
921	-6.482	0.099	0.000
993	-6.481	0.045	0.000
868	-6.480	0.055	0.000
882	-6.480	0.043	0.000
881	-6.480	0.035	0.000
90	-6.464	0.561	0.000
900	-6.464	0.174	0.000
1040	-6.463	0.180	0.000
1032	-6.463	0.162	0.000
443	-6.458	0.041	0.000
559	-6.456	0.031	0.000
454	-6.455	0.037	0.000
562	-6.455	0.033	0.000
1036	-6.432	0.070	0.000
461	-6.429	0.076	0.000
643	-6.428	0.103	0.000
329	-6.412	0.056	0.000
336	-6.412	0.052	0.000
848	-6.411	0.240	0.000
378	-6.411	0.064	0.000
260	-6.411	0.058	0.000
377	-6.411	0.057	0.000
589	-6.406	0.066	0.000
772	-6.406	0.058	0.000
187	-6.404	0.257	0.000
741	-6.403	0.266	0.000
693	-6.403	0.195	0.000
707	-6.402	0.287	0.000
789	-6.402	0.288	0.000
727	-6.402	0.275	0.000
674	-6.401	0.290	0.000
463	-6.401	0.269	0.000
650	-6.397	0.173	0.000
334	-6.384	0.249	0.000
685	-6.382	0.028	0.000
809	-6.378	0.222	0.000
456	-6.366	0.369	0.000
619	-6.354	0.022	0.000
357	-5.982	0.816	0.000
257	-5.694	1.472	0.000
310	-5.681	0.924	0.000
311	-5.532	1.468	0.000
191	-5.472	1.470	0.000
611	-5.373	1.379	0.000
1031	-5.341	1.364	0.000
363	-5.262	1.388	0.000
397	-5.262	1.389	0.000
494	-5.262	1.388	0.000
467	-5.261	1.389	0.000
681	-5.260	1.388	0.000
911	-5.238	1.375	0.000
370	-5.214	1.392	0.000
671	-5.212	1.392	0.000
502	-5.212	1.391	0.000
565	-5.212	1.391	0.000
596	-5.210	1.390	0.000
623	-5.189	1.392	0.000
379	-5.187	1.407	0.000
321	-5.187	1.407	0.000
551	-5.186	1.406	0.000
298	-5.186	1.407	0.000
666	-5.181	1.404	0.000
622	-5.170	1.470	0.000
487	-5.109	1.470	0.000
683	-5.097	1.466	0.000
601	-5.097	1.467	0.000
587	-5.097	1.467	0.000
617	-5.084	1.468	0.000
1025	-4.827	2.077	0.000
440	-4.796	2.029	0.000
751	-4.793	2.086	0.000
844	-4.784	3.865	0.000
856	-4.783	3.865	0.000
1038	-4.783	3.864	0.000
905	-4.781	3.863	0.000
907	-4.781	3.863	0.000
933	-4.781	3.863	0.000
779	-4.769	2.142	0.000
916	-4.742	3.933	0.000
943	-4.741	3.935	0.000
924	-4.741	3.937	0.000
891	-4.741	3.936	0.000
853	-4.728	3.924	0.000
822	-4.728	3.923	0.000
989	-4.724	3.935	0.000
821	-4.707	3.891	0.000
852	-4.707	3.889	0.000
831	-4.706	3.896	0.000
826	-4.706	3.896	0.000
843	-4.706	3.895	0.000
861	-4.706	3.895	0.000
842	-4.706	3.895	0.000
897	-4.703	3.893	0.000
963	-4.703	3.893	0.000
945	-4.703	3.892	0.000
875	-4.700	3.856	0.000
857	-4.672	3.884	0.000
950	-4.671	3.879	0.000
957	-4.670	3.879	0.000
1015	-4.670	3.882	0.000
906	-4.670	3.882	0.000
987	-4.668	3.881	0.000
986	-4.667	3.881	0.000
999	-4.654	3.879	0.000
825	-4.648	3.870	0.000
894	-4.646	3.868	0.000
898	-4.646	3.868	0.000
954	-4.645	3.864	0.000
923	-4.644	3.867	0.000
980	-4.644	3.868	0.000
926	-4.644	3.865	0.000
889	-4.640	3.864	0.000
1022	-4.639	3.885	0.000
914	-4.604	2.166	0.000
903	-4.604	2.161	0.000
884	-4.604	2.187	0.000
947	-4.603	2.180	0.000
1028	-4.602	2.176	0.000
952	-4.601	2.153	0.000
887	-4.601	2.193	0.000
845	-4.597	2.184	0.000
871	-4.593	2.169	0.000
818	-4.584	2.218	0.000
850	-4.580	2.220	0.000
849	-4.576	2.236	0.000
873	-4.573	2.242	0.000
838	-4.557	2.150	0.000
829	-4.548	2.261	0.000
998	-4.543	1.951	0.000
909	-4.532	2.306	0.000
858	-4.529	3.898	0.000
958	-4.525	3.905	0.000
895	-4.525	3.894	0.000
1010	-4.516	2.337	0.000
787	-4.499	2.574	0.000
925	-4.400	2.308	0.000
913	-4.391	2.734	0.000
403	-4.366	3.800	0.000
576	-4.365	3.802	0.000
918	-4.354	2.290	0.000
381	-4.354	3.879	0.000
1035	-4.328	3.854	0.000
1041	-4.328	3.855	0.000
1024	-4.275	3.889	0.000
995	-4.249	2.224	0.000
828	-4.245	3.820	0.000
1037	-4.235	3.846	0.000
901	-4.230	3.844	0.000
1021	-4.229	3.870	0.000
934	-4.228	3.760	0.000
994	-4.228	3.844	0.000
478	-4.220	3.759	0.000
524	-4.220	3.758	0.000
265	-4.220	3.757	0.000
591	-4.220	3.757	0.000
678	-4.219	3.758	0.000
985	-4.218	3.857	0.000
912	-4.217	3.862	0.000
915	-4.217	3.860	0.000
1000	-4.217	3.860	0.000
966	-4.217	3.857	0.000
992	-4.217	3.858	0.000
1009	-4.217	3.855	0.000
904	-4.217	3.854	0.000
937	-4.217	3.856	0.000
922	-4.217	3.852	0.000
975	-4.217	3.853	0.000
885	-4.216	3.862	0.000
965	-4.214	3.857	0.000
103	-4.205	3.837	0.000
791	-4.205	3.834	0.000
715	-4.205	3.833	0.000
520	-4.205	3.834	0.000
536	-4.205	3.832	0.000
477	-4.205	3.831	0.000
654	-4.204	3.833	0.000
836	-4.197	3.841	0.000
879	-4.197	3.838	0.000
953	-4.197	3.837	0.000
860	-4.197	3.835	0.000
700	-3.951	2.869	0.000
983	-3.106	3.998	0.000
