41	-14.405	0.000	0.000
387	-14.290	0.014	0.000
406	-14.290	0.014	0.000
407	-14.290	0.016	0.000
143	-14.288	0.014	0.000
372	-14.288	0.014	0.000
179	-14.288	0.018	0.000
453	-14.286	0.014	0.000
286	-14.276	0.016	0.000
255	-14.275	0.016	0.000
415	-14.267	0.015	0.000
60	-14.266	0.014	0.000
382	-13.555	0.031	0.000
384	-13.552	0.031	0.000
326	-13.551	0.033	0.000
439	-13.551	0.032	0.000
312	-13.551	0.031	0.000
391	-13.551	0.031	0.000
192	-13.550	0.036	0.000
133	-13.550	0.032	0.000
181	-13.550	0.032	0.000
182	-13.550	0.032	0.000
189	-13.550	0.032	0.000
203	-13.549	0.033	0.000
128	-13.549	0.032	0.000
150	-13.549	0.032	0.000
123	-13.549	0.032	0.000
149	-13.549	0.032	0.000
168	-13.549	0.031	0.000
139	-13.549	0.030	0.000
118	-13.549	0.028	0.000
120	-13.549	0.030	0.000
304	-13.546	0.032	0.000
256	-13.545	0.034	0.000
281	-13.545	0.032	0.000
262	-13.545	0.031	0.000
108	-13.545	0.032	0.000
101	-13.541	0.032	0.000
92	-13.537	0.033	0.000
72	-13.536	0.032	0.000
82	-13.536	0.032	0.000
97	-13.536	0.032	0.000
68	-13.536	0.034	0.000
250	-13.535	0.033	0.000
241	-13.535	0.033	0.000
418	-13.532	0.034	0.000
208	-13.530	0.033	0.000
50	-13.528	0.032	0.000
44	-13.528	0.031	0.000
36	-13.519	0.033	0.000
32	-13.518	0.033	0.000
34	-13.518	0.033	0.000
35	-13.518	0.031	0.000
21	-13.516	0.031	0.000
39	-13.511	0.064	0.000
190	-13.481	0.030	0.000
747	-13.471	0.032	0.000
365	-13.412	0.029	0.000
366	-13.412	0.029	0.000
351	-13.412	0.029	0.000
324	-13.410	0.029	0.000
345	-13.410	0.029	0.000
354	-13.410	0.029	0.000
152	-13.409	0.029	0.000
195	-13.409	0.029	0.000
200	-13.409	0.029	0.000
490	-13.409	0.029	0.000
522	-13.409	0.029	0.000
375	-13.409	0.029	0.000
202	-13.408	0.028	0.000
167	-13.408	0.029	0.000
525	-13.408	0.029	0.000
495	-13.408	0.029	0.000
572	-13.408	0.029	0.000
573	-13.408	0.029	0.000
451	-13.407	0.029	0.000
471	-13.407	0.029	0.000
473	-13.407	0.029	0.000
483	-13.407	0.029	0.000
493	-13.407	0.029	0.000
510	-13.407	0.029	0.000
610	-13.407	0.029	0.000
486	-13.407	0.029	0.000
606	-13.407	0.029	0.000
449	-13.406	0.029	0.000
588	-13.406	0.029	0.000
742	-13.401	0.029	0.000
723	-13.399	0.029	0.000
748	-13.399	0.029	0.000
261	-13.399	0.029	0.000
692	-13.397	0.029	0.000
712	-13.397	0.029	0.000
296	-13.397	0.029	0.000
297	-13.397	0.029	0.000
258	-13.396	0.029	0.000
420	-13.392	0.029	0.000
679	-13.391	0.029	0.000
647	-13.390	0.029	0.000
416	-13.388	0.029	0.000
217	-13.387	0.030	0.000
239	-13.387	0.030	0.000
240	-13.387	0.030	0.000
229	-13.385	0.029	0.000
232	-13.385	0.030	0.000
395	-13.375	0.031	0.000
398	-13.375	0.031	0.000
564	-13.373	0.031	0.000
356	-13.373	0.031	0.000
369	-13.373	0.031	0.000
571	-13.371	0.031	0.000
497	-13.370	0.031	0.000
316	-13.366	0.040	0.000
119	-13.366	0.036	0.000
355	-13.366	0.035	0.000
137	-13.365	0.035	0.000
543	-13.365	0.035	0.000
537	-13.365	0.035	0.000
512	-13.364	0.034	0.000
603	-13.364	0.035	0.000
585	-13.364	0.035	0.000
464	-13.363	0.039	0.000
516	-13.363	0.035	0.000
508	-13.363	0.034	0.000
734	-13.363	0.032	0.000
721	-13.362	0.032	0.000
163	-13.361	0.033	0.000
737	-13.356	0.035	0.000
728	-13.356	0.037	0.000
769	-13.355	0.035	0.000
713	-13.354	0.036	0.000
105	-13.352	0.035	0.000
651	-13.347	0.035	0.000
249	-13.343	0.036	0.000
254	-13.343	0.036	0.000
225	-13.341	0.061	0.000
689	-13.290	0.253	0.000
347	-13.239	0.035	0.000
28	-13.167	0.899	0.000
269	-13.099	0.048	0.000
207	-13.087	0.064	0.000
344	-13.070	0.054	0.000
549	-13.070	0.057	0.000
113	-13.068	0.054	0.000
126	-13.068	0.054	0.000
422	-13.065	0.056	0.000
89	-13.047	0.052	0.000
5	-12.997	1.759	0.000
560	-12.984	1.339	0.000
315	-12.969	1.395	0.000
373	-12.963	1.484	0.000
230	-12.566	2.201	0.000
193	-12.435	2.429	0.000
172	-12.308	2.155	0.000
264	-12.283	2.165	0.000
153	-12.163	2.329	0.000
277	-12.090	2.420	0.000
359	-11.740	2.376	0.000
196	-11.628	2.409	0.000
112	-11.627	2.409	0.000
609	-11.626	2.409	0.000
268	-11.625	2.409	0.000
273	-11.625	2.409	0.000
209	-11.618	2.409	0.000
62	-11.617	2.409	0.000
80	-11.617	2.409	0.000
77	-11.617	2.409	0.000
12	-11.601	2.408	0.000
147	-11.562	2.403	0.000
331	-11.562	2.404	0.000
115	-11.562	2.404	0.000
135	-11.562	2.403	0.000
151	-11.562	2.403	0.000
314	-11.562	2.404	0.000
176	-11.561	2.404	0.000
204	-11.561	2.403	0.000
504	-11.560	2.403	0.000
515	-11.560	2.403	0.000
301	-11.556	2.404	0.000
709	-11.556	2.404	0.000
653	-11.553	2.406	0.000
233	-11.550	2.404	0.000
42	-11.537	2.403	0.000
48	-11.537	2.403	0.000
10	-11.446	2.408	0.000
14	-11.446	2.408	0.000
409	-11.429	2.459	0.000
132	-11.392	2.406	0.000
392	-11.392	2.407	0.000
146	-11.391	2.406	0.000
538	-11.391	2.407	0.000
556	-11.391	2.407	0.000
405	-11.391	2.407	0.000
127	-11.391	2.406	0.000
500	-11.390	2.407	0.000
501	-11.390	2.407	0.000
592	-11.390	2.407	0.000
607	-11.390	2.407	0.000
468	-11.389	2.407	0.000
469	-11.389	2.407	0.000
426	-11.388	2.406	0.000
744	-11.387	2.407	0.000
285	-11.386	2.407	0.000
652	-11.383	2.406	0.000
246	-11.381	2.407	0.000
637	-11.376	2.407	0.000
43	-11.369	2.406	0.000
374	-11.366	2.405	0.000
526	-11.364	2.407	0.000
452	-11.364	2.405	0.000
687	-11.360	2.405	0.000
704	-11.360	2.405	0.000
170	-11.316	2.414	0.000
91	-11.308	2.406	0.000
64	-11.307	2.406	0.000
30	-11.292	2.406	0.000
23	-11.292	2.406	0.000
319	-11.255	2.401	0.000
380	-11.255	2.401	0.000
437	-11.253	2.401	0.000
253	-11.244	2.401	0.000
86	-11.241	2.401	0.000
275	-11.176	2.516	0.000
51	-11.126	2.409	0.000
438	-11.122	2.440	0.000
17	-11.121	2.409	0.000
15	-11.121	2.409	0.000
54	-10.674	2.155	0.000
385	-10.287	2.523	0.000
548	-9.016	1.394	0.000
284	-8.694	3.379	0.000
116	-8.689	3.376	0.000
110	-8.650	3.032	0.000
527	-8.636	3.020	0.000
102	-8.603	3.029	0.000
292	-8.591	3.017	0.000
148	-8.559	3.017	0.000
174	-8.557	3.017	0.000
106	-8.541	3.819	0.000
435	-8.540	3.819	0.000
76	-8.538	3.016	0.000
93	-8.533	3.818	0.000
53	-8.531	3.428	0.000
263	-8.514	3.013	0.000
144	-8.509	3.819	0.000
276	-8.508	3.819	0.000
70	-8.501	3.818	0.000
75	-8.501	3.818	0.000
87	-8.501	3.818	0.000
22	-8.492	3.818	0.000
24	-8.492	3.818	0.000
31	-8.492	3.818	0.000
218	-8.487	3.889	0.000
96	-8.480	3.888	0.000
169	-8.452	3.888	0.000
197	-8.452	3.888	0.000
161	-8.451	3.887	0.000
6	-8.451	3.845	0.000
8	-8.451	3.845	0.000
9	-8.451	3.845	0.000
13	-8.451	3.845	0.000
243	-8.448	3.892	0.000
214	-8.445	3.887	0.000
231	-8.439	3.883	0.000
33	-8.436	3.888	0.000
40	-8.436	3.888	0.000
19	-8.435	3.888	0.000
56	-8.431	3.883	0.000
27	-8.428	3.901	0.000
117	-8.411	3.284	0.000
122	-8.308	3.280	0.000
627	-8.175	2.032	0.000
323	-8.174	2.219	0.000
125	-8.166	3.904	0.000
65	-8.164	3.904	0.000
71	-8.164	3.904	0.000
74	-8.164	3.904	0.000
88	-8.164	3.904	0.000
234	-8.163	3.904	0.000
49	-8.162	3.905	0.000
57	-8.162	3.905	0.000
16	-8.159	3.905	0.000
3	-8.155	3.945	0.000
2	-8.155	3.942	0.000
4	-8.154	3.946	0.000
69	-8.109	3.907	0.000
79	-8.109	3.907	0.000
100	-8.109	3.907	0.000
602	-8.100	2.091	0.000
445	-7.883	2.135	0.000
223	-7.874	2.136	0.000
352	-7.788	3.338	0.000
335	-7.788	3.338	0.000
353	-7.788	3.338	0.000
121	-7.787	3.337	0.000
114	-7.787	3.338	0.000
178	-7.787	3.338	0.000
160	-7.787	3.338	0.000
427	-7.786	3.338	0.000
104	-7.786	3.338	0.000
252	-7.785	3.338	0.000
55	-7.784	3.337	0.000
29	-7.782	3.337	0.000
1	-7.780	3.338	0.000
411	-7.780	3.338	0.000
600	-7.755	3.333	0.000
325	-7.731	3.107	0.000
368	-7.731	3.107	0.000
142	-7.731	3.107	0.000
482	-7.731	3.107	0.000
282	-7.730	3.107	0.000
295	-7.730	3.107	0.000
58	-7.727	3.106	0.000
302	-7.658	2.560	0.000
194	-7.570	3.919	0.000
175	-7.568	3.919	0.000
61	-7.564	3.919	0.000
78	-7.563	3.919	0.000
66	-7.563	3.919	0.000
37	-7.561	3.919	0.000
330	-7.425	1.910	0.000
341	-7.424	1.910	0.000
157	-7.424	1.909	0.000
413	-7.417	1.909	0.000
320	-7.411	1.908	0.000
342	-7.409	1.908	0.000
396	-7.408	1.908	0.000
212	-7.370	1.906	0.000
410	-7.366	1.906	0.000
479	-7.125	3.081	0.000
680	-7.124	3.081	0.000
698	-7.124	3.081	0.000
566	-6.780	3.082	0.000
447	-6.779	3.082	0.000
746	-6.742	3.164	0.000
764	-6.725	3.166	0.000
462	-6.725	3.167	0.000
724	-6.725	3.167	0.000
793	-6.725	3.167	0.000
802	-6.725	3.167	0.000
803	-6.725	3.167	0.000
621	-6.725	3.166	0.000
333	-6.710	3.172	0.000
332	-6.680	3.881	0.000
327	-6.680	3.881	0.000
224	-6.678	3.880	0.000
81	-6.673	3.880	0.000
441	-6.669	3.881	0.000
47	-6.666	3.879	0.000
705	-6.633	3.164	0.000
745	-6.633	3.164	0.000
699	-6.632	3.164	0.000
322	-6.632	3.164	0.000
434	-6.632	3.164	0.000
539	-6.632	3.164	0.000
659	-6.632	3.164	0.000
660	-6.632	3.164	0.000
664	-6.632	3.164	0.000
428	-6.632	3.164	0.000
641	-6.631	3.164	0.000
480	-6.631	3.164	0.000
786	-6.631	3.164	0.000
455	-6.630	3.164	0.000
458	-6.630	3.164	0.000
492	-6.630	3.164	0.000
561	-6.630	3.164	0.000
720	-6.630	3.164	0.000
761	-6.630	3.164	0.000
620	-6.630	3.164	0.000
419	-6.629	3.164	0.000
738	-6.428	2.029	0.000
740	-6.426	2.035	0.000
690	-6.393	2.031	0.000
523	-6.381	3.590	0.000
636	-6.337	2.019	0.000
608	-6.330	2.030	0.000
450	-6.329	2.022	0.000
517	-6.328	2.017	0.000
767	-6.328	2.034	0.000
529	-6.328	3.912	0.000
753	-6.322	2.038	0.000
498	-6.315	2.171	0.000
625	-6.314	2.021	0.000
542	-6.307	2.027	0.000
541	-6.307	2.031	0.000
711	-6.306	2.028	0.000
348	-6.306	3.429	0.000
444	-6.305	2.032	0.000
706	-6.304	2.022	0.000
436	-6.304	2.031	0.000
790	-6.304	2.031	0.000
569	-6.303	2.025	0.000
547	-6.303	2.031	0.000
109	-6.303	2.031	0.000
749	-6.303	2.034	0.000
567	-6.303	2.030	0.000
695	-6.303	2.032	0.000
349	-6.303	2.037	0.000
221	-6.303	3.428	0.000
237	-6.303	3.428	0.000
513	-6.302	2.031	0.000
532	-6.302	2.032	0.000
677	-6.302	2.033	0.000
131	-6.296	3.153	0.000
759	-6.293	2.027	0.000
180	-6.280	3.155	0.000
213	-6.248	3.156	0.000
771	-6.238	2.523	0.000
814	-6.238	2.523	0.000
946	-6.069	3.652	0.000
971	-6.069	3.651	0.000
955	-6.068	3.652	0.000
847	-6.068	3.647	0.000
939	-6.068	3.651	0.000
400	-6.063	3.649	0.000
781	-6.058	3.648	0.000
667	-6.057	3.649	0.000
1011	-6.054	3.650	0.000
583	-6.012	2.286	0.000
424	-6.011	2.170	0.000
155	-5.986	2.163	0.000
644	-5.981	2.163	0.000
684	-5.981	2.162	0.000
156	-5.969	1.980	0.000
472	-5.969	2.164	0.000
511	-5.967	1.978	0.000
259	-5.959	2.165	0.000
242	-5.959	2.165	0.000
656	-5.959	2.739	0.000
446	-5.948	2.741	0.000
531	-5.941	3.966	0.000
638	-5.927	3.965	0.000
782	-5.918	3.640	0.000
362	-5.916	2.264	0.000
928	-5.911	3.990	0.000
402	-5.895	3.639	0.000
735	-5.894	3.651	0.000
630	-5.894	3.639	0.000
183	-5.893	2.034	0.000
757	-5.890	3.639	0.000
594	-5.889	3.639	0.000
729	-5.889	3.639	0.000
563	-5.889	3.639	0.000
586	-5.889	3.639	0.000
686	-5.889	3.639	0.000
701	-5.889	3.638	0.000
598	-5.884	3.648	0.000
815	-5.883	3.648	0.000
465	-5.882	3.648	0.000
967	-5.866	3.989	0.000
1026	-5.866	3.988	0.000
558	-5.854	3.646	0.000
1042	-5.853	3.988	0.000
507	-5.853	3.647	0.000
514	-5.853	3.647	0.000
488	-5.852	3.647	0.000
459	-5.852	3.647	0.000
582	-5.844	3.950	0.000
726	-5.844	3.949	0.000
725	-5.844	3.948	0.000
615	-5.842	3.646	0.000
780	-5.834	3.403	0.000
736	-5.833	3.391	0.000
412	-5.832	3.646	0.000
219	-5.822	3.394	0.000
648	-5.785	3.393	0.000
279	-5.779	3.395	0.000
364	-5.779	3.395	0.000
266	-5.777	3.395	0.000
376	-5.777	3.395	0.000
390	-5.777	3.395	0.000
503	-5.775	3.398	0.000
519	-5.773	3.395	0.000
657	-5.773	3.395	0.000
425	-5.765	3.394	0.000
752	-5.761	2.738	0.000
628	-5.745	2.722	0.000
386	-5.741	2.714	0.000
305	-5.741	2.716	0.000
805	-5.741	2.717	0.000
733	-5.741	2.718	0.000
794	-5.741	2.719	0.000
719	-5.741	2.721	0.000
755	-5.741	2.722	0.000
777	-5.741	2.723	0.000
658	-5.741	2.724	0.000
535	-5.741	2.724	0.000
739	-5.741	2.727	0.000
655	-5.741	2.726	0.000
758	-5.728	2.145	0.000
484	-5.726	2.353	0.000
339	-5.719	2.352	0.000
199	-5.696	2.408	0.000
346	-5.696	2.407	0.000
731	-5.688	1.898	0.000
765	-5.675	3.770	0.000
593	-5.674	3.769	0.000
154	-5.671	3.773	0.000
340	-5.670	3.773	0.000
399	-5.670	3.772	0.000
404	-5.669	3.773	0.000
338	-5.667	2.673	0.000
640	-5.648	3.943	0.000
775	-5.621	2.404	0.000
776	-5.621	2.404	0.000
800	-5.621	2.405	0.000
670	-5.618	2.399	0.000
766	-5.554	1.897	0.000
553	-5.544	1.904	0.000
457	-5.544	1.904	0.000
466	-5.544	1.904	0.000
634	-5.522	2.106	0.000
673	-5.505	2.144	0.000
616	-5.452	2.831	0.000
533	-5.399	2.840	0.000
960	-5.377	3.820	0.000
768	-5.308	3.807	0.000
599	-5.304	3.811	0.000
294	-5.302	3.811	0.000
283	-5.302	3.810	0.000
817	-5.297	2.303	0.000
491	-5.214	3.250	0.000
509	-5.214	3.250	0.000
632	-5.160	3.297	0.000
544	-5.145	3.319	0.000
614	-5.140	3.289	0.000
750	-5.130	3.346	0.000
238	-5.118	3.248	0.000
429	-5.114	3.254	0.000
236	-5.113	3.251	0.000
140	-5.113	3.250	0.000
550	-5.111	3.249	0.000
792	-5.109	3.256	0.000
84	-5.109	3.247	0.000
417	-5.098	3.993	0.000
383	-5.072	3.311	0.000
665	-5.069	3.296	0.000
763	-5.052	3.759	0.000
613	-4.830	3.786	0.000
796	-4.745	2.634	0.000
226	-4.620	3.606	0.000
675	-4.620	3.607	0.000
631	-4.612	3.614	0.000
545	-4.601	3.605	0.000
717	-4.572	2.351	0.000
649	-4.376	3.749	0.000
475	-3.945	3.846	0.000
574	-3.943	3.788	0.000
716	-3.910	3.831	0.000
708	-3.905	3.748	0.000
575	-3.872	3.883	0.000
