367	-18.354	0.000	0.000
450	-17.930	0.048	0.000
348	-17.923	0.047	0.000
355	-17.922	0.047	0.000
304	-17.917	0.047	0.000
328	-17.917	0.047	0.000
321	-17.916	0.047	0.000
272	-17.910	0.047	0.000
277	-17.910	0.047	0.000
57	-17.902	0.047	0.000
113	-17.902	0.047	0.000
137	-17.902	0.047	0.000
170	-17.902	0.047	0.000
86	-17.902	0.047	0.000
92	-17.902	0.047	0.000
112	-17.902	0.047	0.000
129	-17.902	0.047	0.000
169	-17.902	0.047	0.000
179	-17.902	0.047	0.000
261	-17.898	0.047	0.000
319	-17.833	0.049	0.000
442	-17.706	0.044	0.000
368	-17.701	0.043	0.000
375	-17.701	0.043	0.000
380	-17.701	0.043	0.000
429	-17.701	0.043	0.000
383	-17.700	0.043	0.000
385	-17.700	0.043	0.000
392	-17.700	0.043	0.000
393	-17.700	0.043	0.000
397	-17.700	0.043	0.000
399	-17.700	0.043	0.000
410	-17.700	0.043	0.000
418	-17.700	0.043	0.000
419	-17.700	0.043	0.000
337	-17.697	0.043	0.000
338	-17.697	0.043	0.000
339	-17.697	0.043	0.000
341	-17.697	0.043	0.000
343	-17.697	0.043	0.000
359	-17.697	0.043	0.000
678	-17.695	0.044	0.000
679	-17.695	0.044	0.000
576	-17.695	0.044	0.000
582	-17.695	0.044	0.000
583	-17.695	0.044	0.000
556	-17.694	0.044	0.000
560	-17.694	0.044	0.000
569	-17.694	0.044	0.000
580	-17.694	0.044	0.000
586	-17.694	0.044	0.000
595	-17.694	0.044	0.000
611	-17.694	0.044	0.000
632	-17.694	0.044	0.000
650	-17.694	0.044	0.000
666	-17.694	0.044	0.000
671	-17.694	0.044	0.000
682	-17.694	0.044	0.000
287	-17.691	0.043	0.000
314	-17.691	0.043	0.000
323	-17.691	0.043	0.000
330	-17.691	0.043	0.000
297	-17.690	0.043	0.000
300	-17.690	0.043	0.000
302	-17.690	0.043	0.000
303	-17.690	0.043	0.000
310	-17.690	0.043	0.000
476	-17.687	0.044	0.000
477	-17.687	0.044	0.000
482	-17.687	0.044	0.000
483	-17.687	0.044	0.000
484	-17.687	0.044	0.000
488	-17.687	0.044	0.000
493	-17.687	0.044	0.000
494	-17.687	0.044	0.000
502	-17.687	0.044	0.000
516	-17.687	0.044	0.000
525	-17.687	0.044	0.000
537	-17.687	0.044	0.000
543	-17.687	0.044	0.000
544	-17.687	0.044	0.000
733	-17.687	0.044	0.000
227	-17.683	0.043	0.000
274	-17.683	0.043	0.000
210	-17.682	0.043	0.000
211	-17.682	0.043	0.000
212	-17.682	0.043	0.000
213	-17.682	0.043	0.000
217	-17.682	0.043	0.000
219	-17.682	0.043	0.000
65	-17.676	0.043	0.000
68	-17.676	0.043	0.000
87	-17.676	0.043	0.000
88	-17.676	0.043	0.000
89	-17.676	0.043	0.000
102	-17.676	0.043	0.000
122	-17.676	0.043	0.000
124	-17.676	0.043	0.000
131	-17.676	0.043	0.000
138	-17.676	0.043	0.000
139	-17.676	0.043	0.000
142	-17.676	0.043	0.000
144	-17.676	0.043	0.000
147	-17.676	0.043	0.000
148	-17.676	0.043	0.000
149	-17.676	0.043	0.000
150	-17.676	0.043	0.000
157	-17.676	0.043	0.000
159	-17.676	0.043	0.000
160	-17.676	0.043	0.000
174	-17.676	0.043	0.000
190	-17.675	0.043	0.000
184	-17.675	0.043	0.000
187	-17.675	0.043	0.000
197	-17.675	0.043	0.000
199	-17.675	0.043	0.000
203	-17.675	0.043	0.000
207	-17.675	0.043	0.000
208	-17.675	0.043	0.000
257	-17.672	0.043	0.000
258	-17.672	0.043	0.000
259	-17.672	0.043	0.000
26	-17.665	0.043	0.000
28	-17.665	0.043	0.000
34	-17.665	0.043	0.000
35	-17.665	0.043	0.000
36	-17.665	0.043	0.000
39	-17.665	0.043	0.000
40	-17.665	0.043	0.000
45	-17.665	0.043	0.000
47	-17.665	0.043	0.000
243	-17.665	0.043	0.000
246	-17.665	0.043	0.000
249	-17.665	0.043	0.000
250	-17.665	0.043	0.000
437	-17.568	0.044	0.000
462	-17.566	0.044	0.000
388	-17.564	0.044	0.000
417	-17.564	0.044	0.000
433	-17.564	0.044	0.000
371	-17.563	0.044	0.000
428	-17.563	0.044	0.000
378	-17.562	0.044	0.000
422	-17.562	0.044	0.000
357	-17.561	0.045	0.000
345	-17.558	0.045	0.000
346	-17.558	0.045	0.000
353	-17.558	0.045	0.000
361	-17.558	0.045	0.000
280	-17.556	0.045	0.000
289	-17.554	0.045	0.000
290	-17.554	0.045	0.000
291	-17.554	0.045	0.000
324	-17.554	0.045	0.000
284	-17.553	0.045	0.000
285	-17.553	0.045	0.000
498	-17.549	0.044	0.000
278	-17.547	0.045	0.000
485	-17.547	0.044	0.000
271	-17.546	0.045	0.000
120	-17.541	0.045	0.000
96	-17.541	0.045	0.000
60	-17.539	0.045	0.000
77	-17.539	0.045	0.000
91	-17.539	0.045	0.000
108	-17.539	0.045	0.000
109	-17.539	0.045	0.000
118	-17.539	0.045	0.000
135	-17.539	0.045	0.000
143	-17.539	0.045	0.000
145	-17.539	0.045	0.000
151	-17.539	0.045	0.000
154	-17.539	0.045	0.000
161	-17.539	0.045	0.000
171	-17.539	0.045	0.000
180	-17.539	0.045	0.000
181	-17.539	0.045	0.000
198	-17.539	0.045	0.000
204	-17.539	0.045	0.000
185	-17.538	0.045	0.000
4	-17.530	0.045	0.000
27	-17.528	0.045	0.000
42	-17.528	0.045	0.000
50	-17.528	0.045	0.000
10	-17.528	0.045	0.000
11	-17.528	0.045	0.000
18	-17.528	0.045	0.000
20	-17.528	0.045	0.000
21	-17.528	0.045	0.000
44	-17.528	0.045	0.000
414	-17.498	0.045	0.000
322	-17.489	0.046	0.000
268	-17.482	0.046	0.000
66	-17.475	0.046	0.000
146	-17.475	0.046	0.000
192	-17.474	0.046	0.000
200	-17.474	0.046	0.000
201	-17.474	0.046	0.000
5	-17.465	0.046	0.000
7	-17.465	0.046	0.000
235	-17.465	0.046	0.000
32	-17.462	0.046	0.000
331	-17.278	0.048	0.000
262	-17.271	0.048	0.000
51	-17.263	0.049	0.000
123	-17.263	0.049	0.000
167	-17.263	0.049	0.000
401	-16.914	1.574	0.000
412	-16.913	1.574	0.000
311	-16.899	1.574	0.000
265	-16.896	1.574	0.000
550	-16.894	1.574	0.000
551	-16.894	1.574	0.000
231	-16.891	1.574	0.000
218	-16.890	1.574	0.000
98	-16.887	1.574	0.000
111	-16.887	1.574	0.000
140	-16.887	1.574	0.000
186	-16.885	1.574	0.000
9	-16.875	1.574	0.000
30	-16.875	1.574	0.000
458	-16.563	1.575	0.000
463	-16.563	1.575	0.000
396	-16.561	1.575	0.000
406	-16.557	1.575	0.000
365	-16.554	1.576	0.000
336	-16.550	1.576	0.000
283	-16.546	1.575	0.000
515	-16.540	1.575	0.000
56	-16.533	1.575	0.000
163	-16.533	1.575	0.000
58	-16.533	1.575	0.000
178	-16.532	1.575	0.000
471	-16.526	1.575	0.000
236	-16.524	1.575	0.000
248	-16.523	1.575	0.000
12	-16.522	1.575	0.000
448	-16.509	1.576	0.000
409	-16.506	1.576	0.000
374	-16.506	1.576	0.000
400	-16.506	1.576	0.000
405	-16.505	1.576	0.000
334	-16.499	1.576	0.000
363	-16.499	1.576	0.000
344	-16.498	1.576	0.000
286	-16.493	1.576	0.000
263	-16.488	1.576	0.000
712	-16.488	1.576	0.000
479	-16.487	1.576	0.000
538	-16.487	1.576	0.000
512	-16.486	1.576	0.000
224	-16.484	1.576	0.000
232	-16.484	1.576	0.000
55	-16.480	1.576	0.000
63	-16.480	1.576	0.000
67	-16.480	1.576	0.000
75	-16.480	1.576	0.000
79	-16.480	1.576	0.000
80	-16.480	1.576	0.000
82	-16.480	1.576	0.000
84	-16.480	1.576	0.000
94	-16.480	1.576	0.000
99	-16.480	1.576	0.000
101	-16.480	1.576	0.000
103	-16.480	1.576	0.000
104	-16.480	1.576	0.000
105	-16.480	1.576	0.000
107	-16.480	1.576	0.000
121	-16.480	1.576	0.000
133	-16.480	1.576	0.000
136	-16.480	1.576	0.000
141	-16.480	1.576	0.000
156	-16.480	1.576	0.000
162	-16.480	1.576	0.000
189	-16.479	1.576	0.000
194	-16.479	1.576	0.000
195	-16.479	1.576	0.000
183	-16.478	1.576	0.000
470	-16.473	1.576	0.000
19	-16.469	1.576	0.000
238	-16.469	1.576	0.000
240	-16.469	1.576	0.000
43	-16.468	1.576	0.000
466	-16.443	1.576	0.000
233	-16.438	1.576	0.000
292	-14.913	1.629	0.000
546	-14.913	1.630	0.000
270	-14.905	1.629	0.000
230	-14.904	1.630	0.000
134	-14.897	1.630	0.000
172	-14.897	1.630	0.000
205	-14.897	1.630	0.000
239	-14.892	1.630	0.000
444	-14.641	1.633	0.000
446	-14.640	1.633	0.000
640	-14.637	1.633	0.000
369	-14.635	1.633	0.000
420	-14.635	1.633	0.000
398	-14.634	1.633	0.000
373	-14.634	1.633	0.000
342	-14.633	1.633	0.000
352	-14.632	1.633	0.000
478	-14.630	1.633	0.000
491	-14.630	1.633	0.000
542	-14.630	1.633	0.000
288	-14.629	1.633	0.000
507	-14.629	1.633	0.000
508	-14.629	1.633	0.000
519	-14.629	1.633	0.000
523	-14.629	1.633	0.000
281	-14.628	1.633	0.000
295	-14.627	1.633	0.000
296	-14.627	1.633	0.000
312	-14.627	1.633	0.000
264	-14.620	1.633	0.000
266	-14.620	1.633	0.000
267	-14.620	1.633	0.000
269	-14.620	1.633	0.000
276	-14.620	1.633	0.000
216	-14.620	1.633	0.000
225	-14.620	1.633	0.000
228	-14.620	1.633	0.000
229	-14.620	1.633	0.000
255	-14.615	1.633	0.000
110	-14.613	1.633	0.000
114	-14.613	1.633	0.000
117	-14.613	1.633	0.000
128	-14.613	1.633	0.000
168	-14.613	1.633	0.000
54	-14.613	1.633	0.000
76	-14.613	1.633	0.000
116	-14.613	1.633	0.000
127	-14.613	1.633	0.000
130	-14.613	1.633	0.000
158	-14.613	1.633	0.000
164	-14.613	1.633	0.000
165	-14.613	1.633	0.000
177	-14.612	1.633	0.000
38	-14.608	1.633	0.000
244	-14.608	1.633	0.000
468	-14.599	1.634	0.000
132	-14.531	1.626	0.000
175	-14.531	1.626	0.000
59	-14.531	1.626	0.000
83	-14.531	1.626	0.000
97	-14.531	1.627	0.000
100	-14.531	1.626	0.000
125	-14.531	1.626	0.000
193	-14.531	1.627	0.000
196	-14.531	1.626	0.000
37	-14.526	1.626	0.000
22	-14.526	1.626	0.000
49	-14.526	1.626	0.000
46	-14.525	1.626	0.000
221	-14.337	1.629	0.000
526	-9.516	2.861	0.000
309	-9.512	2.856	0.000
70	-9.507	2.856	0.000
31	-9.497	2.854	0.000
435	-8.163	3.623	0.000
440	-8.163	3.623	0.000
1701	-8.103	3.609	0.000
686	-8.080	3.624	0.000
1648	-8.059	3.630	0.000
1704	-8.055	3.623	0.000
1705	-8.055	3.623	0.000
1517	-8.053	3.598	0.000
1518	-8.053	3.598	0.000
1512	-8.053	3.598	0.000
1651	-8.050	3.631	0.000
579	-8.050	3.630	0.000
601	-8.050	3.630	0.000
1490	-8.049	3.597	0.000
554	-8.049	3.630	0.000
718	-8.046	3.813	0.000
1695	-8.046	3.623	0.000
1720	-8.045	3.623	0.000
1735	-8.044	3.623	0.000
634	-8.043	3.623	0.000
457	-8.042	3.810	0.000
549	-8.037	3.628	0.000
1466	-8.036	3.596	0.000
1467	-8.036	3.596	0.000
511	-8.031	3.620	0.000
421	-8.030	3.809	0.000
424	-8.030	3.809	0.000
480	-8.030	3.621	0.000
486	-8.030	3.621	0.000
541	-8.030	3.621	0.000
351	-8.029	3.809	0.000
426	-8.024	3.626	0.000
447	-8.023	3.620	0.000
340	-8.022	3.627	0.000
358	-8.022	3.627	0.000
395	-8.022	3.627	0.000
451	-8.021	3.620	0.000
1751	-8.018	3.618	0.000
1552	-8.014	3.592	0.000
1557	-8.014	3.592	0.000
1560	-8.014	3.592	0.000
1572	-8.014	3.592	0.000
1576	-8.014	3.592	0.000
1591	-8.014	3.592	0.000
1598	-8.014	3.592	0.000
1601	-8.014	3.592	0.000
1609	-8.014	3.592	0.000
1610	-8.014	3.592	0.000
1612	-8.014	3.592	0.000
1617	-8.014	3.592	0.000
1619	-8.014	3.592	0.000
1630	-8.008	3.654	0.000
332	-8.005	3.618	0.000
356	-8.005	3.618	0.000
430	-8.005	3.619	0.000
1724	-7.997	3.610	0.000
327	-7.993	3.805	0.000
1608	-7.990	3.612	0.000
1595	-7.989	3.612	0.000
1602	-7.989	3.612	0.000
1747	-7.989	3.616	0.000
1707	-7.988	3.616	0.000
1714	-7.988	3.616	0.000
1683	-7.985	3.615	0.000
254	-7.985	3.623	0.000
694	-7.983	3.623	0.000
563	-7.983	3.623	0.000
566	-7.983	3.623	0.000
616	-7.983	3.623	0.000
688	-7.983	3.623	0.000
695	-7.983	3.623	0.000
1709	-7.979	3.621	0.000
1710	-7.979	3.621	0.000
1734	-7.979	3.621	0.000
1740	-7.979	3.621	0.000
704	-7.975	3.621	0.000
443	-7.973	3.622	0.000
242	-7.972	3.621	0.000
1522	-7.969	3.583	0.000
1510	-7.969	3.583	0.000
1513	-7.969	3.583	0.000
1534	-7.969	3.582	0.000
454	-7.969	3.621	0.000
456	-7.969	3.621	0.000
513	-7.969	3.622	0.000
564	-7.969	3.621	0.000
600	-7.969	3.621	0.000
626	-7.969	3.621	0.000
627	-7.969	3.621	0.000
643	-7.969	3.621	0.000
1499	-7.968	3.578	0.000
1554	-7.968	3.580	0.000
1577	-7.968	3.580	0.000
673	-7.968	3.621	0.000
675	-7.968	3.621	0.000
681	-7.968	3.621	0.000
1468	-7.966	3.582	0.000
1484	-7.966	3.582	0.000
1485	-7.966	3.582	0.000
1492	-7.966	3.582	0.000
534	-7.958	3.619	0.000
441	-7.958	3.621	0.000
279	-7.957	3.610	0.000
364	-7.956	3.620	0.000
347	-7.955	3.620	0.000
416	-7.955	3.620	0.000
407	-7.955	3.620	0.000
350	-7.955	3.620	0.000
386	-7.955	3.620	0.000
387	-7.955	3.620	0.000
403	-7.955	3.620	0.000
487	-7.955	3.619	0.000
496	-7.955	3.620	0.000
497	-7.955	3.619	0.000
209	-7.943	3.608	0.000
432	-7.940	3.619	0.000
1725	-7.938	3.589	0.000
1497	-7.936	3.573	0.000
1500	-7.936	3.573	0.000
1501	-7.936	3.573	0.000
1521	-7.936	3.573	0.000
1538	-7.936	3.573	0.000
1539	-7.936	3.573	0.000
1540	-7.936	3.573	0.000
1586	-7.936	3.573	0.000
1504	-7.936	3.573	0.000
1574	-7.936	3.573	0.000
1527	-7.935	3.573	0.000
1528	-7.935	3.573	0.000
1533	-7.935	3.573	0.000
1489	-7.932	3.573	0.000
298	-7.926	3.615	0.000
305	-7.926	3.615	0.000
306	-7.926	3.615	0.000
307	-7.926	3.615	0.000
325	-7.926	3.615	0.000
1465	-7.920	3.571	0.000
256	-7.920	3.615	0.000
220	-7.912	3.613	0.000
173	-7.911	3.613	0.000
206	-7.911	3.613	0.000
81	-7.910	3.614	0.000
93	-7.910	3.613	0.000
119	-7.910	3.613	0.000
155	-7.910	3.613	0.000
202	-7.910	3.613	0.000
1575	-7.905	3.592	0.000
247	-7.905	3.614	0.000
467	-7.905	3.613	0.000
1616	-7.904	3.592	0.000
234	-7.902	3.613	0.000
381	-7.900	2.322	0.000
1702	-7.896	3.577	0.000
1721	-7.896	3.577	0.000
1722	-7.896	3.577	0.000
1681	-7.896	3.576	0.000
1669	-7.895	3.576	0.000
1631	-7.895	3.586	0.000
176	-7.871	2.325	0.000
1541	-7.867	3.559	0.000
1545	-7.867	3.559	0.000
1546	-7.867	3.559	0.000
1526	-7.867	3.559	0.000
1532	-7.867	3.559	0.000
1708	-7.865	3.596	0.000
1471	-7.864	3.558	0.000
1646	-7.864	3.596	0.000
1475	-7.863	3.559	0.000
1674	-7.863	3.596	0.000
1620	-7.862	3.596	0.000
1621	-7.862	3.596	0.000
1623	-7.862	3.595	0.000
415	-7.850	2.445	0.000
464	-7.840	2.443	0.000
360	-7.839	2.443	0.000
545	-7.839	2.444	0.000
722	-7.835	2.435	0.000
565	-7.831	2.443	0.000
1494	-7.826	3.587	0.000
1587	-7.826	3.587	0.000
1511	-7.826	3.587	0.000
1537	-7.824	3.587	0.000
1565	-7.824	3.587	0.000
1585	-7.824	3.587	0.000
1579	-7.823	3.587	0.000
1582	-7.823	3.586	0.000
71	-7.720	2.450	0.000
72	-7.720	2.450	0.000
73	-7.720	2.450	0.000
74	-7.720	2.450	0.000
1	-7.719	2.449	0.000
2	-7.719	2.449	0.000
3	-7.719	2.449	0.000
313	-7.715	2.450	0.000
320	-7.712	2.450	0.000
115	-7.711	2.450	0.000
126	-7.711	2.450	0.000
166	-7.711	2.450	0.000
318	-7.709	2.451	0.000
354	-7.709	2.451	0.000
329	-7.708	2.451	0.000
275	-7.707	2.451	0.000
52	-7.705	2.451	0.000
53	-7.705	2.451	0.000
61	-7.705	2.451	0.000
62	-7.705	2.451	0.000
78	-7.705	2.451	0.000
90	-7.705	2.451	0.000
153	-7.705	2.451	0.000
64	-7.705	2.451	0.000
85	-7.705	2.451	0.000
106	-7.705	2.451	0.000
188	-7.704	2.451	0.000
474	-7.699	2.450	0.000
260	-7.698	2.451	0.000
237	-7.698	2.450	0.000
6	-7.698	2.450	0.000
8	-7.698	2.450	0.000
252	-7.697	2.450	0.000
241	-7.697	2.450	0.000
29	-7.696	2.450	0.000
48	-7.696	2.450	0.000
13	-7.696	2.450	0.000
15	-7.696	2.450	0.000
17	-7.696	2.450	0.000
33	-7.695	2.450	0.000
732	-7.608	2.305	0.000
282	-7.591	3.070	0.000
273	-7.589	3.070	0.000
521	-7.585	2.314	0.000
700	-7.579	3.069	0.000
299	-7.577	2.358	0.000
308	-7.577	2.357	0.000
706	-7.576	2.329	0.000
362	-7.574	2.364	0.000
597	-7.567	2.364	0.000
658	-7.567	2.363	0.000
95	-7.563	2.354	0.000
431	-7.547	3.871	0.000
251	-7.546	2.352	0.000
1469	-7.502	3.431	0.000
702	-7.299	3.912	0.000
379	-7.259	3.867	0.000
423	-7.258	3.867	0.000
436	-7.243	3.931	0.000
529	-7.243	3.932	0.000
253	-7.237	3.861	0.000
1723	-7.228	3.930	0.000
390	-7.223	3.929	0.000
1699	-7.190	3.929	0.000
1700	-7.190	3.929	0.000
665	-7.180	3.929	0.000
714	-7.175	3.931	0.000
528	-7.173	3.931	0.000
510	-7.171	3.931	0.000
427	-7.156	3.928	0.000
413	-7.153	3.928	0.000
316	-7.113	3.924	0.000
614	-7.101	1.246	0.000
226	-7.093	1.468	0.000
384	-7.082	1.483	0.000
294	-7.079	0.926	0.000
377	-7.078	1.526	0.000
692	-7.074	0.898	0.000
677	-7.074	0.896	0.000
584	-7.074	0.894	0.000
473	-7.041	2.024	0.000
391	-7.040	2.017	0.000
707	-7.012	0.944	0.000
635	-7.002	2.031	0.000
492	-6.997	2.034	0.000
524	-6.997	2.034	0.000
590	-6.997	2.035	0.000
670	-6.997	2.035	0.000
696	-6.997	2.035	0.000
453	-6.995	2.029	0.000
481	-6.994	2.030	0.000
389	-6.988	2.027	0.000
698	-6.984	1.992	0.000
333	-6.984	2.032	0.000
215	-6.969	2.021	0.000
469	-6.963	2.030	0.000
452	-6.824	1.555	0.000
408	-6.734	1.075	0.000
656	-6.547	2.407	0.000
449	-6.547	2.407	0.000
689	-6.547	2.407	0.000
425	-6.314	2.408	0.000
639	-6.304	2.409	0.000
214	-6.303	2.410	0.000
506	-6.303	2.410	0.000
1688	-6.290	2.409	0.000
1689	-6.290	2.409	0.000
721	-6.277	2.411	0.000
445	-6.276	2.411	0.000
293	-6.276	2.411	0.000
370	-6.275	2.411	0.000
222	-6.275	2.411	0.000
223	-6.275	2.411	0.000
603	-6.270	2.411	0.000
245	-6.270	2.411	0.000
335	-6.269	2.411	0.000
23	-6.269	2.411	0.000
24	-6.269	2.411	0.000
25	-6.269	2.411	0.000
301	-6.268	2.411	0.000
669	-6.268	2.412	0.000
317	-6.268	2.411	0.000
615	-6.267	2.412	0.000
376	-6.267	2.411	0.000
503	-6.267	2.412	0.000
402	-6.267	2.411	0.000
539	-6.267	2.412	0.000
495	-6.266	2.412	0.000
69	-6.263	2.411	0.000
152	-6.263	2.411	0.000
182	-6.263	2.411	0.000
191	-6.262	2.411	0.000
14	-6.262	2.412	0.000
16	-6.262	2.412	0.000
41	-6.261	2.412	0.000
533	-5.455	2.923	0.000
606	-5.450	2.923	0.000
607	-5.450	2.923	0.000
517	-5.449	2.923	0.000
460	-5.442	2.922	0.000
366	-5.436	2.921	0.000
434	-5.435	2.921	0.000
465	-5.432	2.921	0.000
536	-5.277	2.893	0.000
570	-5.276	2.890	0.000
725	-5.275	2.893	0.000
561	-5.272	2.893	0.000
612	-5.272	2.893	0.000
655	-5.272	2.892	0.000
659	-5.272	2.892	0.000
475	-5.271	2.893	0.000
540	-5.271	2.893	0.000
438	-5.268	2.893	0.000
439	-5.268	2.893	0.000
455	-5.264	2.892	0.000
701	-5.258	2.891	0.000
717	-4.492	2.863	0.000
