125	-8.566	0.000	13.810
181	-8.566	0.000	13.810
160	-8.551	0.019	16.975
199	-8.551	0.019	13.868
204	-8.551	0.019	13.707
273	-8.551	0.019	15.806
314	-8.551	0.019	2.299
325	-8.551	0.019	2.295
585	-8.551	0.019	2.295
454	-8.547	0.018	15.049
231	-8.545	0.019	14.615
10	-8.475	0.021	14.668
18	-8.473	0.022	14.619
20	-8.473	0.022	14.620
42	-8.473	0.022	14.619
31	-8.473	0.022	14.619
52	-8.473	0.022	14.619
175	-8.167	0.913	1.634
178	-8.167	0.913	1.634
300	-8.167	0.913	1.634
493	-8.167	0.913	1.634
625	-8.167	0.913	1.638
215	-8.166	0.913	1.638
230	-8.161	0.912	1.638
165	-7.932	0.900	25.368
130	-7.928	3.020	25.530
352	-7.928	3.020	25.952
362	-7.928	3.020	25.955
189	-7.927	3.020	26.515
217	-7.927	3.020	26.518
444	-7.927	3.020	26.177
479	-7.927	3.020	14.565
522	-7.927	3.020	14.565
281	-7.926	3.021	14.566
71	-7.920	3.019	3.469
194	-7.898	2.984	3.489
329	-7.898	2.984	3.467
344	-7.898	2.984	4.365
434	-7.898	2.984	3.462
518	-7.898	2.984	3.462
111	-7.897	2.984	3.486
246	-7.897	2.984	3.491
640	-7.871	2.987	3.488
229	-7.801	3.607	17.075
1188	-7.660	3.639	17.164
1098	-7.659	3.639	17.177
1347	-7.624	3.614	4.057
1311	-7.623	3.614	15.663
1132	-7.621	3.616	15.663
251	-7.620	2.997	16.953
311	-7.620	2.997	4.036
508	-7.620	2.997	14.385
1379	-7.617	3.614	3.570
1395	-7.616	3.614	13.809
1390	-7.612	3.631	13.810
477	-7.572	3.002	2.384
498	-7.572	3.002	2.380
363	-7.547	3.662	15.062
664	-7.547	3.662	14.614
665	-7.547	3.662	14.617
674	-7.547	3.662	14.618
394	-7.547	3.662	14.618
590	-7.547	3.663	14.618
592	-7.547	3.662	14.618
198	-7.546	3.663	14.618
256	-7.546	3.663	14.618
292	-7.546	3.663	14.620
684	-7.541	3.663	14.620
1419	-7.538	3.625	14.620
588	-7.537	3.649	14.620
494	-7.515	3.650	14.622
621	-7.515	3.650	14.623
642	-7.515	3.650	14.619
1404	-7.514	3.610	14.610
551	-7.514	3.651	14.625
610	-7.514	3.651	14.627
613	-7.514	3.651	14.419
628	-7.514	3.650	5.735
515	-7.513	3.651	6.751
646	-7.513	3.651	3.027
688	-7.511	3.651	13.544
512	-7.510	3.651	6.152
373	-7.509	3.061	14.305
374	-7.509	3.061	14.306
191	-7.508	3.061	6.763
206	-7.507	3.061	5.352
566	-7.496	3.625	12.295
398	-7.496	3.625	12.296
421	-7.496	3.625	5.792
660	-7.496	3.625	5.808
170	-7.495	3.626	5.807
467	-7.495	3.625	12.216
535	-7.495	3.626	13.424
586	-7.495	3.626	12.222
604	-7.495	3.626	12.185
117	-7.495	3.626	12.186
430	-7.495	3.626	12.409
443	-7.495	3.626	6.236
456	-7.495	3.625	12.411
473	-7.495	3.626	5.813
476	-7.495	3.626	6.082
486	-7.495	3.626	14.110
608	-7.495	3.626	14.107
635	-7.495	3.626	14.111
242	-7.494	3.626	5.798
276	-7.494	3.626	4.548
277	-7.494	3.626	4.550
322	-7.494	3.626	4.551
384	-7.494	3.626	9.968
677	-7.494	3.641	11.280
687	-7.492	3.626	10.723
1423	-7.486	3.601	10.723
478	-7.480	3.641	9.689
593	-7.479	3.641	7.764
656	-7.473	3.628	1.632
1281	-7.452	3.571	1.632
1392	-7.446	3.571	1.634
1307	-7.430	3.553	1.634
1274	-7.407	3.549	1.634
1299	-7.407	3.549	1.634
1300	-7.407	3.549	1.634
1309	-7.407	3.549	1.634
1364	-7.401	3.548	1.741
1385	-7.401	3.548	1.741
1386	-7.401	3.548	1.743
1413	-7.401	3.548	1.737
1425	-7.401	3.548	1.737
1372	-7.400	3.548	1.737
200	-7.365	3.051	0.071
1200	-7.355	3.566	25.371
1210	-7.355	3.566	25.368
1211	-7.355	3.566	25.368
1218	-7.355	3.566	25.368
1250	-7.355	3.566	25.548
1251	-7.355	3.566	26.073
1261	-7.355	3.566	25.954
1265	-7.355	3.566	26.516
1268	-7.355	3.566	26.554
1272	-7.355	3.566	26.245
1276	-7.355	3.566	14.564
1297	-7.355	3.566	14.566
1298	-7.355	3.566	14.566
1302	-7.355	3.566	3.495
1305	-7.355	3.566	4.371
1315	-7.355	3.566	15.726
1319	-7.355	3.566	3.493
1243	-7.354	3.566	3.462
1245	-7.354	3.566	3.486
1312	-7.354	3.566	3.486
1342	-7.354	3.566	4.367
1343	-7.354	3.566	4.367
1346	-7.354	3.566	3.490
1349	-7.354	3.566	3.454
1350	-7.354	3.566	15.733
1407	-7.350	3.565	3.488
1408	-7.350	3.565	4.356
1409	-7.350	3.565	3.448
1410	-7.350	3.565	3.484
1411	-7.350	3.565	3.446
1412	-7.350	3.565	3.482
1414	-7.350	3.565	17.079
1421	-7.350	3.565	17.080
1426	-7.350	3.565	4.361
1357	-7.350	3.565	15.749
1367	-7.350	3.565	15.750
1370	-7.350	3.565	15.750
1373	-7.350	3.565	15.750
1375	-7.350	3.565	15.751
1389	-7.350	3.565	3.436
1391	-7.350	3.565	3.462
259	-7.344	3.058	17.071
524	-7.344	3.057	17.071
461	-7.343	3.057	17.072
209	-7.342	3.058	17.072
271	-7.342	3.058	4.367
438	-7.342	3.058	17.075
598	-7.342	3.058	15.762
1244	-7.340	3.563	17.087
1336	-7.336	3.561	17.090
1149	-7.330	2.992	15.700
671	-7.326	3.062	17.177
1217	-7.323	3.558	17.178
1220	-7.323	3.558	2.535
1223	-7.323	3.558	2.538
1344	-7.323	3.558	15.713
1259	-7.322	3.558	2.538
1383	-7.319	3.558	2.538
689	-7.315	3.066	2.890
1196	-7.235	3.014	16.973
263	-7.228	3.004	16.182
302	-7.197	3.008	2.295
268	-7.197	3.008	2.295
367	-7.197	3.008	15.063
379	-7.197	3.008	14.618
505	-7.197	3.008	14.615
102	-7.196	3.008	14.618
238	-7.195	3.007	14.618
121	-7.195	3.008	14.618
255	-7.195	3.008	14.619
356	-7.195	3.008	14.618
577	-7.195	3.008	14.620
597	-7.195	3.008	14.620
612	-7.195	3.008	14.621
46	-7.193	3.008	14.623
641	-7.177	3.009	14.622
643	-7.177	3.009	14.627
561	-7.176	3.010	14.625
539	-7.174	3.010	14.631
649	-7.172	3.011	3.058
686	-7.169	3.011	5.735
1399	-6.762	3.810	14.146
419	-6.738	3.864	13.426
305	-6.738	3.864	12.222
516	-6.738	3.864	12.185
330	-6.696	3.853	1.634
463	-6.696	3.853	1.634
536	-6.696	3.853	1.634
560	-6.696	3.853	1.634
451	-6.694	3.852	1.634
527	-6.652	3.826	1.638
563	-6.652	3.826	1.638
657	-6.652	3.826	1.638
609	-6.651	3.826	1.638
1301	-6.604	3.770	0.070
1418	-6.600	3.791	25.367
1415	-6.595	3.769	25.371
1366	-6.594	3.769	26.575
1417	-6.594	3.769	4.297
1396	-6.594	3.769	3.493
1376	-6.593	3.769	3.491
