1436	-8.277	0.000	12.187
1438	-8.277	0.000	6.237
1442	-8.277	0.000	12.409
1445	-8.277	0.000	12.412
1463	-8.277	0.000	13.314
1497	-8.277	0.000	14.106
1592	-8.275	0.002	12.320
1492	-8.271	0.002	14.108
1565	-8.265	0.027	14.110
1567	-8.265	0.027	13.558
1623	-6.231	1.770	25.530
1433	-6.229	1.770	25.548
1612	-6.204	1.768	3.454
1622	-6.202	1.776	15.733
1510	-6.202	1.768	3.489
1520	-6.202	1.769	3.488
1531	-6.202	1.768	3.448
1487	-6.201	1.768	4.363
1432	-6.200	1.776	4.368
1437	-6.200	1.776	17.077
1439	-6.200	1.776	3.462
1443	-6.200	1.776	3.447
1444	-6.200	1.776	15.749
1464	-6.200	1.776	15.750
1481	-6.200	1.776	15.750
1556	-6.200	1.776	15.750
1454	-6.199	1.776	4.356
1496	-6.191	1.776	17.071
1538	-6.099	1.787	4.056
1642	-6.094	1.799	15.663
1456	-6.092	1.799	16.954
1461	-6.092	1.799	4.036
