1308	-5.709	0.000	0.003
1341	-5.709	0.001	0.000
1028	-5.703	0.001	0.001
1359	-5.702	0.001	0.071
1073	-5.694	0.014	25.368
1105	-5.694	0.014	25.368
1115	-5.694	0.014	25.531
1339	-5.647	0.019	14.566
1362	-5.639	0.020	3.469
1400	-5.639	0.020	3.490
1401	-5.639	0.020	3.467
1405	-5.639	0.019	4.365
1416	-5.639	0.019	3.462
1212	-5.589	0.022	3.513
412	-5.562	0.125	3.486
457	-5.548	0.109	4.367
554	-5.528	0.125	4.363
659	-5.528	0.125	4.367
568	-5.528	0.125	3.482
618	-5.528	0.125	17.077
573	-5.527	0.125	17.078
488	-5.527	0.125	3.447
489	-5.527	0.125	15.749
557	-5.527	0.125	15.749
475	-4.572	1.362	15.750
