960	-6.824	0.000	6.094
973	-6.824	0.001	12.295
957	-6.817	0.004	12.296
1140	-6.731	0.060	12.186
1151	-6.731	0.060	12.409
1153	-6.731	0.060	6.235
1160	-6.731	0.060	6.227
1162	-6.731	0.060	5.813
1168	-6.731	0.060	6.082
1170	-6.731	0.060	14.107
1174	-6.731	0.060	14.109
1083	-6.730	0.060	4.592
1085	-6.730	0.060	16.747
1087	-6.730	0.060	4.555
1097	-6.730	0.060	4.548
1101	-6.730	0.060	6.097
1102	-6.730	0.060	10.712
1103	-6.730	0.060	10.724
1104	-6.730	0.060	10.723
1106	-6.730	0.060	10.721
1108	-6.730	0.060	7.981
1005	-6.729	0.060	1.632
1006	-6.729	0.060	1.632
1014	-6.729	0.060	1.634
1016	-6.729	0.060	1.634
986	-6.729	0.060	1.634
955	-6.686	0.050	1.634
1131	-6.686	0.050	1.634
996	-6.648	0.068	1.741
1020	-6.648	0.068	1.743
1030	-6.648	0.069	1.743
1012	-6.647	0.069	1.737
980	-6.647	0.068	1.737
982	-6.647	0.068	1.737
985	-6.647	0.068	1.737
965	-6.647	0.068	0.034
966	-6.647	0.068	0.002
967	-6.647	0.069	0.002
972	-6.647	0.068	0.001
989	-6.647	0.068	0.001
978	-6.646	0.068	0.071
1193	-6.595	0.180	25.368
1120	-6.595	0.180	25.368
1157	-6.594	0.180	25.559
1159	-6.594	0.180	26.073
1072	-6.594	0.180	2.664
1117	-6.594	0.180	26.516
1064	-6.593	0.180	14.565
1040	-6.593	0.180	14.566
1088	-6.593	0.180	3.469
1093	-6.593	0.180	4.371
1138	-6.593	0.180	3.456
995	-6.593	0.179	3.493
1075	-6.593	0.180	3.462
1092	-6.593	0.180	3.453
968	-6.592	0.179	3.490
979	-6.592	0.180	3.487
983	-6.592	0.180	3.490
991	-6.592	0.179	3.454
993	-6.592	0.179	15.734
998	-6.592	0.180	3.488
956	-6.580	0.180	4.368
1010	-6.552	0.093	3.482
1058	-6.552	0.093	2.700
1152	-6.548	0.100	15.749
1146	-6.547	0.100	15.750
250	-6.547	3.259	15.750
353	-6.547	3.259	15.750
410	-6.547	3.259	15.751
1128	-6.542	0.188	3.436
1039	-6.541	0.174	14.687
1094	-6.541	0.174	17.072
1024	-6.541	0.174	17.071
1178	-6.527	0.113	3.725
1143	-6.527	0.112	3.570
1172	-6.527	0.112	16.971
1055	-6.526	0.112	1.829
1062	-6.526	0.112	13.809
1110	-6.526	0.112	13.809
1048	-6.526	0.112	2.388
1100	-6.526	0.112	16.974
1133	-6.526	0.112	13.867
1001	-6.525	0.112	1.911
1013	-6.525	0.112	16.554
1015	-6.525	0.112	2.299
1021	-6.525	0.112	2.295
1027	-6.525	0.112	2.295
1241	-6.519	0.066	2.295
1255	-6.519	0.066	16.506
1262	-6.519	0.066	14.620
1224	-6.517	0.066	14.618
1257	-6.517	0.066	14.619
1289	-6.517	0.066	14.618
1303	-6.517	0.066	14.618
1348	-6.517	0.066	14.618
1135	-6.504	0.188	14.618
1086	-6.503	0.188	14.620
1000	-6.502	0.188	14.624
1123	-6.502	0.188	14.624
1166	-6.502	0.188	14.622
1011	-6.500	0.188	3.058
1043	-6.500	0.188	3.057
1044	-6.500	0.188	3.027
1070	-6.500	0.188	5.371
1082	-6.500	0.188	6.152
1107	-6.480	0.209	1.632
1113	-6.477	0.209	1.634
1026	-6.477	0.209	1.634
1397	-6.468	0.072	1.634
1377	-6.467	0.072	1.634
1354	-6.466	0.073	1.634
1387	-6.466	0.073	1.634
1381	-6.465	0.073	1.634
1129	-6.448	0.206	1.634
1229	-6.407	0.199	1.638
1164	-6.373	0.115	1.737
1338	-6.367	0.123	1.737
1290	-6.365	0.123	0.032
1334	-6.365	0.124	0.001
1111	-6.217	0.103	14.564
1169	-6.217	0.104	14.565
958	-6.215	0.104	14.566
1077	-6.211	0.104	4.371
1078	-6.211	0.104	3.488
1067	-6.210	0.104	3.462
975	-6.209	0.104	3.492
976	-6.209	0.104	4.367
1116	-6.201	0.143	4.363
1069	-6.183	0.063	14.585
1090	-6.182	0.063	17.071
1047	-5.779	1.760	7.512
1158	-5.779	1.760	7.762
974	-5.778	1.760	1.632
997	-5.778	1.760	1.632
1008	-5.778	1.760	1.634
1017	-5.778	1.760	1.634
1041	-5.778	1.760	1.634
1065	-5.778	1.760	1.634
1095	-5.778	1.760	1.634
1179	-5.778	1.760	1.634
1079	-5.777	1.760	1.634
1033	-5.777	1.767	1.634
1099	-5.777	1.767	1.634
961	-5.777	1.767	1.634
1019	-5.777	1.767	1.638
1084	-5.777	1.767	1.638
964	-5.776	1.767	1.638
970	-5.776	1.767	1.638
981	-5.776	1.767	1.638
984	-5.776	1.767	1.638
992	-5.776	1.767	1.634
1050	-5.776	1.767	1.741
1052	-5.776	1.767	1.743
1091	-5.776	1.767	1.737
1096	-5.776	1.767	1.737
977	-5.775	1.767	1.737
1022	-5.775	1.767	1.737
1025	-5.775	1.767	1.737
1130	-5.754	1.770	0.002
1122	-5.668	1.771	25.952
1150	-5.668	1.771	25.955
1165	-5.668	1.771	26.516
1177	-5.668	1.771	26.518
1076	-5.668	1.771	26.177
1189	-5.667	1.771	14.565
1007	-5.537	1.791	4.367
962	-5.537	1.791	3.490
1180	-5.537	1.791	3.490
1187	-5.537	1.791	15.733
1059	-5.537	1.791	3.488
1002	-5.536	1.791	4.365
1023	-5.536	1.791	3.448
1056	-5.511	3.009	15.750
1080	-5.511	3.009	15.750
1142	-5.511	3.008	15.751
1191	-5.511	3.009	4.356
1004	-5.510	3.009	3.435
1127	-5.501	1.796	17.071
1029	-5.496	1.816	17.071
1148	-5.481	3.000	17.072
1156	-5.481	3.000	17.072
1163	-5.481	3.000	2.518
1035	-5.480	3.000	17.075
1042	-5.480	3.000	15.762
1046	-5.480	3.000	17.086
1061	-5.480	3.000	17.090
1081	-5.480	3.000	15.700
1089	-5.480	3.000	17.177
959	-5.479	3.000	17.177
969	-5.479	3.000	2.535
690	-5.456	3.011	2.539
468	-5.450	3.011	2.891
644	-5.450	3.011	2.706
429	-5.450	3.011	4.056
528	-5.449	3.011	15.663
650	-5.354	3.040	15.689
1037	-5.346	1.823	16.972
1038	-5.346	1.823	2.086
1045	-5.346	1.823	13.809
1134	-5.346	1.823	13.809
1161	-5.346	1.823	13.809
1003	-5.346	1.823	2.385
990	-5.345	1.823	15.509
1114	-5.345	1.823	13.736
244	-5.333	3.040	15.776
1109	-5.215	2.442	15.806
1175	-5.164	2.386	15.063
1194	-5.163	2.386	14.614
999	-5.163	2.386	14.617
1034	-5.163	2.386	14.618
1036	-5.163	2.386	14.618
1051	-5.163	2.386	14.618
1053	-5.163	2.386	14.618
1054	-5.163	2.386	14.618
1063	-5.163	2.386	14.618
1009	-5.162	2.386	14.620
1018	-5.162	2.386	14.620
1057	-5.162	2.386	14.620
1125	-5.069	2.380	14.623
1071	-5.069	2.380	14.631
1049	-5.069	2.379	14.625
1060	-5.069	2.379	14.627
1121	-5.069	2.379	14.419
1145	-5.069	2.379	5.734
1173	-5.069	2.379	12.982
1181	-5.069	2.379	3.027
1197	-5.069	2.379	13.544
963	-5.069	2.379	6.152
971	-5.069	2.380	14.305
1031	-5.069	2.380	14.306
1032	-5.069	2.380	6.763
987	-5.068	2.379	5.352
988	-5.068	2.379	12.295
994	-5.068	2.379	12.296
1136	-5.054	2.666	12.186
1137	-5.054	2.666	12.409
1171	-5.054	2.666	6.235
1198	-5.049	2.673	12.411
1190	-5.004	3.030	4.551
1183	-4.972	2.560	4.550
1195	-4.922	3.035	10.730
1182	-4.884	2.372	1.634
1066	-4.870	3.057	1.634
1074	-4.870	3.057	1.634
1154	-4.157	2.223	16.971
1230	-4.082	2.636	2.296
