166	-5.722	0.000	12.764
293	-5.722	0.001	0.071
458	-5.722	0.001	0.031
481	-5.722	0.000	14.137
491	-5.722	0.000	14.137
145	-5.690	0.004	12.776
256	-5.690	0.004	14.154
750	-5.678	0.006	14.248
495	-5.672	0.005	3.382
409	-5.629	0.668	1.361
200	-5.373	0.051	12.764
313	-5.373	0.051	12.764
428	-5.372	0.051	12.764
429	-5.372	0.051	0.071
239	-5.372	0.051	11.708
509	-5.372	0.051	14.137
534	-5.372	0.051	14.137
539	-5.372	0.051	14.137
664	-5.368	0.051	3.363
673	-5.368	0.051	0.037
674	-5.368	0.051	14.141
541	-5.367	0.051	12.775
656	-5.367	0.051	14.147
1750	-5.364	0.052	11.650
85	-5.338	0.049	3.381
50	-5.335	0.049	3.382
496	-5.334	0.050	2.565
753	-5.334	0.050	13.911
122	-5.268	1.047	0.019
221	-5.260	0.990	0.050
160	-5.253	0.636	11.643
172	-5.252	0.629	14.137
307	-5.252	0.628	14.137
215	-5.251	0.629	14.137
294	-5.251	0.629	3.364
411	-5.251	0.629	14.140
389	-5.251	0.636	0.037
179	-5.251	0.636	14.153
180	-5.251	0.636	14.147
197	-5.251	0.636	11.717
407	-5.251	0.636	12.716
718	-5.247	0.632	3.382
121	-5.219	0.624	4.609
120	-5.219	0.632	4.614
146	-5.218	0.632	8.184
1564	-5.206	0.608	8.251
217	-5.205	0.607	4.465
514	-5.205	0.607	5.073
1479	-5.205	0.608	17.110
323	-5.204	0.606	17.109
683	-5.204	0.606	17.111
1514	-5.204	0.615	17.111
1517	-5.204	0.615	17.110
257	-5.203	0.606	17.111
288	-5.203	0.606	17.110
460	-5.203	0.606	17.111
503	-5.200	0.606	17.110
1516	-5.190	0.606	17.111
450	-5.180	0.608	17.155
594	-5.179	0.608	17.154
633	-5.179	0.608	17.154
1837	-5.093	0.592	13.356
1555	-4.454	2.031	28.309
1563	-4.454	2.031	28.746
1577	-4.454	2.031	28.859
1573	-4.454	2.032	14.969
1607	-4.454	2.032	29.223
1698	-4.454	2.032	29.293
1714	-4.454	2.032	0.482
1721	-4.454	2.032	7.062
1588	-4.454	2.031	7.064
393	-4.452	2.028	7.064
419	-4.452	2.028	14.127
519	-4.452	2.028	13.349
544	-4.452	2.028	14.138
1763	-4.451	2.033	14.139
1537	-4.450	2.036	14.171
1619	-4.450	2.036	14.140
1719	-4.450	2.036	14.135
515	-4.449	2.031	14.136
156	-4.448	2.033	14.137
325	-4.448	2.033	14.136
416	-4.448	2.033	14.182
463	-4.448	2.033	6.380
566	-4.448	2.032	14.138
319	-4.448	2.032	14.152
1527	-4.448	2.038	14.192
1456	-4.448	2.037	14.143
1519	-4.448	2.037	14.143
1523	-4.448	2.037	14.145
1614	-4.428	2.027	14.168
1615	-4.428	2.027	0.014
1605	-4.416	2.021	6.374
1570	-4.415	2.021	6.374
1580	-4.415	2.021	6.373
1725	-4.415	2.021	6.373
1513	-4.413	2.023	6.373
1900	-4.411	2.007	6.373
1849	-4.411	2.008	14.207
1883	-4.411	2.008	14.165
1899	-4.411	2.008	0.060
1876	-4.411	2.008	0.060
1858	-4.411	2.010	0.059
1809	-4.395	1.994	13.352
1868	-4.395	1.994	0.059
1633	-4.369	2.005	0.133
1853	-4.365	2.016	0.134
1793	-4.365	2.017	16.528
1794	-4.365	2.017	16.529
1850	-4.365	2.017	6.427
1836	-4.362	2.032	16.529
1840	-4.362	2.032	15.190
1857	-4.362	2.032	13.400
1866	-4.362	2.032	13.335
1865	-4.362	2.032	5.922
1834	-4.350	1.977	2.088
1852	-4.350	1.977	7.714
1832	-4.350	1.977	5.901
1800	-4.350	1.980	7.561
1814	-4.349	2.082	13.819
1785	-4.344	2.002	2.123
1783	-4.344	2.003	16.530
1789	-4.344	2.004	7.632
1805	-4.344	2.004	7.632
1812	-4.344	2.004	16.958
1811	-4.316	2.010	6.876
1884	-4.316	2.010	16.718
1896	-4.316	2.010	16.717
1567	-4.290	2.419	5.480
1574	-4.290	2.419	5.483
1593	-4.290	2.419	5.483
1604	-4.290	2.419	5.483
1586	-4.289	2.419	5.483
1545	-4.272	2.421	5.482
1602	-4.272	2.422	5.483
1639	-4.272	2.422	5.482
1525	-4.271	2.422	5.481
524	-4.270	2.421	16.024
608	-4.270	2.421	16.025
655	-4.270	2.421	6.471
722	-4.270	2.421	5.116
1833	-4.253	2.416	6.963
1848	-4.253	2.416	6.585
1875	-4.253	2.416	16.950
1722	-4.242	2.418	6.946
1861	-4.232	2.408	15.198
372	-4.225	2.412	7.044
373	-4.225	2.412	14.902
374	-4.225	2.412	14.906
376	-4.225	2.412	16.936
662	-4.225	2.412	15.921
699	-4.208	2.413	6.082
706	-4.208	2.413	6.081
708	-4.208	2.413	16.483
711	-4.208	2.413	5.508
672	-4.207	2.413	16.475
731	-4.207	2.413	16.475
732	-4.207	2.413	6.260
717	-4.207	2.413	8.293
739	-4.207	2.413	8.279
359	-4.206	2.414	8.279
430	-4.206	2.414	8.292
462	-4.206	2.414	9.717
666	-4.206	2.414	17.110
1691	-4.206	2.416	17.109
361	-4.205	2.414	17.111
385	-4.205	2.414	17.111
439	-4.205	2.414	17.110
620	-4.205	2.414	17.110
725	-4.205	2.414	17.110
1758	-4.204	2.417	17.110
743	-4.190	2.411	17.110
1869	-4.183	2.412	17.110
794	-4.175	2.412	17.110
759	-4.172	2.412	17.110
760	-4.172	2.412	17.111
