1948	-7.894	0.000	4.607
1949	-7.894	0.001	4.616
1951	-7.894	0.001	5.227
1065	-7.888	0.757	4.600
1864	-7.806	0.009	14.098
1865	-7.806	0.009	4.616
1866	-7.806	0.009	4.616
1867	-7.806	0.009	4.599
1868	-7.806	0.009	4.600
1871	-7.806	0.009	5.224
1883	-7.806	0.009	5.228
1884	-7.806	0.009	4.615
1885	-7.806	0.009	16.478
1887	-7.806	0.009	4.596
1888	-7.806	0.009	14.111
1894	-7.806	0.009	14.111
1895	-7.806	0.009	14.112
1896	-7.806	0.009	14.112
1906	-7.806	0.009	14.112
1907	-7.806	0.009	14.113
1908	-7.806	0.009	4.601
1909	-7.806	0.009	12.974
1922	-7.806	0.009	16.457
1937	-7.806	0.009	16.456
1959	-7.806	0.009	16.456
1886	-7.806	0.009	4.256
1916	-7.579	0.012	4.246
1939	-7.579	0.012	5.256
1942	-7.579	0.012	5.197
1950	-7.579	0.012	5.126
1952	-7.579	0.012	14.057
1953	-7.579	0.012	15.976
1956	-7.579	0.012	5.105
1957	-7.579	0.012	12.525
1958	-7.579	0.012	4.954
1955	-7.579	0.010	4.955
1954	-7.579	0.012	15.977
1854	-7.489	0.018	13.997
1855	-7.489	0.018	13.996
1856	-7.489	0.018	13.990
1858	-7.489	0.018	13.998
1859	-7.489	0.018	14.000
1860	-7.489	0.018	13.866
1861	-7.489	0.018	3.375
1862	-7.489	0.018	3.375
1863	-7.489	0.018	2.886
1869	-7.489	0.018	12.818
1870	-7.489	0.018	3.905
1872	-7.489	0.018	13.786
1873	-7.489	0.018	13.710
1874	-7.489	0.018	13.788
1875	-7.489	0.018	3.852
1876	-7.489	0.018	12.022
1877	-7.489	0.018	12.023
1878	-7.489	0.018	12.667
1879	-7.489	0.018	12.843
1880	-7.489	0.018	2.211
1881	-7.489	0.018	11.954
1882	-7.489	0.018	12.697
1889	-7.489	0.018	11.961
1890	-7.489	0.018	3.753
1891	-7.489	0.018	11.932
1892	-7.489	0.018	3.945
1893	-7.489	0.018	11.906
1897	-7.489	0.018	11.907
1898	-7.489	0.018	12.592
1899	-7.489	0.018	13.198
1900	-7.489	0.018	11.833
1901	-7.489	0.018	13.198
1902	-7.489	0.018	13.201
1903	-7.489	0.018	12.881
1904	-7.489	0.018	0.006
1905	-7.489	0.018	0.011
1910	-7.489	0.018	0.001
1911	-7.489	0.018	12.108
1912	-7.489	0.018	10.210
1913	-7.489	0.018	10.201
1914	-7.489	0.018	10.201
1915	-7.489	0.018	6.246
1917	-7.489	0.018	7.140
1918	-7.489	0.018	4.638
1919	-7.489	0.018	4.638
1920	-7.489	0.018	4.636
1921	-7.489	0.018	4.636
1923	-7.489	0.018	4.636
1924	-7.489	0.018	4.636
1925	-7.489	0.018	4.636
1926	-7.489	0.018	4.636
1927	-7.489	0.018	4.636
1928	-7.489	0.018	4.636
1929	-7.489	0.018	4.636
1931	-7.489	0.018	4.636
1932	-7.489	0.018	4.629
1933	-7.489	0.018	4.630
1934	-7.489	0.018	4.629
1935	-7.489	0.018	4.630
1936	-7.489	0.018	4.629
1938	-7.489	0.018	4.629
1940	-7.489	0.018	4.635
1941	-7.489	0.018	4.639
1943	-7.489	0.018	4.643
1944	-7.489	0.018	4.642
1945	-7.489	0.018	4.642
1946	-7.489	0.018	4.641
1947	-7.489	0.018	4.641
1930	-7.489	0.019	4.641
876	-7.468	0.051	4.549
1136	-7.468	0.041	4.551
809	-7.468	0.035	4.550
810	-7.468	0.035	4.550
867	-7.468	0.035	4.551
1089	-7.468	0.035	4.545
1090	-7.468	0.035	25.441
1091	-7.468	0.035	25.437
1092	-7.468	0.035	25.437
1093	-7.468	0.035	25.437
1106	-7.468	0.035	25.630
1145	-7.468	0.035	26.190
1154	-7.468	0.035	26.195
780	-7.467	0.056	26.696
767	-7.466	0.021	26.698
1115	-7.452	0.077	26.388
766	-7.444	0.072	12.954
830	-7.434	0.036	12.954
1129	-7.383	0.229	12.954
1118	-7.337	0.400	4.604
1127	-7.333	0.334	4.611
770	-7.311	0.462	4.604
975	-7.242	0.546	5.224
632	-7.237	0.704	4.602
631	-7.227	0.682	4.602
734	-7.226	0.767	4.612
772	-7.218	0.624	4.616
1846	-7.213	0.034	5.230
1847	-7.213	0.034	4.615
1848	-7.213	0.034	4.616
1849	-7.213	0.034	14.098
1850	-7.213	0.034	4.615
1851	-7.213	0.034	5.225
1852	-7.213	0.034	4.599
1853	-7.213	0.034	5.224
1857	-7.213	0.034	5.226
913	-7.184	0.640	5.227
779	-7.181	0.804	16.475
1047	-7.141	0.905	5.223
1107	-7.132	0.873	14.111
733	-7.120	0.723	16.480
1126	-7.088	1.007	14.053
1120	-7.060	1.084	4.247
1128	-7.055	0.804	14.071
695	-7.048	0.978	4.248
1149	-7.048	1.120	4.248
820	-7.043	1.006	4.247
1054	-7.024	1.135	5.249
878	-7.003	1.193	5.641
987	-6.990	1.254	14.056
688	-6.979	1.041	14.056
1125	-6.969	1.260	15.976
967	-6.943	1.044	3.841
1137	-6.934	1.372	2.886
1043	-6.929	1.190	12.816
986	-6.929	1.452	3.905
988	-6.896	1.605	13.709
1150	-6.895	1.078	13.710
739	-6.888	1.518	3.840
1131	-6.883	1.571	3.010
996	-6.880	1.575	12.022
768	-6.880	1.584	12.023
1135	-6.877	1.621	2.200
777	-6.844	1.723	2.211
754	-6.838	1.795	2.210
721	-6.836	1.723	11.956
630	-6.828	1.630	12.697
703	-6.826	1.746	11.961
828	-6.806	1.822	11.930
781	-6.795	1.836	11.931
689	-6.777	1.905	4.639
759	-6.769	1.972	4.639
1085	-6.748	1.884	4.642
1134	-6.742	1.979	4.641
720	-6.736	2.056	4.641
1030	-6.724	2.011	4.641
793	-6.715	2.086	4.641
771	-6.714	2.017	4.641
1044	-6.708	2.114	4.551
922	-6.666	2.027	4.551
934	-6.593	1.966	4.596
718	-6.584	2.342	11.889
1146	-6.577	1.275	11.889
990	-6.577	2.142	11.899
1153	-6.502	1.630	6.115
1147	-6.492	1.970	24.162
769	-6.469	2.031	24.163
1066	-6.406	1.687	13.864
1086	-6.383	2.023	9.262
1103	-6.376	2.050	6.358
997	-6.371	2.064	12.399
979	-6.368	2.157	12.400
1151	-6.367	2.013	12.401
848	-6.359	2.050	12.670
645	-6.357	2.065	12.774
717	-6.349	1.963	1.292
670	-6.344	2.030	13.441
1012	-6.338	1.943	13.441
977	-6.334	1.952	13.442
805	-6.329	2.050	13.443
989	-6.327	2.086	13.442
736	-6.323	2.036	13.442
1022	-6.318	2.078	13.442
735	-6.314	2.091	13.442
1138	-6.303	2.094	13.407
1152	-6.294	2.111	13.406
1016	-6.292	1.959	13.435
959	-6.290	2.270	30.666
1083	-6.284	2.024	30.663
1024	-6.268	2.224	10.978
885	-6.252	1.882	10.899
725	-6.244	2.071	10.954
661	-6.231	1.962	10.134
941	-6.208	2.060	10.948
753	-6.200	2.232	10.949
715	-6.174	2.034	10.136
905	-6.171	2.206	10.999
958	-6.156	2.207	8.829
921	-5.972	2.819	10.665
706	-5.967	2.795	3.154
963	-5.962	2.922	3.154
968	-5.960	2.947	4.277
1132	-5.958	2.838	6.566
1133	-5.958	2.992	13.419
978	-5.954	2.528	13.420
1045	-5.954	3.076	13.420
1026	-5.952	2.515	13.420
850	-5.933	3.089	13.420
1042	-5.929	2.727	13.421
