306	-32.712	0.000	0.000
25	-32.632	0.002	25.734
5	-32.632	0.002	25.734
14	-32.632	0.002	25.734
15	-32.632	0.002	25.734
16	-32.632	0.002	26.841
21	-32.632	0.002	26.828
29	-32.632	0.002	26.828
392	-32.306	0.046	26.829
352	-32.238	0.019	27.032
350	-32.237	0.019	26.022
372	-32.235	0.019	26.022
371	-32.235	0.019	26.022
357	-32.234	0.018	26.022
363	-32.233	0.018	26.022
546	-32.204	0.017	26.022
273	-32.203	0.017	25.179
274	-32.203	0.017	25.179
285	-32.203	0.017	25.179
287	-32.203	0.017	25.179
290	-32.203	0.017	25.179
293	-32.203	0.017	25.233
294	-32.203	0.017	25.233
295	-32.203	0.017	25.227
322	-32.203	0.017	25.227
325	-32.203	0.017	25.227
326	-32.203	0.017	25.227
328	-32.203	0.017	25.227
329	-32.203	0.017	25.227
332	-32.203	0.017	29.396
310	-32.202	0.017	29.393
311	-32.202	0.017	29.393
313	-32.202	0.017	26.359
317	-32.201	0.017	29.387
319	-32.201	0.017	26.375
320	-32.201	0.017	26.375
266	-32.188	0.018	29.390
22	-32.158	0.989	29.390
252	-32.145	0.016	29.390
255	-32.144	0.016	29.390
3	-32.098	0.017	29.390
6	-32.098	0.017	29.390
7	-32.098	0.017	29.395
17	-32.098	0.017	29.391
27	-32.098	0.017	29.359
28	-32.098	0.017	29.389
31	-32.098	0.017	31.266
32	-32.098	0.017	31.278
34	-32.098	0.017	29.255
44	-32.098	0.017	31.297
46	-32.098	0.017	31.297
51	-32.098	0.017	31.297
53	-32.098	0.017	29.307
54	-32.098	0.017	29.025
55	-32.098	0.017	23.881
57	-32.098	0.017	23.881
239	-32.098	0.017	23.881
244	-32.098	0.017	28.900
245	-32.098	0.017	31.794
246	-32.098	0.017	23.890
249	-32.098	0.017	23.886
50	-32.098	0.017	23.890
349	-31.909	0.053	31.796
342	-31.894	1.014	31.796
374	-31.894	1.014	28.790
375	-31.894	1.014	31.308
282	-31.876	0.053	31.308
307	-31.869	0.053	31.308
278	-31.859	1.015	31.308
276	-31.859	1.014	31.308
277	-31.859	1.015	23.903
280	-31.859	1.015	23.903
339	-31.859	1.014	23.903
302	-31.858	1.015	29.527
331	-31.858	1.015	31.311
316	-31.856	1.015	31.311
263	-31.841	1.014	31.311
49	-31.769	0.053	31.311
19	-31.768	0.053	31.311
241	-31.759	1.016	25.473
247	-31.759	1.016	25.473
309	-31.684	0.052	25.473
251	-31.628	0.052	25.470
279	-30.865	1.548	31.790
23	-30.787	1.549	31.790
30	-30.787	1.549	31.789
369	-30.367	1.547	31.788
253	-30.286	1.548	31.790
9	-29.861	2.073	31.790
26	-29.861	2.073	31.790
36	-29.860	2.073	31.790
37	-29.860	2.073	31.790
40	-29.860	2.073	31.790
45	-29.445	2.080	29.448
238	-29.445	2.080	31.323
248	-29.445	2.080	31.792
4	-29.062	1.770	31.328
10	-29.062	1.770	31.328
11	-29.062	1.770	31.328
12	-29.062	1.770	31.328
13	-29.062	1.770	31.325
39	-29.061	1.770	29.579
1	-29.056	1.770	31.330
2	-29.056	1.770	25.426
164	-28.920	0.290	23.885
194	-28.484	0.298	23.885
204	-28.484	0.298	23.902
128	-28.483	0.298	25.550
140	-28.483	0.298	25.550
146	-28.483	0.298	25.550
148	-28.483	0.298	25.550
152	-28.483	0.298	25.550
158	-28.483	0.298	25.550
166	-28.483	0.298	25.490
177	-28.483	0.298	25.490
66	-28.442	0.297	25.491
68	-28.442	0.297	30.590
70	-28.442	0.297	25.552
81	-28.442	0.297	25.552
82	-28.442	0.297	25.552
90	-28.442	0.297	26.335
97	-28.442	0.297	26.331
106	-28.442	0.297	26.331
408	-28.422	0.287	26.331
62	-28.389	0.297	26.331
127	-28.081	0.284	26.331
197	-28.078	0.284	26.331
59	-27.990	0.283	26.331
61	-27.291	0.915	26.331
73	-26.952	1.910	26.331
75	-26.952	1.910	26.331
76	-26.952	1.910	26.331
58	-26.906	1.909	26.331
87	-26.851	2.070	26.331
93	-26.851	2.070	26.331
169	-26.834	1.553	26.331
79	-26.793	1.554	26.331
99	-26.793	1.554	26.331
110	-26.792	1.554	26.331
72	-26.483	1.916	26.331
447	-26.409	3.417	26.331
8	-26.176	3.390	26.331
18	-26.176	3.390	26.331
20	-26.176	3.390	26.331
33	-26.176	3.390	26.331
56	-26.176	3.390	26.331
38	-26.176	3.390	26.399
42	-26.176	3.390	26.372
465	-25.990	3.412	26.372
456	-25.988	3.411	26.370
160	-25.922	3.411	26.386
163	-25.922	3.411	1.198
178	-25.922	3.411	1.198
1429	-25.919	3.420	1.198
1366	-25.917	3.420	1.198
1434	-25.917	3.420	0.000
91	-25.905	3.411	0.000
74	-25.905	3.411	0.000
78	-25.905	3.411	0.000
449	-25.870	3.413	0.001
107	-25.788	3.412	25.734
488	-25.624	3.413	26.826
373	-25.608	3.411	26.828
136	-25.566	3.409	25.179
205	-25.565	3.409	25.179
211	-25.565	3.409	25.179
216	-25.565	3.409	25.219
221	-25.565	3.409	25.179
123	-25.561	3.409	25.179
69	-25.538	3.409	25.233
92	-25.538	3.409	25.233
47	-25.520	3.410	25.227
48	-25.520	3.410	25.227
24	-25.516	3.410	25.227
343	-25.457	3.411	29.390
336	-25.386	3.410	29.393
515	-25.386	3.410	29.393
315	-25.384	3.410	26.366
491	-25.384	3.410	29.387
498	-25.381	3.410	26.375
301	-25.380	3.410	26.375
261	-25.372	3.410	29.390
52	-25.153	3.409	29.394
250	-25.153	3.409	29.389
243	-25.152	3.409	29.389
65	-25.119	3.355	31.266
41	-25.107	3.356	29.273
234	-25.091	2.084	29.225
131	-25.086	2.084	31.297
129	-25.082	2.083	31.297
63	-25.012	2.085	31.297
1362	-24.980	3.982	29.084
462	-24.825	3.981	29.010
340	-24.685	3.983	23.881
463	-24.665	3.963	23.881
503	-24.638	3.793	28.901
487	-24.423	3.964	23.890
132	-24.399	3.717	23.886
214	-24.399	3.717	23.891
120	-24.396	3.717	31.797
77	-24.252	3.953	31.796
113	-24.250	3.953	31.796
451	-24.248	3.693	31.308
225	-24.184	3.692	31.308
1343	-24.160	3.729	31.308
1159	-24.155	3.725	31.308
318	-24.142	3.955	31.308
365	-24.070	3.696	23.903
1377	-24.026	3.982	23.903
1359	-24.025	3.982	23.903
508	-24.009	3.962	23.903
474	-24.009	3.695	31.311
504	-24.009	3.695	31.311
256	-23.992	3.695	31.311
1185	-23.991	3.982	31.311
1265	-23.969	3.980	31.790
1167	-23.926	3.980	31.325
453	-23.891	3.679	29.501
457	-23.891	3.679	31.330
472	-23.850	3.713	23.902
516	-23.806	3.676	25.550
1413	-23.777	3.724	25.550
1393	-23.770	3.681	25.550
1371	-23.747	3.980	25.550
1350	-23.723	3.694	25.550
1375	-23.723	3.694	25.490
1258	-23.704	3.729	25.490
362	-23.703	3.681	25.489
1260	-23.684	3.676	30.526
1200	-23.683	3.694	25.552
1190	-23.681	3.694	25.552
1274	-23.664	3.676	25.552
1165	-23.663	3.693	26.335
1122	-23.657	3.693	26.335
1124	-23.657	3.693	26.331
492	-23.653	3.681	26.331
514	-23.653	3.681	26.331
1204	-23.639	3.676	26.331
257	-23.636	3.680	26.331
1178	-23.633	3.675	26.331
229	-23.600	3.670	26.331
201	-23.588	3.670	26.331
218	-23.588	3.670	26.331
1173	-23.580	3.693	26.331
86	-23.565	3.670	26.331
88	-23.565	3.670	26.331
115	-23.562	3.670	26.331
345	-23.489	3.673	26.331
364	-23.476	3.673	26.331
356	-23.474	3.673	26.331
1259	-23.428	3.694	26.331
1099	-23.424	3.693	26.331
538	-23.416	3.673	26.331
534	-23.416	3.673	26.331
272	-23.412	3.672	26.331
281	-23.412	3.672	26.331
292	-23.411	3.672	26.331
296	-23.411	3.672	26.331
298	-23.411	3.672	26.399
304	-23.411	3.672	26.372
1452	-23.399	3.964	26.372
348	-23.354	3.672	26.370
370	-23.346	3.672	26.370
1420	-23.308	3.692	1.198
1400	-23.304	3.979	1.198
481	-23.288	3.672	1.198
521	-23.283	3.672	1.198
334	-23.194	3.672	0.000
1162	-23.152	3.692	0.000
1111	-23.148	3.692	0.000
237	-23.146	3.670	0.000
242	-23.145	3.670	0.001
1094	-23.122	3.692	0.001
1402	-23.079	3.679	1.193
1207	-23.017	3.679	25.729
1208	-23.017	3.679	25.727
1183	-22.979	3.691	25.734
1201	-22.976	3.691	25.734
1212	-22.975	3.691	25.734
1419	-22.975	3.691	25.731
1363	-22.858	3.690	25.734
1391	-22.597	3.689	25.734
1261	-22.575	3.690	25.734
1271	-22.573	3.690	25.734
1210	-22.548	3.689	25.734
1112	-22.523	3.689	25.733
1361	-22.393	3.962	25.233
1430	-22.289	3.677	25.227
1193	-21.996	3.687	26.375
1180	-21.994	3.687	26.375
1160	-21.976	3.687	29.390
1106	-21.976	3.687	29.390
271	-19.411	2.151	31.328
155	-19.407	2.148	31.325
159	-19.407	2.148	29.601
112	-19.382	2.148	31.330
346	-19.284	3.573	29.657
359	-19.088	2.073	25.550
283	-19.077	2.073	25.550
284	-19.077	2.073	25.550
286	-19.077	2.073	25.550
288	-19.077	2.073	25.550
299	-19.077	2.073	25.550
323	-19.077	2.073	25.490
324	-19.077	2.073	25.490
543	-19.076	2.158	25.490
258	-19.070	2.074	30.464
262	-19.070	2.074	25.473
240	-19.020	2.074	25.552
35	-19.020	2.074	25.552
43	-19.020	2.074	26.335
1263	-18.873	1.697	26.335
226	-18.817	1.630	26.331
230	-18.817	1.630	26.331
203	-18.815	1.624	26.331
198	-18.815	1.630	26.331
199	-18.815	1.629	26.331
142	-18.815	1.629	26.331
181	-18.815	1.629	26.331
213	-18.815	1.629	26.331
125	-18.808	1.632	26.331
174	-18.807	1.632	26.331
1388	-18.757	1.697	26.331
1345	-18.742	3.661	26.331
366	-18.733	1.706	26.331
452	-18.665	3.661	26.331
403	-18.656	3.465	26.331
443	-18.631	1.080	26.331
344	-18.605	3.662	26.331
393	-18.603	1.671	26.331
358	-18.599	3.662	26.331
391	-18.597	1.671	26.331
422	-18.597	1.962	26.331
509	-18.581	1.707	26.331
513	-18.581	1.707	26.331
222	-18.554	3.657	26.331
483	-18.550	1.713	26.399
507	-18.549	1.713	26.372
502	-18.548	1.713	26.372
535	-18.548	1.713	26.372
540	-18.548	1.713	26.370
94	-18.540	3.657	1.198
1250	-18.534	3.181	1.198
379	-18.518	3.663	1.198
471	-18.511	1.713	1.198
312	-18.491	3.659	0.000
485	-18.481	3.659	0.000
512	-18.480	3.659	0.000
519	-18.479	3.659	0.000
522	-18.479	3.659	0.001
526	-18.479	3.659	0.001
530	-18.479	3.659	1.193
510	-18.479	3.659	1.193
542	-18.478	3.659	25.727
500	-18.477	3.659	25.731
432	-18.469	3.145	25.732
1360	-18.430	2.157	25.732
529	-18.418	3.657	25.732
1422	-18.412	2.155	25.732
517	-18.392	3.659	25.732
523	-18.392	3.659	25.734
527	-18.392	3.659	25.734
531	-18.392	3.659	25.734
489	-18.391	3.659	25.734
544	-18.390	3.659	25.734
497	-18.390	3.659	25.734
536	-18.390	3.659	25.734
539	-18.390	3.659	25.734
473	-18.389	3.656	25.733
367	-18.372	2.158	26.822
1453	-18.370	3.649	26.826
469	-18.368	3.656	26.828
1404	-18.366	3.649	27.031
1431	-18.365	3.649	26.022
389	-18.356	3.463	26.022
402	-18.331	3.157	25.227
532	-18.292	3.654	29.390
493	-18.291	3.654	29.393
418	-18.267	1.058	26.366
1335	-18.250	1.076	29.387
518	-18.162	2.162	31.265
439	-18.155	0.396	31.265
431	-18.102	1.022	29.260
437	-18.079	1.021	31.297
1376	-18.070	3.637	31.297
585	-18.051	1.674	31.297
428	-18.008	0.398	29.233
429	-18.008	0.398	29.063
433	-17.994	0.398	23.881
384	-17.960	1.671	23.881
162	-17.911	0.965	23.881
192	-17.911	0.965	28.975
182	-17.908	0.964	31.794
195	-17.907	0.963	23.890
196	-17.907	0.963	31.796
168	-17.905	0.963	23.891
185	-17.905	0.963	31.796
186	-17.905	0.963	31.796
137	-17.903	0.961	31.796
219	-17.902	0.407	31.308
466	-17.777	0.411	31.308
460	-17.746	0.372	31.308
468	-17.746	0.372	31.308
448	-17.745	0.373	31.308
567	-17.611	0.593	23.903
461	-17.489	3.364	23.903
232	-17.467	2.309	23.903
145	-17.466	2.309	23.903
157	-17.466	2.309	25.477
167	-17.466	2.309	31.311
183	-17.466	2.308	31.311
184	-17.466	2.308	31.311
187	-17.466	2.308	31.311
188	-17.466	2.309	31.311
190	-17.466	2.308	25.473
206	-17.466	2.309	25.473
207	-17.466	2.308	29.455
210	-17.466	2.309	31.790
215	-17.466	2.309	31.790
220	-17.466	2.308	31.790
223	-17.466	2.308	31.790
1384	-17.464	3.365	31.789
121	-17.462	2.309	31.789
171	-17.462	2.310	31.790
172	-17.462	2.310	31.790
173	-17.462	2.310	31.790
133	-17.462	2.309	31.790
134	-17.462	2.309	31.790
135	-17.462	2.309	31.323
139	-17.462	2.309	31.791
446	-17.451	2.275	31.328
442	-17.450	2.276	31.328
417	-17.449	2.275	31.328
89	-17.445	2.314	31.328
96	-17.445	2.316	31.325
67	-17.436	2.315	31.325
83	-17.436	2.316	31.330
84	-17.436	2.315	31.330
109	-17.436	2.315	29.729
100	-17.432	2.319	23.885
80	-17.432	2.317	29.744
105	-17.432	2.316	25.550
114	-17.432	2.317	25.550
399	-17.427	2.399	25.550
227	-17.412	3.363	25.550
231	-17.412	3.363	25.547
224	-17.410	3.363	25.550
147	-17.410	3.363	25.490
149	-17.410	3.363	25.490
150	-17.410	3.363	25.489
153	-17.410	3.363	30.475
156	-17.410	3.363	25.472
161	-17.410	3.363	25.552
179	-17.410	3.363	25.553
180	-17.410	3.363	26.335
191	-17.410	3.363	26.335
200	-17.410	3.363	26.331
209	-17.410	3.363	26.331
212	-17.410	3.363	26.331
217	-17.410	3.363	26.331
165	-17.409	3.363	26.331
130	-17.408	3.363	26.331
119	-17.407	3.363	26.331
122	-17.407	3.363	26.331
124	-17.407	3.363	26.331
170	-17.407	3.363	26.331
176	-17.407	3.363	26.331
95	-17.392	3.363	26.331
467	-17.389	2.326	26.331
454	-17.388	2.326	26.331
458	-17.388	2.326	26.331
459	-17.388	2.326	26.331
108	-17.388	3.363	26.331
71	-17.388	3.363	26.331
85	-17.388	3.363	26.331
98	-17.388	3.363	26.331
116	-17.386	3.363	26.331
117	-17.386	3.363	26.331
101	-17.385	3.363	26.331
102	-17.385	3.363	26.331
103	-17.385	3.363	26.399
347	-17.378	3.366	26.372
60	-17.346	3.363	26.372
303	-17.292	3.365	26.372
270	-17.291	3.365	26.370
291	-17.291	3.365	1.198
297	-17.291	3.365	1.198
264	-17.290	3.365	1.198
260	-17.282	3.365	1.198
445	-17.281	2.268	0.000
490	-17.278	3.365	0.000
496	-17.278	3.365	0.000
533	-17.278	3.365	0.000
411	-17.275	2.269	0.001
424	-17.270	2.270	0.001
430	-17.270	2.269	1.193
361	-17.268	3.366	1.193
409	-17.252	2.269	25.729
353	-17.217	2.343	25.729
505	-17.215	2.341	25.732
495	-17.214	2.342	25.732
308	-17.196	3.365	25.732
330	-17.192	2.345	25.732
300	-17.189	3.365	25.732
479	-17.184	3.365	25.732
486	-17.184	3.365	25.734
499	-17.183	3.365	25.734
385	-17.181	2.308	25.734
394	-17.175	2.310	25.734
235	-17.158	2.347	25.731
236	-17.158	2.347	25.731
202	-17.146	2.249	25.734
151	-17.141	2.249	25.734
143	-17.139	2.248	25.734
144	-17.139	2.248	25.734
189	-17.136	2.248	25.734
175	-17.134	2.249	25.734
378	-17.121	2.360	26.844
355	-17.114	2.361	26.819
476	-17.114	2.358	26.827
477	-17.114	2.359	26.828
482	-17.114	2.358	27.032
524	-17.114	2.359	26.022
537	-17.114	2.356	26.022
104	-17.106	2.253	26.022
111	-17.100	2.253	0.000
470	-17.087	2.359	26.022
464	-17.061	2.258	26.022
552	-17.049	2.332	25.179
480	-17.044	0.437	25.179
501	-17.044	0.437	25.179
525	-17.039	0.436	25.220
193	-17.037	2.262	25.179
154	-17.036	2.260	25.179
118	-17.032	2.260	25.233
388	-17.013	2.297	25.233
386	-17.013	2.299	25.227
387	-17.013	2.299	25.227
1322	-17.011	2.295	25.227
1451	-17.010	2.298	25.227
1450	-17.010	2.295	25.227
404	-17.004	2.276	25.227
1283	-17.004	2.296	29.393
590	-17.000	2.301	29.393
592	-16.995	2.300	26.364
586	-16.994	2.300	29.387
594	-16.993	2.300	26.375
400	-16.993	2.300	26.375
582	-16.984	2.303	29.390
1447	-16.983	2.523	29.390
556	-16.977	2.304	29.390
405	-16.975	2.303	29.390
568	-16.970	2.304	29.390
571	-16.970	2.304	29.390
559	-16.970	2.304	29.390
438	-16.962	3.358	29.395
549	-16.955	2.302	29.378
550	-16.955	2.304	29.389
1444	-16.954	3.359	31.265
589	-16.949	3.358	31.266
396	-16.903	2.294	29.209
397	-16.903	2.294	31.297
577	-16.901	2.298	31.297
578	-16.901	2.298	31.297
406	-16.899	2.295	29.166
407	-16.899	2.295	29.023
426	-16.794	3.547	23.881
427	-16.794	3.547	23.881
423	-16.794	3.547	23.881
420	-16.793	3.547	28.896
368	-16.787	2.283	31.793
376	-16.787	2.282	23.885
528	-16.786	2.281	31.796
545	-16.786	2.283	23.891
1324	-16.785	3.551	31.796
360	-16.780	2.281	31.796
478	-16.778	2.289	31.796
484	-16.772	2.349	31.308
575	-16.766	3.358	31.308
576	-16.766	3.358	31.308
335	-16.765	2.288	31.308
1292	-16.761	3.360	31.308
265	-16.758	2.286	23.903
268	-16.755	2.287	23.903
275	-16.755	2.287	23.903
333	-16.755	2.286	23.903
314	-16.754	2.287	25.476
327	-16.754	2.297	31.311
259	-16.749	2.285	31.311
338	-16.735	2.277	31.311
383	-16.732	3.549	31.311
401	-16.731	3.549	31.311
583	-16.730	3.549	25.473
254	-16.729	2.346	25.473
511	-16.710	2.278	25.476
351	-16.705	2.275	31.789
1446	-16.673	3.544	31.789
1300	-16.669	3.544	31.790
595	-16.641	3.549	31.790
597	-16.640	3.549	31.790
593	-16.638	3.548	31.790
558	-16.635	3.546	31.790
553	-16.634	3.546	31.790
554	-16.545	3.546	31.790
560	-16.545	3.546	31.790
562	-16.545	3.546	31.790
566	-16.545	3.546	31.323
570	-16.545	3.546	31.792
563	-16.543	3.545	31.328
584	-15.937	3.350	31.328
1395	-15.479	3.348	31.325
233	-11.523	2.843	1.198
289	-11.217	2.844	1.198
321	-11.209	2.844	0.000
410	-11.083	2.839	0.000
228	-8.128	2.553	23.890
126	-8.125	2.552	23.886
138	-8.125	2.552	31.795
269	-7.994	2.581	31.796
