1337	-11.800	0.000	26.372
1338	-11.800	0.000	26.372
1302	-11.798	0.001	26.372
1354	-11.762	0.005	26.370
561	-10.905	0.027	25.732
551	-10.895	0.027	25.732
1247	-10.069	1.506	25.732
1379	-10.020	1.503	25.732
1410	-9.992	1.502	25.732
435	-9.503	1.724	25.233
572	-9.456	1.509	25.227
574	-9.456	1.509	25.227
455	-9.439	1.720	25.227
1456	-9.342	1.716	31.297
1399	-9.342	1.715	29.096
1351	-4.943	2.228	26.360
1355	-4.773	2.178	29.390
1433	-4.671	2.231	31.278
1401	-4.552	2.182	31.793
1411	-4.552	2.184	23.890
1368	-4.549	2.182	23.886
573	-4.372	2.203	23.903
1397	-4.370	2.202	23.903
1436	-4.369	2.201	29.260
1417	-4.369	2.202	31.311
1358	-4.178	2.199	25.470
