1695	-25.801	0.000	0.001
1715	-25.801	0.000	1.193
1704	-25.800	0.000	25.729
1710	-25.800	0.000	25.727
1713	-25.800	0.000	25.730
1722	-25.800	0.000	25.732
1734	-25.800	0.000	25.732
1743	-25.800	0.000	25.732
1758	-25.800	0.000	25.732
1777	-25.800	0.000	25.732
1785	-25.799	0.000	25.732
1706	-25.733	0.001	25.734
1725	-25.733	0.001	25.734
1740	-25.733	0.001	25.732
1741	-25.733	0.001	25.731
1746	-25.733	0.001	25.734
1771	-25.733	0.001	25.734
1776	-25.733	0.001	25.734
1672	-25.664	0.003	25.734
1678	-25.664	0.003	25.734
1682	-25.664	0.003	25.734
1689	-25.664	0.003	25.734
1659	-25.597	0.003	27.032
1662	-25.597	0.003	26.022
1664	-25.597	0.003	26.022
1669	-25.597	0.003	26.022
1673	-25.597	0.003	26.022
1683	-25.597	0.003	26.022
1687	-25.597	0.003	26.022
1655	-25.475	0.018	25.227
1692	-24.684	1.335	23.881
1739	-23.986	1.338	31.311
1778	-23.986	1.338	25.473
1766	-23.985	1.338	25.473
1782	-23.985	1.338	25.473
1709	-23.985	1.338	25.471
1717	-23.985	1.338	31.790
1759	-23.985	1.338	31.790
1763	-23.985	1.338	31.790
1765	-23.985	1.338	31.790
1696	-23.930	1.338	31.790
1702	-23.930	1.338	31.790
1719	-23.930	1.338	31.790
1723	-23.930	1.338	31.790
1726	-23.930	1.338	31.790
1729	-23.930	1.338	31.792
1733	-23.930	1.338	31.323
1749	-23.930	1.338	31.792
1755	-23.930	1.338	31.328
1757	-23.930	1.338	31.328
1760	-23.930	1.338	31.328
1764	-23.930	1.338	31.328
1671	-23.858	1.338	25.426
1663	-23.857	1.338	23.885
1674	-23.857	1.338	23.886
1666	-23.802	1.338	25.550
1693	-23.002	1.811	25.731
1712	-23.002	1.811	25.732
1735	-23.002	1.811	25.732
1742	-23.002	1.811	25.732
1751	-23.002	1.811	25.732
1774	-23.002	1.811	25.732
1780	-23.002	1.811	25.732
1781	-23.002	1.811	25.734
1686	-22.881	1.811	25.734
1690	-22.881	1.811	25.734
1698	-22.405	1.875	26.828
1700	-22.405	1.875	26.829
1703	-22.405	1.875	27.032
1705	-22.405	1.875	26.022
1707	-22.405	1.875	26.022
1708	-22.405	1.875	26.022
1716	-22.405	1.875	26.022
1718	-22.405	1.875	26.022
1724	-22.405	1.875	26.022
1730	-22.405	1.875	25.179
1747	-22.405	1.875	25.179
1748	-22.405	1.875	25.179
1770	-22.405	1.875	25.219
1779	-22.405	1.875	25.179
1783	-22.405	1.875	25.179
1679	-22.324	1.876	25.232
1656	-22.268	1.876	25.227
1657	-22.268	1.876	29.390
1658	-22.268	1.876	29.393
1660	-22.268	1.876	29.393
1685	-22.268	1.876	26.366
1736	-18.393	2.193	25.732
1697	-18.392	2.193	25.734
1711	-18.392	2.193	25.731
1720	-18.392	2.193	25.733
1761	-18.392	2.193	25.734
1694	-18.350	2.194	26.022
1699	-18.350	2.194	26.022
1701	-18.350	2.194	26.022
1714	-18.350	2.194	26.022
1721	-18.350	2.194	25.179
1727	-18.350	2.194	25.179
1731	-18.350	2.194	25.179
1737	-18.350	2.194	25.219
1738	-18.350	2.194	25.179
1744	-18.350	2.194	25.179
1756	-18.350	2.194	25.233
1767	-18.350	2.194	25.232
1772	-18.350	2.194	25.227
1677	-18.287	2.194	29.393
1661	-18.243	2.194	26.375
1665	-18.243	2.194	26.375
1667	-18.243	2.194	29.390
1668	-18.243	2.194	29.390
1670	-18.243	2.194	29.390
1675	-18.243	2.194	29.390
1676	-18.243	2.194	29.390
1680	-18.243	2.194	29.390
1681	-18.243	2.194	29.390
1684	-18.243	2.194	29.395
1688	-18.243	2.194	29.388
1691	-18.243	2.194	29.389
1775	-15.500	0.671	31.328
1732	-15.493	0.674	31.328
1773	-15.493	0.674	31.325
1752	-13.978	2.509	26.335
1753	-13.978	2.509	26.331
1754	-13.978	2.509	26.331
1728	-13.969	2.509	26.331
1745	-13.969	2.509	26.331
1769	-13.969	2.509	26.331
1750	-13.962	2.509	26.331
1784	-13.933	2.509	26.331
1762	-13.421	2.209	25.731
1768	-13.421	2.209	25.731
