1308	-15.333	0.000	31.330
1216	-15.325	0.001	31.330
1278	-14.494	2.371	29.608
1441	-14.493	2.371	23.885
1312	-14.491	2.371	25.534
1342	-14.491	2.371	25.550
1289	-14.491	2.371	25.550
1246	-14.489	2.371	25.550
1285	-14.489	2.371	25.550
1293	-14.489	2.371	25.547
1298	-14.489	2.371	25.550
1232	-14.485	2.371	25.490
1374	-14.296	2.409	25.490
1181	-14.288	2.409	25.489
1198	-14.283	2.409	25.492
1131	-14.222	2.376	30.434
1121	-14.070	2.411	25.552
1104	-14.002	0.254	25.552
1105	-14.002	0.254	26.335
1171	-13.919	2.393	26.331
1445	-13.835	2.383	26.331
1319	-13.834	2.383	26.331
1380	-13.773	2.511	26.331
1268	-13.771	2.511	26.331
1179	-13.761	2.511	26.331
1264	-13.744	2.491	26.331
1341	-13.742	2.513	26.331
1320	-13.741	2.513	26.331
1403	-13.741	2.491	26.331
1269	-13.741	2.492	26.331
1344	-13.738	2.492	26.331
1306	-13.737	2.513	26.331
1275	-13.737	2.492	26.331
412	-13.737	1.528	26.331
1266	-13.730	0.151	26.331
1192	-13.728	2.491	26.331
1352	-13.723	2.417	26.399
1353	-13.723	2.417	26.372
1373	-13.723	2.417	26.372
1330	-13.722	2.514	26.372
1327	-13.721	2.514	26.370
1421	-13.720	2.417	1.198
1281	-13.709	2.494	1.198
1248	-13.708	2.494	1.198
415	-13.706	1.534	1.198
1130	-13.703	1.105	0.000
1149	-13.703	1.105	0.000
1134	-13.702	1.105	0.000
1214	-13.698	1.105	0.000
1304	-13.692	2.494	0.001
1239	-13.636	1.531	0.001
1396	-13.564	2.423	1.193
1305	-13.526	2.157	1.193
1235	-13.517	2.156	25.729
1152	-13.515	2.157	25.729
1154	-13.515	2.157	25.732
1301	-13.512	1.120	25.732
1256	-13.506	1.120	25.732
1279	-13.506	1.120	25.732
1369	-13.444	1.175	25.732
1378	-13.443	1.175	25.732
1414	-13.440	1.176	25.734
1199	-13.434	1.176	25.734
1108	-13.430	1.176	25.734
1097	-13.429	1.176	25.734
1123	-13.382	0.237	25.734
1241	-13.343	1.537	25.734
1229	-13.336	1.537	25.734
1234	-13.328	1.537	25.734
1390	-13.296	2.521	26.022
1143	-13.292	2.163	26.022
1144	-13.292	2.163	26.022
1194	-13.291	2.520	26.022
1132	-13.291	2.163	25.179
1135	-13.290	2.163	25.179
1147	-13.290	2.163	25.179
1148	-13.290	2.163	25.179
1158	-13.289	2.163	25.179
1188	-13.288	2.520	25.179
1138	-13.288	2.163	25.233
1272	-13.272	0.417	25.233
1096	-13.223	1.206	25.227
1257	-13.216	2.529	25.227
1189	-13.186	2.183	25.227
1168	-13.184	2.183	25.227
1174	-13.180	2.183	25.227
1177	-13.180	2.183	25.227
450	-13.101	2.392	29.393
1117	-13.051	1.302	31.311
1101	-13.050	1.302	31.311
1103	-13.050	1.302	25.473
1114	-13.050	1.302	25.473
1184	-13.033	1.535	25.476
1166	-13.028	1.535	31.789
64	-13.018	1.526	31.791
506	-13.016	2.179	31.790
1186	-13.010	2.187	31.790
1100	-13.006	2.186	31.790
1102	-13.006	2.186	31.790
1125	-13.006	2.187	31.790
1113	-13.005	2.187	31.790
1098	-13.004	2.187	31.790
1109	-13.004	2.187	31.790
1110	-13.004	2.187	31.790
382	-13.003	1.508	29.488
354	-12.954	1.523	31.792
267	-12.947	1.523	31.328
305	-12.947	1.523	31.328
1387	-12.922	1.322	31.328
1370	-12.919	1.323	29.697
1440	-12.915	2.173	23.885
1277	-12.844	1.552	25.550
1270	-12.794	1.538	25.550
1115	-12.787	1.538	25.550
1454	-12.674	2.192	25.548
520	-12.672	0.304	25.550
1182	-12.668	2.192	25.490
1206	-12.661	2.192	25.490
1425	-12.655	2.477	25.490
1340	-12.628	2.480	25.491
1295	-12.560	1.519	30.714
579	-12.547	1.955	25.552
1095	-12.524	1.536	25.552
1372	-12.482	2.475	26.335
1382	-12.473	2.475	26.335
1424	-12.471	2.475	26.331
1164	-12.416	1.803	26.331
548	-12.395	2.477	26.331
1262	-12.372	1.550	26.331
1409	-12.298	1.795	26.331
1398	-12.285	1.750	26.331
1357	-12.280	1.750	26.331
1428	-12.275	1.750	26.331
1195	-12.273	1.750	26.331
1119	-12.268	1.750	26.331
1116	-12.266	1.750	26.331
1172	-12.264	1.750	26.331
1249	-12.260	2.262	26.331
1336	-12.177	1.758	26.331
1313	-12.176	1.758	26.331
1253	-12.172	1.758	26.331
1311	-12.171	1.758	26.331
1323	-12.171	1.758	26.331
1139	-12.168	1.758	26.331
1225	-12.166	1.757	26.331
1157	-12.166	1.758	26.331
1141	-12.163	1.758	26.331
1151	-12.163	1.758	26.331
421	-12.153	2.259	26.331
1202	-11.837	1.502	26.399
1386	-11.741	1.752	1.198
1196	-11.729	1.516	1.198
1325	-6.262	2.378	1.198
1287	-6.181	2.267	0.000
1255	-6.179	2.267	0.000
1280	-5.963	2.431	25.732
1286	-5.963	2.431	25.731
1291	-5.963	2.431	25.734
1231	-5.962	2.431	25.734
1243	-5.962	2.431	25.734
1238	-5.960	2.431	25.734
1220	-5.959	2.431	25.734
1316	-5.959	2.432	25.734
591	-5.799	2.281	29.390
1294	-5.737	2.332	31.297
1267	-5.574	2.485	25.727
1163	-5.571	2.485	25.735
1209	-5.571	2.485	25.732
1205	-5.570	2.485	25.732
1237	-5.537	2.341	25.732
555	-5.452	2.431	25.734
1408	-5.143	3.893	29.393
475	-5.027	2.492	29.393
1365	-4.884	2.957	29.387
1415	-4.884	3.666	26.375
1381	-4.859	3.998	29.390
1435	-4.765	3.782	29.390
1364	-4.686	2.041	29.390
1383	-4.686	2.041	29.394
1389	-4.686	2.041	29.397
1176	-4.683	2.042	29.357
494	-4.647	3.662	29.095
1339	-4.627	3.771	29.007
1412	-4.625	3.775	23.881
1394	-4.618	3.774	23.881
1426	-4.617	3.775	23.881
1118	-4.613	2.036	28.914
1288	-4.462	2.702	31.796
1315	-4.461	3.737	31.795
1240	-4.459	3.738	29.382
565	-4.459	3.739	31.308
434	-4.459	3.737	31.308
414	-4.457	3.738	31.308
441	-4.457	3.738	31.308
1348	-4.453	3.741	31.308
444	-4.346	3.953	31.311
1297	-4.345	3.954	31.311
1385	-4.338	3.962	31.311
1423	-4.338	3.961	31.311
1346	-4.338	3.961	25.473
1406	-4.313	2.104	25.473
1273	-3.944	3.117	31.790
