1599	-9.484	0.000	25.233
1827	-9.437	0.004	25.227
1860	-9.437	0.004	25.227
1869	-9.437	0.004	29.393
1788	-8.818	0.121	25.550
1793	-8.818	0.121	25.550
1812	-8.818	0.121	25.550
1821	-8.818	0.121	25.550
1824	-8.818	0.121	25.548
1803	-8.817	0.121	25.550
1791	-8.816	0.121	25.490
1818	-8.815	0.122	25.490
1832	-8.815	0.122	25.489
1843	-8.815	0.122	25.491
1796	-8.813	0.122	25.552
1797	-8.813	0.122	25.553
1839	-8.688	1.992	26.331
1786	-8.519	0.177	25.227
1787	-8.519	0.177	25.227
1792	-8.519	0.177	25.227
644	-8.481	0.174	29.390
1820	-8.262	1.995	29.395
1835	-8.261	1.995	29.389
1825	-8.136	1.996	23.881
1859	-8.136	1.996	23.881
1799	-8.135	1.997	23.881
1837	-8.134	1.997	23.881
1838	-8.134	1.997	31.794
1865	-8.133	1.996	31.794
682	-7.925	0.182	25.473
702	-7.925	0.182	25.476
808	-7.924	0.182	25.473
811	-7.924	0.182	31.792
840	-7.924	0.182	31.790
846	-7.924	0.182	31.790
853	-7.924	0.182	31.790
864	-7.924	0.182	31.790
910	-7.924	0.182	31.790
1815	-7.880	2.000	31.790
1840	-7.880	2.000	31.790
698	-7.878	0.180	31.790
700	-7.878	0.180	31.790
818	-7.877	0.180	29.434
944	-7.853	0.169	31.791
751	-7.851	0.168	31.328
1822	-7.791	1.959	31.328
1804	-7.790	1.959	31.325
1841	-7.790	1.959	31.325
1000	-7.790	0.169	29.708
1807	-7.789	1.959	31.330
1844	-7.789	1.959	29.666
1848	-7.789	1.959	23.885
1853	-7.789	1.959	29.759
1855	-7.789	1.959	25.550
1856	-7.789	1.959	25.550
1866	-7.787	1.959	25.550
1868	-7.769	1.962	25.490
1861	-7.682	1.753	30.706
1831	-7.681	1.752	25.552
1864	-7.681	1.753	25.552
1829	-7.681	1.753	26.335
1842	-7.678	1.931	26.335
1826	-7.673	1.942	26.331
1836	-7.672	1.942	26.331
1823	-7.556	1.757	1.198
1870	-7.556	1.757	1.198
1790	-7.555	1.757	0.000
1808	-7.555	1.757	0.000
1810	-7.555	1.757	0.000
1817	-7.555	1.757	0.000
1845	-7.555	1.757	0.001
1850	-7.555	1.757	0.001
1852	-7.555	1.757	0.001
1857	-7.555	1.757	1.193
1806	-7.524	1.938	25.732
1800	-7.508	1.961	25.732
1805	-7.508	1.961	25.732
1811	-7.508	1.961	25.732
1819	-7.508	1.961	25.732
1858	-7.508	1.961	25.734
1847	-7.500	1.928	25.734
827	-7.496	0.670	25.734
1789	-7.472	1.760	25.732
1794	-7.472	1.760	25.734
1809	-7.472	1.760	25.734
1813	-7.472	1.760	25.734
1828	-7.472	1.760	25.734
660	-7.447	1.760	26.828
776	-7.445	1.761	26.828
761	-7.407	0.673	27.032
1854	-7.305	1.947	25.179
823	-7.280	1.771	29.393
921	-7.280	1.771	26.364
783	-7.279	1.771	29.387
1002	-7.274	1.769	26.375
1092	-7.274	1.769	26.375
983	-7.274	1.769	26.375
998	-7.274	1.769	29.390
953	-7.273	1.769	29.390
759	-7.271	1.769	29.390
1798	-7.262	1.935	29.390
1802	-7.262	1.935	29.390
1833	-7.262	1.935	29.390
1862	-7.262	1.935	29.395
1867	-7.262	1.935	29.399
720	-7.246	1.770	29.389
835	-7.217	1.772	31.297
733	-7.207	1.809	29.071
810	-7.179	1.953	23.881
875	-7.179	1.953	23.881
715	-7.177	0.689	23.881
1046	-7.176	1.954	29.038
954	-7.174	1.954	31.794
1871	-7.124	1.986	31.308
681	-7.102	1.956	23.929
711	-6.987	1.946	31.791
1834	-6.575	2.291	26.331
1846	-6.575	2.291	26.331
1851	-6.575	2.291	26.331
1801	-6.496	2.302	26.331
1830	-6.496	2.303	26.331
1849	-6.496	2.302	26.331
1816	-6.495	2.303	26.331
906	-6.424	2.290	26.331
913	-6.424	2.290	26.331
927	-6.424	2.290	26.331
848	-6.424	2.290	26.331
981	-6.420	2.295	26.331
685	-6.420	2.289	26.331
712	-6.419	2.295	26.331
772	-6.416	2.295	26.331
862	-6.377	2.283	26.331
865	-6.377	2.283	26.331
676	-6.373	2.283	26.331
695	-6.373	2.282	26.331
1029	-5.853	3.317	29.393
709	-5.721	3.507	23.881
946	-5.721	3.507	23.881
956	-5.721	3.507	28.893
960	-5.721	3.507	31.794
975	-5.721	3.507	23.890
997	-5.721	3.507	23.886
1004	-5.721	3.507	31.795
1011	-5.721	3.507	31.796
1035	-5.721	3.507	31.794
745	-5.720	3.507	28.922
905	-5.717	3.506	31.308
834	-5.716	3.506	23.903
873	-5.716	3.506	23.903
832	-5.716	3.506	29.232
650	-5.715	3.506	31.311
721	-5.662	3.500	23.885
788	-5.657	3.499	25.550
804	-5.657	3.499	25.550
819	-5.657	3.499	25.550
822	-5.657	3.500	25.551
893	-5.657	3.499	25.550
934	-5.656	3.499	25.490
968	-5.635	3.502	26.331
828	-5.537	2.630	25.734
821	-5.537	2.629	25.734
870	-5.537	2.629	25.734
756	-5.331	3.111	26.022
760	-5.206	2.965	25.179
753	-5.190	3.024	25.179
678	-5.185	3.187	25.179
722	-5.178	3.205	25.233
786	-5.178	3.008	25.233
923	-5.177	3.011	25.227
796	-5.162	3.223	25.227
719	-5.161	3.226	25.227
961	-5.161	3.225	25.227
724	-5.161	3.225	25.227
935	-5.149	3.227	25.227
955	-5.149	3.233	26.403
