1668	-9.178	0.000	5.343
1553	-9.152	2.047	5.399
1567	-9.152	2.047	2.880
1596	-9.152	2.047	2.882
1600	-9.152	2.047	24.569
1601	-9.152	2.047	24.570
1602	-9.152	2.047	24.570
1609	-9.152	2.047	2.883
1611	-9.152	2.047	2.885
1637	-9.152	2.047	3.074
1691	-9.152	2.047	3.312
1560	-9.152	2.047	2.245
1561	-9.152	2.047	24.402
1620	-9.152	2.047	24.401
1643	-9.152	2.047	2.713
1646	-9.152	2.047	2.685
1650	-9.152	2.047	2.708
1679	-9.152	2.047	2.724
1684	-9.152	2.047	2.724
1685	-9.152	2.047	2.687
1547	-9.150	2.047	24.285
1564	-9.150	2.047	2.693
1604	-9.150	2.047	24.328
1666	-9.150	2.047	24.329
1696	-9.149	2.047	2.695
1697	-9.149	2.047	1.247
1700	-9.149	2.047	0.060
1702	-9.149	2.047	1.249
1589	-9.140	2.173	1.248
1638	-9.140	2.173	0.036
1644	-9.140	2.173	3.888
1645	-9.140	2.173	4.939
1669	-9.140	2.173	4.991
1551	-9.139	2.173	3.895
1574	-9.139	2.173	5.018
1613	-9.139	2.173	3.898
1614	-9.139	2.173	4.552
1623	-9.139	2.173	24.576
1624	-9.139	2.173	3.909
1625	-9.139	2.173	24.577
1631	-9.139	2.173	4.942
1659	-9.139	2.173	24.577
1663	-9.139	2.173	5.161
1673	-9.139	2.173	5.164
1683	-9.139	2.173	5.603
1686	-9.139	2.173	4.555
1689	-9.139	2.173	5.614
1690	-9.139	2.173	3.581
1693	-9.139	2.173	4.568
1698	-9.137	2.173	4.568
1665	-9.137	2.173	4.568
230	-8.959	2.049	4.566
277	-8.959	2.049	5.604
34	-8.957	2.174	5.603
508	-8.956	2.054	5.604
152	-8.950	2.175	5.139
1431	-8.946	2.178	5.621
1539	-8.939	2.069	5.619
1554	-8.939	2.069	5.620
1584	-8.939	2.069	5.623
1635	-8.939	2.069	5.622
1654	-8.939	2.069	4.030
1520	-8.939	2.069	4.027
1516	-8.937	2.069	3.845
1518	-8.937	2.069	3.882
1530	-8.931	2.193	3.863
1546	-8.931	2.193	3.961
1533	-8.861	2.065	3.885
1540	-8.861	2.065	3.604
1563	-8.861	2.065	3.089
1575	-8.861	2.065	10.710
1639	-8.861	2.065	3.606
1653	-8.861	2.065	3.626
1664	-8.861	2.065	10.719
1592	-8.850	2.191	10.719
1603	-8.850	2.191	10.719
1356	-8.831	2.191	10.720
1294	-8.805	0.089	3.150
1470	-8.803	0.024	3.115
1362	-8.802	0.024	3.610
1238	-8.702	0.116	3.947
1532	-8.614	0.057	11.694
1566	-8.614	0.057	5.066
1573	-8.614	0.057	10.038
1581	-8.614	0.057	10.038
1582	-8.614	0.057	10.156
1583	-8.614	0.057	10.148
1585	-8.614	0.057	10.702
1590	-8.614	0.057	10.701
1591	-8.614	0.057	10.198
1595	-8.614	0.057	11.683
1597	-8.614	0.057	10.702
1599	-8.614	0.057	10.703
1605	-8.614	0.057	10.703
1606	-8.614	0.057	10.703
1607	-8.614	0.057	10.703
1608	-8.614	0.057	10.702
1610	-8.614	0.057	10.699
1615	-8.614	0.057	11.074
1626	-8.614	0.057	11.075
1628	-8.614	0.057	9.929
1629	-8.614	0.057	11.987
1688	-8.614	0.057	8.566
1562	-8.614	0.057	9.982
1618	-8.614	0.057	11.944
1627	-8.614	0.057	12.263
1634	-8.614	0.057	9.990
1656	-8.614	0.057	9.976
1671	-8.614	0.057	8.183
1672	-8.614	0.057	9.967
1571	-8.580	0.077	11.270
1572	-8.580	0.077	11.947
1678	-8.580	0.077	11.278
1537	-8.580	0.077	12.168
1538	-8.580	0.077	8.544
1542	-8.580	0.078	11.265
1543	-8.580	0.078	12.095
1545	-8.580	0.077	11.977
1549	-8.580	0.078	9.785
1550	-8.580	0.077	9.831
1559	-8.580	0.077	9.692
1576	-8.580	0.077	9.756
1577	-8.580	0.077	12.254
1579	-8.580	0.077	6.699
1580	-8.580	0.078	10.069
1593	-8.580	0.078	11.684
1598	-8.580	0.077	3.297
1612	-8.580	0.078	8.725
1616	-8.580	0.077	3.348
1617	-8.580	0.078	8.655
1619	-8.580	0.078	8.657
1621	-8.580	0.077	9.983
1622	-8.580	0.077	8.645
1630	-8.580	0.077	9.824
1633	-8.580	0.078	10.962
1647	-8.580	0.077	9.523
1655	-8.580	0.078	9.823
1657	-8.580	0.078	9.600
1658	-8.580	0.078	10.975
1682	-8.580	0.078	9.815
1687	-8.580	0.077	9.814
1692	-8.580	0.078	9.953
1694	-8.580	0.077	9.969
1641	-8.579	0.078	0.000
1674	-8.579	0.077	11.481
1675	-8.579	0.077	9.711
1640	-8.579	0.078	9.840
1676	-8.579	0.078	11.797
1235	-8.559	0.195	4.408
1433	-8.559	0.226	6.737
1402	-8.346	0.408	4.793
1523	-8.339	0.257	5.381
1524	-8.339	0.261	5.208
1578	-8.339	0.261	5.210
1522	-8.339	0.259	5.210
1525	-8.339	0.260	5.122
1586	-8.339	0.260	5.209
1587	-8.339	0.260	5.209
1588	-8.339	0.261	5.117
1529	-8.339	0.261	5.234
1556	-8.338	0.257	4.685
1548	-8.338	0.260	4.674
1552	-8.338	0.260	5.316
1558	-8.338	0.260	5.343
1667	-8.338	0.261	5.399
1555	-8.338	0.259	2.941
1651	-8.338	0.259	2.881
1636	-8.338	0.262	24.569
1544	-8.338	0.261	24.569
1557	-8.338	0.261	24.569
1487	-8.329	0.111	2.883
1490	-8.329	0.111	2.886
1494	-8.329	0.111	3.073
1497	-8.329	0.111	2.913
1498	-8.329	0.111	2.433
1500	-8.329	0.111	24.401
1486	-8.329	0.111	24.401
1496	-8.329	0.111	2.713
1501	-8.329	0.111	2.686
1484	-8.329	0.111	2.709
1485	-8.329	0.111	2.730
1488	-8.329	0.111	2.725
1489	-8.329	0.111	2.688
1491	-8.329	0.111	24.285
1492	-8.329	0.111	2.692
1493	-8.329	0.111	24.328
1495	-8.329	0.111	2.230
1499	-8.329	0.111	1.253
1480	-8.318	0.124	1.246
1482	-8.318	0.124	0.059
1481	-8.318	0.125	1.248
1483	-8.318	0.125	1.248
1503	-8.313	0.113	0.025
1504	-8.313	0.113	3.881
1505	-8.313	0.114	4.939
1507	-8.313	0.113	5.020
1508	-8.313	0.113	5.025
1510	-8.313	0.113	5.019
1512	-8.313	0.113	5.017
1506	-8.313	0.113	3.183
1509	-8.313	0.113	24.576
1511	-8.313	0.113	3.909
1513	-8.313	0.113	24.576
1514	-8.313	0.113	24.577
1515	-8.313	0.113	24.577
1517	-8.313	0.113	5.161
1521	-8.306	0.121	5.126
1479	-8.306	0.457	5.603
1528	-8.305	0.121	5.603
1531	-8.305	0.121	5.614
1534	-8.305	0.122	5.603
1536	-8.305	0.121	4.569
1652	-8.305	0.121	4.569
1526	-8.305	0.120	4.569
1535	-8.305	0.121	4.567
1642	-8.305	0.121	5.620
1527	-8.305	0.122	5.614
1189	-8.301	0.450	5.605
1196	-8.301	0.477	5.139
1519	-7.872	0.557	2.730
94	-7.129	3.949	10.455
95	-7.129	3.950	10.356
128	-7.129	3.949	12.275
129	-7.129	3.950	6.694
266	-7.129	3.949	4.499
273	-7.128	3.949	4.336
319	-7.128	3.949	4.021
76	-7.128	3.948	5.491
88	-7.128	3.948	5.055
136	-7.128	3.948	5.056
137	-7.128	3.948	5.055
154	-7.128	3.948	5.055
201	-7.128	3.949	5.054
203	-7.128	3.949	5.054
295	-7.128	3.948	5.077
297	-7.128	3.949	5.076
299	-7.128	3.949	4.270
325	-7.128	3.949	4.419
339	-7.128	3.949	5.147
364	-7.128	3.949	5.146
227	-7.127	3.948	4.247
36	-6.790	3.663	3.241
35	-6.790	3.663	10.959
172	-6.780	3.666	3.362
