1910	-8.045	0.000	8.595
951	-7.264	0.196	8.731
635	-7.245	0.200	8.818
772	-6.077	3.972	2.289
876	-6.077	3.949	4.941
695	-6.064	3.967	8.594
751	-6.054	3.466	8.572
963	-6.053	3.472	2.244
975	-6.053	3.470	2.235
924	-6.053	3.467	4.899
961	-6.053	3.468	9.190
909	-6.037	3.474	9.634
894	-6.037	3.473	9.187
988	-6.037	3.458	4.898
860	-6.026	3.470	9.652
904	-6.025	3.485	5.059
830	-6.025	3.466	5.058
637	-6.024	3.462	9.408
615	-6.024	3.467	7.093
611	-6.023	3.465	2.358
606	-6.023	3.464	2.358
622	-6.023	3.464	5.344
592	-6.023	3.451	9.088
657	-6.023	3.461	9.086
916	-6.022	3.416	5.832
1040	-5.993	3.464	8.730
816	-5.984	3.765	8.679
608	-5.886	3.712	15.708
934	-5.551	3.548	8.572
850	-5.484	3.777	9.583
976	-5.201	3.767	8.027
922	-4.795	3.765	24.967
