1959	-12.020	0.000	13.474
1954	-12.005	0.002	14.147
1963	-11.893	0.017	15.147
1967	-11.893	0.017	15.383
1969	-11.893	0.017	15.148
1942	-11.877	0.019	13.353
1948	-11.866	0.018	13.353
1958	-11.630	2.251	13.353
1970	-11.630	2.251	25.162
1960	-11.554	2.249	11.059
1953	-11.510	2.256	25.163
1973	-11.406	2.877	15.746
1950	-11.402	2.877	14.150
1936	-11.303	2.501	15.788
1972	-11.137	2.863	14.539
1961	-10.919	2.494	8.596
1966	-10.801	1.688	4.940
1968	-10.801	1.688	8.594
1955	-10.797	1.688	8.594
1957	-10.797	1.688	8.594
1965	-10.794	1.696	8.594
1962	-10.793	1.697	8.594
1937	-10.788	1.689	8.573
1939	-10.788	1.689	2.244
1943	-10.788	1.689	4.896
1945	-10.788	1.689	2.235
1946	-10.788	1.689	9.190
1952	-10.788	2.635	14.291
1941	-10.787	2.635	9.634
1971	-10.653	2.640	9.581
1956	-10.650	2.640	9.583
1951	-10.645	2.640	9.652
1949	-10.645	2.640	5.073
1944	-10.643	2.640	5.336
1947	-10.643	2.640	9.177
1964	-9.797	2.455	5.235
1938	-9.788	2.456	9.203
1940	-9.788	2.456	5.073
