589	-7.065	0.000	24.885
639	-7.064	0.004	12.650
612	-7.063	0.003	12.668
685	-7.063	0.004	12.664
712	-7.063	0.015	12.665
1318	-7.056	0.003	24.959
765	-7.021	0.024	15.147
958	-7.021	0.025	15.203
953	-7.021	0.025	13.046
820	-7.020	0.022	13.353
1398	-7.012	0.029	25.162
1367	-7.012	0.030	13.370
1474	-7.012	0.029	25.162
1338	-7.012	0.030	13.361
1368	-7.011	0.030	25.163
1170	-6.996	0.038	15.241
1185	-6.995	0.028	15.450
1192	-6.995	0.034	15.749
1205	-6.995	0.036	15.749
1167	-6.995	0.036	15.749
1187	-6.995	0.035	15.746
1441	-6.995	0.038	14.150
1210	-6.994	0.041	14.150
1276	-6.994	0.036	14.150
1343	-6.993	0.037	14.147
1439	-6.993	0.037	15.782
921	-6.980	0.123	15.733
761	-6.980	0.053	15.753
969	-6.980	0.058	15.774
753	-6.980	0.055	15.770
868	-6.980	0.057	15.775
875	-6.980	0.058	15.782
837	-6.980	0.055	15.780
808	-6.979	0.061	15.784
813	-6.979	0.055	13.539
687	-6.977	0.052	12.692
730	-6.977	0.057	12.696
671	-6.977	0.059	25.884
1038	-6.959	0.064	2.232
1201	-6.953	0.066	1.766
1428	-6.951	0.067	5.032
1467	-6.951	0.067	2.165
1250	-6.951	0.062	2.165
1396	-6.950	0.067	8.587
1426	-6.705	2.122	5.816
1314	-6.666	2.135	6.715
1480	-6.665	2.135	8.023
800	-6.629	2.136	5.992
631	-6.618	2.135	13.441
723	-6.617	2.135	13.248
724	-6.617	2.135	7.978
740	-6.617	2.135	15.709
1300	-6.611	2.135	15.708
1403	-6.610	2.135	15.707
1399	-6.592	2.135	15.766
1291	-6.591	2.135	14.785
1277	-6.591	2.135	12.793
1406	-6.591	2.135	12.735
1454	-6.531	2.913	24.987
1490	-4.826	2.217	15.707
1180	-4.818	2.217	15.493
1183	-4.818	2.217	15.493
1225	-4.817	2.217	15.722
1465	-4.815	2.219	14.969
1449	-4.814	2.217	15.766
1407	-4.814	2.217	15.766
1448	-4.814	2.217	14.903
1125	-4.814	2.216	12.793
1148	-4.773	2.200	12.741
1393	-4.770	2.201	12.553
1172	-4.679	2.181	12.658
1181	-4.679	2.181	12.630
1268	-4.677	2.181	12.667
1257	-4.676	2.181	12.664
1319	-4.676	2.181	12.632
1371	-4.676	2.181	12.653
1424	-4.676	2.181	12.634
1332	-4.657	2.180	10.943
