1714	-5.644	0.000	25.884
1273	-5.608	0.209	14.136
1162	-5.603	0.200	2.229
1138	-5.602	0.205	2.165
1140	-5.602	0.207	2.165
1221	-5.602	0.204	8.588
1223	-5.602	0.205	2.292
1390	-5.602	0.205	8.586
1191	-5.601	0.236	8.596
1429	-5.601	0.205	2.289
1094	-5.567	0.266	8.594
1166	-5.564	0.217	8.594
1302	-5.564	0.217	8.594
1237	-5.491	0.270	9.581
1097	-5.464	0.174	10.313
1101	-5.463	0.172	9.574
1484	-5.462	0.163	9.575
1345	-5.458	0.171	2.358
1295	-5.446	0.249	5.815
1238	-5.078	0.657	9.127
1113	-5.025	0.205	7.966
1154	-4.996	0.081	15.708
1150	-4.985	0.077	15.708
1067	-4.915	1.953	15.707
1151	-4.812	1.894	12.735
1272	-4.784	1.875	24.967
1436	-4.782	0.259	12.738
1358	-4.775	0.263	12.742
1188	-4.767	2.014	12.210
1135	-4.764	0.262	12.251
1106	-4.728	0.245	24.886
1129	-4.719	0.251	24.885
1327	-4.652	1.993	24.986
1340	-4.138	3.420	14.147
1099	-4.133	3.441	15.791
1392	-4.130	3.444	15.773
1472	-4.126	3.446	15.772
1305	-4.124	3.440	14.196
1481	-2.704	2.569	13.537
1432	-2.701	2.563	13.540
1373	-2.697	2.563	14.290
1206	-2.655	3.914	12.693
