471	-10.671	0.000	5.364
304	-10.632	0.050	5.058
314	-10.632	0.050	9.646
544	-10.632	0.050	4.573
1165	-10.632	0.046	4.550
1120	-10.630	0.046	2.358
1307	-10.629	0.044	2.292
336	-10.627	0.009	9.089
432	-10.623	0.010	5.811
1286	-10.623	0.006	9.074
1224	-10.621	0.006	8.106
237	-10.618	0.045	8.764
1193	-10.617	0.041	12.195
1528	-10.611	0.008	8.024
358	-10.611	0.006	8.019
400	-10.611	0.005	8.710
394	-10.611	0.006	6.721
420	-10.611	0.005	8.322
280	-10.609	0.006	8.032
79	-10.607	0.007	8.042
568	-10.600	0.007	8.033
569	-10.600	0.007	6.714
535	-10.599	0.007	8.023
1386	-10.598	0.007	6.717
1312	-10.596	0.006	7.554
157	-10.595	0.004	8.027
149	-10.594	0.003	8.366
1294	-10.592	0.006	8.749
1575	-10.586	0.005	5.978
1548	-10.585	0.004	13.289
1587	-10.585	0.004	10.471
232	-10.552	0.056	13.303
1243	-10.543	0.041	13.247
277	-10.533	0.030	13.342
1087	-10.532	0.034	6.843
516	-10.531	0.028	15.735
1178	-10.527	0.049	15.708
1142	-10.526	0.031	15.708
1100	-10.523	0.031	15.707
1102	-10.523	0.031	15.707
1427	-10.513	0.017	15.493
1220	-10.513	0.017	15.493
1082	-10.513	0.033	15.723
1377	-10.505	0.018	14.969
12	-10.496	0.049	12.736
1275	-10.491	0.048	12.665
1098	-10.489	0.038	24.959
1069	-10.488	0.038	12.639
1297	-10.488	0.050	10.948
513	-10.485	0.035	10.711
1363	-10.483	0.051	11.062
530	-10.482	0.034	11.136
1204	-10.480	0.054	12.847
1346	-10.479	0.055	15.148
1438	-10.479	0.055	13.353
243	-10.475	0.095	25.162
102	-10.469	0.093	13.353
1149	-10.450	0.041	15.749
1147	-10.449	0.088	15.749
1421	-10.448	0.040	15.746
1105	-10.448	0.088	14.150
1131	-10.448	0.088	14.150
1412	-10.447	0.041	15.744
1080	-10.447	0.041	14.150
1073	-10.446	0.041	15.790
1083	-10.446	0.088	15.734
1333	-10.444	0.052	15.772
1420	-10.443	0.054	13.540
1385	-10.442	0.051	14.211
1249	-10.441	0.040	15.784
1404	-10.441	0.054	13.537
1292	-10.440	0.054	25.022
1245	-10.440	0.053	12.693
1370	-10.439	0.054	25.884
1375	-10.439	0.052	12.689
1459	-10.436	0.056	12.198
1254	-10.434	0.059	12.205
1194	-10.432	0.058	12.834
1433	-10.431	0.059	25.009
1476	-10.431	0.059	0.021
1477	-10.431	0.059	12.845
1350	-10.430	0.055	0.002
1215	-10.415	0.174	0.000
1236	-10.401	0.043	0.000
1200	-10.397	0.039	0.000
1090	-10.384	0.042	0.001
1487	-10.377	0.052	12.865
1466	-10.375	0.062	12.213
1284	-10.373	0.064	12.248
1683	-10.372	0.040	12.241
1301	-10.372	0.064	12.168
1316	-10.372	0.064	12.182
1212	-10.363	0.067	12.054
1152	-10.363	0.093	1.476
1443	-10.362	0.067	2.232
1213	-10.362	0.093	1.765
1259	-10.362	0.095	1.766
1336	-10.362	0.095	5.033
1168	-10.362	0.093	2.165
1126	-10.359	0.093	2.165
1285	-10.345	0.047	2.289
1348	-10.335	0.051	8.594
1251	-10.333	0.051	2.244
1110	-10.331	0.043	4.899
1326	-10.315	0.071	10.546
1258	-10.282	0.055	8.032
1400	-10.279	0.057	6.714
1121	-10.277	0.056	8.022
1123	-10.277	0.056	8.023
1128	-10.277	0.056	7.554
1255	-10.268	0.061	7.554
1253	-10.258	0.261	12.222
1118	-10.247	0.291	8.367
1263	-10.221	0.060	8.749
1203	-10.215	0.061	5.964
1089	-10.210	0.062	12.197
1153	-10.060	0.085	15.493
1309	-10.059	0.086	14.816
1160	-10.058	0.085	15.843
1130	-10.057	0.085	14.897
1079	-10.057	0.085	12.738
1084	-10.057	0.085	24.967
1115	-10.056	0.086	24.967
1109	-10.055	0.085	12.742
1093	-10.051	0.087	16.034
1202	-10.050	0.088	12.357
1278	-9.997	0.135	15.151
1190	-9.946	0.143	15.739
1330	-9.945	0.144	15.787
1313	-9.944	0.145	15.772
1261	-9.944	0.145	14.212
1195	-9.944	0.143	13.540
1244	-9.942	0.144	15.780
1369	-9.941	0.144	25.025
1078	-9.941	0.144	12.693
1075	-9.932	0.144	12.854
1164	-9.910	0.134	4.940
1070	-9.906	0.135	8.594
1066	-9.901	0.144	8.594
1264	-9.850	0.829	4.896
1163	-9.794	0.763	9.583
1107	-9.766	0.609	5.336
1068	-9.061	0.793	12.213
1288	-9.034	0.598	2.232
423	-8.811	2.097	14.816
433	-8.810	2.096	15.767
1364	-8.808	0.526	15.732
334	-8.767	2.097	10.963
557	-8.754	2.098	14.161
1437	-8.747	2.098	13.349
1382	-8.741	2.094	25.163
555	-8.739	2.094	15.608
1435	-8.736	2.095	15.611
546	-8.736	2.110	15.749
579	-8.693	2.097	2.232
1765	-8.684	2.100	2.165
1762	-8.669	2.098	8.594
521	-8.668	2.098	8.594
344	-8.666	2.102	8.594
515	-8.657	2.103	2.244
376	-8.621	2.100	9.183
1419	-8.594	2.102	7.106
1158	-8.592	2.101	5.341
1381	-8.592	2.101	4.543
1271	-8.591	2.101	9.081
1182	-8.584	2.091	6.980
1241	-8.584	2.091	10.296
1136	-8.581	2.091	12.195
532	-8.579	2.092	8.811
1341	-8.577	2.094	8.811
1473	-8.534	2.087	9.130
1229	-8.518	2.102	15.709
1352	-8.517	2.102	15.708
1173	-8.513	2.106	15.502
1267	-8.512	2.105	15.707
1468	-8.512	2.103	15.707
1199	-8.501	2.091	14.818
1219	-8.500	2.092	14.969
1235	-8.496	2.091	15.732
1339	-8.492	2.092	12.793
1387	-8.068	2.087	2.289
1325	-8.061	2.087	8.596
1141	-8.058	2.087	8.594
1227	-7.275	0.953	8.812
1137	-7.196	0.641	6.720
1228	-7.040	0.698	10.947
1279	-7.033	0.702	10.952
1266	-7.031	0.659	10.963
1132	-6.860	3.718	4.941
320	-6.854	3.718	8.594
1535	-6.765	3.741	8.594
1506	-6.765	3.741	8.594
1508	-6.764	3.741	9.623
1538	-6.764	3.740	2.244
1512	-6.764	3.741	2.235
1525	-6.764	3.741	8.582
1530	-6.764	3.741	4.771
1117	-6.758	3.740	9.187
1179	-6.757	3.740	4.898
1233	-6.757	3.740	9.376
1095	-6.756	3.740	5.364
1310	-6.730	3.737	9.205
1416	-6.157	2.571	1.766
1726	-6.070	3.676	8.594
1463	-5.236	2.253	8.023
1444	-5.188	2.201	8.695
1076	-4.571	3.138	11.056
1281	-4.479	3.172	15.148
1214	-4.475	3.163	13.353
1197	-4.473	3.169	13.353
1357	-4.374	3.087	25.163
1222	-4.370	3.090	15.429
1086	-4.369	3.081	15.450
1482	-4.280	3.331	15.749
1366	-4.220	3.330	15.749
