1586	-16.377	0.000	8.635
1622	-16.370	0.001	1.753
1660	-16.370	0.001	8.584
1610	-16.369	0.001	8.584
1594	-16.369	0.001	1.753
1599	-16.369	0.001	8.088
1632	-16.369	0.001	1.753
1651	-16.369	0.001	1.747
1583	-16.368	0.008	8.093
1591	-16.367	0.001	5.001
1600	-15.350	2.493	13.227
1623	-15.350	2.493	8.024
1606	-15.349	2.493	8.024
1584	-14.961	2.627	12.270
1613	-14.906	2.153	12.272
1605	-14.906	2.153	12.297
1612	-14.577	1.925	9.255
1617	-14.577	1.925	11.691
1619	-14.577	1.925	11.690
1620	-14.577	1.925	11.097
1647	-14.577	1.925	9.312
1588	-14.570	1.924	9.319
1589	-14.570	1.924	9.316
1608	-14.360	0.626	11.530
1618	-14.262	1.943	11.522
1626	-14.260	1.943	9.807
1615	-14.248	0.641	9.804
1654	-14.195	1.944	11.554
1645	-13.759	3.813	2.872
1638	-13.758	3.813	2.872
1642	-13.614	2.178	6.193
1643	-13.614	2.178	2.291
1652	-13.580	3.812	2.016
1685	-13.559	0.683	2.293
1587	-13.355	2.928	9.887
1624	-13.351	2.909	0.101
1585	-13.343	2.904	0.001
1706	-12.562	3.602	30.421
1593	-11.738	2.576	8.812
1711	-11.665	2.560	8.824
1700	-11.443	2.544	8.713
1701	-10.783	3.328	11.097
1678	-10.782	3.328	9.312
