630	-20.294	0.000	7.490
951	-20.244	0.002	8.832
747	-20.235	0.003	8.829
752	-20.043	0.011	8.894
748	-20.042	0.011	8.889
308	-19.976	0.161	7.093
123	-19.969	0.077	9.520
162	-19.958	0.162	9.531
5	-19.910	0.079	9.413
952	-19.810	0.072	9.263
245	-19.809	0.085	9.825
139	-19.764	0.176	9.414
140	-19.764	0.176	9.421
1170	-19.761	0.028	9.831
1160	-19.752	0.028	9.831
1161	-19.752	0.028	9.831
98	-19.721	0.178	9.078
101	-19.721	0.178	9.038
65	-19.720	0.179	9.417
86	-19.720	0.179	9.534
90	-19.720	0.179	9.433
39	-19.712	0.179	9.435
283	-19.698	0.090	9.918
300	-19.696	0.090	10.048
546	-19.684	0.091	9.632
1205	-19.554	0.088	9.630
786	-19.503	0.052	9.630
787	-19.503	0.052	9.226
1073	-19.319	0.062	8.651
197	-19.299	0.508	4.317
430	-19.227	0.525	7.642
398	-19.225	0.525	8.709
218	-19.222	0.525	4.199
207	-19.219	0.525	8.404
167	-19.219	0.525	8.541
388	-19.049	0.510	3.392
389	-19.049	0.510	3.393
271	-19.045	0.528	4.400
273	-19.045	0.528	3.379
144	-18.999	0.510	6.388
76	-18.971	0.528	4.477
64	-18.970	0.528	4.432
112	-18.970	0.528	7.537
44	-18.961	0.528	8.963
57	-18.961	0.528	9.155
15	-18.959	0.527	9.150
21	-18.959	0.527	9.286
25	-18.959	0.527	8.328
30	-18.959	0.527	12.269
47	-18.959	0.527	12.270
587	-18.957	0.510	12.270
236	-18.904	0.510	12.261
505	-18.848	0.511	12.296
1137	-18.825	0.509	12.285
533	-18.754	0.513	12.132
201	-18.589	1.340	30.254
219	-18.583	1.338	9.049
135	-18.560	1.341	9.273
104	-18.531	1.342	9.264
760	-18.307	1.347	11.657
1189	-17.904	1.355	11.522
1044	-17.386	2.645	8.712
1045	-17.386	2.645	6.185
1059	-17.377	2.645	2.873
770	-17.376	2.645	2.873
889	-17.372	2.645	2.873
827	-17.371	2.645	2.873
971	-17.370	2.645	2.873
720	-17.366	2.645	7.575
844	-17.362	2.645	7.576
705	-17.356	2.645	7.586
796	-17.353	2.645	6.326
792	-17.348	2.645	6.327
981	-17.348	2.645	2.015
852	-17.342	2.645	2.293
673	-17.308	2.648	6.174
1050	-17.307	2.648	6.325
732	-17.306	2.648	6.236
768	-17.301	2.648	2.291
862	-17.300	2.648	1.383
725	-17.299	2.648	2.284
985	-17.298	2.648	5.755
708	-17.296	2.648	2.027
783	-17.295	2.648	5.771
809	-17.295	2.648	6.280
1017	-17.293	2.648	2.035
615	-17.292	2.648	5.761
886	-17.289	2.648	6.220
988	-17.282	2.648	7.799
989	-17.282	2.648	2.273
714	-17.276	2.648	7.768
925	-17.190	2.647	3.805
916	-17.179	2.647	5.493
923	-17.177	2.647	5.525
629	-17.089	2.648	0.101
733	-17.068	2.648	11.160
1037	-17.047	2.644	3.392
1038	-17.047	2.644	0.002
890	-17.033	2.644	0.021
958	-17.022	2.644	3.406
937	-16.912	2.644	0.150
830	-16.904	2.644	2.247
945	-16.898	2.646	2.845
906	-16.883	2.644	1.987
772	-16.811	2.647	2.218
778	-16.802	2.643	2.247
1112	-16.802	2.647	2.531
956	-16.800	2.647	5.022
1116	-16.797	2.643	2.101
802	-16.789	2.643	2.558
385	-16.679	2.149	13.646
412	-16.679	2.149	13.646
413	-16.679	2.149	13.646
436	-16.679	2.149	13.646
393	-16.679	2.149	13.646
431	-16.679	2.149	13.646
209	-16.659	2.148	12.801
372	-16.614	2.141	30.532
415	-16.614	2.141	10.641
322	-16.612	2.153	30.532
318	-16.608	2.152	10.643
905	-16.604	2.643	30.533
561	-16.598	2.150	13.430
484	-16.595	2.150	12.967
514	-16.595	2.150	12.927
259	-16.595	2.149	11.211
932	-16.595	0.513	11.211
298	-16.583	2.149	11.211
463	-16.568	2.150	11.208
199	-16.565	2.146	11.206
1065	-16.546	2.643	13.397
1066	-16.546	2.643	12.960
973	-16.540	2.643	12.952
729	-16.537	2.643	12.956
863	-16.533	2.643	12.972
845	-16.532	2.643	12.967
982	-16.532	2.643	12.977
295	-16.528	2.142	10.770
464	-16.503	2.143	8.024
458	-16.501	2.153	8.024
296	-16.486	2.147	8.024
297	-16.486	2.147	12.699
1080	-16.438	1.802	8.040
418	-16.424	2.141	13.066
594	-16.423	2.142	12.535
1177	-16.417	2.151	12.868
8	-16.413	2.145	14.035
307	-16.377	1.791	7.981
432	-16.363	1.791	1.747
438	-16.363	1.791	1.747
439	-16.363	1.791	1.747
446	-16.363	1.791	1.747
394	-16.363	1.791	1.747
598	-16.357	2.141	1.747
377	-16.356	1.791	1.752
306	-16.344	1.800	6.513
482	-16.339	2.143	6.524
582	-16.328	1.800	4.939
143	-16.323	1.800	4.940
1000	-16.320	0.826	2.856
1102	-16.286	2.151	5.047
560	-16.276	2.142	7.351
501	-16.274	2.142	5.142
536	-16.265	2.142	2.233
668	-16.254	2.643	4.377
666	-16.253	2.643	2.883
619	-16.252	2.643	4.393
779	-16.250	2.643	2.728
829	-16.247	2.643	5.113
831	-16.247	2.643	4.386
776	-16.247	2.643	4.941
1109	-16.247	2.643	4.466
870	-16.246	2.643	2.485
719	-16.244	2.643	7.034
722	-16.244	2.643	7.041
1082	-16.218	2.155	5.277
1185	-16.218	2.155	2.493
1206	-16.214	1.792	5.025
695	-16.210	1.792	4.045
696	-16.210	1.792	4.058
1141	-16.197	2.155	0.865
1128	-16.195	1.799	11.091
1043	-16.158	2.644	1.978
1145	-16.154	1.792	4.694
735	-16.147	2.644	2.041
257	-16.143	1.789	2.372
258	-16.143	1.789	2.055
263	-16.142	1.789	12.234
247	-16.141	1.789	2.301
238	-16.139	1.790	2.302
1025	-16.139	2.644	0.969
788	-16.137	2.644	1.967
299	-16.134	1.790	0.860
948	-16.127	2.642	2.304
487	-16.126	1.789	0.105
491	-16.126	1.789	0.842
931	-16.125	2.642	0.865
763	-16.125	2.644	2.306
225	-16.120	1.791	3.452
190	-16.115	1.791	2.393
417	-16.107	1.789	2.357
909	-16.104	2.642	4.609
910	-16.104	2.642	13.203
460	-16.099	1.789	11.424
383	-16.085	1.789	13.019
390	-16.085	1.789	10.471
378	-16.078	1.789	13.647
231	-16.058	1.789	13.647
229	-16.057	1.789	13.646
953	-16.028	2.159	13.646
1103	-16.009	2.144	13.590
585	-15.988	1.789	13.253
605	-15.988	1.789	12.802
602	-15.986	1.789	13.658
1191	-15.938	1.790	13.685
1125	-15.932	1.790	13.186
1174	-15.875	1.797	10.966
1194	-15.872	1.797	10.915
313	-15.868	1.787	30.535
1147	-15.863	1.790	30.535
674	-15.855	2.639	10.918
567	-15.846	1.787	10.916
520	-15.844	1.787	10.917
515	-15.844	1.787	30.367
502	-15.844	1.787	10.976
537	-15.839	1.788	10.386
543	-15.839	1.788	30.385
742	-15.792	1.473	30.385
577	-15.749	1.787	10.975
568	-15.749	1.787	10.995
516	-15.747	1.787	10.993
522	-15.747	1.787	10.994
552	-15.742	1.787	30.338
766	-15.722	2.639	30.338
1051	-15.718	2.641	30.369
1069	-15.717	2.641	30.369
977	-15.714	2.639	30.370
671	-15.711	2.641	10.387
672	-15.711	2.641	10.388
839	-15.711	2.639	10.390
667	-15.710	2.641	9.859
731	-15.709	2.641	10.390
888	-15.703	2.641	10.403
835	-15.702	2.641	13.162
861	-15.702	2.641	13.161
824	-15.702	2.641	12.482
825	-15.702	2.641	12.479
858	-15.702	2.641	11.218
807	-15.701	2.641	10.638
876	-15.701	2.641	30.532
634	-15.684	2.159	10.649
1127	-15.669	1.787	30.532
1156	-15.659	1.787	10.643
759	-15.637	2.159	12.498
237	-15.632	1.785	13.030
1143	-15.604	1.787	11.211
609	-15.587	2.640	11.211
841	-15.443	2.618	12.924
1121	-15.437	2.617	12.973
884	-15.435	2.618	12.968
758	-15.366	2.150	13.046
620	-15.326	2.643	8.024
771	-15.313	2.643	12.699
777	-15.308	2.643	13.063
1028	-15.307	2.643	8.040
726	-15.305	2.643	0.000
728	-15.305	2.643	13.170
804	-15.304	2.643	12.868
887	-15.304	2.643	12.741
782	-15.300	2.643	8.583
711	-15.297	2.643	13.746
817	-15.293	2.643	8.635
793	-15.291	2.643	7.980
122	-15.288	1.783	4.970
103	-15.239	1.784	1.747
665	-15.195	1.789	4.939
924	-15.190	2.642	2.856
1024	-15.175	2.618	2.228
785	-15.171	2.618	4.997
608	-15.053	2.636	2.301
706	-15.011	2.636	2.306
556	-14.995	1.786	11.414
1036	-14.928	2.619	12.272
1148	-14.922	1.778	12.271
1120	-14.902	2.618	12.296
624	-14.823	2.641	30.421
625	-14.823	2.641	30.421
669	-14.805	2.640	30.421
610	-14.767	2.635	9.674
663	-14.734	1.783	9.672
1056	-14.730	3.400	9.032
1057	-14.730	3.400	9.653
983	-14.723	3.400	9.652
934	-14.680	2.640	9.669
1039	-14.642	3.403	9.670
1068	-14.641	3.403	30.220
1003	-14.639	2.618	9.652
734	-14.636	3.403	30.255
826	-14.630	3.403	30.255
984	-14.627	3.403	30.256
721	-14.625	3.403	9.265
764	-14.611	3.403	9.264
801	-14.610	3.403	9.267
1007	-14.596	2.603	9.245
946	-14.464	3.400	30.421
978	-14.368	2.619	11.657
869	-14.260	1.770	9.807
1110	-14.236	2.619	11.555
943	-14.218	1.771	11.322
1071	-14.169	3.400	11.567
904	-14.081	1.770	10.644
628	-14.079	3.388	12.048
1067	-14.068	3.388	12.099
769	-14.064	3.388	12.054
995	-14.061	3.388	11.478
1002	-14.059	3.388	11.526
1119	-14.056	3.388	11.454
797	-14.055	3.388	11.959
798	-14.055	3.388	11.548
815	-14.054	3.388	8.811
991	-14.051	3.388	8.811
992	-14.051	3.388	8.811
736	-13.971	3.391	8.811
738	-13.971	3.391	11.586
860	-13.962	3.391	10.846
893	-13.962	3.391	11.778
718	-13.959	3.391	12.025
834	-13.956	3.391	12.025
920	-13.902	3.385	12.798
741	-13.836	2.621	12.096
795	-13.820	2.621	9.095
813	-13.817	2.620	9.095
803	-13.811	2.620	2.879
1042	-13.811	2.620	8.698
828	-13.807	2.620	2.881
930	-13.806	3.387	2.870
715	-13.781	2.619	2.883
1117	-13.768	2.618	2.872
1118	-13.768	2.618	2.872
1058	-13.757	2.618	2.872
997	-13.752	2.617	2.884
762	-13.726	2.568	7.576
972	-13.683	3.388	7.586
874	-13.523	2.620	6.173
843	-13.379	2.620	5.494
821	-13.376	2.620	5.515
1033	-13.366	2.619	1.612
892	-13.350	2.619	3.393
1123	-13.300	2.212	2.553
993	-13.241	3.386	2.557
1053	-13.235	2.222	3.721
1054	-13.235	2.222	1.644
1010	-13.233	2.222	1.995
1122	-13.230	2.222	0.149
820	-13.228	2.222	2.144
745	-13.228	2.222	1.989
791	-13.226	2.222	1.987
837	-13.226	2.222	2.217
883	-13.226	2.222	2.246
996	-13.225	2.222	2.531
784	-13.222	2.222	1.685
811	-13.220	2.222	2.566
1026	-13.194	2.201	2.115
963	-13.098	2.620	5.761
854	-13.091	2.620	10.808
850	-13.086	2.620	10.818
901	-13.082	2.619	9.795
911	-13.078	3.384	11.622
836	-13.071	2.220	11.768
1040	-13.070	2.619	12.270
987	-13.044	2.619	12.271
875	-13.038	2.220	12.271
898	-12.942	2.619	12.271
899	-12.942	2.619	12.271
859	-12.938	2.619	12.271
968	-12.937	2.619	12.296
980	-12.761	3.395	8.656
1035	-12.743	3.395	9.245
1027	-12.733	3.395	9.254
894	-12.724	3.395	8.667
1032	-12.724	3.384	11.690
964	-12.693	3.398	11.091
900	-12.678	3.398	11.044
891	-12.668	3.398	9.316
1011	-12.667	3.345	9.316
999	-12.666	3.345	9.319
653	-12.662	2.581	30.420
928	-12.601	3.397	9.248
967	-12.492	3.341	11.613
914	-12.481	3.399	11.656
833	-12.479	3.340	9.805
656	-12.412	2.586	11.530
818	-12.317	3.338	9.807
865	-12.313	3.338	9.807
1005	-12.074	3.399	11.550
1052	-11.958	3.385	11.565
857	-11.947	3.385	9.819
896	-11.947	3.385	9.428
959	-11.868	3.401	9.432
955	-11.693	2.541	11.972
631	-11.562	2.598	9.162
757	-11.540	2.598	8.881
723	-11.539	3.326	9.143
724	-11.539	3.326	9.095
727	-11.539	3.326	9.095
754	-11.539	2.598	2.879
751	-11.533	2.598	8.698
1149	-11.443	2.597	6.185
693	-11.407	3.463	2.883
640	-11.407	3.463	2.873
607	-11.382	2.588	2.872
1085	-11.120	2.600	2.261
808	-11.046	3.408	1.644
864	-11.041	3.408	2.247
840	-11.038	3.408	2.557
1098	-10.922	3.450	12.271
1063	-10.879	3.410	12.271
680	-10.863	2.557	12.261
664	-10.552	2.564	11.549
814	-7.930	3.502	2.272
1034	-7.922	3.496	1.379
974	-7.917	3.494	7.769
1009	-7.895	3.472	2.261
867	-7.890	3.470	2.263
1021	-7.797	3.474	9.883
710	-7.793	3.447	2.554
799	-7.792	3.447	2.019
832	-7.792	3.447	2.557
1008	-7.785	3.445	3.721
1184	-7.737	2.372	1.644
1150	-7.723	2.372	1.067
1132	-7.704	2.372	1.655
1208	-7.699	2.374	3.738
1186	-7.644	2.374	2.218
1181	-7.635	2.376	2.247
1129	-7.582	2.375	11.282
1105	-7.580	2.375	9.800
1108	-7.580	2.375	11.604
1204	-7.580	2.375	11.621
1133	-7.513	2.378	11.768
1076	-7.492	2.379	8.485
1207	-7.439	2.371	8.939
1166	-7.438	2.371	11.919
1155	-7.435	2.370	9.087
1135	-7.426	2.371	9.048
428	-7.415	2.367	30.269
429	-7.415	2.367	30.269
1104	-7.406	2.380	9.652
368	-7.377	2.367	9.669
434	-7.377	2.367	9.660
447	-7.377	2.367	9.651
353	-7.376	2.367	9.654
379	-7.374	2.367	30.255
407	-7.374	2.367	9.266
1158	-7.355	2.376	9.264
1188	-7.352	2.376	8.653
276	-7.304	2.368	9.245
289	-7.301	2.368	9.255
489	-7.298	2.368	9.439
557	-7.298	2.368	11.006
569	-7.298	2.368	11.097
521	-7.289	2.368	11.553
475	-7.289	2.368	11.044
1171	-7.288	2.380	9.316
547	-7.287	2.368	9.316
755	-7.277	2.381	9.316
749	-7.276	2.381	30.420
1126	-7.232	2.379	12.053
1134	-7.132	2.383	12.080
994	-6.559	2.583	8.812
1202	-6.050	2.970	7.586
1140	-6.045	2.970	2.291
1142	-6.045	2.970	11.057
1074	-5.892	2.966	5.755
935	-4.328	3.831	1.573
954	-3.856	3.887	9.807
