1242	-8.812	0.000	1.381
1393	-8.796	0.002	5.755
1392	-8.451	0.056	2.270
1372	-8.451	0.056	5.463
1217	-7.238	1.597	9.248
1327	-7.201	1.601	11.655
1403	-7.021	3.316	11.528
1397	-5.946	2.514	2.028
1390	-5.886	2.541	6.321
1286	-5.860	2.532	2.294
1379	-5.848	2.039	2.270
1232	-5.831	2.485	5.461
1235	-5.831	2.485	5.760
1238	-5.831	2.485	2.008
1239	-5.831	2.485	6.423
1312	-5.822	2.485	6.417
1329	-5.812	2.486	7.769
1215	-5.808	2.486	7.881
1209	-5.807	2.486	2.261
1213	-5.797	2.486	5.520
1214	-5.797	2.486	5.507
1216	-5.797	2.486	5.514
1220	-3.133	3.738	9.033
