1648	-9.560	0.000	12.123
1544	-9.557	0.007	12.121
1545	-9.557	0.007	10.731
1546	-9.557	0.007	2.719
1547	-9.557	0.007	9.858
1583	-9.557	0.007	7.617
1584	-9.557	0.007	9.800
1585	-9.557	0.007	10.723
1586	-9.557	0.007	9.789
1629	-9.389	0.115	1.831
1630	-9.389	0.115	11.566
1631	-9.389	0.115	11.566
1647	-9.389	0.115	10.565
1649	-9.389	0.115	9.864
1664	-9.389	0.115	10.830
1552	-9.385	0.107	10.596
1572	-9.385	0.107	10.788
1573	-9.385	0.107	10.828
1574	-9.385	0.107	10.838
1575	-9.385	0.107	10.602
1577	-9.385	0.107	11.986
1587	-9.385	0.107	10.667
1588	-9.385	0.107	10.553
1611	-9.385	0.107	12.076
1612	-9.385	0.107	3.499
1463	-9.383	0.109	5.356
1464	-9.383	0.109	3.474
1465	-9.383	0.109	4.267
1466	-9.383	0.109	1.845
1467	-9.383	0.109	10.818
1468	-9.383	0.109	10.821
1469	-9.383	0.109	10.821
1470	-9.383	0.109	10.821
1471	-9.383	0.109	10.820
1472	-9.383	0.109	10.820
1515	-9.383	0.109	10.682
1519	-9.383	0.109	10.682
1520	-9.383	0.109	10.351
1521	-9.383	0.109	10.727
1522	-9.383	0.109	10.956
1523	-9.383	0.109	10.964
1524	-9.383	0.109	10.356
1525	-9.383	0.109	9.280
1526	-9.383	0.109	9.205
1576	-9.274	0.991	24.900
1617	-9.263	0.149	24.900
1618	-9.263	0.149	24.900
1619	-9.263	0.149	9.211
1620	-9.263	0.149	9.210
1621	-9.263	0.149	9.214
1622	-9.263	0.149	24.778
1623	-9.263	0.149	9.016
1650	-9.263	0.149	8.798
1651	-9.263	0.149	24.797
1652	-9.263	0.149	24.797
1653	-9.263	0.149	9.038
1654	-9.263	0.149	9.013
1655	-9.263	0.149	9.061
1656	-9.263	0.149	9.055
1657	-9.263	0.149	9.057
1658	-9.263	0.149	24.801
1660	-9.263	0.149	24.802
1661	-9.263	0.149	24.850
1663	-9.263	0.149	24.850
1665	-9.263	0.149	24.851
1667	-9.263	0.149	6.705
1553	-9.260	0.140	6.711
1564	-9.260	0.140	6.724
1580	-9.260	0.140	6.730
1581	-9.260	0.140	6.846
1589	-9.260	0.140	6.944
1590	-9.260	0.140	10.339
1591	-9.260	0.140	10.338
1592	-9.260	0.140	11.035
1593	-9.260	0.140	11.086
1594	-9.260	0.140	9.379
1595	-9.260	0.140	10.062
1596	-9.260	0.140	25.178
1597	-9.260	0.140	10.070
1601	-9.260	0.140	25.179
1478	-9.257	0.142	10.065
1485	-9.257	0.142	25.180
1488	-9.257	0.142	11.110
1491	-9.257	0.142	10.937
1527	-9.257	0.142	11.104
1528	-9.257	0.142	11.103
1452	-9.255	0.142	11.103
1455	-9.255	0.142	11.105
1613	-9.232	1.044	10.702
1614	-9.232	1.044	10.701
1615	-9.232	1.044	10.701
1616	-9.232	1.044	10.698
1624	-9.196	1.015	11.111
1625	-9.196	1.015	10.698
1626	-9.196	1.015	11.114
1627	-9.196	1.015	11.116
1628	-9.196	1.015	11.115
1632	-9.196	1.015	11.115
1633	-9.196	1.015	11.115
1634	-9.196	1.015	11.113
1635	-9.196	1.015	11.114
1636	-9.196	1.015	11.113
1637	-9.196	1.015	10.163
1638	-9.196	1.015	6.476
1639	-9.196	1.015	6.420
1640	-9.196	1.015	26.213
1659	-9.196	1.015	6.271
1666	-9.196	1.015	6.431
1548	-9.185	1.011	6.310
1549	-9.185	1.011	6.312
1550	-9.185	1.011	6.801
1551	-9.185	1.011	6.978
1560	-9.185	1.011	6.279
1561	-9.185	1.011	9.127
1562	-9.185	1.011	9.127
1563	-9.185	1.011	9.127
1565	-9.185	1.011	9.127
1566	-9.185	1.011	6.279
1567	-9.185	1.011	6.956
1568	-9.185	1.011	9.108
1569	-9.185	1.011	6.967
1570	-9.185	1.011	6.251
1571	-9.185	1.011	5.979
1578	-9.185	1.011	6.024
1579	-9.185	1.011	8.825
1582	-9.185	1.011	7.441
1473	-9.183	1.011	8.064
1474	-9.183	1.011	9.824
1475	-9.183	1.011	11.925
1476	-9.183	1.011	8.086
1477	-9.183	1.011	8.086
1479	-9.183	1.011	12.043
1480	-9.183	1.011	8.125
1481	-9.183	1.011	12.040
1482	-9.183	1.011	12.050
1483	-9.183	1.011	8.156
1484	-9.183	1.011	11.844
1486	-9.183	1.011	11.971
1487	-9.183	1.011	12.047
1489	-9.183	1.011	12.047
1490	-9.183	1.011	12.047
1492	-9.183	1.011	12.047
1493	-9.183	1.011	12.047
1494	-9.183	1.011	11.103
1495	-9.183	1.011	9.901
1496	-9.183	1.011	9.895
1497	-9.183	1.011	12.037
1498	-9.183	1.011	11.882
1499	-9.183	1.011	11.123
1500	-9.183	1.011	11.595
1501	-9.183	1.011	11.791
1502	-9.183	1.011	11.583
1503	-9.183	1.011	12.172
1504	-9.183	1.011	11.357
1505	-9.183	1.011	11.596
1516	-9.183	1.011	10.936
1517	-9.183	1.011	11.340
1518	-9.183	1.011	11.117
1529	-9.183	1.011	11.332
1530	-9.183	1.011	11.332
1531	-9.183	1.011	11.114
1532	-9.183	1.011	11.590
1533	-9.183	1.011	11.931
1534	-9.183	1.011	11.636
1535	-9.183	1.011	11.240
1536	-9.183	1.011	8.393
1537	-9.183	1.011	11.220
1538	-9.183	1.011	8.362
1539	-9.183	1.011	11.216
1540	-9.183	1.011	11.215
1541	-9.183	1.011	11.744
1542	-9.183	1.011	11.732
1543	-9.183	1.011	11.347
1437	-9.181	1.011	7.216
1438	-9.181	1.011	10.850
1439	-9.181	1.011	9.151
1440	-9.181	1.011	10.818
1441	-9.181	1.011	11.225
1442	-9.181	1.011	10.810
1443	-9.181	1.011	11.222
1444	-9.181	1.011	11.523
1445	-9.181	1.011	11.524
1446	-9.181	1.011	11.384
1447	-9.181	1.011	10.837
1448	-9.181	1.011	11.525
1449	-9.181	1.011	11.369
1450	-9.181	1.011	11.368
1451	-9.181	1.011	11.276
1453	-9.181	1.011	11.279
1454	-9.181	1.011	10.974
1456	-9.181	1.011	6.005
1457	-9.181	1.011	11.156
1458	-9.181	1.011	10.909
1459	-9.181	1.011	11.031
1460	-9.181	1.011	0.042
1461	-9.181	1.011	6.012
1462	-9.181	1.011	6.365
1641	-9.081	0.096	6.293
1642	-9.081	0.096	2.315
1643	-9.081	0.096	10.818
1644	-9.081	0.096	10.821
1645	-9.081	0.096	10.820
1646	-9.081	0.096	10.820
1662	-9.052	0.794	10.819
1554	-9.048	0.801	10.820
1555	-9.048	0.801	10.826
1556	-9.048	0.801	10.825
1557	-9.048	0.801	10.351
1558	-9.048	0.802	10.727
1559	-9.048	0.801	10.955
1598	-9.048	0.802	10.955
1599	-9.048	0.802	10.355
1600	-9.048	0.802	9.280
1602	-9.048	0.801	9.214
1603	-9.048	0.802	24.899
1604	-9.048	0.802	24.899
1605	-9.048	0.802	24.900
1606	-9.048	0.802	9.211
1607	-9.048	0.801	9.211
1608	-9.048	0.801	9.214
1609	-9.048	0.802	8.795
1610	-9.048	0.801	9.015
1506	-9.045	0.801	9.009
1507	-9.045	0.801	8.798
1508	-9.045	0.801	24.797
1509	-9.045	0.801	8.867
1510	-9.045	0.801	0.000
1511	-9.045	0.801	9.013
1512	-9.045	0.801	9.055
1513	-9.045	0.801	9.056
1514	-9.045	0.801	24.801
