1695	-5.191	0.000	11.108
1696	-5.191	0.000	10.706
1697	-5.191	0.000	10.706
1698	-5.191	0.000	11.112
1699	-5.191	0.000	10.702
1700	-5.191	0.000	10.702
1701	-5.191	0.000	10.703
1702	-5.191	0.000	11.110
1703	-5.191	0.000	11.110
1704	-5.191	0.000	11.119
1705	-5.191	0.000	11.119
1706	-5.191	0.000	10.738
1707	-5.191	0.000	10.167
1708	-5.191	0.000	11.117
1709	-5.191	0.000	10.165
1710	-5.191	0.000	10.167
1711	-5.191	0.000	10.814
1712	-5.191	0.000	6.480
1713	-5.191	0.000	26.216
1714	-5.191	0.000	6.270
1715	-5.191	0.000	6.311
1716	-5.191	0.000	6.381
1717	-5.191	0.000	6.378
1718	-5.191	0.000	9.128
1719	-5.191	0.000	9.128
1720	-5.191	0.000	6.982
1721	-5.191	0.000	9.129
1734	-5.191	0.000	9.129
1748	-5.191	0.000	9.129
1749	-5.191	0.000	9.129
1750	-5.191	0.000	9.129
1751	-5.191	0.000	6.959
1752	-5.191	0.000	6.260
1753	-5.191	0.000	6.817
1754	-5.191	0.000	6.252
1755	-5.191	0.000	5.975
1756	-5.191	0.000	5.981
1757	-5.191	0.000	9.512
1758	-5.191	0.000	8.827
1759	-5.191	0.000	8.065
1760	-5.191	0.000	9.825
1774	-5.191	0.000	8.075
1673	-5.120	0.033	8.087
1735	-5.120	0.032	8.088
1736	-5.120	0.033	7.525
1737	-5.120	0.032	8.126
1738	-5.120	0.033	12.043
1761	-5.120	0.033	12.053
1762	-5.120	0.032	8.157
1763	-5.120	0.033	11.846
1764	-5.120	0.033	11.846
1765	-5.120	0.033	12.050
1766	-5.120	0.033	12.050
1767	-5.120	0.032	12.049
1768	-5.120	0.033	12.049
1769	-5.120	0.033	12.049
1770	-5.120	0.033	12.032
1775	-5.120	0.032	9.902
1776	-5.120	0.032	9.897
1777	-5.120	0.033	9.897
1778	-5.120	0.033	11.597
1779	-5.120	0.032	9.711
1780	-5.120	0.032	11.128
1781	-5.120	0.033	11.794
1782	-5.120	0.032	11.814
1783	-5.120	0.032	12.175
1784	-5.120	0.033	11.359
1785	-5.120	0.033	10.937
1786	-5.120	0.033	10.939
1787	-5.120	0.033	10.938
1788	-5.120	0.032	11.342
1789	-5.120	0.033	12.133
1790	-5.120	0.032	11.586
1791	-5.120	0.033	11.245
1792	-5.120	0.033	11.590
1793	-5.120	0.033	11.319
1794	-5.120	0.033	11.314
1795	-5.120	0.033	11.242
1796	-5.120	0.033	10.929
1799	-5.120	0.032	8.394
1800	-5.120	0.033	8.102
1801	-5.120	0.032	11.219
1802	-5.120	0.032	11.217
1803	-5.120	0.032	11.747
1806	-5.120	0.033	11.736
1807	-5.120	0.032	11.201
1808	-5.120	0.033	7.224
1809	-5.120	0.032	10.852
1810	-5.120	0.033	6.174
1811	-5.120	0.033	10.821
1812	-5.120	0.033	11.227
1813	-5.120	0.032	11.398
1814	-5.120	0.033	11.224
1815	-5.120	0.033	11.526
1816	-5.120	0.033	11.526
1817	-5.120	0.033	11.135
1818	-5.120	0.033	10.765
1819	-5.120	0.033	11.077
1820	-5.120	0.033	11.528
1668	-5.025	0.210	11.371
1669	-5.025	0.210	11.279
1670	-5.025	0.210	11.281
1671	-5.025	0.210	11.281
1672	-5.025	0.210	6.138
1674	-5.021	0.213	6.165
1675	-5.021	0.213	10.852
1676	-5.021	0.213	11.060
1677	-5.021	0.213	5.859
1678	-5.021	0.213	5.356
1679	-5.021	0.213	6.380
1680	-5.021	0.213	6.296
1681	-5.021	0.213	6.276
1682	-5.021	0.213	2.854
1683	-5.021	0.213	10.825
1684	-5.021	0.213	10.824
1685	-5.021	0.213	10.824
1686	-5.021	0.213	10.823
1687	-5.021	0.213	10.823
1688	-5.021	0.213	10.686
1689	-5.021	0.213	10.686
1690	-5.021	0.213	10.885
1691	-5.021	0.213	10.731
1692	-5.021	0.213	10.959
1693	-5.021	0.213	10.959
1694	-5.021	0.213	10.809
1722	-5.021	0.213	9.285
1723	-5.021	0.213	9.209
1724	-5.021	0.213	24.902
1725	-5.021	0.213	24.902
1726	-5.021	0.213	9.554
1727	-5.021	0.213	9.216
1728	-5.021	0.213	9.215
1729	-5.021	0.213	9.557
1730	-5.021	0.213	11.329
1731	-5.021	0.213	8.841
1732	-5.021	0.213	8.833
1733	-5.021	0.213	24.800
1739	-5.021	0.213	24.799
1740	-5.021	0.213	8.844
1741	-5.021	0.213	9.018
1742	-5.021	0.213	9.065
1743	-5.021	0.213	9.016
1744	-5.021	0.213	9.062
1745	-5.021	0.213	9.047
1746	-5.021	0.213	9.024
1747	-5.021	0.213	9.027
1771	-5.021	0.213	24.852
1772	-5.021	0.213	6.702
1773	-5.021	0.213	6.709
1797	-5.021	0.213	6.713
1798	-5.021	0.213	6.716
1805	-5.021	0.213	6.730
1804	-4.953	0.208	6.817
