174	-12.806	0.000	21.961
2	-12.787	0.001	21.961
5	-12.787	0.001	21.961
18	-12.786	0.001	21.961
53	-12.786	0.000	21.961
65	-12.785	0.001	21.961
67	-12.785	0.001	21.961
136	-12.679	0.018	21.961
164	-12.679	0.018	21.961
101	-12.678	0.018	21.961
215	-12.678	0.018	21.961
352	-12.671	0.018	21.961
316	-12.671	0.018	21.961
474	-12.671	0.018	21.955
43	-12.658	0.018	21.955
8	-12.619	0.015	21.955
455	-12.516	0.198	0.008
161	-12.267	0.015	0.953
27	-12.251	0.015	0.953
59	-12.250	0.018	0.953
483	-12.199	0.016	0.809
135	-12.129	0.029	29.176
238	-12.110	0.030	29.176
89	-12.108	0.030	29.176
82	-12.106	0.030	15.015
422	-12.101	0.030	15.015
7	-12.100	0.030	15.015
70	-12.095	0.030	15.015
49	-12.092	0.030	15.015
57	-12.089	0.030	15.021
41	-12.080	0.021	15.021
64	-12.080	0.021	15.009
15	-12.079	0.021	15.009
17	-12.079	0.031	15.008
210	-12.073	0.032	15.009
162	-12.073	0.032	15.008
268	-12.060	0.032	15.008
19	-12.017	0.093	15.009
11	-12.001	0.032	15.014
3	-11.995	0.031	15.014
242	-11.982	0.029	15.014
199	-11.964	0.020	15.014
207	-11.963	0.020	15.029
90	-11.963	0.020	15.029
88	-11.963	0.021	15.029
77	-11.959	0.020	15.029
393	-11.954	0.020	15.029
71	-11.949	0.020	15.029
36	-11.944	0.020	19.122
35	-11.944	0.020	19.122
28	-11.939	0.020	19.122
1	-11.916	0.035	19.138
201	-11.724	0.041	20.007
170	-11.724	0.041	20.006
80	-11.720	0.041	20.005
175	-11.718	0.042	20.005
189	-11.608	0.053	20.005
169	-11.536	0.036	20.486
146	-11.535	0.036	20.486
167	-11.525	0.048	20.486
383	-11.516	0.036	22.827
98	-11.507	0.038	22.827
58	-11.505	0.029	22.828
144	-11.504	0.045	22.828
10	-11.463	0.138	23.296
33	-11.441	0.160	23.304
74	-10.739	1.155	0.000
106	-10.739	1.155	0.008
311	-10.739	0.959	0.007
31	-10.729	1.075	0.007
1578	-10.717	0.124	0.053
128	-10.629	1.147	0.047
20	-10.615	1.159	0.048
29	-10.611	1.147	0.958
345	-10.608	1.148	0.953
32	-10.608	1.147	0.953
176	-10.487	1.142	0.954
23	-10.479	1.142	0.954
373	-10.463	0.211	0.809
364	-10.204	1.141	15.021
453	-10.136	1.204	15.009
445	-10.136	1.209	15.009
1501	-9.928	1.573	15.009
320	-8.492	3.088	21.699
83	-8.287	2.894	0.810
377	-8.275	2.895	29.176
287	-8.272	2.894	29.176
75	-8.210	2.081	15.008
255	-8.204	2.902	15.008
72	-8.203	2.081	15.008
34	-8.201	2.081	15.008
193	-8.189	2.039	15.008
105	-8.188	2.039	15.009
300	-8.182	2.039	15.014
4	-8.177	2.039	15.014
104	-8.146	2.919	19.090
110	-8.146	2.919	19.090
226	-8.138	2.047	19.090
380	-8.132	2.919	19.090
9	-8.130	2.047	20.007
14	-8.128	2.048	19.101
47	-8.127	2.919	20.008
272	-8.116	3.174	20.388
121	-8.088	2.911	20.486
191	-8.088	2.911	20.486
192	-8.088	2.911	20.486
137	-8.088	2.912	22.827
102	-8.087	2.912	22.827
382	-8.075	2.912	22.829
405	-8.075	2.912	22.828
392	-8.074	2.912	22.828
51	-8.070	2.912	23.296
13	-8.069	2.912	23.296
40	-8.069	2.912	23.296
196	-8.041	3.196	23.310
166	-8.034	2.056	23.310
224	-8.034	2.056	23.310
139	-8.033	2.056	23.310
150	-8.033	2.056	23.310
180	-8.032	2.056	23.310
183	-8.032	2.056	23.308
217	-8.032	2.056	23.307
273	-8.028	2.055	23.308
447	-8.027	2.056	23.308
284	-8.026	3.193	23.310
277	-8.025	3.196	23.141
63	-8.024	2.056	23.638
66	-8.023	2.056	21.961
114	-7.895	3.148	0.953
143	-7.841	3.113	29.176
12	-7.800	2.950	15.015
163	-7.779	2.029	15.009
21	-7.772	2.029	15.009
22	-7.772	2.029	15.009
337	-7.560	2.030	20.007
87	-7.549	1.818	20.006
120	-7.541	1.818	20.005
236	-7.537	3.002	20.005
397	-7.532	2.247	20.005
222	-7.531	3.007	20.388
55	-7.524	1.819	20.388
178	-7.513	2.961	20.485
424	-7.512	3.171	20.486
309	-7.509	3.026	20.486
293	-7.507	3.009	20.486
301	-7.506	3.009	20.397
283	-7.506	3.016	22.827
303	-7.504	3.006	22.827
243	-7.503	2.977	22.827
265	-7.502	2.961	22.827
290	-7.501	2.984	22.827
60	-7.500	2.988	22.828
286	-7.499	2.965	22.828
444	-7.498	2.964	20.451
336	-7.497	2.960	23.296
433	-7.497	2.963	23.296
158	-7.494	1.808	20.740
123	-7.493	1.808	20.741
78	-7.492	1.808	20.741
358	-7.430	2.957	23.308
489	-7.348	2.965	23.310
254	-7.347	2.961	23.310
187	-7.329	1.821	23.310
198	-7.327	1.821	23.310
109	-7.320	1.822	23.310
184	-7.308	1.823	23.310
30	-7.301	1.823	23.310
44	-7.300	1.822	23.308
86	-7.300	1.800	23.307
367	-7.300	1.800	23.307
340	-7.299	1.800	23.307
37	-7.291	1.800	23.307
24	-7.291	1.800	23.310
439	-7.245	1.801	23.681
1521	-7.222	1.802	21.955
1287	-7.026	1.842	0.953
1315	-7.026	1.842	0.953
507	-7.010	2.991	15.015
471	-7.005	2.989	15.015
46	-6.889	1.798	19.138
260	-6.868	3.476	19.090
216	-6.751	3.510	21.964
1574	-6.739	1.801	21.964
227	-6.705	3.369	21.964
230	-6.704	3.369	21.964
115	-6.692	3.143	21.964
159	-6.691	3.143	21.964
231	-6.691	3.143	21.958
250	-6.686	3.143	21.958
329	-6.685	3.143	21.957
332	-6.685	3.143	21.673
356	-6.654	3.445	21.665
348	-6.599	3.391	29.182
361	-6.599	3.391	29.182
181	-6.586	3.160	29.182
387	-6.464	3.376	15.023
179	-6.456	3.454	19.125
285	-6.349	3.401	22.831
206	-6.280	1.807	23.313
473	-6.215	3.455	23.312
365	-6.214	3.455	23.312
467	-6.214	3.454	23.312
463	-6.213	3.455	23.312
431	-6.212	3.454	23.315
398	-6.212	3.455	23.313
388	-6.212	3.455	23.313
280	-6.188	2.494	23.146
205	-6.173	3.412	23.146
460	-6.113	3.467	21.964
501	-6.107	3.389	21.964
399	-6.106	3.389	21.964
325	-6.106	3.389	21.964
396	-6.101	3.389	21.964
509	-6.019	3.385	21.964
510	-6.019	3.385	21.964
511	-6.019	3.385	21.964
413	-6.018	3.385	21.964
441	-6.017	3.385	21.964
477	-6.017	3.385	21.958
449	-6.015	3.385	21.958
390	-6.015	3.385	21.958
446	-6.015	3.385	21.957
462	-6.015	3.385	21.957
357	-6.001	3.465	21.701
488	-5.980	3.484	21.701
506	-5.936	3.477	0.000
347	-5.934	3.477	0.002
427	-5.930	3.477	0.059
1474	-5.902	1.722	0.053
481	-5.899	3.479	0.963
38	-5.875	2.763	0.963
54	-5.875	2.763	0.959
432	-5.874	2.763	0.958
1637	-5.836	2.761	0.958
1566	-5.836	2.762	0.958
1595	-5.832	2.762	0.958
1642	-5.716	2.756	0.959
1475	-5.709	2.756	0.959
297	-5.654	3.405	0.809
408	-5.652	3.405	29.182
466	-5.652	3.405	29.182
349	-5.650	3.405	29.182
354	-5.649	3.406	29.182
355	-5.649	3.406	29.182
464	-5.649	3.406	29.182
1470	-5.643	2.244	29.182
1571	-5.641	2.712	29.182
469	-5.630	2.839	15.010
412	-5.617	2.842	15.010
333	-5.616	2.842	15.010
366	-5.616	2.842	15.010
394	-5.613	2.842	15.010
450	-5.601	3.195	15.015
475	-5.509	3.293	15.004
363	-5.448	2.830	15.023
401	-5.430	3.189	19.125
490	-5.408	3.814	19.125
1589	-5.169	2.984	19.092
1555	-5.053	2.802	20.010
494	-4.808	3.838	20.489
