946	-10.690	0.000	0.053
774	-10.238	0.078	15.015
835	-10.235	0.076	15.015
688	-10.227	0.078	15.015
915	-9.899	0.288	15.009
927	-9.884	0.072	15.014
958	-9.878	0.072	15.014
832	-9.769	0.083	19.122
944	-9.763	0.083	19.138
779	-9.595	0.102	20.486
805	-9.594	2.286	22.827
735	-9.594	0.101	22.827
971	-9.593	0.101	22.827
517	-9.592	0.105	22.827
540	-9.592	0.105	22.829
566	-9.592	0.105	22.828
809	-9.589	0.103	22.828
763	-9.587	0.103	22.828
689	-9.582	0.103	23.296
639	-9.579	0.103	23.296
582	-9.569	0.108	20.740
595	-9.569	0.108	23.305
622	-9.568	0.108	23.308
637	-9.568	0.108	23.308
772	-9.412	0.113	23.307
791	-9.412	0.113	23.149
839	-9.412	0.113	23.310
745	-9.412	0.113	23.308
802	-9.411	0.113	23.308
868	-9.411	0.113	23.310
710	-9.389	0.116	23.310
643	-9.388	0.116	23.141
596	-9.388	0.117	23.152
863	-9.363	2.289	21.961
750	-9.358	2.289	21.961
877	-9.356	2.289	21.961
880	-9.355	2.289	21.961
984	-9.351	2.289	21.961
568	-9.296	0.124	21.955
933	-9.263	2.294	21.698
931	-9.262	2.294	21.698
760	-9.258	2.285	21.698
584	-9.232	2.286	0.070
744	-9.168	2.295	15.029
644	-9.151	2.295	19.138
761	-9.121	2.293	20.007
764	-9.121	2.293	20.007
768	-9.121	2.293	20.007
827	-9.121	2.293	20.007
834	-9.121	2.293	20.006
853	-9.121	2.293	20.006
903	-9.121	2.293	20.005
783	-9.120	2.293	20.005
869	-9.120	2.293	20.005
977	-9.120	2.293	20.388
561	-9.118	2.293	20.485
567	-9.118	2.293	20.485
569	-9.118	2.293	20.486
535	-9.118	2.293	20.486
588	-9.098	0.145	22.828
611	-9.095	2.294	20.451
676	-9.095	2.294	23.296
706	-9.095	2.294	23.296
617	-9.095	2.294	20.740
625	-9.094	2.294	20.740
661	-9.094	2.294	23.304
560	-8.934	2.299	23.149
837	-8.688	1.698	21.961
713	-8.598	1.531	21.961
925	-8.580	1.721	21.961
651	-8.565	1.722	21.961
630	-8.564	1.722	21.961
1619	-8.561	1.529	21.961
1654	-8.561	1.532	21.961
541	-8.529	1.717	21.961
549	-8.529	1.717	21.961
983	-8.529	1.717	21.961
857	-8.529	1.717	21.961
866	-8.529	1.717	21.961
781	-8.529	1.714	21.961
623	-8.503	1.719	21.961
650	-8.503	1.719	21.955
683	-8.503	1.719	21.955
702	-8.503	1.718	21.955
691	-8.503	1.721	21.954
790	-8.481	1.534	21.698
522	-8.480	1.533	21.698
523	-8.480	1.534	21.698
573	-8.479	1.534	21.698
547	-8.477	1.534	0.122
663	-8.476	1.534	0.008
591	-8.476	1.534	0.007
642	-8.475	1.534	0.007
786	-8.118	2.256	20.005
709	-8.109	2.257	20.486
695	-8.071	1.566	22.828
746	-8.026	1.569	23.310
823	-8.025	1.569	23.149
852	-8.025	1.570	23.638
550	-8.024	1.569	23.681
565	-8.024	1.569	23.971
572	-8.024	1.569	21.956
707	-8.021	1.570	21.961
602	-8.020	1.570	21.961
577	-8.018	1.570	21.961
668	-8.017	1.570	21.961
604	-8.017	1.570	21.961
539	-7.836	1.595	29.176
600	-7.826	1.596	29.176
608	-7.826	1.596	29.176
801	-7.798	1.583	15.015
563	-7.797	1.583	15.015
613	-7.787	1.584	15.021
685	-7.787	1.584	15.008
784	-7.728	3.721	15.014
696	-7.726	3.715	15.029
1539	-7.695	3.720	15.029
728	-7.690	3.725	15.029
836	-7.690	3.727	15.029
516	-7.657	3.725	19.138
531	-7.657	3.731	19.138
515	-7.657	3.732	19.138
528	-7.654	3.715	19.138
887	-7.637	3.719	19.138
1652	-7.513	3.874	20.486
992	-7.290	3.919	23.308
968	-7.262	3.391	23.141
828	-7.262	3.392	23.625
660	-7.258	3.391	23.638
624	-7.255	3.390	23.637
645	-7.217	3.389	21.961
952	-7.190	3.518	21.961
965	-7.174	3.474	21.961
876	-7.163	2.460	21.961
758	-7.163	2.455	21.961
788	-7.163	2.448	21.961
747	-7.163	2.435	21.961
954	-7.161	2.449	21.961
951	-7.154	3.480	21.961
601	-7.128	2.450	21.961
748	-7.115	2.620	21.961
634	-7.073	2.498	21.961
599	-7.072	2.494	21.961
998	-7.062	1.775	21.955
864	-7.049	2.976	21.955
883	-7.043	3.371	21.954
730	-7.042	2.723	21.954
875	-7.042	2.728	21.671
782	-7.042	2.731	21.699
821	-7.042	3.372	21.699
871	-7.041	3.373	21.698
907	-7.040	2.716	21.698
969	-7.040	2.726	21.698
995	-7.040	2.732	21.698
959	-7.040	2.733	21.698
928	-7.040	3.372	0.122
708	-7.039	2.731	0.008
785	-7.038	3.374	0.007
862	-7.038	3.372	0.007
948	-7.038	3.372	0.053
978	-7.038	3.373	0.053
917	-7.037	3.374	0.047
941	-7.037	3.373	0.048
847	-7.032	2.774	0.958
792	-7.026	3.373	0.953
885	-7.026	3.374	0.953
843	-7.025	3.376	0.953
659	-7.023	3.374	0.954
814	-7.023	3.375	0.809
975	-7.022	3.374	0.809
753	-6.968	2.997	15.008
967	-6.962	3.434	15.008
754	-6.943	3.140	15.009
724	-6.943	3.230	15.009
799	-6.942	3.228	15.008
962	-6.942	3.232	15.009
818	-6.941	3.231	15.008
1649	-6.939	3.065	15.009
895	-6.939	3.230	15.014
769	-6.920	3.058	15.014
904	-6.920	3.061	15.021
924	-6.919	3.056	15.029
694	-6.919	3.056	15.029
570	-6.919	3.053	15.029
675	-6.918	3.056	15.029
845	-6.914	3.131	15.029
989	-6.903	3.307	19.122
616	-6.899	3.133	19.122
947	-6.899	3.059	19.122
919	-6.898	3.056	19.122
920	-6.898	3.058	19.138
672	-6.898	3.056	19.138
908	-6.898	3.059	19.138
859	-6.875	2.722	19.089
913	-6.873	3.285	19.090
964	-6.872	3.285	19.090
813	-6.868	3.285	19.090
697	-6.856	2.725	20.007
794	-6.851	3.287	20.007
729	-6.850	3.287	20.007
846	-6.848	3.448	20.006
934	-6.846	3.448	20.006
926	-6.846	3.448	20.006
929	-6.846	3.448	20.005
991	-6.844	3.288	20.005
815	-6.842	3.448	20.005
798	-6.839	3.056	20.005
797	-6.839	3.058	20.388
973	-6.839	3.423	20.485
741	-6.838	3.130	20.486
742	-6.838	3.130	20.486
740	-6.838	3.129	20.486
825	-6.837	3.130	20.486
803	-6.836	3.130	20.486
848	-6.836	3.130	22.827
889	-6.836	3.130	22.827
912	-6.836	3.130	22.827
795	-6.836	3.130	22.827
822	-6.836	3.130	22.829
921	-6.835	3.434	22.828
556	-6.834	3.130	22.828
530	-6.834	3.130	22.828
555	-6.834	3.130	23.296
667	-6.827	3.130	23.296
679	-6.811	3.129	23.296
711	-6.811	3.129	20.740
686	-6.810	3.129	20.741
632	-6.810	3.129	23.304
638	-6.810	3.129	23.308
665	-6.810	3.128	23.308
597	-6.810	3.128	23.310
652	-6.810	3.128	23.310
654	-6.809	3.128	23.310
647	-6.809	3.127	23.310
732	-6.792	3.442	23.310
546	-6.788	3.127	23.310
1687	-6.778	2.998	23.310
778	-6.775	3.395	23.310
775	-6.775	3.008	23.310
841	-6.774	3.008	23.310
521	-6.772	3.007	23.308
855	-6.772	3.007	23.307
532	-6.771	3.008	23.307
932	-6.771	3.008	23.307
574	-6.771	3.007	23.307
881	-6.770	3.007	23.149
548	-6.769	3.007	23.309
614	-6.767	3.007	23.308
662	-6.766	3.008	23.308
699	-6.765	3.007	23.310
512	-6.765	3.125	23.310
703	-6.764	3.395	23.141
578	-6.764	3.007	23.149
542	-6.764	3.126	23.638
527	-6.764	3.126	23.637
571	-6.763	3.126	23.657
558	-6.763	3.125	23.971
938	-6.759	3.784	21.959
620	-6.758	3.395	21.964
896	-6.755	3.124	21.964
537	-6.752	3.124	21.964
714	-6.742	3.787	21.964
671	-6.741	3.125	21.964
579	-6.740	3.125	21.964
606	-6.740	3.124	21.964
636	-6.739	3.124	21.964
585	-6.731	3.392	21.964
656	-6.729	3.123	21.964
615	-6.729	3.123	21.964
664	-6.729	3.122	21.964
684	-6.729	3.122	21.964
734	-6.725	3.127	21.964
987	-6.718	3.634	21.964
830	-6.690	3.780	21.958
884	-6.629	3.288	0.000
870	-6.628	3.288	0.059
985	-6.610	3.401	0.052
682	-6.604	3.043	0.958
842	-6.604	2.768	0.959
808	-6.604	3.401	0.959
979	-6.603	3.465	0.068
930	-6.603	2.767	0.810
838	-6.601	2.735	0.810
1558	-6.599	3.020	29.182
918	-6.598	2.767	29.182
627	-6.590	2.752	29.182
793	-6.589	3.401	29.182
796	-6.588	3.401	29.182
583	-6.586	2.765	15.010
731	-6.586	3.388	15.010
963	-6.583	3.421	15.010
690	-6.582	3.402	15.015
692	-6.582	3.402	15.015
648	-6.581	3.401	15.004
649	-6.581	3.401	15.003
680	-6.581	3.403	15.003
641	-6.573	3.372	15.004
953	-6.540	2.069	15.004
722	-6.457	3.398	20.839
752	-6.436	3.397	19.125
923	-6.436	3.679	19.125
873	-6.436	3.683	19.141
819	-6.436	3.693	19.141
993	-6.436	3.695	19.141
514	-6.430	3.392	19.141
717	-6.409	3.677	19.141
580	-6.408	3.392	19.094
592	-6.408	3.392	19.094
586	-6.408	3.392	19.094
653	-6.408	3.392	19.094
990	-6.349	2.175	22.831
564	-6.335	3.411	20.454
737	-6.320	3.082	23.301
628	-6.307	3.083	23.307
910	-6.304	3.698	20.744
536	-6.272	3.011	23.315
518	-6.271	3.010	23.315
552	-6.271	3.010	23.315
534	-6.270	3.010	23.315
533	-6.270	3.009	23.315
525	-6.266	3.010	23.315
612	-6.263	3.010	23.315
609	-6.261	3.012	23.315
607	-6.261	3.010	23.315
670	-6.259	3.011	23.315
687	-6.207	3.372	23.313
911	-6.141	3.133	23.630
721	-6.139	3.365	23.642
773	-6.135	3.230	23.642
551	-6.135	3.224	23.686
829	-6.134	3.207	21.958
810	-6.134	3.232	21.959
891	-6.134	3.234	21.964
621	-6.133	3.232	21.668
777	-6.122	3.369	21.964
554	-6.120	3.371	21.964
544	-6.120	3.370	21.964
800	-6.114	3.419	21.964
865	-6.105	3.148	21.964
693	-6.086	3.354	21.964
844	-6.053	3.429	21.964
658	-6.050	3.504	21.964
733	-6.023	3.154	21.964
719	-6.020	3.250	21.964
529	-6.004	3.088	21.673
701	-5.986	3.089	21.701
705	-5.985	3.099	21.701
618	-5.985	3.092	21.701
633	-5.983	3.092	21.701
723	-5.978	3.241	21.701
520	-5.952	3.053	21.700
538	-5.952	3.050	21.700
519	-5.952	3.047	21.700
727	-5.939	3.159	0.113
594	-5.932	3.044	0.002
751	-5.918	3.238	0.059
666	-5.738	3.308	0.958
1525	-5.698	2.290	0.809
766	-5.595	3.528	15.004
1669	-4.919	3.515	20.393
1676	-4.563	3.493	22.831
