1240	-26.949	0.000	0.000
1058	-26.943	0.002	23.373
1072	-26.943	0.002	23.373
1020	-26.943	0.009	23.373
1016	-26.932	0.001	20.768
1002	-26.918	0.002	20.768
1115	-26.808	0.035	23.381
1402	-26.534	0.033	23.384
1378	-26.533	0.033	23.384
1368	-26.515	0.033	23.386
1141	-26.502	0.030	23.387
1107	-26.502	0.030	23.387
1117	-26.502	0.028	23.387
1120	-26.502	0.028	23.387
1140	-26.501	0.030	23.387
1156	-26.501	0.029	23.387
1270	-26.500	0.029	23.387
1275	-26.500	0.029	23.387
1296	-26.500	0.028	23.387
1298	-26.500	0.028	23.387
1288	-26.500	0.027	23.387
1282	-26.500	0.027	23.387
1091	-26.499	0.028	23.384
1101	-26.499	0.028	23.383
1330	-26.499	0.028	23.383
1184	-26.498	0.028	23.383
1161	-26.498	0.027	23.225
1352	-26.498	0.025	23.386
1343	-26.497	0.029	23.384
1250	-26.487	0.028	23.384
1243	-26.487	0.027	23.387
1237	-26.486	0.038	23.387
1214	-26.468	0.027	23.217
1215	-26.468	0.027	23.225
1221	-26.468	0.027	23.701
1042	-26.467	0.030	23.713
1065	-26.465	0.032	23.733
1037	-26.465	0.030	23.757
1078	-26.465	0.030	21.986
1028	-26.465	0.030	21.991
1081	-26.465	0.030	21.991
1039	-26.465	0.030	21.991
1088	-26.465	0.029	21.991
1060	-26.465	0.030	21.991
1024	-26.465	0.029	21.991
1034	-26.464	0.037	21.991
1082	-26.461	0.056	21.991
1006	-26.439	0.031	21.991
1291	-26.365	0.145	21.991
1136	-26.245	1.736	21.991
1110	-26.244	1.736	21.991
1103	-26.241	1.736	21.991
1007	-26.194	1.736	21.991
1371	-25.878	1.742	21.991
1126	-25.864	1.743	21.991
1144	-25.864	1.742	21.991
1149	-25.864	1.742	21.991
1118	-25.864	1.742	21.991
1119	-25.864	1.742	21.991
1122	-25.864	1.742	21.991
1132	-25.864	1.742	21.991
1137	-25.864	1.742	21.991
1263	-25.861	1.742	21.991
1264	-25.861	1.742	21.991
1265	-25.861	1.742	21.991
1266	-25.861	1.742	21.991
1269	-25.861	1.742	21.985
1281	-25.861	1.742	21.985
1284	-25.861	1.742	21.985
1295	-25.861	1.742	21.984
1307	-25.861	1.742	21.695
1317	-25.861	1.742	21.687
1331	-25.860	1.742	21.723
1339	-25.860	1.742	21.723
1348	-25.860	1.742	21.722
1353	-25.860	1.742	21.722
1097	-25.859	1.742	21.722
1099	-25.859	1.742	21.722
1100	-25.859	1.742	21.722
1102	-25.859	1.742	21.722
1104	-25.859	1.742	21.722
1167	-25.859	1.742	0.007
1169	-25.859	1.742	0.122
1177	-25.859	1.742	0.113
1182	-25.859	1.742	0.115
1188	-25.858	1.742	0.996
1191	-25.858	1.742	0.155
1196	-25.858	1.742	0.147
1198	-25.858	1.742	0.147
1244	-25.841	1.741	1.049
1252	-25.841	1.741	1.021
1255	-25.841	1.741	1.016
1027	-25.830	1.743	1.016
1033	-25.830	1.743	1.016
1059	-25.830	1.743	1.016
1073	-25.830	1.743	1.016
1217	-25.816	1.741	1.016
1210	-25.804	1.742	1.016
1202	-25.776	1.743	1.016
1203	-25.776	1.743	0.102
1205	-25.776	1.743	0.802
1116	-25.640	2.122	0.803
1125	-25.640	2.122	29.277
1128	-25.640	2.122	29.277
1096	-25.636	2.122	29.277
1139	-25.588	3.035	29.277
1292	-25.584	3.035	29.277
1297	-25.583	3.035	29.277
1176	-25.583	3.036	29.277
1320	-25.582	3.035	29.277
1328	-25.582	3.035	29.277
1355	-25.582	3.035	14.928
1236	-25.568	3.035	14.928
1242	-25.568	3.035	14.928
1038	-25.559	3.035	14.928
1413	-25.545	2.848	14.934
1001	-25.535	3.035	14.934
1372	-25.499	2.848	14.922
1124	-25.463	2.848	14.922
1154	-25.463	2.848	14.922
1044	-25.455	2.848	14.922
1019	-25.453	2.847	14.922
1022	-25.453	2.847	14.922
1032	-25.453	2.847	14.922
1067	-25.453	2.847	14.922
1074	-25.453	2.847	14.927
1079	-25.453	2.847	14.927
1080	-25.453	2.847	14.927
1257	-25.451	2.848	14.927
1011	-25.441	2.847	14.942
1013	-25.441	2.847	14.942
1004	-25.431	2.848	14.942
1005	-25.431	2.848	14.942
1367	-25.428	1.720	14.942
1272	-25.422	1.721	14.942
1148	-25.421	1.721	14.952
1274	-25.417	1.721	19.178
1180	-25.415	1.721	19.178
1337	-25.414	1.721	19.178
1070	-25.384	1.721	19.178
1051	-25.383	1.721	19.194
1075	-25.382	1.721	19.194
1087	-25.382	1.721	19.194
1231	-25.374	1.720	19.193
1228	-25.373	1.720	19.194
1201	-25.339	1.721	19.147
1151	-25.316	2.137	19.147
1123	-25.196	3.041	19.147
1150	-25.196	3.041	19.147
1098	-25.192	3.041	19.147
1356	-25.191	3.041	20.048
1185	-25.191	3.041	20.048
1200	-25.191	3.041	20.048
1121	-25.168	2.848	20.048
1133	-25.168	2.848	20.048
1143	-25.168	2.848	20.048
1021	-25.167	3.041	20.047
1029	-25.167	3.041	20.047
1186	-25.165	2.848	20.047
1192	-25.165	2.848	20.470
1062	-25.148	2.847	20.470
1054	-25.148	2.847	20.523
1077	-25.148	2.847	20.524
1083	-25.148	2.847	20.524
1227	-25.138	2.847	20.524
1289	-25.021	2.398	20.524
1105	-24.872	3.040	20.479
1129	-24.872	3.040	22.858
1017	-24.848	3.040	22.858
1041	-24.848	3.040	22.858
1147	-24.566	2.688	22.858
1158	-24.566	2.688	22.859
1170	-24.562	2.688	22.859
1071	-24.549	2.688	22.859
1047	-24.548	2.688	20.488
1050	-24.548	2.688	23.373
1085	-24.548	2.688	23.373
1015	-24.529	2.688	23.379
1127	-24.209	2.692	20.768
1138	-24.209	2.692	20.768
1113	-24.209	2.692	23.384
1093	-24.205	2.693	23.384
1094	-24.205	2.693	23.386
1166	-24.204	2.693	23.387
1277	-24.204	2.693	23.387
1197	-24.204	2.692	23.387
1314	-24.204	2.693	23.387
1319	-24.203	2.693	23.387
1245	-24.184	2.692	23.387
1256	-24.184	2.692	23.387
1031	-24.179	2.693	23.387
1035	-24.179	2.693	23.387
1036	-24.179	2.693	23.387
1048	-24.179	2.693	23.387
1052	-24.179	2.693	23.387
1053	-24.179	2.693	23.384
1026	-24.178	2.693	23.383
1030	-24.178	2.693	23.383
1061	-24.178	2.693	23.383
1066	-24.178	2.693	23.383
1212	-24.164	2.692	23.225
1009	-24.159	2.692	23.384
1010	-24.159	2.693	23.384
1012	-24.159	2.692	23.384
1014	-24.159	2.692	23.387
1003	-24.149	2.692	23.217
1160	-22.782	3.810	23.216
1258	-22.780	3.809	23.701
1018	-22.766	3.808	23.714
1045	-22.766	3.808	23.713
1046	-22.766	3.808	23.757
1049	-22.766	3.808	23.022
1304	-18.517	2.877	21.991
1323	-18.462	3.077	21.991
1383	-18.460	2.877	21.985
1430	-18.459	2.877	21.985
1423	-18.459	2.878	21.985
1408	-18.459	2.873	21.985
496	-18.447	2.877	21.695
208	-18.447	2.876	21.723
157	-18.446	2.877	21.723
350	-18.446	2.876	21.723
148	-18.446	2.877	21.722
486	-18.439	2.871	21.722
1406	-18.425	2.881	21.722
1403	-18.423	2.879	21.722
1427	-18.421	2.877	21.722
1411	-18.415	2.880	21.722
1389	-18.398	2.887	0.115
94	-18.380	2.877	0.155
1373	-18.380	2.877	0.147
1362	-18.372	2.880	1.021
237	-18.362	2.878	1.016
1441	-18.360	2.877	1.016
173	-18.360	2.880	1.016
339	-18.353	2.849	1.016
1349	-18.346	2.879	1.016
1340	-18.346	2.879	1.016
1342	-18.346	2.884	0.795
1273	-18.346	2.881	0.803
1181	-18.345	2.879	0.802
1261	-18.344	2.879	29.277
1157	-18.343	2.879	29.277
1345	-18.343	2.879	29.277
1259	-18.343	2.879	29.277
282	-18.343	2.880	29.277
1092	-18.342	2.879	29.277
1095	-18.335	2.879	29.277
1043	-18.332	2.880	29.277
1089	-18.331	2.879	14.928
1063	-18.330	2.879	14.928
1084	-18.330	2.879	14.928
1193	-18.327	2.873	14.928
1086	-18.324	2.879	14.928
1222	-18.320	2.879	14.934
253	-18.318	2.859	14.922
1207	-18.305	2.878	14.922
1442	-18.297	2.842	14.922
1179	-18.261	2.878	14.922
499	-18.205	2.874	14.922
485	-18.184	2.871	14.922
500	-18.109	2.871	14.927
1651	-18.071	2.873	14.934
1579	-18.070	2.873	14.942
1641	-18.069	2.873	14.942
1668	-18.068	2.873	14.942
465	-18.043	2.870	14.942
1647	-18.040	2.869	14.942
1601	-18.028	2.864	14.942
1480	-17.920	2.873	19.194
370	-17.876	2.876	19.194
403	-17.809	2.904	19.145
1173	-17.442	3.165	20.524
1386	-17.434	3.867	22.858
1216	-17.426	3.419	22.858
1225	-17.426	3.419	22.858
1377	-17.420	3.867	22.858
1134	-17.408	3.868	22.858
1213	-17.404	3.420	22.859
1364	-17.402	3.867	22.859
1040	-17.399	3.866	22.859
1064	-17.387	3.867	20.487
1069	-17.386	3.867	23.373
1419	-17.382	3.419	23.373
1431	-17.382	3.419	20.768
1303	-17.370	3.420	20.768
1347	-17.369	3.420	23.381
1199	-17.362	3.420	23.384
1354	-17.362	3.420	23.384
171	-17.362	3.419	23.386
457	-17.362	3.419	23.387
1326	-17.357	3.420	23.387
1468	-17.354	3.419	23.387
1400	-17.353	3.864	23.387
1360	-17.351	3.420	23.387
261	-17.344	3.418	23.387
1425	-17.340	3.864	23.387
1233	-17.292	3.863	23.387
1076	-16.982	3.096	21.991
1410	-16.671	2.874	21.991
430	-15.722	3.341	14.942
263	-14.783	2.944	20.768
1385	-14.230	1.935	23.387
1142	-14.180	1.933	23.387
1146	-14.162	1.933	23.387
1175	-14.151	1.933	23.387
1262	-14.140	1.933	23.387
76	-14.132	1.931	23.387
1452	-14.131	1.933	23.387
341	-14.098	1.933	23.387
1412	-14.095	1.935	23.384
270	-14.087	1.933	23.383
1369	-14.064	1.935	23.383
1421	-14.059	1.935	23.383
1025	-14.037	1.934	23.383
1267	-14.027	1.934	23.225
1248	-14.012	1.934	23.386
1446	-13.997	1.934	23.384
291	-13.991	1.935	23.384
39	-13.934	1.930	23.387
495	-13.913	1.930	23.387
1164	-13.909	0.853	23.216
1605	-13.853	1.928	23.381
468	-13.472	2.447	23.713
1153	-13.339	0.779	23.757
1414	-13.259	2.448	23.996
458	-13.154	2.447	21.956
1260	-13.153	2.448	21.961
1285	-13.151	2.448	21.961
1464	-13.149	2.447	21.961
1327	-13.145	2.448	21.961
1226	-13.144	2.449	21.961
1459	-13.142	2.447	21.961
240	-13.072	2.464	21.961
1308	-12.844	2.452	21.961
1172	-12.832	2.452	21.961
305	-12.720	3.695	21.961
1379	-12.638	3.696	21.955
1332	-12.614	3.696	21.954
1111	-12.612	3.695	21.671
1135	-12.612	3.696	21.663
1187	-12.609	3.695	21.699
1131	-12.604	3.696	21.699
1235	-12.603	3.695	21.698
204	-12.602	3.696	21.698
1247	-12.596	3.696	21.698
1246	-12.596	3.696	21.698
1467	-12.590	3.696	21.698
1219	-12.568	3.692	21.698
1204	-12.560	3.691	21.698
1443	-12.554	3.692	0.122
360	-12.434	2.207	0.047
1429	-12.397	2.210	0.048
1294	-12.310	2.210	0.958
1444	-12.197	2.547	29.176
194	-12.068	2.471	15.009
1434	-11.519	1.867	22.827
1417	-11.451	1.869	0.000
1280	-11.443	2.531	20.741
322	-11.437	2.379	23.309
1469	-11.436	2.476	23.310
1333	-11.270	1.831	23.638
112	-10.582	2.143	0.953
1152	-10.573	2.143	0.953
1329	-10.568	2.143	0.953
52	-10.536	3.851	0.954
1239	-10.449	2.145	0.809
262	-10.448	3.841	0.809
1341	-10.367	3.853	29.176
1346	-10.366	3.855	29.176
1057	-10.352	3.852	29.176
1206	-10.330	3.851	29.176
1520	-10.304	3.875	29.176
1254	-10.277	2.545	29.176
1606	-10.209	3.830	15.021
229	-10.149	3.828	15.008
1518	-10.115	3.827	15.008
1487	-10.062	3.804	15.009
1194	-9.993	2.069	15.009
1168	-9.896	2.066	15.014
1536	-9.875	3.532	15.029
1630	-9.688	3.445	19.090
16	-9.338	2.469	21.961
1268	-9.316	2.984	21.961
197	-9.310	2.976	21.961
62	-9.296	2.467	21.955
56	-9.284	3.018	21.955
1394	-9.279	3.049	21.671
1416	-9.261	3.025	21.698
1391	-9.258	3.027	21.698
451	-9.248	3.013	0.053
218	-9.247	3.023	0.053
479	-9.246	3.043	0.048
328	-9.245	3.017	0.986
1405	-9.242	3.025	0.953
1466	-9.229	3.024	0.810
417	-9.225	3.019	0.809
25	-9.222	3.015	29.176
1335	-9.216	3.033	29.176
1313	-9.214	3.042	29.176
1463	-9.212	3.020	29.176
1361	-9.198	2.895	15.015
1286	-9.196	3.028	15.015
1457	-9.195	3.022	15.015
1300	-9.192	3.025	15.021
1316	-9.192	3.023	15.021
1321	-9.191	3.025	15.009
1451	-9.178	2.984	15.029
1218	-9.169	3.024	15.029
1692	-9.168	3.986	15.029
1224	-9.165	3.024	19.122
1575	-9.151	3.013	19.138
1681	-9.118	3.005	20.486
1600	-9.108	3.010	22.827
1614	-9.107	3.013	22.827
26	-8.996	2.461	23.310
48	-8.995	2.461	23.310
327	-8.971	3.576	23.141
1106	-8.928	3.575	23.625
61	-8.927	3.575	23.638
138	-8.901	2.455	23.637
1358	-8.768	3.533	21.961
239	-8.752	3.534	21.961
1008	-8.623	2.807	21.961
1056	-8.623	2.807	21.961
278	-8.585	3.098	21.961
1165	-8.426	2.813	0.048
1305	-8.425	2.814	0.958
1238	-8.423	2.814	0.958
1657	-8.365	3.244	0.953
368	-8.232	3.486	15.015
1686	-8.116	3.784	20.005
386	-8.003	3.600	21.961
1338	-8.002	3.600	21.961
1230	-8.001	3.600	21.961
131	-8.000	3.600	21.961
1209	-7.995	3.600	21.961
1208	-7.995	3.600	21.961
1223	-7.992	3.600	21.961
1251	-7.992	3.600	21.961
1293	-7.979	3.596	21.961
190	-7.931	3.441	21.663
209	-7.931	3.441	21.699
1155	-7.905	3.582	21.698
1415	-7.905	3.677	21.698
1145	-7.904	3.583	21.698
1422	-7.902	3.677	21.698
1424	-7.901	3.682	21.698
407	-7.900	3.579	21.698
1114	-7.899	3.583	0.122
1174	-7.898	3.582	0.000
1159	-7.898	3.582	0.008
1090	-7.896	3.583	0.007
1162	-7.896	3.583	0.053
1163	-7.896	3.583	0.053
1130	-7.895	3.583	0.047
1387	-7.895	3.683	0.047
1397	-7.895	3.683	0.986
1350	-7.895	3.677	0.958
1351	-7.895	3.677	0.953
1310	-7.894	3.683	0.953
1311	-7.894	3.683	0.953
1325	-7.890	3.683	0.953
1456	-7.890	3.682	0.953
1359	-7.888	3.683	0.954
1302	-7.887	3.683	0.954
1290	-7.880	3.684	0.070
1580	-7.862	3.997	29.176
1183	-7.858	3.951	29.176
292	-7.774	3.564	15.008
323	-7.732	2.831	15.014
1449	-7.726	2.836	15.029
1382	-7.679	3.615	19.122
1366	-7.675	3.616	19.138
1309	-7.580	3.618	19.090
1318	-7.580	3.617	20.010
1450	-7.576	3.618	20.007
1460	-7.576	3.618	20.007
1404	-7.553	3.465	20.007
1363	-7.545	3.472	20.006
369	-7.414	3.422	23.310
442	-7.332	3.678	23.310
103	-7.132	3.799	21.961
251	-7.130	3.803	21.961
221	-7.084	1.637	21.961
498	-6.928	3.548	15.014
1629	-6.695	3.999	21.964
195	-6.586	3.876	15.010
225	-6.583	3.876	15.010
113	-6.581	3.877	15.004
130	-6.322	1.999	23.301
