1826	-17.724	0.000	20.048
1833	-17.724	0.000	20.049
1856	-17.458	1.311	20.047
1865	-17.458	1.311	20.047
1886	-17.458	1.311	20.470
1893	-17.458	1.311	20.522
1895	-17.458	1.311	20.522
1896	-17.458	1.311	20.524
1917	-17.458	1.311	20.524
1919	-17.458	1.311	20.524
1827	-17.245	0.017	23.387
1828	-17.245	0.017	23.387
1830	-17.245	0.017	23.387
1834	-17.245	0.017	23.387
1838	-17.245	0.017	23.384
1841	-17.245	0.017	23.383
1843	-17.245	0.017	23.383
1844	-17.245	0.017	23.383
1845	-17.245	0.017	23.225
1846	-17.245	0.017	23.387
1857	-17.245	0.017	23.384
1858	-17.245	0.017	23.384
1860	-17.245	0.017	23.387
1866	-17.245	0.017	23.387
1876	-17.245	0.017	23.217
1884	-17.245	0.017	23.225
1887	-17.245	0.017	23.701
1890	-17.245	0.017	23.714
1894	-17.245	0.017	23.733
1898	-17.245	0.017	23.757
1899	-17.245	0.017	21.985
1907	-17.245	0.017	21.991
1908	-17.245	0.017	21.991
1912	-17.245	0.017	21.991
1914	-17.245	0.017	21.991
1915	-17.245	0.017	21.991
1920	-17.245	0.017	21.991
1910	-17.245	0.017	21.991
1823	-17.197	1.318	21.991
1885	-15.439	2.792	20.048
1897	-15.439	2.792	20.048
1909	-15.439	2.792	20.048
1903	-15.439	2.792	20.047
1829	-15.278	3.036	22.858
1831	-15.278	3.036	22.858
1864	-15.278	3.036	22.858
1874	-15.278	3.036	22.860
1879	-15.278	3.036	22.859
1861	-14.916	3.772	20.768
1840	-14.587	1.218	23.387
1891	-14.587	1.218	23.387
1900	-14.587	1.218	23.387
1913	-14.587	1.218	23.387
1883	-13.129	2.313	21.961
1871	-12.755	1.793	21.961
1878	-12.755	1.793	21.961
1870	-12.489	3.426	0.007
1889	-12.489	3.426	0.007
1918	-12.489	3.426	0.053
1824	-12.451	3.427	0.053
1832	-12.204	2.307	0.953
1836	-12.204	2.307	0.953
1839	-12.204	2.307	0.953
1852	-12.204	2.307	0.954
1868	-12.204	2.307	0.954
1872	-12.204	2.307	0.070
1882	-12.204	2.307	0.809
1835	-12.160	2.181	29.176
1853	-12.160	2.181	29.176
1875	-12.160	2.181	29.176
1825	-12.127	2.311	29.176
1863	-11.845	2.360	20.006
1888	-11.845	2.360	20.006
1847	-11.602	2.837	20.388
1877	-11.602	2.837	20.485
1892	-11.602	2.837	20.485
1906	-11.521	3.437	20.398
1904	-11.515	3.437	22.827
1855	-11.503	3.048	22.828
1837	-11.503	3.049	20.451
1859	-11.500	3.437	23.296
1842	-10.882	3.452	21.955
1849	-10.882	3.452	21.955
1850	-10.882	3.452	21.955
1869	-10.882	3.452	21.961
1873	-10.882	3.452	21.954
1881	-10.882	3.452	21.663
1901	-10.882	3.452	21.699
1905	-10.882	3.452	21.699
1851	-10.853	3.510	21.698
1867	-10.843	3.074	21.698
1880	-10.843	3.074	21.699
1911	-10.843	3.074	21.698
1916	-10.843	3.074	21.698
1862	-10.744	2.311	21.698
1848	-10.244	3.543	15.015
1854	-9.837	3.476	15.029
