470	-19.647	0.000	12.819
1419	-16.826	1.888	25.316
216	-15.773	2.834	24.982
511	-15.770	2.834	25.818
586	-15.769	2.834	25.807
655	-15.768	2.834	25.807
429	-15.763	2.834	25.807
318	-15.762	2.834	25.806
343	-15.761	2.834	24.727
293	-15.747	2.835	24.729
1114	-15.737	1.911	25.870
1404	-15.693	1.909	25.148
1214	-15.644	2.837	25.143
665	-15.528	2.834	25.310
1427	-15.383	2.830	25.370
1445	-15.347	2.835	23.802
361	-15.274	2.846	23.800
1312	-15.272	2.828	25.927
1253	-15.271	2.828	25.918
1304	-15.270	2.828	25.913
1248	-15.264	2.829	22.543
1231	-15.262	2.829	26.824
1167	-15.226	2.829	22.545
204	-15.216	2.845	24.627
577	-15.212	2.845	22.552
589	-15.211	2.845	22.539
601	-15.211	2.845	22.539
623	-15.210	2.845	29.289
651	-15.209	2.845	24.772
654	-15.209	2.845	24.523
433	-15.203	2.845	24.510
316	-15.202	2.845	29.286
455	-15.202	2.845	3.449
1200	-15.112	2.831	22.600
1189	-15.081	2.832	25.245
1169	-15.081	2.832	25.601
373	-15.001	2.844	22.619
1182	-14.977	2.846	31.667
478	-14.940	2.843	25.682
1497	-14.930	2.828	24.884
1234	-14.925	2.827	24.873
1471	-14.812	2.829	29.311
1452	-14.782	2.832	31.433
1484	-14.782	2.832	31.434
1498	-14.781	2.832	25.012
1314	-14.694	2.827	25.583
1277	-14.669	2.830	31.429
1273	-14.669	2.830	25.778
1281	-14.667	2.830	25.021
1338	-14.667	2.830	25.138
1246	-14.659	2.830	31.436
1220	-14.655	2.830	31.886
1170	-14.621	2.831	29.472
1477	-14.619	2.829	29.379
1502	-14.618	2.829	23.670
1551	-14.564	2.828	23.687
1587	-14.562	2.828	23.687
1339	-14.512	2.828	23.026
1291	-14.502	2.827	25.630
1223	-14.430	2.829	25.676
1660	-14.419	2.827	29.096
1640	-14.414	2.827	26.762
1480	-14.236	2.818	28.529
1262	-14.194	2.813	23.749
1295	-14.192	2.813	23.000
1257	-14.192	2.813	30.790
1201	-14.184	2.813	24.908
1218	-14.184	2.813	23.398
1501	-14.037	2.817	30.516
1447	-14.034	2.813	24.976
1464	-14.033	2.813	31.411
1465	-14.033	2.813	31.295
1542	-14.022	2.826	25.238
1371	-13.920	2.811	30.353
1264	-13.920	2.811	30.574
1379	-13.920	2.811	25.262
1380	-13.920	2.811	30.873
1354	-13.920	2.811	24.913
1309	-13.919	2.811	25.414
1325	-13.918	2.815	25.461
1241	-13.911	2.811	25.097
1242	-13.911	2.811	31.398
1193	-13.910	2.811	24.293
1230	-13.909	2.815	25.205
78	-13.852	2.105	23.796
52	-13.843	2.105	26.054
1158	-13.811	2.806	23.378
1134	-13.810	2.806	25.409
1137	-13.810	2.806	23.589
1567	-13.735	2.832	23.602
1539	-13.714	2.807	30.465
1566	-13.709	2.807	29.963
1532	-13.709	2.807	23.415
1561	-13.629	2.818	24.902
568	-13.589	2.101	25.317
1656	-13.576	2.805	24.344
1637	-13.561	2.805	25.208
400	-13.552	2.811	26.190
1329	-13.549	2.811	24.999
1365	-13.546	2.811	24.985
1307	-13.544	2.811	24.985
381	-13.400	3.791	24.984
415	-13.336	3.792	24.973
620	-13.332	3.791	25.808
490	-13.328	2.812	25.807
1360	-13.290	2.806	25.807
632	-13.254	3.793	25.807
642	-13.253	3.793	26.182
1576	-13.230	2.814	24.728
614	-13.227	2.812	26.035
624	-13.173	3.793	26.037
652	-13.171	3.793	24.729
661	-13.171	3.793	26.192
1562	-13.072	2.793	25.875
1599	-13.072	2.793	25.871
1588	-13.072	2.793	25.870
1278	-13.025	2.792	26.606
1267	-13.025	2.792	25.152
1313	-13.025	2.792	25.148
112	-12.957	1.784	25.152
53	-12.934	1.784	24.965
598	-12.912	1.688	25.146
570	-12.912	1.688	24.982
1335	-12.893	2.800	24.955
1337	-12.885	2.811	25.146
39	-12.884	1.785	25.148
494	-12.876	2.799	25.144
23	-12.840	1.784	1.322
11	-12.833	1.785	26.788
459	-12.814	2.799	26.788
527	-12.737	1.689	0.000
560	-12.715	1.782	25.313
249	-12.612	1.783	25.308
1635	-12.290	1.689	25.355
1643	-11.949	2.782	22.528
1647	-11.943	2.782	25.917
1593	-11.657	2.102	24.626
562	-11.186	1.830	26.107
1425	-11.171	1.831	31.633
548	-11.108	1.830	25.730
236	-11.087	1.834	23.735
244	-10.972	1.837	31.295
1397	-10.258	1.846	30.064
1162	-10.029	1.782	24.340
1636	-9.351	1.776	24.873
1630	-9.329	2.786	31.661
514	-9.271	3.749	29.311
248	-8.874	1.961	23.687
186	-8.870	1.961	23.687
86	-8.855	1.960	31.639
43	-8.792	1.964	28.732
532	-8.638	1.968	23.000
1358	-8.615	3.730	30.791
1296	-8.613	3.730	30.735
1496	-8.406	3.729	25.307
1632	-8.356	1.980	26.054
1303	-8.215	3.270	24.974
472	-8.209	2.504	24.981
541	-8.209	2.504	24.982
529	-8.206	2.504	25.146
517	-8.203	2.503	24.961
551	-8.201	2.504	25.144
49	-8.159	2.507	25.141
1482	-8.150	3.282	25.305
526	-8.147	2.506	25.308
1153	-8.021	3.727	31.676
1414	-7.991	2.514	24.722
452	-7.958	2.811	24.874
1361	-7.957	3.277	25.027
1302	-7.956	3.277	25.029
1381	-7.813	3.296	25.239
1333	-7.811	3.732	30.831
1222	-7.809	3.296	31.029
1570	-7.729	3.312	30.058
1556	-7.727	3.312	23.602
1559	-7.727	3.312	30.552
1549	-7.727	3.312	23.412
1550	-7.727	3.312	23.643
1583	-7.727	3.312	23.424
1578	-7.727	3.312	24.901
1545	-7.726	3.312	23.427
1572	-7.726	3.311	25.266
1575	-7.726	3.311	25.167
1547	-7.725	3.312	24.906
1642	-7.638	3.314	25.818
1658	-7.541	2.828	25.870
1592	-7.507	3.727	25.318
1602	-7.507	3.727	25.306
1528	-7.388	3.330	29.344
1601	-7.387	3.712	31.672
1621	-7.387	3.330	31.590
1537	-7.387	3.330	26.368
1606	-7.385	3.330	25.258
1610	-7.385	3.330	24.873
1585	-7.384	3.330	31.676
1555	-7.384	3.330	31.660
1557	-7.384	3.330	29.311
1543	-7.384	3.330	31.669
1548	-7.384	3.330	25.032
1530	-7.384	3.330	24.722
1590	-7.367	3.372	25.024
1538	-7.365	3.372	25.013
1609	-7.362	3.372	24.890
1554	-7.360	3.372	25.026
1384	-7.303	3.690	29.082
1226	-7.302	3.265	26.103
1173	-7.284	3.266	26.118
648	-7.202	2.527	30.857
663	-7.196	2.522	30.881
1261	-7.124	3.272	25.205
1351	-7.124	3.272	30.352
1233	-7.121	3.272	25.228
1219	-7.121	3.272	25.507
1191	-7.054	3.694	30.716
1436	-6.998	3.695	26.031
1266	-6.862	3.692	25.390
1438	-6.705	3.653	24.520
1147	-6.638	3.620	22.645
1524	-6.587	3.288	24.714
1442	-6.489	3.651	24.722
1600	-6.336	3.235	25.025
618	-6.099	3.210	23.342
643	-6.097	3.210	29.173
645	-6.097	3.210	31.674
653	-6.097	3.210	31.861
658	-6.095	3.210	31.667
1432	-6.066	3.205	24.961
579	-6.027	3.191	25.000
616	-6.027	3.191	23.687
1624	-5.900	3.218	31.550
1607	-5.891	3.218	23.688
1580	-5.830	3.265	25.924
1617	-5.828	3.265	26.764
1569	-5.825	3.265	24.189
1558	-5.821	3.264	29.017
1608	-5.817	3.264	24.227
1574	-5.812	3.263	25.730
1563	-5.805	3.262	23.739
1655	-5.782	3.263	31.294
1649	-5.765	3.262	30.419
1577	-5.558	3.243	30.859
1596	-5.555	3.243	30.573
1473	-5.290	3.638	25.917
1544	-4.996	3.655	23.418
1428	-4.740	3.893	25.347
1320	-4.724	3.892	24.985
1374	-4.710	3.892	24.984
1625	-4.585	3.967	25.870
1597	-4.573	3.971	26.609
1598	-4.573	3.972	25.153
1652	-4.557	3.965	24.981
1612	-4.517	3.952	26.330
1605	-4.507	3.955	0.001
1573	-4.503	3.956	25.763
1638	-3.462	3.419	29.307
1525	-3.432	3.333	23.727
1526	-3.432	3.333	25.021
1534	-3.430	3.333	31.677
1619	-3.262	3.904	31.666
