1098	-8.513	0.000	30.575
1029	-8.108	1.033	22.545
925	-7.940	0.144	24.795
1065	-7.902	0.150	26.764
1003	-7.900	0.151	26.108
1080	-7.900	0.151	28.737
882	-7.890	0.153	25.731
1099	-7.851	2.195	31.295
1100	-7.768	1.082	30.849
1011	-7.767	1.082	23.675
908	-7.764	1.083	25.415
1081	-7.746	1.085	30.600
1060	-7.715	2.954	26.684
1064	-7.712	2.954	24.999
780	-7.685	2.953	24.984
903	-7.595	0.224	24.727
800	-7.595	0.224	24.728
961	-7.589	1.104	26.037
1017	-7.588	1.104	26.184
910	-7.579	1.105	24.729
924	-7.401	2.108	24.510
952	-7.389	2.104	22.612
1054	-7.340	2.103	29.067
1077	-7.340	2.103	29.218
884	-7.325	2.102	25.690
875	-7.307	2.101	31.638
844	-7.307	2.101	25.678
824	-7.232	2.178	31.421
1066	-7.174	2.115	30.954
1061	-7.171	2.177	23.455
1047	-7.165	2.112	24.913
867	-7.148	2.111	23.606
744	-7.148	2.111	25.478
749	-7.148	2.111	30.336
801	-7.147	2.111	30.400
962	-7.132	2.110	31.281
834	-7.115	2.109	23.418
1093	-7.096	2.128	23.643
1074	-7.046	2.126	24.986
959	-7.033	2.130	24.985
1028	-7.029	2.132	25.807
929	-7.028	2.125	25.807
960	-7.009	2.124	25.807
668	-7.007	2.124	26.182
678	-7.007	2.124	24.727
717	-6.998	2.130	24.728
1019	-6.990	0.240	24.729
963	-6.985	2.128	25.875
1091	-6.984	2.128	25.871
1101	-6.984	2.128	25.870
1067	-6.983	2.128	26.606
737	-6.964	2.127	24.981
746	-6.964	2.127	24.975
775	-6.964	2.127	24.981
973	-6.963	0.248	24.976
907	-6.960	1.107	24.980
835	-6.947	2.127	24.981
885	-6.947	2.127	25.099
806	-6.947	2.127	25.139
926	-6.946	2.127	26.839
845	-6.945	0.253	26.788
886	-6.940	1.108	26.786
677	-6.930	2.126	0.000
822	-6.923	2.126	25.315
667	-6.912	2.127	25.308
1076	-6.810	2.502	22.528
1033	-6.796	2.172	2.183
1038	-6.796	2.172	22.544
878	-6.785	2.173	22.540
1096	-6.505	0.837	24.880
793	-6.181	2.039	31.429
1089	-5.882	2.306	23.026
830	-5.857	2.026	31.639
951	-5.846	2.317	25.619
989	-5.813	2.302	26.772
728	-5.801	2.306	23.749
841	-5.793	2.298	24.883
732	-5.792	2.217	23.419
778	-5.792	2.216	30.518
1041	-5.792	2.217	30.626
980	-5.792	2.214	30.518
1062	-5.792	2.215	31.061
986	-5.792	2.209	29.676
804	-5.774	2.200	31.294
762	-5.769	2.290	25.239
815	-5.748	2.287	31.029
911	-5.748	2.287	31.031
837	-5.748	2.286	31.654
880	-5.746	2.288	30.857
914	-5.718	2.282	30.857
1027	-5.548	1.477	30.353
1058	-5.547	1.477	23.699
1037	-5.407	2.343	31.278
729	-4.982	3.824	30.378
940	-4.982	3.823	31.053
998	-4.970	3.822	31.055
1069	-4.970	3.822	31.103
1063	-4.958	3.819	31.413
748	-4.951	3.821	29.676
760	-4.951	3.821	25.238
776	-4.951	3.821	25.239
965	-4.951	3.821	25.227
967	-4.951	3.821	30.863
990	-4.951	3.821	31.137
1009	-4.951	3.821	31.492
1013	-4.951	3.821	30.856
1078	-4.951	3.822	30.858
1097	-4.951	3.821	25.280
1004	-4.951	3.821	30.574
922	-4.936	3.819	30.871
832	-4.918	3.819	25.389
811	-4.917	3.819	23.674
812	-4.917	3.819	25.464
819	-4.917	3.819	25.097
789	-4.916	3.819	23.809
674	-4.883	3.806	30.370
785	-4.636	2.079	25.807
938	-4.208	2.815	24.627
