426	-6.608	0.000	3.505
151	-5.908	3.079	2.290
641	-5.899	3.077	24.605
302	-5.869	3.080	4.559
304	-5.869	3.080	4.905
374	-5.869	3.080	4.808
378	-5.869	3.079	4.813
396	-5.869	3.080	2.524
416	-5.869	3.080	4.875
334	-5.868	3.080	24.867
406	-5.868	3.080	4.813
330	-5.868	3.080	4.789
324	-5.868	3.080	4.804
140	-5.866	3.079	11.376
187	-5.866	3.079	4.806
57	-5.866	3.079	4.828
232	-5.866	3.079	25.989
89	-5.866	3.080	13.833
192	-5.866	3.079	12.229
199	-5.866	3.079	4.328
77	-5.866	3.079	11.339
111	-5.866	3.079	11.339
184	-5.866	3.079	25.901
227	-5.866	3.080	26.034
870	-5.866	3.079	5.038
118	-5.866	3.080	3.341
125	-5.866	3.080	10.968
167	-5.866	3.079	13.998
69	-5.866	3.079	12.953
100	-5.866	3.079	0.691
113	-5.866	3.080	13.976
119	-5.866	3.079	10.782
521	-5.866	3.079	0.790
74	-5.866	3.080	11.363
144	-5.866	3.080	10.899
52	-5.866	3.080	11.692
183	-5.866	3.080	10.673
50	-5.866	3.080	13.274
290	-5.865	3.079	2.978
294	-5.865	3.079	1.700
594	-5.865	3.079	1.633
263	-5.865	3.080	1.680
270	-5.865	3.080	2.995
275	-5.864	3.079	1.677
87	-5.853	3.067	10.719
39	-5.838	3.078	1.670
45	-5.838	3.078	13.045
40	-5.838	3.078	3.203
291	-5.837	3.065	10.253
1689	-5.834	3.189	11.523
234	-5.834	3.066	13.182
2	-5.831	3.078	10.254
98	-5.827	3.039	13.201
189	-5.808	3.045	4.861
675	-5.789	3.071	11.105
448	-5.789	3.071	13.035
360	-5.788	3.070	13.039
394	-5.788	3.071	10.975
420	-5.788	3.071	4.857
429	-5.788	3.071	11.138
51	-5.787	3.070	4.941
665	-5.786	3.070	10.211
831	-5.786	3.071	10.211
525	-5.786	3.070	12.518
196	-5.786	3.070	13.065
235	-5.786	3.070	3.184
112	-5.786	3.071	4.034
783	-5.785	3.065	3.172
643	-5.785	3.068	10.184
288	-5.785	3.070	12.974
171	-5.785	3.070	8.480
214	-5.785	3.070	8.461
244	-5.785	3.071	4.969
273	-5.785	3.070	4.460
524	-5.784	3.082	5.088
774	-5.781	3.064	4.989
723	-5.780	3.212	4.132
686	-5.779	3.211	10.367
402	-5.779	3.210	11.929
671	-5.779	3.209	4.294
490	-5.778	3.209	5.834
781	-5.777	3.205	10.861
642	-5.777	3.208	11.090
639	-5.777	3.208	11.092
658	-5.777	3.208	5.847
900	-5.777	3.208	10.916
843	-5.777	3.208	8.821
578	-5.776	3.208	2.046
581	-5.776	3.208	11.429
751	-5.776	3.209	10.514
888	-5.776	3.216	10.515
542	-5.774	3.207	4.792
501	-5.774	3.208	10.040
589	-5.774	3.225	10.526
515	-5.773	3.200	10.526
706	-5.771	3.250	4.878
1125	-5.770	3.209	4.802
1106	-5.770	3.210	4.503
1393	-5.770	3.209	5.585
1138	-5.770	3.211	4.877
1381	-5.770	3.210	4.379
1173	-5.770	3.211	11.260
491	-5.769	3.208	10.242
600	-5.769	3.068	10.252
1043	-5.768	3.210	5.844
1165	-5.768	3.226	4.641
1186	-5.766	3.209	11.951
1385	-5.762	3.254	9.976
1267	-5.761	3.209	5.156
194	-5.761	3.040	9.699
749	-5.759	3.266	4.945
1311	-5.752	3.256	4.936
728	-5.750	3.204	5.137
177	-5.748	3.118	5.132
743	-5.740	3.065	4.922
286	-5.740	3.065	4.835
718	-5.738	3.074	7.968
94	-5.738	3.177	5.574
60	-5.735	3.055	7.181
1224	-5.725	3.194	7.067
699	-5.715	3.201	13.467
470	-5.714	3.207	13.467
526	-5.713	3.211	13.466
498	-5.712	3.207	13.334
509	-5.712	3.207	13.328
533	-5.712	3.206	13.328
819	-5.712	3.207	13.328
586	-5.711	3.207	13.870
353	-5.710	3.192	12.923
875	-5.701	3.316	13.479
383	-5.657	3.140	13.814
925	-5.655	3.146	13.476
813	-5.650	3.165	10.168
157	-5.650	3.170	10.168
1877	-5.639	3.187	12.627
1766	-5.639	3.190	10.166
1747	-5.639	3.195	12.621
1723	-5.638	3.186	12.626
733	-5.611	3.176	10.741
668	-5.611	3.178	10.769
688	-5.611	3.178	10.760
685	-5.610	3.177	10.782
419	-5.610	3.185	10.762
301	-5.609	3.182	10.774
408	-5.602	3.192	10.775
730	-5.602	3.196	10.747
629	-5.601	3.190	10.744
832	-5.601	3.070	24.839
776	-5.601	3.070	10.773
300	-5.600	3.095	25.466
883	-5.600	3.178	12.278
638	-5.600	3.192	12.277
574	-5.599	3.167	14.021
868	-5.599	3.197	14.038
746	-5.599	3.070	10.029
901	-5.598	3.159	12.409
722	-5.581	3.074	12.408
487	-5.580	3.074	10.016
1384	-5.580	3.356	24.206
612	-5.578	3.073	10.008
262	-5.576	3.074	10.006
56	-5.576	3.074	10.025
889	-5.574	3.076	1.921
712	-5.573	3.078	9.988
729	-5.573	3.078	25.305
672	-5.572	3.078	8.153
696	-5.572	3.078	8.150
679	-5.572	3.078	2.618
479	-5.572	3.078	1.946
680	-5.570	3.173	2.613
500	-5.570	3.078	2.745
663	-5.570	3.078	25.306
666	-5.570	3.078	9.598
891	-5.570	3.078	12.795
630	-5.570	3.078	11.436
825	-5.570	3.078	11.471
582	-5.569	3.078	9.196
656	-5.569	3.077	9.191
860	-5.569	3.077	0.086
880	-5.568	3.170	3.425
772	-5.568	3.180	9.202
790	-5.567	3.182	3.428
807	-5.567	3.186	8.180
885	-5.567	3.186	9.195
929	-5.567	3.186	10.672
916	-5.567	3.187	9.181
892	-5.567	3.189	11.216
844	-5.567	3.189	9.188
692	-5.567	3.204	11.195
904	-5.566	3.182	10.678
808	-5.564	3.207	11.200
724	-5.534	3.277	9.186
395	-5.530	3.078	9.188
376	-5.530	3.078	9.189
339	-5.530	3.079	9.189
410	-5.530	3.079	10.714
317	-5.529	3.078	8.162
342	-5.528	3.179	11.314
392	-5.528	3.177	12.585
401	-5.528	3.180	9.142
373	-5.528	3.182	9.153
407	-5.528	3.188	7.101
316	-5.528	3.183	12.559
307	-5.528	3.184	1.073
644	-5.527	3.175	10.284
627	-5.527	3.177	0.922
462	-5.527	3.176	6.661
433	-5.527	3.177	7.000
432	-5.527	3.188	10.110
797	-5.527	3.078	10.111
80	-5.527	3.078	11.363
572	-5.527	3.078	6.607
637	-5.527	3.078	9.479
181	-5.527	3.078	13.108
780	-5.527	3.078	6.927
882	-5.527	3.078	7.059
49	-5.527	3.078	5.847
139	-5.527	3.078	12.776
503	-5.527	3.078	12.692
545	-5.527	3.078	9.522
595	-5.527	3.078	9.744
764	-5.526	3.174	5.569
654	-5.526	3.177	9.768
621	-5.526	3.184	9.668
759	-5.526	3.180	9.829
784	-5.526	3.188	9.591
761	-5.526	3.191	9.551
664	-5.526	3.193	7.678
750	-5.526	3.078	1.758
745	-5.526	3.078	8.001
584	-5.525	3.169	6.579
602	-5.525	3.178	8.088
292	-5.525	3.196	8.088
259	-5.525	3.078	7.877
284	-5.525	3.078	11.996
91	-5.524	3.178	6.701
499	-5.524	3.179	12.856
544	-5.524	3.179	9.425
202	-5.524	3.181	8.563
278	-5.524	3.192	7.908
428	-5.523	3.143	8.524
182	-5.523	3.181	8.526
225	-5.523	3.189	8.008
562	-5.522	3.159	8.010
519	-5.522	3.187	8.533
636	-5.521	3.140	8.534
254	-5.521	3.179	12.102
86	-5.521	3.200	11.910
451	-5.511	3.219	8.526
814	-5.509	3.175	7.848
708	-5.507	3.175	11.992
720	-5.506	3.182	11.851
683	-5.506	3.184	11.927
849	-5.505	3.176	7.756
615	-5.505	3.184	8.040
851	-5.505	3.186	12.179
695	-5.505	3.199	10.530
833	-5.504	3.168	11.952
861	-5.504	3.173	11.758
478	-5.504	3.186	9.678
942	-5.503	3.189	10.513
871	-5.500	3.211	7.152
941	-5.495	3.218	9.256
10	-5.494	3.177	9.627
792	-5.494	3.191	5.387
239	-5.485	3.241	14.135
715	-5.465	3.174	12.857
368	-5.464	3.178	13.444
446	-5.464	3.192	13.443
319	-5.463	3.155	13.587
450	-5.463	3.172	13.566
659	-5.463	3.171	13.262
463	-5.463	3.176	13.262
435	-5.463	3.166	13.262
489	-5.463	3.188	12.197
333	-5.463	3.195	10.530
240	-5.462	3.170	10.532
536	-5.462	3.169	10.533
530	-5.462	3.177	12.457
531	-5.462	3.181	12.458
633	-5.462	3.186	10.536
287	-5.461	3.185	10.538
279	-5.460	3.190	12.021
237	-5.460	3.193	12.989
532	-5.459	3.175	31.433
690	-5.455	3.273	10.216
268	-5.446	3.231	13.641
716	-5.383	3.145	13.346
322	-5.353	3.074	9.180
1378	-5.337	3.353	13.265
224	-5.270	3.464	4.078
866	-5.210	3.173	2.673
732	-5.162	3.532	3.037
1256	-4.938	3.451	5.049
841	-4.781	3.423	5.034
1809	-4.744	3.260	11.364
1692	-4.542	3.045	1.372
1273	-4.450	3.185	4.941
1859	-4.223	3.711	12.083
1219	-4.158	3.655	10.294
921	-4.156	3.655	10.038
662	-4.156	3.655	5.849
771	-4.156	3.654	10.523
689	-4.156	3.655	2.029
930	-4.155	3.654	4.655
409	-4.155	3.662	4.494
735	-4.154	3.655	5.586
1258	-4.143	3.681	4.378
777	-4.126	3.718	4.935
812	-4.081	3.664	4.015
896	-4.081	3.664	7.968
742	-4.074	3.672	7.968
1274	-4.004	3.513	5.532
1857	-3.970	3.599	10.730
575	-3.855	3.644	13.483
753	-3.855	3.644	12.922
805	-3.855	3.644	13.870
534	-3.853	3.645	13.819
911	-3.814	3.673	13.814
879	-3.800	3.640	13.475
387	-3.800	3.641	10.164
611	-3.800	3.640	10.163
859	-3.799	3.640	10.171
895	-3.799	3.640	12.625
657	-3.779	3.653	10.166
857	-3.778	3.663	12.626
821	-3.769	3.648	10.169
848	-3.769	3.648	10.176
791	-3.769	3.648	10.176
810	-3.768	3.647	13.660
918	-3.768	3.648	13.660
670	-3.724	3.646	8.153
313	-3.723	3.649	24.934
367	-3.723	3.649	8.151
415	-3.723	3.650	2.733
703	-3.723	3.649	2.734
719	-3.723	3.650	2.613
800	-3.722	3.649	2.613
823	-3.722	3.649	25.306
466	-3.722	3.649	25.187
485	-3.722	3.649	9.778
647	-3.722	3.649	9.824
877	-3.722	3.649	13.646
424	-3.722	3.650	11.380
653	-3.721	3.649	0.067
599	-3.721	3.649	0.050
755	-3.721	3.649	0.011
731	-3.711	3.580	12.047
1177	-3.703	3.946	11.202
1283	-3.694	3.947	11.214
1328	-3.694	3.949	9.190
640	-3.528	3.466	8.524
1826	-3.457	3.926	6.979
488	-3.455	3.577	13.475
1841	-3.447	3.925	13.484
477	-3.445	3.135	13.820
856	-3.406	3.931	13.661
513	-3.398	3.897	10.771
820	-3.393	3.897	10.770
762	-3.392	3.896	10.734
839	-3.391	3.908	10.756
912	-3.373	3.916	2.733
864	-3.373	3.914	2.618
787	-3.373	3.914	2.613
740	-3.372	3.913	2.745
442	-3.341	3.894	10.690
559	-3.341	3.894	10.691
502	-3.340	3.907	9.189
852	-3.336	3.895	9.180
794	-3.335	3.896	10.702
628	-3.335	3.897	10.615
909	-3.335	3.913	11.310
1334	-2.983	3.711	9.535
1264	-2.888	3.738	8.525
473	-2.828	3.703	8.054
616	-2.791	3.703	7.788
504	-2.774	3.700	11.862
241	-2.772	3.700	11.958
518	-2.772	3.700	11.994
635	-2.770	3.700	12.180
769	-2.770	3.700	11.647
1333	-2.767	3.789	11.952
748	-2.748	3.703	9.602
1331	-2.712	3.685	5.351
806	-2.671	3.691	13.467
607	-2.665	3.908	13.467
1367	-2.599	3.425	13.466
