1014	-7.149	0.000	8.873
958	-7.148	0.001	12.312
1080	-7.053	0.028	5.087
1088	-7.053	0.028	12.084
1091	-7.053	0.028	13.298
1110	-7.053	0.028	8.979
1304	-7.053	0.028	14.386
1062	-7.053	0.028	5.093
1064	-7.053	0.028	14.919
1065	-7.053	0.028	14.919
1068	-7.053	0.028	14.007
1069	-7.053	0.028	4.237
1070	-7.053	0.029	14.340
1072	-7.053	0.028	11.045
1073	-7.053	0.028	9.349
1074	-7.053	0.028	14.788
1090	-7.053	0.028	12.009
1086	-7.052	0.028	12.201
1044	-7.052	0.028	11.077
1047	-7.052	0.028	10.960
1048	-7.052	0.028	7.257
1372	-7.052	0.028	6.493
1295	-7.051	0.029	6.496
1053	-7.051	0.028	6.293
1055	-7.051	0.028	7.855
1056	-7.051	0.028	4.958
1184	-7.051	0.028	14.148
1202	-7.051	0.028	516615040925696.000
1203	-7.051	0.028	14.144
1204	-7.051	0.028	7.277
1221	-7.051	0.028	7.513
1280	-7.051	0.029	7.140
1281	-7.051	0.029	7.318
1301	-7.051	0.029	7.319
1362	-7.051	0.029	13.611
1363	-7.051	0.029	7.829
1364	-7.051	0.029	7.323
1139	-7.050	0.027	7.324
1141	-7.050	0.027	13.575
1147	-7.050	0.027	12.397
1142	-7.050	0.027	13.553
1144	-7.050	0.027	13.885
1146	-7.050	0.027	12.519
1166	-7.050	0.028	7.324
1175	-7.050	0.029	14.144
1290	-7.050	0.029	12.609
1291	-7.050	0.029	7.284
1150	-7.050	0.028	14.143
1154	-7.050	0.028	13.545
1156	-7.050	0.028	10.956
1160	-7.050	0.028	7.892
1161	-7.050	0.028	12.592
1163	-7.050	0.028	7.969
1191	-7.050	0.028	11.526
1213	-7.050	0.028	11.543
1343	-7.050	0.028	7.759
1028	-7.049	0.027	12.611
1034	-7.049	0.028	10.862
1001	-7.049	0.028	11.513
1002	-7.049	0.028	6.004
1358	-7.049	0.029	6.937
1027	-7.049	0.028	6.909
1037	-7.049	0.028	8.479
1097	-7.049	0.029	6.002
1105	-7.048	0.029	10.874
996	-7.048	0.028	8.065
1005	-7.048	0.028	15.019
1010	-7.048	0.028	15.020
1011	-7.048	0.028	15.019
1023	-7.048	0.028	15.019
1104	-7.048	0.029	14.871
1118	-7.048	0.029	14.871
1121	-7.048	0.029	14.871
954	-7.047	0.027	14.871
961	-7.047	0.027	14.871
962	-7.047	0.027	15.267
963	-7.047	0.027	13.926
964	-7.047	0.027	13.926
969	-7.047	0.027	15.003
971	-7.047	0.027	15.278
973	-7.047	0.027	13.925
1377	-7.046	0.027	14.846
989	-7.046	0.027	14.840
990	-7.046	0.026	14.840
993	-7.046	0.026	14.308
1244	-6.983	0.004	11.396
1254	-6.982	0.004	13.623
1247	-6.982	0.005	13.626
1253	-6.982	0.004	13.626
1257	-6.982	0.004	11.393
1268	-6.982	0.005	13.626
1250	-6.982	0.005	13.628
984	-6.981	0.004	13.627
986	-6.981	0.004	13.630
980	-6.978	0.004	11.403
982	-6.978	0.004	11.408
1237	-6.978	0.005	13.859
1241	-6.978	0.005	15.000
979	-6.848	0.103	14.999
455	-6.823	0.098	25.871
754	-6.822	0.095	25.871
208	-6.822	0.099	14.236
99	-6.822	0.098	11.460
148	-6.822	0.098	11.439
624	-6.821	0.113	11.448
739	-6.820	0.096	11.428
867	-6.820	0.092	11.463
576	-6.816	0.049	11.431
707	-6.816	0.048	11.443
778	-6.816	0.047	11.432
828	-6.816	0.050	11.433
517	-6.815	0.048	11.408
274	-6.805	0.189	25.330
1195	-6.769	0.086	13.193
1338	-6.768	0.086	11.626
1000	-6.731	0.131	11.722
1182	-6.730	0.064	11.735
1246	-6.705	0.103	3.521
1269	-6.586	0.129	5.995
1296	-6.586	0.129	5.791
1100	-6.570	0.053	11.765
1082	-6.570	0.053	14.181
1101	-6.570	0.053	12.540
1315	-6.570	0.054	11.369
1030	-6.568	0.053	13.700
1019	-6.568	0.053	8.185
1031	-6.568	0.053	11.652
974	-6.568	0.053	12.091
1025	-6.562	0.054	8.173
1212	-6.560	0.054	1.880
1181	-6.560	0.053	5.720
998	-6.560	0.073	8.190
1226	-6.507	0.055	12.153
1297	-6.462	0.067	12.918
1197	-6.460	0.067	7.776
1196	-6.460	0.068	12.923
1198	-6.460	0.069	7.777
1063	-6.459	0.066	11.691
1112	-6.459	0.066	5.700
1222	-6.459	0.067	13.070
1111	-6.459	0.068	13.981
1092	-6.458	0.060	8.994
1158	-6.458	0.066	7.729
1214	-6.458	0.066	8.986
1314	-6.458	0.066	13.963
1102	-6.458	0.067	12.267
1157	-6.458	0.067	14.713
1359	-6.458	0.067	12.092
1122	-6.458	0.067	3.521
1164	-6.458	0.067	12.319
1168	-6.458	0.068	12.320
1192	-6.458	0.068	12.312
1215	-6.458	0.068	4.406
1083	-6.458	0.067	2.159
1089	-6.458	0.080	5.101
1278	-6.457	0.066	8.979
1016	-6.457	0.067	2.339
1143	-6.457	0.065	14.388
1188	-6.457	0.066	12.689
1277	-6.457	0.068	14.919
1348	-6.456	0.067	13.273
1107	-6.454	0.068	14.002
1341	-6.452	0.066	9.018
1041	-6.450	0.066	11.045
1299	-6.450	0.067	13.472
1201	-6.449	0.066	4.894
992	-6.448	0.065	11.098
1131	-6.448	0.065	12.169
1210	-6.448	0.066	12.394
1180	-6.448	0.066	5.000
1209	-6.446	0.067	5.484
1087	-6.442	0.165	7.260
1078	-6.442	0.165	5.445
1326	-6.437	0.165	6.477
1321	-6.435	0.165	7.374
999	-6.431	0.166	7.373
1216	-6.430	0.166	7.373
1026	-6.413	0.212	14.148
1240	-6.407	0.054	7.227
1260	-6.405	0.052	9.222
1261	-6.405	0.053	9.227
1262	-6.405	0.053	7.508
1249	-6.398	0.053	7.088
1109	-6.256	0.227	7.326
405	-6.201	0.082	6.938
709	-6.197	0.084	8.203
346	-6.196	0.091	4.637
197	-6.195	0.083	4.633
552	-6.193	0.079	4.698
946	-6.193	0.083	4.487
945	-6.192	0.083	4.508
855	-6.192	0.082	4.736
914	-6.191	0.082	4.492
801	-6.191	0.106	4.487
811	-6.190	0.095	4.282
931	-6.162	0.255	3.036
1081	-6.144	0.162	2.952
1066	-6.143	0.162	2.953
1167	-6.141	0.162	2.953
1176	-6.141	0.162	3.034
1017	-6.139	0.162	3.034
1018	-6.139	0.162	3.033
1042	-6.136	0.162	25.117
1123	-6.135	0.161	3.960
1200	-6.135	0.162	4.330
1391	-6.134	0.163	25.032
987	-6.104	0.173	25.032
1263	-6.097	0.172	25.032
1232	-6.095	0.171	2.296
934	-6.052	0.431	2.284
1039	-6.048	0.109	2.283
1040	-6.048	0.109	2.287
1242	-6.012	0.119	2.308
966	-5.998	0.099	2.287
950	-5.872	0.085	4.064
1061	-5.622	2.010	12.627
1076	-5.622	2.010	12.626
972	-5.619	2.010	12.619
1162	-5.619	2.010	10.181
959	-5.619	2.044	24.455
1079	-5.618	2.045	13.381
1029	-5.617	2.010	13.379
1033	-5.617	2.010	24.722
1032	-5.616	2.045	24.722
1036	-5.616	2.044	24.457
981	-5.558	2.013	10.692
960	-5.423	2.054	31.957
975	-5.423	2.054	31.179
1151	-5.423	2.055	13.234
988	-5.422	1.700	13.241
1308	-5.422	2.054	13.242
978	-5.420	2.054	13.235
1303	-5.420	2.054	31.305
1117	-5.419	2.054	13.243
1317	-5.418	2.054	31.779
1133	-5.418	2.055	6.330
1206	-5.417	2.054	6.327
1096	-5.416	2.057	9.352
341	-5.404	2.059	32.108
564	-5.403	2.059	32.207
1231	-5.374	2.057	13.321
1239	-5.372	2.057	32.594
1227	-5.362	2.058	14.222
956	-5.356	1.754	8.473
1024	-5.355	1.754	5.856
1085	-5.351	2.026	9.954
1049	-5.349	2.024	5.771
968	-5.349	2.024	8.732
970	-5.349	2.026	2.275
1052	-5.349	2.025	7.761
955	-5.349	2.026	9.182
957	-5.349	2.026	11.267
1057	-5.349	2.026	10.795
967	-5.349	2.026	10.727
1187	-5.347	2.025	12.112
1008	-5.346	2.026	12.115
995	-5.346	2.025	12.108
1003	-5.346	2.026	11.296
1013	-5.346	2.025	12.112
1021	-5.346	2.026	11.302
1318	-5.346	2.026	0.039
1194	-5.346	2.026	12.125
1342	-5.346	2.026	0.042
1006	-5.346	2.026	11.006
1022	-5.346	2.026	7.803
1004	-5.346	2.026	8.803
1148	-5.345	2.017	5.441
471	-5.341	2.050	1.864
682	-5.341	2.050	13.576
142	-5.340	2.050	2.997
156	-5.340	2.050	5.825
673	-5.340	2.050	13.235
186	-5.340	2.051	5.840
555	-5.338	2.059	13.334
296	-5.337	2.049	8.931
1058	-5.336	2.011	13.668
1335	-5.335	2.011	13.260
1313	-5.334	2.012	5.998
1020	-5.333	2.011	13.336
331	-5.289	2.050	13.675
443	-5.289	2.050	3.016
452	-5.289	2.050	12.415
482	-5.289	2.050	13.419
741	-5.288	2.049	13.342
117	-5.288	2.050	13.342
537	-5.288	2.049	12.625
205	-5.288	2.049	3.032
79	-5.288	2.050	13.349
538	-5.288	2.050	13.085
618	-5.288	2.050	4.622
47	-5.288	2.050	13.443
523	-5.288	2.050	4.714
585	-5.288	2.050	13.226
587	-5.288	2.050	13.273
161	-5.288	2.050	12.111
558	-5.288	2.050	2.918
923	-5.288	2.050	2.562
493	-5.287	2.050	13.129
1332	-5.275	2.010	3.145
1170	-5.229	1.242	3.282
1322	-5.217	2.053	2.893
1114	-5.212	1.761	14.388
1324	-5.211	2.050	13.325
1137	-5.210	1.761	14.204
1310	-5.210	1.759	3.328
1145	-5.210	1.762	13.633
1051	-5.209	1.758	13.632
1340	-5.209	1.758	3.385
1050	-5.209	1.759	3.343
1169	-5.208	1.758	3.313
1185	-5.208	1.756	12.384
1190	-5.208	1.758	12.825
1390	-5.208	1.759	12.353
1346	-5.207	1.743	10.075
1352	-5.207	1.757	9.305
1038	-5.207	1.759	11.204
965	-5.207	1.758	12.665
991	-5.207	1.761	11.224
976	-5.207	1.759	5.488
997	-5.206	1.759	4.633
1007	-5.206	1.762	4.633
1009	-5.206	1.758	4.633
1374	-5.205	1.752	4.633
1124	-5.204	1.748	4.395
1119	-5.204	1.753	4.389
1354	-5.198	1.817	4.389
985	-5.188	1.758	4.389
1266	-5.188	1.757	4.389
1060	-5.182	1.460	4.487
1103	-5.179	1.446	3.150
951	-5.173	2.059	3.151
953	-5.173	2.060	4.504
947	-5.172	2.058	4.492
948	-5.172	2.060	3.150
949	-5.172	2.061	4.288
1357	-5.171	2.052	4.283
913	-5.170	2.065	4.283
698	-5.166	2.064	4.283
354	-5.153	2.058	3.035
434	-5.153	2.058	3.112
453	-5.153	2.058	2.958
496	-5.152	2.058	2.955
613	-5.152	2.058	2.954
626	-5.150	2.050	2.954
308	-5.150	2.058	3.032
846	-5.150	2.075	2.958
1339	-5.129	1.540	25.027
403	-5.127	1.978	25.118
1245	-5.122	1.546	3.960
1230	-5.121	1.544	4.330
170	-5.116	1.756	25.033
865	-5.116	1.761	25.033
250	-5.110	1.759	25.033
617	-5.108	1.731	2.287
802	-5.108	1.730	2.287
818	-5.108	1.731	2.290
854	-5.108	1.731	2.285
906	-5.107	1.755	2.301
352	-5.046	2.010	2.310
1183	-5.025	1.991	4.386
1275	-5.025	1.991	2.300
1067	-4.998	1.522	2.300
1329	-4.998	1.522	2.313
1015	-4.997	1.520	4.065
994	-4.989	1.475	4.066
983	-4.977	1.497	2.526
400	-4.891	1.819	4.813
261	-4.868	1.844	4.806
1113	-4.849	1.505	11.376
1305	-4.849	1.505	4.806
1098	-4.848	1.506	4.828
1351	-4.848	1.506	4.855
1153	-4.848	1.506	13.833
1012	-4.847	1.506	12.230
1211	-4.847	1.507	11.350
1035	-4.847	1.506	11.339
1046	-4.829	1.412	13.828
1238	-4.815	1.058	5.047
454	-4.808	1.512	3.334
977	-4.762	2.122	10.914
1171	-4.761	2.120	3.175
1126	-4.733	2.080	13.979
952	-4.686	2.047	10.746
1136	-4.610	2.094	1.651
1243	-4.588	2.092	1.706
1302	-4.517	2.059	13.720
1270	-4.517	2.058	13.055
1285	-4.288	2.060	4.849
323	-4.255	2.046	2.097
1094	-3.922	3.988	13.467
1356	-3.922	3.978	13.467
1265	-3.917	3.983	13.463
1398	-3.480	3.429	8.055
1128	-3.479	3.641	8.055
1394	-3.477	3.457	7.262
1370	-3.292	3.976	10.112
1373	-3.269	1.601	5.766
1371	-3.229	2.880	9.597
752	-2.838	3.768	9.843
736	-2.813	3.256	11.992
648	-2.759	3.397	10.504
894	-2.596	3.769	13.329
1309	-2.539	2.032	13.328
782	-2.356	3.884	12.923
