1885	-10.821	0.000	0.000
1949	-8.331	2.114	0.000
1919	-8.320	2.085	0.000
1916	-8.318	2.086	0.000
1887	-8.314	2.085	0.000
1893	-8.314	2.085	0.000
1897	-8.313	2.085	0.000
1934	-8.309	2.076	0.000
1945	-8.225	2.069	0.000
1898	-8.220	2.069	0.000
1896	-8.165	0.205	0.000
1947	-8.148	0.204	0.000
1944	-8.135	2.084	0.000
1889	-8.046	1.849	0.000
1886	-8.046	1.849	0.000
1892	-8.046	1.846	0.000
1881	-8.002	0.188	0.000
1882	-7.931	1.884	0.000
1894	-7.918	1.888	0.000
1888	-7.918	1.887	0.000
1936	-7.916	1.890	0.000
1931	-7.916	1.889	0.000
1910	-7.867	1.916	0.000
1935	-7.861	1.916	0.000
1951	-7.730	1.894	0.000
1890	-6.900	2.311	0.000
1904	-6.677	3.006	0.000
1905	-6.677	3.006	0.000
310	-6.553	2.996	0.000
510	-6.553	2.996	0.000
1895	-6.530	3.004	0.000
1926	-6.492	3.002	0.000
1884	-6.386	3.040	0.000
1902	-6.366	3.076	0.000
1903	-6.366	3.076	0.000
1941	-6.363	3.077	0.000
1927	-6.321	3.066	0.000
407	-6.282	3.076	0.000
409	-6.281	3.071	0.000
428	-5.972	3.103	0.000
222	-5.833	3.803	0.000
1891	-5.773	3.805	0.000
1911	-5.771	3.805	0.000
1932	-5.766	3.804	0.000
1913	-5.698	2.813	0.000
547	-5.528	3.983	0.000
1930	-5.508	3.660	0.000
1883	-4.255	3.960	0.000
1950	-4.214	3.905	0.000
