293	-11.746	0.000	8.863
314	-11.746	0.000	8.865
417	-11.746	0.000	16.457
16	-11.722	0.009	16.474
208	-11.718	0.009	16.503
29	-11.621	0.063	16.462
130	-11.620	0.064	16.461
253	-11.517	0.024	10.885
520	-11.507	0.023	10.887
58	-11.500	0.019	10.888
79	-11.499	0.019	10.887
83	-11.499	0.019	10.889
65	-11.498	0.019	10.890
97	-11.498	0.019	10.893
139	-11.498	0.019	10.894
151	-11.498	0.019	13.130
2	-11.492	0.036	12.221
9	-11.492	0.036	12.324
119	-11.492	0.018	12.323
57	-11.489	0.021	12.366
85	-11.488	0.020	13.643
87	-11.487	0.020	13.621
187	-11.487	0.020	0.610
190	-11.487	0.020	0.591
62	-11.482	0.020	2.241
17	-11.482	0.021	4.188
19	-11.482	0.020	0.008
7	-11.481	0.038	0.008
47	-11.481	0.020	0.008
103	-11.479	0.018	0.008
200	-11.479	0.017	0.008
38	-11.474	0.016	0.008
41	-11.474	0.016	0.009
42	-11.474	0.016	0.015
60	-11.474	0.017	0.036
1	-11.473	0.038	0.036
21	-11.473	0.017	0.036
4	-11.471	0.034	0.010
76	-11.471	0.017	0.010
35	-11.463	0.020	0.010
37	-11.463	0.020	0.014
243	-11.134	0.066	4.142
467	-11.134	0.066	4.142
255	-10.925	0.059	4.142
263	-10.925	0.059	4.145
137	-10.908	0.057	3.501
31	-10.906	0.053	3.501
81	-10.905	0.053	4.027
82	-10.905	0.053	3.552
142	-10.905	0.053	4.035
143	-10.905	0.053	4.009
145	-10.905	0.053	3.547
154	-10.905	0.053	4.033
287	-10.904	0.056	4.040
551	-10.904	0.056	3.214
578	-10.904	0.056	3.210
651	-10.904	0.056	3.210
283	-10.904	0.057	3.220
542	-10.904	0.057	3.246
336	-10.904	0.057	9.708
337	-10.904	0.057	9.708
449	-10.904	0.057	9.708
450	-10.904	0.057	9.708
303	-10.903	0.057	9.708
332	-10.903	0.057	9.706
389	-10.903	0.057	9.706
395	-10.903	0.057	9.640
401	-10.903	0.057	17.559
404	-10.903	0.057	17.563
406	-10.903	0.057	17.563
605	-10.903	0.056	17.563
348	-10.903	0.057	17.563
413	-10.903	0.057	9.733
428	-10.903	0.057	9.720
429	-10.903	0.057	9.720
355	-10.902	0.057	9.720
357	-10.902	0.057	9.720
44	-10.900	0.052	9.720
71	-10.898	0.052	9.720
72	-10.898	0.052	9.720
95	-10.898	0.051	9.720
56	-10.898	0.056	9.720
219	-10.897	0.052	9.634
222	-10.897	0.052	18.324
230	-10.897	0.052	18.667
102	-10.897	0.056	18.667
180	-10.897	0.057	18.667
169	-10.896	0.057	3.423
1841	-10.893	0.056	18.667
1850	-10.892	0.057	18.667
1804	-10.892	0.056	3.419
127	-10.891	0.054	3.419
1806	-10.890	0.055	3.411
1822	-10.890	0.056	3.421
1823	-10.890	0.056	9.688
1834	-10.890	0.056	3.416
1835	-10.890	0.056	2.675
1811	-10.882	0.052	3.401
1812	-10.882	0.052	3.405
1813	-10.882	0.052	3.407
1816	-10.882	0.052	3.404
36	-10.881	0.048	3.399
122	-10.879	0.050	3.440
218	-10.876	0.050	3.442
223	-10.876	0.050	10.458
170	-10.876	0.054	10.463
175	-10.876	0.054	2.656
181	-10.876	0.054	10.464
248	-10.875	0.080	10.465
113	-10.872	0.051	10.466
114	-10.872	0.051	10.466
115	-10.872	0.051	10.464
116	-10.872	0.051	10.482
251	-10.855	0.077	10.482
487	-10.854	0.076	10.482
500	-10.854	0.076	10.482
644	-10.328	0.150	8.927
673	-10.328	0.150	8.927
286	-10.328	0.144	8.922
292	-10.328	0.144	8.864
555	-10.328	0.144	7.527
558	-10.328	0.144	16.457
614	-10.328	0.144	16.512
687	-10.328	0.144	16.463
305	-10.327	0.150	10.883
310	-10.327	0.144	10.885
311	-10.327	0.144	10.888
312	-10.327	0.144	10.676
313	-10.327	0.144	10.886
396	-10.327	0.144	10.889
412	-10.327	0.144	10.890
415	-10.327	0.144	10.893
457	-10.327	0.144	10.892
316	-10.326	0.144	13.129
364	-10.325	0.145	12.323
269	-10.318	0.141	0.008
588	-10.318	0.141	0.008
381	-10.317	0.142	0.008
325	-10.316	0.142	0.009
371	-10.316	0.142	0.009
393	-10.316	0.142	0.015
398	-10.316	0.142	0.036
353	-10.315	0.142	0.029
291	-10.307	0.140	0.001
545	-10.307	0.140	0.001
554	-10.307	0.140	0.003
579	-10.307	0.140	0.003
580	-10.307	0.140	0.064
625	-10.307	0.140	4.165
642	-10.307	0.140	0.004
647	-10.307	0.140	0.042
658	-10.307	0.140	4.168
668	-10.307	0.140	4.168
674	-10.307	0.140	4.168
678	-10.307	0.140	4.168
152	-10.306	0.136	4.177
349	-10.306	0.140	4.176
411	-10.306	0.140	4.176
418	-10.306	0.140	4.125
430	-10.306	0.140	4.138
451	-10.306	0.140	4.124
452	-10.306	0.140	4.141
557	-10.306	0.140	4.129
569	-10.306	0.140	4.129
571	-10.306	0.140	4.130
635	-10.306	0.140	4.141
686	-10.306	0.140	4.138
437	-10.306	0.140	4.138
438	-10.306	0.140	4.141
317	-10.305	0.140	3.464
521	-10.305	0.140	3.501
523	-10.305	0.140	3.501
529	-10.305	0.140	3.505
530	-10.305	0.140	3.553
532	-10.305	0.140	3.573
361	-10.304	0.141	3.576
362	-10.304	0.141	3.209
231	-10.299	0.134	9.633
211	-10.298	0.134	3.419
215	-10.298	0.134	3.418
216	-10.298	0.134	3.423
182	-10.297	0.141	3.401
587	-10.297	0.137	3.404
593	-10.297	0.137	2.680
601	-10.297	0.137	2.680
602	-10.297	0.137	3.445
273	-10.296	0.137	3.429
298	-10.296	0.138	10.458
461	-10.296	0.137	10.463
345	-10.296	0.137	10.463
346	-10.296	0.137	10.464
329	-10.295	0.138	17.837
339	-10.295	0.138	17.426
399	-10.295	0.138	17.426
426	-10.295	0.137	17.426
295	-10.295	0.137	8.946
340	-10.295	0.137	9.422
425	-10.295	0.137	10.554
1851	-10.292	0.141	10.595
227	-10.288	0.131	0.016
164	-10.287	0.138	0.009
1845	-10.284	0.137	0.046
1846	-10.284	0.137	4.168
1847	-10.284	0.137	4.168
1843	-10.284	0.137	4.168
209	-10.276	0.130	4.136
210	-10.276	0.130	4.137
469	-10.268	0.174	4.142
470	-10.268	0.174	4.142
252	-10.267	0.175	4.142
512	-10.267	0.175	4.142
494	-10.267	0.174	4.145
502	-10.267	0.174	3.497
480	-10.246	0.170	4.057
481	-10.246	0.170	3.231
491	-10.245	0.169	3.208
492	-10.245	0.169	3.257
496	-10.244	0.169	3.267
499	-10.244	0.169	9.708
501	-10.244	0.169	9.708
506	-10.244	0.169	9.708
507	-10.244	0.169	9.708
1203	-10.243	0.162	9.708
1204	-10.243	0.162	9.706
1052	-10.240	0.161	9.640
485	-10.234	0.167	17.559
726	-10.181	0.171	9.720
729	-10.180	0.171	9.720
646	-9.931	0.236	0.001
660	-9.931	0.236	0.003
575	-9.913	0.236	0.063
628	-9.909	0.226	4.176
728	-9.788	0.291	4.140
1545	-9.774	0.313	4.129
524	-9.725	1.332	4.130
453	-9.717	1.333	4.137
356	-9.715	1.334	4.138
696	-9.714	1.338	4.138
