1335	-6.900	0.000	0.020
1302	-6.896	0.001	0.004
1245	-6.873	0.009	0.000
731	-6.869	0.008	0.005
738	-6.869	0.008	0.002
740	-6.869	0.008	0.001
741	-6.869	0.008	0.001
742	-6.869	0.008	0.067
1310	-6.779	0.005	4.124
1287	-6.775	0.005	4.140
1331	-5.414	1.622	0.007
1332	-5.262	2.008	0.007
1344	-5.262	2.008	0.007
1269	-5.262	2.008	0.007
1217	-5.229	2.005	0.049
1326	-5.169	2.006	0.021
1108	-5.000	2.397	0.061
1322	-4.998	2.429	4.162
1313	-4.997	2.429	0.009
1318	-4.997	2.429	4.165
1049	-4.940	2.410	4.165
1189	-4.937	2.410	4.165
1185	-4.934	2.410	4.165
1262	-4.933	2.406	4.165
1225	-4.930	2.406	0.040
