1792	-11.841	0.000	9.422
746	-11.834	0.003	10.554
863	-11.834	0.003	10.595
800	-11.834	0.003	4.683
799	-11.833	0.003	10.595
801	-11.833	0.003	17.489
822	-11.833	0.003	10.558
878	-11.833	0.003	4.680
935	-11.828	0.004	10.597
938	-11.827	0.004	8.927
1793	-11.817	0.016	17.584
1025	-11.473	0.030	0.010
1815	-11.433	0.032	0.024
1810	-11.418	0.034	0.016
857	-11.362	0.052	0.016
1154	-11.358	0.052	0.014
754	-11.357	0.053	0.016
767	-11.357	0.053	0.005
786	-11.357	0.053	0.020
797	-11.357	0.053	4.165
816	-11.357	0.053	0.000
909	-11.357	0.053	0.000
921	-11.357	0.053	0.005
1102	-11.357	0.052	0.001
764	-11.356	0.052	0.001
765	-11.356	0.052	0.001
783	-11.356	0.052	4.165
789	-11.356	0.052	0.003
802	-11.356	0.052	0.002
828	-11.356	0.052	4.165
836	-11.356	0.053	0.005
848	-11.356	0.052	0.042
872	-11.356	0.052	4.168
873	-11.356	0.053	4.168
883	-11.356	0.052	4.168
913	-11.356	0.052	4.168
914	-11.356	0.052	4.174
954	-11.353	0.053	4.177
956	-11.353	0.053	4.177
1224	-11.352	0.053	0.042
985	-11.350	0.053	0.063
998	-11.350	0.053	4.136
1046	-11.350	0.053	4.124
989	-11.350	0.053	4.141
991	-11.350	0.053	4.138
997	-11.350	0.053	4.129
1012	-11.350	0.053	4.130
1027	-11.350	0.053	4.137
1045	-11.350	0.053	4.138
1058	-11.350	0.053	4.141
1069	-11.350	0.053	4.140
947	-11.298	0.063	4.141
1161	-11.266	0.064	4.143
785	-10.846	2.175	17.837
787	-10.846	2.175	17.426
894	-10.846	2.175	17.426
810	-10.846	2.175	17.426
811	-10.846	2.175	8.946
1019	-10.842	2.175	8.939
1020	-10.842	2.175	10.554
963	-10.840	2.175	4.678
1286	-10.784	2.177	17.488
1299	-10.773	2.177	12.323
918	-10.771	2.176	12.323
920	-10.771	2.176	11.334
775	-10.770	2.176	13.643
776	-10.770	2.176	13.621
1814	-10.769	2.177	0.592
1208	-10.768	2.176	2.241
946	-10.768	2.176	2.241
981	-10.768	2.176	0.008
1015	-10.768	2.176	0.008
1112	-10.763	2.176	0.008
897	-10.760	2.176	0.008
965	-10.758	2.176	0.008
1023	-10.758	2.176	0.008
790	-10.683	2.176	9.720
791	-10.683	2.176	9.720
841	-10.683	2.176	9.633
953	-10.681	2.176	18.324
959	-10.681	2.176	18.324
960	-10.681	2.176	18.667
961	-10.681	2.176	18.667
1033	-10.680	2.176	3.423
1016	-10.679	2.176	3.415
1048	-10.679	2.176	18.667
763	-10.276	1.879	4.124
824	-10.275	1.879	4.136
809	-10.275	1.879	4.129
777	-10.273	1.879	4.129
1105	-10.272	1.879	4.138
1017	-10.271	1.879	4.138
1116	-10.271	1.879	4.141
1076	-10.270	1.879	4.140
839	-10.265	1.879	3.501
784	-10.198	1.879	9.720
966	-10.195	1.879	9.720
842	-10.190	1.878	9.720
808	-9.990	1.463	0.008
919	-9.990	1.463	0.008
830	-9.989	1.463	0.008
871	-9.989	1.463	0.008
980	-9.986	1.463	0.008
1229	-9.986	1.463	0.008
1168	-9.979	1.463	0.015
1159	-9.952	1.463	0.006
1798	-9.755	1.628	4.129
1165	-9.664	1.638	4.142
1800	-9.661	1.634	4.143
1805	-9.661	1.634	4.142
1809	-9.661	1.634	4.142
1817	-9.661	1.634	4.142
974	-9.541	1.602	4.033
744	-9.539	1.603	3.548
1289	-9.401	1.941	3.547
1826	-9.376	1.938	3.214
1829	-9.376	1.938	3.208
1836	-9.376	1.938	3.257
859	-9.369	1.937	3.220
860	-9.369	1.937	3.249
1021	-9.368	1.941	9.708
768	-9.367	1.937	9.708
908	-9.365	1.938	9.708
827	-9.365	1.938	9.708
952	-9.359	1.938	9.706
1083	-9.356	1.938	9.640
877	-9.346	1.938	17.563
843	-9.329	1.619	17.551
1081	-9.310	1.941	9.720
1113	-9.310	1.941	9.720
1144	-9.310	1.941	9.720
1117	-9.310	1.941	9.633
862	-9.309	1.941	18.667
1207	-9.308	1.941	18.667
866	-9.307	1.941	3.426
905	-9.307	1.941	3.423
912	-9.307	1.941	18.667
821	-9.307	1.941	3.420
834	-9.307	1.941	3.419
874	-9.307	1.941	3.419
1209	-9.299	1.670	3.407
1218	-9.299	1.670	3.393
1223	-9.299	1.670	3.445
1078	-9.299	1.670	3.443
1109	-9.299	1.670	3.429
1118	-9.299	1.670	10.458
1125	-9.299	1.670	10.463
803	-9.297	1.670	10.463
893	-9.297	1.670	10.464
1008	-9.297	1.670	10.465
1062	-9.297	1.670	10.466
1063	-9.297	1.670	10.466
1103	-9.283	1.619	17.837
1249	-9.283	1.619	17.426
982	-9.283	1.618	17.426
1035	-9.283	1.618	17.426
944	-9.282	1.618	8.946
1005	-9.282	1.618	9.422
1024	-9.282	1.618	10.554
1061	-9.282	1.618	10.613
755	-9.280	1.619	17.488
757	-9.280	1.619	10.596
772	-9.280	1.619	10.595
780	-9.280	1.619	5.059
806	-9.280	1.619	10.558
807	-9.280	1.619	10.613
820	-9.280	1.619	8.927
833	-9.280	1.619	8.927
837	-9.280	1.619	8.922
844	-9.280	1.619	8.867
867	-9.280	1.619	7.527
899	-9.280	1.619	16.474
901	-9.280	1.619	16.512
902	-9.280	1.619	16.463
907	-9.280	1.619	16.461
923	-9.280	1.619	10.883
1831	-9.219	1.621	10.674
1821	-9.217	1.620	10.886
892	-9.203	1.619	10.886
964	-8.559	1.847	3.467
853	-8.532	1.849	3.501
937	-8.531	1.850	4.027
1070	-8.530	1.850	3.505
1795	-8.529	1.849	3.556
1797	-8.529	1.849	3.573
1801	-8.527	1.849	4.033
1802	-8.527	1.849	4.033
792	-8.509	1.849	4.027
939	-8.508	1.849	3.231
904	-8.507	1.849	3.210
886	-8.500	1.850	3.208
751	-8.479	1.850	3.258
752	-8.479	1.850	3.267
761	-8.479	1.850	9.708
770	-8.479	1.850	9.708
778	-8.479	1.850	9.708
812	-8.479	1.850	9.708
869	-8.479	1.850	9.708
890	-8.479	1.850	9.706
891	-8.479	1.850	9.706
915	-8.479	1.850	9.640
1100	-8.479	1.850	17.559
1101	-8.479	1.850	17.563
1107	-8.479	1.850	17.563
1272	-8.477	1.850	17.563
1276	-8.477	1.850	17.563
1320	-8.477	1.850	17.551
987	-8.477	1.850	9.720
1799	-8.477	1.850	9.720
1013	-8.476	1.850	9.720
1849	-8.462	1.851	9.720
1031	-8.299	2.158	9.720
990	-8.298	2.158	9.720
825	-8.270	2.147	9.633
967	-8.268	2.147	18.324
1304	-8.258	2.148	18.324
819	-8.229	2.149	18.667
831	-8.229	2.149	18.667
884	-8.229	2.149	3.422
896	-8.229	2.149	18.667
1155	-8.228	2.149	18.667
948	-8.227	2.149	3.419
955	-8.227	2.149	3.419
993	-8.226	2.149	3.411
1180	-8.224	2.149	3.421
928	-8.199	2.150	3.402
849	-7.895	2.411	0.009
1050	-7.893	2.412	0.015
793	-7.597	2.228	0.016
794	-7.597	2.228	0.009
889	-7.597	2.228	0.016
750	-7.596	2.228	0.019
760	-7.595	2.228	0.020
838	-7.595	2.228	4.165
743	-7.595	2.228	0.000
951	-7.595	2.229	0.000
1186	-7.595	2.229	0.002
1057	-7.594	2.229	0.007
929	-7.593	2.229	0.001
766	-7.571	2.233	0.003
911	-7.571	2.233	0.003
748	-7.566	2.234	0.063
1091	-7.535	1.415	4.165
1150	-7.535	1.415	0.004
1151	-7.535	1.415	0.042
1196	-7.534	1.416	4.168
1007	-7.533	1.415	4.168
1039	-7.533	1.415	4.168
1219	-7.532	1.415	4.168
1145	-7.524	2.247	4.174
868	-7.523	2.247	4.177
1319	-7.503	2.230	4.177
771	-7.498	2.231	4.179
885	-7.497	2.231	4.165
758	-7.496	2.231	4.136
759	-7.496	2.231	4.123
782	-7.496	2.231	4.140
804	-7.495	2.231	4.129
1143	-7.494	2.232	4.129
1314	-7.484	1.814	4.130
1227	-7.471	2.237	4.138
1169	-7.471	2.234	4.137
1067	-7.457	1.811	4.138
1153	-7.457	1.813	4.142
1082	-7.441	1.386	4.142
1096	-7.441	1.386	4.142
1149	-7.441	1.386	4.142
1022	-7.440	1.385	4.142
1340	-7.439	1.385	4.142
1197	-7.439	1.386	4.145
1309	-7.438	1.384	3.501
1079	-7.437	1.384	3.501
1214	-7.437	1.384	3.505
1327	-7.432	2.250	3.552
1274	-7.422	1.811	4.035
1110	-7.422	2.251	4.033
1844	-7.415	1.382	3.548
887	-7.407	3.055	3.549
730	-7.406	3.057	4.039
732	-7.406	3.057	3.214
734	-7.406	3.057	3.210
735	-7.406	3.057	3.209
736	-7.406	3.057	3.270
737	-7.406	3.057	3.260
739	-7.406	3.057	9.708
745	-7.406	3.057	9.708
852	-7.406	3.056	9.708
1232	-7.404	1.383	9.708
1173	-7.400	1.383	9.706
1174	-7.400	1.383	9.706
1179	-7.400	1.383	9.706
1134	-7.395	1.808	9.640
1006	-7.394	1.808	17.559
977	-7.394	1.808	17.563
1253	-7.394	1.808	17.563
1254	-7.394	1.808	17.563
1260	-7.394	1.808	17.555
1087	-7.394	1.809	9.720
1191	-7.393	1.810	9.720
1192	-7.393	1.810	9.720
1194	-7.393	1.810	9.720
747	-7.392	3.075	9.720
1072	-7.383	3.113	9.720
1037	-7.382	3.114	9.720
1123	-7.382	3.114	9.720
1261	-7.382	3.113	9.720
1202	-7.382	3.114	9.633
879	-7.374	1.381	3.412
1301	-7.371	3.136	18.324
1282	-7.300	2.524	3.399
1277	-7.298	3.115	3.419
1278	-7.298	3.115	3.419
1324	-7.298	3.115	3.411
988	-7.298	2.525	3.421
943	-7.298	2.525	9.688
1084	-7.298	2.525	3.417
1088	-7.298	2.525	2.673
1147	-7.298	2.525	3.402
1148	-7.298	2.525	3.404
1152	-7.298	2.525	3.407
1311	-7.297	3.115	3.404
870	-7.297	2.524	2.682
1068	-7.296	2.526	3.443
876	-7.296	2.524	3.442
847	-7.295	2.524	10.458
756	-7.295	2.524	10.463
733	-7.294	2.525	10.463
1230	-7.282	2.527	10.464
1233	-7.282	2.527	10.465
1247	-7.282	2.527	10.466
1028	-7.277	2.528	10.466
817	-7.275	2.527	10.482
895	-7.268	2.531	18.246
1347	-7.143	2.540	17.426
1349	-7.143	2.539	8.946
1312	-7.142	2.540	9.422
1296	-7.127	2.500	10.554
1293	-7.127	2.499	10.613
788	-7.126	2.897	17.488
1271	-7.126	2.500	10.595
1146	-7.126	2.499	10.595
774	-7.125	2.898	4.677
882	-7.125	2.898	10.558
1042	-7.125	2.501	10.612
1187	-7.125	2.500	8.927
1201	-7.125	2.500	8.927
1093	-7.125	2.498	8.922
942	-7.124	2.489	8.867
1097	-7.124	2.489	7.527
1264	-7.124	2.500	16.474
1041	-7.124	2.499	16.512
995	-7.123	2.489	16.463
1210	-7.123	2.499	16.461
1129	-7.123	2.498	10.882
1182	-7.116	2.492	10.885
922	-7.104	2.488	10.673
958	-7.103	2.489	10.886
1029	-7.103	2.489	10.886
898	-7.094	2.490	10.890
749	-6.690	2.406	4.141
1080	-6.638	2.118	4.142
1124	-6.638	2.118	4.143
1128	-6.638	2.118	4.142
1009	-6.637	2.118	4.142
1010	-6.637	2.118	4.145
984	-6.636	2.117	3.467
1089	-6.634	2.117	3.501
968	-6.633	2.117	3.543
1188	-6.633	2.116	3.505
1205	-6.633	2.116	3.556
1206	-6.633	2.116	3.573
850	-6.633	2.117	4.033
1071	-6.631	2.116	4.033
1291	-6.621	2.120	4.027
1317	-6.620	2.120	3.231
1275	-6.618	2.119	3.209
1336	-6.616	2.120	3.208
1281	-6.615	2.120	3.258
1268	-6.614	2.121	3.270
1298	-6.612	2.121	9.708
1350	-6.609	2.120	9.707
1000	-6.606	2.125	9.707
1001	-6.606	2.125	9.708
1307	-6.604	2.289	9.708
1273	-6.602	2.287	9.706
936	-6.596	2.127	9.706
1135	-6.592	2.123	9.640
1136	-6.592	2.123	9.640
769	-6.587	2.290	17.563
875	-6.587	2.290	17.563
906	-6.587	2.290	17.563
1127	-6.586	2.290	17.563
1115	-6.586	2.290	17.551
813	-6.586	2.290	9.720
854	-6.586	2.289	9.720
888	-6.586	2.290	9.720
855	-6.586	2.289	9.720
814	-6.586	2.289	9.720
903	-6.585	2.287	9.720
924	-6.585	2.287	9.720
1038	-6.585	2.290	9.720
940	-6.585	2.290	9.720
1190	-6.585	2.290	9.633
1193	-6.585	2.290	18.324
1092	-6.584	2.122	18.324
1122	-6.584	2.288	18.667
1130	-6.584	2.288	18.667
949	-6.584	2.290	3.423
983	-6.583	2.287	3.416
1167	-6.583	2.291	18.667
1243	-6.569	2.129	3.420
1244	-6.569	2.129	3.419
1246	-6.569	2.129	3.418
1259	-6.566	2.137	3.421
1176	-6.565	2.129	3.418
1343	-6.565	2.295	3.450
1330	-6.564	2.293	3.401
1231	-6.563	2.129	3.406
1228	-6.558	2.131	10.458
926	-6.549	2.297	10.460
805	-6.547	2.294	10.463
1040	-6.547	2.298	10.463
1090	-6.547	2.298	10.464
1131	-6.546	2.294	10.465
1139	-6.546	2.294	10.466
973	-6.546	2.298	10.466
1075	-6.546	2.298	10.482
994	-6.546	2.298	10.482
996	-6.546	2.298	10.482
1011	-6.545	2.294	10.482
1056	-6.545	2.293	17.837
753	-6.544	2.292	17.426
970	-6.543	2.293	17.426
971	-6.543	2.293	17.426
1818	-6.541	2.141	17.837
1267	-6.538	2.140	8.939
1839	-6.538	2.139	9.420
1234	-6.532	2.302	10.554
1235	-6.532	2.302	10.595
1236	-6.531	2.296	10.596
1059	-6.527	2.303	10.595
1226	-6.527	2.304	17.489
957	-6.525	2.297	10.558
880	-6.522	2.305	4.680
1104	-6.514	2.142	10.597
1121	-6.513	2.143	8.927
846	-6.512	2.142	17.584
1053	-6.512	2.142	8.863
1054	-6.511	2.142	8.866
1158	-6.510	2.141	16.457
861	-6.510	2.141	16.474
832	-6.508	2.141	16.503
931	-6.503	2.142	16.461
932	-6.503	2.142	16.461
925	-6.490	2.121	10.886
979	-6.488	2.121	10.887
1004	-6.487	2.149	10.674
798	-6.487	2.149	10.887
1133	-6.485	2.122	10.890
1140	-6.485	2.122	10.890
1014	-6.470	2.124	13.643
1288	-6.469	2.306	13.621
1316	-6.467	2.125	0.606
1321	-6.467	2.306	0.589
1099	-6.464	2.126	2.241
1285	-6.464	2.307	4.190
1305	-6.463	2.307	0.012
1337	-6.462	2.307	0.012
1339	-6.462	2.307	0.012
1270	-6.461	2.308	0.012
1279	-6.461	2.307	0.012
1280	-6.461	2.307	0.012
1328	-6.461	2.307	0.012
1342	-6.459	2.308	0.019
1294	-6.457	2.309	0.033
1295	-6.457	2.309	0.033
1351	-6.456	2.309	0.033
1348	-6.455	2.309	0.007
1222	-6.449	2.161	0.007
1126	-6.449	2.307	0.007
1065	-6.448	2.307	0.007
1085	-6.447	2.126	0.014
1252	-6.447	2.307	0.020
1132	-6.447	2.307	0.020
1256	-6.446	2.307	0.021
1257	-6.446	2.307	0.018
1827	-6.444	2.126	0.020
1838	-6.444	2.126	0.001
1840	-6.444	2.126	0.024
950	-6.444	2.307	4.162
1111	-6.444	2.308	0.005
1255	-6.443	2.307	0.005
1258	-6.443	2.307	0.004
1181	-6.443	2.307	0.004
1184	-6.442	2.125	0.005
795	-6.442	2.307	0.005
1263	-6.441	2.308	4.162
1172	-6.439	2.130	0.003
1177	-6.439	2.130	0.004
930	-6.438	2.308	4.162
934	-6.438	2.308	0.008
1178	-6.432	2.310	0.040
1239	-6.429	2.311	4.165
1240	-6.429	2.311	4.165
1241	-6.429	2.311	4.165
1242	-6.429	2.311	4.165
1170	-6.428	2.311	4.172
1163	-6.425	2.133	4.174
1030	-6.425	2.311	4.174
1106	-6.406	2.316	4.177
1248	-6.399	2.135	0.058
1060	-6.397	2.164	4.133
1198	-6.377	2.195	4.121
978	-6.375	2.196	4.138
1171	-6.334	2.199	4.126
1162	-6.323	2.200	4.126
992	-6.322	2.200	4.127
1771	-6.218	2.348	4.139
1779	-6.218	2.349	4.137
900	-6.103	2.752	4.139
1292	-6.050	2.796	4.139
1828	-6.048	2.797	4.140
856	-6.045	2.776	4.140
1832	-6.045	2.815	4.140
1833	-6.045	2.815	4.143
1824	-6.045	2.815	3.498
779	-6.044	2.780	3.497
916	-6.044	2.779	3.502
917	-6.044	2.780	3.549
1819	-6.044	2.824	4.032
972	-6.041	2.795	4.030
773	-6.040	2.811	3.545
1036	-6.040	2.811	4.031
933	-6.039	2.794	4.037
1265	-6.038	2.813	3.210
986	-6.022	2.894	3.206
1003	-6.021	2.895	3.206
910	-6.021	2.895	3.217
818	-6.020	2.897	3.261
864	-6.018	2.902	9.706
881	-6.017	2.903	9.706
1794	-5.902	3.900	9.636
1830	-5.890	3.907	18.666
1848	-5.889	3.908	18.666
1215	-5.888	3.014	3.397
858	-5.887	3.920	3.417
1064	-5.878	3.927	10.464
826	-5.873	3.934	10.464
762	-5.871	3.935	10.480
1796	-5.831	3.103	10.480
829	-5.826	3.112	10.480
1002	-5.824	3.113	18.243
1086	-5.817	3.105	17.836
796	-5.816	3.104	17.425
815	-5.764	2.637	8.945
835	-5.763	2.637	9.427
845	-5.760	2.638	10.552
927	-5.760	2.638	10.611
781	-5.760	2.638	17.487
975	-5.759	2.638	10.594
1044	-5.759	2.638	10.592
1283	-5.758	2.646	4.669
1284	-5.758	2.646	10.556
1142	-5.757	2.639	8.924
1211	-5.741	2.647	7.528
962	-5.727	2.643	16.472
1325	-5.708	3.422	16.510
1055	-5.700	3.425	16.461
1300	-5.699	3.429	16.459
1120	-5.697	3.425	10.880
1141	-5.696	3.425	10.883
1213	-5.694	3.425	16.259
1047	-5.664	3.134	10.884
1345	-5.640	3.419	10.889
1290	-5.639	3.131	10.899
1199	-5.632	3.421	10.889
1200	-5.632	3.421	10.893
1073	-5.631	3.128	13.128
1074	-5.631	3.128	12.322
1138	-5.630	3.132	13.641
969	-5.629	3.129	0.588
823	-5.618	3.142	0.012
1238	-5.612	3.427	0.012
