1777	-8.209	0.000	3.418
1708	-8.205	0.000	3.418
1721	-8.204	0.000	3.408
1701	-7.730	1.780	0.036
1774	-7.730	1.780	0.036
1746	-7.597	0.039	0.016
1759	-7.574	0.041	0.001
1303	-7.214	2.650	17.837
1137	-7.210	2.644	17.426
1034	-7.209	2.644	17.426
1762	-7.089	2.637	10.675
1682	-7.040	2.637	13.129
1695	-7.040	2.637	13.129
1785	-7.039	2.638	12.324
1730	-7.036	2.638	12.323
1704	-7.035	2.638	12.323
1705	-7.035	2.638	11.335
1706	-7.035	2.638	13.507
1306	-7.021	2.634	13.621
1747	-7.017	2.634	0.592
1752	-7.003	2.135	2.241
1742	-6.995	2.638	4.188
1786	-6.995	2.638	0.008
1763	-6.993	2.637	0.008
1775	-6.993	2.637	0.008
1781	-6.992	2.637	0.008
1784	-6.992	2.637	0.008
1790	-6.956	2.139	0.008
1696	-6.937	2.589	0.009
1692	-6.936	2.589	0.009
1693	-6.936	2.589	0.036
1758	-6.933	2.141	0.036
1710	-6.916	2.145	0.036
1683	-6.911	2.586	0.010
1684	-6.911	2.587	0.010
1688	-6.911	2.586	0.010
1689	-6.911	2.587	0.010
1700	-6.911	2.586	0.014
1765	-6.909	2.587	0.052
1718	-6.907	2.587	0.016
1722	-6.906	2.587	0.016
1727	-6.906	2.587	0.016
1735	-6.906	2.587	0.009
1736	-6.906	2.587	0.005
1709	-6.906	2.587	0.020
1699	-6.807	2.245	0.003
1237	-6.804	2.245	0.045
1251	-6.802	2.245	4.165
1686	-6.801	2.245	4.166
1687	-6.801	2.245	0.003
1690	-6.801	2.245	4.168
1691	-6.801	2.245	4.168
1694	-6.801	2.245	4.168
1714	-6.796	2.246	4.168
1772	-6.795	2.246	4.176
1702	-6.794	2.245	4.177
1703	-6.794	2.245	4.176
1315	-6.794	2.244	4.176
1333	-6.794	2.244	4.136
1334	-6.794	2.244	4.137
1175	-6.777	2.243	4.142
1066	-6.775	2.243	4.129
1212	-6.775	2.243	4.129
1051	-6.774	2.243	4.138
1098	-6.774	2.243	4.144
1698	-6.565	2.242	3.418
1761	-6.564	2.243	3.406
1773	-6.563	2.243	3.399
1732	-6.558	2.243	2.680
1733	-6.558	2.243	3.445
1734	-6.558	2.243	3.443
1780	-6.478	2.243	10.893
1782	-6.478	2.243	10.893
1724	-6.472	2.243	13.130
1740	-6.472	2.243	12.221
1745	-6.472	2.241	12.324
1748	-6.472	2.241	12.323
1751	-6.472	2.241	12.402
1297	-5.957	3.778	9.706
1216	-5.957	3.773	9.706
1250	-5.956	3.773	9.706
865	-5.949	3.799	9.704
999	-5.949	3.799	9.704
1026	-5.949	3.799	9.638
1119	-5.944	3.797	17.558
945	-5.943	3.796	17.562
976	-5.943	3.796	17.562
1220	-5.943	3.798	17.562
1221	-5.943	3.798	17.562
1338	-5.941	3.802	9.718
1341	-5.941	3.801	9.718
1346	-5.941	3.802	9.718
1094	-5.941	3.794	9.718
1114	-5.941	3.795	9.718
851	-5.941	3.795	9.718
1032	-5.941	3.795	9.718
1156	-5.941	3.794	9.718
1157	-5.941	3.794	9.718
941	-5.940	3.794	9.723
1725	-5.896	3.741	18.666
840	-5.889	3.763	3.421
1018	-5.889	3.763	18.666
1743	-5.884	3.765	3.417
1744	-5.884	3.765	3.410
1749	-5.884	3.765	3.420
1787	-5.884	3.765	9.686
1791	-5.884	3.765	3.415
1712	-5.883	3.760	2.674
1726	-5.883	3.760	3.400
1685	-5.883	3.759	3.383
1697	-5.883	3.759	3.405
1715	-5.883	3.760	3.402
1716	-5.883	3.760	2.682
1717	-5.883	3.760	3.439
1719	-5.883	3.760	3.440
1741	-5.883	3.760	10.456
1768	-5.883	3.760	10.461
1769	-5.883	3.760	10.461
1770	-5.883	3.760	10.462
1776	-5.883	3.760	10.463
1707	-5.883	3.759	10.464
1095	-5.757	2.908	10.611
1183	-5.757	2.908	8.924
1166	-5.756	2.908	8.920
1160	-5.755	2.908	8.864
1077	-5.670	2.575	10.884
1713	-5.243	2.667	0.014
1164	-5.223	2.647	0.021
1731	-5.145	3.511	0.020
1778	-5.145	3.510	0.005
1728	-5.144	3.511	0.003
1755	-5.121	2.732	0.024
1756	-5.121	2.732	0.024
1757	-5.121	2.732	0.002
1729	-5.119	2.735	0.005
1737	-5.119	2.735	0.000
1738	-5.119	2.735	0.004
1739	-5.119	2.735	4.163
1323	-5.092	2.900	0.005
1766	-5.060	2.887	0.066
1789	-5.039	2.902	0.003
1788	-5.039	2.902	0.056
