1361	-12.539	0.000	2.475
1474	-12.531	0.002	2.475
1475	-12.522	0.004	25.444
1451	-12.518	0.013	25.447
1501	-12.515	0.010	25.447
1389	-12.453	0.030	25.436
1360	-12.453	0.020	2.416
1413	-12.453	0.021	2.416
1323	-12.448	0.015	26.252
1329	-12.448	0.015	26.252
1325	-12.448	0.015	26.473
1345	-12.445	0.016	8.518
1347	-12.445	0.017	8.518
1443	-12.435	0.014	8.522
1431	-12.435	0.013	8.520
1441	-12.435	0.012	8.519
1385	-12.426	0.012	8.518
1376	-11.995	0.053	0.020
1442	-11.993	0.035	2.179
1343	-11.968	0.123	2.179
1378	-11.890	0.033	6.688
1420	-11.887	0.032	6.678
1351	-11.695	3.081	10.595
1388	-11.655	3.094	10.595
1418	-11.654	3.095	10.593
1387	-11.654	3.089	10.595
1367	-11.603	2.700	6.721
1368	-11.603	2.700	6.721
1471	-11.603	2.700	6.721
1350	-11.602	2.699	6.713
1358	-11.602	2.699	6.713
1421	-11.600	2.699	6.712
1514	-11.561	3.097	6.747
1479	-11.560	3.097	6.760
1477	-11.560	3.098	6.748
1494	-11.560	3.097	6.755
1403	-11.548	3.099	6.755
1448	-11.548	3.099	6.746
1439	-11.548	3.099	6.746
1423	-11.547	3.099	6.742
1458	-11.547	3.099	6.743
1455	-11.547	3.099	6.742
1485	-11.543	3.107	6.740
1478	-11.507	3.004	6.741
1495	-11.507	3.003	6.738
1444	-11.491	3.005	7.487
1427	-11.485	3.094	7.483
1352	-11.476	3.081	6.854
1354	-11.474	3.078	6.842
1369	-11.461	3.131	6.848
1486	-11.460	3.090	6.847
1337	-11.444	3.016	7.862
1383	-11.440	3.094	7.803
1372	-11.424	3.096	7.791
1414	-11.422	3.096	2.427
1517	-11.412	3.015	2.428
1483	-11.410	3.015	2.476
1516	-11.397	3.102	25.448
1466	-11.394	3.101	25.448
1513	-11.391	3.102	25.436
1492	-11.390	3.103	2.416
1432	-11.380	3.099	2.416
1374	-11.378	3.100	2.416
1447	-11.373	3.106	2.417
1321	-11.371	3.022	2.417
1515	-11.329	3.003	26.473
1484	-11.322	3.216	26.473
1518	-11.321	3.020	8.517
1507	-11.320	3.214	26.473
1395	-11.307	3.227	8.520
1503	-11.269	2.702	8.520
1319	-11.259	3.248	8.528
1324	-11.253	3.280	8.534
1333	-11.245	3.237	0.684
1510	-11.244	3.239	0.684
1469	-11.242	3.243	0.684
1407	-11.241	3.238	0.686
1488	-11.241	3.242	25.507
1473	-11.241	3.240	25.210
1490	-11.241	3.240	25.210
1489	-11.241	3.241	25.211
1476	-11.241	3.241	2.850
1491	-11.241	3.242	2.843
1480	-11.241	3.246	2.580
1429	-11.240	3.239	2.850
1505	-11.240	3.239	0.001
1498	-11.240	3.255	0.004
1410	-11.239	3.234	25.328
1456	-11.239	3.246	0.580
1462	-11.238	3.235	0.081
1512	-11.238	3.295	2.179
1508	-11.235	2.999	2.179
1506	-11.234	3.009	2.172
1379	-11.233	3.008	12.901
1393	-11.233	3.012	6.685
1408	-11.232	3.008	6.678
1402	-11.229	3.008	2.745
1411	-11.203	3.345	2.973
1460	-11.200	3.337	2.973
1457	-11.124	3.767	10.594
1445	-11.123	3.766	10.594
1391	-11.123	3.767	10.594
1502	-11.122	3.748	10.596
1504	-11.118	3.767	10.596
1459	-11.118	3.767	10.596
1430	-11.117	3.768	10.596
1363	-11.115	3.766	10.598
1332	-11.113	3.767	10.595
1453	-11.110	3.352	10.595
1392	-11.109	2.775	10.595
1435	-11.095	3.761	10.595
1487	-11.074	3.234	6.721
1470	-11.032	3.897	6.738
1461	-11.030	3.918	6.842
1481	-11.017	2.601	2.427
1438	-11.009	3.931	2.428
1316	-10.983	3.922	25.448
1315	-10.983	3.932	25.448
1440	-10.981	2.471	25.436
1493	-10.981	2.474	2.417
1322	-10.978	3.928	2.416
1394	-10.966	3.926	26.473
1404	-10.963	3.945	26.473
1365	-10.963	3.935	8.520
1454	-10.961	3.923	26.473
1348	-10.961	3.921	8.522
1327	-10.916	2.448	0.686
1326	-10.908	3.936	25.211
1511	-10.902	3.929	2.837
1356	-10.897	3.930	2.578
1349	-10.897	3.930	0.593
1359	-10.894	2.430	25.328
1375	-10.819	3.921	10.596
1328	-10.817	3.903	10.596
1346	-10.815	3.933	10.597
1436	-10.815	3.928	10.597
1449	-10.778	2.732	6.741
1424	-10.756	3.939	7.860
1467	-10.755	3.941	7.862
1450	-10.751	3.927	2.425
1425	-10.750	3.936	2.424
1384	-10.750	3.940	2.424
1353	-10.749	3.938	2.426
1340	-10.749	3.935	2.474
1370	-10.747	3.939	25.447
1335	-10.746	3.939	25.447
1371	-10.746	3.938	25.447
1428	-10.746	3.945	25.435
1463	-10.744	3.939	2.415
1464	-10.744	3.931	2.415
1398	-10.744	3.930	2.415
1422	-10.744	3.938	2.415
1406	-10.744	3.919	2.415
1412	-10.744	3.930	2.415
1331	-10.737	3.720	2.482
1380	-10.730	2.743	8.520
1396	-10.728	3.937	8.520
1437	-10.728	3.182	8.512
1446	-10.728	3.182	8.519
1399	-10.727	3.182	8.528
1390	-10.718	3.946	8.534
1334	-10.714	3.883	2.858
1401	-10.711	3.947	2.859
1377	-10.689	3.942	0.682
1366	-10.689	3.944	0.684
1382	-10.689	3.941	25.506
1341	-10.637	3.338	2.842
1415	-10.402	2.180	10.597
