1522	-9.171	0.000	1.403
1523	-9.171	0.001	1.470
1568	-9.171	0.000	3.570
1569	-9.171	0.000	1.413
1570	-9.171	0.000	1.304
1572	-9.171	0.000	1.427
1552	-9.120	0.050	2.287
1559	-9.120	0.050	2.860
1528	-9.120	0.049	2.112
1529	-9.120	0.050	17.718
1530	-9.120	0.049	17.720
1531	-9.120	0.049	17.725
1532	-9.120	0.049	17.729
1533	-9.120	0.050	3.493
1534	-9.120	0.050	3.494
1535	-9.120	0.050	3.494
1536	-9.120	0.050	3.494
1537	-9.120	0.050	3.493
1538	-9.120	0.049	17.989
1539	-9.120	0.050	17.499
1540	-9.120	0.050	17.497
1541	-9.120	0.050	2.217
1542	-9.120	0.050	2.247
1543	-9.120	0.049	17.485
1544	-9.120	0.050	3.649
1545	-9.120	0.049	15.066
1546	-9.120	0.049	17.977
1550	-9.120	0.050	18.019
1551	-9.120	0.050	17.519
1554	-9.120	0.050	8.511
1555	-9.120	0.050	17.327
1556	-9.120	0.050	18.337
1557	-9.120	0.050	8.417
1558	-9.120	0.050	8.333
1560	-9.120	0.050	15.258
1561	-9.120	0.049	7.770
1562	-9.120	0.050	13.691
1563	-9.120	0.050	14.039
1564	-9.120	0.049	15.277
1565	-9.120	0.050	15.243
1566	-9.120	0.050	15.281
1567	-9.120	0.050	7.843
1571	-9.120	0.050	15.247
1422	-9.117	0.052	14.698
1439	-9.117	0.052	12.901
1440	-9.117	0.052	14.685
1441	-9.117	0.052	14.691
1442	-9.117	0.052	15.336
1443	-9.117	0.052	8.459
1444	-9.117	0.052	8.628
1445	-9.117	0.052	8.557
1448	-9.117	0.052	8.775
1449	-9.117	0.052	8.576
1460	-9.117	0.052	8.574
1461	-9.117	0.053	8.554
1462	-9.117	0.052	8.789
1463	-9.117	0.052	8.644
1469	-9.117	0.052	14.148
1470	-9.117	0.052	13.873
1471	-9.117	0.052	9.188
1472	-9.117	0.052	8.585
1474	-9.117	0.052	13.863
1475	-9.117	0.052	14.415
1478	-9.117	0.052	9.005
1479	-9.117	0.052	9.009
1480	-9.117	0.052	9.010
1481	-9.117	0.053	13.881
1482	-9.117	0.052	9.146
1483	-9.117	0.052	9.147
1484	-9.117	0.052	8.617
1485	-9.117	0.053	8.613
1487	-9.117	0.052	9.146
1488	-9.117	0.052	14.141
1489	-9.117	0.052	14.130
1490	-9.117	0.052	14.240
1493	-9.117	0.052	14.807
1494	-9.117	0.052	9.162
1495	-9.117	0.053	14.116
1496	-9.117	0.053	11.588
1497	-9.117	0.052	8.521
1498	-9.117	0.053	13.224
1499	-9.117	0.053	8.081
1500	-9.117	0.052	8.545
1503	-9.117	0.052	8.085
1506	-9.117	0.052	13.171
1507	-9.117	0.052	13.091
1508	-9.117	0.052	8.539
1509	-9.117	0.052	8.539
1510	-9.117	0.052	8.535
1512	-9.117	0.052	6.658
1513	-9.117	0.052	8.620
1514	-9.117	0.052	7.933
1515	-9.117	0.052	7.935
1516	-9.117	0.052	13.395
1517	-9.117	0.052	8.618
1518	-9.117	0.053	6.390
1519	-9.117	0.052	13.379
1520	-9.117	0.052	8.382
1388	-9.116	0.052	12.131
1389	-9.116	0.052	13.370
1390	-9.111	0.052	9.226
1391	-9.111	0.052	10.577
1392	-9.111	0.052	7.997
1393	-9.111	0.052	8.417
1394	-9.111	0.052	7.775
1395	-9.111	0.052	9.765
1396	-9.111	0.052	8.503
1397	-9.111	0.052	8.189
1398	-9.111	0.052	8.134
1405	-9.111	0.052	7.060
1406	-9.111	0.052	4.063
1407	-9.111	0.052	3.414
1408	-9.111	0.052	3.422
1409	-9.111	0.052	3.416
1410	-9.111	0.052	3.384
1411	-9.111	0.052	0.053
1412	-9.111	0.052	0.038
1413	-9.111	0.052	0.065
1414	-9.111	0.052	4.028
1415	-9.111	0.052	4.033
1416	-9.111	0.052	0.045
1417	-9.111	0.052	0.046
1429	-9.111	0.053	4.021
1431	-9.111	0.053	0.034
1432	-9.111	0.053	0.014
1433	-9.111	0.053	0.004
1434	-9.111	0.053	0.005
1466	-9.111	0.053	0.043
1467	-9.111	0.053	0.017
1468	-9.111	0.053	0.044
1511	-9.111	0.053	0.019
1438	-9.063	0.097	0.029
1451	-9.063	0.097	3.919
1452	-9.063	0.097	0.020
1453	-9.063	0.097	0.032
1486	-9.063	0.097	0.031
1491	-9.063	0.097	3.773
1492	-9.063	0.097	3.314
1399	-9.062	0.096	3.314
1400	-9.062	0.096	3.313
1401	-9.062	0.096	3.313
1402	-9.062	0.096	3.310
1403	-9.062	0.096	3.315
1404	-9.062	0.096	3.310
1419	-9.062	0.096	3.749
1420	-9.062	0.096	3.583
1421	-9.062	0.096	3.698
1524	-8.933	0.120	17.867
1526	-8.933	0.120	17.720
1527	-8.933	0.121	3.334
1549	-8.933	0.121	17.726
1553	-8.933	0.121	3.495
1423	-8.930	0.122	3.495
1424	-8.930	0.122	3.495
1425	-8.930	0.122	3.495
1426	-8.930	0.122	3.494
1427	-8.930	0.122	3.494
1428	-8.930	0.122	3.438
1430	-8.930	0.122	17.498
1435	-8.930	0.121	17.505
1436	-8.930	0.122	3.239
1437	-8.930	0.122	6.755
1446	-8.930	0.122	2.664
1447	-8.930	0.122	6.814
1450	-8.930	0.122	15.085
1464	-8.930	0.122	15.069
1465	-8.930	0.122	15.068
1473	-8.930	0.122	4.098
1476	-8.930	0.122	17.328
1477	-8.930	0.122	17.328
1501	-8.930	0.122	7.806
1502	-8.930	0.122	17.804
1504	-8.930	0.121	8.379
1505	-8.930	0.122	7.782
1521	-8.930	0.122	7.770
1418	-8.929	0.120	13.689
1525	-8.080	2.729	0.036
1547	-8.080	2.729	3.906
1548	-8.080	2.729	3.907
1454	-8.076	2.729	3.906
1455	-8.076	2.729	1.000
1456	-8.076	2.729	3.052
1457	-8.076	2.729	1.002
1458	-8.076	2.729	3.052
1459	-8.076	2.729	3.051
