1487	-11.409	0.000	0.027
1488	-11.409	0.000	0.674
1489	-11.409	0.000	0.674
1490	-11.409	0.000	0.016
1491	-11.409	0.000	0.016
1492	-11.409	0.000	0.676
1493	-11.409	0.000	0.676
1494	-11.409	0.000	0.001
1495	-11.409	0.000	0.001
1496	-11.409	0.000	1.312
1498	-11.409	0.000	1.312
1500	-11.409	0.000	18.706
1503	-11.409	0.000	18.700
1504	-11.409	0.000	11.198
1505	-11.409	0.000	11.196
1506	-11.409	0.000	11.196
1507	-11.409	0.000	11.196
1508	-11.409	0.000	11.196
1509	-11.409	0.000	11.196
1510	-11.409	0.000	11.196
1511	-11.409	0.000	11.196
1512	-11.409	0.000	11.196
1513	-11.409	0.000	11.553
1514	-11.409	0.000	11.553
1515	-11.409	0.000	23.836
1516	-11.409	0.000	23.836
1518	-11.409	0.000	23.831
1519	-11.409	0.000	23.831
1520	-11.409	0.000	29.476
1521	-11.409	0.000	29.456
1522	-11.409	0.000	29.456
1523	-11.409	0.000	29.456
1524	-11.409	0.000	29.456
1525	-11.409	0.000	29.455
1527	-11.409	0.000	29.455
1528	-11.409	0.000	29.455
1529	-11.409	0.000	29.455
1530	-11.409	0.000	29.455
1531	-11.409	0.000	29.456
1532	-11.409	0.000	29.456
1533	-11.409	0.000	29.456
1534	-11.409	0.000	29.439
1535	-11.409	0.000	24.316
1536	-11.409	0.000	24.317
1537	-11.409	0.000	29.442
1538	-11.409	0.000	29.440
1539	-11.409	0.000	29.441
1540	-11.409	0.000	30.242
1541	-11.409	0.000	30.242
1542	-11.409	0.000	30.243
1543	-11.409	0.000	30.239
1544	-11.409	0.000	30.239
1545	-11.409	0.000	30.239
1546	-11.409	0.000	30.239
1547	-11.409	0.000	24.030
1548	-11.409	0.000	30.470
1549	-11.409	0.000	25.321
1552	-11.409	0.000	25.320
1553	-11.409	0.000	25.321
1554	-11.409	0.000	25.321
1555	-11.409	0.000	25.321
1556	-11.409	0.000	25.320
1557	-11.409	0.000	25.321
1558	-11.409	0.000	25.321
1559	-11.409	0.000	25.320
1560	-11.409	0.000	25.321
1561	-11.409	0.000	25.321
1562	-11.409	0.000	25.321
1563	-11.409	0.000	25.320
1564	-11.409	0.000	25.346
1565	-11.409	0.000	25.347
1566	-11.409	0.000	24.426
1567	-11.409	0.000	24.427
1568	-11.409	0.000	25.306
1569	-11.409	0.000	25.305
1570	-11.409	0.000	23.933
1572	-11.409	0.000	24.120
1573	-11.409	0.000	24.120
1574	-11.409	0.000	24.120
1575	-11.409	0.000	23.927
1576	-11.409	0.000	23.927
1577	-11.409	0.000	23.927
1578	-11.409	0.000	23.927
1579	-11.409	0.000	24.111
1580	-11.409	0.000	24.111
1581	-11.409	0.000	24.111
1582	-11.409	0.000	24.111
1583	-11.409	0.000	24.111
1584	-11.409	0.000	27.047
1585	-11.409	0.000	27.048
1586	-11.409	0.000	27.048
1587	-11.409	0.000	27.048
1588	-11.409	0.000	27.048
1589	-11.409	0.000	24.111
1593	-11.409	0.000	24.110
1594	-11.409	0.000	24.110
1595	-11.409	0.000	26.702
1596	-11.409	0.000	26.702
1597	-11.409	0.000	26.702
1599	-11.409	0.000	26.702
1600	-11.409	0.000	29.173
1601	-11.409	0.000	16.023
1602	-11.409	0.000	16.023
1603	-11.409	0.000	16.023
1604	-11.409	0.000	16.023
1606	-11.409	0.000	15.967
1607	-11.409	0.000	15.967
1608	-11.409	0.000	15.967
1610	-11.409	0.000	15.967
1611	-11.409	0.000	15.997
1612	-11.409	0.000	16.005
1613	-11.409	0.000	15.965
1614	-11.409	0.000	15.965
1615	-11.409	0.000	15.965
1617	-11.409	0.000	15.965
1618	-11.409	0.000	15.965
1620	-11.409	0.000	15.965
1621	-11.409	0.000	15.965
1622	-11.409	0.000	15.965
1623	-11.409	0.000	15.965
1624	-11.409	0.000	15.982
1625	-11.409	0.000	15.981
1628	-11.407	0.000	15.981
1629	-11.407	0.000	15.981
1630	-11.407	0.000	15.981
1631	-11.407	0.000	15.982
1632	-11.407	0.000	15.981
1633	-11.407	0.000	15.981
1634	-11.407	0.000	15.982
1635	-11.407	0.000	15.971
1636	-11.407	0.000	15.981
1637	-11.407	0.000	15.981
1639	-11.407	0.000	15.980
1640	-11.407	0.000	15.983
1641	-11.407	0.000	15.981
1642	-11.407	0.000	15.981
1643	-11.407	0.000	15.980
1644	-11.407	0.000	15.972
1645	-11.407	0.000	15.972
1646	-11.407	0.000	15.972
1649	-11.407	0.000	15.973
1650	-11.407	0.000	15.970
1651	-11.407	0.000	15.971
1652	-11.407	0.000	15.971
1655	-11.407	0.000	15.971
1660	-11.407	0.000	15.972
1661	-11.407	0.000	15.970
1497	-11.269	0.038	15.970
1499	-11.269	0.038	15.971
1501	-11.269	0.038	15.970
1502	-11.269	0.038	15.971
1517	-11.269	0.038	15.971
1526	-11.269	0.038	15.970
1550	-11.269	0.038	15.971
1551	-11.269	0.038	15.971
1571	-11.269	0.038	15.971
1590	-11.269	0.038	15.971
1591	-11.269	0.038	15.971
1592	-11.269	0.038	15.970
1598	-11.269	0.038	15.971
1609	-11.269	0.038	15.969
1616	-11.269	0.038	15.969
1619	-11.269	0.038	15.969
1638	-11.267	0.038	15.969
1647	-11.267	0.038	15.973
1605	-10.927	0.089	15.988
1626	-10.927	0.093	15.988
1627	-10.927	0.093	15.988
1648	-10.925	0.088	16.833
1653	-10.925	0.088	0.026
1654	-10.925	0.088	0.674
1656	-10.925	0.088	0.674
1657	-10.925	0.088	0.016
1658	-10.925	0.088	0.016
1659	-10.925	0.088	0.677
