1727	-9.962	0.000	14.732
1770	-9.953	0.144	14.731
1709	-9.862	0.021	14.732
1728	-9.862	0.022	14.732
1726	-9.861	0.028	14.714
1746	-9.855	0.061	14.714
1730	-9.853	0.070	14.716
1740	-9.853	0.061	14.716
1771	-9.853	0.048	14.714
1759	-9.838	0.012	14.714
1774	-9.838	0.017	14.714
1769	-9.838	0.022	14.714
1763	-9.836	0.081	14.714
1758	-9.307	1.291	5.824
1743	-9.260	0.439	5.807
1777	-9.190	2.679	6.448
1700	-9.126	2.589	7.272
1703	-9.126	2.589	7.272
1722	-9.126	2.589	3.711
1734	-9.122	2.591	3.710
1750	-9.122	2.591	3.710
1737	-9.122	2.590	2.493
1739	-9.122	2.590	2.495
1744	-9.122	2.591	14.672
1735	-9.109	3.352	14.732
1752	-9.106	2.697	14.732
1705	-9.102	2.698	14.732
1766	-9.099	3.343	14.714
1741	-9.083	2.614	14.715
1773	-9.083	2.615	14.715
1749	-9.073	3.348	14.714
1729	-9.023	2.984	14.714
1708	-9.021	2.984	14.714
1768	-9.005	3.353	14.714
1747	-9.005	3.354	14.724
1748	-9.005	3.354	14.724
1775	-9.005	3.353	14.724
1755	-9.004	3.354	14.724
1767	-8.991	2.997	14.725
1742	-8.991	3.005	14.725
1761	-8.990	3.005	14.725
1718	-8.989	2.975	14.725
1704	-8.962	3.357	14.724
1707	-8.961	3.357	14.706
1765	-8.942	2.628	14.706
1713	-8.801	3.085	12.776
1721	-8.801	3.085	12.775
1725	-8.801	3.085	12.750
1702	-8.800	3.085	6.490
1738	-8.646	2.938	3.435
1762	-8.646	2.938	3.435
1716	-8.644	2.940	3.711
1720	-8.644	2.940	3.710
1714	-8.642	2.940	6.983
1698	-8.641	2.939	2.495
1724	-8.423	2.578	29.582
1764	-8.332	3.292	6.491
1731	-8.305	2.732	12.691
1751	-8.305	2.732	12.691
1711	-8.285	2.734	0.025
1706	-7.993	3.342	3.711
1723	-7.993	3.343	3.710
