1564	-12.371	0.000	8.378
1540	-12.301	0.003	8.378
892	-12.298	0.003	8.378
893	-12.298	0.003	8.377
894	-12.298	0.003	8.378
895	-12.298	0.003	8.378
1215	-12.295	0.003	8.360
947	-12.255	0.005	8.361
1037	-12.251	0.005	8.362
919	-12.250	0.005	8.363
1248	-12.246	0.005	8.360
1138	-12.246	0.005	8.360
1180	-12.246	0.005	8.361
1008	-12.245	0.005	8.361
1392	-12.245	0.005	8.360
905	-12.244	0.005	8.361
906	-12.244	0.005	8.361
977	-12.239	0.005	8.361
1178	-12.239	0.005	8.362
932	-12.229	0.005	8.362
933	-12.229	0.005	8.361
939	-12.229	0.005	8.361
942	-12.229	0.005	8.361
943	-12.229	0.005	8.361
944	-12.229	0.005	8.370
945	-12.229	0.005	8.370
952	-12.229	0.005	8.370
955	-12.229	0.005	8.371
956	-12.229	0.005	8.373
1044	-12.226	0.004	8.372
1049	-12.226	0.004	8.372
1054	-12.226	0.004	8.371
1077	-12.226	0.004	8.372
1078	-12.226	0.004	8.372
1106	-12.226	0.004	8.372
1130	-12.226	0.004	8.368
1157	-12.226	0.004	8.372
1194	-12.226	0.004	8.372
1213	-12.226	0.004	8.372
1290	-12.226	0.004	8.372
907	-12.223	0.004	8.371
908	-12.223	0.004	8.371
909	-12.223	0.004	8.371
914	-12.223	0.004	8.371
915	-12.223	0.004	8.339
916	-12.223	0.004	8.372
983	-12.220	0.004	8.371
1246	-12.220	0.004	8.373
1251	-12.220	0.004	8.373
1389	-12.209	0.004	8.373
1223	-12.201	0.004	8.368
984	-12.176	0.005	8.368
1211	-12.176	0.005	8.368
896	-11.873	2.146	8.352
897	-11.873	2.146	8.352
1496	-11.868	0.019	8.352
900	-11.867	2.147	8.352
901	-11.867	2.147	8.344
903	-11.867	2.147	7.557
937	-11.855	2.148	24.159
938	-11.855	2.148	24.159
946	-11.855	2.148	24.116
1048	-11.849	2.147	24.116
1079	-11.849	2.147	24.164
1210	-11.849	2.147	24.164
912	-11.849	2.149	24.164
1155	-11.848	2.147	24.120
993	-11.846	2.148	5.612
1143	-11.846	2.147	24.373
887	-11.846	2.151	24.373
888	-11.846	2.151	5.686
979	-11.845	2.147	25.429
980	-11.845	2.147	25.429
989	-11.844	2.148	25.429
1266	-11.844	2.148	25.429
997	-11.844	2.148	25.429
1262	-11.841	0.019	25.429
1071	-11.827	2.151	25.429
1072	-11.827	2.151	25.429
1543	-11.805	0.021	25.429
1216	-11.800	0.021	25.429
1217	-11.800	0.021	25.514
1542	-11.780	2.146	2.037
1219	-11.777	2.146	2.037
1099	-11.758	2.140	2.037
994	-11.758	2.140	2.040
1352	-11.755	2.150	2.040
1139	-11.752	2.150	9.764
1140	-11.752	2.150	9.724
988	-11.750	2.151	9.724
990	-11.750	2.151	9.724
1011	-11.750	2.150	9.722
1012	-11.750	2.150	9.722
1013	-11.750	2.150	9.722
1014	-11.750	2.150	9.722
1265	-11.750	2.151	9.722
1225	-11.749	2.151	9.723
1075	-11.749	2.150	9.726
1257	-11.749	2.151	9.725
1258	-11.749	2.151	2.189
1118	-11.747	2.151	9.693
936	-11.745	0.021	1.732
949	-11.744	0.021	1.732
1295	-11.742	0.022	9.658
1323	-11.742	0.022	9.658
1045	-11.742	0.022	7.273
1046	-11.742	0.022	7.263
1047	-11.742	0.022	7.269
1052	-11.742	0.022	7.269
1053	-11.742	0.022	7.269
1083	-11.742	0.022	7.269
1135	-11.742	0.022	7.269
1158	-11.742	0.022	7.270
1198	-11.742	0.022	0.133
1199	-11.742	0.022	9.570
1206	-11.742	0.022	2.114
1209	-11.742	0.022	2.114
1267	-11.742	0.022	2.114
1268	-11.742	0.022	2.114
1269	-11.742	0.022	2.114
1292	-11.742	0.022	2.115
1315	-11.742	0.022	2.115
1316	-11.742	0.022	2.115
1341	-11.742	0.022	2.115
1347	-11.742	0.022	2.115
1348	-11.742	0.022	2.115
1349	-11.742	0.022	2.114
1350	-11.742	0.022	2.131
954	-11.742	2.155	2.131
1041	-11.741	0.022	2.131
1153	-11.741	0.022	1.680
1154	-11.741	0.022	1.681
1181	-11.741	0.022	2.152
1182	-11.741	0.022	2.152
1189	-11.741	0.022	1.965
1192	-11.741	0.022	0.001
968	-11.740	0.022	0.000
969	-11.740	0.022	0.000
918	-11.740	0.021	1.967
910	-11.739	2.152	1.967
911	-11.739	2.152	1.967
920	-11.738	2.152	1.967
998	-11.737	0.022	0.014
1003	-11.737	0.022	0.014
1004	-11.737	0.022	0.014
1028	-11.737	0.022	0.014
1029	-11.737	0.022	0.014
1035	-11.737	0.022	4.339
1036	-11.737	0.022	4.339
1122	-11.737	0.022	4.339
1123	-11.737	0.022	4.339
1127	-11.737	0.022	0.015
1128	-11.737	0.022	0.015
1280	-11.737	0.022	0.016
1281	-11.737	0.022	3.969
1282	-11.737	0.022	3.969
1283	-11.737	0.022	3.969
1284	-11.737	0.022	3.969
1288	-11.737	0.022	5.598
1289	-11.737	0.022	5.597
1365	-11.737	0.022	8.316
1366	-11.737	0.022	8.316
1372	-11.737	0.022	8.316
1247	-11.737	0.022	8.376
992	-11.737	2.150	8.376
1273	-11.737	2.154	8.376
1436	-11.736	2.154	8.376
978	-11.735	0.022	8.376
982	-11.735	0.022	8.344
1226	-11.735	0.022	8.378
1227	-11.735	0.022	8.378
1238	-11.735	0.022	8.378
1090	-11.735	0.022	8.378
1067	-11.734	2.154	8.378
1370	-11.734	2.154	8.378
1388	-11.734	2.154	8.378
1101	-11.732	2.154	8.378
1214	-11.720	2.153	8.378
1457	-11.720	2.153	8.360
889	-11.675	2.141	8.361
890	-11.675	2.141	8.362
891	-11.675	2.141	8.362
902	-11.663	2.152	8.360
1221	-11.661	2.151	8.360
1073	-11.644	2.144	8.361
1074	-11.644	2.144	8.361
1088	-11.644	2.144	8.361
991	-11.639	2.154	8.360
1086	-11.639	2.154	8.359
1087	-11.639	2.154	8.361
1015	-11.636	2.155	8.362
1076	-11.635	2.155	8.362
1089	-11.635	2.155	8.361
972	-11.628	2.152	8.361
543	-9.256	3.693	8.361
617	-9.256	3.693	8.361
1850	-9.256	3.693	8.370
350	-9.227	3.676	8.370
351	-9.227	3.676	8.370
42	-9.225	3.674	8.370
221	-9.224	3.674	8.372
372	-9.224	3.674	8.372
373	-9.224	3.674	8.372
374	-9.224	3.674	8.372
686	-9.018	3.773	8.352
687	-9.018	3.773	8.352
616	-9.012	3.777	24.120
129	-8.994	3.765	1.732
87	-8.993	3.765	2.115
88	-8.993	3.765	2.115
89	-8.993	3.765	2.115
113	-8.993	3.765	2.115
282	-8.991	3.764	1.964
217	-8.988	3.763	0.014
218	-8.988	3.763	0.014
431	-8.987	3.763	0.016
337	-8.987	3.758	3.969
132	-8.985	3.757	8.372
166	-8.985	3.757	8.372
215	-8.985	3.757	8.372
152	-8.984	3.763	8.372
134	-8.984	3.757	8.371
196	-8.984	3.757	8.371
83	-8.984	3.757	8.371
237	-8.983	3.763	8.371
238	-8.983	3.763	8.371
474	-8.982	3.762	8.371
480	-8.982	3.762	8.371
430	-8.977	3.760	8.332
38	-8.943	3.784	25.514
1218	-8.870	2.140	9.725
490	-8.861	3.613	0.133
244	-8.857	3.610	9.570
922	-8.845	2.142	2.115
1231	-8.842	2.142	2.114
1119	-8.839	2.142	2.131
1120	-8.839	2.142	2.131
976	-8.827	2.144	8.362
1437	-8.826	2.144	8.360
898	-8.794	2.141	24.159
1504	-8.791	2.141	24.116
1494	-8.791	2.141	24.164
904	-8.790	2.141	24.164
934	-8.773	2.143	25.429
940	-8.773	2.143	25.429
927	-8.772	2.143	25.428
950	-8.772	2.143	25.429
1132	-8.770	2.142	25.429
1134	-8.770	2.142	25.514
1137	-8.770	2.142	25.514
1259	-8.770	2.142	2.037
1301	-8.770	2.142	2.037
1303	-8.770	2.142	2.040
1304	-8.770	2.142	2.040
1305	-8.770	2.142	9.764
1306	-8.770	2.142	9.723
1354	-8.770	2.142	9.724
1039	-8.770	2.142	9.724
1042	-8.770	2.142	9.724
1147	-8.770	2.142	9.722
1179	-8.770	2.142	9.722
1190	-8.770	2.142	9.722
913	-8.770	2.143	9.722
965	-8.769	2.143	9.722
1399	-8.769	2.142	9.725
921	-8.769	2.143	9.726
1020	-8.767	2.143	9.724
1022	-8.767	2.143	9.693
1031	-8.767	2.143	1.733
1096	-8.767	2.143	1.732
1097	-8.767	2.143	9.660
1124	-8.767	2.143	9.658
1173	-8.767	2.143	9.658
1224	-8.767	2.143	7.263
1242	-8.767	2.143	7.286
1249	-8.767	2.143	7.269
1362	-8.767	2.143	7.269
1371	-8.767	2.142	7.269
995	-8.766	2.143	7.269
1105	-8.766	2.143	7.269
973	-8.752	2.144	2.114
941	-8.714	1.921	8.377
1358	-8.711	1.921	8.377
996	-8.710	1.921	8.378
1007	-8.710	1.921	8.378
1156	-8.710	1.921	8.377
1005	-8.678	1.941	8.374
1129	-8.678	1.941	8.361
1017	-8.675	1.941	8.362
1188	-8.634	1.933	25.429
1545	-8.613	1.930	25.429
1566	-8.613	1.930	25.429
1493	-8.610	1.930	25.429
928	-8.588	1.931	2.037
931	-8.588	1.931	2.037
1050	-8.586	1.931	2.040
1084	-8.586	1.931	2.040
1085	-8.586	1.931	9.764
1196	-8.586	1.931	9.724
1197	-8.586	1.931	9.724
1200	-8.586	1.931	9.723
1201	-8.586	1.931	9.724
1202	-8.586	1.931	9.722
970	-8.586	1.931	9.722
1056	-8.585	1.931	9.722
1057	-8.585	1.931	9.722
1058	-8.585	1.931	9.722
1133	-8.585	1.931	9.726
1136	-8.585	1.931	9.726
1291	-8.585	1.931	9.725
1324	-8.585	1.931	9.692
1009	-8.585	1.931	1.733
1038	-8.585	1.931	1.732
1144	-8.585	1.931	9.660
1150	-8.585	1.931	9.658
1152	-8.585	1.931	9.658
1391	-8.585	1.931	7.263
1393	-8.585	1.931	7.263
1400	-8.585	1.931	7.269
1404	-8.585	1.931	7.269
917	-8.585	1.931	7.269
1024	-8.582	1.931	7.269
1025	-8.582	1.931	7.269
1026	-8.582	1.931	0.133
1027	-8.582	1.931	9.570
1030	-8.582	1.931	2.114
1063	-8.582	1.931	2.114
1098	-8.582	1.931	2.114
1115	-8.582	1.931	2.114
1116	-8.582	1.931	2.114
1126	-8.582	1.931	2.114
1171	-8.582	1.931	2.115
1367	-8.582	1.931	2.115
1373	-8.582	1.931	2.114
981	-8.581	1.931	2.115
1240	-8.581	1.931	2.115
1091	-8.581	1.931	2.115
1092	-8.581	1.931	2.114
1093	-8.581	1.931	2.131
1094	-8.581	1.931	2.131
974	-8.571	1.930	1.681
975	-8.571	1.930	2.151
1458	-8.571	1.930	2.152
754	-8.568	3.742	1.965
755	-8.568	3.742	0.001
759	-8.568	3.742	0.001
787	-8.568	3.742	0.001
793	-8.568	3.742	1.967
801	-8.568	3.742	1.967
827	-8.568	3.742	1.967
491	-8.567	3.742	1.967
494	-8.567	3.742	0.014
495	-8.567	3.742	0.014
496	-8.567	3.742	0.014
506	-8.567	3.742	0.014
520	-8.567	3.742	0.014
528	-8.567	3.742	4.339
529	-8.567	3.742	4.339
535	-8.567	3.742	4.339
536	-8.567	3.742	4.339
537	-8.567	3.742	4.339
538	-8.567	3.742	0.015
245	-8.563	3.740	0.016
690	-8.542	3.750	8.224
696	-8.542	3.750	8.224
700	-8.542	3.750	8.224
711	-8.542	3.750	8.223
715	-8.542	3.750	8.224
252	-8.542	3.750	8.224
254	-8.542	3.750	8.224
552	-8.542	3.750	8.224
558	-8.542	3.750	8.224
572	-8.542	3.750	8.224
577	-8.542	3.750	8.224
584	-8.542	3.750	8.224
598	-8.542	3.750	8.224
605	-8.542	3.750	8.224
608	-8.542	3.750	8.224
626	-8.542	3.750	8.224
651	-8.542	3.750	8.224
659	-8.542	3.750	8.223
660	-8.542	3.750	8.225
1851	-8.542	3.750	8.225
1852	-8.542	3.750	8.225
1853	-8.542	3.750	8.225
1854	-8.542	3.750	8.222
1855	-8.542	3.750	8.222
1856	-8.542	3.750	8.183
1857	-8.542	3.750	8.205
1858	-8.542	3.750	8.205
1860	-8.542	3.750	8.205
1861	-8.542	3.750	8.205
1862	-8.542	3.750	7.252
1863	-8.542	3.750	23.921
1864	-8.542	3.750	23.967
1868	-8.542	3.750	23.967
1869	-8.542	3.750	23.923
1871	-8.542	3.750	23.923
1873	-8.542	3.750	23.972
1880	-8.542	3.750	23.972
1882	-8.542	3.750	23.928
1883	-8.542	3.750	23.928
253	-8.542	3.750	24.202
255	-8.542	3.750	24.202
579	-8.542	3.750	5.331
580	-8.542	3.750	5.338
364	-8.524	3.736	24.662
294	-8.522	3.734	24.662
223	-8.521	3.734	24.662
219	-8.521	3.734	24.662
307	-8.521	3.734	24.662
438	-8.519	3.733	24.662
270	-8.517	3.733	24.662
469	-8.514	3.732	24.662
470	-8.514	3.732	24.754
475	-8.514	3.732	24.754
476	-8.514	3.732	0.228
481	-8.514	3.732	0.228
482	-8.514	3.732	0.229
484	-8.514	3.732	0.234
355	-8.514	3.732	11.090
379	-8.514	3.732	1.736
380	-8.514	3.732	11.050
277	-8.512	3.731	11.050
278	-8.512	3.731	11.051
295	-8.512	3.731	11.049
296	-8.512	3.731	11.049
300	-8.511	3.730	11.049
301	-8.511	3.730	11.049
308	-8.511	3.730	11.049
447	-8.510	3.729	11.053
448	-8.510	3.729	11.052
449	-8.510	3.729	11.020
450	-8.510	3.729	1.274
457	-8.510	3.729	1.274
462	-8.510	3.729	10.982
464	-8.510	3.729	10.981
463	-8.509	3.729	6.708
369	-8.509	3.729	6.708
370	-8.509	3.729	6.713
383	-8.509	3.729	6.710
384	-8.509	3.729	6.710
391	-8.509	3.729	6.710
396	-8.509	3.729	6.710
398	-8.509	3.729	6.709
408	-8.509	3.729	1.902
409	-8.509	3.729	2.053
410	-8.509	3.729	2.053
411	-8.509	3.729	2.053
412	-8.509	3.729	2.053
414	-8.509	3.729	2.053
415	-8.509	3.729	2.052
429	-8.509	3.729	2.053
440	-8.509	3.729	2.053
419	-8.508	3.729	2.052
313	-8.508	3.729	2.053
316	-8.508	3.729	2.053
328	-8.508	3.729	2.053
824	-8.029	3.793	1.956
858	-8.029	3.793	3.172
1506	-8.023	3.776	3.172
559	-8.022	3.800	3.172
1527	-8.022	3.777	3.172
1528	-8.022	3.777	5.418
654	-8.021	3.800	8.170
761	-8.018	3.788	8.170
788	-8.018	3.788	8.170
803	-8.018	3.787	8.170
819	-8.018	3.787	8.230
826	-8.018	3.787	8.230
856	-8.018	3.788	8.230
812	-8.018	3.787	8.230
830	-8.018	3.787	8.196
834	-8.018	3.787	8.202
874	-8.018	3.787	8.231
752	-8.016	3.787	8.231
1532	-8.015	3.782	8.231
524	-8.013	3.786	8.231
769	-8.013	3.786	8.231
772	-8.013	3.786	8.231
773	-8.013	3.786	8.231
774	-8.013	3.786	8.231
775	-8.013	3.786	8.231
776	-8.013	3.786	8.213
780	-8.013	3.786	8.213
781	-8.013	3.786	8.214
782	-8.013	3.786	8.212
783	-8.013	3.786	8.213
582	-8.011	3.794	8.213
664	-8.011	3.794	8.213
666	-8.011	3.794	8.213
1859	-8.011	3.794	8.213
1865	-8.011	3.794	8.212
1867	-8.011	3.794	8.213
1870	-8.011	3.794	8.213
1879	-8.011	3.794	8.214
1897	-8.011	3.794	8.212
694	-8.011	3.795	8.213
699	-8.011	3.795	8.213
702	-8.011	3.794	8.214
705	-8.011	3.794	8.223
706	-8.011	3.794	8.223
719	-8.011	3.794	8.223
629	-8.008	3.794	8.223
1411	-8.008	3.789	8.224
595	-8.005	3.793	8.224
684	-8.005	3.793	8.224
1451	-8.005	3.789	8.224
734	-7.932	3.818	8.224
735	-7.932	3.817	8.224
736	-7.932	3.817	8.225
740	-7.932	3.818	8.224
1360	-7.280	0.977	3.533
1243	-7.278	0.977	3.533
899	-7.273	0.976	3.534
1459	-7.272	0.976	1.956
1114	-7.260	0.979	1.956
964	-7.260	0.980	1.956
1438	-7.259	0.979	3.171
999	-7.240	0.980	3.172
1010	-7.240	0.980	3.172
1061	-7.240	0.980	3.172
1062	-7.240	0.980	5.418
1095	-7.240	0.980	8.169
1163	-7.240	0.980	8.169
1275	-7.240	0.980	8.169
1183	-7.189	0.986	8.169
1369	-7.163	0.989	8.230
1287	-7.162	0.989	8.229
1274	-7.148	0.990	8.229
1141	-7.147	0.990	8.229
1228	-7.143	0.990	8.195
1229	-7.143	0.990	8.197
1055	-7.001	2.361	8.230
1109	-7.001	2.361	8.230
1159	-7.001	2.361	8.230
1253	-7.001	2.361	8.230
1270	-7.001	2.361	8.230
1318	-7.001	2.361	8.230
923	-7.000	2.361	8.230
957	-7.000	2.361	8.230
1222	-6.910	2.352	8.230
985	-6.905	2.356	8.212
1080	-6.905	2.356	8.213
1081	-6.905	2.356	8.213
1207	-6.905	2.356	8.211
1208	-6.905	2.356	8.213
1314	-6.905	2.356	8.212
953	-6.905	2.356	8.212
958	-6.905	2.356	8.212
959	-6.905	2.356	8.213
960	-6.905	2.356	8.213
961	-6.905	2.356	8.213
962	-6.905	2.356	8.212
963	-6.905	2.356	8.214
1405	-6.905	2.356	8.211
1023	-6.904	2.356	8.213
1034	-6.904	2.356	8.213
1068	-6.904	2.356	8.213
1069	-6.904	2.356	8.223
1121	-6.904	2.356	8.223
1166	-6.904	2.356	8.223
1175	-6.904	2.356	8.223
1285	-6.904	2.356	8.223
1363	-6.904	2.356	8.224
1364	-6.904	2.356	8.223
948	-6.904	2.356	8.223
1100	-6.903	2.356	8.224
1102	-6.903	2.356	8.224
1237	-6.894	2.354	8.224
1515	-6.733	0.929	8.224
1569	-6.687	3.470	8.223
1471	-6.686	3.470	8.222
1466	-6.684	3.470	8.222
1312	-6.683	3.470	8.224
1421	-6.682	3.470	8.224
1567	-6.681	3.448	8.224
1568	-6.681	3.448	8.224
1585	-6.681	3.448	8.222
1531	-6.680	0.934	8.223
1475	-6.680	3.448	8.225
1476	-6.680	3.448	8.225
1483	-6.680	3.448	8.224
1576	-6.679	0.934	8.225
1577	-6.679	0.934	8.222
1584	-6.679	0.934	8.222
1590	-6.679	0.934	8.186
1469	-6.677	0.934	8.205
1478	-6.677	0.934	8.199
1148	-6.674	3.449	8.205
1149	-6.674	3.449	8.205
1310	-6.674	3.449	8.202
1460	-6.673	0.934	7.861
1461	-6.673	0.934	23.966
1462	-6.673	0.934	23.967
1006	-6.673	3.449	23.922
1066	-6.673	3.449	23.922
1172	-6.673	3.449	23.971
1205	-6.673	3.449	23.971
1331	-6.673	3.449	23.927
1334	-6.673	3.449	23.927
1368	-6.673	3.449	24.202
1375	-6.673	3.449	24.201
1376	-6.673	3.449	5.330
1387	-6.673	3.449	5.326
1397	-6.673	3.449	24.661
1254	-6.673	3.449	24.661
1446	-6.672	3.449	24.661
1447	-6.672	3.449	24.661
1422	-6.672	3.449	24.661
1426	-6.672	3.449	24.661
1427	-6.672	3.449	24.661
1428	-6.672	3.449	24.661
1429	-6.672	3.449	24.661
1430	-6.672	3.449	24.753
1431	-6.672	3.449	24.753
1355	-6.655	0.930	0.228
1276	-6.652	0.930	0.228
1277	-6.652	0.930	0.234
1278	-6.652	0.930	0.226
1279	-6.652	0.930	0.232
1439	-6.652	0.930	11.051
1255	-6.651	0.931	11.051
1321	-6.651	0.931	11.051
1424	-6.651	0.931	11.049
1570	-6.579	3.472	11.049
1571	-6.579	3.472	11.049
1472	-6.578	3.472	11.049
1473	-6.578	3.472	11.049
1474	-6.578	3.472	11.053
1591	-6.577	3.471	11.053
1414	-6.576	3.473	11.052
1415	-6.576	3.473	11.021
1495	-6.575	3.451	11.022
1508	-6.575	3.451	1.274
1509	-6.575	3.451	1.274
1420	-6.574	3.473	10.981
1423	-6.574	3.473	10.981
1481	-6.574	3.451	6.708
1482	-6.574	3.451	6.708
1546	-6.574	3.451	6.713
1547	-6.574	3.451	6.711
1560	-6.574	3.451	6.711
1561	-6.574	3.451	6.711
1589	-6.574	3.451	6.711
967	-6.567	3.452	6.711
1311	-6.567	3.452	1.902
1337	-6.567	3.453	10.715
1380	-6.566	3.453	2.053
1145	-6.566	3.453	2.053
1330	-6.566	3.453	2.053
1419	-6.566	3.453	2.054
1433	-6.566	3.452	2.053
1434	-6.566	3.453	2.054
1236	-6.552	3.452	2.054
1470	-5.500	2.512	1.967
1484	-5.500	2.512	1.967
1559	-5.499	2.512	0.000
1573	-5.499	2.512	0.001
1574	-5.499	2.512	0.001
1575	-5.499	2.512	1.957
1526	-5.498	2.511	1.957
1184	-5.492	2.514	1.957
1185	-5.492	2.514	1.957
1186	-5.492	2.514	1.957
1187	-5.492	2.514	1.957
1164	-5.491	2.514	3.534
1165	-5.491	2.514	3.534
1361	-5.491	2.514	3.534
1450	-5.491	2.514	3.534
986	-5.490	2.514	1.956
987	-5.490	2.514	1.956
1082	-5.490	2.514	1.956
1162	-5.490	2.514	3.172
1167	-5.490	2.514	3.173
1168	-5.490	2.514	3.173
1169	-5.490	2.514	3.173
1176	-5.490	2.514	5.418
1177	-5.490	2.514	8.169
1151	-5.489	2.514	8.169
1326	-5.489	2.514	8.169
1335	-5.489	2.514	8.169
1338	-5.489	2.514	8.230
1395	-5.489	2.514	8.229
971	-5.489	2.514	8.229
1019	-5.489	2.514	8.229
1043	-5.489	2.513	8.230
1064	-5.489	2.514	8.197
1065	-5.489	2.514	8.230
1117	-5.489	2.514	8.231
1260	-5.489	2.513	8.230
1261	-5.489	2.513	8.230
1302	-5.489	2.513	8.230
1386	-5.489	2.514	8.230
1241	-5.487	2.514	8.230
1232	-5.486	2.513	8.230
1233	-5.486	2.513	8.230
1235	-5.486	2.513	8.212
1492	-5.473	2.524	8.213
1594	-5.470	2.523	8.214
1513	-5.470	2.523	8.211
1518	-5.469	2.523	8.212
1519	-5.469	2.523	8.212
1465	-5.469	2.524	8.213
1170	-5.467	2.525	8.213
1256	-5.466	2.525	8.212
1425	-5.443	2.508	8.213
1486	-5.419	2.519	8.213
1505	-5.418	2.519	8.214
1596	-5.415	2.519	8.211
1579	-5.415	2.519	8.213
1517	-5.414	2.519	8.213
1059	-5.414	2.519	8.213
1060	-5.414	2.519	8.214
1174	-5.413	2.519	8.223
951	-5.413	2.519	8.223
1018	-5.413	2.519	8.223
1359	-5.413	2.520	8.224
1328	-5.412	2.520	8.223
1440	-5.412	2.521	8.224
1441	-5.412	2.521	8.223
1443	-5.412	2.521	8.224
1250	-5.411	2.520	8.224
1234	-5.410	2.520	8.224
1332	-5.406	2.521	8.224
1333	-5.406	2.521	8.222
1435	-5.406	2.521	8.223
1193	-5.240	2.546	8.223
1593	-5.156	3.578	8.223
1485	-5.149	3.588	8.222
1489	-5.149	3.588	8.224
1452	-5.148	3.590	8.224
1000	-5.148	3.590	8.224
1001	-5.148	3.590	8.224
1002	-5.148	3.590	8.222
1244	-5.148	3.591	8.223
1548	-5.147	3.586	8.223
1550	-5.147	3.586	8.225
1578	-5.147	3.585	8.225
1580	-5.147	3.585	8.225
1595	-5.147	3.585	8.222
1444	-5.147	3.591	8.222
1448	-5.147	3.592	8.222
1512	-5.146	3.584	8.205
1327	-5.146	3.587	8.205
1396	-5.146	3.587	8.205
1401	-5.146	3.587	8.205
1403	-5.146	3.587	8.203
924	-5.146	3.592	7.243
925	-5.146	3.592	23.966
926	-5.146	3.592	23.967
1322	-5.146	3.591	23.922
1113	-5.146	3.592	23.922
1160	-5.146	3.592	23.971
1161	-5.146	3.592	23.971
1271	-5.146	3.592	23.927
1417	-5.146	3.591	23.927
1418	-5.146	3.591	24.202
935	-5.145	3.585	24.201
1520	-5.145	3.583	24.202
1525	-5.145	3.583	5.331
966	-5.145	3.585	24.661
1032	-5.145	3.585	24.661
1033	-5.145	3.585	24.661
1040	-5.145	3.585	24.661
1307	-5.145	3.585	24.661
1309	-5.145	3.585	24.661
1070	-5.145	3.592	24.661
1286	-5.145	3.592	24.661
1407	-5.145	3.592	24.661
1511	-5.134	3.575	24.661
1195	-5.065	3.673	24.753
1390	-5.065	3.675	0.228
1293	-5.064	3.674	0.228
1317	-5.064	3.674	0.228
1342	-5.064	3.674	0.234
1343	-5.064	3.674	0.234
1344	-5.064	3.674	0.232
1239	-5.063	3.674	11.051
1502	-5.051	3.664	11.051
1503	-5.051	3.664	11.051
