1273	-6.540	0.000	10.072
1274	-6.540	0.000	10.074
1275	-6.540	0.000	10.076
1276	-6.540	0.000	5.689
1277	-6.540	0.000	3.124
1278	-6.540	0.000	5.457
1279	-6.540	0.000	5.452
1280	-6.540	0.000	23.533
1281	-6.540	0.000	5.807
1282	-6.540	0.000	5.457
1283	-6.540	0.000	23.536
1284	-6.540	0.000	6.818
1350	-6.540	0.000	6.203
1351	-6.540	0.000	6.912
1353	-6.540	0.000	6.916
999	-6.537	0.001	6.918
1000	-6.537	0.001	6.872
1001	-6.537	0.001	6.882
1002	-6.537	0.001	6.883
1004	-6.537	0.001	6.884
1005	-6.537	0.001	5.498
1008	-6.537	0.001	5.313
1009	-6.537	0.001	5.313
898	-6.537	0.001	5.423
952	-6.537	0.001	5.754
953	-6.537	0.001	8.727
954	-6.537	0.001	5.467
955	-6.537	0.001	5.474
956	-6.537	0.001	6.223
958	-6.537	0.001	3.789
959	-6.537	0.001	8.704
960	-6.537	0.001	8.698
961	-6.537	0.001	3.802
962	-6.537	0.001	3.792
963	-6.537	0.001	8.680
964	-6.537	0.001	5.618
966	-6.537	0.001	8.861
967	-6.537	0.001	1.896
968	-6.537	0.001	5.407
1285	-6.495	0.009	5.438
1317	-6.494	0.009	7.266
1318	-6.494	0.009	2.564
1319	-6.494	0.009	8.888
1320	-6.494	0.009	8.874
1321	-6.494	0.009	7.469
1322	-6.494	0.009	5.552
1323	-6.494	0.009	4.497
1324	-6.494	0.009	5.962
1325	-6.494	0.009	11.446
1326	-6.494	0.009	3.869
1327	-6.494	0.009	3.840
1328	-6.494	0.009	3.864
1329	-6.494	0.009	3.843
1330	-6.494	0.009	4.107
1331	-6.494	0.009	2.468
1332	-6.494	0.009	2.657
1333	-6.494	0.009	3.050
1334	-6.494	0.009	5.501
1335	-6.494	0.009	11.557
1336	-6.494	0.009	11.568
1337	-6.494	0.009	10.542
1338	-6.494	0.009	10.560
1339	-6.494	0.009	11.516
1340	-6.494	0.009	11.524
1341	-6.494	0.009	0.013
1342	-6.494	0.009	0.013
1343	-6.494	0.009	0.014
1344	-6.494	0.009	0.014
1345	-6.494	0.009	0.013
1346	-6.494	0.009	0.015
1347	-6.494	0.009	0.002
1348	-6.494	0.009	0.002
1349	-6.494	0.009	2.316
1364	-6.494	0.009	2.316
1365	-6.494	0.009	2.316
902	-6.492	0.010	2.316
903	-6.492	0.010	2.316
904	-6.492	0.010	2.316
905	-6.492	0.010	2.316
969	-6.492	0.010	0.000
970	-6.492	0.010	0.000
971	-6.492	0.010	0.001
972	-6.492	0.010	2.314
974	-6.492	0.010	2.312
975	-6.492	0.010	0.004
976	-6.492	0.010	2.304
977	-6.492	0.010	2.302
978	-6.492	0.010	2.291
979	-6.492	0.010	2.299
981	-6.492	0.010	0.423
982	-6.492	0.010	2.297
983	-6.492	0.010	2.297
984	-6.492	0.010	9.974
985	-6.492	0.010	2.265
986	-6.492	0.010	1.090
987	-6.492	0.010	1.090
988	-6.492	0.010	1.107
989	-6.492	0.010	10.363
990	-6.492	0.010	7.403
991	-6.492	0.010	7.405
992	-6.492	0.010	7.318
993	-6.492	0.010	10.353
994	-6.492	0.010	9.276
1418	-6.492	0.009	7.265
1419	-6.492	0.009	10.998
1420	-6.492	0.009	10.349
1424	-6.492	0.009	8.211
1426	-6.492	0.009	11.002
1531	-6.492	0.009	6.171
1534	-6.492	0.009	6.174
1535	-6.492	0.009	9.373
1536	-6.492	0.009	9.205
1537	-6.492	0.009	8.068
1548	-6.492	0.009	7.367
1549	-6.492	0.009	6.178
1550	-6.492	0.009	11.034
1551	-6.492	0.009	6.184
1552	-6.492	0.009	9.594
1555	-6.492	0.009	6.985
1556	-6.492	0.009	6.970
1557	-6.492	0.009	10.293
1558	-6.492	0.009	6.958
1559	-6.492	0.009	9.356
1560	-6.492	0.009	10.304
1013	-6.492	0.009	10.307
1014	-6.492	0.009	10.322
1015	-6.492	0.009	1.894
1016	-6.492	0.009	10.335
1017	-6.492	0.009	7.027
1018	-6.492	0.009	10.346
1019	-6.492	0.009	0.218
1020	-6.492	0.009	2.018
1021	-6.492	0.009	9.037
1022	-6.492	0.009	2.267
1023	-6.492	0.009	2.257
1024	-6.492	0.009	1.981
1025	-6.492	0.009	23.559
1026	-6.492	0.009	2.252
1027	-6.492	0.009	2.065
1028	-6.492	0.009	1.981
1029	-6.492	0.009	24.106
1030	-6.492	0.009	10.749
1031	-6.492	0.009	10.748
1045	-6.492	0.009	10.747
1046	-6.492	0.009	10.747
1047	-6.492	0.009	1.981
1048	-6.492	0.009	10.753
1049	-6.492	0.009	2.061
1050	-6.492	0.009	2.061
1051	-6.492	0.009	23.835
1052	-6.492	0.009	1.980
1053	-6.492	0.009	2.068
1054	-6.492	0.009	2.065
1055	-6.492	0.009	2.065
1056	-6.492	0.009	10.755
1057	-6.492	0.009	5.438
1058	-6.492	0.009	2.063
1059	-6.492	0.009	7.004
1060	-6.492	0.009	7.015
1061	-6.492	0.009	7.017
1062	-6.492	0.009	7.026
1063	-6.492	0.009	5.495
1064	-6.492	0.009	5.488
1065	-6.492	0.009	7.015
1066	-6.492	0.009	6.159
1067	-6.492	0.009	5.493
1068	-6.492	0.009	7.015
1069	-6.492	0.009	6.161
1070	-6.492	0.009	23.511
1071	-6.492	0.009	6.161
1072	-6.492	0.009	10.080
1073	-6.492	0.009	10.080
1074	-6.492	0.009	10.080
1075	-6.492	0.009	10.079
1076	-6.492	0.009	10.074
1077	-6.492	0.010	10.073
1078	-6.492	0.009	10.075
1079	-6.492	0.009	7.010
1080	-6.492	0.009	2.132
1081	-6.492	0.009	5.451
1082	-6.492	0.009	5.444
1083	-6.492	0.009	5.807
1084	-6.492	0.009	5.460
1085	-6.492	0.009	23.536
1086	-6.492	0.009	5.827
1087	-6.492	0.009	6.209
1088	-6.492	0.009	6.233
1089	-6.492	0.009	6.915
1090	-6.492	0.009	6.917
1091	-6.492	0.009	6.893
1092	-6.492	0.009	6.879
1093	-6.492	0.009	6.881
1358	-6.472	0.023	6.884
1359	-6.472	0.023	5.504
1360	-6.472	0.023	5.498
1361	-6.472	0.023	7.002
1362	-6.472	0.023	5.425
1363	-6.472	0.023	5.318
1371	-6.471	0.023	8.720
1372	-6.471	0.023	10.783
1373	-6.471	0.023	5.473
1374	-6.471	0.023	5.395
1375	-6.471	0.023	3.789
1376	-6.471	0.023	8.698
1377	-6.471	0.023	8.692
1482	-6.470	0.023	3.802
1483	-6.470	0.023	3.802
1484	-6.470	0.023	8.681
1485	-6.470	0.023	5.619
1486	-6.470	0.023	8.872
1487	-6.470	0.023	5.625
1032	-6.470	0.023	23.653
1033	-6.470	0.023	23.563
1034	-6.470	0.023	5.429
1035	-6.470	0.023	8.887
1036	-6.470	0.023	7.165
1037	-6.470	0.023	5.759
1038	-6.470	0.023	3.434
1039	-6.470	0.023	5.556
1040	-6.470	0.023	4.496
1041	-6.470	0.023	7.665
1042	-6.470	0.023	11.445
1043	-6.470	0.023	11.443
1044	-6.470	0.023	3.867
1094	-6.470	0.023	3.839
1095	-6.470	0.023	4.180
1096	-6.470	0.023	7.397
1097	-6.470	0.023	2.466
1529	-6.469	0.024	3.417
1098	-6.459	0.039	2.873
1099	-6.459	0.039	2.408
1100	-6.459	0.039	11.566
1101	-6.459	0.039	11.567
1102	-6.459	0.039	11.562
1103	-6.459	0.039	10.543
1104	-6.459	0.039	10.539
1105	-6.459	0.039	11.516
1106	-6.459	0.039	0.013
1107	-6.459	0.039	0.013
1108	-6.459	0.039	0.014
1109	-6.459	0.039	0.014
1110	-6.459	0.039	0.014
1111	-6.459	0.039	0.015
1112	-6.459	0.039	2.318
1113	-6.459	0.039	0.002
1114	-6.459	0.039	0.002
1115	-6.459	0.039	2.316
899	-6.459	0.039	2.316
900	-6.459	0.039	2.316
901	-6.459	0.039	2.316
946	-6.458	0.039	2.316
947	-6.458	0.039	2.316
948	-6.458	0.039	0.000
949	-6.458	0.039	0.000
950	-6.458	0.039	0.001
951	-6.458	0.039	2.319
1502	-6.456	0.040	0.004
1503	-6.456	0.040	0.004
1504	-6.456	0.040	2.304
997	-6.425	0.046	2.303
1287	-6.256	1.476	11.516
1288	-6.256	1.476	11.087
1289	-6.256	1.476	0.013
1290	-6.256	1.476	0.014
1291	-6.256	1.476	0.014
1292	-6.256	1.476	0.014
1293	-6.256	1.476	0.016
1294	-6.256	1.476	0.015
1295	-6.256	1.476	0.002
1296	-6.256	1.476	0.002
1297	-6.256	1.476	2.316
1298	-6.256	1.476	2.316
1299	-6.256	1.476	2.316
1300	-6.256	1.476	2.316
1301	-6.256	1.476	2.316
1302	-6.256	1.476	2.316
1303	-6.256	1.476	0.002
1304	-6.256	1.476	0.000
1305	-6.256	1.476	0.001
1306	-6.256	1.476	2.319
1307	-6.256	1.476	0.004
1308	-6.256	1.476	2.312
1309	-6.256	1.476	0.002
1310	-6.256	1.476	2.304
1311	-6.256	1.476	2.302
1312	-6.256	1.476	0.423
1313	-6.256	1.476	2.298
1314	-6.256	1.476	2.297
1315	-6.256	1.476	2.297
1316	-6.256	1.476	2.294
1352	-6.256	1.476	9.970
1354	-6.256	1.476	2.266
1355	-6.256	1.476	1.090
1356	-6.256	1.476	1.099
1357	-6.256	1.476	9.252
1409	-6.256	1.476	10.365
1412	-6.256	1.476	10.313
1413	-6.256	1.476	10.318
1003	-6.252	1.476	10.309
1006	-6.252	1.476	9.276
1007	-6.252	1.476	10.350
1010	-6.252	1.476	10.351
1011	-6.252	1.476	8.212
1116	-6.252	1.476	10.998
1117	-6.252	1.476	7.268
1118	-6.252	1.476	9.393
1119	-6.252	1.476	10.360
1120	-6.252	1.476	11.020
1172	-6.252	1.476	7.303
1173	-6.252	1.476	6.170
896	-6.252	1.476	9.664
897	-6.252	1.476	7.370
957	-6.252	1.476	9.659
965	-6.252	1.476	6.195
1423	-6.182	1.471	2.268
1425	-6.182	1.471	1.981
1427	-6.182	1.471	23.554
1428	-6.182	1.471	2.066
1464	-6.182	1.471	1.981
1465	-6.182	1.471	2.061
1466	-6.182	1.471	10.749
1467	-6.182	1.471	10.749
1468	-6.182	1.471	2.247
1469	-6.182	1.471	10.747
1470	-6.182	1.471	23.834
1471	-6.182	1.471	10.752
1472	-6.182	1.471	10.753
1473	-6.182	1.471	2.061
1532	-6.182	1.471	23.822
1538	-6.182	1.471	10.751
1581	-6.181	1.471	2.070
1582	-6.181	1.471	2.068
1583	-6.181	1.471	10.751
916	-6.180	1.471	2.065
973	-6.180	1.471	1.982
980	-6.180	1.471	5.438
1012	-6.180	1.471	2.063
1234	-5.488	1.531	2.067
1235	-5.488	1.531	7.013
1236	-5.488	1.531	7.018
1237	-5.488	1.531	5.494
1238	-5.488	1.531	5.486
1239	-5.488	1.531	7.016
1240	-5.488	1.531	6.159
1241	-5.488	1.531	5.501
1242	-5.488	1.531	7.019
1243	-5.488	1.531	7.016
1244	-5.488	1.531	7.018
1245	-5.488	1.531	6.160
1488	-5.488	1.531	10.079
1489	-5.488	1.531	10.079
1490	-5.488	1.531	10.080
1491	-5.488	1.531	10.074
1492	-5.488	1.531	10.072
1493	-5.488	1.531	10.073
1494	-5.488	1.531	10.075
1507	-5.488	1.531	10.070
1508	-5.488	1.531	3.124
1509	-5.488	1.531	5.453
1510	-5.488	1.531	5.777
1511	-5.488	1.531	23.533
1512	-5.488	1.531	5.807
1513	-5.488	1.531	5.459
1514	-5.488	1.531	3.719
1515	-5.488	1.531	6.816
1516	-5.488	1.531	6.816
1517	-5.488	1.531	6.912
1518	-5.488	1.531	6.916
1519	-5.488	1.531	6.919
1520	-5.488	1.531	6.871
1521	-5.488	1.531	6.882
1522	-5.488	1.531	6.883
1530	-5.488	1.531	6.885
1533	-5.488	1.531	5.498
1553	-5.488	1.531	5.496
1554	-5.488	1.531	5.328
906	-5.484	1.530	5.352
907	-5.484	1.530	5.791
908	-5.484	1.530	8.726
909	-5.484	1.530	5.474
910	-5.484	1.530	5.471
911	-5.484	1.530	6.222
912	-5.484	1.530	3.789
913	-5.484	1.530	3.790
914	-5.484	1.530	8.698
915	-5.484	1.530	3.802
917	-5.484	1.530	1.900
918	-5.484	1.530	3.787
919	-5.484	1.530	8.889
920	-5.484	1.530	5.626
921	-5.484	1.530	5.625
922	-5.484	1.530	23.661
923	-5.484	1.530	8.897
924	-5.484	1.530	7.230
925	-5.484	1.530	8.877
926	-5.484	1.530	8.886
927	-5.484	1.530	2.371
928	-5.484	1.530	3.685
929	-5.484	1.530	3.679
930	-5.484	1.530	4.512
931	-5.484	1.530	5.947
932	-5.484	1.530	11.446
933	-5.484	1.530	3.869
934	-5.484	1.530	3.840
935	-5.484	1.530	3.839
936	-5.484	1.530	4.181
937	-5.484	1.530	4.107
938	-5.484	1.530	2.473
939	-5.484	1.530	2.827
940	-5.484	1.530	4.877
941	-5.484	1.530	5.672
942	-5.484	1.530	11.567
943	-5.484	1.530	11.566
944	-5.484	1.530	11.575
945	-5.484	1.530	10.540
1253	-5.474	1.532	11.516
1254	-5.474	1.532	11.097
1255	-5.474	1.532	0.013
1256	-5.474	1.532	11.092
1257	-5.474	1.532	0.014
1258	-5.474	1.532	0.014
1259	-5.474	1.532	0.016
1246	-5.468	1.531	0.015
1247	-5.468	1.531	0.002
1248	-5.468	1.531	0.002
1249	-5.468	1.531	2.316
1250	-5.468	1.531	2.316
1251	-5.468	1.531	2.316
1495	-5.468	1.531	2.316
1496	-5.468	1.531	2.316
1497	-5.468	1.531	2.316
1505	-4.557	1.655	2.316
1506	-4.557	1.655	0.000
1231	-4.556	1.654	0.000
1232	-4.556	1.654	0.003
1233	-4.556	1.654	2.314
1523	-4.481	1.646	2.312
1524	-4.481	1.646	0.004
1525	-4.481	1.646	2.304
1526	-4.481	1.646	2.302
1527	-4.481	1.646	0.423
1528	-4.481	1.646	2.299
1260	-4.480	1.647	2.297
1261	-4.480	1.647	2.297
1262	-4.480	1.647	2.293
1263	-4.480	1.647	2.282
1264	-4.480	1.647	2.266
1265	-4.480	1.647	1.090
1266	-4.480	1.647	1.099
1267	-4.480	1.647	1.108
1268	-4.480	1.647	10.363
1269	-4.480	1.647	10.364
1270	-4.480	1.647	10.314
1271	-4.480	1.647	10.312
1272	-4.480	1.647	7.303
1366	-4.439	0.290	10.349
1367	-4.439	0.290	10.351
1368	-4.439	0.290	10.998
1369	-4.439	0.290	10.997
1370	-4.439	0.290	7.276
1410	-4.439	0.291	7.253
1444	-4.278	0.284	7.255
1447	-4.278	0.284	6.173
1448	-4.278	0.284	6.163
1449	-4.278	0.284	6.176
1450	-4.278	0.284	7.364
1452	-4.278	0.284	9.656
1455	-4.278	0.284	9.648
1456	-4.278	0.284	9.627
1457	-4.278	0.284	7.354
1445	-4.265	2.145	7.094
1446	-4.265	2.145	8.105
1451	-4.265	2.145	10.290
1453	-4.265	2.145	10.300
1454	-4.265	2.145	10.294
1474	-4.265	2.145	9.319
1475	-4.265	2.145	10.304
1476	-4.265	2.145	10.293
1477	-4.265	2.145	10.318
1540	-4.265	2.145	1.894
1541	-4.265	2.145	10.288
1542	-4.265	2.145	10.335
1543	-4.265	2.145	0.232
1544	-4.265	2.145	2.017
1381	-4.264	2.145	2.019
1382	-4.264	2.145	9.418
1383	-4.264	2.145	10.218
1384	-4.264	2.145	10.206
1385	-4.264	2.145	1.981
1386	-4.264	2.145	23.559
1387	-4.264	2.145	23.559
1388	-4.264	2.145	2.062
1389	-4.264	2.145	1.981
1390	-4.264	2.145	1.981
1391	-4.264	2.145	10.749
1392	-4.264	2.145	10.749
1393	-4.264	2.145	10.747
1394	-4.264	2.145	10.747
1395	-4.264	2.145	10.753
1396	-4.264	2.145	10.752
1397	-4.264	2.145	2.061
1398	-4.264	2.145	2.061
1399	-4.264	2.145	23.835
1400	-4.264	2.145	2.068
1401	-4.264	2.145	2.068
1402	-4.264	2.145	5.561
1403	-4.264	2.145	10.748
1404	-4.264	2.145	1.983
1405	-4.264	2.145	5.438
1406	-4.264	2.145	2.063
1407	-4.264	2.145	7.007
1408	-4.264	2.145	7.015
995	-4.264	2.145	7.018
996	-4.264	2.145	7.016
1286	-4.264	2.145	5.485
1421	-4.264	2.145	6.158
1422	-4.264	2.145	5.507
1566	-4.264	2.145	6.159
1567	-4.264	2.145	6.161
1568	-4.264	2.145	7.014
1569	-4.264	2.145	7.017
1570	-4.264	2.145	6.163
1571	-4.264	2.145	10.079
1572	-4.264	2.145	10.080
1573	-4.264	2.145	10.080
1574	-4.264	2.145	10.080
1575	-4.264	2.145	10.072
1576	-4.264	2.145	3.140
1577	-4.264	2.145	10.076
1578	-4.264	2.145	7.015
1579	-4.264	2.145	3.124
1580	-4.264	2.145	7.033
998	-4.263	2.146	5.450
1942	-4.215	0.280	5.768
1949	-4.215	0.280	5.807
1955	-4.215	0.280	5.457
1984	-4.215	0.280	23.536
1985	-4.215	0.280	6.818
1991	-4.215	0.280	6.853
1938	-4.198	2.146	6.913
1939	-4.198	2.146	6.917
1940	-4.198	2.146	6.918
1941	-4.198	2.146	6.895
1943	-4.198	2.146	6.880
1944	-4.198	2.146	6.911
1945	-4.198	2.146	6.886
1946	-4.198	2.146	5.498
1947	-4.198	2.146	5.495
1948	-4.198	2.146	5.313
1950	-4.198	2.146	5.423
1951	-4.198	2.146	5.786
1952	-4.198	2.146	8.727
1953	-4.198	2.146	5.467
1954	-4.198	2.146	5.474
1956	-4.198	2.146	6.223
1957	-4.198	2.146	3.789
1958	-4.198	2.146	8.704
1959	-4.198	2.146	8.698
1960	-4.198	2.146	3.802
1961	-4.198	2.146	3.792
1962	-4.198	2.146	8.681
1963	-4.198	2.146	5.621
1964	-4.198	2.146	8.862
1965	-4.198	2.146	5.614
1966	-4.198	2.146	23.653
1967	-4.198	2.146	8.897
1968	-4.198	2.146	3.236
1969	-4.198	2.146	8.877
1970	-4.198	2.146	2.575
1971	-4.198	2.146	5.745
1972	-4.198	2.146	3.417
1973	-4.198	2.146	5.552
1974	-4.198	2.146	4.497
1975	-4.198	2.146	5.963
1976	-4.198	2.146	11.446
1977	-4.198	2.146	3.832
1978	-4.198	2.146	3.867
1979	-4.198	2.146	3.864
1980	-4.198	2.146	3.840
1981	-4.198	2.146	3.853
1982	-4.198	2.146	2.466
1983	-4.198	2.146	2.657
1986	-4.198	2.146	4.038
1987	-4.198	2.146	2.210
1988	-4.198	2.146	11.557
1989	-4.198	2.146	11.567
1990	-4.198	2.146	11.562
1378	-4.190	3.271	10.544
1379	-4.190	3.271	10.556
1380	-4.190	3.271	11.521
1252	-4.189	3.272	0.013
1498	-4.189	3.272	0.013
