1171	-10.412	0.000	9.000
1092	-10.412	0.002	8.989
303	-10.411	0.002	11.183
1363	-10.411	0.002	9.064
1700	-10.411	0.002	9.078
1701	-10.411	0.002	7.796
1703	-10.411	0.002	8.727
1699	-10.411	0.002	8.537
1199	-10.411	0.005	11.580
253	-10.410	0.002	11.577
256	-10.410	0.002	9.737
450	-10.410	0.002	9.735
470	-10.410	0.002	11.574
292	-10.410	0.003	9.760
1570	-10.410	0.018	9.673
1595	-10.408	0.049	11.604
359	-10.402	0.022	8.614
70	-10.401	0.010	3.819
171	-10.401	0.004	11.615
188	-10.401	0.012	3.830
182	-10.401	0.004	3.831
156	-10.401	0.006	-0.000
181	-10.401	0.005	4.467
216	-10.401	0.005	11.861
7	-10.399	0.005	3.221
141	-10.197	0.079	3.813
102	-10.197	0.078	12.491
112	-10.197	0.078	3.813
205	-10.196	0.077	12.488
176	-10.196	0.078	26.855
31	-10.194	0.076	12.495
95	-10.095	0.066	12.495
79	-10.095	0.066	3.788
80	-10.095	0.066	26.844
134	-10.095	0.066	3.200
50	-10.094	0.065	3.878
163	-10.094	0.066	3.865
168	-10.094	0.066	12.493
206	-10.094	0.066	3.840
411	-10.023	0.065	12.495
258	-9.913	0.052	12.500
302	-9.913	0.051	3.810
272	-9.913	0.051	9.819
456	-9.913	0.052	9.825
361	-9.912	0.054	9.828
630	-9.912	0.051	7.367
431	-9.912	0.052	7.368
269	-9.912	0.050	9.826
223	-9.903	0.046	9.826
792	-9.880	0.052	7.373
473	-9.880	0.048	7.363
483	-9.880	0.048	8.991
410	-9.879	0.042	9.826
658	-9.879	0.033	8.991
398	-9.867	0.051	11.757
281	-9.867	0.056	11.759
676	-9.866	0.025	11.759
678	-9.866	0.025	11.751
356	-9.860	0.020	11.750
159	-9.858	0.046	11.751
242	-9.858	0.046	-0.000
49	-9.858	0.050	11.751
81	-9.858	0.051	4.571
91	-9.858	0.051	7.346
96	-9.858	0.051	7.340
97	-9.858	0.051	26.456
213	-9.858	0.051	7.651
215	-9.858	0.051	7.350
69	-9.857	0.044	1.965
86	-9.857	0.043	9.447
35	-9.855	0.045	9.495
59	-9.848	0.031	9.587
60	-9.848	0.031	9.591
16	-9.845	0.030	9.594
64	-9.844	0.027	9.569
137	-9.844	0.027	9.560
18	-9.842	0.026	9.562
1510	-9.837	0.052	9.569
300	-9.835	0.052	7.398
260	-9.835	0.052	7.396
266	-9.835	0.052	11.499
268	-9.835	0.052	7.296
304	-9.835	0.053	9.533
459	-9.835	0.052	10.891
475	-9.835	0.052	7.412
265	-9.835	0.052	10.898
1528	-9.835	0.039	10.897
1483	-9.834	0.058	1.870
295	-9.834	0.046	1.864
551	-9.834	0.053	10.886
1765	-9.833	0.065	1.856
139	-9.826	0.045	3.596
53	-9.826	0.048	10.882
113	-9.826	0.048	10.606
162	-9.826	0.048	7.519
190	-9.825	0.048	3.594
225	-9.825	0.047	26.780
126	-9.825	0.047	7.386
208	-9.825	0.046	9.171
92	-9.825	0.047	3.912
115	-9.825	0.048	3.914
116	-9.825	0.048	9.416
143	-9.825	0.048	3.206
26	-9.824	0.047	3.204
33	-9.823	0.048	-0.000
24	-9.823	0.047	14.108
1485	-9.823	0.047	14.128
199	-9.815	0.027	2.962
109	-9.811	0.023	3.178
1514	-9.807	0.061	1.842
1228	-9.800	0.064	1.829
1494	-9.800	0.062	2.865
1527	-9.800	0.062	5.347
1130	-9.800	0.061	5.351
1584	-9.799	0.062	4.313
1526	-9.798	0.069	5.094
1112	-9.797	0.068	14.091
1572	-9.794	0.055	14.092
1072	-9.793	0.060	13.067
1413	-9.790	0.069	13.051
1058	-9.789	0.108	14.067
1160	-9.787	0.083	14.050
1596	-9.776	0.112	5.442
1336	-9.757	0.079	5.442
1509	-9.748	0.077	5.442
1314	-9.747	0.078	5.442
1406	-9.747	0.146	5.443
1013	-9.746	0.077	5.443
1271	-9.745	0.066	5.448
1282	-9.740	0.091	5.448
1308	-9.738	0.070	4.194
1231	-9.733	0.200	4.194
1034	-9.676	0.204	4.194
1280	-9.634	0.303	4.194
1668	-9.549	0.263	4.194
1438	-9.527	0.473	4.195
1053	-9.241	0.886	5.449
843	-9.237	0.103	5.449
296	-9.236	0.101	4.195
461	-9.236	0.106	5.449
818	-9.236	0.106	4.197
261	-9.236	0.105	5.449
262	-9.236	0.105	4.194
451	-9.236	0.105	4.194
457	-9.236	0.105	5.503
282	-9.236	0.105	4.198
552	-9.236	0.105	4.199
293	-9.236	0.105	-0.000
453	-9.235	0.120	4.231
442	-9.232	0.106	4.209
438	-9.232	0.106	4.238
436	-9.232	0.105	5.461
333	-9.229	0.122	5.461
142	-9.229	0.104	5.462
103	-9.229	0.101	12.873
83	-9.228	0.111	12.874
341	-9.228	0.105	12.865
334	-9.228	0.104	12.864
477	-9.228	0.109	13.858
321	-9.228	0.107	12.834
324	-9.228	0.107	12.856
339	-9.228	0.104	13.320
467	-9.228	0.107	13.320
311	-9.228	0.108	9.842
344	-9.228	0.104	8.638
421	-9.228	0.107	9.821
338	-9.228	0.102	9.868
322	-9.228	0.105	9.875
532	-9.227	0.111	12.308
68	-9.227	0.098	9.957
395	-9.227	0.104	12.209
271	-9.227	0.107	12.253
284	-9.227	0.108	9.651
366	-9.227	0.107	12.089
367	-9.227	0.108	14.021
428	-9.227	0.108	11.983
479	-9.227	0.107	10.604
521	-9.227	0.108	12.582
586	-9.227	0.108	12.584
326	-9.227	0.108	12.582
363	-9.227	0.108	12.594
509	-9.227	0.107	9.683
516	-9.227	0.107	8.729
625	-9.227	0.107	12.615
278	-9.227	0.106	5.414
313	-9.227	0.108	9.514
289	-9.227	0.107	5.429
498	-9.227	0.107	4.431
505	-9.227	0.107	5.422
329	-9.227	0.107	12.147
396	-9.227	0.103	27.678
750	-9.227	0.107	-0.000
530	-9.226	0.109	4.414
407	-9.226	0.103	4.413
575	-9.226	0.107	27.793
629	-9.226	0.105	4.211
568	-9.226	0.104	4.337
290	-9.226	0.107	13.509
536	-9.226	0.100	13.508
389	-9.226	0.096	13.508
379	-9.223	0.098	13.506
369	-9.223	0.084	4.413
239	-9.220	0.101	4.410
155	-9.220	0.104	13.512
193	-9.220	0.103	4.321
229	-9.219	0.099	4.321
245	-9.219	0.104	27.582
179	-9.218	0.104	4.406
4	-9.218	0.113	4.394
357	-9.216	0.083	8.350
351	-9.214	0.089	4.371
77	-9.211	0.089	4.395
152	-9.211	0.090	8.243
355	-9.208	0.082	4.340
1538	-9.204	0.102	10.777
1539	-9.204	0.100	10.788
866	-9.203	0.118	10.790
831	-9.203	0.106	10.790
978	-9.203	0.099	8.295
1226	-9.203	0.103	8.293
694	-9.203	0.099	10.031
697	-9.203	0.099	8.302
474	-9.203	0.102	10.787
485	-9.203	0.102	10.788
301	-9.203	0.102	10.789
855	-9.203	0.099	10.034
1377	-9.203	0.102	12.834
1574	-9.203	0.102	12.835
1605	-9.203	0.100	12.836
801	-9.203	0.101	12.836
255	-9.202	0.103	12.826
743	-9.202	0.097	12.829
659	-9.202	0.103	12.832
664	-9.202	0.102	8.485
823	-9.202	0.102	5.816
634	-9.202	0.102	-0.000
1542	-9.202	0.079	8.279
1777	-9.201	0.102	27.259
1768	-9.201	0.101	8.603
1773	-9.201	0.102	8.284
1789	-9.201	0.102	27.262
1783	-9.200	0.114	10.487
1772	-9.200	0.100	9.912
443	-9.199	0.104	10.588
707	-9.199	0.095	10.590
1782	-9.198	0.092	10.593
1787	-9.197	0.134	10.547
1360	-9.196	0.105	10.556
1623	-9.196	0.103	10.561
1432	-9.196	0.107	10.561
1435	-9.196	0.102	8.334
1436	-9.196	0.098	8.236
1622	-9.195	0.104	8.236
1430	-9.195	0.102	8.327
1712	-9.195	0.103	8.579
1741	-9.195	0.104	11.912
1705	-9.195	0.101	8.373
1566	-9.194	0.104	8.379
1567	-9.194	0.104	9.939
1684	-9.194	0.104	2.516
480	-9.194	0.104	11.895
609	-9.193	0.105	11.891
408	-9.193	0.100	2.496
653	-9.193	0.104	2.510
1835	-9.193	0.104	11.876
600	-9.193	0.104	8.440
523	-9.193	0.104	11.565
548	-9.193	0.104	4.350
593	-9.193	0.103	8.317
606	-9.193	0.104	8.352
646	-9.193	0.104	10.144
656	-9.193	0.104	5.117
1556	-9.193	0.104	11.469
1810	-9.193	0.104	11.433
1838	-9.193	0.104	10.358
624	-9.193	0.100	8.468
598	-9.193	0.103	1.526
1809	-9.192	0.104	10.276
1877	-9.192	0.104	15.317
1799	-9.192	0.105	-0.000
1819	-9.192	0.099	4.112
1560	-9.191	0.084	3.955
1706	-9.191	0.097	4.109
384	-9.190	0.145	3.798
1220	-9.190	0.087	6.411
463	-9.189	0.125	6.233
128	-9.186	0.101	6.534
122	-9.185	0.116	7.305
1723	-9.185	0.094	15.965
1722	-9.184	0.093	15.950
1152	-9.180	1.164	16.478
1734	-9.168	0.105	16.467
1661	-9.155	0.149	15.837
1324	-9.152	0.115	15.834
762	-9.151	0.116	22.948
1779	-9.151	0.104	22.948
1750	-9.149	0.116	22.948
1762	-9.149	0.116	22.948
700	-9.148	0.218	22.948
1752	-9.147	0.108	22.946
1458	-9.136	0.151	22.949
1402	-9.117	1.908	22.949
1742	-9.111	0.182	22.928
1803	-9.074	0.174	22.928
1117	-9.074	1.276	22.928
1446	-9.065	1.619	22.928
1154	-9.050	0.643	22.928
1486	-9.030	0.280	22.928
1817	-8.983	0.316	22.948
1830	-8.908	0.399	22.940
1743	-8.894	0.430	22.940
1737	-8.865	0.466	16.731
1428	-8.855	0.479	23.200
105	-8.846	0.808	23.200
93	-8.843	0.807	23.207
94	-8.843	0.805	16.609
230	-8.781	2.072	19.055
1805	-8.756	0.652	19.052
1808	-8.721	0.811	17.435
1747	-8.712	0.681	19.048
47	-8.706	1.916	16.524
1439	-8.666	0.955	18.318
89	-8.645	1.875	16.940
132	-8.645	1.878	17.393
219	-8.645	1.878	17.393
160	-8.644	1.880	17.391
1610	-8.590	1.077	15.935
1	-8.568	2.121	24.419
207	-8.524	1.153	17.240
808	-8.521	0.225	24.415
432	-8.499	0.169	24.540
439	-8.497	0.183	24.541
337	-8.497	0.181	17.239
172	-8.495	1.870	19.637
164	-8.495	1.872	24.554
360	-8.494	1.889	16.909
209	-8.493	0.177	16.900
154	-8.485	0.179	19.563
178	-8.478	1.886	17.750
976	-8.478	0.179	19.576
860	-8.468	0.175	17.533
841	-8.468	0.174	17.533
1774	-8.466	0.175	17.532
150	-8.462	0.180	17.535
1846	-8.457	0.181	17.536
1843	-8.457	0.179	17.227
1831	-8.455	0.170	22.685
1818	-8.453	0.229	19.601
1828	-8.443	0.179	19.610
1876	-8.443	0.178	19.379
1866	-8.443	0.178	19.606
1728	-8.431	0.181	18.000
1731	-8.431	0.179	17.588
717	-8.428	0.177	17.588
787	-8.424	0.198	17.598
775	-8.418	0.625	17.600
1764	-8.398	0.194	17.608
1754	-8.385	0.193	19.562
1871	-8.379	0.234	19.565
372	-8.337	1.881	19.463
446	-8.336	1.881	19.552
330	-8.336	1.881	24.750
365	-8.336	1.883	17.192
579	-8.335	1.879	17.193
542	-8.335	1.880	24.768
283	-8.334	1.879	24.769
312	-8.334	1.881	17.196
259	-8.327	1.878	2.327
288	-8.323	1.868	18.562
210	-8.312	1.877	19.401
87	-8.306	2.101	23.106
149	-8.304	2.102	19.356
107	-8.303	2.056	25.947
346	-8.293	1.860	17.739
174	-8.280	1.859	24.458
368	-8.277	1.874	25.467
495	-8.276	1.873	29.727
547	-8.271	1.871	24.311
328	-8.271	1.873	23.705
362	-8.271	1.873	24.821
522	-8.270	1.872	4.529
1002	-8.269	1.405	4.529
305	-8.267	1.871	4.525
1639	-8.259	1.682	3.971
133	-8.249	1.868	3.969
185	-8.247	1.867	4.446
1259	-8.243	1.391	7.661
405	-8.222	1.848	7.661
392	-8.216	1.844	7.660
393	-8.216	1.844	7.482
440	-8.211	1.917	7.665
592	-8.173	0.686	7.483
252	-8.171	1.877	7.483
435	-8.170	1.173	7.483
622	-8.157	1.892	7.665
345	-8.154	1.094	7.666
1717	-8.148	1.191	7.663
409	-8.146	1.092	7.665
165	-8.142	1.225	7.490
318	-8.141	2.100	7.489
683	-8.140	0.896	7.489
184	-8.139	2.101	7.489
454	-8.137	1.182	7.488
520	-8.137	1.183	7.488
645	-8.136	1.153	7.486
416	-8.132	1.221	3.830
636	-8.131	1.170	3.830
748	-8.129	1.000	3.774
745	-8.129	0.993	3.778
390	-8.129	1.185	3.126
529	-8.125	1.176	2.980
247	-8.118	2.059	3.823
946	-8.114	1.126	3.826
280	-8.114	1.980	4.250
970	-8.113	1.146	4.249
1349	-8.113	1.727	3.311
203	-8.112	2.058	2.937
996	-8.112	1.091	3.394
1016	-8.111	1.157	4.264
1721	-8.110	0.997	4.275
727	-8.109	1.873	2.877
768	-8.107	1.275	3.089
710	-8.103	1.085	3.088
627	-8.103	1.353	3.069
671	-8.102	1.214	3.503
1827	-8.092	1.049	2.912
1852	-8.091	1.266	3.501
1821	-8.090	1.312	3.521
852	-8.087	1.131	3.525
735	-8.079	1.143	3.533
921	-8.077	1.125	7.746
905	-8.076	1.164	3.540
1848	-8.076	1.298	7.737
496	-8.062	1.924	2.849
541	-8.058	1.923	9.325
212	-8.057	1.990	9.325
1802	-8.053	0.792	9.326
120	-8.051	2.029	9.317
121	-8.051	2.029	3.598
238	-8.048	1.111	3.598
567	-8.042	2.029	9.326
572	-8.042	2.029	9.323
500	-8.041	2.029	9.322
387	-8.039	2.029	3.601
325	-8.035	2.028	3.601
1011	-8.014	1.252	9.464
1798	-8.011	1.922	18.838
899	-8.006	1.912	3.602
1788	-8.000	0.225	3.600
953	-7.977	1.908	2.535
881	-7.977	1.909	2.534
674	-7.976	2.083	2.535
378	-7.974	2.046	3.395
812	-7.970	1.278	3.400
1033	-7.944	2.145	3.313
297	-7.930	2.602	1.965
1807	-7.929	0.336	1.950
323	-7.923	2.112	2.453
195	-7.876	2.040	5.786
167	-7.871	1.998	5.792
114	-7.871	1.998	5.793
192	-7.870	1.991	4.660
1128	-7.867	2.864	5.791
54	-7.866	2.001	4.662
214	-7.861	2.038	4.666
512	-7.859	2.038	4.666
270	-7.858	2.038	4.671
287	-7.857	2.038	12.720
241	-7.855	2.039	4.694
298	-7.855	2.038	5.851
430	-7.853	2.038	5.852
476	-7.852	2.037	11.957
309	-7.851	2.038	13.020
343	-7.847	2.039	13.005
639	-7.818	2.036	12.115
224	-7.779	2.035	12.730
129	-7.776	2.035	12.726
170	-7.773	2.035	12.728
180	-7.773	2.035	10.871
166	-7.772	2.035	12.723
217	-7.772	2.035	12.734
537	-7.770	2.035	11.756
544	-7.770	2.035	12.753
590	-7.770	2.034	9.719
277	-7.769	2.035	5.783
286	-7.768	2.035	4.903
1867	-7.767	0.950	12.314
299	-7.766	2.035	13.097
427	-7.764	2.034	4.634
314	-7.762	2.035	4.809
123	-7.740	2.425	13.665
1008	-7.740	1.996	4.873
374	-7.719	2.043	12.997
511	-7.683	2.132	8.573
464	-7.679	1.998	8.525
267	-7.676	1.983	8.833
263	-7.676	1.991	12.081
98	-7.663	2.012	10.154
404	-7.660	2.036	3.013
406	-7.660	2.036	3.012
127	-7.657	2.007	12.060
250	-7.651	1.921	4.761
462	-7.648	2.141	3.013
340	-7.640	2.035	11.746
714	-7.637	2.035	11.617
332	-7.629	2.001	4.526
401	-7.628	2.001	4.521
424	-7.625	2.035	15.599
739	-7.624	2.036	4.367
243	-7.624	2.002	4.495
426	-7.623	2.266	4.497
275	-7.609	2.280	3.166
1242	-7.605	3.410	4.181
316	-7.601	2.287	7.085
782	-7.597	1.989	6.244
545	-7.595	1.984	7.016
578	-7.594	1.998	6.482
596	-7.593	2.010	5.962
650	-7.591	2.013	6.478
489	-7.591	1.999	5.963
506	-7.589	1.989	5.961
716	-7.588	2.034	5.962
729	-7.588	2.034	5.962
497	-7.587	2.017	6.512
144	-7.587	1.977	6.511
825	-7.586	2.022	6.511
1670	-7.586	0.964	6.511
501	-7.581	2.032	6.511
186	-7.576	1.983	5.963
594	-7.566	2.076	5.965
643	-7.563	2.029	6.509
515	-7.562	2.029	6.508
571	-7.562	2.029	5.963
534	-7.562	2.029	6.510
388	-7.559	2.029	6.510
254	-7.558	2.030	5.831
319	-7.554	2.029	6.506
752	-7.541	1.634	6.506
531	-7.540	2.005	6.506
1667	-7.537	1.673	6.496
760	-7.535	2.024	6.319
761	-7.535	2.024	6.325
763	-7.535	2.025	6.332
764	-7.535	2.024	6.082
471	-7.534	1.939	6.082
1756	-7.532	2.025	6.040
1759	-7.532	2.024	4.597
1763	-7.532	2.024	6.072
802	-7.532	2.008	6.074
1720	-7.530	2.014	6.609
452	-7.530	2.091	6.608
725	-7.527	2.003	4.556
696	-7.523	1.993	4.559
898	-7.523	2.014	4.201
157	-7.523	2.009	4.198
146	-7.518	2.093	5.582
582	-7.514	2.028	5.578
613	-7.514	2.028	5.565
617	-7.514	2.028	4.583
628	-7.514	2.028	4.532
641	-7.514	2.028	4.931
644	-7.514	2.028	6.066
654	-7.514	2.028	6.073
549	-7.514	2.028	6.069
517	-7.513	2.028	5.376
580	-7.513	2.028	6.077
1014	-7.511	2.011	6.068
799	-7.510	2.029	7.546
1739	-7.510	2.028	6.072
1736	-7.510	2.028	6.102
1858	-7.510	2.028	6.014
1825	-7.510	2.028	7.700
276	-7.509	2.029	7.701
448	-7.508	2.028	5.226
1786	-7.507	2.029	5.369
466	-7.507	2.028	5.358
468	-7.507	2.028	7.659
441	-7.506	2.028	19.812
310	-7.506	2.028	19.812
490	-7.504	2.029	7.783
487	-7.504	2.029	7.660
491	-7.504	2.029	7.657
403	-7.504	2.004	5.796
817	-7.501	2.009	5.795
870	-7.500	2.044	5.798
67	-7.495	2.027	3.569
1755	-7.481	2.009	5.220
507	-7.481	2.009	5.215
1851	-7.480	2.010	3.491
811	-7.478	2.020	2.513
1708	-7.478	2.007	2.514
1820	-7.477	2.013	6.257
1823	-7.477	2.013	7.026
1836	-7.477	2.007	5.961
1776	-7.476	2.009	5.961
1845	-7.475	2.018	5.961
236	-7.471	2.009	5.961
695	-7.470	2.016	6.512
222	-7.469	2.012	6.512
932	-7.463	2.014	6.512
240	-7.459	2.395	5.648
667	-7.456	1.967	5.643
535	-7.453	1.997	6.088
307	-7.449	2.012	4.661
336	-7.449	2.020	6.083
381	-7.449	1.644	6.080
352	-7.446	2.105	5.177
839	-7.443	2.021	5.171
148	-7.441	2.109	6.614
947	-7.440	1.567	6.613
201	-7.426	2.083	6.106
951	-7.423	2.020	6.115
251	-7.422	2.345	6.013
968	-7.421	2.003	7.700
859	-7.420	2.021	6.505
353	-7.391	2.106	5.800
993	-7.376	2.042	2.608
827	-7.375	2.041	5.225
943	-7.372	2.041	3.518
1084	-7.369	1.790	2.542
934	-7.368	2.229	2.531
1150	-7.368	1.788	2.519
1460	-7.368	1.790	2.525
1614	-7.368	1.790	2.522
1702	-7.368	1.791	2.523
1704	-7.368	1.791	3.503
1707	-7.368	1.791	3.358
1389	-7.367	1.788	3.357
350	-7.366	1.649	3.904
1568	-7.366	1.790	3.900
1710	-7.366	1.791	3.903
1711	-7.366	1.791	8.006
1713	-7.366	1.791	8.009
1715	-7.366	1.791	8.022
1719	-7.366	1.791	4.519
538	-7.366	1.790	4.538
585	-7.366	1.790	19.416
1716	-7.366	1.791	19.338
264	-7.366	1.791	3.332
291	-7.365	1.791	19.008
370	-7.365	1.791	6.198
1549	-7.364	1.784	6.836
382	-7.363	1.643	13.020
376	-7.363	1.644	14.021
602	-7.356	1.990	5.380
849	-7.343	2.003	4.154
433	-7.342	1.997	12.169
233	-7.341	1.641	9.920
202	-7.340	2.115	8.671
759	-7.332	2.032	12.076
429	-7.323	1.965	4.332
822	-7.321	2.037	4.339
1839	-7.298	2.064	13.492
1745	-7.278	2.218	8.270
375	-7.277	1.792	10.748
847	-7.273	1.528	12.795
348	-7.271	1.790	12.796
1882	-7.269	2.034	12.794
1822	-7.269	2.034	12.787
1735	-7.267	2.032	12.792
1865	-7.265	2.034	10.527
539	-7.264	1.791	8.302
1804	-7.263	2.034	8.302
227	-7.263	1.790	8.278
235	-7.263	1.790	8.214
419	-7.263	1.791	11.841
1856	-7.262	2.034	13.314
257	-7.262	1.790	13.277
1880	-7.260	1.295	11.863
940	-7.258	2.329	2.529
1793	-7.258	1.791	2.521
1874	-7.255	1.535	11.852
998	-7.246	1.579	4.322
1757	-7.225	2.029	27.550
604	-7.225	1.670	8.307
1781	-7.220	1.559	5.244
1868	-7.220	1.559	4.955
693	-7.218	2.347	5.112
711	-7.218	2.348	10.212
713	-7.218	2.348	15.278
1775	-7.217	1.639	3.960
1391	-7.217	3.832	4.107
1815	-7.216	2.032	3.003
1791	-7.214	2.033	4.108
1792	-7.214	2.033	4.396
945	-7.213	2.336	6.146
988	-7.208	2.340	6.388
1009	-7.208	2.289	5.278
652	-7.181	2.306	6.515
1837	-7.159	2.257	6.308
983	-7.148	1.859	4.586
1738	-7.144	1.099	5.154
72	-7.138	2.310	5.527
1384	-7.070	1.786	5.247
1873	-7.067	2.292	5.244
1826	-6.982	1.695	4.569
1505	-6.967	1.801	6.206
418	-6.964	2.535	7.094
1253	-6.963	1.789	7.465
738	-6.961	1.790	8.049
274	-6.960	2.112	8.048
1753	-6.959	1.790	7.784
1758	-6.959	1.791	7.990
1714	-6.954	1.790	11.876
591	-6.954	1.790	11.876
1725	-6.954	1.790	11.426
1726	-6.954	1.790	11.426
1727	-6.954	1.790	11.427
1730	-6.954	1.790	11.873
626	-6.954	1.790	11.872
633	-6.952	1.790	11.698
1465	-6.950	1.786	8.598
1478	-6.950	1.782	8.599
1548	-6.949	1.790	7.604
484	-6.949	1.790	7.697
1853	-6.947	1.788	8.586
1794	-6.947	1.790	7.692
1806	-6.947	1.790	8.762
1847	-6.946	1.793	7.888
1770	-6.945	1.788	7.893
1767	-6.945	1.790	8.607
1780	-6.945	1.790	8.600
1785	-6.945	1.790	8.608
1656	-6.945	1.808	8.312
1531	-6.942	1.804	8.613
1797	-6.933	1.801	8.712
880	-6.891	1.790	11.850
1010	-6.867	2.519	11.838
879	-6.859	1.791	12.888
603	-6.830	1.838	6.526
540	-6.820	1.958	12.993
335	-6.807	2.025	20.163
1281	-6.702	2.687	7.557
1248	-6.698	2.677	7.554
1059	-6.684	2.719	7.090
1450	-6.682	2.698	7.098
1648	-6.682	2.709	6.901
1397	-6.680	2.605	7.125
1137	-6.680	2.688	7.122
1642	-6.680	2.782	8.420
1724	-6.606	2.522	6.879
1860	-6.548	2.005	8.380
1766	-6.536	0.988	8.169
1840	-6.524	1.638	6.747
992	-6.515	1.350	8.136
1337	-6.501	2.522	15.579
1761	-6.497	2.443	0.021
1872	-6.466	1.194	11.839
1790	-6.427	2.779	11.839
1841	-6.421	1.347	11.594
1746	-6.414	1.173	17.707
1411	-6.402	2.525	11.729
1587	-6.402	3.032	11.257
1354	-6.335	3.955	7.111
1266	-6.248	3.973	6.276
1666	-6.243	3.983	7.055
1039	-6.106	3.833	6.505
1283	-6.105	3.836	6.505
1067	-6.095	3.834	5.947
1229	-6.095	3.835	5.948
1718	-6.058	1.766	6.500
1863	-6.014	2.563	6.305
1795	-5.664	3.862	7.644
1434	-5.425	3.845	3.107
1603	-5.424	3.851	2.616
1386	-5.424	3.850	2.918
1541	-5.420	3.847	5.254
