993	-5.993	0.000	0.000
1096	-5.993	0.001	0.000
982	-5.992	0.005	0.000
966	-5.983	0.018	0.000
161	-5.982	3.351	0.000
1485	-5.975	0.014	0.000
1496	-5.975	0.013	0.000
1519	-5.975	0.012	0.000
1463	-5.975	0.003	0.000
1480	-5.975	0.002	0.000
1017	-5.936	0.074	0.000
504	-5.935	0.385	0.000
530	-5.935	0.386	0.000
534	-5.934	0.389	0.000
1140	-5.930	0.392	0.000
1104	-5.930	0.394	0.000
402	-5.919	0.031	0.000
582	-5.919	0.401	0.000
1452	-5.918	0.068	0.000
1444	-5.918	0.074	0.000
1445	-5.918	0.080	0.000
1525	-5.903	0.038	0.000
1545	-5.903	0.037	0.000
1538	-5.903	0.037	0.000
1464	-5.898	0.339	0.000
1537	-5.895	0.317	0.000
1490	-5.890	1.121	0.000
1533	-5.890	1.120	0.000
1438	-5.864	0.422	0.000
1448	-5.864	0.456	0.000
1447	-5.864	0.466	0.000
1543	-5.846	0.416	0.000
1502	-5.845	0.415	0.000
572	-5.756	2.365	0.000
1540	-5.741	2.365	0.000
1435	-5.633	1.713	0.000
1054	-5.505	1.670	0.000
1451	-5.459	1.670	0.000
1453	-5.459	1.670	0.000
1455	-5.459	1.670	0.000
1456	-5.459	1.670	0.000
1487	-5.434	1.662	0.000
243	-5.276	3.848	0.000
1509	-5.190	1.457	0.000
1514	-5.190	1.457	0.000
1536	-5.177	3.699	0.000
568	-5.175	3.694	0.000
1497	-5.135	1.460	0.000
1449	-5.125	1.462	0.000
1436	-5.088	1.464	0.000
490	-4.999	2.783	0.000
