1391	-9.457	0.000	0.000
1316	-8.572	2.820	0.000
1317	-8.553	2.820	0.000
1334	-8.548	2.819	0.000
1325	-8.531	2.819	0.000
1329	-8.288	2.950	0.000
1311	-8.071	2.925	0.000
1312	-8.071	2.925	0.000
1313	-7.890	2.712	0.000
1315	-7.731	2.768	0.000
1342	-7.730	2.767	0.000
1350	-7.729	2.768	0.000
1326	-7.728	2.768	0.000
1333	-7.716	2.771	0.000
1411	-7.531	0.895	0.000
1393	-7.528	0.895	0.000
1380	-7.465	3.193	0.000
1355	-7.442	2.910	0.000
1399	-7.434	0.867	0.000
1434	-7.431	0.865	0.000
1408	-7.431	0.865	0.000
1392	-7.062	2.888	0.000
1433	-4.735	3.577	0.000
1375	-4.687	3.583	0.000
