643	-4.309	0.000	0.000
644	-4.309	0.000	0.000
482	-4.280	0.047	0.000
581	-4.279	0.046	0.000
582	-4.279	0.046	0.000
583	-4.279	0.046	0.000
584	-4.279	0.046	0.000
303	-4.274	0.043	0.000
304	-4.274	0.043	0.000
305	-4.274	0.043	0.000
306	-4.274	0.043	0.000
307	-4.274	0.043	0.000
308	-4.274	0.043	0.000
673	-4.274	0.067	0.000
674	-4.274	0.067	0.000
675	-4.274	0.067	0.000
676	-4.274	0.067	0.000
622	-4.271	0.067	0.000
650	-4.271	0.067	0.000
513	-4.271	0.067	0.000
514	-4.271	0.068	0.000
515	-4.271	0.067	0.000
544	-4.271	0.068	0.000
687	-4.271	0.067	0.000
688	-4.271	0.068	0.000
689	-4.271	0.068	0.000
80	-4.270	0.067	0.000
404	-4.266	0.070	0.000
407	-4.266	0.070	0.000
605	-4.266	0.083	0.000
710	-4.262	0.029	0.000
711	-4.262	0.029	0.000
713	-4.262	0.029	0.000
714	-4.262	0.029	0.000
703	-4.262	0.028	0.000
257	-4.261	0.029	0.000
258	-4.261	0.029	0.000
259	-4.261	0.029	0.000
509	-4.261	0.028	0.000
533	-4.261	0.028	0.000
534	-4.261	0.028	0.000
555	-4.261	0.028	0.000
204	-4.255	0.043	0.000
428	-4.255	0.025	0.000
241	-4.254	0.044	0.000
640	-4.250	0.041	0.000
641	-4.250	0.041	0.000
646	-4.247	0.040	0.000
1304	-4.212	0.058	0.000
446	-4.209	0.022	0.000
447	-4.209	0.022	0.000
448	-4.209	0.022	0.000
1275	-4.206	0.029	0.000
1277	-4.206	0.029	0.000
1427	-4.188	0.012	0.000
1251	-4.188	0.017	0.000
1375	-4.183	0.067	0.000
268	-4.075	2.238	0.000
209	-3.872	2.146	0.000
409	-3.870	2.144	0.000
628	-3.859	2.147	0.000
623	-3.859	2.147	0.000
624	-3.859	2.147	0.000
625	-3.859	2.147	0.000
626	-3.859	2.147	0.000
627	-3.859	2.147	0.000
1587	-3.858	2.142	0.000
1588	-3.858	2.142	0.000
1589	-3.858	2.142	0.000
1600	-3.858	2.142	0.000
1601	-3.858	2.142	0.000
1605	-3.858	2.142	0.000
1615	-3.858	2.142	0.000
348	-3.837	2.142	0.000
349	-3.837	2.142	0.000
350	-3.837	2.142	0.000
351	-3.837	2.142	0.000
352	-3.837	2.142	0.000
298	-3.822	2.142	0.000
487	-3.808	2.145	0.000
488	-3.808	2.145	0.000
489	-3.808	2.145	0.000
490	-3.808	2.145	0.000
491	-3.808	2.145	0.000
492	-3.808	2.145	0.000
493	-3.808	2.145	0.000
278	-3.807	2.145	0.000
279	-3.807	2.145	0.000
280	-3.807	2.145	0.000
450	-3.781	2.140	0.000
436	-3.769	2.142	0.000
325	-3.768	2.142	0.000
326	-3.768	2.142	0.000
327	-3.768	2.142	0.000
328	-3.768	2.142	0.000
