1252	-5.882	0.000	0.000
1281	-5.882	0.000	0.000
1282	-5.882	0.000	0.000
1298	-5.882	0.000	0.000
1299	-5.882	0.000	0.000
1364	-5.876	0.001	0.000
1244	-5.875	0.002	0.000
1249	-5.580	0.046	0.000
1245	-5.573	0.045	0.000
1246	-5.573	0.045	0.000
1499	-5.474	0.050	0.000
1335	-5.421	0.039	0.000
1336	-5.421	0.039	0.000
1337	-5.421	0.039	0.000
1338	-5.421	0.039	0.000
1297	-5.298	0.107	0.000
1467	-5.293	0.107	0.000
1470	-5.293	0.107	0.000
1491	-5.293	0.107	0.000
1492	-5.293	0.107	0.000
1493	-5.293	0.107	0.000
1494	-5.293	0.107	0.000
1495	-5.293	0.107	0.000
1496	-5.293	0.107	0.000
1432	-5.291	0.107	0.000
1433	-5.291	0.107	0.000
1434	-5.291	0.107	0.000
1435	-5.291	0.107	0.000
1436	-5.291	0.107	0.000
1415	-5.290	0.107	0.000
1416	-5.290	0.107	0.000
1421	-5.164	0.082	0.000
1271	-5.144	3.277	0.000
1310	-5.144	3.277	0.000
1311	-5.144	3.277	0.000
1312	-5.144	3.277	0.000
1248	-5.144	3.277	0.000
1261	-5.144	3.277	0.000
1446	-5.144	3.277	0.000
1447	-5.144	3.277	0.000
1474	-5.144	3.277	0.000
1475	-5.144	3.277	0.000
1488	-5.144	3.277	0.000
1357	-5.120	0.071	0.000
1239	-5.046	3.258	0.000
1240	-5.046	3.258	0.000
1241	-5.046	3.258	0.000
1242	-5.046	3.258	0.000
1243	-5.046	3.258	0.000
1508	-4.985	0.135	0.000
1418	-4.983	0.136	0.000
1440	-4.983	0.136	0.000
1441	-4.983	0.136	0.000
1272	-4.858	3.308	0.000
1273	-4.858	3.308	0.000
1314	-4.858	3.308	0.000
1315	-4.858	3.308	0.000
1262	-4.858	3.308	0.000
1263	-4.858	3.308	0.000
1264	-4.858	3.308	0.000
1265	-4.858	3.308	0.000
1266	-4.858	3.308	0.000
1267	-4.858	3.308	0.000
1268	-4.858	3.308	0.000
1501	-4.858	3.308	0.000
1280	-4.858	3.308	0.000
1409	-4.855	3.308	0.000
1343	-4.762	3.325	0.000
1344	-4.762	3.325	0.000
1358	-4.762	3.325	0.000
1359	-4.762	3.325	0.000
1360	-4.762	3.325	0.000
1362	-4.762	3.325	0.000
1317	-4.741	3.323	0.000
1318	-4.741	3.323	0.000
1450	-4.741	3.323	0.000
1451	-4.741	3.323	0.000
1452	-4.741	3.323	0.000
1458	-4.741	3.323	0.000
1459	-4.741	3.323	0.000
1461	-4.741	3.323	0.000
1462	-4.741	3.323	0.000
1471	-4.741	3.323	0.000
1472	-4.741	3.323	0.000
1473	-4.741	3.323	0.000
1479	-4.741	3.323	0.000
1480	-4.741	3.323	0.000
1481	-4.741	3.323	0.000
1482	-4.741	3.323	0.000
1483	-4.741	3.323	0.000
1511	-4.741	3.323	0.000
1513	-4.741	3.323	0.000
1514	-4.741	3.323	0.000
1294	-4.738	3.323	0.000
1295	-4.738	3.323	0.000
1296	-4.738	3.323	0.000
1405	-4.738	3.324	0.000
1406	-4.738	3.324	0.000
1407	-4.738	3.324	0.000
1422	-4.738	3.323	0.000
1423	-4.738	3.323	0.000
1437	-4.738	3.323	0.000
1438	-4.738	3.323	0.000
1442	-4.738	3.323	0.000
1328	-4.664	3.302	0.000
293	-4.661	2.622	0.000
294	-4.661	2.622	0.000
410	-4.661	2.622	0.000
411	-4.661	2.621	0.000
412	-4.661	2.622	0.000
413	-4.661	2.621	0.000
414	-4.661	2.621	0.000
415	-4.661	2.622	0.000
416	-4.661	2.621	0.000
417	-4.661	2.621	0.000
418	-4.661	2.622	0.000
422	-4.661	2.621	0.000
184	-4.661	2.624	0.000
210	-4.661	2.624	0.000
292	-4.661	2.621	0.000
295	-4.661	2.622	0.000
296	-4.661	2.622	0.000
297	-4.661	2.622	0.000
126	-4.660	2.623	0.000
127	-4.660	2.623	0.000
128	-4.660	2.623	0.000
129	-4.660	2.623	0.000
160	-4.660	2.623	0.000
281	-4.660	2.623	0.000
282	-4.660	2.623	0.000
283	-4.660	2.623	0.000
284	-4.660	2.623	0.000
285	-4.660	2.623	0.000
286	-4.660	2.623	0.000
287	-4.660	2.623	0.000
288	-4.660	2.623	0.000
289	-4.660	2.623	0.000
461	-4.660	2.623	0.000
462	-4.660	2.623	0.000
463	-4.660	2.623	0.000
464	-4.660	2.623	0.000
465	-4.660	2.623	0.000
478	-4.660	2.623	0.000
484	-4.660	2.623	0.000
486	-4.660	2.623	0.000
505	-4.660	2.623	0.000
506	-4.660	2.623	0.000
507	-4.660	2.623	0.000
527	-4.660	2.623	0.000
1552	-4.657	2.631	0.000
1553	-4.657	2.631	0.000
1555	-4.657	2.631	0.000
1556	-4.657	2.631	0.000
1562	-4.657	2.631	0.000
1565	-4.657	2.631	0.000
1569	-4.657	2.631	0.000
1571	-4.657	2.631	0.000
1602	-4.657	2.631	0.000
1617	-4.657	2.631	0.000
1548	-4.657	2.631	0.000
1549	-4.657	2.631	0.000
1550	-4.657	2.631	0.000
1551	-4.657	2.631	0.000
1554	-4.657	2.631	0.000
1557	-4.657	2.631	0.000
1558	-4.657	2.631	0.000
1559	-4.657	2.631	0.000
1560	-4.657	2.631	0.000
1561	-4.657	2.631	0.000
1563	-4.657	2.631	0.000
1564	-4.657	2.631	0.000
1566	-4.657	2.631	0.000
1567	-4.657	2.631	0.000
1568	-4.657	2.631	0.000
1570	-4.657	2.631	0.000
1572	-4.657	2.631	0.000
1573	-4.657	2.631	0.000
1574	-4.657	2.631	0.000
1581	-4.657	2.631	0.000
1582	-4.657	2.631	0.000
1583	-4.657	2.631	0.000
1614	-4.657	2.631	0.000
1616	-4.657	2.631	0.000
1269	-4.653	2.625	0.000
1290	-4.653	2.625	0.000
1292	-4.653	2.625	0.000
1259	-4.652	2.625	0.000
1260	-4.652	2.625	0.000
1253	-4.652	2.626	0.000
1254	-4.652	2.626	0.000
1255	-4.652	2.626	0.000
1256	-4.652	2.626	0.000
1257	-4.652	2.626	0.000
1526	-4.650	2.633	0.000
1527	-4.650	2.633	0.000
1528	-4.650	2.633	0.000
1529	-4.650	2.633	0.000
1530	-4.650	2.633	0.000
1531	-4.650	2.633	0.000
1532	-4.650	2.633	0.000
1533	-4.650	2.633	0.000
1536	-4.650	2.633	0.000
1537	-4.650	2.633	0.000
1538	-4.650	2.633	0.000
1539	-4.650	2.633	0.000
1540	-4.650	2.633	0.000
1541	-4.650	2.633	0.000
1542	-4.650	2.633	0.000
1543	-4.650	2.633	0.000
1544	-4.650	2.633	0.000
1545	-4.650	2.633	0.000
1546	-4.650	2.633	0.000
1547	-4.650	2.633	0.000
1258	-4.600	2.639	0.000
1313	-4.600	2.640	0.000
1534	-4.483	3.619	0.000
1535	-4.483	3.619	0.000
1577	-4.470	2.242	0.000
1591	-4.470	2.242	0.000
1592	-4.470	2.242	0.000
1593	-4.470	2.242	0.000
1594	-4.470	2.242	0.000
1595	-4.470	2.242	0.000
1596	-4.470	2.242	0.000
1598	-4.470	2.242	0.000
1599	-4.470	2.242	0.000
1606	-4.470	2.242	0.000
1607	-4.470	2.242	0.000
1608	-4.470	2.242	0.000
1609	-4.470	2.242	0.000
1610	-4.470	2.242	0.000
1611	-4.470	2.242	0.000
1612	-4.470	2.242	0.000
1613	-4.470	2.242	0.000
1576	-4.470	2.242	0.000
1578	-4.470	2.242	0.000
335	-4.466	2.241	0.000
336	-4.466	2.241	0.000
337	-4.466	2.241	0.000
338	-4.466	2.241	0.000
341	-4.466	2.241	0.000
1477	-4.466	2.242	0.000
1478	-4.466	2.242	0.000
1489	-4.466	2.242	0.000
1490	-4.466	2.242	0.000
1425	-4.465	2.242	0.000
1426	-4.465	2.242	0.000
1428	-4.465	2.242	0.000
1429	-4.465	2.242	0.000
1520	-4.465	2.242	0.000
1497	-4.464	2.242	0.000
485	-4.461	2.241	0.000
495	-4.461	2.241	0.000
496	-4.461	2.241	0.000
497	-4.461	2.241	0.000
498	-4.461	2.241	0.000
499	-4.461	2.241	0.000
571	-4.461	2.241	0.000
652	-4.461	2.241	0.000
653	-4.461	2.241	0.000
654	-4.461	2.241	0.000
655	-4.461	2.241	0.000
656	-4.461	2.241	0.000
671	-4.460	2.241	0.000
606	-4.460	2.241	0.000
607	-4.460	2.241	0.000
608	-4.460	2.241	0.000
609	-4.460	2.241	0.000
610	-4.460	2.241	0.000
611	-4.460	2.241	0.000
612	-4.460	2.241	0.000
613	-4.460	2.241	0.000
614	-4.460	2.241	0.000
615	-4.460	2.241	0.000
616	-4.460	2.241	0.000
617	-4.460	2.241	0.000
618	-4.460	2.241	0.000
619	-4.460	2.241	0.000
620	-4.460	2.241	0.000
621	-4.460	2.241	0.000
679	-4.460	2.241	0.000
680	-4.460	2.241	0.000
681	-4.460	2.241	0.000
682	-4.460	2.241	0.000
683	-4.460	2.241	0.000
684	-4.460	2.241	0.000
685	-4.460	2.241	0.000
502	-4.459	2.241	0.000
503	-4.459	2.241	0.000
504	-4.459	2.241	0.000
1293	-4.459	2.241	0.000
1319	-4.459	2.242	0.000
1320	-4.459	2.242	0.000
1321	-4.459	2.242	0.000
1322	-4.459	2.241	0.000
1323	-4.459	2.242	0.000
1324	-4.459	2.241	0.000
1363	-4.458	2.236	0.000
1448	-4.444	2.241	0.000
1469	-4.444	2.241	0.000
1373	-4.444	2.241	0.000
1506	-4.444	2.241	0.000
1309	-4.438	2.241	0.000
1247	-4.430	3.374	0.000
1329	-4.419	3.202	0.000
1330	-4.419	3.202	0.000
1331	-4.419	3.202	0.000
1332	-4.419	3.202	0.000
1339	-4.418	3.203	0.000
1575	-4.418	3.202	0.000
1584	-4.418	3.202	0.000
1585	-4.418	3.202	0.000
1586	-4.418	3.202	0.000
1590	-4.418	3.202	0.000
1597	-4.418	3.202	0.000
1603	-4.418	3.202	0.000
1316	-4.416	3.201	0.000
1306	-4.415	3.201	0.000
1307	-4.415	3.201	0.000
1308	-4.415	3.201	0.000
1367	-4.410	3.204	0.000
1368	-4.410	3.204	0.000
1369	-4.410	3.204	0.000
1370	-4.410	3.204	0.000
1371	-4.410	3.204	0.000
1372	-4.410	3.204	0.000
1453	-4.410	3.204	0.000
1466	-4.410	3.204	0.000
1500	-4.409	3.204	0.000
1515	-4.402	3.359	0.000
1516	-4.402	3.359	0.000
1517	-4.402	3.359	0.000
1518	-4.402	3.359	0.000
1519	-4.402	3.359	0.000
1509	-4.400	3.359	0.000
1449	-4.400	3.359	0.000
1507	-4.400	3.359	0.000
1408	-4.399	3.360	0.000
1305	-4.399	3.359	0.000
1411	-4.398	3.359	0.000
1431	-4.398	3.360	0.000
1376	-4.396	3.360	0.000
1377	-4.396	3.360	0.000
1378	-4.396	3.360	0.000
1379	-4.396	3.360	0.000
1380	-4.396	3.360	0.000
1381	-4.396	3.360	0.000
1382	-4.396	3.360	0.000
1383	-4.396	3.360	0.000
1384	-4.396	3.360	0.000
1385	-4.396	3.360	0.000
1386	-4.396	3.360	0.000
1387	-4.396	3.360	0.000
1388	-4.396	3.360	0.000
1420	-4.396	3.360	0.000
1283	-4.363	3.225	0.000
1284	-4.363	3.225	0.000
1285	-4.363	3.225	0.000
1286	-4.363	3.225	0.000
1287	-4.363	3.225	0.000
1374	-4.357	3.228	0.000
1498	-4.357	3.228	0.000
1340	-4.329	3.402	0.000
1341	-4.293	3.389	0.000
1301	-4.194	2.648	0.000
1303	-4.194	2.648	0.000
1390	-4.192	2.657	0.000
1392	-4.192	2.657	0.000
1365	-4.191	2.656	0.000
1366	-4.191	2.656	0.000
113	-4.187	2.649	0.000
1361	-4.173	3.810	0.000
299	-4.169	3.701	0.000
300	-4.169	3.701	0.000
549	-4.168	3.706	0.000
550	-4.168	3.706	0.000
551	-4.168	3.706	0.000
203	-4.166	3.704	0.000
1326	-4.164	3.756	0.000
1274	-4.164	3.757	0.000
1276	-4.164	3.757	0.000
1278	-4.164	3.756	0.000
1279	-4.164	3.757	0.000
110	-4.159	3.708	0.000
111	-4.159	3.708	0.000
112	-4.159	3.708	0.000
114	-4.159	3.708	0.000
115	-4.159	3.708	0.000
116	-4.159	3.708	0.000
117	-4.159	3.708	0.000
118	-4.159	3.708	0.000
119	-4.159	3.708	0.000
267	-4.159	3.758	0.000
266	-4.159	3.763	0.000
240	-4.158	3.708	0.000
1487	-4.158	3.749	0.000
1327	-4.155	3.751	0.000
1325	-4.144	2.673	0.000
1417	-4.142	2.686	0.000
1484	-4.142	2.687	0.000
1485	-4.142	2.687	0.000
1486	-4.142	2.687	0.000
1510	-4.142	2.687	0.000
1356	-4.100	3.241	0.000
1288	-4.098	3.243	0.000
1289	-4.098	3.243	0.000
1300	-4.097	3.243	0.000
1302	-4.097	3.243	0.000
1391	-4.092	3.246	0.000
1393	-4.092	3.246	0.000
1443	-4.092	3.246	0.000
1444	-4.092	3.246	0.000
1445	-4.092	3.246	0.000
1465	-4.092	3.246	0.000
1345	-4.050	2.237	0.000
1333	-4.049	2.238	0.000
1334	-4.049	2.238	0.000
1389	-4.045	3.274	0.000
1454	-4.045	3.274	0.000
1455	-4.045	3.274	0.000
1456	-4.045	3.274	0.000
1412	-4.043	2.238	0.000
1413	-4.043	2.238	0.000
1414	-4.043	2.238	0.000
1502	-4.043	2.238	0.000
1503	-4.043	2.238	0.000
1504	-4.043	2.238	0.000
1505	-4.043	2.238	0.000
1291	-4.037	2.238	0.000
672	-4.034	2.237	0.000
701	-4.034	2.237	0.000
725	-4.034	2.237	0.000
726	-4.034	2.237	0.000
1439	-4.023	2.239	0.000
1468	-3.948	1.785	0.000
291	-3.338	3.906	0.000
1250	-3.328	3.954	0.000
1512	-3.322	3.950	0.000
