1640	-5.281	0.000	0.000
1641	-5.281	0.000	0.000
1642	-5.281	0.000	0.000
1643	-5.281	0.000	0.000
1673	-5.280	0.001	0.000
1655	-5.078	0.541	0.000
1656	-5.078	0.541	0.000
1639	-5.077	0.547	0.000
1622	-5.076	0.550	0.000
1623	-5.076	0.550	0.000
1621	-5.076	0.550	0.000
1625	-5.076	0.550	0.000
1663	-5.007	0.677	0.000
1664	-5.007	0.677	0.000
1697	-5.007	0.677	0.000
1701	-5.006	0.678	0.000
1702	-5.006	0.678	0.000
1619	-5.006	0.681	0.000
1620	-5.006	0.681	0.000
1624	-5.006	0.681	0.000
1626	-5.006	0.681	0.000
1627	-5.006	0.681	0.000
1628	-5.006	0.681	0.000
1629	-5.006	0.681	0.000
1653	-4.915	0.711	0.000
1693	-4.847	0.774	0.000
1654	-3.929	2.221	0.000
1660	-3.929	2.221	0.000
1661	-3.929	2.221	0.000
1662	-3.929	2.221	0.000
1667	-3.929	2.221	0.000
1671	-3.929	2.221	0.000
1672	-3.929	2.221	0.000
1692	-3.929	2.221	0.000
1703	-3.929	2.221	0.000
1704	-3.929	2.221	0.000
1705	-3.929	2.221	0.000
1706	-3.929	2.221	0.000
1644	-3.928	2.221	0.000
1674	-3.764	2.215	0.000
1675	-3.764	2.215	0.000
1676	-3.764	2.214	0.000
1677	-3.764	2.215	0.000
1678	-3.764	2.214	0.000
1679	-3.764	2.215	0.000
1680	-3.764	2.215	0.000
1681	-3.764	2.214	0.000
1682	-3.764	2.215	0.000
1683	-3.764	2.215	0.000
