815	-5.815	0.000	0.000
816	-5.815	0.000	0.000
845	-5.815	0.000	0.000
858	-5.815	0.000	0.000
860	-5.815	0.000	0.000
862	-5.815	0.000	0.000
863	-5.815	0.000	0.000
870	-5.815	0.000	0.000
875	-5.815	0.000	0.000
876	-5.815	0.000	0.000
878	-5.815	0.000	0.000
796	-5.815	0.000	0.000
797	-5.815	0.000	0.000
800	-5.815	0.000	0.000
859	-5.815	0.000	0.000
861	-5.815	0.000	0.000
864	-5.815	0.000	0.000
873	-5.815	0.000	0.000
874	-5.815	0.000	0.000
877	-5.815	0.000	0.000
879	-5.815	0.000	0.000
880	-5.815	0.000	0.000
799	-5.809	0.004	0.000
801	-5.809	0.004	0.000
802	-5.809	0.004	0.000
803	-5.809	0.004	0.000
804	-5.809	0.004	0.000
805	-5.809	0.004	0.000
806	-5.809	0.004	0.000
821	-5.809	0.004	0.000
822	-5.809	0.004	0.000
823	-5.809	0.004	0.000
824	-5.809	0.004	0.000
825	-5.809	0.004	0.000
826	-5.809	0.004	0.000
827	-5.809	0.004	0.000
828	-5.809	0.004	0.000
837	-5.809	0.004	0.000
888	-5.803	0.006	0.000
889	-5.803	0.006	0.000
890	-5.803	0.006	0.000
893	-5.803	0.006	0.000
894	-5.803	0.006	0.000
895	-5.803	0.006	0.000
896	-5.803	0.006	0.000
897	-5.803	0.006	0.000
898	-5.803	0.006	0.000
921	-5.803	0.006	0.000
922	-5.803	0.006	0.000
935	-5.803	0.005	0.000
937	-5.803	0.005	0.000
951	-5.803	0.005	0.000
956	-5.803	0.005	0.000
958	-5.803	0.005	0.000
959	-5.803	0.005	0.000
960	-5.803	0.005	0.000
987	-5.803	0.005	0.000
997	-5.803	0.005	0.000
1014	-5.803	0.005	0.000
1015	-5.803	0.005	0.000
1047	-5.803	0.005	0.000
1048	-5.803	0.005	0.000
1049	-5.803	0.005	0.000
1050	-5.803	0.005	0.000
1051	-5.803	0.005	0.000
1068	-5.803	0.005	0.000
1069	-5.803	0.005	0.000
1084	-5.803	0.005	0.000
1128	-5.803	0.005	0.000
1189	-5.803	0.005	0.000
794	-5.803	0.006	0.000
795	-5.803	0.006	0.000
996	-5.797	0.009	0.000
998	-5.797	0.009	0.000
999	-5.797	0.009	0.000
1000	-5.797	0.009	0.000
1072	-5.797	0.009	0.000
1073	-5.797	0.009	0.000
1133	-5.797	0.009	0.000
1163	-5.797	0.009	0.000
1164	-5.797	0.009	0.000
1162	-5.797	0.009	0.000
1173	-5.729	0.026	0.000
1174	-5.729	0.026	0.000
1175	-5.729	0.026	0.000
1179	-5.729	0.026	0.000
1180	-5.729	0.026	0.000
1181	-5.729	0.026	0.000
1182	-5.729	0.022	0.000
1231	-5.729	0.027	0.000
1235	-5.729	0.027	0.000
1176	-5.724	0.022	0.000
1177	-5.724	0.022	0.000
1190	-5.724	0.022	0.000
1191	-5.724	0.022	0.000
1192	-5.724	0.022	0.000
1107	-5.723	0.022	0.000
766	-5.663	3.068	0.000
767	-5.663	3.068	0.000
768	-5.663	3.068	0.000
769	-5.663	3.068	0.000
770	-5.663	3.068	0.000
779	-5.663	3.068	0.000
780	-5.663	3.068	0.000
782	-5.663	3.068	0.000
783	-5.663	3.067	0.000
784	-5.663	3.068	0.000
785	-5.663	3.068	0.000
786	-5.663	3.068	0.000
787	-5.663	3.068	0.000
788	-5.663	3.068	0.000
789	-5.663	3.068	0.000
790	-5.663	3.068	0.000
900	-5.661	3.066	0.000
901	-5.661	3.066	0.000
903	-5.661	3.066	0.000
904	-5.661	3.066	0.000
905	-5.661	3.066	0.000
906	-5.661	3.066	0.000
1106	-5.661	3.066	0.000
917	-5.661	3.066	0.000
918	-5.661	3.066	0.000
919	-5.661	3.066	0.000
924	-5.661	3.066	0.000
925	-5.661	3.066	0.000
926	-5.661	3.066	0.000
927	-5.661	3.066	0.000
1108	-5.661	3.066	0.000
1109	-5.661	3.066	0.000
934	-5.660	3.066	0.000
936	-5.660	3.066	0.000
945	-5.660	3.066	0.000
949	-5.660	3.066	0.000
950	-5.660	3.066	0.000
952	-5.660	3.066	0.000
953	-5.660	3.066	0.000
954	-5.660	3.066	0.000
955	-5.660	3.066	0.000
957	-5.660	3.066	0.000
1004	-5.660	3.066	0.000
1005	-5.660	3.066	0.000
1016	-5.660	3.066	0.000
1017	-5.660	3.066	0.000
1052	-5.660	3.066	0.000
1053	-5.660	3.066	0.000
1054	-5.660	3.066	0.000
1055	-5.660	3.066	0.000
1056	-5.660	3.066	0.000
1063	-5.660	3.066	0.000
1064	-5.660	3.066	0.000
1074	-5.660	3.066	0.000
1075	-5.660	3.066	0.000
1076	-5.660	3.066	0.000
1077	-5.660	3.066	0.000
1078	-5.660	3.066	0.000
1079	-5.660	3.066	0.000
1080	-5.660	3.066	0.000
1081	-5.660	3.066	0.000
1082	-5.660	3.066	0.000
1083	-5.660	3.066	0.000
1085	-5.660	3.066	0.000
1092	-5.660	3.066	0.000
1102	-5.660	3.066	0.000
1103	-5.660	3.066	0.000
1104	-5.660	3.066	0.000
1105	-5.660	3.066	0.000
1121	-5.660	3.066	0.000
1122	-5.660	3.066	0.000
1123	-5.660	3.066	0.000
1124	-5.660	3.066	0.000
1125	-5.660	3.066	0.000
1126	-5.660	3.066	0.000
1127	-5.660	3.066	0.000
1132	-5.660	3.066	0.000
1137	-5.660	3.066	0.000
1138	-5.660	3.066	0.000
1139	-5.660	3.066	0.000
1140	-5.660	3.066	0.000
1156	-5.660	3.066	0.000
1170	-5.660	3.066	0.000
765	-5.659	3.060	0.000
807	-5.659	3.060	0.000
912	-5.657	3.057	0.000
887	-5.657	3.057	0.000
909	-5.657	3.058	0.000
910	-5.657	3.057	0.000
938	-5.656	3.057	0.000
942	-5.656	3.057	0.000
943	-5.656	3.057	0.000
1030	-5.656	3.057	0.000
1119	-5.656	3.057	0.000
1165	-5.656	3.057	0.000
1194	-5.656	3.057	0.000
1195	-5.656	3.057	0.000
1196	-5.656	3.057	0.000
1197	-5.656	3.057	0.000
1198	-5.656	3.058	0.000
1204	-5.656	3.057	0.000
1205	-5.656	3.057	0.000
1207	-5.656	3.057	0.000
1210	-5.656	3.057	0.000
1211	-5.656	3.057	0.000
1213	-5.656	3.057	0.000
1214	-5.656	3.057	0.000
1216	-5.656	3.057	0.000
1217	-5.656	3.057	0.000
1218	-5.656	3.057	0.000
1219	-5.656	3.057	0.000
1220	-5.656	3.057	0.000
1221	-5.656	3.057	0.000
1222	-5.656	3.057	0.000
1223	-5.656	3.057	0.000
1224	-5.656	3.057	0.000
1225	-5.656	3.057	0.000
1226	-5.656	3.057	0.000
1227	-5.656	3.057	0.000
1228	-5.656	3.057	0.000
1229	-5.656	3.057	0.000
1230	-5.656	3.057	0.000
185	-5.654	3.065	0.000
79	-5.654	3.065	0.000
140	-5.654	3.065	0.000
141	-5.654	3.065	0.000
142	-5.654	3.065	0.000
143	-5.654	3.065	0.000
145	-5.654	3.065	0.000
147	-5.654	3.065	0.000
167	-5.654	3.072	0.000
315	-5.654	3.072	0.000
97	-5.653	3.072	0.000
914	-5.652	3.056	0.000
916	-5.652	3.056	0.000
771	-5.652	3.072	0.000
772	-5.652	3.072	0.000
810	-5.652	3.072	0.000
811	-5.652	3.072	0.000
812	-5.652	3.072	0.000
813	-5.652	3.072	0.000
814	-5.652	3.072	0.000
817	-5.652	3.072	0.000
818	-5.652	3.072	0.000
819	-5.652	3.072	0.000
820	-5.652	3.072	0.000
829	-5.652	3.072	0.000
831	-5.652	3.072	0.000
832	-5.652	3.072	0.000
833	-5.652	3.072	0.000
834	-5.652	3.072	0.000
853	-5.652	3.072	0.000
854	-5.652	3.072	0.000
855	-5.652	3.072	0.000
892	-5.649	3.070	0.000
923	-5.649	3.070	0.000
974	-5.648	3.070	0.000
982	-5.648	3.070	0.000
983	-5.648	3.070	0.000
984	-5.648	3.070	0.000
1001	-5.648	3.070	0.000
1002	-5.648	3.070	0.000
1003	-5.648	3.070	0.000
1027	-5.648	3.070	0.000
1028	-5.648	3.070	0.000
1029	-5.648	3.070	0.000
1116	-5.648	3.070	0.000
1117	-5.648	3.070	0.000
1118	-5.648	3.070	0.000
1135	-5.648	3.070	0.000
1136	-5.648	3.070	0.000
1185	-5.648	3.070	0.000
1238	-5.648	3.070	0.000
993	-5.640	3.060	0.000
1018	-5.640	3.060	0.000
1034	-5.640	3.060	0.000
1035	-5.640	3.060	0.000
1037	-5.640	3.060	0.000
1038	-5.640	3.060	0.000
1039	-5.640	3.060	0.000
1040	-5.640	3.060	0.000
1041	-5.640	3.060	0.000
1042	-5.640	3.060	0.000
1043	-5.640	3.060	0.000
1044	-5.640	3.060	0.000
1100	-5.640	3.060	0.000
1115	-5.640	3.060	0.000
1130	-5.640	3.060	0.000
1193	-5.640	3.060	0.000
865	-5.516	0.143	0.000
774	-5.516	0.143	0.000
775	-5.516	0.143	0.000
776	-5.516	0.143	0.000
777	-5.516	0.143	0.000
778	-5.516	0.143	0.000
781	-5.516	0.143	0.000
891	-5.500	0.151	0.000
1094	-5.494	0.152	0.000
1036	-5.494	0.152	0.000
1093	-5.494	0.152	0.000
1095	-5.494	0.152	0.000
1096	-5.494	0.152	0.000
1097	-5.494	0.152	0.000
1098	-5.494	0.152	0.000
1172	-5.494	0.152	0.000
1237	-5.494	0.152	0.000
885	-5.435	3.570	0.000
886	-5.435	3.570	0.000
899	-5.435	3.570	0.000
902	-5.435	3.570	0.000
907	-5.435	3.570	0.000
944	-5.435	3.570	0.000
948	-5.435	3.570	0.000
835	-5.434	3.569	0.000
836	-5.434	3.569	0.000
838	-5.434	3.569	0.000
839	-5.434	3.569	0.000
840	-5.434	3.569	0.000
841	-5.434	3.569	0.000
842	-5.434	3.569	0.000
843	-5.434	3.569	0.000
844	-5.434	3.569	0.000
848	-5.434	3.569	0.000
849	-5.434	3.569	0.000
850	-5.434	3.569	0.000
851	-5.434	3.569	0.000
852	-5.434	3.569	0.000
866	-5.434	3.569	0.000
872	-5.434	3.569	0.000
881	-5.434	3.569	0.000
882	-5.434	3.569	0.000
883	-5.434	3.569	0.000
884	-5.434	3.569	0.000
134	-5.422	3.577	0.000
135	-5.422	3.577	0.000
525	-5.422	3.577	0.000
742	-5.418	3.576	0.000
228	-5.417	3.570	0.000
229	-5.417	3.570	0.000
70	-5.415	3.574	0.000
98	-5.415	3.574	0.000
443	-5.415	3.576	0.000
85	-5.414	3.574	0.000
86	-5.414	3.574	0.000
520	-5.414	3.574	0.000
521	-5.414	3.574	0.000
522	-5.414	3.574	0.000
545	-5.414	3.574	0.000
603	-5.414	3.574	0.000
604	-5.414	3.574	0.000
662	-5.414	3.574	0.000
686	-5.414	3.574	0.000
508	-5.414	3.574	0.000
84	-5.414	3.574	0.000
911	-5.413	3.577	0.000
1046	-5.413	3.577	0.000
1067	-5.413	3.577	0.000
975	-5.413	3.577	0.000
1045	-5.413	3.577	0.000
773	-5.412	3.575	0.000
847	-5.412	3.575	0.000
215	-5.412	3.581	0.000
382	-5.399	3.557	0.000
433	-5.399	3.557	0.000
362	-5.396	3.563	0.000
363	-5.396	3.563	0.000
365	-5.396	3.563	0.000
366	-5.396	3.563	0.000
361	-5.396	3.563	0.000
364	-5.396	3.563	0.000
367	-5.396	3.563	0.000
376	-5.396	3.563	0.000
90	-5.363	3.526	0.000
752	-5.249	3.578	0.000
754	-5.249	3.578	0.000
250	-5.249	3.582	0.000
526	-5.244	3.583	0.000
166	-5.243	3.581	0.000
580	-5.241	3.582	0.000
592	-5.241	3.582	0.000
597	-5.241	3.583	0.000
601	-5.241	3.582	0.000
602	-5.241	3.582	0.000
747	-5.241	3.582	0.000
600	-5.241	3.588	0.000
260	-5.240	3.580	0.000
271	-5.240	3.580	0.000
274	-5.240	3.580	0.000
276	-5.240	3.580	0.000
100	-5.240	3.580	0.000
101	-5.240	3.580	0.000
712	-5.240	3.581	0.000
716	-5.240	3.581	0.000
732	-5.240	3.581	0.000
733	-5.240	3.581	0.000
734	-5.240	3.581	0.000
745	-5.240	3.581	0.000
748	-5.240	3.581	0.000
749	-5.240	3.581	0.000
750	-5.240	3.581	0.000
751	-5.240	3.581	0.000
756	-5.240	3.581	0.000
759	-5.240	3.581	0.000
251	-5.240	3.580	0.000
272	-5.240	3.580	0.000
273	-5.240	3.580	0.000
275	-5.240	3.580	0.000
277	-5.240	3.580	0.000
472	-5.240	3.581	0.000
473	-5.240	3.581	0.000
474	-5.240	3.581	0.000
475	-5.240	3.580	0.000
476	-5.240	3.581	0.000
477	-5.240	3.581	0.000
500	-5.240	3.581	0.000
501	-5.240	3.581	0.000
523	-5.240	3.580	0.000
535	-5.240	3.581	0.000
536	-5.240	3.581	0.000
537	-5.240	3.581	0.000
538	-5.240	3.581	0.000
548	-5.240	3.580	0.000
629	-5.240	3.580	0.000
630	-5.240	3.580	0.000
631	-5.240	3.580	0.000
632	-5.240	3.580	0.000
633	-5.240	3.580	0.000
663	-5.240	3.580	0.000
696	-5.240	3.580	0.000
704	-5.240	3.580	0.000
705	-5.240	3.580	0.000
585	-5.240	3.582	0.000
586	-5.240	3.582	0.000
466	-5.239	3.581	0.000
467	-5.239	3.581	0.000
468	-5.239	3.581	0.000
469	-5.239	3.581	0.000
479	-5.239	3.581	0.000
480	-5.239	3.581	0.000
481	-5.239	3.581	0.000
483	-5.239	3.581	0.000
539	-5.239	3.581	0.000
540	-5.239	3.580	0.000
541	-5.239	3.581	0.000
542	-5.239	3.581	0.000
543	-5.239	3.581	0.000
220	-5.237	3.587	0.000
221	-5.237	3.587	0.000
638	-5.237	3.587	0.000
639	-5.237	3.587	0.000
642	-5.237	3.587	0.000
648	-5.237	3.587	0.000
192	-5.237	3.587	0.000
193	-5.237	3.587	0.000
194	-5.237	3.587	0.000
195	-5.237	3.587	0.000
197	-5.237	3.587	0.000
198	-5.237	3.587	0.000
199	-5.237	3.587	0.000
200	-5.237	3.587	0.000
201	-5.237	3.587	0.000
202	-5.237	3.587	0.000
452	-5.237	3.587	0.000
453	-5.237	3.587	0.000
596	-5.234	3.665	0.000
381	-5.233	3.564	0.000
421	-5.224	3.562	0.000
423	-5.224	3.562	0.000
424	-5.224	3.562	0.000
425	-5.224	3.562	0.000
312	-5.223	3.561	0.000
313	-5.223	3.561	0.000
314	-5.223	3.561	0.000
437	-5.223	3.561	0.000
355	-5.221	3.568	0.000
358	-5.221	3.568	0.000
354	-5.221	3.568	0.000
359	-5.221	3.568	0.000
360	-5.221	3.568	0.000
374	-5.221	3.569	0.000
342	-5.220	3.568	0.000
343	-5.220	3.568	0.000
344	-5.220	3.568	0.000
345	-5.220	3.568	0.000
1618	-5.166	3.528	0.000
664	-5.154	3.525	0.000
665	-5.154	3.525	0.000
930	-4.829	3.635	0.000
931	-4.829	3.635	0.000
932	-4.829	3.635	0.000
933	-4.829	3.635	0.000
986	-4.829	3.635	0.000
994	-4.829	3.635	0.000
1031	-4.829	3.635	0.000
1032	-4.829	3.635	0.000
1033	-4.829	3.635	0.000
1134	-4.829	3.635	0.000
1148	-4.829	3.635	0.000
1157	-4.829	3.635	0.000
1158	-4.829	3.635	0.000
1159	-4.829	3.635	0.000
1160	-4.829	3.635	0.000
1161	-4.829	3.635	0.000
1169	-4.829	3.635	0.000
1199	-4.829	3.635	0.000
1200	-4.829	3.635	0.000
1201	-4.829	3.635	0.000
940	-4.829	3.635	0.000
941	-4.829	3.635	0.000
1070	-4.829	3.635	0.000
867	-4.819	3.630	0.000
868	-4.819	3.630	0.000
869	-4.819	3.630	0.000
1183	-4.818	3.634	0.000
1184	-4.818	3.634	0.000
830	-4.817	3.634	0.000
846	-4.817	3.634	0.000
920	-4.817	3.634	0.000
913	-4.807	3.630	0.000
915	-4.807	3.630	0.000
1019	-4.807	3.634	0.000
1150	-4.807	3.634	0.000
1151	-4.807	3.634	0.000
1152	-4.807	3.634	0.000
791	-4.806	3.633	0.000
1101	-4.806	3.634	0.000
1186	-4.806	3.634	0.000
988	-4.750	3.629	0.000
989	-4.750	3.629	0.000
990	-4.750	3.629	0.000
991	-4.750	3.629	0.000
992	-4.750	3.629	0.000
995	-4.750	3.629	0.000
1057	-4.750	3.629	0.000
1058	-4.750	3.629	0.000
1065	-4.750	3.629	0.000
1202	-4.750	3.629	0.000
1203	-4.750	3.629	0.000
1206	-4.750	3.629	0.000
1208	-4.750	3.629	0.000
1209	-4.750	3.629	0.000
1212	-4.750	3.629	0.000
1215	-4.750	3.629	0.000
946	-4.740	3.628	0.000
985	-4.740	3.628	0.000
1009	-4.740	3.628	0.000
1010	-4.740	3.628	0.000
1011	-4.740	3.628	0.000
1012	-4.740	3.628	0.000
1013	-4.740	3.628	0.000
977	-4.728	3.628	0.000
978	-4.728	3.628	0.000
981	-4.728	3.628	0.000
1071	-4.728	3.628	0.000
979	-4.728	3.628	0.000
980	-4.728	3.628	0.000
1153	-4.440	3.617	0.000
1685	-4.371	3.614	0.000
1668	-4.371	3.615	0.000
1684	-4.371	3.615	0.000
1686	-4.371	3.615	0.000
1698	-4.371	3.615	0.000
1020	-4.363	3.611	0.000
1021	-4.363	3.611	0.000
1022	-4.363	3.611	0.000
1023	-4.363	3.611	0.000
1024	-4.363	3.611	0.000
1025	-4.363	3.611	0.000
1026	-4.363	3.611	0.000
1059	-4.363	3.611	0.000
1061	-4.363	3.611	0.000
1062	-4.363	3.611	0.000
1149	-4.363	3.611	0.000
962	-4.362	3.612	0.000
968	-4.362	3.612	0.000
969	-4.362	3.612	0.000
971	-4.362	3.612	0.000
972	-4.362	3.611	0.000
1086	-4.362	3.612	0.000
1087	-4.362	3.612	0.000
1088	-4.362	3.612	0.000
1089	-4.362	3.612	0.000
1090	-4.362	3.612	0.000
1091	-4.362	3.612	0.000
1120	-4.362	3.612	0.000
1141	-4.362	3.612	0.000
1142	-4.362	3.612	0.000
1143	-4.362	3.612	0.000
1144	-4.362	3.612	0.000
1145	-4.362	3.612	0.000
1147	-4.362	3.611	0.000
1657	-4.359	3.615	0.000
1658	-4.359	3.615	0.000
1659	-4.359	3.615	0.000
1665	-4.359	3.615	0.000
1666	-4.359	3.615	0.000
1687	-4.359	3.615	0.000
1688	-4.359	3.615	0.000
1689	-4.359	3.615	0.000
1690	-4.359	3.615	0.000
1691	-4.359	3.615	0.000
1700	-4.355	3.614	0.000
1699	-4.333	3.610	0.000
856	-4.115	2.434	0.000
857	-4.115	2.434	0.000
871	-4.115	2.434	0.000
792	-4.081	2.413	0.000
793	-4.081	2.413	0.000
798	-4.080	2.412	0.000
808	-4.080	2.413	0.000
809	-4.080	2.413	0.000
908	-4.077	2.411	0.000
939	-4.076	2.411	0.000
947	-4.076	2.411	0.000
976	-4.076	2.411	0.000
