1752	-4.910	0.000	0.000
451	-3.953	2.418	0.000
156	-3.947	2.417	0.000
157	-3.947	2.417	0.000
158	-3.947	2.417	0.000
159	-3.947	2.417	0.000
516	-3.947	2.417	0.000
517	-3.947	2.417	0.000
518	-3.947	2.417	0.000
519	-3.947	2.417	0.000
1744	-3.946	2.419	0.000
1745	-3.946	2.419	0.000
677	-3.942	2.425	0.000
72	-3.939	2.410	0.000
73	-3.939	2.410	0.000
449	-3.934	2.413	0.000
441	-3.931	2.413	0.000
91	-3.930	2.413	0.000
83	-3.928	2.412	0.000
133	-3.928	2.412	0.000
63	-3.928	2.412	0.000
71	-3.928	2.412	0.000
252	-3.928	2.412	0.000
253	-3.928	2.412	0.000
270	-3.928	2.412	0.000
1728	-3.926	2.414	0.000
1729	-3.926	2.414	0.000
1730	-3.926	2.414	0.000
1731	-3.926	2.414	0.000
1732	-3.926	2.414	0.000
1740	-3.926	2.414	0.000
1743	-3.926	2.414	0.000
1748	-3.926	2.414	0.000
1762	-3.926	2.410	0.000
1763	-3.926	2.410	0.000
1764	-3.926	2.410	0.000
1765	-3.926	2.410	0.000
1766	-3.926	2.410	0.000
22	-3.878	2.401	0.000
23	-3.878	2.401	0.000
27	-3.875	2.400	0.000
36	-3.875	2.400	0.000
37	-3.875	2.400	0.000
38	-3.875	2.400	0.000
76	-3.875	2.400	0.000
104	-3.871	2.399	0.000
208	-3.871	2.399	0.000
246	-3.871	2.399	0.000
353	-3.869	2.398	0.000
2	-3.858	2.398	0.000
4	-3.858	2.398	0.000
5	-3.858	2.397	0.000
6	-3.858	2.398	0.000
7	-3.858	2.398	0.000
8	-3.858	2.398	0.000
9	-3.858	2.398	0.000
10	-3.858	2.398	0.000
11	-3.858	2.398	0.000
12	-3.858	2.398	0.000
1722	-3.752	0.102	0.000
1711	-3.747	0.103	0.000
1714	-3.747	0.103	0.000
1716	-3.544	1.572	0.000
1734	-3.363	2.091	0.000
1719	-3.357	2.094	0.000
