1622	-7.991	0.000	0.000
1624	-7.991	0.001	0.000
1641	-7.991	0.001	0.000
1646	-7.991	0.000	0.000
1649	-7.991	0.001	0.000
1650	-7.991	0.001	0.000
1656	-7.991	0.000	0.000
1608	-7.967	0.006	0.000
1610	-7.967	0.006	0.000
1277	-7.966	0.006	0.000
1658	-7.633	0.215	0.000
1606	-7.366	1.958	0.000
1609	-7.366	1.958	0.000
1242	-7.365	1.959	0.000
1613	-7.360	1.960	0.000
1615	-7.360	1.960	0.000
1617	-7.360	1.960	0.000
1618	-7.360	1.960	0.000
1620	-7.360	1.960	0.000
1621	-7.360	1.960	0.000
1623	-7.360	1.960	0.000
1625	-7.360	1.960	0.000
1627	-7.360	1.960	0.000
1628	-7.360	1.960	0.000
1629	-7.360	1.960	0.000
1635	-7.360	1.960	0.000
1636	-7.360	1.960	0.000
1640	-7.360	1.960	0.000
1643	-7.360	1.960	0.000
1644	-7.360	1.960	0.000
1645	-7.360	1.960	0.000
1648	-7.360	1.960	0.000
1652	-7.360	1.960	0.000
1653	-7.360	1.960	0.000
1654	-7.360	1.960	0.000
1660	-7.360	1.960	0.000
1611	-7.359	1.958	0.000
1661	-7.340	1.960	0.000
1631	-7.265	1.959	0.000
1607	-7.034	2.777	0.000
1612	-7.022	2.776	0.000
1614	-7.022	2.776	0.000
1626	-7.022	2.776	0.000
1630	-7.022	2.776	0.000
1638	-7.022	2.776	0.000
1639	-7.022	2.776	0.000
1647	-7.022	2.776	0.000
1651	-7.022	2.776	0.000
1659	-7.022	2.776	0.000
1632	-6.817	2.032	0.000
1642	-6.782	2.193	0.000
1616	-6.782	2.193	0.000
1619	-6.782	2.193	0.000
1637	-6.782	2.193	0.000
1655	-6.782	2.193	0.000
1662	-6.782	2.193	0.000
1663	-6.782	2.193	0.000
1633	-5.827	2.978	0.000
1634	-5.827	2.978	0.000
1657	-5.827	2.978	0.000
