627	-5.733	0.000	7.489
630	-5.733	0.000	7.488
708	-5.732	0.003	7.264
715	-5.732	0.003	8.663
717	-5.732	0.002	8.663
773	-5.732	0.002	6.532
825	-5.732	0.003	6.528
636	-5.730	0.002	8.739
644	-5.730	0.002	8.738
650	-5.730	0.002	7.757
671	-5.730	0.002	7.753
676	-5.730	0.002	8.528
677	-5.730	0.002	8.079
685	-5.730	0.002	8.083
940	-5.726	0.005	8.088
631	-5.726	0.005	8.094
850	-5.726	0.005	4.451
616	-5.725	0.004	8.174
690	-5.668	0.047	2.262
716	-5.668	0.047	2.262
612	-5.549	0.036	7.502
614	-5.549	0.036	7.503
615	-5.549	0.036	7.503
618	-5.545	0.035	7.504
622	-5.545	0.035	7.266
626	-5.545	0.035	7.488
693	-5.544	0.037	7.265
695	-5.544	0.037	8.663
699	-5.544	0.037	8.663
707	-5.544	0.037	8.663
711	-5.544	0.037	8.668
714	-5.544	0.038	8.105
719	-5.544	0.037	8.738
720	-5.544	0.037	6.009
722	-5.544	0.037	7.760
725	-5.544	0.037	5.968
727	-5.544	0.037	8.528
728	-5.544	0.037	8.077
729	-5.544	0.038	8.087
731	-5.544	0.037	8.089
734	-5.544	0.037	4.453
743	-5.544	0.037	6.168
795	-5.544	0.037	5.960
810	-5.544	0.037	5.959
815	-5.544	0.037	7.171
818	-5.544	0.038	5.966
819	-5.544	0.038	4.607
645	-5.543	0.037	12.298
654	-5.543	0.036	7.150
655	-5.543	0.037	6.722
659	-5.543	0.036	6.275
663	-5.543	0.036	11.467
664	-5.543	0.036	8.690
667	-5.543	0.036	8.663
675	-5.543	0.036	11.600
678	-5.543	0.036	7.794
679	-5.543	0.036	10.347
687	-5.543	0.036	9.202
688	-5.543	0.037	10.350
945	-5.541	0.038	10.292
633	-5.541	0.038	13.089
855	-5.541	0.038	13.091
877	-5.541	0.038	13.090
915	-5.541	0.038	5.528
625	-5.499	0.047	7.544
739	-5.498	0.049	7.544
700	-5.498	0.049	7.544
730	-5.498	0.049	7.545
732	-5.498	0.049	2.574
745	-5.498	0.049	7.408
747	-5.498	0.049	15.926
751	-5.498	0.049	15.926
755	-5.498	0.049	6.629
769	-5.498	0.048	7.531
774	-5.498	0.049	7.523
775	-5.498	0.049	9.476
800	-5.498	0.049	8.686
646	-5.497	0.048	15.930
652	-5.497	0.047	8.656
871	-5.495	0.049	8.660
884	-5.495	0.049	10.184
946	-5.495	0.049	11.416
617	-5.486	1.656	7.049
668	-5.484	1.665	6.950
783	-5.484	1.665	7.211
826	-5.453	0.050	2.680
844	-5.452	0.048	6.488
944	-5.449	0.050	7.172
932	-5.449	0.051	7.203
949	-5.449	0.051	11.009
619	-5.408	1.373	11.050
623	-5.408	1.373	11.986
691	-5.404	1.370	6.738
704	-5.404	1.370	7.158
706	-5.404	1.370	7.192
710	-5.404	1.370	7.178
718	-5.404	1.370	7.199
737	-5.404	1.370	7.200
741	-5.404	1.370	2.035
756	-5.404	1.370	2.033
764	-5.404	1.370	7.214
784	-5.404	1.370	3.298
817	-5.404	1.370	3.298
639	-5.403	1.370	3.299
641	-5.403	1.370	3.300
651	-5.403	1.370	3.297
658	-5.403	1.370	3.297
666	-5.403	1.370	3.297
670	-5.403	1.370	3.297
672	-5.403	1.370	3.297
680	-5.403	1.370	9.723
682	-5.403	1.370	9.731
962	-5.399	1.367	6.810
968	-5.399	1.367	6.812
870	-5.398	1.367	9.117
896	-5.398	1.367	6.816
698	-5.376	1.645	2.012
703	-5.376	1.644	0.091
684	-5.375	1.645	10.149
624	-5.327	1.633	8.358
702	-5.315	1.608	8.421
673	-5.314	1.609	8.291
692	-5.313	1.348	8.405
694	-5.313	1.348	8.290
661	-5.312	1.348	7.665
841	-5.294	1.636	9.582
701	-5.285	1.636	12.028
736	-5.285	1.636	6.689
647	-5.284	1.636	7.125
653	-5.284	1.636	7.143
628	-5.258	1.633	9.871
697	-5.256	1.630	8.322
723	-5.256	1.630	3.728
735	-5.256	1.630	3.800
748	-5.256	1.630	3.798
766	-5.256	1.630	2.715
791	-5.256	1.630	7.469
792	-5.256	1.630	3.489
832	-5.256	1.630	7.474
834	-5.256	1.630	8.476
648	-5.255	1.630	8.464
649	-5.255	1.630	8.464
665	-5.255	1.630	8.465
683	-5.255	1.630	8.465
955	-5.254	1.629	11.041
956	-5.254	1.628	9.822
902	-5.254	1.629	9.824
923	-5.253	1.629	9.798
754	-5.244	1.636	15.085
758	-5.244	1.636	8.331
807	-5.244	1.636	9.867
837	-5.244	1.636	0.000
752	-5.244	1.636	8.331
789	-5.244	1.636	8.341
808	-5.244	1.636	8.653
869	-5.240	1.635	11.106
911	-5.240	1.635	7.792
919	-5.240	1.635	7.881
927	-5.240	1.635	8.628
611	-5.230	1.340	8.964
613	-5.230	1.340	8.332
620	-5.225	1.343	3.716
621	-5.225	1.343	8.409
629	-5.225	1.343	8.408
640	-5.221	1.341	8.294
642	-5.221	1.341	9.806
657	-5.221	1.341	9.804
681	-5.221	1.341	7.703
686	-5.221	1.341	7.679
635	-5.221	1.341	13.432
637	-5.221	1.341	4.527
638	-5.221	1.341	7.119
632	-5.220	1.340	7.242
845	-5.219	1.642	9.101
849	-5.219	1.642	9.306
942	-5.219	1.621	9.310
931	-5.218	1.621	9.315
910	-5.215	1.641	7.531
705	-5.197	1.334	11.297
721	-5.197	1.334	12.023
738	-5.197	1.334	12.023
742	-5.197	1.334	12.024
761	-5.197	1.334	12.024
762	-5.197	1.334	11.102
796	-5.197	1.334	11.103
804	-5.197	1.334	11.101
831	-5.197	1.334	11.100
833	-5.197	1.334	11.104
660	-5.196	1.334	12.029
851	-5.195	1.333	6.714
854	-5.195	1.333	6.689
938	-5.195	1.332	7.140
954	-5.195	1.332	7.140
967	-5.195	1.332	7.162
862	-5.194	1.333	7.163
894	-5.194	1.333	2.029
924	-5.194	1.333	2.026
925	-5.194	1.333	2.029
886	-5.174	1.327	8.321
928	-5.174	1.327	8.006
744	-5.165	1.705	15.085
790	-5.165	1.705	8.331
809	-5.165	1.705	9.867
822	-5.165	1.705	4.396
893	-5.160	1.705	11.315
926	-5.160	1.705	8.324
843	-5.147	1.709	8.965
749	-5.142	1.640	8.297
801	-5.142	1.640	8.408
811	-5.142	1.640	8.294
903	-5.138	1.639	9.919
914	-5.138	1.639	6.330
961	-5.138	1.638	8.830
929	-5.137	1.639	7.186
759	-5.129	1.713	9.311
787	-5.129	1.713	5.644
904	-5.123	1.712	4.968
912	-5.123	1.712	11.439
922	-5.123	1.712	6.856
836	-5.092	1.718	11.101
934	-5.087	1.717	16.620
921	-5.086	1.717	16.626
760	-5.040	1.531	18.012
712	-5.040	1.532	17.827
763	-5.040	1.533	17.827
765	-5.040	1.532	17.836
776	-5.040	1.531	17.969
958	-5.032	1.505	6.548
865	-5.031	1.508	17.949
867	-5.031	1.504	9.946
895	-5.031	1.508	17.963
963	-4.990	1.469	14.282
941	-4.990	1.466	19.791
943	-4.990	1.469	19.785
969	-4.990	1.468	18.697
937	-4.989	1.475	15.587
920	-4.988	1.472	19.077
930	-4.988	1.469	19.085
674	-4.892	0.529	7.168
709	-4.892	0.530	2.025
713	-4.892	0.530	2.028
724	-4.892	0.530	3.282
726	-4.892	0.530	9.791
733	-4.892	0.529	3.281
753	-4.892	0.530	3.282
643	-4.892	0.530	2.037
656	-4.892	0.529	3.279
662	-4.892	0.529	3.279
669	-4.892	0.530	3.279
689	-4.892	0.530	3.279
785	-4.811	2.390	6.386
780	-4.810	2.390	8.249
794	-4.810	2.390	10.811
813	-4.810	2.390	12.468
838	-4.810	2.390	11.089
840	-4.810	2.390	11.088
863	-4.808	2.390	8.339
873	-4.808	2.390	3.576
874	-4.808	2.390	3.578
936	-4.808	2.390	11.218
740	-4.695	2.667	9.800
746	-4.695	2.667	8.255
750	-4.695	2.667	12.468
767	-4.695	2.667	4.362
768	-4.695	2.667	5.022
839	-4.695	2.667	5.023
858	-4.692	2.668	5.027
882	-4.692	2.668	3.560
899	-4.692	2.667	8.316
900	-4.692	2.667	8.040
933	-4.692	2.667	8.342
935	-4.692	2.668	8.001
947	-4.692	2.667	8.004
872	-4.692	2.668	4.384
770	-4.475	2.622	6.774
970	-4.473	2.623	7.069
939	-4.472	2.623	6.726
957	-4.472	2.623	5.998
861	-4.472	2.623	16.073
1646	-4.216	3.879	8.316
1647	-4.216	3.878	7.189
