328	-5.095	0.000	2.041
407	-5.095	0.000	2.041
72	-5.095	0.000	2.041
86	-5.095	0.000	2.041
127	-5.095	0.000	2.040
241	-5.095	0.000	16.537
253	-5.095	0.000	16.560
254	-5.095	0.001	17.026
300	-5.071	0.013	2.486
324	-5.071	0.013	16.633
372	-5.071	0.013	16.588
375	-5.071	0.013	16.605
263	-5.071	0.013	16.612
492	-5.071	0.013	10.256
1637	-5.057	0.016	10.256
1664	-5.057	0.016	0.015
298	-5.055	0.016	0.015
301	-5.054	0.016	10.257
347	-5.054	0.016	10.257
4	-5.054	0.015	5.570
17	-5.054	0.015	10.270
21	-5.054	0.015	20.317
29	-5.054	0.015	11.314
32	-5.054	0.015	11.315
42	-5.054	0.015	11.315
44	-5.054	0.015	11.319
59	-5.054	0.015	12.922
60	-5.054	0.015	17.036
83	-5.054	0.015	19.079
103	-5.054	0.015	13.648
105	-5.054	0.015	13.278
106	-5.054	0.015	18.351
116	-5.054	0.015	8.910
134	-5.054	0.015	13.359
248	-5.054	0.015	8.914
249	-5.054	0.015	17.381
258	-5.054	0.015	17.383
522	-5.054	0.015	13.209
1571	-5.054	0.015	17.746
1578	-5.054	0.015	17.746
163	-5.044	0.023	1.693
166	-5.044	0.023	22.050
1623	-5.033	0.020	17.949
6	-5.030	0.020	17.964
36	-5.030	0.019	17.744
436	-5.030	0.019	17.724
437	-5.030	0.019	17.722
479	-5.030	0.020	17.724
153	-4.724	2.305	9.313
181	-4.724	2.305	9.108
192	-4.724	2.305	6.981
1602	-4.710	2.168	0.015
1617	-4.710	2.169	11.021
360	-4.708	2.171	0.870
1569	-4.707	2.171	11.461
12	-4.707	2.171	9.849
56	-4.707	2.171	3.808
85	-4.707	2.171	3.719
239	-4.707	2.170	3.723
264	-4.707	2.171	8.457
1559	-4.707	2.171	3.838
1561	-4.707	2.170	3.807
1565	-4.707	2.170	3.487
1566	-4.707	2.171	7.484
1570	-4.707	2.170	7.475
1572	-4.707	2.171	8.462
1573	-4.707	2.171	8.463
1574	-4.707	2.170	8.463
1577	-4.707	2.170	8.463
1615	-4.703	2.271	9.823
1592	-4.686	2.278	9.888
591	-4.685	2.167	9.889
334	-4.685	2.166	3.577
397	-4.685	2.166	3.579
410	-4.685	2.166	3.567
598	-4.684	2.283	7.669
225	-4.684	2.283	11.104
235	-4.684	2.283	7.792
237	-4.684	2.283	12.068
268	-4.684	2.283	11.373
473	-4.684	2.284	8.966
501	-4.684	2.283	8.967
386	-4.684	2.281	14.920
394	-4.684	2.281	8.332
440	-4.684	2.283	8.330
443	-4.684	2.166	8.965
532	-4.684	2.166	8.964
75	-4.595	2.383	11.316
122	-4.595	2.383	15.732
236	-4.595	2.383	2.004
1562	-4.595	2.383	11.317
1567	-4.595	2.383	9.910
1568	-4.595	2.383	9.898
1575	-4.595	2.383	11.533
1588	-4.576	2.385	2.198
1645	-4.576	2.385	5.993
400	-4.573	2.384	8.732
220	-4.573	2.385	3.104
442	-4.573	2.384	3.100
452	-4.573	2.385	3.096
496	-4.573	2.385	3.095
585	-4.573	2.384	3.667
