1449	-5.692	0.000	12.277
1530	-5.692	0.000	10.348
1546	-5.692	0.001	10.350
1497	-5.691	0.001	8.768
1501	-5.691	0.001	13.090
1502	-5.691	0.001	13.089
1503	-5.691	0.001	13.091
1513	-5.691	0.001	13.091
1529	-5.459	1.017	5.284
1547	-5.435	1.550	7.189
1490	-5.433	1.550	8.312
1516	-5.362	1.889	8.461
1443	-5.351	1.665	14.911
1465	-5.351	1.665	8.448
1475	-5.351	1.665	4.288
1494	-5.351	1.665	8.355
1521	-5.351	1.665	9.822
1522	-5.351	1.665	9.823
1523	-5.351	1.665	9.801
1548	-5.351	1.665	9.801
1550	-5.351	1.665	8.285
1507	-5.124	1.632	6.423
