168	-5.663	0.000	2.262
180	-5.663	0.000	10.819
184	-5.663	0.000	2.448
196	-5.663	0.000	10.815
198	-5.663	0.000	5.651
580	-5.654	1.016	5.632
589	-5.651	0.355	5.636
67	-5.649	0.354	10.266
79	-5.649	0.355	5.639
81	-5.649	0.356	5.597
213	-5.649	0.356	12.180
244	-5.649	0.355	5.609
499	-5.648	0.356	2.003
331	-5.648	0.355	2.003
497	-5.648	0.356	11.314
357	-5.647	0.357	11.313
563	-5.643	1.017	2.001
578	-5.643	1.017	11.314
590	-5.643	1.017	9.916
243	-5.641	1.018	0.000
277	-5.640	1.018	2.012
289	-5.640	1.018	0.006
312	-5.640	1.018	5.577
317	-5.640	1.018	6.007
321	-5.640	1.018	8.739
354	-5.640	1.018	2.613
380	-5.640	1.018	3.104
403	-5.640	1.018	3.097
404	-5.640	1.018	3.670
438	-5.640	1.018	2.802
439	-5.640	1.018	3.666
444	-5.640	1.018	6.229
449	-5.640	1.018	6.221
453	-5.640	1.018	2.572
471	-5.640	1.018	7.545
511	-5.640	1.018	7.544
546	-5.640	1.018	7.544
552	-5.639	0.356	7.545
230	-5.636	0.356	6.234
222	-5.636	0.357	3.710
472	-5.636	0.357	15.926
294	-5.635	0.358	15.926
311	-5.635	0.357	9.493
332	-5.635	0.357	9.496
359	-5.635	0.357	9.934
358	-5.635	0.357	8.684
1604	-5.634	0.355	8.686
1605	-5.633	0.350	5.224
555	-5.605	0.232	8.083
566	-5.605	0.232	8.086
581	-5.605	0.232	8.089
588	-5.605	0.232	4.566
595	-5.605	0.232	5.956
606	-5.605	0.232	5.958
610	-5.605	0.232	5.963
426	-5.603	0.235	8.326
429	-5.603	0.235	7.171
431	-5.602	0.235	7.155
448	-5.602	0.235	4.683
458	-5.602	0.235	6.042
466	-5.602	0.235	11.482
470	-5.602	0.235	8.173
480	-5.602	0.235	8.172
309	-5.602	0.235	7.788
316	-5.602	0.235	11.610
335	-5.602	0.235	10.348
366	-5.602	0.235	8.769
391	-5.602	0.235	10.351
402	-5.602	0.235	5.524
411	-5.602	0.235	13.089
378	-5.590	0.222	13.091
456	-5.590	0.222	13.091
457	-5.590	0.222	12.153
491	-5.590	0.222	12.153
512	-5.590	0.222	12.151
513	-5.590	0.222	12.150
469	-5.292	0.808	6.910
498	-5.292	0.808	7.317
405	-5.291	0.808	5.730
412	-5.291	0.808	8.202
582	-4.547	2.078	15.930
445	-4.545	2.077	6.224
536	-4.545	2.074	7.525
520	-4.543	2.050	5.139
584	-4.539	2.111	8.677
490	-4.532	2.025	8.678
607	-4.532	2.016	8.654
561	-4.188	3.664	7.191
570	-4.188	3.664	7.496
602	-4.188	3.664	7.497
605	-4.188	3.664	7.498
339	-4.187	3.664	7.496
383	-4.187	3.664	7.481
398	-4.187	3.664	7.258
415	-4.187	3.664	8.365
416	-4.187	3.664	8.656
430	-4.187	3.664	8.656
467	-4.187	3.664	7.554
468	-4.187	3.664	6.524
485	-4.187	3.664	8.734
487	-4.187	3.664	3.427
505	-4.187	3.664	8.741
533	-4.187	3.664	8.739
537	-4.187	3.664	7.797
