1614	-6.242	0.000	2.262
1420	-6.217	0.027	2.262
1429	-6.215	0.005	2.262
1391	-6.144	0.035	10.819
1411	-6.144	0.035	10.826
1423	-6.144	0.035	10.811
1278	-5.976	0.176	5.651
1581	-5.967	0.165	5.626
1582	-5.967	0.165	5.632
1583	-5.967	0.165	10.271
1585	-5.967	0.165	9.845
1586	-5.967	0.165	5.642
1589	-5.967	0.165	5.597
1593	-5.967	0.165	12.181
1598	-5.967	0.165	5.623
1600	-5.967	0.165	2.003
1603	-5.967	0.165	5.622
1611	-5.967	0.165	11.314
1612	-5.967	0.165	15.728
1403	-5.960	0.174	2.001
1279	-5.954	0.090	2.000
1626	-5.929	0.163	9.916
1630	-5.929	0.163	9.904
1631	-5.929	0.163	11.531
1282	-5.912	0.182	0.001
1283	-5.912	0.182	0.000
1238	-5.911	0.182	1.999
1388	-5.909	0.182	2.197
1263	-5.905	0.174	5.593
1277	-5.905	0.174	8.739
1652	-5.905	0.174	6.034
1674	-5.904	0.174	2.621
1222	-5.903	0.169	3.104
1228	-5.903	0.169	3.097
1300	-5.903	0.168	2.798
1307	-5.903	0.168	2.803
1311	-5.903	0.168	2.435
1316	-5.903	0.168	6.219
1332	-5.903	0.168	2.566
1244	-5.902	0.169	6.222
1248	-5.902	0.169	7.545
1253	-5.902	0.169	7.544
1260	-5.902	0.169	7.544
1338	-5.900	0.168	7.544
1349	-5.900	0.168	7.545
1370	-5.900	0.168	11.416
1383	-5.900	0.168	15.926
1392	-5.900	0.168	15.926
1395	-5.900	0.168	9.495
1396	-5.900	0.168	7.531
1399	-5.900	0.168	3.701
1587	-5.884	0.898	8.684
1608	-5.884	0.898	8.685
1609	-5.884	0.898	3.493
1301	-5.857	0.901	3.501
1335	-5.857	0.901	7.159
1295	-5.856	0.164	11.417
1419	-5.855	0.901	9.970
1618	-5.842	0.899	5.572
1666	-5.842	0.899	2.618
1673	-5.835	0.906	5.201
1223	-5.795	0.148	3.530
1285	-5.795	0.148	3.530
1328	-5.795	0.148	7.069
1235	-5.795	0.148	6.724
1236	-5.795	0.148	6.741
1249	-5.795	0.148	16.068
1406	-5.793	0.148	3.552
1350	-5.792	0.148	8.734
1357	-5.792	0.148	7.052
1386	-5.792	0.148	7.055
1264	-5.788	0.910	7.066
1326	-5.775	0.908	7.560
1225	-5.773	0.908	11.017
1226	-5.773	0.908	7.172
1227	-5.773	0.908	6.744
1243	-5.773	0.908	7.601
1255	-5.773	0.908	7.613
1407	-5.772	0.909	8.324
1408	-5.772	0.909	8.313
1410	-5.772	0.909	7.228
1415	-5.772	0.909	7.194
1360	-5.771	0.909	8.317
1373	-5.771	0.909	8.317
1377	-5.771	0.909	7.178
1591	-5.760	0.242	7.190
1594	-5.760	0.705	7.503
1599	-5.760	0.705	7.503
1610	-5.760	0.705	7.506
1660	-5.748	0.240	8.399
1261	-5.725	0.707	4.522
1632	-5.725	0.707	5.947
1634	-5.725	0.707	4.536
1636	-5.725	0.707	5.974
1638	-5.725	0.707	5.976
1640	-5.725	0.707	4.627
1659	-5.725	0.707	6.019
1670	-5.725	0.707	7.156
1671	-5.725	0.707	6.281
1672	-5.725	0.707	11.472
1679	-5.725	0.707	11.356
1230	-5.721	0.709	10.331
1427	-5.718	0.709	7.788
1400	-5.685	0.263	6.022
1627	-5.677	0.258	1.751
1216	-5.676	1.549	1.751
1302	-5.675	0.695	1.751
1303	-5.675	0.695	2.263
1413	-5.674	0.695	10.829
1668	-5.673	0.259	2.263
1401	-5.673	0.695	2.263
1635	-5.672	0.257	1.748
1669	-5.664	1.473	2.262
1417	-5.655	0.253	5.626
1342	-5.642	1.509	2.002
1346	-5.642	1.509	11.531
1430	-5.642	1.509	0.001
1265	-5.629	0.697	8.656
1266	-5.629	0.697	10.181
1229	-5.624	0.699	11.802
1259	-5.624	0.699	11.416
1286	-5.624	0.699	9.970
1317	-5.624	0.699	5.572
1365	-5.622	0.699	2.618
1371	-5.622	0.699	7.035
1404	-5.622	0.699	2.722
1409	-5.622	0.699	3.532
1234	-5.617	1.544	7.044
1242	-5.617	1.544	7.044
1305	-5.615	1.544	6.600
1310	-5.615	1.544	7.172
1272	-5.613	1.546	8.303
1352	-5.612	1.544	7.613
1362	-5.612	1.544	8.325
1364	-5.612	1.544	8.323
1378	-5.612	1.544	8.321
1337	-5.610	0.717	8.316
1280	-5.605	0.921	4.608
1281	-5.605	0.921	5.967
1218	-5.604	0.921	5.964
1251	-5.604	0.921	6.209
1267	-5.574	1.515	6.022
1268	-5.574	1.515	6.029
1269	-5.574	1.515	1.751
1270	-5.574	1.515	1.751
1217	-5.572	1.514	2.263
1297	-5.565	1.513	15.732
1304	-5.565	1.513	2.002
1306	-5.565	1.513	9.905
1308	-5.565	1.513	0.001
1309	-5.565	1.513	0.000
1319	-5.565	1.513	0.000
1320	-5.565	1.513	0.009
1321	-5.565	1.513	2.319
1323	-5.565	1.513	6.006
1287	-5.565	1.513	8.739
1289	-5.565	1.513	3.103
1221	-5.563	1.513	2.804
1237	-5.562	1.513	3.666
1239	-5.562	1.513	6.219
1245	-5.562	1.513	6.220
1246	-5.562	1.513	2.577
1247	-5.562	1.513	7.543
1250	-5.562	1.513	7.544
1252	-5.562	1.513	7.544
1258	-5.562	1.513	2.585
1340	-5.562	1.514	7.544
1358	-5.562	1.513	15.925
1379	-5.562	1.513	15.926
1426	-5.562	1.513	15.926
269	-5.490	0.786	9.970
1224	-5.469	1.547	7.057
1629	-5.451	0.917	7.050
1628	-5.447	0.918	7.613
1292	-5.378	1.509	2.012
356	-5.317	0.761	8.420
1616	-5.189	1.968	3.285
1625	-5.188	1.968	9.791
1639	-5.188	1.968	3.282
1653	-5.188	1.968	3.282
1661	-5.188	1.968	3.281
1322	-5.184	1.980	6.770
1232	-5.184	1.981	6.722
1233	-5.184	1.981	11.073
1256	-5.184	1.981	6.735
1416	-5.182	1.980	8.418
1355	-5.182	1.980	8.451
1361	-5.182	1.980	4.542
1374	-5.182	1.980	9.824
1398	-5.182	1.980	9.824
1284	-5.178	1.969	8.256
1329	-5.178	1.969	6.232
1231	-5.178	1.972	11.091
1347	-5.177	1.969	5.022
1412	-5.177	1.969	3.520
1385	-5.177	1.969	4.517
1390	-5.177	1.969	3.573
1414	-5.177	1.970	4.369
1275	-5.175	1.977	8.320
175	-4.941	3.596	16.895
176	-4.941	3.596	15.089
202	-4.941	3.596	22.786
1262	-4.867	3.491	3.279
798	-4.852	3.906	9.778
802	-4.852	3.906	9.786
806	-4.852	3.906	6.766
965	-4.840	3.903	6.761
948	-4.839	3.903	9.370
857	-4.839	3.903	9.177
864	-4.839	3.903	6.767
866	-4.839	3.903	6.721
889	-4.839	3.903	11.073
890	-4.839	3.903	1.989
905	-4.839	3.903	0.030
906	-4.839	3.903	0.030
913	-4.839	3.903	10.273
916	-4.839	3.903	10.273
1271	-4.824	3.726	1.998
1276	-4.824	3.726	11.064
1313	-4.819	3.730	14.939
1363	-4.819	3.730	14.939
1428	-4.819	3.730	7.495
1354	-4.777	3.879	14.920
1356	-4.777	3.879	8.961
1366	-4.777	3.879	8.172
1369	-4.777	3.879	13.953
1397	-4.777	3.879	8.964
1324	-4.776	3.879	8.167
799	-4.774	3.494	8.421
824	-4.774	3.494	8.421
835	-4.774	3.494	8.421
966	-4.762	3.491	8.422
901	-4.762	3.491	8.292
888	-4.761	3.491	8.405
891	-4.761	3.491	8.292
908	-4.761	3.491	9.804
951	-4.742	3.534	9.101
1667	-4.720	3.383	6.865
594	-4.719	3.396	6.860
553	-4.711	3.390	6.594
556	-4.711	3.390	6.874
558	-4.711	3.390	7.296
565	-4.711	3.390	13.300
567	-4.711	3.390	8.201
568	-4.711	3.390	7.643
575	-4.711	3.390	5.846
579	-4.711	3.390	9.191
597	-4.711	3.390	3.638
601	-4.711	3.390	9.657
1655	-4.711	3.389	12.515
1656	-4.711	3.389	8.756
1657	-4.711	3.389	11.294
117	-4.710	3.389	11.297
226	-4.710	3.390	11.297
240	-4.710	3.389	11.282
260	-4.710	3.389	12.024
272	-4.710	3.389	12.026
273	-4.710	3.389	12.025
274	-4.710	3.389	11.103
282	-4.710	3.389	11.104
283	-4.710	3.389	11.102
285	-4.710	3.389	6.654
421	-4.710	3.390	11.101
422	-4.710	3.390	11.103
318	-4.710	3.389	12.030
327	-4.710	3.389	6.688
337	-4.710	3.389	7.120
340	-4.710	3.389	7.155
342	-4.710	3.390	7.140
346	-4.710	3.390	7.161
352	-4.710	3.389	7.162
365	-4.710	3.389	2.027
379	-4.710	3.390	2.025
384	-4.710	3.389	3.283
389	-4.710	3.389	3.281
395	-4.710	3.389	3.281
406	-4.710	3.389	3.281
414	-4.710	3.389	3.280
417	-4.710	3.389	3.279
450	-4.710	3.389	3.279
451	-4.710	3.389	3.279
474	-4.710	3.390	3.279
477	-4.710	3.389	3.279
478	-4.710	3.389	9.779
481	-4.710	3.389	9.784
482	-4.710	3.389	9.771
483	-4.710	3.389	6.774
484	-4.710	3.389	6.761
495	-4.710	3.389	9.167
509	-4.710	3.389	9.176
510	-4.710	3.389	6.767
514	-4.710	3.389	1.217
516	-4.710	3.389	6.722
523	-4.710	3.389	1.212
534	-4.710	3.390	6.744
540	-4.710	3.389	0.030
541	-4.710	3.389	10.274
543	-4.710	3.389	10.273
247	-4.710	3.387	14.588
1677	-4.710	3.389	0.039
1678	-4.710	3.389	10.275
313	-4.709	3.392	1.998
325	-4.709	3.389	1.999
326	-4.709	3.390	1.998
393	-4.709	3.389	2.002
1339	-4.699	3.829	9.796
856	-4.673	3.561	8.168
885	-4.673	3.562	8.422
897	-4.673	3.561	9.023
959	-4.673	3.561	8.422
960	-4.673	3.561	8.293
757	-4.673	3.839	8.406
771	-4.673	3.839	8.292
777	-4.673	3.839	9.804
778	-4.673	3.839	9.808
786	-4.673	3.839	9.807
793	-4.673	3.839	8.650
797	-4.673	3.839	3.703
816	-4.673	3.839	9.917
827	-4.673	3.839	9.918
1294	-4.671	3.884	7.638
907	-4.670	3.833	6.341
846	-4.669	3.833	9.304
878	-4.669	3.834	9.301
880	-4.669	3.834	9.312
355	-4.662	1.483	7.187
1293	-4.659	3.330	8.962
1389	-4.659	3.330	6.860
1273	-4.658	3.329	6.864
1274	-4.658	3.329	9.567
779	-4.649	3.364	13.093
823	-4.649	3.364	13.094
828	-4.649	3.364	13.094
852	-4.647	3.362	5.528
842	-4.647	3.362	12.155
1298	-4.643	3.806	12.155
1299	-4.643	3.806	12.153
1257	-4.642	3.807	5.969
1312	-4.642	3.806	5.997
1333	-4.642	3.807	6.002
1405	-4.641	3.807	6.032
1240	-4.614	3.476	10.828
1241	-4.614	3.475	10.813
1622	-4.613	3.473	5.649
1359	-4.557	2.265	7.538
1425	-4.557	2.265	7.538
1219	-4.470	2.273	8.752
1220	-4.470	2.273	8.728
