136	-5.690	0.000	12.153
142	-5.690	0.000	12.153
150	-5.690	0.000	12.151
160	-5.690	0.000	12.150
167	-5.690	0.000	12.155
171	-5.690	0.000	12.153
177	-5.690	0.000	5.538
182	-5.690	0.000	5.561
191	-5.690	0.000	5.999
197	-5.690	0.000	6.005
210	-5.690	0.000	6.022
141	-5.578	0.048	12.152
135	-5.563	2.641	2.614
157	-5.563	2.641	7.391
190	-5.563	2.641	2.798
574	-5.502	0.076	12.153
587	-5.502	0.076	12.151
604	-5.502	0.076	12.151
297	-5.500	0.080	12.150
1	-5.500	0.076	12.153
2	-5.500	0.076	5.580
3	-5.500	0.076	5.560
9	-5.500	0.076	5.984
13	-5.500	0.076	6.004
16	-5.500	0.076	6.006
19	-5.500	0.076	6.022
22	-5.500	0.076	6.029
23	-5.500	0.076	1.751
24	-5.500	0.076	1.751
31	-5.500	0.076	2.264
38	-5.500	0.076	10.829
41	-5.500	0.076	2.263
45	-5.500	0.076	10.829
46	-5.500	0.076	2.262
49	-5.500	0.076	2.262
50	-5.500	0.076	2.262
51	-5.500	0.076	2.262
58	-5.500	0.076	2.262
62	-5.500	0.076	2.262
66	-5.500	0.076	10.815
76	-5.500	0.076	10.825
90	-5.500	0.076	5.642
96	-5.500	0.076	5.652
110	-5.500	0.076	5.632
115	-5.500	0.076	9.038
121	-5.500	0.076	10.266
129	-5.500	0.076	5.639
232	-5.500	0.076	1.673
234	-5.500	0.076	5.597
267	-5.500	0.076	5.618
278	-5.500	0.076	5.600
279	-5.500	0.076	2.003
281	-5.500	0.076	11.313
284	-5.500	0.076	11.313
292	-5.500	0.076	15.728
305	-5.500	0.076	2.001
307	-5.500	0.076	11.314
308	-5.500	0.076	2.002
320	-5.500	0.076	9.905
322	-5.500	0.076	0.001
323	-5.500	0.076	0.001
329	-5.500	0.076	0.000
361	-5.500	0.076	0.009
362	-5.500	0.076	2.204
377	-5.500	0.076	5.617
382	-5.500	0.076	8.717
396	-5.500	0.076	3.104
413	-5.500	0.076	3.641
420	-5.500	0.076	2.619
423	-5.500	0.076	3.642
432	-5.500	0.076	2.804
433	-5.500	0.076	2.434
500	-5.500	0.076	6.219
502	-5.500	0.076	6.220
527	-5.500	0.076	6.222
557	-5.488	0.564	9.970
586	-5.488	0.564	5.572
593	-5.488	0.565	5.575
503	-5.486	0.558	2.713
40	-5.486	0.567	2.729
390	-5.486	0.569	6.775
399	-5.486	0.567	7.067
465	-5.486	0.567	6.736
34	-5.382	0.020	6.772
252	-5.382	0.020	11.030
256	-5.382	0.020	6.795
368	-5.382	0.019	0.063
370	-5.382	0.019	10.227
371	-5.382	0.034	10.226
447	-5.382	0.019	14.553
548	-5.382	0.019	0.054
98	-5.382	0.020	10.228
99	-5.382	0.020	11.035
124	-5.382	0.020	11.024
261	-5.382	0.024	10.499
144	-5.367	3.497	9.868
162	-5.367	3.497	3.843
165	-5.367	3.497	3.743
188	-5.367	3.497	3.747
206	-5.367	3.497	7.146
178	-5.367	3.497	3.853
179	-5.367	3.497	3.506
193	-5.367	3.497	3.507
205	-5.367	3.497	7.513
207	-5.367	3.497	7.515
155	-5.358	3.490	8.462
156	-5.358	3.490	8.462
158	-5.358	3.490	7.531
187	-5.358	3.490	14.909
369	-5.356	0.383	14.909
140	-5.344	3.493	12.496
146	-5.344	3.493	11.092
147	-5.344	3.493	4.950
152	-5.344	3.493	12.493
154	-5.344	3.493	4.952
159	-5.344	3.493	8.344
172	-5.344	3.493	4.375
173	-5.344	3.493	8.369
183	-5.344	3.493	8.030
200	-5.344	3.493	15.055
204	-5.344	3.493	15.055
95	-5.336	0.124	9.889
229	-5.336	0.124	9.866
246	-5.336	0.124	4.405
608	-5.302	3.573	9.805
303	-5.300	3.573	9.805
409	-5.300	3.573	8.671
26	-5.300	3.573	7.706
27	-5.300	3.573	9.949
28	-5.300	3.573	9.949
92	-5.300	3.573	6.361
108	-5.300	3.573	9.953
119	-5.300	3.573	7.225
130	-5.300	3.573	9.333
219	-5.300	3.573	9.338
265	-5.300	3.573	9.340
286	-5.300	3.573	7.222
424	-5.300	3.573	5.751
425	-5.300	3.573	6.890
524	-5.300	3.573	6.894
5	-5.290	3.566	5.778
7	-5.290	3.566	5.756
8	-5.290	3.566	15.346
33	-5.290	3.566	11.221
52	-5.290	3.566	8.412
55	-5.290	3.566	11.317
57	-5.290	3.566	8.790
63	-5.290	3.566	12.668
80	-5.290	3.566	11.335
84	-5.290	3.566	11.337
87	-5.290	3.566	11.507
102	-5.290	3.566	12.023
125	-5.290	3.566	12.024
128	-5.290	3.566	12.024
231	-5.290	3.566	6.657
251	-5.290	3.566	11.102
262	-5.290	3.566	11.103
319	-5.290	3.566	11.101
493	-5.290	3.566	11.100
494	-5.290	3.566	11.104
560	-5.278	3.569	7.140
293	-5.277	3.569	7.176
304	-5.277	3.569	7.163
314	-5.277	3.569	2.028
336	-5.277	3.569	2.026
345	-5.277	3.569	2.028
373	-5.277	3.569	3.283
401	-5.277	3.569	3.282
18	-5.277	3.569	3.282
37	-5.277	3.568	3.282
65	-5.277	3.569	3.281
74	-5.277	3.569	3.281
78	-5.277	3.569	3.280
93	-5.277	3.569	3.281
100	-5.277	3.569	3.281
109	-5.277	3.569	9.782
111	-5.277	3.569	9.784
112	-5.277	3.569	9.770
114	-5.277	3.568	6.775
118	-5.277	3.568	6.755
131	-5.277	3.569	6.761
132	-5.277	3.569	6.766
133	-5.277	3.569	10.963
211	-5.277	3.569	6.737
214	-5.277	3.569	6.722
215	-5.277	3.569	11.073
216	-5.277	3.569	6.741
217	-5.277	3.569	0.031
218	-5.277	3.568	10.272
221	-5.277	3.569	10.272
227	-5.277	3.568	14.587
228	-5.277	3.569	0.040
242	-5.277	3.568	0.041
250	-5.277	3.569	11.035
266	-5.277	3.569	11.023
280	-5.277	3.569	10.549
290	-5.277	3.569	1.999
459	-5.277	3.569	1.999
529	-5.277	3.569	10.272
603	-5.246	2.907	6.405
454	-5.245	2.907	7.995
504	-5.245	2.907	8.006
539	-5.231	2.907	8.639
564	-5.230	2.907	8.967
599	-5.230	2.907	8.327
350	-5.230	2.907	8.962
517	-5.229	2.907	8.964
526	-5.229	2.907	6.363
1517	-5.229	2.907	6.400
1532	-5.229	2.907	8.424
1544	-5.229	2.907	8.423
392	-5.228	2.907	8.425
554	-5.208	2.908	5.817
569	-5.208	2.907	6.861
572	-5.208	2.908	6.857
486	-5.207	2.907	6.873
515	-5.207	2.907	9.444
521	-5.207	2.907	6.874
538	-5.207	2.907	5.656
545	-5.207	2.907	8.205
330	-5.206	2.907	8.207
363	-5.206	2.907	5.853
364	-5.206	2.907	15.375
39	-5.206	2.907	11.177
69	-5.206	2.907	9.209
70	-5.206	2.907	11.277
123	-5.206	2.908	8.762
224	-5.206	2.907	8.782
1584	-5.185	3.632	3.281
1590	-5.185	3.632	3.281
1613	-5.185	3.632	3.281
1596	-5.184	3.632	3.281
1597	-5.184	3.632	9.781
1619	-5.184	3.632	9.784
1620	-5.184	3.632	9.773
1624	-5.184	3.632	6.775
1663	-5.184	3.632	6.755
1665	-5.184	3.631	6.761
1676	-5.184	3.632	9.181
1595	-5.184	3.631	9.176
270	-5.183	3.631	0.031
271	-5.183	3.631	0.031
68	-5.183	3.631	10.273
223	-5.183	3.631	14.587
306	-5.182	3.632	0.040
11	-5.182	3.632	10.274
53	-5.182	3.632	11.035
54	-5.182	3.632	11.023
71	-5.182	3.632	10.549
77	-5.182	3.632	1.999
88	-5.182	3.632	1.999
89	-5.182	3.632	0.000
94	-5.182	3.632	2.002
101	-5.182	3.632	11.970
104	-5.182	3.632	9.871
113	-5.182	3.632	9.872
120	-5.182	3.632	3.804
212	-5.182	3.632	3.807
238	-5.182	3.632	3.798
257	-5.182	3.632	2.717
259	-5.182	3.632	3.840
276	-5.182	3.632	3.488
302	-5.182	3.632	7.473
348	-5.182	3.632	2.713
418	-5.182	3.632	3.658
475	-5.182	3.632	8.465
1560	-5.182	3.632	8.465
1563	-5.182	3.632	8.465
1564	-5.182	3.632	8.465
1576	-5.182	3.632	7.491
1579	-5.182	3.632	12.469
1580	-5.182	3.632	14.938
1675	-5.182	3.632	14.938
48	-5.181	3.632	8.253
381	-5.181	3.632	9.798
287	-5.179	3.632	11.272
169	-5.160	1.287	3.577
82	-5.158	3.627	11.106
35	-5.157	3.627	8.177
61	-5.157	3.627	8.179
64	-5.157	3.627	8.628
73	-5.157	3.627	8.639
385	-5.157	3.627	8.961
427	-5.157	3.627	8.332
428	-5.157	3.627	8.967
476	-5.157	3.627	8.965
137	-5.121	3.638	6.865
185	-5.120	3.638	6.873
139	-5.115	3.994	6.628
148	-5.115	3.993	6.889
592	-5.114	3.909	7.083
299	-5.111	3.909	8.205
315	-5.111	3.909	7.661
341	-5.111	3.909	8.909
525	-5.111	3.909	12.300
551	-5.100	3.912	9.208
559	-5.100	3.912	11.277
576	-5.100	3.912	8.762
583	-5.100	3.912	6.860
600	-5.100	3.912	11.295
542	-5.098	1.312	9.772
10	-5.098	1.312	9.770
14	-5.098	1.312	2.194
30	-5.098	1.312	2.194
107	-5.098	1.312	2.194
488	-5.097	3.911	2.194
547	-5.097	3.911	2.041
255	-5.052	2.846	17.746
275	-5.052	2.846	17.747
343	-5.052	2.846	17.403
531	-5.052	2.846	6.320
562	-5.049	2.845	6.321
609	-5.049	2.846	6.321
1518	-5.048	2.845	2.056
338	-5.047	2.846	2.053
353	-5.047	2.846	17.844
374	-5.047	2.846	19.039
434	-5.047	2.846	19.040
435	-5.047	2.846	7.848
455	-5.047	2.846	13.724
461	-5.047	2.846	19.018
518	-5.043	1.327	20.400
573	-5.042	2.848	20.400
1658	-5.041	2.848	13.093
296	-5.040	2.848	18.145
310	-5.040	2.848	13.178
344	-5.040	2.848	13.759
351	-5.040	2.848	13.756
367	-5.040	2.848	18.148
387	-5.040	2.848	18.148
408	-5.040	2.848	7.152
441	-5.040	2.848	22.080
446	-5.040	2.848	18.048
506	-5.040	2.848	19.109
507	-5.040	2.848	20.609
530	-5.040	2.848	16.188
544	-5.040	2.848	9.923
126	-5.040	2.848	18.151
333	-4.999	1.075	10.693
376	-4.999	1.075	17.487
519	-4.999	1.075	16.207
528	-4.999	1.075	17.579
535	-4.999	1.075	19.039
15	-4.999	1.075	17.442
43	-4.999	1.075	19.040
91	-4.999	1.075	17.513
1520	-4.983	2.901	19.089
145	-4.958	3.923	17.885
1488	-4.956	2.903	16.906
1607	-4.948	2.901	22.956
596	-4.943	1.087	15.619
233	-4.930	3.465	19.601
388	-4.929	3.465	12.024
419	-4.929	3.465	12.026
549	-4.929	3.465	12.025
571	-4.918	3.472	11.101
164	-4.842	2.604	6.746
138	-4.825	2.604	0.038
149	-4.825	2.604	0.039
151	-4.825	2.604	14.592
189	-4.825	2.604	0.014
203	-4.825	2.604	11.022
170	-4.825	3.751	1.998
194	-4.825	3.755	1.999
143	-4.812	3.759	8.441
208	-4.812	3.759	12.465
209	-4.812	3.760	9.823
1491	-4.803	2.829	12.495
1500	-4.803	2.829	9.865
1621	-4.795	2.828	8.332
1633	-4.795	2.828	11.332
1641	-4.795	2.828	5.700
1642	-4.795	2.828	8.329
1643	-4.795	2.828	7.675
1648	-4.795	2.828	8.175
1649	-4.795	2.828	8.193
1654	-4.795	2.828	12.068
1662	-4.795	2.828	8.637
1601	-4.795	2.829	6.388
1606	-4.795	2.829	6.390
550	-4.682	3.567	8.165
174	-4.664	1.697	9.308
161	-4.610	1.738	5.627
186	-4.610	1.738	10.259
195	-4.610	1.738	5.635
199	-4.610	1.738	5.635
201	-4.610	1.738	1.675
460	-4.609	3.878	5.595
291	-4.609	3.875	12.184
463	-4.609	3.877	5.613
508	-4.609	3.880	2.006
577	-4.588	2.867	0.009
245	-4.587	2.868	0.009
349	-4.587	2.868	2.002
20	-4.571	2.886	3.641
25	-4.571	2.886	2.431
47	-4.571	2.886	6.217
97	-4.571	2.886	6.219
295	-4.571	2.886	7.537
288	-4.571	2.887	7.538
1644	-4.141	3.639	6.054
1650	-4.141	3.639	6.171
1651	-4.141	3.640	5.950
