1155	-11.112	0.000	14.109
1135	-11.106	0.005	14.107
1103	-10.999	3.684	5.550
1134	-10.993	3.673	1.670
953	-10.948	3.679	5.628
935	-10.945	3.681	7.563
929	-10.925	3.666	6.401
1144	-10.906	0.068	4.481
1008	-10.902	0.041	3.316
1057	-10.901	0.044	9.105
1065	-10.900	0.044	5.425
1071	-10.900	0.045	9.335
1073	-10.900	0.043	5.772
1118	-10.898	0.072	9.333
991	-10.895	0.054	19.588
1106	-10.884	0.036	19.589
965	-10.871	0.062	4.650
989	-10.840	3.697	5.988
990	-10.840	3.694	5.988
1056	-10.839	3.695	5.988
1035	-10.838	3.695	5.987
1095	-10.838	3.693	5.988
1025	-10.838	3.695	16.972
1005	-10.838	3.695	16.981
1052	-10.838	3.695	16.964
1053	-10.838	3.695	5.594
999	-10.837	3.697	5.564
1003	-10.837	3.695	16.311
1098	-10.837	3.695	5.572
1013	-10.837	3.695	5.568
1026	-10.837	3.697	7.839
1085	-10.836	3.696	5.558
1152	-10.831	3.695	17.719
939	-10.778	3.691	3.331
1055	-10.775	0.080	3.597
1093	-10.033	3.855	3.243
1115	-10.031	3.855	2.215
1019	-10.031	3.855	10.738
1139	-10.031	3.856	2.195
1096	-10.031	3.856	3.346
968	-9.962	3.950	22.382
1087	-9.808	3.966	4.394
1046	-9.758	3.920	4.368
1070	-9.748	3.908	5.090
1146	-9.740	3.914	5.193
1114	-9.738	3.912	19.499
1154	-9.725	3.913	18.225
1147	-9.703	3.972	5.666
1129	-9.665	3.910	18.563
1034	-9.660	3.914	8.950
1112	-9.592	3.124	8.288
1051	-9.587	3.124	3.206
1076	-9.587	3.124	7.265
1101	-9.416	3.270	4.320
1097	-9.408	3.268	4.320
1111	-9.408	3.270	5.406
963	-9.188	3.510	3.403
1002	-9.175	3.507	11.286
1125	-9.173	3.508	2.954
1148	-9.151	3.730	1.706
1021	-9.057	2.817	3.802
