567	-13.438	0.000	0.000
601	-13.438	0.000	0.000
602	-13.438	0.000	0.000
603	-13.438	0.000	0.000
371	-13.427	0.001	0.000
577	-12.986	0.781	0.000
607	-12.182	0.333	12.983
636	-12.128	1.409	13.625
623	-12.125	1.410	13.553
604	-12.016	0.086	11.737
555	-11.776	3.862	7.618
610	-11.564	0.329	8.844
412	-11.564	0.328	22.375
430	-11.564	0.328	8.844
392	-11.564	0.327	9.445
401	-11.564	0.327	8.801
408	-11.564	0.328	8.797
505	-11.564	0.328	2.463
609	-11.558	0.328	1.704
416	-11.558	0.328	14.012
644	-11.551	0.329	4.696
383	-11.546	0.794	2.184
544	-11.541	0.791	3.353
373	-11.340	2.929	17.776
414	-11.198	2.468	10.452
406	-11.183	2.620	8.344
646	-11.084	3.914	2.786
501	-11.011	3.858	1.719
634	-10.927	3.990	10.660
403	-10.863	3.269	4.639
666	-10.856	0.604	4.608
413	-10.834	2.862	18.657
415	-10.834	2.723	5.566
535	-10.831	2.818	8.423
494	-10.830	2.857	17.719
491	-10.830	2.861	22.212
440	-10.830	2.858	8.416
523	-10.830	2.694	17.720
464	-10.830	2.679	3.271
453	-10.829	2.878	7.503
435	-10.828	2.876	7.503
511	-10.825	2.913	8.411
579	-10.814	2.963	9.028
518	-10.795	3.091	0.130
482	-10.740	3.256	3.572
546	-10.739	3.950	9.129
405	-10.732	2.984	3.558
538	-10.725	3.942	2.780
529	-10.725	3.958	2.777
434	-10.724	3.949	0.005
442	-10.722	3.952	0.005
469	-10.722	3.929	0.000
513	-10.722	3.943	0.023
548	-10.722	3.943	1.706
545	-10.722	3.941	9.224
490	-10.722	3.952	2.131
547	-10.722	3.948	2.130
640	-10.721	2.983	3.322
471	-10.721	3.958	3.799
480	-10.721	3.948	3.881
479	-10.721	3.942	4.971
456	-10.719	3.255	3.878
487	-10.719	3.255	3.878
428	-10.719	2.984	12.500
476	-10.719	2.984	3.305
532	-10.719	2.987	3.300
444	-10.719	2.987	4.434
512	-10.718	3.943	4.416
510	-10.718	3.944	2.137
516	-10.716	3.916	3.726
569	-10.714	2.852	3.716
574	-10.714	2.849	3.713
420	-10.714	3.255	5.791
613	-10.714	2.982	1.741
524	-10.713	2.975	4.662
570	-10.712	2.913	11.523
481	-10.710	2.993	2.928
558	-10.703	2.855	6.868
556	-10.703	2.888	19.500
667	-10.688	3.253	18.225
528	-10.671	3.354	4.129
643	-10.668	2.964	4.100
598	-10.664	3.957	4.118
552	-10.613	3.955	5.353
424	-10.466	3.052	5.181
542	-10.461	3.052	3.451
616	-10.461	3.044	2.953
1092	-10.435	3.196	8.789
1023	-10.435	3.195	3.581
561	-10.406	3.055	9.327
581	-10.383	3.184	3.611
385	-10.359	3.330	11.332
573	-10.357	3.061	5.065
612	-10.341	1.422	7.240
650	-10.232	3.859	5.666
594	-10.146	3.858	3.216
553	-10.145	3.857	8.303
425	-10.111	3.913	17.622
653	-10.110	3.891	7.266
515	-10.110	3.904	8.291
540	-10.109	3.907	7.263
478	-10.109	3.918	5.299
656	-10.108	3.898	4.120
531	-10.108	3.916	2.252
637	-10.107	3.887	5.421
654	-10.105	3.888	5.449
587	-10.065	3.813	1.714
658	-10.041	3.390	22.397
590	-10.025	3.911	17.901
641	-9.902	3.586	5.521
649	-9.869	3.120	3.583
668	-9.867	3.128	1.834
635	-9.863	3.121	8.743
657	-9.863	3.121	1.837
664	-9.861	3.119	8.841
633	-9.861	3.118	8.834
549	-9.695	3.134	16.798
652	-9.693	3.814	16.793
387	-9.675	3.293	5.307
589	-9.641	3.914	17.577
580	-9.588	3.732	8.302
