1266	-15.295	0.000	0.000
1264	-15.294	0.000	0.000
1320	-14.686	3.441	0.000
1299	-14.234	3.602	0.000
1262	-13.805	3.786	0.000
1254	-13.803	3.786	0.000
1291	-13.800	3.785	0.000
1190	-13.779	3.729	0.000
1203	-13.779	3.730	0.000
1205	-13.779	3.730	0.000
1258	-13.748	3.778	0.000
1319	-13.607	3.773	0.000
1269	-13.606	3.773	0.000
1247	-13.496	3.771	0.000
1280	-13.492	3.770	0.000
1234	-13.474	3.041	0.000
1296	-13.471	3.034	0.000
1283	-13.195	3.738	0.000
1301	-12.510	3.879	0.000
1307	-12.479	3.867	0.000
1188	-12.479	3.871	0.000
1189	-12.479	3.874	0.000
1313	-12.253	3.837	13.096
1305	-12.253	3.838	14.027
1314	-12.253	3.837	14.019
1221	-12.251	3.838	5.542
1223	-12.251	3.838	11.346
1233	-12.251	3.838	18.389
1246	-12.248	3.838	14.764
1181	-11.953	3.430	16.275
1191	-11.770	2.607	5.334
1302	-11.432	3.667	19.598
1286	-11.351	3.644	7.496
1196	-11.045	3.638	3.716
1194	-10.627	3.969	5.667
