1394	-16.361	0.000	0.000
1434	-16.358	0.001	0.000
1352	-16.356	0.000	0.000
118	-12.730	3.049	0.000
1371	-11.882	2.761	13.208
1362	-11.865	2.755	19.507
1343	-11.843	2.547	18.234
1446	-11.812	1.750	4.128
1325	-11.571	3.286	2.248
1326	-11.571	3.286	3.390
1327	-11.571	3.286	4.744
1330	-11.571	3.286	9.483
1349	-11.565	3.285	8.779
1420	-11.564	3.285	1.704
1340	-11.561	3.284	1.703
1403	-11.354	3.640	17.785
1409	-11.354	3.640	7.494
1384	-11.353	3.639	7.489
1429	-11.353	3.640	8.560
1379	-11.353	3.640	7.496
1336	-11.351	3.640	7.496
1353	-11.351	3.640	7.496
1337	-11.351	3.640	7.496
160	-11.271	3.059	11.388
1392	-11.244	3.694	9.427
1460	-11.210	3.188	10.652
1461	-11.210	3.188	10.452
1395	-11.051	3.720	13.276
1417	-11.024	3.658	5.715
1397	-11.022	3.658	1.762
1402	-11.021	3.656	1.981
1454	-10.864	3.066	4.620
333	-10.851	3.545	5.987
1348	-10.822	3.151	2.187
1358	-10.821	3.145	5.603
1332	-10.787	3.898	5.698
1419	-10.784	3.896	0.129
1399	-10.784	3.901	0.129
1338	-10.782	3.903	0.130
1351	-10.781	3.899	10.726
1347	-10.781	3.895	10.736
1357	-10.781	3.899	2.147
1344	-10.780	3.898	3.677
1450	-10.748	3.669	4.000
727	-10.737	3.159	3.561
1366	-10.736	3.678	3.558
221	-10.711	3.242	22.856
1441	-10.655	3.869	7.227
1462	-10.655	3.869	7.230
1452	-10.654	3.870	7.226
1377	-10.653	3.869	5.665
1360	-10.639	3.575	5.665
1418	-10.574	3.880	17.622
1415	-10.557	3.902	8.295
1442	-10.556	1.240	8.276
1437	-10.555	1.240	5.306
720	-10.476	3.922	5.192
84	-10.474	3.072	5.191
1401	-10.470	3.857	4.066
1382	-10.464	3.881	3.450
363	-10.426	3.472	1.706
1422	-10.412	3.865	3.834
1393	-10.383	3.876	4.356
61	-10.379	3.080	0.206
848	-10.358	3.018	5.177
894	-10.349	3.524	3.206
849	-10.318	3.064	19.501
1425	-10.313	2.985	19.501
1436	-10.165	3.898	18.565
1447	-10.023	3.658	4.603
1430	-9.828	3.911	0.003
722	-9.744	3.875	2.555
726	-9.589	1.330	22.127
1448	-9.571	3.979	7.264
1416	-9.538	3.759	7.264
1433	-9.535	3.666	7.257
1408	-9.534	3.670	5.678
839	-9.510	3.645	4.118
759	-9.492	3.620	2.251
724	-9.429	3.986	9.051
1439	-9.332	3.838	5.390
886	-9.228	3.990	10.738
732	-9.219	3.758	4.603
693	-9.219	3.769	3.271
692	-9.219	3.771	3.271
725	-9.219	3.776	10.692
696	-9.218	3.771	3.417
783	-9.216	3.772	5.676
749	-9.216	3.773	5.682
1331	-9.208	3.772	3.405
676	-9.203	3.768	4.058
869	-9.201	3.766	22.382
763	-9.200	3.771	4.630
844	-9.200	3.772	2.245
796	-9.191	3.774	2.264
770	-9.129	3.727	1.705
827	-8.697	3.619	12.173
360	-8.659	3.603	3.663
