717	-10.395	0.000	3.157
740	-10.395	0.001	3.156
774	-10.395	0.001	3.155
798	-10.392	0.001	3.819
806	-10.392	0.001	3.743
835	-10.391	0.001	3.630
866	-10.390	0.001	3.729
799	-10.390	0.017	3.612
834	-10.353	0.005	3.276
868	-10.352	0.005	7.265
735	-10.341	0.006	2.560
761	-9.995	0.030	5.680
47	-9.838	3.545	2.463
167	-9.837	3.544	1.706
1333	-9.833	3.549	1.706
1342	-9.832	3.550	1.706
1365	-9.822	3.550	2.199
863	-9.813	3.531	2.199
882	-9.813	3.531	3.351
911	-9.813	3.531	3.846
714	-9.810	3.524	3.836
690	-9.810	3.531	3.833
713	-9.810	3.531	3.804
670	-9.810	3.531	4.409
689	-9.810	3.531	3.616
711	-9.810	3.531	3.159
709	-9.810	3.532	3.159
738	-9.751	0.033	3.206
764	-9.717	3.537	18.223
903	-9.717	3.537	18.226
786	-9.716	3.536	5.234
812	-9.716	3.537	5.216
876	-9.716	3.537	4.174
702	-9.714	3.537	4.117
679	-9.714	3.537	4.112
704	-9.714	3.537	7.229
719	-9.714	3.537	7.225
922	-9.710	3.537	5.664
734	-9.709	3.537	5.664
893	-9.701	3.538	5.666
907	-9.701	3.538	5.666
891	-9.701	3.538	5.666
924	-9.694	3.539	16.785
758	-9.261	2.291	1.712
808	-9.260	2.295	2.214
730	-9.260	2.291	2.215
915	-9.242	2.306	11.597
769	-9.167	3.957	3.418
787	-9.167	3.957	3.582
852	-9.167	3.959	1.834
873	-9.167	3.959	3.388
896	-9.167	3.958	1.838
737	-9.162	3.959	11.601
736	-9.162	3.958	22.368
760	-9.161	3.893	8.839
780	-9.161	3.893	3.375
751	-9.161	3.893	3.582
809	-9.160	3.893	8.789
870	-9.156	3.957	2.462
904	-9.152	3.960	1.706
862	-9.151	3.962	1.706
125	-9.137	2.697	0.003
815	-9.080	2.647	2.199
872	-9.080	2.648	2.202
858	-9.065	2.644	3.188
890	-8.805	3.871	2.211
138	-8.748	3.945	3.628
202	-8.732	3.945	3.628
