970	-13.242	0.000	0.000
988	-13.241	0.000	0.000
934	-13.218	0.003	0.000
400	-12.879	3.498	0.000
979	-12.867	3.499	0.000
946	-12.863	3.499	0.000
943	-12.859	3.499	0.000
1136	-12.804	0.040	0.000
461	-12.804	0.042	0.000
498	-12.804	0.042	0.000
507	-12.804	0.042	0.000
937	-12.340	3.389	0.000
942	-12.339	3.389	0.000
933	-12.339	3.389	0.000
1108	-12.333	3.387	0.000
497	-12.292	3.490	0.000
1082	-12.292	3.489	0.000
1161	-12.291	3.490	0.000
474	-12.288	3.495	18.038
983	-12.282	3.490	14.725
964	-12.278	3.490	5.580
938	-12.225	3.271	11.849
930	-12.225	3.271	11.851
1156	-12.073	3.378	9.511
1162	-12.073	3.378	9.510
1001	-12.067	3.378	13.569
1151	-12.065	3.378	13.546
1058	-12.059	3.378	11.424
1137	-12.050	3.379	13.566
1138	-12.050	3.379	9.698
1130	-12.049	3.379	9.698
984	-12.046	3.380	10.690
499	-12.046	3.378	12.091
1007	-12.045	3.376	9.698
1149	-12.044	3.376	10.687
1141	-12.044	3.376	16.216
1153	-12.044	3.376	16.201
1132	-12.042	3.379	10.169
1128	-12.036	3.379	9.709
1113	-12.028	3.377	14.942
959	-12.027	3.379	14.943
940	-12.023	3.378	11.736
966	-12.004	3.378	8.091
1012	-11.978	3.258	13.498
1004	-11.977	3.258	17.933
1039	-11.975	3.257	11.798
443	-11.973	3.420	11.798
1011	-11.967	3.245	14.917
1079	-11.965	3.253	13.554
1120	-11.956	3.258	13.552
977	-11.947	3.259	12.795
972	-11.933	3.247	13.530
1006	-11.927	3.288	14.625
941	-11.925	3.259	14.638
1107	-11.924	3.259	17.739
1074	-11.917	3.289	13.532
1060	-11.912	3.289	17.749
1022	-11.910	3.281	13.018
1042	-11.904	3.290	14.151
465	-11.900	3.289	14.939
488	-11.900	3.289	14.942
439	-11.900	3.289	14.944
470	-11.900	3.288	15.696
450	-11.899	3.289	12.969
426	-11.898	3.295	14.732
526	-11.896	3.280	12.414
987	-11.893	3.289	6.100
423	-11.891	3.304	6.422
1122	-11.890	2.050	12.912
389	-11.883	3.289	12.917
960	-11.882	3.289	6.146
961	-11.882	3.289	12.917
962	-11.882	3.289	13.124
459	-11.882	3.269	14.018
949	-11.878	3.289	15.142
936	-11.877	2.049	18.963
958	-11.873	2.097	14.588
588	-11.872	2.046	13.082
948	-11.871	3.289	19.235
971	-11.529	2.074	3.832
969	-11.527	2.074	4.417
1131	-11.525	2.075	3.154
1133	-11.525	2.076	3.156
1063	-11.518	2.073	3.158
1017	-11.518	2.067	3.150
663	-11.515	2.068	3.822
1031	-11.513	2.075	1.851
1069	-11.512	2.075	3.638
1067	-11.512	2.074	5.408
978	-11.500	2.066	4.380
1045	-11.489	2.071	3.634
1033	-11.489	2.065	3.672
1015	-11.471	2.037	0.213
931	-11.467	3.348	15.274
985	-11.450	3.411	3.275
952	-11.306	1.869	22.479
1145	-11.291	3.409	9.015
1040	-11.288	3.348	8.399
986	-11.287	3.414	8.399
951	-11.285	2.780	8.399
973	-11.280	2.239	17.905
957	-11.276	2.782	10.234
402	-11.249	3.915	9.445
375	-11.246	3.910	7.083
374	-11.246	3.910	9.447
379	-11.246	3.914	22.697
386	-11.246	3.915	22.698
397	-11.246	3.915	22.698
396	-11.246	3.916	7.079
433	-11.245	3.913	9.432
559	-11.228	3.511	10.176
995	-11.221	3.521	10.149
947	-11.219	3.420	8.280
932	-11.211	3.464	18.753
1086	-11.159	1.881	15.144
486	-11.151	3.899	0.361
390	-11.151	3.900	8.123
388	-11.151	3.900	11.918
466	-11.151	3.898	0.339
496	-11.151	3.900	9.504
410	-11.151	3.899	9.336
417	-11.151	3.899	9.337
447	-11.151	3.899	9.337
448	-11.151	3.900	9.338
484	-11.151	3.900	9.044
539	-11.151	3.900	9.318
411	-11.151	3.899	9.045
407	-11.151	3.900	10.108
431	-11.151	3.900	10.109
457	-11.151	3.900	10.108
455	-11.151	3.900	8.788
485	-11.151	3.901	8.567
608	-11.144	3.900	0.381
981	-11.144	1.909	8.588
1029	-11.140	3.885	7.768
1049	-11.131	1.891	8.312
1075	-11.131	1.890	4.772
1043	-11.131	1.892	4.775
1109	-11.119	1.895	14.109
1000	-11.102	1.864	14.108
996	-11.102	1.867	15.140
463	-11.079	3.359	1.827
1119	-11.055	2.155	3.388
944	-11.006	3.829	5.549
993	-10.985	2.161	18.249
1061	-10.969	2.122	5.248
543	-10.944	3.453	7.565
533	-10.944	3.454	0.544
467	-10.944	3.452	5.701
475	-10.944	3.450	5.349
514	-10.944	3.449	5.728
527	-10.944	3.453	5.316
628	-10.944	3.452	5.319
492	-10.944	3.451	1.081
508	-10.944	3.455	6.969
472	-10.944	3.455	6.970
429	-10.944	3.453	0.188
483	-10.944	3.458	0.183
437	-10.944	3.452	0.196
446	-10.943	3.451	5.368
449	-10.943	3.451	8.025
460	-10.943	3.451	5.481
458	-10.943	3.452	8.918
503	-10.940	3.427	6.945
619	-10.940	2.263	18.327
632	-10.939	2.246	5.700
506	-10.935	3.417	5.888
468	-10.932	3.447	5.485
624	-10.932	2.267	5.466
638	-10.932	2.263	5.424
525	-10.930	3.406	6.035
509	-10.930	2.264	0.521
519	-10.930	2.264	6.862
495	-10.930	2.264	6.863
1142	-10.908	2.257	5.654
563	-10.904	2.262	5.060
592	-10.881	3.463	5.485
1050	-10.881	3.452	18.340
606	-10.877	3.488	18.341
568	-10.876	3.482	18.338
600	-10.876	3.497	18.336
572	-10.874	3.471	18.342
611	-10.873	3.591	5.499
521	-10.873	3.493	4.704
504	-10.867	3.347	4.688
564	-10.859	3.407	7.409
974	-10.745	2.797	3.298
976	-10.745	2.797	3.356
975	-10.744	2.798	3.698
956	-10.740	2.800	3.619
645	-10.717	3.833	3.740
622	-10.716	3.823	3.739
1089	-10.692	2.804	18.228
655	-10.637	3.587	5.665
1047	-10.635	2.832	5.667
955	-10.633	3.725	5.667
537	-10.537	3.664	4.321
432	-10.522	3.420	1.714
571	-10.491	3.500	3.271
1038	-10.290	3.628	5.219
1068	-10.211	3.962	5.668
1014	-10.209	3.965	5.667
530	-10.186	3.960	5.355
1083	-10.182	3.878	5.318
1028	-10.181	3.878	5.324
1143	-10.175	3.882	5.320
1099	-10.161	3.877	5.320
954	-10.158	3.877	8.296
945	-10.156	3.877	8.296
950	-10.156	3.878	17.577
1117	-10.153	3.877	17.577
980	-10.152	3.877	8.289
583	-10.151	3.959	17.578
1066	-10.111	3.795	7.266
441	-10.101	3.392	5.457
489	-10.097	3.531	9.058
1150	-10.092	3.900	9.051
621	-10.084	3.461	4.337
454	-10.081	3.544	4.323
1104	-10.072	3.840	5.410
1064	-10.070	3.803	1.714
1024	-10.066	3.834	1.714
1091	-10.065	3.811	1.714
1123	-10.057	3.688	4.344
1121	-10.046	3.814	9.095
1016	-9.895	3.458	3.380
477	-9.879	3.723	2.954
522	-9.875	3.743	3.281
1090	-9.794	3.317	3.631
1105	-9.730	3.951	19.500
582	-9.648	3.616	17.577
1127	-9.638	3.615	8.288
1159	-8.991	2.912	3.158
