708	-11.183	0.000	8.262
883	-11.157	0.937	22.825
789	-11.144	3.682	6.990
674	-11.066	3.050	12.780
757	-11.062	2.137	4.290
777	-11.062	2.137	12.213
887	-11.060	2.136	12.222
851	-11.042	0.220	13.277
765	-11.042	0.146	3.723
816	-11.042	0.188	7.951
803	-11.042	0.231	2.815
784	-11.041	0.294	2.815
818	-11.029	3.632	14.660
926	-11.028	0.061	6.939
746	-11.026	0.945	1.988
805	-11.025	0.956	1.626
885	-11.024	2.135	1.625
729	-11.008	0.955	4.932
718	-11.008	0.953	4.917
681	-11.002	0.297	5.549
832	-11.001	2.130	5.549
707	-10.963	0.158	5.536
782	-10.961	2.127	16.960
748	-10.948	2.229	9.366
754	-10.948	2.228	6.842
847	-10.947	2.228	7.563
687	-10.940	2.227	5.702
811	-10.937	3.616	6.924
908	-10.934	2.229	5.484
773	-10.932	2.122	5.426
912	-10.931	2.122	6.870
901	-10.931	2.122	6.874
771	-10.924	2.229	6.399
697	-10.915	2.227	6.408
672	-10.896	2.117	8.227
677	-10.896	2.116	8.227
778	-10.827	3.440	8.421
802	-10.813	1.709	5.826
723	-10.801	1.699	4.689
772	-10.781	0.971	22.540
753	-10.781	0.971	22.540
762	-10.781	0.971	4.676
745	-10.781	0.972	0.118
826	-10.780	0.972	2.148
837	-10.780	0.972	2.132
846	-10.780	0.971	2.133
906	-10.780	0.966	5.411
880	-10.779	0.971	3.436
928	-10.769	0.971	4.725
831	-10.768	0.858	22.538
790	-10.755	3.697	2.182
675	-10.752	3.697	5.589
823	-10.727	0.037	9.082
673	-10.724	1.294	0.006
779	-10.678	1.299	18.230
867	-10.677	1.299	18.226
853	-10.675	1.298	5.222
920	-10.585	3.706	8.289
860	-10.579	2.239	3.216
710	-10.568	3.128	7.266
788	-10.568	3.127	7.265
801	-10.550	3.130	5.448
810	-10.503	3.720	5.207
741	-10.489	3.416	11.213
678	-10.488	3.416	5.570
857	-10.472	3.416	11.607
859	-10.464	3.168	3.448
878	-10.416	1.297	3.341
807	-10.413	1.293	3.348
889	-10.412	1.299	3.835
845	-10.406	1.280	3.802
898	-10.406	1.302	12.319
821	-10.397	1.308	3.153
833	-10.342	2.125	7.239
685	-10.307	2.120	18.227
895	-9.937	3.627	5.177
