185	-13.302	0.000	0.000
156	-13.301	0.005	0.000
349	-13.301	0.005	0.000
144	-13.300	0.005	0.000
103	-13.299	0.006	0.000
128	-13.289	0.007	0.000
111	-13.269	0.534	0.000
354	-13.266	0.542	0.000
62	-13.265	0.537	0.000
230	-13.265	0.537	0.000
300	-13.265	0.537	0.000
326	-13.265	0.537	0.000
366	-13.265	0.537	0.000
152	-13.255	0.536	0.000
347	-13.255	0.537	0.000
41	-13.254	0.536	0.000
120	-13.254	0.537	0.000
262	-13.253	0.536	0.000
157	-13.251	0.543	0.000
146	-13.250	0.911	0.000
220	-13.249	0.539	0.000
57	-13.249	0.912	0.000
85	-13.249	0.910	0.000
28	-13.242	0.916	0.000
124	-13.242	0.916	0.000
266	-13.241	0.916	0.000
226	-13.241	0.916	0.000
188	-13.168	0.588	0.000
150	-13.167	0.589	0.000
33	-13.166	0.588	0.000
73	-13.166	0.589	0.000
81	-13.166	0.589	0.000
192	-13.166	0.589	0.000
193	-13.166	0.588	0.000
210	-13.166	0.589	0.000
215	-13.166	0.589	0.000
229	-13.166	0.589	0.000
242	-13.166	0.589	0.000
297	-13.166	0.589	0.000
305	-13.166	0.589	0.000
343	-13.151	0.589	0.000
217	-13.151	0.589	0.000
27	-13.150	0.589	0.000
68	-13.120	0.585	0.000
258	-13.021	0.942	0.000
232	-13.014	0.939	0.000
335	-13.013	0.940	0.000
91	-12.990	0.993	0.000
304	-12.930	0.600	0.000
1	-12.870	0.562	0.000
148	-12.769	0.602	0.000
162	-12.769	0.601	0.000
171	-12.761	3.673	0.000
174	-12.761	3.673	0.000
235	-12.760	1.012	0.000
87	-12.760	3.673	0.000
340	-12.757	3.674	0.000
17	-12.756	3.674	0.000
89	-12.756	3.674	0.000
18	-12.743	3.671	0.000
76	-12.743	3.671	0.000
272	-12.743	3.671	0.000
275	-12.743	3.671	0.000
298	-12.743	3.674	0.000
301	-12.743	3.674	0.000
351	-12.743	3.674	0.000
293	-12.742	3.671	0.000
247	-12.742	3.671	0.000
147	-12.741	3.671	0.000
19	-12.739	3.671	0.000
70	-12.739	3.671	0.000
20	-12.739	3.671	0.000
29	-12.739	3.671	0.000
93	-12.739	3.671	0.000
115	-12.738	3.671	0.000
325	-12.729	3.674	0.000
228	-12.728	3.674	0.000
129	-12.728	3.674	0.000
168	-12.727	3.674	0.000
314	-12.726	3.671	0.000
248	-12.726	3.671	0.000
254	-12.724	3.674	0.000
345	-12.711	3.674	0.000
99	-12.398	3.471	0.000
3	-12.395	3.471	0.000
200	-12.392	3.539	0.000
30	-12.388	3.538	0.000
31	-12.388	3.538	0.000
32	-12.388	3.538	0.000
8	-12.388	3.538	0.000
21	-12.388	3.537	0.000
96	-12.388	3.538	0.000
4	-12.386	3.537	0.000
2	-12.386	3.538	0.000
370	-12.386	3.538	0.000
219	-12.382	3.547	0.000
264	-12.382	3.547	0.000
194	-12.382	3.550	0.000
98	-12.375	3.480	0.000
201	-12.375	3.479	0.000
251	-12.375	3.479	0.000
165	-12.373	3.546	0.000
273	-12.372	3.546	0.000
48	-12.359	3.553	0.000
15	-12.353	3.550	0.000
65	-12.353	3.551	0.000
74	-12.349	3.546	0.000
64	-12.349	3.548	0.000
166	-12.349	3.548	0.000
40	-12.349	3.548	0.000
56	-12.349	3.549	0.000
233	-12.349	3.548	0.000
39	-12.349	3.549	0.000
58	-12.349	3.548	0.000
177	-12.349	3.549	0.000
13	-12.343	3.494	0.000
25	-12.343	3.494	0.000
34	-12.343	3.494	0.000
54	-12.342	3.495	0.000
59	-12.342	3.495	0.000
143	-12.337	3.546	0.000
108	-12.337	3.551	0.000
107	-12.325	3.495	0.000
35	-12.320	3.481	0.000
178	-12.318	3.481	0.000
179	-12.318	3.481	0.000
136	-12.310	3.484	0.000
287	-12.301	3.490	0.000
83	-12.298	3.490	0.000
151	-12.297	3.489	0.000
155	-12.297	3.489	0.000
60	-12.297	3.490	0.000
134	-12.297	3.489	0.000
238	-12.297	3.490	0.000
43	-12.297	3.490	0.000
51	-12.297	3.490	0.000
52	-12.297	3.490	0.000
279	-12.297	3.490	0.000
182	-12.296	3.489	0.000
72	-12.280	3.492	14.731
142	-12.280	3.489	0.000
223	-12.280	3.490	4.642
5	-12.270	3.554	12.912
11	-12.262	3.479	15.081
163	-12.256	3.553	12.914
101	-12.233	3.487	19.235
198	-12.233	3.487	19.244
100	-12.201	3.540	12.970
255	-12.175	3.674	9.850
299	-12.172	3.557	11.101
206	-12.172	3.556	9.950
212	-12.170	3.556	11.097
348	-12.169	3.556	11.097
187	-12.162	3.675	11.095
316	-12.161	3.552	11.095
207	-12.160	3.552	11.095
309	-12.160	3.553	11.095
355	-12.158	3.552	11.095
159	-12.158	3.552	9.939
117	-12.154	3.552	9.943
243	-11.972	3.502	10.055
209	-11.972	3.502	14.100
126	-11.970	3.501	7.229
288	-11.953	3.488	6.449
12	-11.951	3.758	7.392
23	-11.951	3.757	11.746
94	-11.951	3.758	7.293
78	-11.951	3.758	11.807
353	-11.949	3.757	12.767
365	-11.949	3.757	13.696
180	-11.948	3.488	13.687
205	-11.948	3.489	13.868
323	-11.948	3.489	11.180
917	-11.948	3.502	13.705
683	-11.947	3.502	14.964
276	-11.939	3.758	11.801
346	-11.939	3.758	16.593
69	-11.932	3.489	16.300
132	-11.928	3.496	13.703
234	-11.927	3.497	13.705
97	-11.911	3.498	13.714
71	-11.905	0.939	14.012
319	-11.904	3.525	14.009
367	-11.900	3.498	14.005
361	-11.890	3.771	16.704
368	-11.873	3.597	19.227
252	-11.867	3.492	15.893
203	-11.867	3.494	15.901
250	-11.866	3.494	19.507
260	-11.852	3.557	18.230
302	-11.849	3.545	18.230
324	-11.824	3.301	5.208
216	-11.819	3.223	5.229
296	-11.813	3.501	4.178
280	-11.813	3.300	4.129
315	-11.812	3.296	7.237
286	-11.811	3.301	7.240
295	-11.811	3.296	7.236
362	-11.811	3.298	5.673
240	-11.805	3.215	16.808
267	-11.802	3.201	5.673
186	-11.786	2.217	5.673
271	-11.778	2.206	7.220
312	-11.778	2.205	5.674
327	-11.778	2.205	5.674
283	-11.778	2.206	5.674
289	-11.777	2.211	16.795
282	-11.774	2.190	5.328
149	-11.761	2.207	5.331
26	-11.761	2.202	16.220
154	-11.761	2.205	5.330
170	-11.761	2.206	5.324
79	-11.761	2.204	5.343
336	-11.760	2.207	5.343
53	-11.729	2.255	8.305
92	-11.727	3.421	17.585
104	-11.727	3.421	17.585
263	-11.727	3.421	8.298
50	-11.703	3.535	7.273
269	-11.703	3.535	7.273
292	-11.703	3.535	7.270
303	-11.703	3.535	5.688
9	-11.693	3.743	4.128
114	-11.693	3.743	2.236
369	-11.685	3.418	4.330
175	-11.671	3.548	5.418
86	-11.653	3.706	1.711
173	-11.594	3.270	15.870
321	-11.579	2.222	4.133
77	-11.579	2.218	2.199
265	-11.578	2.225	2.200
153	-11.578	2.221	11.605
236	-11.578	2.220	5.213
80	-11.577	2.225	2.179
119	-11.577	2.226	17.908
135	-11.577	2.225	4.593
334	-11.577	2.224	3.260
284	-11.577	2.225	3.260
245	-11.576	2.224	5.579
307	-11.576	1.889	3.418
268	-11.576	1.889	5.686
121	-11.575	1.889	5.198
137	-11.575	1.889	5.199
338	-11.575	1.889	3.409
357	-11.575	1.889	3.404
42	-11.575	1.889	22.389
113	-11.573	1.889	4.621
172	-11.571	2.221	3.345
127	-11.569	1.887	3.433
191	-11.569	1.887	3.423
204	-11.569	1.887	1.832
278	-11.569	1.887	1.832
332	-11.569	1.887	1.836
328	-11.551	3.665	0.020
110	-11.544	3.459	2.316
339	-11.539	2.202	4.652
358	-11.530	3.225	3.835
352	-11.528	3.226	3.809
320	-11.473	2.269	5.679
270	-11.459	2.272	11.337
775	-11.457	3.566	10.116
241	-11.447	2.268	2.465
318	-11.440	1.888	3.201
237	-11.440	1.898	7.244
291	-11.440	1.899	3.063
164	-11.425	2.250	19.035
102	-11.413	1.894	19.036
145	-11.406	3.917	19.036
259	-11.405	3.415	19.036
139	-11.404	3.918	19.035
66	-11.404	3.918	5.954
106	-11.404	3.918	5.983
222	-11.404	3.918	7.288
95	-11.392	3.447	7.294
306	-11.377	0.964	7.340
141	-11.308	0.965	9.038
277	-11.222	3.614	15.140
257	-11.174	3.645	10.619
342	-11.148	3.606	8.124
184	-11.148	3.383	14.462
199	-11.141	3.507	7.757
109	-11.074	2.556	1.828
22	-10.963	3.723	4.842
195	-10.951	2.285	6.900
330	-10.949	3.529	6.876
197	-10.931	2.783	6.873
189	-10.926	2.273	4.097
130	-10.908	2.271	4.799
116	-10.907	2.267	4.476
225	-10.906	2.273	6.641
90	-10.906	2.271	4.495
37	-10.906	2.270	2.430
253	-10.906	2.266	8.092
364	-10.906	2.268	5.286
105	-10.901	3.799	8.043
112	-10.888	3.958	19.589
294	-10.874	3.680	19.594
311	-10.830	3.785	3.258
281	-10.830	3.785	17.751
755	-10.825	3.744	4.632
63	-10.819	3.786	5.607
244	-10.818	3.922	5.613
274	-10.775	3.787	4.641
341	-10.768	3.782	2.195
176	-10.738	3.765	22.542
190	-10.632	1.834	5.667
224	-10.553	3.946	2.251
329	-10.551	2.269	5.416
231	-10.545	2.271	5.092
344	-10.544	2.270	5.087
322	-10.538	2.266	5.507
313	-10.512	2.073	2.214
256	-10.435	1.763	12.134
123	-10.421	1.805	1.707
239	-10.421	3.728	9.045
44	-10.418	1.738	2.198
214	-10.234	3.766	7.226
88	-10.044	2.630	22.397
337	-10.032	2.871	2.215
