160	-8.923	0.000	15.089
164	-8.923	0.000	15.087
203	-8.923	0.001	21.099
204	-8.923	0.000	18.624
205	-8.923	0.000	6.020
214	-8.923	0.000	16.240
69	-8.917	0.001	14.705
103	-8.917	0.001	14.257
104	-8.917	0.001	21.764
105	-8.917	0.001	18.620
106	-8.917	0.001	14.551
70	-8.917	0.001	5.653
75	-8.917	0.001	5.678
76	-8.917	0.001	18.265
78	-8.917	0.001	14.819
113	-8.917	0.001	7.104
114	-8.917	0.001	5.681
67	-8.899	0.080	5.679
215	-8.873	0.018	7.108
283	-8.872	0.020	3.582
711	-8.872	0.019	18.955
258	-8.852	0.017	6.394
338	-8.848	0.052	5.823
339	-8.848	0.052	5.821
340	-8.848	0.052	5.302
79	-8.848	0.051	6.023
80	-8.848	0.051	6.988
81	-8.848	0.051	11.871
82	-8.848	0.051	2.159
88	-8.848	0.051	2.178
110	-8.848	0.052	13.966
122	-8.848	0.051	14.134
59	-8.847	0.017	13.711
66	-8.847	0.017	14.150
3	-8.846	0.017	12.705
4	-8.846	0.016	17.822
5	-8.846	0.017	20.677
6	-8.846	0.016	13.703
7	-8.846	0.016	13.698
8	-8.846	0.016	13.702
9	-8.846	0.017	3.625
10	-8.846	0.017	4.227
11	-8.846	0.017	13.438
12	-8.846	0.016	13.672
13	-8.846	0.017	13.439
14	-8.846	0.017	21.782
15	-8.846	0.017	13.670
19	-8.846	0.017	21.519
20	-8.846	0.017	13.673
21	-8.846	0.017	3.910
22	-8.846	0.017	4.253
25	-8.846	0.017	4.247
26	-8.846	0.017	13.433
27	-8.846	0.017	21.790
28	-8.846	0.017	21.791
29	-8.846	0.017	3.604
30	-8.846	0.017	13.655
31	-8.846	0.017	13.421
32	-8.846	0.017	22.021
33	-8.846	0.017	3.307
34	-8.846	0.017	21.963
35	-8.846	0.017	15.060
37	-8.846	0.017	21.971
38	-8.846	0.017	13.658
39	-8.846	0.017	13.711
40	-8.846	0.017	13.676
41	-8.846	0.017	13.532
42	-8.846	0.017	13.156
43	-8.846	0.017	13.949
44	-8.846	0.017	4.753
454	-8.846	0.017	13.532
922	-8.841	0.084	13.291
717	-8.820	3.612	13.795
429	-8.818	3.612	17.667
539	-8.818	3.612	13.683
542	-8.818	3.612	22.113
545	-8.818	3.612	13.454
547	-8.818	3.612	3.349
662	-8.818	3.612	13.817
677	-8.807	3.622	13.515
802	-8.784	3.613	21.806
810	-8.784	3.614	13.946
830	-8.784	3.614	19.438
714	-8.784	3.613	19.464
264	-8.782	3.612	13.700
601	-8.782	3.613	4.773
607	-8.782	3.613	19.440
610	-8.782	3.613	19.439
611	-8.782	3.613	18.396
620	-8.782	3.613	13.701
621	-8.782	3.613	24.367
624	-8.782	3.613	3.479
625	-8.782	3.613	13.277
626	-8.782	3.613	13.034
627	-8.782	3.613	14.314
634	-8.782	3.613	13.439
649	-8.782	3.613	22.239
653	-8.782	3.613	14.457
654	-8.782	3.613	19.350
657	-8.782	3.613	18.369
672	-8.782	3.613	19.337
162	-8.782	3.613	18.330
163	-8.782	3.613	13.739
263	-8.782	3.613	24.317
395	-8.782	3.613	19.439
223	-8.782	3.612	17.859
89	-8.781	3.613	24.422
102	-8.781	3.613	18.307
116	-8.781	3.613	14.150
123	-8.781	3.613	12.855
165	-8.781	3.613	14.154
197	-8.781	3.613	24.316
225	-8.781	3.613	14.145
300	-8.781	3.613	13.747
301	-8.781	3.613	19.268
302	-8.781	3.613	18.833
303	-8.781	3.614	18.830
304	-8.781	3.614	18.317
305	-8.781	3.613	12.860
394	-8.781	3.613	13.770
448	-8.781	3.613	12.883
63	-8.780	0.066	13.259
473	-8.778	3.618	13.525
520	-8.778	3.618	20.835
16	-8.777	3.618	12.970
17	-8.777	3.618	13.141
46	-8.777	3.617	19.430
47	-8.777	3.618	19.859
233	-8.777	3.618	13.267
236	-8.777	3.618	14.266
239	-8.777	3.618	13.772
246	-8.777	3.618	13.460
911	-8.774	3.623	13.399
690	-8.772	3.622	20.879
691	-8.772	3.622	13.546
692	-8.772	3.622	19.423
889	-8.771	0.034	19.248
226	-8.770	3.622	22.355
227	-8.770	3.622	25.689
228	-8.770	3.622	20.164
229	-8.770	3.622	19.278
230	-8.770	3.622	14.029
451	-8.770	3.622	14.024
722	-8.751	0.035	19.737
744	-8.751	0.035	19.677
551	-8.751	0.034	14.309
559	-8.751	0.034	14.020
612	-8.751	0.034	14.020
550	-8.746	0.035	22.522
552	-8.746	0.035	24.457
553	-8.746	0.035	13.190
554	-8.746	0.035	22.511
555	-8.746	0.035	13.823
556	-8.746	0.035	13.824
575	-8.746	0.035	21.245
576	-8.746	0.035	13.714
577	-8.746	0.035	22.492
578	-8.746	0.035	19.938
579	-8.746	0.035	4.886
602	-8.746	0.035	3.182
608	-8.746	0.035	2.162
615	-8.746	0.035	3.018
617	-8.746	0.035	13.965
618	-8.746	0.035	14.134
619	-8.746	0.035	13.710
623	-8.746	0.035	14.149
632	-8.746	0.035	12.663
648	-8.746	0.035	14.138
651	-8.746	0.035	20.676
652	-8.746	0.035	13.697
664	-8.746	0.035	13.697
665	-8.746	0.035	13.702
671	-8.746	0.035	3.634
851	-8.746	0.035	4.227
890	-8.746	0.035	13.437
145	-8.746	0.035	13.438
146	-8.746	0.035	13.438
161	-8.746	0.035	13.440
168	-8.746	0.035	13.669
173	-8.746	0.035	21.519
174	-8.746	0.035	13.437
175	-8.746	0.035	13.670
176	-8.746	0.035	4.252
177	-8.746	0.035	13.433
178	-8.746	0.035	13.304
184	-8.746	0.035	21.789
185	-8.746	0.035	3.758
210	-8.746	0.035	21.788
211	-8.746	0.035	13.653
734	-8.746	0.035	13.420
736	-8.746	0.034	13.420
742	-8.746	0.035	3.754
743	-8.746	0.035	13.652
762	-8.746	0.035	21.992
763	-8.746	0.035	21.965
771	-8.746	0.035	13.657
772	-8.746	0.035	13.678
775	-8.746	0.035	13.538
776	-8.746	0.034	3.718
777	-8.746	0.035	13.155
778	-8.746	0.035	13.948
779	-8.746	0.035	13.950
780	-8.746	0.035	13.531
781	-8.746	0.034	13.290
782	-8.746	0.034	13.291
784	-8.746	0.035	0.000
786	-8.746	0.035	4.646
795	-8.746	0.035	22.114
850	-8.746	0.035	13.679
868	-8.746	0.034	11.440
891	-8.746	0.034	11.444
892	-8.746	0.035	3.463
893	-8.746	0.035	18.508
894	-8.746	0.035	22.694
895	-8.746	0.034	18.447
898	-8.746	0.035	19.434
68	-8.745	0.035	22.708
267	-8.745	0.035	13.700
268	-8.745	0.035	13.743
269	-8.745	0.035	19.439
562	-8.744	0.035	13.731
564	-8.744	0.035	13.065
598	-8.744	0.035	13.699
633	-8.744	0.035	24.365
635	-8.744	0.035	3.477
636	-8.744	0.035	13.700
637	-8.744	0.035	4.794
655	-8.744	0.035	14.325
661	-8.744	0.035	13.447
169	-8.744	0.035	14.829
179	-8.744	0.035	14.455
180	-8.744	0.035	19.359
186	-8.744	0.035	19.294
187	-8.744	0.035	14.183
188	-8.744	0.035	13.736
190	-8.744	0.035	13.738
192	-8.744	0.035	14.182
193	-8.744	0.035	19.378
195	-8.744	0.035	12.880
196	-8.744	0.035	24.425
199	-8.744	0.035	24.425
200	-8.744	0.035	18.351
201	-8.744	0.035	14.637
212	-8.744	0.035	13.595
791	-8.744	0.035	13.532
565	-8.744	0.035	13.245
306	-8.744	0.035	13.457
307	-8.744	0.035	19.266
308	-8.744	0.034	18.838
309	-8.744	0.035	18.813
310	-8.744	0.035	18.331
323	-8.744	0.035	13.868
324	-8.744	0.035	20.216
325	-8.744	0.035	14.586
326	-8.744	0.035	14.153
327	-8.744	0.035	12.882
328	-8.744	0.035	21.790
329	-8.744	0.035	13.605
341	-8.744	0.035	13.748
343	-8.744	0.035	14.311
344	-8.744	0.035	19.857
352	-8.744	0.035	13.852
356	-8.744	0.035	14.265
357	-8.744	0.035	19.438
358	-8.744	0.035	13.499
361	-8.744	0.035	14.160
362	-8.744	0.035	20.855
363	-8.744	0.035	22.481
365	-8.744	0.035	19.422
366	-8.744	0.035	19.122
367	-8.744	0.035	20.358
368	-8.744	0.035	25.687
369	-8.744	0.035	18.724
370	-8.744	0.035	19.280
375	-8.744	0.035	14.027
376	-8.744	0.035	14.025
377	-8.744	0.035	13.943
382	-8.744	0.035	14.242
385	-8.744	0.035	23.937
386	-8.744	0.035	14.019
387	-8.744	0.035	19.432
418	-8.744	0.035	22.518
419	-8.744	0.035	13.047
420	-8.744	0.035	13.526
430	-8.744	0.035	22.485
433	-8.744	0.035	13.820
443	-8.744	0.035	13.823
444	-8.744	0.035	13.830
445	-8.744	0.035	14.028
446	-8.744	0.035	13.584
447	-8.744	0.035	13.340
712	-8.744	0.035	4.862
275	-8.743	0.035	3.419
279	-8.743	0.035	13.196
280	-8.743	0.035	12.338
384	-8.742	0.035	12.226
290	-8.742	0.035	11.994
291	-8.742	0.035	15.008
292	-8.742	0.035	11.972
293	-8.742	0.035	11.972
294	-8.742	0.035	16.449
295	-8.742	0.035	15.019
296	-8.742	0.035	11.647
297	-8.742	0.035	11.646
299	-8.742	0.035	11.655
320	-8.742	0.035	12.521
322	-8.742	0.035	12.613
330	-8.742	0.035	12.399
334	-8.742	0.035	12.404
335	-8.742	0.035	12.410
348	-8.742	0.035	12.405
380	-8.742	0.035	11.730
381	-8.742	0.035	16.463
391	-8.742	0.035	12.485
392	-8.742	0.035	11.723
401	-8.742	0.035	12.588
405	-8.742	0.035	12.429
406	-8.742	0.035	13.962
408	-8.742	0.035	16.837
409	-8.742	0.035	11.180
410	-8.742	0.035	11.121
416	-8.742	0.035	11.741
428	-8.742	0.035	11.374
91	-8.738	0.035	11.374
117	-8.738	0.035	12.452
118	-8.738	0.035	5.610
136	-8.738	0.035	16.978
138	-8.738	0.035	7.117
139	-8.738	0.035	7.008
337	-8.704	3.192	5.606
935	-8.687	0.038	12.547
245	-8.677	0.041	12.541
457	-8.676	0.041	11.165
458	-8.676	0.041	16.027
503	-8.676	0.041	7.523
481	-8.674	0.036	12.550
489	-8.674	0.036	12.477
499	-8.674	0.036	12.476
500	-8.674	0.036	14.509
504	-8.674	0.036	14.545
516	-8.674	0.036	16.580
517	-8.674	0.036	17.496
518	-8.674	0.036	12.593
519	-8.674	0.036	12.305
526	-8.674	0.036	6.374
532	-8.674	0.036	15.919
60	-8.669	0.036	16.307
61	-8.669	0.036	15.686
62	-8.669	0.036	15.587
238	-8.669	0.036	17.575
242	-8.669	0.036	15.163
243	-8.669	0.036	12.363
18	-8.668	0.036	15.578
45	-8.668	0.036	12.428
48	-8.668	0.036	10.468
49	-8.668	0.036	16.699
693	-8.609	0.037	15.246
678	-8.608	0.041	15.789
684	-8.608	0.041	15.143
687	-8.608	0.041	7.539
688	-8.608	0.041	10.023
689	-8.608	0.041	15.643
383	-8.588	3.231	16.925
156	-8.562	3.230	10.647
157	-8.562	3.230	15.645
158	-8.562	3.230	15.442
159	-8.562	3.230	15.439
271	-8.562	3.230	19.197
276	-8.562	3.230	12.486
331	-8.562	3.230	9.242
350	-8.562	3.230	12.333
373	-8.562	3.230	2.979
84	-8.562	3.230	19.377
85	-8.562	3.230	14.859
86	-8.562	3.230	11.581
90	-8.562	3.230	14.974
98	-8.562	3.230	7.169
99	-8.562	3.230	10.482
100	-8.562	3.230	6.255
101	-8.562	3.230	15.556
120	-8.562	3.230	15.715
121	-8.562	3.230	15.572
137	-8.562	3.230	14.867
142	-8.562	3.230	8.891
143	-8.562	3.230	15.018
144	-8.562	3.230	16.107
311	-8.562	3.230	6.396
360	-8.562	3.230	11.901
234	-8.558	3.231	12.501
235	-8.558	3.231	21.574
244	-8.558	3.231	16.101
64	-8.558	3.231	9.417
65	-8.558	3.231	7.807
198	-8.557	3.230	12.512
107	-8.557	3.230	9.335
111	-8.557	3.230	8.648
112	-8.557	3.230	8.651
124	-8.557	3.230	21.273
125	-8.557	3.230	17.465
126	-8.557	3.230	17.467
216	-8.557	3.230	17.464
71	-8.556	3.230	15.208
74	-8.556	3.230	15.604
248	-8.554	3.231	17.685
255	-8.554	3.231	15.211
256	-8.554	3.231	18.994
257	-8.554	3.231	15.610
57	-8.553	3.231	8.799
58	-8.553	3.231	8.776
259	-8.279	3.343	13.942
1621	-8.277	3.344	14.112
1640	-8.277	3.344	13.688
1649	-8.277	3.344	14.128
1654	-8.277	3.344	14.128
1663	-8.277	3.344	0.028
697	-8.271	3.344	14.136
799	-8.229	3.204	3.886
537	-8.218	3.151	11.443
1579	-8.214	3.157	3.681
77	-8.209	3.203	13.500
482	-8.206	3.204	18.483
241	-8.205	3.204	22.569
167	-8.204	3.203	18.428
181	-8.204	3.203	19.416
182	-8.204	3.203	13.775
183	-8.204	3.203	11.439
194	-8.204	3.203	4.743
669	-8.204	3.203	19.420
148	-8.204	3.203	4.739
272	-8.204	3.203	19.423
273	-8.204	3.203	21.816
274	-8.204	3.203	14.051
314	-8.204	3.203	18.375
83	-8.204	3.203	14.045
247	-8.201	3.204	14.045
252	-8.201	3.204	3.503
253	-8.201	3.204	14.163
254	-8.201	3.204	14.276
716	-8.184	3.202	24.353
824	-8.184	3.202	19.333
842	-8.184	3.202	14.432
843	-8.184	3.202	20.471
789	-8.184	3.202	14.434
996	-8.181	3.208	13.715
614	-8.179	3.201	18.381
147	-8.178	3.201	19.533
206	-8.178	3.201	12.872
207	-8.178	3.201	24.397
170	-8.178	3.201	18.306
171	-8.178	3.201	13.734
284	-8.178	3.201	13.232
285	-8.178	3.201	13.580
316	-8.178	3.201	13.662
317	-8.178	3.201	20.872
318	-8.178	3.201	14.231
332	-8.178	3.201	19.255
333	-8.178	3.201	19.247
336	-8.178	3.201	13.725
359	-8.178	3.201	14.863
364	-8.178	3.201	13.670
390	-8.178	3.201	19.669
397	-8.178	3.201	13.247
563	-8.178	3.201	14.419
72	-8.177	3.201	14.057
73	-8.177	3.201	14.595
747	-8.175	3.510	12.882
809	-8.175	3.509	13.175
812	-8.175	3.510	14.296
468	-8.175	3.202	18.945
505	-8.175	3.202	13.831
507	-8.175	3.202	14.245
249	-8.175	3.202	14.247
240	-8.174	3.202	24.935
603	-8.173	3.509	21.683
643	-8.173	3.509	21.685
605	-8.173	3.511	13.151
23	-8.173	3.202	22.257
24	-8.173	3.202	19.664
36	-8.173	3.202	12.833
50	-8.173	3.202	13.348
51	-8.173	3.202	14.290
52	-8.173	3.202	19.258
53	-8.173	3.202	20.897
54	-8.173	3.202	14.005
55	-8.173	3.202	19.690
745	-8.171	3.203	14.295
746	-8.171	3.203	14.001
814	-8.171	3.203	13.220
149	-8.165	3.203	18.997
150	-8.165	3.203	20.806
151	-8.165	3.203	13.415
152	-8.165	3.203	24.074
153	-8.165	3.203	1.784
154	-8.165	3.203	13.806
155	-8.165	3.203	23.916
202	-8.165	3.203	13.818
209	-8.165	3.203	3.638
342	-8.165	3.203	4.080
345	-8.165	3.203	2.837
346	-8.165	3.203	4.758
549	-8.165	3.203	9.166
574	-8.165	3.203	13.615
587	-8.165	3.203	13.402
588	-8.165	3.203	4.408
589	-8.165	3.203	4.408
590	-8.165	3.203	5.464
592	-8.165	3.203	4.372
593	-8.165	3.203	4.374
594	-8.165	3.203	4.409
595	-8.165	3.203	4.382
596	-8.165	3.203	5.344
597	-8.165	3.203	5.343
599	-8.165	3.203	5.343
600	-8.165	3.203	10.792
609	-8.165	3.203	11.818
642	-8.165	3.203	5.817
644	-8.165	3.203	5.837
645	-8.165	3.203	4.918
659	-8.165	3.203	4.918
660	-8.165	3.203	4.920
667	-8.165	3.203	4.906
172	-8.164	3.203	13.692
217	-8.164	3.203	11.796
218	-8.164	3.203	12.158
219	-8.164	3.203	5.858
286	-8.164	3.203	11.788
287	-8.164	3.203	17.313
288	-8.164	3.203	17.311
289	-8.164	3.203	12.480
312	-8.164	3.203	12.493
321	-8.164	3.203	5.211
371	-8.164	3.203	4.948
393	-8.164	3.203	4.937
166	-8.164	3.203	17.699
266	-8.164	3.203	17.606
400	-8.164	3.203	17.441
402	-8.164	3.203	10.128
417	-8.164	3.203	5.042
422	-8.164	3.203	5.902
423	-8.164	3.203	5.898
440	-8.164	3.203	12.519
441	-8.164	3.203	16.215
680	-8.162	3.523	16.218
681	-8.162	3.523	5.928
87	-8.162	3.203	5.550
97	-8.162	3.203	5.549
108	-8.162	3.203	3.922
115	-8.162	3.203	5.049
127	-8.162	3.203	17.483
128	-8.162	3.203	12.643
129	-8.162	3.203	4.665
130	-8.162	3.203	6.761
131	-8.162	3.203	4.074
132	-8.162	3.203	15.742
133	-8.162	3.203	18.039
134	-8.162	3.203	6.833
135	-8.162	3.203	16.321
140	-8.162	3.203	4.306
141	-8.162	3.203	8.409
119	-8.162	3.203	17.883
452	-8.161	3.524	16.314
250	-8.161	3.204	15.410
251	-8.161	3.204	4.641
459	-8.161	3.204	17.892
460	-8.161	3.204	17.870
461	-8.161	3.204	15.399
462	-8.161	3.204	4.636
469	-8.161	3.204	3.883
470	-8.161	3.204	12.449
487	-8.161	3.204	7.076
495	-8.161	3.204	4.700
496	-8.161	3.204	16.534
498	-8.161	3.204	16.556
527	-8.161	3.204	16.203
529	-8.161	3.204	6.320
530	-8.161	3.204	7.140
533	-8.161	3.204	16.200
536	-8.161	3.204	19.282
980	-8.150	3.207	18.161
981	-8.150	3.207	1.380
1000	-8.150	3.207	20.091
861	-8.149	3.509	14.682
731	-8.148	3.509	3.874
846	-8.148	3.509	3.562
566	-8.146	3.509	7.063
656	-8.146	3.508	4.666
573	-8.146	3.511	16.855
220	-8.146	3.509	15.577
221	-8.146	3.509	14.835
222	-8.146	3.509	15.579
282	-8.146	3.509	9.121
313	-8.146	3.509	5.207
388	-8.146	3.509	14.833
389	-8.146	3.509	5.858
567	-8.146	3.506	5.559
568	-8.146	3.508	13.199
569	-8.146	3.508	4.615
570	-8.146	3.508	7.056
571	-8.146	3.508	5.234
580	-8.146	3.508	7.061
581	-8.146	3.508	6.258
583	-8.146	3.508	1.314
666	-8.146	3.508	4.963
224	-8.145	3.508	5.947
432	-8.145	3.508	1.380
435	-8.145	3.508	8.995
413	-8.145	3.509	18.290
415	-8.145	3.508	18.291
431	-8.145	3.509	18.448
449	-8.145	3.508	15.182
450	-8.145	3.509	18.488
709	-8.144	3.206	14.953
710	-8.144	3.206	15.422
942	-8.142	3.516	21.751
967	-8.142	3.516	15.189
970	-8.142	3.516	18.035
985	-8.142	3.515	3.493
466	-8.141	3.516	15.330
506	-8.141	3.516	4.960
525	-8.141	3.516	3.480
467	-8.141	3.512	3.480
480	-8.141	3.516	20.913
493	-8.141	3.516	16.482
237	-8.140	3.516	4.103
704	-8.140	3.515	20.452
2	-8.135	3.207	5.130
708	-8.129	3.208	4.504
231	-8.123	3.209	19.104
1	-8.120	3.209	5.530
572	-8.112	3.099	12.397
811	-8.110	3.506	18.013
826	-8.110	3.506	12.011
827	-8.110	3.506	10.456
730	-8.110	3.506	12.230
737	-8.110	3.507	13.584
738	-8.110	3.506	12.943
739	-8.110	3.506	3.601
740	-8.110	3.506	3.600
741	-8.110	3.506	16.416
752	-8.110	3.507	3.596
757	-8.110	3.507	3.596
758	-8.110	3.507	16.992
765	-8.110	3.507	0.008
792	-8.110	3.506	0.009
793	-8.110	3.506	0.032
858	-8.110	3.506	0.031
859	-8.110	3.506	12.887
878	-8.110	3.506	2.940
896	-8.110	3.507	2.452
897	-8.110	3.506	2.454
825	-8.110	3.506	2.935
828	-8.110	3.506	2.938
622	-8.108	3.506	2.935
638	-8.108	3.506	2.935
639	-8.108	3.506	13.637
641	-8.108	3.506	18.141
631	-8.108	3.506	2.446
640	-8.108	3.506	0.042
557	-8.107	3.506	17.719
560	-8.107	3.506	17.721
658	-8.107	3.506	17.700
558	-8.107	3.506	11.676
561	-8.107	3.506	18.182
962	-8.104	3.513	4.124
943	-8.104	3.513	4.162
463	-8.103	3.514	4.163
464	-8.103	3.514	12.944
474	-8.103	3.514	17.843
475	-8.103	3.513	17.835
514	-8.103	3.514	4.159
521	-8.103	3.514	2.336
522	-8.103	3.514	7.842
523	-8.103	3.514	14.898
524	-8.103	3.514	16.410
476	-8.102	3.514	17.120
477	-8.102	3.514	15.287
479	-8.102	3.513	16.599
484	-8.102	3.513	14.443
494	-8.102	3.512	1.917
497	-8.102	3.513	7.699
706	-8.102	3.513	16.595
707	-8.102	3.513	16.595
912	-8.098	3.521	15.083
682	-8.097	3.520	18.233
696	-8.097	3.114	15.086
453	-8.096	3.521	7.806
679	-8.096	3.519	12.396
723	-8.091	3.420	7.178
726	-8.091	3.420	17.625
728	-8.091	3.420	7.417
813	-8.091	3.420	16.381
869	-8.091	3.420	16.370
838	-8.088	3.420	7.487
849	-8.088	3.420	7.416
705	-8.087	3.421	8.525
1585	-8.086	3.421	19.679
1598	-8.086	3.421	3.286
1600	-8.086	3.421	19.665
1602	-8.086	3.421	20.232
1606	-8.086	3.421	20.220
1609	-8.086	3.421	14.649
1610	-8.086	3.421	1.418
1613	-8.086	3.421	5.815
961	-8.086	3.421	7.689
1622	-8.085	3.421	1.860
1627	-8.085	3.421	17.113
1637	-8.085	3.421	15.637
1642	-8.085	3.421	15.639
1644	-8.085	3.421	17.596
1645	-8.085	3.421	8.314
1646	-8.085	3.421	8.223
1647	-8.085	3.421	15.639
1648	-8.085	3.421	8.829
1650	-8.085	3.421	8.712
1651	-8.085	3.421	6.805
1652	-8.085	3.421	3.215
1653	-8.085	3.421	7.353
1656	-8.085	3.421	16.210
1657	-8.085	3.421	7.104
1666	-8.085	3.421	7.102
1667	-8.085	3.421	3.944
1670	-8.085	3.421	7.927
1672	-8.085	3.421	5.871
1673	-8.085	3.421	7.163
1675	-8.085	3.421	7.751
1679	-8.085	3.421	1.650
1680	-8.085	3.421	18.615
1681	-8.085	3.421	18.723
1682	-8.085	3.421	14.722
1683	-8.085	3.421	16.301
1685	-8.085	3.421	15.202
1686	-8.085	3.421	14.877
1687	-8.085	3.421	7.037
1689	-8.085	3.421	7.110
675	-8.078	3.158	18.074
866	-8.077	3.091	5.685
871	-8.077	3.092	14.811
540	-8.077	3.158	5.290
541	-8.077	3.158	5.688
543	-8.077	3.158	5.688
544	-8.077	3.158	15.234
546	-8.077	3.158	14.505
548	-8.077	3.158	6.174
616	-8.077	3.158	12.527
650	-8.077	3.158	5.400
663	-8.077	3.158	6.412
724	-8.077	3.158	19.309
725	-8.077	3.158	5.734
727	-8.077	3.158	14.842
733	-8.077	3.158	5.391
766	-8.077	3.158	10.923
833	-8.077	3.158	6.601
879	-8.077	3.158	11.751
831	-8.077	3.158	15.092
265	-8.076	3.158	12.942
353	-8.076	3.158	3.601
354	-8.076	3.158	3.847
355	-8.076	3.158	17.101
372	-8.076	3.158	3.596
378	-8.076	3.158	13.844
379	-8.076	3.158	16.992
396	-8.076	3.158	0.007
411	-8.076	3.158	0.008
412	-8.076	3.158	13.703
425	-8.076	3.158	0.001
426	-8.076	3.158	12.888
427	-8.076	3.158	2.940
629	-8.075	3.091	2.456
630	-8.075	3.124	2.457
604	-8.074	3.159	2.935
872	-8.074	3.159	2.938
538	-8.074	3.159	2.935
606	-8.074	3.159	2.935
613	-8.074	3.160	13.638
646	-8.074	3.159	18.140
647	-8.074	3.159	11.573
668	-8.074	3.159	2.451
670	-8.074	3.159	17.719
801	-8.074	3.159	17.721
836	-8.074	3.159	12.969
837	-8.074	3.159	11.128
839	-8.074	3.159	11.125
840	-8.074	3.159	2.933
848	-8.074	3.159	2.930
888	-8.074	3.159	11.130
925	-8.073	3.164	18.091
926	-8.073	3.164	17.803
959	-8.073	3.164	2.538
963	-8.073	3.164	17.427
983	-8.073	3.164	1.717
1001	-8.073	3.164	11.034
1002	-8.073	3.163	4.118
1003	-8.073	3.164	11.130
923	-8.073	3.163	8.258
924	-8.073	3.164	8.259
930	-8.073	3.164	4.124
954	-8.073	3.164	4.162
964	-8.073	3.164	6.020
977	-8.073	3.164	12.945
991	-8.073	3.164	1.887
404	-8.073	3.160	17.841
805	-8.073	3.158	4.160
806	-8.073	3.159	2.009
807	-8.073	3.159	7.862
808	-8.073	3.159	15.277
768	-8.071	3.159	16.408
774	-8.071	3.159	9.829
783	-8.071	3.159	15.266
764	-8.071	3.160	16.596
773	-8.071	3.159	1.916
785	-8.071	3.159	1.918
797	-8.071	3.159	16.596
1580	-8.070	3.165	16.595
1581	-8.070	3.165	7.136
1582	-8.070	3.165	1.913
1583	-8.070	3.165	16.411
1586	-8.070	3.165	12.412
1587	-8.070	3.165	15.879
1588	-8.070	3.165	7.416
1589	-8.070	3.165	12.402
1590	-8.070	3.165	8.076
1591	-8.070	3.165	8.150
1592	-8.070	3.165	1.992
1593	-8.070	3.165	16.370
1594	-8.070	3.165	16.365
1595	-8.070	3.165	7.176
1596	-8.070	3.165	2.784
1597	-8.070	3.165	3.216
1599	-8.070	3.165	19.675
1601	-8.070	3.165	19.683
1603	-8.070	3.165	15.976
1607	-8.070	3.165	20.216
1608	-8.070	3.165	20.219
1617	-8.070	3.165	14.634
1618	-8.070	3.165	22.306
1619	-8.070	3.165	5.819
931	-8.070	3.165	7.689
932	-8.070	3.165	1.859
971	-8.070	3.164	1.870
987	-8.070	3.165	7.968
1005	-8.070	3.165	15.626
940	-8.069	3.104	17.607
941	-8.069	3.103	7.123
701	-8.069	3.165	17.127
702	-8.069	3.165	8.488
1623	-8.069	3.165	14.037
1624	-8.069	3.165	7.342
1625	-8.069	3.165	6.191
1626	-8.069	3.165	3.215
1628	-8.069	3.165	7.353
1629	-8.069	3.165	11.699
1630	-8.069	3.165	14.751
1631	-8.069	3.165	9.588
1632	-8.069	3.165	1.735
1633	-8.069	3.165	7.919
1635	-8.069	3.165	15.108
1636	-8.069	3.165	7.422
1638	-8.069	3.165	21.115
1639	-8.069	3.165	14.689
1658	-8.069	3.165	8.306
1659	-8.069	3.165	18.723
1660	-8.069	3.165	14.728
1661	-8.069	3.165	16.367
1662	-8.069	3.165	15.202
1664	-8.069	3.165	8.415
1668	-8.069	3.165	14.546
1669	-8.069	3.165	7.110
1671	-8.069	3.165	7.523
1676	-8.069	3.165	5.685
1678	-8.069	3.165	14.878
1688	-8.069	3.165	20.161
958	-8.069	3.164	5.688
984	-8.069	3.164	8.251
1004	-8.069	3.164	8.258
515	-8.068	3.103	16.842
483	-8.067	3.115	5.440
485	-8.067	3.110	6.600
478	-8.067	3.102	11.750
486	-8.067	3.101	9.336
232	-8.034	2.318	3.596
899	-8.031	3.336	3.846
501	-8.024	3.420	16.993
759	-8.023	3.337	3.772
790	-8.023	3.337	0.005
804	-8.023	3.337	13.702
260	-8.022	3.337	0.002
261	-8.022	3.337	11.059
262	-8.022	3.337	2.451
398	-8.022	3.337	2.453
399	-8.022	3.337	2.457
434	-8.022	3.337	2.936
1584	-8.021	3.338	2.939
1604	-8.021	3.338	2.936
1605	-8.021	3.338	16.995
1611	-8.021	3.338	13.637
1612	-8.021	3.338	11.570
1614	-8.021	3.338	11.575
1615	-8.021	3.338	2.452
1616	-8.021	3.338	17.714
1620	-8.021	3.338	17.720
1634	-8.020	3.338	5.461
1641	-8.020	3.338	18.146
1643	-8.020	3.338	11.129
1655	-8.020	3.338	2.934
1665	-8.020	3.338	18.094
1674	-8.020	3.338	11.130
1677	-8.020	3.338	8.249
1684	-8.020	3.338	8.254
901	-8.018	3.421	17.843
913	-8.018	3.420	17.427
698	-8.014	3.338	1.708
699	-8.014	3.338	4.121
700	-8.014	3.338	4.114
456	-8.012	3.162	2.976
472	-8.012	3.162	8.258
488	-8.012	3.162	8.258
767	-8.010	3.337	4.123
796	-8.010	3.337	4.120
798	-8.010	3.337	12.945
921	-8.009	3.167	10.291
502	-8.009	3.163	17.842
914	-8.008	3.166	17.835
915	-8.008	3.167	4.160
916	-8.008	3.166	2.334
917	-8.008	3.166	6.251
918	-8.008	3.167	15.287
927	-8.008	3.338	16.408
928	-8.008	3.338	17.906
929	-8.008	3.338	15.266
988	-8.008	3.338	6.303
906	-8.006	3.168	1.916
907	-8.006	3.168	1.917
676	-8.005	3.168	16.595
920	-8.003	3.168	16.595
933	-8.003	3.338	18.272
685	-8.002	3.168	1.911
686	-8.002	3.169	15.191
919	-7.927	3.337	12.412
189	-7.907	2.322	15.085
191	-7.907	2.322	7.416
270	-7.907	2.322	13.365
584	-7.907	2.321	7.683
585	-7.907	2.322	7.416
586	-7.907	2.321	3.215
591	-7.907	2.322	16.366
298	-7.907	2.322	16.370
347	-7.907	2.322	8.438
349	-7.907	2.322	16.200
213	-7.907	2.322	16.195
277	-7.907	2.322	1.650
278	-7.907	2.322	16.407
281	-7.907	2.322	5.661
315	-7.906	2.322	20.216
319	-7.906	2.322	20.229
351	-7.906	2.322	1.418
374	-7.906	2.322	2.984
403	-7.906	2.322	5.822
407	-7.906	2.322	7.692
414	-7.906	2.322	7.690
421	-7.906	2.322	15.195
424	-7.906	2.322	15.628
436	-7.906	2.322	15.620
437	-7.906	2.322	15.604
438	-7.906	2.322	14.798
439	-7.906	2.322	15.190
442	-7.906	2.322	8.487
93	-7.897	2.323	8.294
94	-7.897	2.323	7.326
95	-7.897	2.323	6.191
96	-7.897	2.323	3.217
92	-7.897	2.323	7.348
109	-7.897	2.323	17.134
465	-7.896	2.329	8.476
471	-7.896	2.329	8.214
490	-7.896	2.329	8.281
491	-7.896	2.329	14.756
492	-7.896	2.328	8.493
509	-7.896	2.329	13.158
510	-7.896	2.329	7.423
511	-7.896	2.329	18.612
512	-7.896	2.329	16.226
513	-7.896	2.329	18.724
528	-7.896	2.329	14.745
531	-7.896	2.329	18.751
534	-7.896	2.329	21.759
535	-7.896	2.329	7.103
56	-7.886	2.331	16.812
455	-7.886	2.331	7.108
