1359	-30.104	0.000	0.000
1376	-29.917	0.013	13.588
1391	-29.917	0.013	7.676
1406	-29.916	0.013	5.184
1407	-29.916	0.013	5.184
1498	-29.915	0.013	19.969
1432	-29.914	0.013	15.954
1456	-29.914	0.013	6.601
1493	-29.914	0.013	19.657
1502	-29.914	0.013	5.159
1430	-29.795	0.010	6.651
1418	-29.794	0.010	18.349
1377	-29.792	0.010	4.524
1378	-29.792	0.010	12.566
1379	-29.792	0.010	17.627
1381	-29.792	0.010	12.813
1388	-29.792	0.010	10.402
1389	-29.792	0.010	12.043
1394	-29.792	0.010	13.403
1401	-29.792	0.010	13.266
1368	-29.791	0.010	3.194
1422	-29.789	0.010	3.193
1436	-29.789	0.010	16.862
1438	-29.789	0.010	3.186
1480	-29.789	0.010	3.185
1507	-29.789	0.010	17.419
1455	-29.788	0.010	1.707
1400	-29.727	1.337	1.706
1420	-29.715	0.011	1.701
1433	-29.715	0.011	1.702
1457	-29.715	0.011	12.827
1459	-29.715	0.011	3.669
1463	-29.715	0.011	3.453
1470	-29.715	0.011	3.460
1476	-29.715	0.011	3.670
1489	-29.715	0.011	3.670
1499	-29.715	0.011	3.670
1513	-29.715	0.011	3.669
1372	-29.433	0.010	13.487
1362	-29.317	1.334	18.533
1373	-29.059	1.333	3.450
1374	-29.059	1.333	1.694
1395	-29.059	1.333	18.106
1367	-29.058	1.333	18.107
1427	-29.057	1.333	18.087
1445	-29.057	1.333	11.684
1497	-29.057	1.333	18.571
1450	-21.862	2.373	18.513
1435	-21.861	2.373	18.488
1437	-21.861	2.373	1.822
1441	-21.861	2.373	11.141
1477	-21.861	2.373	17.819
1478	-21.861	2.373	6.170
1487	-21.861	2.373	3.524
1509	-21.861	2.373	3.524
1511	-21.861	2.373	11.140
1425	-21.861	2.373	8.394
1443	-21.861	2.373	8.393
1453	-21.861	2.373	3.531
1439	-21.861	2.373	3.908
1370	-21.860	2.373	3.907
1375	-21.860	2.373	13.277
1380	-21.860	2.373	18.173
1384	-21.860	2.373	18.166
1386	-21.860	2.373	3.907
1387	-21.860	2.373	1.888
1390	-21.860	2.373	8.030
1397	-21.860	2.373	15.246
1398	-21.860	2.373	16.851
1399	-21.860	2.373	17.518
1403	-21.860	2.373	15.798
1404	-21.860	2.373	17.010
1408	-21.860	2.373	14.789
1410	-21.860	2.373	2.774
1414	-21.860	2.373	8.215
1363	-21.859	2.373	17.006
1440	-21.786	2.360	17.006
1510	-21.786	2.360	2.770
1474	-21.663	2.372	20.750
1421	-21.663	2.372	15.001
1431	-21.663	2.372	1.955
1448	-21.663	2.372	5.963
1465	-21.663	2.372	8.205
1471	-21.663	2.372	2.717
1490	-21.663	2.372	17.512
1492	-21.663	2.372	15.997
1496	-21.663	2.372	15.999
1505	-21.663	2.372	18.019
1506	-21.663	2.372	8.450
1508	-21.663	2.372	8.128
1486	-21.662	2.372	15.999
1412	-21.662	2.372	9.017
1454	-21.582	2.361	7.033
1475	-21.582	2.361	3.622
1458	-21.581	2.361	8.425
1469	-21.581	2.361	5.917
1484	-21.581	2.361	7.094
1500	-21.581	2.361	7.866
1503	-21.581	2.361	1.656
1512	-21.580	2.373	19.132
1383	-21.527	1.907	15.795
1392	-21.527	1.907	15.456
1428	-21.523	1.907	7.130
1466	-21.522	1.907	5.657
1467	-21.522	1.907	15.386
1468	-21.522	1.907	5.904
1481	-21.522	1.907	5.658
1491	-21.522	1.907	5.658
1494	-21.522	1.907	15.609
1364	-21.521	1.906	15.090
1393	-21.431	1.920	5.253
1409	-21.431	1.920	6.010
1411	-21.431	1.920	19.823
1365	-21.431	1.920	6.096
1366	-21.431	1.920	15.332
1369	-21.431	1.920	5.578
1371	-21.431	1.920	11.026
1473	-21.429	1.919	1.750
1424	-21.427	1.920	14.802
1442	-21.426	1.920	14.501
1485	-21.408	2.374	6.773
1357	-20.361	0.208	18.254
1358	-20.349	0.218	6.168
1488	-18.877	0.260	17.292
1342	-18.720	0.232	17.394
1351	-18.522	0.227	7.788
1361	-17.342	2.773	4.739
1446	-17.278	2.543	18.524
1447	-17.278	2.543	11.135
1460	-17.277	2.543	3.669
1462	-17.277	2.543	18.475
1479	-17.277	2.543	11.136
1495	-17.277	2.543	8.381
1415	-17.055	2.775	3.640
1452	-17.053	2.775	13.264
1423	-17.051	2.775	10.772
1461	-17.051	2.775	18.161
1417	-17.026	2.850	18.154
1449	-16.995	2.540	3.912
1405	-16.962	2.776	15.787
1291	-16.890	3.861	12.246
1312	-16.807	3.812	1.964
1315	-16.805	3.812	2.928
1317	-16.805	3.812	5.977
1322	-16.805	3.811	8.200
1339	-16.805	3.811	8.198
1284	-16.794	3.811	15.564
1290	-16.794	3.811	15.974
1259	-16.794	3.810	15.966
1232	-16.767	3.804	5.274
1196	-16.764	3.804	6.068
1338	-16.602	3.805	3.670
1396	-16.547	3.897	11.143
1451	-16.497	3.871	13.278
1426	-16.496	3.871	13.278
1501	-16.494	3.872	18.173
1464	-16.489	3.866	3.586
1385	-16.483	3.864	1.885
1360	-16.474	3.843	14.943
1416	-16.456	3.805	7.915
1429	-16.146	3.844	7.609
1472	-16.138	3.862	17.005
1434	-16.129	3.856	2.797
1419	-16.129	3.856	12.242
1413	-16.127	3.854	9.179
1554	-15.979	2.712	15.559
1562	-15.979	2.712	15.156
1569	-15.979	2.712	9.133
817	-15.459	2.787	21.602
643	-14.410	2.929	3.634
663	-14.410	2.929	0.110
677	-14.410	2.929	3.534
776	-14.402	2.927	14.743
720	-14.401	2.927	3.082
737	-14.401	2.927	1.598
743	-14.401	2.927	1.525
754	-14.401	2.927	3.536
681	-14.401	2.927	3.893
789	-14.401	2.927	3.892
749	-14.401	2.927	12.883
804	-14.401	2.927	11.104
1579	-14.396	2.929	3.591
1588	-14.395	2.929	11.714
157	-14.392	2.929	11.712
81	-14.391	2.929	13.133
507	-14.383	2.927	15.467
551	-14.383	2.927	18.290
574	-14.382	2.927	15.850
575	-14.382	2.927	16.684
486	-14.382	2.927	18.332
567	-14.382	2.927	2.876
596	-14.382	2.927	1.451
836	-14.354	2.927	19.694
832	-14.354	2.927	12.178
648	-14.341	2.929	11.455
649	-14.341	2.929	8.500
674	-14.341	2.929	6.637
676	-14.341	2.929	9.049
698	-14.332	2.928	16.569
690	-14.332	2.927	16.462
721	-14.332	2.928	7.731
756	-14.332	2.928	2.288
734	-14.332	2.928	2.288
736	-14.332	2.928	7.732
769	-14.332	2.928	16.614
793	-14.332	2.928	9.261
732	-14.332	2.928	20.466
466	-14.325	2.929	8.115
467	-14.325	2.929	6.086
399	-14.315	2.929	8.319
492	-14.313	2.927	6.420
516	-14.313	2.927	15.624
546	-14.313	2.927	14.844
553	-14.313	2.927	14.836
600	-14.313	2.927	14.826
505	-14.313	2.927	8.256
599	-14.313	2.927	16.524
260	-14.221	2.927	7.074
374	-14.219	2.927	18.248
639	-14.214	2.927	17.701
680	-14.151	2.928	4.536
819	-14.135	2.925	14.666
396	-14.135	2.930	14.872
834	-14.105	2.928	2.553
300	-14.036	2.931	14.666
108	-13.992	2.931	11.382
420	-13.882	2.939	9.237
610	-13.871	2.938	18.715
621	-13.867	2.938	22.465
623	-13.867	2.938	2.886
630	-13.867	2.938	9.581
812	-13.725	2.934	8.204
814	-13.725	2.934	8.202
821	-12.183	3.354	10.091
1575	-11.008	3.419	4.751
1576	-11.003	3.424	4.755
1542	-10.995	3.420	12.721
1541	-10.992	3.421	11.249
1567	-9.990	3.984	7.976
1539	-9.988	3.982	17.183
1531	-9.987	3.982	20.590
1558	-9.985	3.980	2.369
1565	-9.985	3.980	18.441
1382	-9.454	2.603	12.550
1444	-9.453	2.603	9.898
1504	-9.452	2.603	4.252
1402	-9.261	2.609	18.713
