112	-16.773	0.000	0.000
143	-16.773	0.000	26.166
309	-16.761	0.001	26.204
310	-16.761	0.001	21.278
536	-16.760	0.001	3.157
550	-16.760	0.001	0.024
551	-16.760	0.001	3.028
553	-16.760	0.001	1.420
555	-16.760	0.001	25.963
562	-16.760	0.001	9.518
509	-16.760	0.001	0.040
334	-16.730	0.003	22.480
326	-16.730	0.003	0.040
338	-16.729	0.003	25.963
590	-16.702	0.006	11.242
592	-16.702	0.006	11.242
38	-16.691	0.746	22.480
280	-16.681	0.746	13.673
531	-16.680	0.746	26.145
564	-16.680	0.746	9.578
569	-16.680	0.746	9.827
570	-16.680	0.746	9.844
1258	-16.651	0.015	4.623
370	-16.650	0.746	9.836
368	-16.649	0.746	23.657
585	-16.610	0.745	23.653
1318	-16.601	0.747	22.623
117	-9.048	3.713	14.164
242	-9.033	3.711	14.102
503	-9.027	3.712	14.165
41	-8.910	3.654	1.568
49	-8.910	3.654	3.908
92	-8.910	3.654	24.328
94	-8.910	3.654	10.289
103	-8.910	3.654	3.691
21	-8.910	3.654	21.341
9	-8.909	3.654	3.691
10	-8.909	3.654	24.329
11	-8.909	3.654	12.549
12	-8.909	3.654	12.549
14	-8.909	3.654	21.341
114	-8.909	3.656	14.197
17	-8.909	3.654	24.509
27	-8.909	3.654	11.504
30	-8.909	3.654	11.224
31	-8.909	3.653	11.230
215	-8.907	3.655	1.645
290	-8.896	3.654	11.229
301	-8.895	3.654	22.505
579	-8.893	3.654	22.500
508	-8.892	3.653	21.540
1	-8.889	3.653	22.458
2	-8.889	3.653	10.321
3	-8.889	3.653	10.249
4	-8.889	3.653	19.602
5	-8.889	3.653	19.423
6	-8.889	3.653	11.104
566	-8.875	0.521	11.114
468	-8.874	0.521	19.582
470	-8.874	0.521	11.115
573	-8.874	0.521	15.785
583	-8.874	0.521	19.998
1400	-8.874	3.656	15.781
156	-8.860	3.654	15.786
194	-8.860	3.654	11.115
196	-8.860	3.654	15.782
171	-8.860	3.654	20.066
177	-8.860	3.654	20.075
203	-8.860	3.654	20.079
204	-8.860	3.654	2.859
205	-8.860	3.654	20.074
512	-8.859	0.533	15.795
518	-8.858	0.532	19.988
543	-8.858	0.533	20.073
559	-8.858	0.533	15.898
482	-8.855	0.520	12.745
221	-8.855	3.654	20.073
222	-8.855	3.654	18.603
223	-8.855	3.654	24.244
232	-8.855	3.654	19.479
208	-8.855	3.654	21.368
283	-8.846	3.653	17.074
286	-8.846	3.653	16.026
288	-8.846	3.653	16.015
307	-8.846	3.653	16.045
308	-8.846	3.653	3.176
314	-8.845	3.654	3.167
315	-8.845	3.654	16.434
249	-8.845	3.653	3.116
251	-8.845	3.653	2.672
252	-8.845	3.653	15.081
254	-8.845	3.653	11.666
271	-8.845	3.653	11.666
480	-8.845	3.653	19.539
333	-8.843	3.655	19.538
353	-8.843	3.655	21.464
355	-8.843	3.655	11.298
356	-8.843	3.655	10.124
534	-8.841	3.653	15.317
576	-8.841	3.653	10.051
514	-8.840	3.654	15.524
516	-8.840	3.654	20.717
517	-8.840	3.654	19.294
521	-8.840	3.654	19.314
525	-8.840	3.654	16.843
526	-8.840	3.654	18.767
557	-8.840	3.654	19.307
563	-8.840	3.654	19.509
490	-8.840	3.652	17.304
376	-8.839	3.654	20.577
379	-8.839	3.654	20.615
381	-8.839	3.653	20.417
388	-8.839	3.654	20.006
390	-8.839	3.654	19.801
391	-8.839	3.654	19.815
394	-8.839	3.654	20.023
395	-8.839	3.654	19.653
396	-8.839	3.654	17.146
398	-8.839	3.654	14.162
412	-8.839	3.653	14.164
413	-8.839	3.654	14.102
415	-8.839	3.654	14.165
416	-8.839	3.653	13.787
417	-8.839	3.654	13.787
420	-8.839	3.653	13.787
424	-8.839	3.654	16.712
432	-8.839	3.653	16.710
436	-8.839	3.654	13.786
438	-8.839	3.654	16.712
441	-8.839	3.654	16.712
451	-8.839	3.653	12.958
453	-8.839	3.654	12.950
454	-8.839	3.654	13.792
457	-8.839	3.653	16.701
466	-8.839	3.654	16.798
358	-8.838	3.655	16.801
361	-8.838	3.655	15.826
587	-8.832	0.517	15.838
60	-8.826	3.654	17.867
61	-8.826	3.654	11.806
101	-8.826	3.654	11.807
170	-8.825	3.655	23.730
164	-8.825	3.655	23.725
195	-8.825	3.655	13.876
198	-8.825	3.655	13.876
199	-8.825	3.655	13.878
213	-8.820	3.655	12.601
1359	-8.819	0.516	21.211
591	-8.816	0.529	11.986
300	-8.811	3.654	13.911
302	-8.811	3.654	1.320
253	-8.811	3.653	13.485
324	-8.809	3.655	18.458
327	-8.809	3.655	12.034
341	-8.809	3.655	13.942
1514	-8.807	0.516	23.376
577	-8.806	3.654	0.175
572	-8.806	3.654	1.312
558	-8.805	3.655	0.048
515	-8.805	3.655	0.009
392	-8.804	3.654	0.192
421	-8.804	3.654	20.148
372	-8.804	3.654	21.456
471	-8.804	3.654	21.456
363	-8.803	3.655	0.190
588	-8.796	3.656	20.133
1462	-8.762	0.829	20.074
1539	-8.755	0.828	15.794
23	-8.634	3.860	13.787
8	-8.634	3.861	16.712
15	-8.633	3.861	16.710
25	-8.633	3.861	13.786
32	-8.633	3.861	16.712
84	-8.633	3.862	16.712
166	-8.510	3.831	15.795
176	-8.510	3.831	19.988
185	-8.510	3.831	20.073
186	-8.510	3.831	15.898
259	-8.494	3.829	16.046
292	-8.494	3.829	3.176
481	-8.494	3.828	3.167
293	-8.494	3.829	16.434
294	-8.494	3.829	3.116
241	-8.494	3.827	2.672
332	-8.491	3.830	15.081
339	-8.491	3.831	11.666
346	-8.491	3.831	11.666
347	-8.491	3.831	19.539
485	-8.486	3.828	19.538
486	-8.486	3.827	21.465
493	-8.486	3.828	11.298
20	-8.485	3.827	10.124
18	-8.485	3.827	15.317
13	-8.485	3.827	10.051
522	-8.485	3.829	15.524
527	-8.485	3.829	20.718
378	-8.484	3.829	19.294
377	-8.484	3.829	19.314
162	-8.450	3.826	20.023
275	-8.434	3.824	8.466
7	-8.423	3.821	8.533
36	-8.423	3.821	8.462
58	-8.423	3.822	8.140
88	-8.423	3.821	8.140
108	-8.423	3.822	8.140
22	-8.422	3.821	4.724
200	-8.406	3.474	4.726
1409	-8.383	2.628	8.141
1628	-8.381	2.627	4.724
1500	-8.381	2.628	4.724
1437	-8.379	2.628	9.997
1438	-8.379	2.628	10.007
556	-8.200	3.461	0.062
560	-8.198	3.424	9.948
1405	-7.965	2.544	18.518
1406	-7.965	2.544	12.471
1568	-7.941	2.576	18.516
