1237	-11.977	0.000	4.728
1241	-11.977	0.000	10.002
1565	-11.977	0.000	10.013
1576	-11.977	0.000	8.131
1613	-11.977	0.000	4.738
1617	-11.977	0.000	4.652
1173	-11.977	0.000	4.650
1624	-11.977	0.000	5.614
1625	-11.977	0.000	5.603
1260	-11.966	0.021	5.951
1279	-11.966	0.020	18.444
1280	-11.966	0.021	18.445
1281	-11.966	0.021	3.846
1286	-11.966	0.020	3.841
1289	-11.966	0.021	12.479
1292	-11.966	0.021	12.479
1304	-11.966	0.021	12.479
1306	-11.966	0.021	10.098
1307	-11.966	0.021	0.069
1434	-11.964	0.022	18.524
1435	-11.964	0.021	12.478
1346	-11.964	0.021	10.568
1347	-11.964	0.021	18.523
1348	-11.964	0.021	18.523
1350	-11.964	0.021	5.514
1368	-11.964	0.021	3.602
1369	-11.964	0.021	0.001
1370	-11.964	0.021	21.359
1372	-11.964	0.021	21.781
1377	-11.964	0.021	21.279
1378	-11.964	0.021	21.261
1379	-11.964	0.021	21.367
1380	-11.964	0.021	1.723
1387	-11.964	0.021	1.500
1394	-11.964	0.021	1.500
1395	-11.964	0.021	21.366
1396	-11.964	0.021	0.018
1397	-11.964	0.021	21.513
1398	-11.964	0.021	5.314
1399	-11.964	0.021	5.290
1401	-11.964	0.021	1.733
1423	-11.964	0.021	21.502
1424	-11.964	0.021	22.348
1425	-11.964	0.021	21.589
1429	-11.964	0.021	23.456
1356	-11.964	0.021	5.196
1412	-11.964	0.021	14.849
1415	-11.964	0.021	22.339
1421	-11.964	0.021	2.396
1323	-11.963	0.021	22.339
1328	-11.963	0.021	5.197
1337	-11.963	0.021	15.992
1165	-11.962	0.021	15.992
1234	-11.962	0.021	2.396
1235	-11.962	0.021	12.275
1451	-11.962	0.021	5.316
1453	-11.962	0.021	18.176
1487	-11.962	0.021	16.686
1526	-11.962	0.021	16.646
1527	-11.962	0.021	20.628
1158	-11.962	0.021	16.672
1159	-11.962	0.021	2.222
1161	-11.962	0.021	2.218
1168	-11.962	0.021	1.448
1169	-11.962	0.021	2.167
1171	-11.962	0.021	14.991
1172	-11.962	0.021	20.000
1206	-11.962	0.021	4.937
1218	-11.962	0.021	5.020
1222	-11.962	0.021	16.002
1248	-11.962	0.021	17.697
1249	-11.962	0.021	4.949
1256	-11.962	0.021	17.701
1458	-11.962	0.021	6.130
1461	-11.962	0.021	4.641
1465	-11.962	0.021	6.133
1471	-11.962	0.021	6.129
1490	-11.962	0.021	17.692
1496	-11.962	0.021	6.132
1501	-11.962	0.021	4.642
1513	-11.962	0.021	4.616
1519	-11.962	0.021	4.613
1531	-11.962	0.021	21.039
1534	-11.962	0.021	4.617
1552	-11.962	0.021	6.122
1554	-11.962	0.021	4.656
1557	-11.962	0.021	4.615
1558	-11.962	0.021	6.081
1560	-11.962	0.021	11.691
1600	-11.962	0.021	4.616
1601	-11.962	0.021	5.212
1602	-11.962	0.021	4.930
1562	-11.962	0.021	4.850
1612	-11.962	0.021	2.380
1135	-11.961	0.021	5.897
1152	-11.961	0.021	6.002
1154	-11.961	0.021	6.003
1155	-11.961	0.021	5.998
1195	-11.961	0.021	23.575
1196	-11.961	0.021	23.580
1200	-11.961	0.021	6.009
1445	-11.961	0.021	22.144
1150	-11.960	0.021	20.478
1122	-11.953	0.020	12.485
1124	-11.953	0.020	19.048
1313	-11.952	0.020	19.046
1317	-11.952	0.020	4.539
1160	-11.948	0.020	4.539
1162	-11.948	0.020	5.701
1163	-11.948	0.020	19.028
1247	-11.948	0.020	19.162
1166	-11.948	0.020	6.291
1167	-11.948	0.019	18.351
1205	-11.948	0.019	6.097
1207	-11.948	0.020	2.247
1216	-11.948	0.020	4.791
1228	-11.948	0.020	4.778
1139	-11.947	0.020	5.962
1199	-11.947	0.020	4.362
1129	-11.947	0.020	4.031
1134	-11.947	0.020	3.729
1151	-11.947	0.020	4.905
1153	-11.947	0.020	2.166
1141	-11.947	0.020	2.079
1142	-11.947	0.020	2.518
1143	-11.947	0.020	3.465
1144	-11.947	0.020	3.177
1147	-11.947	0.020	3.163
1148	-11.947	0.020	3.418
1201	-11.947	0.020	3.505
1126	-11.947	0.020	8.803
1127	-11.947	0.020	14.932
1128	-11.947	0.020	14.934
1130	-11.947	0.020	14.861
1131	-11.947	0.020	14.935
1132	-11.947	0.020	14.466
1133	-11.947	0.020	14.466
1136	-11.947	0.020	14.467
1137	-11.947	0.020	17.809
1261	-11.941	0.020	17.807
1268	-11.941	0.020	14.465
1269	-11.941	0.020	17.809
1275	-11.941	0.020	17.809
1284	-11.941	0.020	13.792
1291	-11.941	0.020	13.785
1308	-11.941	0.020	14.477
1309	-11.941	0.020	17.799
1310	-11.941	0.020	17.904
1311	-11.941	0.020	17.909
1315	-11.941	0.020	16.995
1322	-11.939	0.020	17.007
1327	-11.939	0.020	19.557
1329	-11.939	0.020	9.779
1331	-11.939	0.020	9.780
1335	-11.939	0.020	25.122
1345	-11.939	0.020	25.116
1349	-11.939	0.020	13.332
1371	-11.939	0.020	13.332
1376	-11.939	0.020	13.334
1385	-11.939	0.020	13.560
1210	-11.937	0.020	22.313
1231	-11.937	0.020	13.172
1252	-11.937	0.020	13.363
1253	-11.937	0.020	3.392
1476	-11.937	0.020	13.522
1493	-11.937	0.020	20.087
1518	-11.937	0.020	10.120
1541	-11.937	0.020	13.396
1125	-11.936	0.020	13.523
1149	-11.936	0.020	10.121
1186	-11.908	0.007	10.121
1182	-11.908	0.007	20.092
1177	-11.908	0.007	24.781
1178	-11.908	0.007	22.365
1179	-11.908	0.007	3.612
1615	-11.908	0.007	3.386
1175	-11.895	0.007	3.685
1180	-11.895	0.007	3.705
1181	-11.884	0.009	3.610
1187	-11.884	0.009	21.293
1569	-11.883	0.009	22.540
1170	-11.876	0.038	22.540
1192	-11.832	0.018	3.612
1267	-11.754	0.018	22.351
1296	-11.754	0.018	3.134
1298	-11.754	0.018	26.166
1354	-11.752	0.018	26.204
1320	-11.747	0.018	21.278
1321	-11.747	0.018	3.157
1262	-11.743	0.019	0.024
1283	-11.743	0.019	3.028
1312	-11.743	0.019	1.420
1214	-11.740	0.019	25.963
1225	-11.740	0.019	9.518
1226	-11.740	0.019	0.040
1227	-11.740	0.019	22.480
1233	-11.740	0.019	0.040
1250	-11.740	0.019	25.963
1466	-11.740	0.019	11.242
1467	-11.740	0.019	11.242
1468	-11.740	0.019	22.480
1469	-11.740	0.019	13.673
1521	-11.740	0.019	26.145
1439	-11.739	0.018	9.578
1197	-11.738	0.019	9.827
1198	-11.738	0.019	9.844
1273	-11.729	0.023	4.623
1300	-11.729	0.023	9.836
1362	-11.727	0.023	23.657
1389	-11.726	0.023	23.653
1361	-11.726	2.440	22.623
1588	-11.726	2.440	23.607
1334	-11.726	2.440	9.505
1474	-11.726	2.440	8.052
1485	-11.726	2.440	21.120
1516	-11.726	2.440	20.920
1517	-11.726	2.440	9.841
1532	-11.726	2.440	9.429
1536	-11.726	2.440	21.103
1581	-11.726	2.440	9.429
1610	-11.726	2.440	16.943
1611	-11.726	2.440	21.469
1386	-11.726	2.440	16.939
1388	-11.726	2.440	16.944
1404	-11.726	2.440	9.432
1440	-11.726	2.440	16.940
1441	-11.726	2.440	21.606
1442	-11.726	2.440	21.610
1631	-11.726	2.440	21.612
1550	-11.725	2.440	2.264
1551	-11.725	2.440	21.608
1277	-11.724	0.024	16.952
1278	-11.724	0.024	21.462
1339	-11.722	0.024	21.607
1382	-11.722	0.024	17.353
1433	-11.691	2.437	12.561
1324	-11.650	2.436	21.607
1326	-11.650	2.436	20.185
1357	-11.650	2.436	25.798
1358	-11.650	2.436	21.017
1367	-11.650	2.436	22.510
1383	-11.650	2.436	18.713
1390	-11.650	2.436	17.494
1391	-11.650	2.436	17.479
1392	-11.650	2.436	17.519
1422	-11.650	2.436	3.101
1427	-11.650	2.436	3.103
1428	-11.650	2.436	17.990
1270	-11.650	2.436	1.037
1299	-11.650	2.436	4.914
1301	-11.650	2.436	14.963
1314	-11.650	2.436	9.634
1140	-11.649	2.436	9.635
1223	-11.649	2.436	20.777
1246	-11.649	2.436	20.776
1454	-11.649	2.436	23.367
1456	-11.649	2.436	9.354
1472	-11.649	2.436	8.256
1473	-11.649	2.436	16.728
1502	-11.649	2.436	8.480
1512	-11.649	2.436	16.966
1530	-11.649	2.436	22.061
1537	-11.649	2.436	20.931
1555	-11.649	2.436	20.949
1563	-11.649	2.436	18.633
1593	-11.649	2.436	20.302
1239	-11.529	2.082	14.934
1633	-11.526	2.083	14.861
1638	-11.526	2.083	14.935
1622	-11.525	2.082	14.465
1566	-11.525	2.082	17.809
1571	-11.525	2.082	17.809
1573	-11.525	2.082	13.792
1290	-11.515	2.097	14.477
1408	-11.446	2.401	17.904
1338	-11.445	2.401	17.909
1381	-11.445	2.402	16.995
1603	-11.445	2.402	17.007
1477	-11.444	2.198	19.557
1632	-11.424	2.427	9.779
1243	-11.415	2.068	9.780
1245	-11.415	2.068	25.122
1580	-11.415	2.068	25.116
1274	-11.399	2.083	13.332
1303	-11.399	2.083	13.332
1325	-11.399	2.083	13.334
1342	-11.399	2.083	13.560
1355	-11.399	2.083	22.313
1365	-11.399	2.083	13.172
1375	-11.399	2.083	13.363
1384	-11.399	2.083	3.392
1407	-11.399	2.083	13.522
1224	-11.398	2.083	20.087
1203	-11.398	2.083	10.120
1443	-11.398	2.083	13.396
1444	-11.398	2.083	13.523
1164	-11.398	2.083	10.121
1208	-11.398	2.083	10.121
1209	-11.398	2.083	20.092
1211	-11.398	2.083	24.781
1212	-11.398	2.083	22.365
1213	-11.398	2.083	3.612
1215	-11.398	2.083	3.386
1232	-11.398	2.083	3.685
1236	-11.398	2.083	3.705
1481	-11.398	2.083	3.610
1492	-11.398	2.083	21.293
1523	-11.398	2.083	22.540
1191	-11.388	2.426	22.540
1176	-11.370	2.069	3.612
1238	-11.370	2.069	22.351
1242	-11.370	2.069	3.134
1244	-11.370	2.069	26.166
1276	-11.369	2.397	26.204
1332	-11.369	2.397	21.278
1138	-11.368	2.397	3.157
1156	-11.368	2.397	0.024
1193	-11.368	2.397	3.028
1194	-11.368	2.397	1.420
1217	-11.368	2.397	25.963
1436	-11.368	2.397	9.518
1174	-11.360	2.425	0.040
1570	-11.360	2.425	22.480
1579	-11.360	2.425	0.040
1640	-11.360	2.425	25.963
1641	-11.360	2.425	11.242
1594	-11.312	2.461	11.242
1595	-11.312	2.461	22.480
1183	-11.204	1.165	9.836
1184	-11.204	1.165	23.657
1185	-11.204	1.165	23.653
1189	-11.204	1.165	22.623
1145	-11.198	1.139	23.607
1146	-11.198	1.139	9.505
1202	-11.198	1.139	8.052
1229	-11.198	1.139	21.120
1123	-11.197	1.133	20.920
1616	-11.185	0.107	9.841
1621	-11.184	0.107	9.429
1642	-11.183	0.107	21.103
1634	-11.182	0.107	9.429
1572	-11.182	0.107	16.943
1636	-11.182	0.107	21.469
1577	-11.178	0.104	16.939
1263	-11.176	1.136	16.944
1264	-11.176	1.136	9.432
1266	-11.176	1.136	16.940
1293	-11.176	1.136	21.606
1295	-11.176	1.136	21.610
1297	-11.176	1.136	21.612
1302	-11.176	1.136	2.264
1316	-11.176	1.136	21.608
1285	-11.175	1.136	16.952
1417	-11.175	1.136	21.462
1419	-11.175	1.136	21.607
1420	-11.175	1.136	17.353
1340	-11.175	1.136	12.561
1344	-11.175	1.136	21.607
1352	-11.175	1.136	20.185
1353	-11.175	1.136	25.798
1374	-11.175	1.136	21.017
1230	-11.174	1.136	22.510
1257	-11.174	1.136	18.713
1561	-11.174	1.136	17.494
1609	-11.174	1.136	17.479
1448	-11.165	0.078	17.519
1343	-11.165	0.078	3.101
1219	-11.164	0.078	3.103
1251	-11.164	0.078	17.990
1254	-11.164	0.078	1.037
1255	-11.164	0.078	4.914
1620	-11.158	0.094	14.963
1567	-11.156	0.093	9.634
1623	-11.156	0.093	9.635
1639	-11.156	0.093	20.777
1584	-11.154	1.002	20.776
1430	-11.127	0.089	23.367
1431	-11.127	0.089	9.354
1432	-11.127	0.089	8.256
1618	-11.107	1.018	16.728
1413	-11.031	0.087	8.480
1414	-11.031	0.087	16.966
1426	-11.031	0.088	22.061
1591	-11.031	2.120	20.931
1470	-11.030	0.088	20.949
1449	-11.030	0.088	18.633
1450	-11.030	0.088	20.302
1452	-11.030	0.088	20.821
1488	-11.030	0.088	20.954
1459	-11.030	0.088	18.836
1463	-11.030	0.088	21.931
1491	-11.030	0.088	21.966
1497	-11.030	0.088	21.810
1498	-11.030	0.088	21.490
1528	-11.030	0.088	21.231
1543	-11.030	0.088	21.243
1544	-11.030	0.088	21.496
1559	-11.030	0.088	21.138
1366	-11.030	0.088	19.194
1484	-11.029	0.088	14.932
1525	-11.029	0.088	14.934
1592	-11.028	0.088	14.861
1619	-11.027	2.106	14.935
1587	-11.025	0.088	14.466
1478	-11.024	0.089	14.466
1480	-11.024	0.089	14.466
1330	-11.024	0.085	17.809
1464	-11.023	0.086	17.807
1586	-11.018	0.086	14.465
1511	-11.017	0.089	17.809
1455	-11.017	0.090	17.809
1457	-11.017	0.090	13.792
1503	-11.017	0.089	13.785
1504	-11.017	0.089	14.477
1505	-11.017	0.089	17.799
1538	-11.017	0.089	17.904
1564	-11.017	0.089	17.909
1582	-11.017	0.090	16.995
1583	-11.017	0.089	17.007
1475	-11.017	0.089	19.557
1533	-11.017	0.089	9.779
1333	-11.015	0.090	9.780
1265	-11.014	0.077	25.122
1604	-11.013	0.090	25.116
1605	-11.013	0.090	13.332
1606	-11.013	0.090	13.332
1607	-11.013	0.090	13.334
1364	-11.013	0.087	13.559
1418	-11.013	0.078	22.313
1360	-11.012	0.087	13.172
1341	-11.012	0.078	13.363
1507	-11.011	0.087	3.392
1393	-11.010	0.940	13.522
1351	-11.006	0.079	20.087
1373	-11.006	0.079	10.120
1403	-11.006	0.079	13.395
1489	-11.004	0.079	13.523
1553	-11.004	0.079	10.121
1556	-10.992	0.081	3.386
1599	-10.989	0.081	3.685
1629	-10.981	2.106	3.705
1482	-10.933	0.992	3.610
1483	-10.933	0.993	21.293
1287	-10.933	0.981	22.540
1499	-10.931	0.978	22.540
1585	-10.929	0.991	3.611
1510	-10.923	1.001	22.351
1590	-10.923	1.003	3.134
1540	-10.908	0.972	26.166
1524	-10.788	2.113	22.480
1627	-10.753	1.192	0.040
1574	-10.739	1.190	25.963
1635	-10.738	1.190	11.242
1626	-10.737	1.189	11.242
1529	-10.696	2.104	22.480
1410	-10.470	1.154	9.844
1282	-10.467	1.152	4.622
1494	-10.466	1.152	9.836
1495	-10.466	1.152	23.657
1460	-10.466	1.152	23.653
1535	-10.466	1.152	22.623
1547	-10.465	1.152	23.607
1548	-10.465	1.152	9.505
1416	-10.454	1.152	8.053
1546	-10.449	1.150	21.120
1549	-10.449	1.150	20.919
1508	-10.442	1.149	9.841
1509	-10.442	1.149	9.429
1363	-10.426	1.147	21.103
1411	-10.402	1.144	21.605
1515	-10.399	1.144	21.610
1608	-10.203	1.396	16.952
1447	-9.571	0.827	14.932
1402	-8.593	2.922	13.484
1486	-8.591	2.924	12.035
1589	-8.589	2.924	18.463
1614	-8.573	2.883	21.456
1637	-8.573	2.883	0.190
1575	-8.572	2.883	21.245
1630	-8.572	2.883	1.481
1578	-8.572	2.883	24.532
1520	-8.511	2.932	20.075
1522	-8.511	2.932	20.079
1542	-8.511	2.932	2.859
1545	-8.511	2.932	20.075
1479	-8.510	2.933	12.745
1506	-8.508	2.934	20.073
1596	-8.507	2.934	18.603
1597	-8.507	2.934	24.244
1598	-8.507	2.934	19.479
