781	-9.969	0.000	3.154
972	-9.200	2.194	6.097
1022	-9.194	0.128	6.090
1050	-9.194	0.128	2.177
834	-9.191	0.126	18.465
846	-9.191	0.126	2.094
794	-9.191	0.126	6.982
867	-9.179	0.137	18.337
954	-9.172	0.136	18.334
1038	-9.172	0.123	18.334
905	-9.171	0.136	10.590
892	-9.170	0.136	6.705
899	-9.170	0.136	4.949
963	-9.150	0.131	15.910
914	-9.149	0.131	15.899
769	-9.148	0.129	16.572
946	-9.148	0.131	18.216
976	-9.147	0.121	16.604
998	-9.147	0.121	16.605
1041	-9.147	0.121	16.586
844	-9.144	0.119	19.775
808	-9.144	0.119	4.254
870	-9.132	0.130	3.138
927	-9.124	0.129	2.760
911	-9.123	0.129	2.741
988	-8.753	0.815	5.640
1002	-8.642	2.203	9.238
1009	-8.642	2.203	8.202
1013	-8.642	2.203	8.202
1026	-8.642	2.203	8.202
1033	-8.642	2.203	8.202
1025	-8.640	2.203	4.507
1006	-8.639	2.203	6.077
1015	-8.630	2.203	16.336
1021	-8.630	2.203	6.134
1024	-8.630	2.203	13.798
1048	-8.630	2.203	4.490
964	-8.611	2.202	13.797
912	-8.610	2.202	6.168
936	-8.610	2.202	8.907
621	-8.336	3.388	5.384
982	-8.301	2.131	1.522
116	-8.262	3.288	7.351
742	-8.179	3.263	5.781
754	-8.179	3.263	6.135
942	-7.569	2.634	14.136
948	-7.537	2.629	3.466
955	-7.511	2.636	7.047
1028	-7.511	2.636	5.543
1046	-7.511	2.636	4.914
977	-7.510	2.636	4.940
1000	-7.510	2.636	5.447
975	-7.473	2.379	2.935
1053	-7.415	2.381	4.237
1037	-7.413	2.384	2.977
696	-6.794	3.756	15.889
482	-6.761	3.544	5.199
24	-6.755	3.542	5.940
