1633	-10.137	0.000	4.731
1657	-10.137	0.001	4.894
1631	-10.116	0.317	4.372
1660	-9.945	2.115	2.812
1658	-9.945	2.115	2.824
1670	-9.943	2.115	4.237
1685	-9.943	2.115	13.865
1686	-9.941	2.110	4.266
1652	-9.936	2.115	8.201
1624	-9.929	2.117	8.202
1639	-9.929	2.119	4.503
1665	-9.923	2.115	6.082
1699	-9.687	0.083	5.321
1676	-9.596	0.090	14.263
1626	-9.278	2.256	7.878
1627	-9.277	2.254	7.878
1642	-8.540	3.022	11.443
1641	-8.539	3.021	11.975
1661	-8.539	3.022	13.617
1681	-8.538	3.022	11.988
1672	-8.167	2.661	2.316
1697	-7.794	2.788	13.609
1674	-7.690	2.634	7.100
1691	-7.454	3.766	3.443
1692	-7.454	3.763	3.443
1673	-7.308	2.836	8.201
1529	-6.601	3.121	6.182
