1118	-11.222	0.000	4.894
1220	-11.219	0.004	5.320
1177	-11.198	0.001	4.894
1087	-11.184	0.005	3.285
1099	-11.184	0.005	5.332
1100	-11.184	0.005	5.325
1107	-11.184	0.005	2.136
1110	-11.184	0.005	2.185
1121	-11.184	0.005	17.945
1138	-11.184	0.005	14.177
1168	-11.184	0.008	4.499
1187	-11.184	0.008	2.696
1189	-11.184	0.008	4.501
1197	-11.184	0.008	14.263
1207	-11.184	0.008	4.080
1243	-11.184	0.008	4.478
1254	-11.184	0.008	4.481
1257	-11.184	0.008	4.477
1262	-11.184	0.008	14.083
1263	-11.184	0.008	14.217
1273	-11.184	0.008	14.219
1275	-11.184	0.008	14.131
1150	-11.183	0.008	4.472
1292	-11.183	0.008	14.891
1296	-11.183	0.008	5.645
1297	-11.183	0.008	4.937
1059	-11.182	0.008	5.187
1060	-11.182	0.008	4.175
1073	-11.182	0.008	4.934
1082	-11.182	0.008	3.567
1071	-11.182	0.008	2.704
1130	-11.171	0.006	7.045
1143	-11.171	0.006	5.548
1172	-11.171	0.004	4.919
1209	-11.171	0.004	3.309
1246	-11.171	0.004	4.946
1267	-11.171	0.004	5.450
1321	-11.170	0.004	8.009
1106	-11.123	2.237	3.443
1188	-11.123	2.238	3.443
1271	-10.816	2.215	6.134
1217	-10.798	2.222	5.942
1219	-10.798	2.222	16.357
1206	-10.797	2.222	4.506
1214	-10.797	2.223	6.182
1311	-10.793	2.223	5.188
1081	-10.792	2.223	13.973
1252	-10.787	2.226	16.923
1204	-10.786	2.226	10.108
1090	-10.761	2.218	16.913
1192	-10.751	2.221	11.450
1196	-10.751	2.221	13.605
1260	-10.751	2.221	5.710
1277	-10.751	2.221	11.441
1077	-10.749	2.221	11.973
1163	-10.661	0.113	7.237
1316	-10.661	0.113	4.722
1190	-10.661	2.018	4.892
1302	-10.659	2.018	4.731
1062	-10.658	2.018	4.894
1264	-10.654	0.115	0.003
1112	-10.653	2.018	0.009
1274	-10.607	2.014	0.011
1233	-10.607	2.015	4.895
1211	-10.607	2.015	0.017
1212	-10.607	2.015	5.320
1084	-10.605	2.015	15.718
1065	-10.604	2.015	5.318
1124	-10.600	2.015	5.317
1089	-10.600	2.015	4.374
1109	-10.600	2.015	0.047
1134	-10.600	2.015	4.372
1244	-10.594	2.016	7.098
1156	-10.592	2.016	4.894
1301	-10.591	2.016	4.894
1299	-10.591	2.016	3.285
1203	-10.588	2.011	5.332
1250	-10.587	2.011	5.325
1259	-10.587	2.011	2.136
1054	-10.584	2.011	2.185
1281	-10.584	2.011	17.945
1068	-10.583	2.011	14.177
1102	-10.580	2.011	2.696
1235	-10.574	2.011	4.080
1265	-10.559	2.023	4.478
1104	-10.544	2.021	4.477
1319	-10.497	2.018	15.823
1101	-10.342	2.991	4.731
1105	-10.342	2.991	4.894
1140	-10.337	2.992	5.156
1307	-10.337	2.990	0.000
1309	-10.337	2.990	0.011
1131	-10.337	2.992	4.895
1208	-10.336	2.990	0.017
1232	-10.336	2.990	5.320
1248	-10.336	2.990	15.718
1249	-10.336	2.990	5.318
1070	-10.336	2.990	5.317
1300	-10.336	2.990	5.321
1304	-10.336	2.990	15.711
1276	-10.332	2.991	4.372
1061	-10.331	2.991	7.098
1078	-10.330	2.991	4.894
1231	-10.329	2.991	5.332
1256	-10.329	2.991	5.325
1111	-10.281	3.061	4.937
1119	-10.281	3.061	5.187
1076	-10.275	3.060	4.934
1295	-10.275	3.061	3.567
1097	-10.266	3.062	4.946
1098	-10.266	3.062	5.450
1151	-10.265	3.061	2.935
1129	-10.265	3.062	2.936
1169	-10.264	3.063	3.060
1072	-10.263	3.058	3.443
1074	-10.263	3.061	3.443
1222	-10.263	3.061	3.443
1139	-10.262	3.029	2.972
1240	-10.262	3.061	3.444
1165	-10.262	3.061	3.660
1183	-10.262	3.061	4.226
1185	-10.262	3.061	2.972
1186	-10.262	3.061	4.236
1088	-10.260	3.060	2.812
1136	-10.260	3.060	2.812
1294	-10.257	3.052	13.865
1170	-10.257	3.052	4.266
1181	-10.257	3.052	9.242
1200	-10.256	3.052	8.201
1258	-10.256	3.059	8.202
1323	-10.256	3.060	8.202
1066	-10.239	3.049	13.798
1091	-10.236	3.059	16.330
1114	-10.236	3.059	6.133
1117	-10.236	3.058	13.796
1123	-10.236	3.058	4.490
1125	-10.236	3.059	8.214
1126	-10.236	3.058	8.214
1146	-10.235	3.059	13.795
1147	-10.235	3.059	13.795
1210	-10.233	3.058	6.166
1152	-10.233	3.057	8.912
1293	-10.232	3.058	6.133
1261	-10.232	3.058	6.134
1191	-10.232	3.058	6.133
1199	-10.232	3.058	15.780
1182	-10.230	3.058	4.500
1201	-10.230	3.058	15.887
1308	-10.230	3.058	5.200
1314	-10.220	3.000	6.182
1063	-10.218	3.002	5.188
1234	-10.216	3.002	13.973
1279	-10.213	3.059	10.108
1055	-10.209	3.043	16.913
1290	-10.209	3.043	11.444
1291	-10.209	3.043	11.450
1057	-10.208	3.042	11.973
1058	-10.208	3.042	13.614
1067	-10.208	3.042	11.986
1080	-10.156	2.878	7.237
1056	-10.151	3.062	4.722
1325	-10.138	2.277	4.892
1312	-10.120	2.276	15.718
1251	-10.118	3.059	5.317
1239	-10.063	3.078	14.219
1269	-9.996	2.020	3.060
1215	-9.991	2.018	3.443
1132	-9.988	2.019	3.443
1133	-9.988	2.019	2.974
1285	-9.937	2.024	9.242
1115	-9.934	3.078	8.202
1141	-9.930	3.080	8.202
1223	-9.923	3.070	5.639
1178	-9.920	3.079	13.798
1255	-9.916	3.071	16.330
1116	-9.901	3.076	4.490
1270	-9.891	3.076	13.795
1460	-9.885	3.076	8.912
1288	-9.875	3.062	6.133
1318	-9.871	2.018	6.134
1317	-9.552	2.650	3.309
1216	-9.484	1.670	17.693
1122	-9.232	2.887	5.690
1229	-9.221	2.888	5.689
1120	-9.189	2.887	12.449
1174	-9.164	2.885	4.948
1158	-9.162	2.887	4.314
1085	-9.162	2.887	4.314
1160	-9.162	2.888	20.196
1171	-9.162	2.887	19.637
1313	-9.162	2.887	4.938
1155	-9.161	2.887	4.688
1079	-9.145	3.092	4.565
1135	-9.126	3.097	4.055
1113	-9.126	3.096	21.809
1095	-9.124	3.096	2.757
1096	-9.124	3.096	3.809
1064	-9.123	3.095	18.807
1205	-9.123	3.095	2.188
1272	-9.123	3.095	2.737
1278	-9.122	3.101	2.738
1069	-9.078	2.589	3.978
1282	-9.078	2.589	2.271
1286	-9.022	3.017	3.444
1322	-8.956	3.021	4.239
1298	-8.955	3.022	2.976
1184	-8.953	3.022	3.153
1310	-8.953	3.022	3.152
1228	-8.927	3.290	4.236
1176	-8.926	3.290	13.867
1108	-8.921	3.290	8.202
1144	-8.920	3.290	8.202
1075	-8.917	2.757	4.507
1083	-8.917	2.757	6.077
1092	-8.917	2.757	5.634
1093	-8.917	2.756	13.800
1094	-8.917	2.756	16.336
1154	-8.912	3.291	6.134
1202	-8.883	2.757	6.128
1161	-8.883	2.756	15.787
1180	-8.883	2.756	4.499
1194	-8.883	2.757	15.894
1238	-8.883	2.756	5.195
1127	-8.882	2.756	5.936
1230	-8.821	2.816	11.446
1253	-8.786	2.330	5.312
1103	-8.722	2.933	4.915
1137	-8.699	1.710	2.938
1241	-8.697	1.709	2.936
1164	-8.696	1.709	2.937
1142	-8.658	2.772	3.152
1153	-8.620	2.777	8.214
1149	-8.615	3.189	8.214
1175	-8.441	3.295	4.472
1320	-8.413	3.675	5.640
1157	-8.381	2.689	3.466
1193	-8.381	2.689	5.605
1195	-8.381	2.690	7.046
1167	-8.381	2.689	5.544
1221	-8.381	2.689	4.915
1145	-8.362	2.689	8.005
1159	-8.362	2.688	7.051
1213	-8.362	2.688	7.049
1227	-8.362	2.688	7.050
1245	-8.296	2.685	7.659
1162	-8.275	2.685	18.091
1224	-8.275	2.686	18.752
1280	-8.256	3.355	5.855
1173	-8.243	3.358	1.494
