1662	-6.675	0.000	18.894
1663	-6.675	0.000	11.096
1664	-6.675	0.000	18.964
1667	-6.675	0.000	18.896
1670	-6.675	0.000	18.097
1671	-6.675	0.000	23.694
1676	-6.675	0.000	23.694
1677	-6.675	0.000	11.109
1678	-6.675	0.000	11.195
1679	-6.675	0.000	9.359
1680	-6.675	0.000	19.882
1681	-6.675	0.000	19.884
1682	-6.675	0.000	9.366
1683	-6.675	0.000	18.821
1686	-6.675	0.000	9.359
1691	-6.675	0.000	9.359
1692	-6.675	0.000	18.822
1696	-6.675	0.000	3.825
1697	-6.675	0.000	3.825
1698	-6.675	0.000	19.806
1701	-6.675	0.000	3.823
1703	-6.675	0.000	2.236
1704	-6.675	0.000	2.235
1706	-6.675	0.000	3.028
1713	-6.675	0.000	3.054
1716	-6.675	0.000	2.226
1718	-6.675	0.000	3.036
1719	-6.675	0.000	3.035
1729	-6.675	0.000	3.961
1730	-6.675	0.000	4.754
1731	-6.675	0.000	19.934
1732	-6.675	0.000	4.769
1733	-6.675	0.000	2.680
1740	-6.675	0.000	10.576
1742	-6.675	0.000	18.427
1743	-6.675	0.000	3.584
1744	-6.675	0.000	18.276
1745	-6.675	0.000	18.620
1747	-6.675	0.000	2.440
1750	-6.675	0.000	14.086
1752	-6.675	0.000	14.083
1755	-6.675	0.000	14.083
1756	-6.675	0.000	14.087
1757	-6.675	0.000	14.083
1759	-6.675	0.000	14.084
1764	-6.675	0.000	15.183
1767	-6.675	0.000	19.133
1768	-6.675	0.000	19.116
1769	-6.675	0.000	14.089
1669	-6.576	2.440	19.130
1668	-6.568	0.459	22.954
1674	-6.568	0.459	19.129
1675	-6.568	0.459	15.184
1684	-6.568	0.459	19.125
1685	-6.568	0.459	19.129
1688	-6.568	0.459	18.471
1689	-6.568	0.459	23.039
1707	-6.568	0.459	18.468
1708	-6.568	0.459	18.860
1709	-6.568	0.459	16.648
1727	-6.568	0.459	15.333
1661	-6.506	0.656	9.875
1665	-6.506	0.656	17.460
1666	-6.506	0.656	17.440
1672	-6.506	0.656	0.668
1673	-6.506	0.656	0.666
1687	-6.506	0.656	17.454
1690	-6.506	0.656	17.453
1693	-6.506	0.656	13.860
1694	-6.506	0.656	0.155
1695	-6.506	0.656	2.484
1699	-6.506	0.656	14.491
1700	-6.506	0.656	2.360
1702	-6.506	0.656	14.789
1705	-6.506	0.656	10.037
1710	-6.506	0.656	18.918
1711	-6.506	0.656	18.930
1712	-6.506	0.656	17.298
1714	-6.506	0.656	18.134
1715	-6.506	0.656	18.157
1717	-6.506	0.656	15.565
1720	-6.506	0.656	16.917
1721	-6.506	0.656	18.631
1722	-6.506	0.656	18.979
1723	-6.506	0.656	18.946
1724	-6.506	0.656	18.949
1725	-6.506	0.656	19.196
1726	-6.506	0.656	18.945
1728	-6.506	0.656	19.201
1734	-6.506	0.656	18.493
1735	-6.506	0.656	19.449
1736	-6.506	0.656	11.473
1737	-6.506	0.656	11.475
1738	-6.506	0.656	11.475
1739	-6.506	0.656	11.474
1741	-6.506	0.656	10.932
1746	-6.506	0.656	11.420
1748	-6.506	0.656	11.420
1749	-6.506	0.656	15.161
1751	-6.506	0.656	15.161
1753	-6.506	0.656	11.418
1754	-6.506	0.656	15.161
1758	-6.506	0.656	15.161
1760	-6.506	0.656	10.656
1761	-6.506	0.656	10.653
1762	-6.506	0.656	15.165
1763	-6.506	0.656	15.153
1765	-6.506	0.656	15.288
1766	-6.506	0.656	15.291
