1013	-6.798	0.000	1.949
1016	-6.798	0.000	1.949
1017	-6.798	0.000	22.360
1019	-6.798	0.000	22.355
1022	-6.798	0.000	7.094
1182	-6.798	0.001	7.094
1208	-6.798	0.001	7.095
1046	-6.793	0.003	10.757
1101	-6.793	0.003	11.182
1102	-6.793	0.003	11.378
1012	-6.787	0.004	17.997
1037	-6.787	0.004	18.906
1805	-6.777	0.025	17.996
1832	-6.777	0.025	18.489
1845	-6.777	0.025	1.610
1834	-6.770	0.018	1.610
1840	-6.770	0.019	11.296
1778	-6.769	0.019	11.349
1848	-6.705	0.011	9.363
1849	-6.705	0.011	18.971
1852	-6.705	0.011	11.265
1853	-6.705	0.011	18.086
1866	-6.705	0.011	18.894
1772	-6.454	3.327	1.949
1773	-6.454	3.327	1.949
1777	-6.454	3.327	22.360
1779	-6.454	3.327	22.355
1786	-6.454	3.327	7.094
1787	-6.454	3.327	7.094
1817	-6.454	3.327	7.095
1862	-6.454	3.327	10.757
1863	-6.454	3.327	11.183
1770	-6.451	3.327	11.378
1794	-6.335	3.240	17.996
1828	-6.335	3.240	1.609
1829	-6.335	3.240	17.996
1841	-6.335	3.240	18.489
1870	-6.335	3.240	1.610
1861	-6.310	2.807	1.610
1800	-6.310	2.804	11.296
1865	-6.300	3.219	11.349
1784	-6.292	3.385	8.652
1785	-6.292	3.385	11.284
1811	-6.292	3.385	18.097
1844	-6.292	3.385	9.363
1860	-6.292	3.385	18.971
1833	-6.183	3.345	3.823
1835	-6.183	3.345	2.236
1856	-6.183	3.345	2.235
1857	-6.183	3.345	3.028
1771	-6.167	3.340	3.055
1774	-6.167	3.340	2.226
1781	-6.167	3.340	3.036
1782	-6.167	3.340	3.035
1783	-6.167	3.340	3.961
1788	-6.167	3.340	4.754
1789	-6.167	3.340	19.934
1790	-6.167	3.340	4.769
1791	-6.167	3.340	2.680
1792	-6.167	3.340	10.576
1793	-6.167	3.340	18.427
1795	-6.167	3.340	3.584
1796	-6.167	3.340	18.276
1797	-6.167	3.340	18.620
1798	-6.167	3.340	2.440
1810	-6.167	3.340	14.086
1813	-6.167	3.340	14.083
1814	-6.167	3.340	14.083
1815	-6.167	3.340	14.087
1816	-6.167	3.340	14.084
1820	-6.167	3.340	14.084
1830	-6.167	3.340	15.183
1831	-6.167	3.340	19.134
1836	-6.167	3.340	19.116
1842	-6.167	3.340	14.089
1843	-6.167	3.340	19.130
1846	-6.167	3.340	19.130
1847	-6.167	3.340	22.954
1850	-6.167	3.340	19.129
1851	-6.167	3.340	15.184
1855	-6.167	3.340	19.125
1859	-6.167	3.340	19.129
1864	-6.167	3.340	18.471
1867	-6.167	3.340	23.039
1868	-6.167	3.340	18.468
1869	-6.167	3.340	18.860
1871	-6.167	3.340	16.648
1780	-6.149	3.278	14.492
1812	-6.149	3.278	2.360
1818	-6.149	3.278	14.789
1819	-6.149	3.278	10.037
1799	-6.148	3.276	18.918
1801	-6.148	3.276	18.930
1802	-6.148	3.276	17.298
1803	-6.148	3.276	18.134
1804	-6.148	3.276	18.157
1806	-6.148	3.276	15.565
1807	-6.148	3.276	16.917
1808	-6.148	3.276	18.632
1809	-6.148	3.276	18.979
1821	-6.148	3.276	18.946
1822	-6.148	3.276	18.950
1823	-6.148	3.276	19.196
1824	-6.148	3.276	18.945
1825	-6.148	3.276	19.201
1826	-6.148	3.276	18.493
1827	-6.148	3.276	19.449
1837	-6.148	3.276	11.472
1838	-6.148	3.276	11.474
1839	-6.148	3.276	11.474
1854	-6.148	3.275	11.473
1858	-5.787	1.094	19.086
