1248	-12.929	0.000	21.622
1210	-12.706	0.023	1.611
803	-12.688	0.006	12.109
712	-12.546	0.012	1.565
808	-12.482	0.019	3.428
904	-12.482	0.019	3.426
1292	-12.298	3.045	2.908
1278	-12.294	3.036	4.951
1283	-12.294	3.036	2.856
871	-12.242	0.006	4.952
897	-12.242	0.006	4.424
901	-12.242	0.006	2.850
926	-12.242	0.006	4.437
882	-12.242	0.006	2.858
900	-12.242	0.006	2.914
874	-12.214	3.037	2.859
905	-12.214	3.037	4.955
801	-12.205	3.036	2.845
1202	-12.187	3.036	2.846
1224	-12.187	3.036	2.315
1242	-12.178	3.036	2.712
1185	-12.165	3.037	2.714
1172	-12.164	3.037	1.665
1174	-12.163	3.037	5.414
1176	-12.163	3.037	5.409
1302	-11.924	3.068	3.372
1307	-11.708	3.309	6.382
1301	-11.701	3.309	6.383
1219	-11.609	3.309	0.039
1220	-11.609	3.309	0.037
1205	-11.608	3.309	0.037
1192	-11.586	3.309	0.035
1291	-11.257	3.421	17.346
1306	-11.254	3.421	17.343
1297	-11.253	3.421	17.346
1276	-11.243	3.421	17.345
1204	-11.176	3.422	17.344
1212	-11.055	3.435	6.053
1196	-11.054	3.435	6.053
1200	-11.054	3.435	6.053
1201	-11.054	3.435	6.053
1225	-11.054	3.435	6.053
1287	-11.013	3.806	6.737
1238	-11.000	3.434	6.464
1286	-10.662	3.467	0.036
1295	-10.661	3.467	0.001
1304	-10.659	3.466	0.000
1256	-7.071	2.260	17.341
1258	-7.071	2.260	17.346
1274	-7.066	2.261	17.346
1275	-7.066	2.261	17.346
1217	-7.056	2.262	17.344
887	-6.515	2.473	6.053
1260	-6.488	2.476	6.053
1264	-6.488	2.476	6.053
1294	-6.486	2.476	6.053
1271	-6.485	2.476	6.053
1273	-6.485	2.476	6.739
898	-6.404	2.482	6.468
851	-6.400	2.482	10.195
1169	-6.395	2.481	10.193
1175	-6.394	2.481	6.696
1191	-6.394	2.481	21.713
1243	-6.033	3.884	5.084
1203	-5.931	3.891	5.086
1209	-5.931	3.890	5.085
1308	-5.906	3.890	1.460
1303	-5.904	3.890	1.464
1288	-5.903	3.890	2.335
