748	-17.277	0.000	8.138
872	-17.217	0.002	8.139
847	-16.000	1.413	7.927
795	-15.879	1.412	6.824
799	-15.879	1.412	6.815
747	-15.878	1.412	6.814
768	-15.876	1.412	7.857
771	-15.874	1.412	5.943
737	-15.872	1.412	5.945
789	-15.872	1.412	5.944
746	-15.789	1.413	5.973
761	-15.789	1.413	5.869
775	-15.789	1.413	5.985
793	-15.789	1.413	5.986
820	-15.789	1.413	5.978
763	-15.783	0.099	8.597
830	-15.782	0.097	5.730
898	-15.778	1.412	2.580
970	-15.777	1.412	8.772
1029	-15.777	1.412	2.581
973	-15.777	1.412	2.493
919	-15.728	0.098	2.494
921	-15.727	0.098	2.494
925	-15.727	0.098	2.473
930	-15.727	0.098	2.495
931	-15.727	0.098	9.297
998	-15.727	0.098	2.551
1012	-15.726	0.099	2.477
968	-15.724	0.100	2.386
974	-15.694	1.413	6.273
856	-15.662	1.411	2.546
949	-15.567	1.411	8.182
787	-14.630	1.886	13.987
774	-14.630	1.887	12.818
749	-14.629	1.886	2.312
716	-14.626	1.886	12.659
997	-14.580	1.886	14.080
713	-14.351	3.689	14.464
714	-14.351	3.689	14.464
715	-14.351	3.689	4.424
758	-14.351	3.689	5.933
776	-14.351	3.689	14.499
786	-14.351	3.689	4.433
788	-14.351	3.689	2.253
805	-14.351	3.689	4.419
816	-14.351	3.689	13.389
794	-14.351	3.689	8.532
886	-14.346	3.689	7.601
890	-14.346	3.689	7.601
895	-14.346	3.689	7.602
957	-14.346	3.689	7.602
960	-14.346	3.689	7.600
972	-14.346	3.689	4.815
1045	-14.346	3.689	8.882
798	-14.340	1.831	6.812
817	-14.307	3.685	8.786
855	-14.307	3.685	7.417
975	-14.302	3.685	7.375
1027	-14.302	3.685	6.526
1061	-14.302	3.685	1.321
740	-14.291	3.685	6.518
807	-14.249	1.894	6.460
712	-14.245	1.894	15.582
719	-14.245	1.894	1.312
722	-14.245	1.894	0.052
730	-14.204	1.836	7.410
711	-14.200	1.836	4.161
884	-14.199	1.895	4.162
914	-14.199	1.895	4.546
735	-14.090	1.899	12.753
750	-14.090	1.899	6.737
760	-14.090	1.899	8.435
770	-14.090	1.899	7.778
773	-14.090	1.899	6.642
783	-14.090	1.899	6.622
844	-14.090	1.899	4.081
852	-14.090	1.899	5.088
723	-14.085	1.899	6.898
792	-13.977	3.692	6.821
881	-13.790	3.697	8.462
777	-13.552	3.683	8.611
846	-13.425	3.605	11.429
1038	-13.339	0.254	18.088
1008	-13.318	0.247	14.464
765	-12.996	0.298	4.419
854	-12.742	0.335	16.258
812	-12.604	2.910	0.096
833	-12.355	2.578	10.772
835	-12.302	2.573	12.751
868	-12.259	2.574	4.647
871	-11.910	3.328	9.914
885	-11.910	3.328	5.694
891	-11.910	3.328	9.942
905	-11.910	3.328	9.921
918	-11.910	3.328	12.238
929	-11.910	3.328	13.986
937	-11.910	3.328	6.632
938	-11.910	3.328	7.396
953	-11.910	3.328	14.079
901	-11.910	3.328	8.310
727	-11.908	3.328	14.142
742	-11.907	3.328	14.082
755	-11.907	3.328	11.428
757	-11.907	3.328	4.387
900	-11.874	3.328	8.175
882	-11.856	3.330	2.113
887	-11.856	3.330	4.418
889	-11.856	3.330	12.693
908	-11.856	3.330	5.927
1037	-11.856	3.330	2.560
861	-11.856	3.330	7.599
865	-11.856	3.330	7.600
902	-11.856	3.330	7.600
980	-11.856	3.330	7.605
1006	-11.856	3.330	8.140
1056	-11.856	3.330	8.883
762	-11.854	3.330	4.300
778	-11.854	3.330	8.059
779	-11.854	3.330	7.415
797	-11.854	3.330	6.524
738	-11.853	3.330	6.524
753	-11.853	3.330	6.516
772	-11.853	3.330	6.516
790	-11.853	3.330	6.516
791	-11.853	3.330	6.506
804	-11.853	3.330	6.467
811	-11.853	3.330	1.295
814	-11.853	3.330	4.277
818	-11.853	3.330	0.053
825	-11.853	3.330	16.260
836	-11.853	3.330	0.000
839	-11.853	3.330	16.265
744	-11.833	3.332	1.193
869	-11.820	3.331	7.922
851	-11.817	3.331	7.940
935	-11.799	3.332	4.162
892	-11.799	3.332	11.462
751	-11.796	3.332	4.551
752	-11.796	3.332	15.760
873	-11.488	3.217	1.319
939	-11.477	3.221	4.258
877	-11.406	2.528	7.943
947	-11.381	2.528	4.160
857	-11.207	3.671	2.382
1036	-11.142	3.671	7.396
966	-11.142	3.671	2.312
1005	-11.141	3.671	14.071
733	-11.137	3.671	2.463
845	-11.137	3.671	11.427
785	-11.137	3.671	12.670
809	-11.137	3.671	12.680
815	-11.137	3.671	4.385
718	-11.131	3.670	6.576
717	-11.067	3.644	4.165
781	-10.935	3.683	6.811
720	-10.935	3.683	6.820
726	-10.935	3.683	6.821
910	-10.933	3.683	6.820
954	-10.933	3.683	6.822
894	-10.933	3.683	8.137
883	-10.921	3.219	5.942
729	-10.920	3.218	5.941
745	-10.920	3.219	5.941
766	-10.920	3.218	5.970
759	-10.874	3.690	2.490
1054	-10.871	3.690	2.491
710	-10.846	3.693	2.492
724	-10.832	3.240	2.474
796	-10.651	3.032	8.192
800	-10.651	3.032	8.151
831	-10.651	3.032	8.996
860	-10.651	3.032	7.413
848	-10.651	3.032	7.368
896	-10.650	3.033	6.514
903	-10.650	3.033	7.619
927	-10.604	3.037	0.001
1009	-10.604	3.036	16.262
1060	-10.586	3.039	12.777
843	-10.272	3.720	4.161
827	-10.085	3.445	5.986
942	-9.851	3.029	3.950
946	-9.851	3.029	4.614
780	-9.842	2.005	5.509
866	-9.837	2.006	6.810
867	-9.691	1.974	4.422
979	-9.426	3.702	5.967
1067	-9.426	3.705	6.810
1052	-9.426	3.704	6.810
1024	-9.426	3.704	6.810
1016	-9.425	3.704	6.820
1055	-9.424	3.707	6.820
912	-9.423	3.704	6.823
734	-9.423	3.701	8.136
936	-9.418	3.701	6.822
853	-9.400	3.702	5.941
971	-9.275	3.446	5.688
741	-9.241	3.764	4.292
982	-9.240	3.757	4.298
858	-9.239	3.728	7.418
958	-9.239	3.760	6.522
1015	-9.238	3.587	6.522
803	-9.237	3.755	6.514
826	-9.237	3.751	6.514
840	-9.237	3.763	6.514
1042	-9.233	3.747	1.319
739	-9.231	3.744	0.050
837	-9.231	3.744	0.051
842	-9.231	3.745	0.005
838	-9.231	3.746	0.091
819	-9.231	3.747	16.262
897	-9.230	3.767	0.094
756	-9.230	3.747	8.788
1002	-9.224	3.758	4.159
1071	-9.223	3.437	4.161
924	-9.217	3.745	0.610
969	-9.217	3.744	0.617
916	-9.216	3.756	0.553
959	-9.213	3.952	1.293
736	-9.211	3.741	1.378
1030	-9.211	3.756	1.853
863	-9.211	3.955	12.775
823	-9.210	3.749	1.978
951	-9.208	3.722	5.753
813	-9.206	3.744	3.927
981	-9.205	3.587	4.029
1039	-9.205	3.587	8.725
955	-9.171	3.586	5.965
961	-9.171	3.586	6.799
1017	-9.171	3.586	6.798
932	-9.171	3.586	6.798
944	-9.034	3.460	5.958
876	-8.848	3.545	2.580
879	-8.772	3.646	14.078
1069	-8.613	3.734	10.249
1026	-8.612	3.735	10.239
977	-8.612	3.735	10.239
1023	-8.611	3.735	10.240
996	-8.607	3.736	9.045
911	-8.605	3.737	8.833
841	-8.596	3.728	8.833
808	-8.573	3.585	10.114
926	-8.566	3.746	9.052
915	-8.542	3.753	12.734
728	-8.527	3.732	11.390
1003	-8.499	3.741	11.409
764	-8.492	3.742	8.156
784	-8.468	3.749	16.297
986	-8.367	2.272	16.994
