1267	-11.499	0.000	5.131
1276	-11.499	0.000	5.124
1277	-11.499	0.000	5.124
1244	-11.446	0.003	18.839
1397	-11.226	1.389	15.101
1274	-10.645	0.138	5.231
1275	-10.645	0.138	5.232
1270	-10.642	0.139	5.222
1271	-10.642	0.139	5.267
1281	-10.588	0.153	7.157
1403	-10.584	0.154	7.433
1231	-10.484	0.137	15.590
1328	-10.468	0.139	5.871
1241	-10.303	0.243	2.673
1280	-10.291	1.397	11.806
1309	-9.548	1.645	11.818
1308	-8.203	1.532	9.810
1278	-8.153	1.604	6.520
1251	-8.152	1.604	10.006
1252	-8.152	1.604	8.043
1257	-8.151	1.604	9.190
1339	-8.135	1.626	18.745
1372	-8.133	1.626	19.191
1383	-8.010	2.015	10.402
