498	-10.701	0.000	3.424
165	-10.700	0.001	5.282
233	-10.689	0.002	16.817
566	-10.669	0.002	5.279
346	-10.662	0.007	19.133
258	-10.638	0.014	7.500
295	-10.638	0.811	7.500
521	-10.603	0.007	7.501
126	-10.602	0.006	7.501
512	-10.597	0.006	7.500
519	-10.597	0.006	7.219
354	-10.594	0.006	6.770
269	-10.589	0.006	7.701
496	-10.587	0.006	7.147
621	-10.582	0.810	7.427
154	-10.548	0.008	20.196
520	-10.539	0.026	7.122
116	-10.535	0.025	20.987
305	-10.532	0.038	6.625
282	-10.528	0.038	20.966
382	-10.525	0.006	9.484
397	-10.523	0.006	9.687
390	-10.522	0.006	12.334
186	-10.519	0.809	6.703
393	-10.502	0.007	6.600
251	-10.498	0.804	2.088
196	-10.490	0.009	9.115
794	-10.487	0.016	1.885
188	-10.478	0.040	15.599
185	-10.477	0.040	6.006
619	-10.450	0.805	7.002
575	-10.448	0.804	17.464
787	-10.419	0.021	4.360
751	-10.390	0.048	0.000
658	-10.379	0.022	2.681
659	-10.379	0.022	5.481
641	-10.376	0.017	6.009
738	-10.319	0.020	5.874
812	-10.206	0.021	12.536
1109	-10.165	0.004	12.536
1111	-10.165	0.004	12.275
526	-8.748	1.002	8.563
100	-8.542	0.998	17.380
1140	-7.618	3.701	13.597
452	-6.474	1.287	5.371
246	-6.419	1.285	8.784
45	-6.362	1.279	4.970
417	-6.273	1.602	10.139
439	-6.258	1.590	4.912
431	-6.256	1.049	4.552
343	-6.252	1.590	9.694
1118	-6.012	2.037	4.054
285	-5.130	3.679	4.984
