579	-17.174	0.000	9.141
801	-17.172	0.000	9.142
732	-17.129	0.002	10.475
819	-17.081	0.002	10.475
929	-17.069	0.004	10.475
977	-17.069	0.004	10.475
998	-17.069	0.004	8.966
936	-17.068	0.004	10.273
601	-16.841	1.270	10.273
827	-16.810	1.268	10.273
871	-16.797	2.358	10.273
954	-16.796	2.358	8.953
984	-16.796	2.358	10.227
892	-16.772	1.268	10.479
993	-16.772	1.268	7.262
1006	-16.772	1.268	7.261
831	-16.769	1.268	9.114
1019	-16.716	2.357	8.206
836	-16.681	0.024	8.205
861	-16.587	0.032	8.957
843	-16.527	0.034	3.942
848	-16.527	0.034	3.942
910	-16.505	1.262	3.942
987	-16.505	1.262	3.942
900	-16.504	1.262	3.939
974	-16.503	1.262	6.174
828	-16.413	1.260	6.171
912	-16.405	1.262	3.931
978	-16.405	1.262	5.843
875	-16.405	1.262	4.257
926	-16.405	1.262	7.738
937	-16.405	1.262	5.477
1007	-16.405	1.262	3.897
1018	-16.405	1.262	4.251
858	-16.404	1.262	5.776
952	-16.404	1.262	5.939
963	-16.404	1.262	12.111
903	-16.403	1.262	14.419
898	-16.375	1.260	16.736
931	-16.375	1.260	14.965
966	-16.375	1.260	5.922
835	-16.371	1.260	1.572
853	-16.188	2.612	16.842
829	-16.141	2.608	13.366
908	-16.131	2.610	13.367
940	-16.129	2.630	14.747
967	-16.127	2.610	14.748
1015	-16.126	2.609	1.575
934	-16.125	2.609	5.791
916	-16.056	2.954	17.355
865	-16.056	2.954	1.556
896	-16.056	2.954	4.214
928	-16.056	2.954	4.518
949	-16.056	2.954	5.058
969	-16.056	2.954	1.563
975	-16.056	2.954	1.563
979	-16.056	2.954	8.011
953	-15.967	2.600	5.347
864	-15.918	2.953	5.965
1009	-15.909	2.598	5.917
884	-15.909	2.598	4.146
893	-15.909	2.598	9.873
918	-15.909	2.598	10.327
991	-15.873	2.291	5.130
1008	-15.843	3.200	5.125
985	-15.842	3.200	5.124
941	-15.842	3.200	5.116
992	-15.842	3.200	4.451
919	-15.810	3.200	18.041
961	-15.738	2.598	18.842
824	-15.306	3.090	7.360
846	-15.303	3.090	2.768
847	-15.303	3.090	0.021
860	-15.303	3.090	7.757
897	-15.303	3.090	1.022
901	-15.303	3.090	6.352
917	-15.303	3.090	7.197
981	-15.303	3.090	6.021
855	-15.303	3.090	4.353
832	-15.298	3.090	5.728
834	-15.298	3.090	6.167
837	-15.298	3.090	6.893
921	-15.286	3.096	7.230
1010	-15.172	3.090	5.973
964	-15.171	3.090	9.130
906	-15.110	1.222	9.131
894	-15.018	1.223	9.131
1022	-14.693	1.332	8.202
890	-14.059	2.669	3.544
904	-14.058	2.669	3.261
823	-13.929	1.147	9.948
868	-13.892	1.150	5.131
826	-13.730	1.139	5.130
899	-13.688	1.141	5.124
915	-13.688	1.141	5.124
637	-13.677	1.872	9.718
844	-13.531	1.954	7.039
437	-13.526	0.180	4.203
784	-13.522	0.177	10.312
833	-13.522	1.953	5.417
874	-13.502	1.140	5.404
880	-13.502	1.140	6.908
557	-13.457	1.378	6.910
882	-13.329	3.249	4.008
878	-13.329	3.249	3.991
891	-13.329	3.249	4.348
946	-13.328	3.249	4.681
849	-13.286	1.932	15.100
881	-13.286	1.932	2.744
830	-13.278	1.932	4.967
664	-12.291	1.236	10.477
815	-11.808	0.187	17.350
696	-11.295	3.764	3.918
205	-11.292	3.765	18.308
86	-11.292	3.764	13.360
570	-11.291	3.763	13.369
613	-11.282	3.764	4.215
331	-11.090	3.888	4.905
168	-11.082	3.888	4.363
322	-11.082	3.884	4.361
348	-11.081	3.884	4.358
107	-11.081	3.884	2.145
503	-11.080	3.888	3.799
776	-11.080	3.884	5.722
772	-11.079	3.884	4.495
162	-11.074	3.884	5.207
446	-11.070	3.884	7.719
780	-11.067	3.881	6.448
261	-11.048	3.888	7.237
18	-11.044	3.883	5.493
757	-11.025	3.873	11.807
817	-10.800	3.900	7.417
804	-10.789	3.896	4.779
70	-10.782	3.906	7.418
75	-10.781	3.906	7.418
805	-10.766	3.892	7.432
551	-10.762	3.901	7.417
792	-10.761	3.899	7.674
726	-10.754	3.902	7.417
813	-10.720	3.894	6.727
845	-10.040	2.801	9.841
948	-10.040	2.801	8.752
909	-9.787	2.916	5.231
956	-9.787	2.916	7.672
1016	-9.712	2.425	3.417
888	-9.675	2.427	2.088
902	-9.675	2.427	9.180
943	-9.675	2.427	9.180
986	-9.643	2.426	6.006
944	-9.642	2.426	5.872
947	-9.642	2.426	7.003
950	-9.642	2.426	7.003
972	-9.642	2.426	17.465
1012	-9.642	2.426	4.402
1004	-9.588	2.428	7.368
911	-9.588	2.428	6.010
990	-9.588	2.428	4.119
999	-9.588	2.428	6.726
1002	-9.588	2.428	6.022
970	-9.587	2.428	4.110
1014	-9.565	2.899	11.818
859	-9.525	2.532	11.773
895	-9.525	2.532	12.536
863	-9.524	2.532	12.536
673	-9.378	2.728	9.059
561	-9.377	2.727	8.942
736	-9.376	2.728	7.399
907	-9.373	2.727	8.881
924	-9.372	2.727	6.727
935	-9.372	2.727	14.378
925	-9.329	3.378	7.500
862	-9.328	3.378	7.503
1005	-9.327	3.378	2.677
873	-9.301	3.380	9.179
997	-9.301	3.380	9.180
877	-9.287	3.380	16.320
887	-9.287	3.380	9.379
913	-9.287	3.380	20.670
951	-9.287	3.380	6.373
959	-9.287	3.380	5.549
1000	-9.287	3.380	1.498
1011	-9.286	3.380	6.933
939	-9.282	2.348	8.518
942	-9.281	2.348	6.006
980	-9.225	3.129	12.536
989	-9.225	3.129	12.536
885	-9.225	3.129	11.771
803	-9.142	2.991	16.734
689	-9.142	2.990	18.641
793	-9.142	2.990	7.245
651	-9.140	2.990	6.975
814	-9.138	2.990	17.193
630	-9.135	2.990	18.741
708	-9.134	2.997	18.752
564	-9.123	2.990	16.817
719	-9.100	1.051	3.404
225	-9.098	1.051	8.932
749	-9.097	1.052	19.196
47	-9.064	3.021	5.221
55	-9.064	3.021	7.672
589	-9.062	3.025	7.528
392	-9.057	3.021	5.234
586	-9.055	3.021	5.236
524	-9.053	3.021	5.455
798	-8.977	2.905	7.427
674	-8.976	2.905	7.426
678	-8.976	2.905	7.419
691	-8.976	2.905	7.145
655	-8.975	2.905	20.195
612	-8.957	2.905	6.624
536	-8.956	2.904	6.625
558	-8.956	2.904	6.641
605	-8.956	2.904	6.603
788	-8.877	2.970	6.624
742	-8.873	2.970	6.940
771	-8.866	2.967	6.006
644	-8.864	2.967	5.871
759	-8.862	2.967	3.855
716	-8.839	2.966	3.742
718	-8.839	2.966	3.829
494	-8.823	2.967	11.805
457	-8.823	2.967	11.817
490	-8.822	2.966	11.817
825	-8.601	2.580	9.058
850	-8.599	2.579	7.416
852	-8.599	2.579	8.945
856	-8.599	2.579	14.364
957	-8.599	2.579	6.727
922	-8.584	3.315	9.491
602	-8.571	3.040	16.735
807	-8.408	3.064	7.431
795	-8.395	3.060	9.426
761	-8.389	2.891	6.641
841	-8.388	3.669	20.969
842	-8.388	3.669	6.787
866	-8.388	3.669	6.689
869	-8.388	3.669	12.333
752	-8.387	2.887	6.702
770	-8.387	2.887	9.060
839	-8.387	3.669	12.514
142	-8.364	2.888	1.493
438	-8.342	2.887	7.002
502	-8.342	2.886	6.930
905	-8.342	3.714	0.138
965	-8.328	2.169	0.017
968	-8.328	2.169	0.000
994	-8.328	2.169	5.950
923	-8.317	3.686	6.009
671	-8.302	3.071	7.850
660	-8.299	3.070	2.371
359	-8.273	3.835	4.171
50	-8.260	3.832	13.596
623	-8.224	3.828	13.578
1001	-8.212	2.176	9.812
886	-8.201	2.176	9.682
889	-8.201	2.176	9.839
927	-8.201	2.176	10.789
958	-8.201	2.176	10.790
960	-8.201	2.176	10.774
988	-8.201	2.176	14.130
976	-8.201	2.176	9.487
982	-8.201	2.176	9.950
983	-8.201	2.176	6.953
522	-8.191	3.271	9.957
711	-8.184	3.442	10.152
137	-8.178	3.442	10.152
650	-8.177	3.271	10.152
111	-8.177	3.442	10.154
722	-8.168	3.269	10.155
408	-8.165	3.269	5.949
739	-8.162	3.440	9.989
639	-8.160	3.440	10.157
768	-7.948	3.536	5.086
11	-7.918	3.573	10.298
448	-7.917	3.539	10.282
469	-7.917	3.539	10.546
493	-7.916	3.539	9.155
412	-7.849	3.671	8.720
372	-7.839	3.772	8.705
677	-7.827	3.771	11.093
532	-7.782	3.765	13.133
635	-7.779	3.764	8.647
694	-7.611	2.980	13.510
631	-7.610	2.993	13.510
690	-7.608	2.996	13.594
394	-7.549	3.961	6.141
96	-7.548	3.961	10.771
27	-7.517	3.965	10.154
29	-7.517	3.965	10.154
353	-7.395	3.774	19.642
796	-7.234	3.697	8.600
590	-7.212	3.698	13.326
606	-7.212	3.699	13.327
723	-7.205	3.692	9.110
92	-7.203	3.696	7.559
191	-7.203	3.696	21.715
592	-7.200	3.696	21.697
714	-7.187	3.687	8.727
609	-7.178	3.693	8.707
222	-7.147	3.688	17.424
312	-6.995	3.724	5.177
765	-6.994	3.713	5.177
766	-6.994	3.713	4.507
781	-6.994	3.713	4.952
717	-6.991	3.714	4.952
746	-6.977	3.709	2.609
172	-6.959	3.716	2.439
234	-6.959	3.716	2.539
339	-6.954	3.712	4.879
634	-6.809	3.804	11.110
656	-6.805	3.810	10.133
537	-6.805	3.818	6.430
464	-6.796	3.368	6.766
730	-6.779	3.812	7.956
556	-6.778	3.819	4.452
501	-6.537	3.963	5.179
665	-6.509	3.778	2.547
822	-6.262	3.955	4.987
802	-6.211	3.910	6.743
