1637	-7.382	0.000	10.117
1608	-7.313	0.752	10.404
65	-7.280	0.742	10.404
217	-7.279	0.743	10.488
1635	-7.181	0.712	8.707
1601	-7.180	0.753	11.075
1573	-7.141	0.744	8.962
1602	-7.140	0.745	21.580
113	-7.105	0.729	10.800
409	-7.105	0.727	8.562
189	-7.103	0.727	19.111
604	-7.103	0.725	8.602
1590	-6.223	3.820	4.684
1610	-5.507	1.599	4.871
1571	-5.477	2.554	4.871
1619	-5.476	2.554	4.871
1620	-5.476	2.554	4.881
1624	-5.476	2.554	4.881
1628	-5.476	2.554	4.880
1592	-5.369	2.566	5.077
1556	-5.368	2.566	5.077
1558	-5.368	2.566	4.571
1569	-5.368	2.566	4.559
1644	-5.367	2.566	4.558
1648	-5.367	2.566	6.411
1627	-5.277	2.604	4.852
1649	-5.269	2.602	2.798
1636	-5.268	2.605	2.663
1565	-5.049	2.787	4.786
1560	-5.049	2.787	8.693
1550	-5.048	2.788	4.871
1581	-5.040	2.789	4.871
774	-4.925	2.818	4.871
275	-4.899	2.822	4.871
206	-4.897	2.822	4.961
337	-4.897	2.822	4.872
1570	-4.585	2.614	4.873
