1584	-10.623	0.000	12.115
1535	-10.522	0.017	12.115
1565	-10.517	0.018	2.600
1540	-10.516	0.018	2.790
1545	-10.516	0.018	1.875
1550	-10.516	0.018	1.879
1554	-10.516	0.018	2.300
1561	-10.516	0.018	2.301
1536	-9.137	2.966	0.658
1564	-9.134	2.970	5.426
1547	-8.635	2.555	5.897
1537	-8.629	2.961	5.677
1553	-8.628	2.553	14.636
1560	-8.627	2.554	7.313
1538	-8.627	2.553	5.058
1613	-8.623	2.968	7.317
1576	-8.374	0.126	7.305
1581	-8.374	0.126	7.328
1588	-8.331	0.125	6.694
1592	-8.331	0.125	9.648
1539	-8.315	2.980	4.736
1591	-8.211	2.994	2.828
1557	-8.211	2.998	12.552
1593	-8.210	3.005	14.803
1586	-8.210	2.995	3.221
1558	-8.208	2.996	4.213
1559	-8.208	2.996	3.224
1542	-8.208	2.996	5.565
1541	-8.208	2.995	5.564
1552	-8.208	2.995	5.565
1556	-8.208	2.995	6.300
1563	-8.207	2.995	3.232
1617	-8.102	0.142	2.064
1609	-8.048	0.163	12.609
1585	-8.038	3.013	5.555
1567	-8.024	3.044	8.015
1607	-8.001	2.923	5.939
1569	-7.581	3.392	5.929
1611	-7.430	2.927	1.107
1621	-7.400	2.930	7.528
1578	-6.981	2.958	7.301
1572	-6.966	2.965	14.797
1597	-6.965	2.964	7.328
1551	-6.964	2.966	6.691
1544	-6.963	2.965	2.948
1555	-6.963	2.965	2.949
1622	-6.347	2.514	6.135
1630	-6.315	2.395	5.535
1601	-6.241	3.098	13.066
1583	-6.236	3.098	12.675
1566	-5.415	2.884	1.953
1570	-5.374	2.884	3.447
1573	-5.374	2.884	7.648
1543	-5.373	2.884	3.499
1587	-5.372	2.884	7.647
1618	-5.118	2.886	6.511
1600	-5.101	2.882	6.088
1629	-5.075	2.886	12.502
1604	-3.744	3.760	8.748
1628	-3.737	3.757	7.973
