611	-6.224	0.000	5.416
862	-6.222	0.006	8.978
795	-6.222	0.004	5.160
776	-6.219	0.007	14.082
876	-6.219	0.007	12.624
585	-6.169	0.023	5.938
602	-6.169	0.016	5.942
608	-6.169	0.016	9.521
706	-6.168	0.016	6.116
664	-6.168	0.016	2.779
746	-6.168	0.016	15.414
817	-6.168	0.016	3.339
855	-6.168	0.016	5.646
878	-6.168	0.016	6.049
620	-6.168	0.016	4.371
856	-6.168	0.016	8.959
751	-6.168	0.015	3.072
733	-6.167	0.031	4.979
867	-6.167	0.023	4.475
798	-6.167	0.031	4.611
799	-6.166	0.045	5.990
874	-6.163	0.059	5.920
735	-6.163	0.045	5.897
788	-6.155	0.074	5.345
582	-6.145	0.144	4.471
698	-6.141	0.006	4.471
734	-6.141	0.007	5.676
743	-6.141	0.007	5.683
707	-6.141	0.013	5.560
704	-6.090	0.016	4.641
690	-6.090	0.015	2.908
703	-6.090	0.016	7.971
773	-6.090	0.016	7.831
784	-6.090	0.030	7.702
642	-6.088	0.034	8.501
790	-6.087	0.033	12.308
680	-6.082	0.059	14.898
645	-6.048	0.278	6.163
741	-5.769	1.496	1.107
644	-5.769	1.497	5.850
694	-5.769	1.497	0.001
715	-5.769	1.497	5.618
726	-5.769	1.497	6.373
803	-5.769	1.500	9.713
578	-5.752	2.291	7.676
590	-5.749	2.301	16.332
785	-5.738	1.928	7.668
700	-5.732	1.495	2.093
718	-5.732	1.495	2.097
759	-5.730	3.233	14.637
573	-5.719	2.199	12.850
786	-5.718	2.352	4.211
634	-5.717	2.353	6.182
682	-5.717	2.352	5.564
695	-5.717	2.348	5.946
566	-5.714	2.352	7.027
594	-5.714	2.352	6.300
1049	-5.710	2.247	6.502
761	-5.700	2.292	5.932
1052	-5.696	2.250	5.557
696	-5.696	1.966	5.557
783	-5.691	3.236	6.134
771	-5.691	3.234	5.840
760	-5.691	3.232	5.668
804	-5.691	3.244	3.577
881	-5.690	1.923	5.841
796	-5.690	3.186	3.688
708	-5.688	1.918	5.514
758	-5.688	1.928	5.503
567	-5.688	1.922	13.034
570	-5.688	1.928	16.756
591	-5.688	1.924	15.082
610	-5.688	1.925	15.471
742	-5.688	1.938	5.716
615	-5.688	1.936	3.713
815	-5.687	1.926	9.051
722	-5.687	1.926	5.237
676	-5.687	1.924	12.677
739	-5.687	1.924	5.417
748	-5.687	1.924	8.978
668	-5.687	1.927	13.957
866	-5.687	1.923	7.931
792	-5.687	1.909	13.621
829	-5.686	1.933	5.648
618	-5.686	1.925	3.118
684	-5.686	1.928	15.833
810	-5.686	1.934	14.291
569	-5.686	1.924	5.210
861	-5.685	1.925	12.041
753	-5.685	1.934	9.515
745	-5.685	1.927	3.810
749	-5.685	1.907	9.612
772	-5.684	1.943	5.166
702	-5.684	1.877	5.177
730	-5.678	1.913	5.646
850	-5.675	1.936	4.370
747	-5.675	1.966	4.967
752	-5.663	1.875	9.891
744	-5.649	1.875	4.475
822	-5.648	3.289	5.247
820	-5.644	2.450	6.869
762	-5.643	2.053	5.809
721	-5.629	1.999	2.985
623	-5.618	3.463	14.895
879	-5.612	1.890	14.838
830	-5.601	1.928	14.841
649	-5.600	1.942	11.538
647	-5.600	1.928	5.132
768	-5.591	3.322	5.147
691	-5.587	2.451	4.553
756	-5.587	2.451	6.165
801	-5.587	2.451	6.164
736	-5.587	2.451	6.170
754	-5.587	2.451	6.170
852	-5.587	2.451	4.702
568	-5.586	2.450	0.854
637	-5.574	2.421	9.647
679	-5.573	3.438	0.000
635	-5.573	3.439	5.838
677	-5.573	3.438	0.004
717	-5.573	3.438	15.058
848	-5.573	3.431	15.167
821	-5.572	0.442	1.558
583	-5.572	3.437	11.474
601	-5.547	3.441	5.429
711	-5.547	3.441	9.118
777	-5.547	3.441	11.787
791	-5.547	3.442	7.675
575	-5.547	3.439	2.213
576	-5.547	3.440	2.097
663	-5.547	3.440	5.674
593	-5.545	3.459	5.668
755	-5.535	3.584	7.124
705	-5.533	1.876	5.959
675	-5.533	3.524	6.186
657	-5.529	2.457	13.772
843	-5.522	0.447	13.778
842	-5.522	0.448	3.708
655	-5.521	0.450	5.417
789	-5.501	1.894	12.660
588	-5.491	1.858	7.948
781	-5.479	2.841	5.133
833	-5.474	1.870	3.118
816	-5.471	1.329	11.081
764	-5.471	1.329	9.204
621	-5.470	1.329	8.015
628	-5.470	1.329	3.637
627	-5.469	1.329	2.242
630	-5.465	1.340	5.942
840	-5.440	0.447	15.417
846	-5.440	0.446	5.179
603	-5.436	1.328	5.647
614	-5.436	1.328	4.373
596	-5.436	1.328	12.349
587	-5.436	1.328	5.168
600	-5.436	1.328	8.020
666	-5.436	1.328	4.995
767	-5.436	1.328	4.613
807	-5.436	1.328	4.475
670	-5.436	1.328	5.989
740	-5.436	1.328	3.117
802	-5.436	1.328	5.911
818	-5.436	1.328	5.660
854	-5.436	1.328	5.872
857	-5.436	1.328	4.406
872	-5.436	1.328	8.454
778	-5.436	1.328	6.071
794	-5.436	1.328	5.336
714	-5.436	1.328	8.052
571	-5.435	1.328	4.471
581	-5.435	1.329	5.136
607	-5.435	1.329	4.588
572	-5.435	1.328	5.189
626	-5.434	1.329	5.995
622	-5.432	1.330	6.878
629	-5.426	2.859	5.812
805	-5.421	1.802	5.929
793	-5.411	1.296	9.400
638	-5.331	3.652	10.262
565	-5.330	3.368	10.255
577	-5.330	3.368	7.806
579	-5.330	3.368	10.836
580	-5.330	3.368	10.248
609	-5.330	3.368	10.175
1132	-5.319	3.372	8.295
617	-5.318	3.440	10.853
712	-5.316	3.370	8.186
625	-5.316	3.370	8.185
671	-5.316	3.370	14.314
685	-5.316	3.370	13.833
697	-5.316	3.370	10.911
731	-5.316	3.370	8.955
838	-5.313	3.643	13.441
871	-5.309	3.388	8.465
732	-5.308	3.450	8.959
738	-5.308	3.452	8.508
827	-5.293	3.390	8.746
837	-5.293	3.390	3.175
787	-5.279	3.446	3.810
673	-5.278	3.453	13.799
813	-5.278	3.454	3.839
812	-5.278	3.451	9.917
641	-5.251	3.456	13.820
606	-5.250	3.455	10.094
811	-5.248	3.441	9.132
774	-5.238	3.018	4.417
814	-5.235	3.038	5.484
692	-5.233	3.040	4.957
687	-5.233	3.478	5.589
725	-5.230	3.023	5.589
672	-5.229	3.037	8.251
574	-5.226	3.042	12.197
877	-5.222	3.057	7.603
701	-5.220	3.032	8.200
865	-5.219	3.032	3.647
599	-5.216	3.035	12.987
860	-5.214	3.039	13.537
869	-5.213	3.042	8.127
661	-5.212	3.038	6.907
868	-5.211	3.041	7.448
713	-5.211	3.041	6.929
662	-5.204	3.058	6.742
797	-5.201	1.485	12.659
612	-5.199	3.038	10.318
605	-5.198	3.043	13.439
757	-5.176	2.972	9.497
834	-5.158	1.478	1.255
564	-5.149	2.372	2.576
686	-5.101	2.714	6.068
806	-5.099	2.729	1.030
586	-5.098	2.727	5.055
880	-5.085	2.693	10.039
847	-5.067	3.353	4.329
667	-5.057	3.380	9.001
723	-5.047	2.174	8.595
845	-5.038	3.587	7.141
870	-5.038	2.684	2.858
844	-5.037	3.594	6.871
763	-5.036	2.696	6.872
859	-5.036	2.698	12.923
875	-5.036	2.698	6.772
800	-5.036	2.698	2.437
699	-5.036	2.701	12.925
729	-5.036	2.712	2.440
766	-5.016	3.708	8.982
809	-5.015	3.680	6.788
863	-5.010	3.718	6.124
639	-4.991	2.146	9.829
683	-4.985	3.746	8.451
688	-4.985	3.740	9.830
737	-4.985	3.738	3.371
681	-4.985	3.736	8.438
595	-4.983	3.759	12.113
775	-4.974	3.045	8.467
652	-4.939	2.327	4.074
689	-4.927	3.480	9.929
823	-4.883	2.244	7.471
659	-4.883	2.246	6.823
836	-4.883	2.245	9.289
824	-4.883	2.245	3.742
835	-4.883	2.249	11.168
616	-4.872	2.178	6.311
889	-4.859	2.968	6.562
924	-4.858	2.968	7.389
929	-4.858	2.968	12.138
592	-4.858	2.970	8.193
604	-4.858	2.971	5.749
613	-4.858	2.971	6.960
646	-4.858	3.535	7.527
1026	-4.854	2.969	6.967
648	-4.854	2.969	5.852
619	-4.853	2.969	5.745
1031	-4.852	2.968	6.597
1032	-4.852	2.969	5.768
1035	-4.846	2.978	8.398
728	-4.841	2.644	8.218
669	-4.838	2.635	7.766
780	-4.838	2.635	13.208
819	-4.838	2.645	9.502
597	-4.836	2.624	7.739
873	-4.835	2.630	11.238
832	-4.818	2.779	9.500
825	-4.766	3.876	3.093
589	-4.634	2.786	11.834
678	-4.615	3.617	6.868
716	-4.615	3.615	6.868
693	-4.615	3.614	6.878
709	-4.615	3.615	6.860
770	-4.615	3.615	9.621
710	-4.615	3.616	9.918
769	-4.615	3.614	12.156
858	-4.615	3.616	7.323
1030	-4.611	3.612	9.927
779	-4.540	3.582	8.376
1088	-4.376	3.323	5.766
991	-4.373	3.299	6.289
943	-4.331	3.289	8.631
986	-4.327	3.288	9.642
935	-4.242	3.838	7.338
632	-4.242	3.849	6.593
941	-4.242	3.856	0.994
1096	-4.242	3.855	6.390
995	-4.241	3.837	11.143
1176	-4.241	3.834	6.393
828	-4.232	3.929	6.672
974	-4.224	3.847	5.548
952	-4.224	3.882	5.571
1023	-4.224	3.917	6.697
977	-4.223	3.829	6.393
584	-4.158	2.380	5.147
636	-4.121	3.264	8.465
765	-4.085	3.143	3.153
598	-4.055	3.700	8.748
841	-3.908	3.259	9.113
