1395	-8.364	0.000	7.305
1411	-8.364	0.001	7.329
1475	-8.363	0.001	14.763
1512	-8.356	0.003	7.308
1438	-8.356	0.003	5.058
1468	-8.356	0.003	9.521
1526	-8.356	0.003	14.172
1382	-8.356	0.003	2.948
1398	-8.356	0.003	2.949
1441	-8.356	0.003	16.209
1420	-8.356	0.004	6.176
1388	-8.121	1.516	5.710
1531	-7.803	1.730	5.788
1473	-7.803	1.718	4.997
1484	-7.574	1.869	3.214
1405	-7.574	1.868	4.518
1481	-7.574	1.868	7.971
1448	-7.572	1.870	7.830
1445	-6.757	2.075	4.534
1389	-5.939	3.528	0.850
1510	-5.938	3.497	5.852
1463	-5.938	3.501	5.618
1492	-5.938	3.501	6.391
1493	-5.938	3.501	5.066
1517	-5.938	3.501	0.007
1530	-5.938	3.501	15.058
1440	-5.937	3.501	15.167
1446	-5.937	3.501	5.946
1437	-5.937	3.501	5.420
1413	-5.937	3.527	5.429
1521	-5.937	3.495	0.658
1505	-5.934	3.501	5.429
1465	-5.934	3.502	9.118
1426	-5.933	3.501	11.786
1428	-5.933	3.501	7.676
1449	-5.933	3.500	5.673
1390	-5.933	3.502	2.097
1394	-5.933	3.503	5.883
1400	-5.933	3.502	14.633
1371	-5.932	3.501	5.059
1385	-5.932	3.502	2.079
1429	-5.922	2.446	7.329
1477	-5.918	3.507	7.323
1469	-5.918	3.501	14.764
1476	-5.916	3.377	10.983
1380	-5.916	3.501	6.556
1451	-5.916	3.450	6.557
1513	-4.110	3.666	8.956
