883	-10.126	0.000	1.926
899	-10.113	0.007	6.648
909	-10.113	0.007	3.902
908	-10.113	0.007	2.406
891	-10.112	0.006	6.590
893	-10.112	0.009	3.557
900	-10.112	0.007	2.869
894	-10.112	0.011	3.781
882	-10.111	1.659	10.355
950	-10.095	0.011	2.586
1007	-10.095	0.012	7.612
972	-10.095	0.013	9.881
954	-10.095	0.013	10.383
959	-10.095	0.013	2.360
1063	-10.095	0.013	2.825
953	-10.094	0.011	2.829
951	-10.094	0.014	10.123
1075	-10.094	0.015	3.509
884	-9.727	0.058	2.880
887	-9.727	0.058	1.919
1046	-9.724	0.053	2.859
890	-9.714	0.055	2.634
904	-9.714	0.054	5.064
901	-9.714	0.054	5.071
902	-9.714	0.054	5.067
898	-9.714	0.053	11.306
903	-9.713	0.054	4.642
896	-9.713	0.051	6.797
1014	-9.695	0.050	4.477
1062	-9.695	0.048	5.792
976	-9.694	0.051	7.723
981	-9.694	0.048	7.741
1109	-9.693	0.045	5.279
895	-9.690	1.711	12.307
1180	-9.686	1.684	14.897
885	-9.683	1.720	14.894
1012	-9.673	1.733	12.173
1011	-9.672	1.694	12.174
971	-9.671	1.753	14.839
886	-9.607	0.089	11.538
1022	-9.574	0.081	5.030
1013	-9.574	0.081	5.134
1121	-9.574	0.082	5.006
1001	-9.573	0.083	5.147
1024	-9.573	0.082	5.148
1006	-9.573	0.081	4.553
967	-9.568	0.079	7.304
970	-9.568	0.077	4.659
1064	-9.552	1.761	1.245
1019	-9.552	1.736	6.168
910	-9.551	1.707	4.702
897	-9.551	1.708	5.163
1080	-9.551	1.719	0.854
1018	-9.551	1.736	1.103
1016	-9.551	1.723	5.849
892	-9.550	1.697	5.848
906	-9.550	1.708	0.852
985	-9.550	1.710	5.852
1127	-9.550	1.734	5.627
1091	-9.549	1.709	0.001
1074	-9.548	1.719	9.359
966	-9.547	1.721	0.004
949	-9.546	1.725	11.585
965	-9.545	1.706	15.057
888	-9.544	1.714	1.557
1051	-9.544	1.719	1.559
1133	-8.908	0.121	5.427
978	-8.881	0.114	7.677
982	-8.845	1.816	10.884
1103	-8.829	0.184	10.883
905	-8.739	1.722	2.211
938	-8.426	1.359	7.312
1045	-8.303	1.580	4.709
1033	-8.283	1.581	4.697
937	-8.191	1.210	5.933
936	-8.191	1.210	5.558
1029	-8.190	1.580	3.223
964	-8.190	1.210	6.150
1034	-8.188	1.580	6.134
1036	-8.188	1.581	3.085
932	-8.188	1.195	4.313
1114	-8.186	1.586	5.663
1058	-8.185	1.587	5.311
1003	-8.184	1.586	7.031
1017	-8.184	1.587	5.514
1105	-8.183	1.587	3.649
1106	-8.183	1.587	13.035
1010	-8.180	1.588	5.973
913	-8.164	1.102	15.082
1040	-8.135	1.156	5.715
922	-8.094	0.231	13.776
911	-8.094	0.234	13.067
942	-8.079	0.229	12.677
1083	-8.079	0.227	5.416
1160	-8.078	0.230	3.616
1041	-8.069	0.227	5.161
1549	-8.062	0.221	3.502
945	-8.048	1.610	5.133
957	-8.047	1.587	3.644
1107	-8.026	1.586	11.173
1590	-8.012	1.094	9.188
1546	-8.008	0.957	9.515
963	-7.953	1.053	9.612
944	-7.950	1.058	9.583
1113	-7.948	1.677	5.166
918	-7.941	0.993	2.772
930	-7.941	0.988	3.335
919	-7.878	0.251	3.781
920	-7.878	0.251	5.646
921	-7.878	0.251	5.647
926	-7.878	0.251	12.349
912	-7.878	0.250	4.967
915	-7.876	0.246	3.072
1076	-7.871	1.653	3.121
993	-7.862	0.247	4.982
1151	-7.861	0.247	4.478
1143	-7.859	0.220	4.969
1178	-7.849	1.139	5.963
1145	-7.827	1.136	9.673
1141	-7.824	1.146	8.470
1172	-7.731	1.030	4.264
1085	-7.731	1.021	5.369
1131	-7.731	1.030	5.343
933	-7.731	1.063	5.359
1159	-7.730	1.014	4.594
1069	-7.728	0.924	4.471
1140	-7.603	1.927	6.878
984	-7.601	1.926	5.809
1059	-7.595	2.064	5.212
1037	-7.528	1.915	7.702
1170	-7.528	1.653	8.067
927	-7.510	1.198	12.309
928	-7.510	1.198	14.898
1068	-7.489	1.165	12.174
1067	-7.489	1.179	14.838
956	-7.486	1.174	11.538
962	-7.486	1.173	6.780
1108	-7.430	1.946	5.846
1000	-7.430	1.942	5.854
958	-7.428	1.946	5.618
1147	-7.427	1.944	5.055
1073	-7.426	1.945	5.066
1125	-7.424	1.943	15.058
1118	-7.424	1.945	15.167
1120	-7.423	1.943	5.420
1136	-7.422	1.942	1.539
1123	-7.421	1.941	5.425
1102	-7.312	1.913	10.462
1097	-7.257	1.861	2.093
914	-7.248	1.174	2.105
1138	-7.221	1.164	5.059
923	-7.211	0.990	7.314
1134	-7.198	1.744	7.330
934	-7.117	0.272	7.329
992	-7.063	0.256	14.764
917	-6.970	0.851	6.555
1594	-6.731	1.444	6.188
946	-6.678	3.930	5.930
916	-6.662	3.931	4.635
1548	-6.624	1.259	9.052
1574	-6.611	1.459	12.697
969	-6.582	1.958	8.985
990	-6.582	1.952	8.979
996	-6.580	1.963	5.732
1084	-6.580	1.957	3.704
1137	-6.579	1.959	7.949
955	-6.578	1.963	5.214
1149	-6.578	1.957	5.133
960	-6.577	1.958	3.641
1135	-6.577	1.957	6.114
1093	-6.574	1.946	3.645
1039	-6.525	1.950	9.596
1038	-6.524	1.947	5.935
1072	-6.471	1.452	6.164
1161	-6.456	1.959	6.508
1171	-6.453	1.961	4.697
1157	-6.453	1.960	16.010
1066	-6.453	1.960	3.199
1099	-6.452	1.961	5.965
1070	-6.452	1.961	9.049
994	-6.452	1.960	4.211
1152	-6.451	1.964	6.166
907	-6.447	3.951	5.565
1043	-6.299	1.441	3.688
1054	-6.294	1.442	5.515
1119	-6.278	1.437	5.504
1162	-6.273	1.438	13.034
1156	-6.270	1.438	5.710
1078	-6.266	1.459	13.747
1028	-6.243	1.442	13.775
1568	-6.195	2.159	5.756
1128	-5.636	2.618	3.213
1008	-5.631	1.921	4.650
1165	-5.600	1.871	11.373
1174	-5.543	1.841	5.058
1111	-5.318	2.535	13.212
624	-5.290	2.617	9.199
1167	-5.282	2.062	7.440
1153	-5.277	2.020	9.506
1163	-5.177	2.150	12.388
1177	-5.176	1.998	0.177
633	-5.105	2.053	5.109
1129	-5.021	2.533	2.442
925	-4.705	2.117	12.504
1089	-4.516	1.913	2.998
1027	-4.457	3.594	7.467
864	-4.457	3.594	7.471
458	-4.406	3.783	3.860
1179	-4.358	3.787	7.521
110	-4.352	3.635	10.150
1175	-4.328	3.804	11.962
335	-4.312	3.784	12.006
1055	-4.240	3.793	11.529
1112	-4.031	3.791	8.726
1086	-4.031	3.784	8.481
