11	-7.210	0.000	0.000
1758	-7.201	0.002	0.000
1764	-7.201	0.002	0.000
1781	-7.201	0.002	0.000
1788	-7.201	0.002	0.000
1797	-7.201	0.002	0.000
245	-7.200	0.008	0.000
432	-7.192	0.012	0.000
3	-7.075	0.026	0.000
7	-7.075	0.026	0.000
8	-7.075	0.026	0.000
9	-7.075	0.026	0.000
4	-7.067	0.027	0.000
5	-7.067	0.027	0.000
6	-7.067	0.027	0.000
10	-7.067	0.027	0.000
27	-7.057	0.027	0.000
28	-7.057	0.027	0.000
19	-7.048	0.027	0.000
31	-7.048	0.027	0.000
32	-7.048	0.027	0.000
52	-7.048	0.027	0.000
53	-7.048	0.027	0.000
54	-7.048	0.027	0.000
63	-7.048	0.027	0.000
66	-7.048	0.027	0.000
80	-7.048	0.027	0.000
81	-7.048	0.027	0.000
82	-7.048	0.027	0.000
12	-7.047	0.026	0.000
13	-7.040	0.029	0.000
14	-7.040	0.029	0.000
15	-7.040	0.029	0.000
16	-7.040	0.029	0.000
20	-7.040	0.029	0.000
21	-7.040	0.029	0.000
22	-7.040	0.029	0.000
23	-7.040	0.029	0.000
24	-7.040	0.029	0.000
25	-7.040	0.029	0.000
26	-7.040	0.029	0.000
29	-7.040	0.029	0.000
30	-7.040	0.029	0.000
33	-7.040	0.029	0.000
34	-7.040	0.029	0.000
35	-7.040	0.029	0.000
37	-7.040	0.029	0.000
38	-7.040	0.029	0.000
39	-7.040	0.029	0.000
40	-7.040	0.029	0.000
41	-7.040	0.029	0.000
42	-7.040	0.029	0.000
43	-7.040	0.029	0.000
44	-7.040	0.029	0.000
45	-7.040	0.029	0.000
46	-7.040	0.029	0.000
47	-7.040	0.029	0.000
48	-7.040	0.029	0.000
49	-7.040	0.029	0.000
50	-7.040	0.029	0.000
51	-7.040	0.029	0.000
55	-7.040	0.029	0.000
56	-7.040	0.029	0.000
57	-7.040	0.029	0.000
58	-7.040	0.029	0.000
59	-7.040	0.029	0.000
60	-7.040	0.029	0.000
61	-7.040	0.029	0.000
62	-7.040	0.029	0.000
64	-7.040	0.029	0.000
65	-7.040	0.029	0.000
67	-7.040	0.029	0.000
68	-7.040	0.029	0.000
76	-7.040	0.029	0.000
77	-7.040	0.029	0.000
78	-7.040	0.029	0.000
79	-7.040	0.029	0.000
257	-7.038	0.022	0.000
129	-7.038	0.021	0.000
130	-7.038	0.021	0.000
135	-7.038	0.021	0.000
162	-7.037	0.022	0.000
165	-7.037	0.022	0.000
597	-7.034	0.022	0.000
266	-7.032	0.022	0.000
294	-7.032	0.022	0.000
104	-7.030	0.028	0.000
105	-7.030	0.028	0.000
106	-7.030	0.028	0.000
117	-7.030	0.028	0.000
118	-7.030	0.028	0.000
119	-7.030	0.028	0.000
120	-7.030	0.028	0.000
121	-7.030	0.028	0.000
136	-7.030	0.028	0.000
137	-7.030	0.028	0.000
138	-7.030	0.028	0.000
139	-7.030	0.028	0.000
140	-7.030	0.028	0.000
144	-7.030	0.028	0.000
84	-7.029	0.028	0.000
187	-7.029	0.028	0.000
188	-7.029	0.028	0.000
189	-7.029	0.028	0.000
190	-7.029	0.028	0.000
228	-7.029	0.028	0.000
238	-7.029	0.028	0.000
247	-7.029	0.028	0.000
164	-7.028	0.028	0.000
97	-7.026	0.029	0.000
99	-7.026	0.029	0.000
260	-7.024	0.029	0.000
261	-7.024	0.029	0.000
414	-7.022	0.030	0.000
415	-7.022	0.030	0.000
253	-7.020	0.026	0.000
743	-6.922	0.052	0.000
481	-6.913	0.051	0.000
482	-6.754	0.085	0.000
131	-6.748	0.070	0.000
132	-6.748	0.070	0.000
153	-6.748	0.071	0.000
154	-6.748	0.071	0.000
155	-6.748	0.071	0.000
156	-6.748	0.071	0.000
230	-6.748	0.071	0.000
254	-6.748	0.071	0.000
255	-6.748	0.071	0.000
256	-6.748	0.071	0.000
112	-6.748	0.070	0.000
160	-6.747	0.071	0.000
169	-6.747	0.071	0.000
170	-6.747	0.071	0.000
172	-6.747	0.071	0.000
173	-6.747	0.071	0.000
161	-6.747	0.071	0.000
489	-6.746	0.087	0.000
499	-6.746	0.087	0.000
514	-6.746	0.087	0.000
487	-6.746	0.087	0.000
488	-6.746	0.087	0.000
490	-6.746	0.087	0.000
491	-6.746	0.087	0.000
503	-6.746	0.087	0.000
531	-6.746	0.087	0.000
759	-6.746	0.087	0.000
192	-6.744	0.068	0.000
193	-6.744	0.068	0.000
194	-6.744	0.068	0.000
195	-6.744	0.068	0.000
196	-6.744	0.068	0.000
202	-6.744	0.068	0.000
94	-6.744	0.067	0.000
95	-6.744	0.067	0.000
96	-6.744	0.067	0.000
281	-6.743	0.070	0.000
282	-6.743	0.071	0.000
287	-6.743	0.071	0.000
534	-6.743	0.076	0.000
1782	-6.741	0.078	0.000
1783	-6.741	0.078	0.000
1784	-6.741	0.078	0.000
1785	-6.741	0.078	0.000
1786	-6.741	0.078	0.000
1787	-6.741	0.078	0.000
1789	-6.741	0.078	0.000
1790	-6.741	0.078	0.000
1791	-6.741	0.078	0.000
1792	-6.741	0.078	0.000
1793	-6.741	0.078	0.000
1794	-6.741	0.078	0.000
1795	-6.741	0.078	0.000
1796	-6.741	0.078	0.000
1799	-6.741	0.078	0.000
1800	-6.741	0.078	0.000
1803	-6.741	0.078	0.000
1806	-6.741	0.078	0.000
1811	-6.741	0.078	0.000
1812	-6.741	0.078	0.000
1762	-6.741	0.078	0.000
1773	-6.741	0.078	0.000
1774	-6.741	0.078	0.000
1775	-6.741	0.078	0.000
1776	-6.741	0.078	0.000
1777	-6.741	0.078	0.000
1780	-6.741	0.078	0.000
431	-6.740	0.068	0.000
393	-6.740	0.068	0.000
231	-6.740	0.071	0.000
232	-6.740	0.071	0.000
233	-6.740	0.071	0.000
684	-6.740	0.072	0.000
713	-6.740	0.071	0.000
714	-6.740	0.071	0.000
715	-6.740	0.071	0.000
369	-6.739	0.068	0.000
370	-6.739	0.068	0.000
208	-6.739	0.072	0.000
209	-6.739	0.072	0.000
210	-6.739	0.072	0.000
211	-6.739	0.072	0.000
212	-6.739	0.072	0.000
636	-6.739	0.071	0.000
637	-6.739	0.071	0.000
706	-6.739	0.072	0.000
707	-6.739	0.071	0.000
708	-6.739	0.071	0.000
709	-6.739	0.071	0.000
478	-6.737	0.066	0.000
479	-6.737	0.066	0.000
480	-6.737	0.066	0.000
599	-6.736	0.069	0.000
610	-6.736	0.069	0.000
611	-6.736	0.069	0.000
619	-6.736	0.069	0.000
278	-6.735	0.071	0.000
279	-6.735	0.071	0.000
280	-6.735	0.071	0.000
284	-6.735	0.071	0.000
535	-6.735	0.076	0.000
536	-6.735	0.076	0.000
537	-6.735	0.076	0.000
538	-6.735	0.076	0.000
539	-6.735	0.076	0.000
542	-6.735	0.076	0.000
543	-6.735	0.076	0.000
428	-6.732	0.068	0.000
433	-6.732	0.068	0.000
435	-6.732	0.068	0.000
436	-6.732	0.068	0.000
421	-6.732	0.068	0.000
422	-6.732	0.068	0.000
427	-6.732	0.068	0.000
429	-6.732	0.068	0.000
430	-6.732	0.068	0.000
434	-6.732	0.068	0.000
437	-6.732	0.068	0.000
403	-6.732	0.069	0.000
407	-6.732	0.069	0.000
408	-6.732	0.069	0.000
409	-6.732	0.069	0.000
410	-6.732	0.069	0.000
411	-6.732	0.069	0.000
413	-6.732	0.069	0.000
559	-6.732	0.075	0.000
560	-6.732	0.075	0.000
561	-6.732	0.075	0.000
573	-6.732	0.075	0.000
583	-6.732	0.075	0.000
584	-6.732	0.075	0.000
589	-6.732	0.075	0.000
590	-6.732	0.075	0.000
591	-6.732	0.075	0.000
592	-6.732	0.075	0.000
300	-6.731	0.068	0.000
301	-6.731	0.068	0.000
302	-6.731	0.068	0.000
303	-6.731	0.068	0.000
304	-6.731	0.069	0.000
305	-6.731	0.068	0.000
306	-6.731	0.068	0.000
307	-6.731	0.068	0.000
308	-6.731	0.068	0.000
309	-6.731	0.068	0.000
312	-6.731	0.068	0.000
314	-6.731	0.068	0.000
319	-6.731	0.068	0.000
320	-6.731	0.068	0.000
343	-6.731	0.068	0.000
344	-6.731	0.068	0.000
348	-6.731	0.068	0.000
349	-6.731	0.068	0.000
363	-6.731	0.068	0.000
364	-6.731	0.068	0.000
365	-6.731	0.068	0.000
366	-6.731	0.068	0.000
367	-6.731	0.068	0.000
368	-6.731	0.068	0.000
372	-6.731	0.068	0.000
373	-6.731	0.068	0.000
374	-6.731	0.068	0.000
375	-6.731	0.068	0.000
378	-6.731	0.068	0.000
379	-6.731	0.068	0.000
388	-6.731	0.068	0.000
447	-6.729	0.067	0.000
473	-6.729	0.067	0.000
457	-6.728	0.067	0.000
461	-6.728	0.067	0.000
462	-6.728	0.067	0.000
463	-6.728	0.067	0.000
464	-6.728	0.067	0.000
465	-6.728	0.067	0.000
466	-6.728	0.067	0.000
693	-6.450	0.187	0.000
694	-6.450	0.187	0.000
695	-6.450	0.187	0.000
696	-6.450	0.187	0.000
727	-6.443	0.196	0.000
728	-6.443	0.196	0.000
729	-6.443	0.196	0.000
730	-6.443	0.196	0.000
731	-6.443	0.196	0.000
737	-6.443	0.196	0.000
623	-6.442	0.184	0.000
624	-6.442	0.184	0.000
652	-6.442	0.184	0.000
655	-6.442	0.184	0.000
670	-6.442	0.184	0.000
681	-6.442	0.184	0.000
682	-6.442	0.184	0.000
683	-6.442	0.184	0.000
705	-6.442	0.183	0.000
448	-6.439	0.167	0.000
604	-6.438	0.173	0.000
609	-6.438	0.173	0.000
550	-6.438	0.187	0.000
551	-6.438	0.187	0.000
556	-6.438	0.187	0.000
552	-6.438	0.187	0.000
553	-6.438	0.187	0.000
557	-6.438	0.186	0.000
540	-6.433	0.194	0.000
548	-6.433	0.194	0.000
723	-6.433	0.180	0.000
576	-6.430	0.183	0.000
594	-6.430	0.183	0.000
595	-6.430	0.183	0.000
720	-4.736	1.706	0.000
771	-4.732	1.716	0.000
627	-4.694	1.738	0.000
685	-4.694	1.737	0.000
744	-4.688	1.746	0.000
438	-4.686	2.014	0.000
439	-4.686	2.014	0.000
893	-4.682	1.753	0.000
899	-4.682	1.753	0.000
900	-4.682	1.753	0.000
721	-4.652	1.710	0.000
