1621	-8.896	0.000	10.887
1666	-8.887	0.009	10.892
1672	-8.887	0.009	10.891
1580	-8.887	0.002	13.129
1604	-8.887	0.002	13.129
1608	-8.887	0.002	12.324
1620	-8.887	0.002	12.323
1631	-8.886	0.002	12.364
1632	-8.886	0.002	13.643
1637	-8.886	0.002	13.507
1641	-8.886	0.002	0.610
1651	-8.886	0.002	0.592
1654	-8.886	0.002	2.241
1655	-8.886	0.002	4.188
1679	-8.886	0.002	0.008
1657	-8.835	0.010	0.008
1668	-8.835	0.010	0.008
1628	-8.749	1.664	0.008
1583	-8.688	1.666	0.008
1600	-8.688	1.666	0.008
1602	-8.688	1.666	0.009
1610	-8.688	1.666	0.009
1554	-8.686	1.664	0.036
1555	-8.686	1.664	0.036
1556	-8.686	1.664	0.036
1557	-8.686	1.664	0.010
1558	-8.686	1.664	0.010
1559	-8.686	1.664	0.010
1562	-8.686	1.664	0.010
1563	-8.686	1.664	0.014
1564	-8.686	1.664	0.051
1566	-8.686	1.664	0.016
1568	-8.686	1.664	0.016
1570	-8.686	1.664	0.016
1572	-8.686	1.664	0.009
1573	-8.686	1.664	0.005
1574	-8.686	1.664	0.020
1576	-8.686	1.664	0.020
1577	-8.686	1.664	0.001
1578	-8.686	1.664	0.000
1588	-8.683	1.664	0.005
1594	-8.683	1.664	0.002
1595	-8.683	1.664	0.047
1601	-8.683	1.664	0.001
1603	-8.683	1.664	0.067
1609	-8.683	1.664	0.003
1611	-8.683	1.664	0.026
1612	-8.683	1.664	4.165
1625	-8.683	1.664	0.005
1626	-8.683	1.664	0.003
1634	-8.683	1.664	4.168
1650	-8.683	1.664	4.168
1674	-8.683	1.664	4.168
1579	-8.664	1.665	4.168
1585	-8.664	1.665	4.168
1597	-8.664	1.665	4.174
1619	-8.664	1.665	4.177
1622	-8.664	1.665	4.176
1623	-8.664	1.665	0.040
1624	-8.664	1.665	4.136
1646	-8.664	1.664	4.137
1648	-8.664	1.664	4.124
1653	-8.664	1.665	4.137
1658	-8.664	1.665	4.129
1659	-8.664	1.665	4.129
1661	-8.664	1.664	4.138
1667	-8.664	1.664	4.137
1673	-8.664	1.664	4.144
1591	-8.613	1.499	4.140
1592	-8.613	1.499	4.141
1606	-8.613	1.499	4.142
1616	-8.613	1.499	4.142
1656	-8.613	1.499	4.142
1681	-8.613	1.499	4.142
1647	-8.580	1.694	4.145
1660	-8.455	1.773	9.720
1589	-8.454	1.425	9.720
1638	-8.454	1.425	9.720
1640	-8.178	2.714	3.401
1644	-8.178	2.714	3.399
1663	-8.178	2.714	3.404
1635	-8.173	2.715	2.680
1642	-8.173	2.715	3.445
1590	-8.166	1.984	3.442
1598	-8.166	1.984	10.458
1676	-8.166	1.984	10.463
1669	-8.130	1.552	9.418
1560	-8.129	1.550	9.426
1561	-8.129	1.550	10.595
1614	-8.122	1.550	10.596
1670	-8.122	1.551	10.595
1643	-8.121	1.551	17.489
1652	-8.121	1.551	10.558
1664	-8.121	1.551	4.680
1675	-8.121	1.551	4.649
1678	-8.121	1.551	8.927
1565	-8.099	2.421	17.584
1567	-8.099	2.420	8.863
1569	-8.099	2.421	8.865
1571	-8.099	2.420	16.457
1581	-8.097	2.420	16.475
1593	-8.097	2.420	16.463
1615	-8.097	2.420	16.461
1617	-8.097	2.420	8.882
1618	-8.097	2.420	10.886
1633	-8.097	2.420	10.887
1639	-8.097	2.420	10.676
1645	-8.097	2.420	10.887
1665	-8.097	2.420	10.889
1671	-8.097	2.420	10.890
1677	-8.097	2.420	10.893
1680	-8.097	2.420	10.893
1584	-8.096	2.420	13.130
1596	-8.096	2.420	12.222
1613	-8.096	2.420	12.324
1627	-8.096	2.420	12.323
1629	-8.096	2.420	11.334
1649	-8.096	2.420	13.643
1662	-8.087	2.421	13.621
1582	-8.086	2.421	0.610
1599	-8.086	2.421	0.581
1575	-7.694	1.629	0.029
1586	-7.684	1.630	0.010
1587	-7.684	1.630	0.010
1605	-7.684	1.630	0.010
1607	-7.684	1.630	0.010
1630	-7.684	1.630	0.055
1636	-7.684	1.630	0.025
