1168	-9.953	0.000	0.010
1435	-9.886	0.089	0.753
1436	-9.886	0.089	0.124
1445	-9.886	0.089	0.690
1453	-9.886	0.089	0.127
1460	-9.886	0.089	0.662
1493	-9.886	0.089	0.101
1496	-9.886	0.089	0.121
1528	-9.886	0.089	0.631
1420	-9.883	0.089	1.140
1343	-9.843	0.082	1.147
1332	-9.843	0.082	1.147
1334	-9.843	0.082	1.086
1345	-9.843	0.082	1.089
1358	-9.842	0.082	5.841
1366	-9.842	0.082	5.841
1369	-9.842	0.082	5.841
1370	-9.842	0.082	5.841
1379	-9.842	0.082	5.841
1393	-9.842	0.082	5.840
1395	-9.842	0.082	5.840
1401	-9.842	0.082	5.783
1402	-9.842	0.082	19.452
973	-9.842	0.082	19.455
1098	-9.837	0.081	19.455
937	-9.833	0.085	19.455
1149	-9.524	0.019	4.141
1070	-9.522	0.019	4.128
977	-9.497	0.070	0.069
1430	-9.449	0.080	0.000
1448	-9.448	0.079	0.009
1462	-9.448	0.079	0.009
1529	-9.448	0.079	0.009
1441	-9.448	0.080	0.801
1472	-9.448	0.080	0.753
1482	-9.448	0.080	0.753
1502	-9.422	0.093	0.747
1365	-9.388	0.089	5.854
1383	-9.388	0.089	5.854
1389	-9.377	0.020	5.854
1407	-9.376	0.019	5.854
1431	-7.781	2.322	2.688
1269	-7.768	2.324	2.686
1291	-7.768	2.324	6.520
1325	-7.768	2.324	6.525
1327	-7.768	2.324	6.525
1341	-7.768	2.324	6.526
1351	-7.766	2.324	6.527
1361	-7.766	2.324	6.528
1367	-7.766	2.324	6.528
1372	-7.766	2.324	6.528
1373	-7.766	2.324	6.597
1381	-7.766	2.324	6.597
1387	-7.766	2.324	6.597
1416	-7.766	2.324	19.916
1418	-7.766	2.324	19.623
903	-7.765	2.325	19.257
905	-7.765	2.325	19.257
928	-7.765	2.325	19.257
914	-7.765	2.325	5.231
1473	-7.764	2.325	5.629
1451	-7.764	2.325	6.682
1452	-7.764	2.325	6.764
1507	-7.764	2.325	19.361
1527	-7.764	2.325	6.742
1532	-7.764	2.325	6.741
1535	-7.764	2.325	1.766
969	-7.764	2.314	6.684
1423	-7.763	2.325	5.166
1424	-7.763	2.325	8.517
1340	-7.760	2.326	6.744
1377	-7.758	2.326	6.936
1378	-7.758	2.326	6.936
1410	-7.758	2.326	6.939
912	-7.757	2.319	6.746
913	-7.757	2.319	6.941
1065	-7.756	2.319	9.400
962	-7.755	2.319	9.400
1090	-7.755	2.319	8.340
1296	-7.753	2.327	8.340
1297	-7.753	2.327	8.340
1312	-7.753	2.327	7.468
1315	-7.753	2.327	9.723
1241	-7.753	2.318	9.751
1384	-7.752	2.327	4.131
1386	-7.752	2.327	4.635
1152	-7.752	2.318	0.069
1189	-7.752	2.318	4.145
1022	-7.752	2.318	4.145
1105	-7.752	2.318	4.144
1405	-7.751	2.327	4.144
1096	-7.751	2.318	4.144
1103	-7.751	2.318	4.144
1072	-7.751	2.318	4.145
1411	-7.750	2.730	4.145
1285	-7.748	1.399	4.136
1287	-7.748	1.399	4.136
1329	-7.748	1.399	4.136
1330	-7.748	1.399	4.139
1331	-7.748	1.399	4.139
1442	-7.745	1.422	4.147
1467	-7.745	1.422	4.148
1419	-7.744	1.422	4.139
1422	-7.744	1.422	4.142
949	-7.737	2.312	4.142
1268	-7.731	1.422	4.143
1270	-7.731	1.422	4.124
1271	-7.731	1.422	4.141
1272	-7.731	1.422	4.131
1273	-7.731	1.422	0.048
1276	-7.731	1.422	0.048
1278	-7.731	1.422	4.143
1280	-7.731	1.422	0.056
1281	-7.731	1.422	0.056
1282	-7.731	1.422	0.056
1283	-7.731	1.422	0.056
1292	-7.731	1.422	0.056
1300	-7.731	1.422	0.054
1301	-7.731	1.422	0.062
1304	-7.731	1.422	0.061
1307	-7.731	1.422	0.059
1309	-7.731	1.422	0.007
1320	-7.731	1.422	0.007
1326	-7.731	1.422	0.023
1328	-7.731	1.422	0.004
1348	-7.731	1.422	0.017
1349	-7.731	1.422	0.017
1353	-7.731	1.422	0.005
1354	-7.731	1.422	0.006
1355	-7.731	1.422	0.006
1356	-7.731	1.422	0.010
1362	-7.731	1.422	0.002
1364	-7.731	1.422	0.001
1375	-7.731	1.422	0.009
1376	-7.731	1.422	0.000
1414	-7.731	1.422	0.000
1417	-7.731	1.422	0.003
1265	-7.730	1.422	0.794
902	-7.730	1.421	0.751
906	-7.730	1.421	0.698
1084	-7.729	1.422	0.745
1198	-7.729	1.422	0.681
999	-7.715	2.744	1.117
1043	-7.715	2.744	1.144
1074	-7.715	2.744	1.146
1107	-7.715	2.744	1.083
1123	-7.715	2.744	1.067
1150	-7.715	2.744	5.843
1213	-7.715	2.745	5.842
1004	-7.715	2.744	5.842
1025	-7.715	2.744	5.843
1434	-7.699	2.714	2.677
1439	-7.699	2.714	2.675
1457	-7.699	2.714	2.682
1463	-7.699	2.714	2.681
948	-7.697	2.714	2.682
1183	-7.697	2.714	2.683
1437	-7.692	1.458	6.519
1483	-7.692	1.458	6.522
1293	-7.679	2.713	19.624
1303	-7.679	2.713	19.257
1317	-7.679	2.713	19.257
1324	-7.679	2.713	19.257
1338	-7.679	2.713	19.624
1382	-7.678	2.713	6.682
1392	-7.678	2.713	6.741
1398	-7.678	2.713	6.742
1158	-7.678	2.713	6.741
1109	-7.677	2.713	1.773
1110	-7.677	2.713	6.743
965	-7.676	2.713	4.984
1038	-7.676	2.713	19.264
1119	-7.676	2.713	5.162
1121	-7.676	2.713	5.165
1137	-7.676	2.713	12.519
1142	-7.676	2.713	12.534
1143	-7.676	2.713	12.562
1176	-7.676	2.713	12.523
1178	-7.676	2.713	12.523
1179	-7.676	2.713	6.936
980	-7.676	2.713	6.937
1016	-7.676	2.713	6.745
1018	-7.676	2.713	6.936
1028	-7.676	2.713	6.939
1080	-7.676	2.713	6.939
1082	-7.676	2.713	6.942
1095	-7.676	2.713	6.942
1097	-7.676	2.713	9.400
942	-7.674	2.712	8.537
904	-7.673	2.712	9.771
907	-7.673	2.712	9.750
908	-7.673	2.712	4.132
917	-7.673	2.712	4.131
920	-7.673	2.712	4.631
926	-7.673	2.712	0.073
932	-7.673	2.712	4.145
1311	-7.667	1.459	4.145
918	-7.662	1.458	4.139
994	-7.640	2.724	4.142
1288	-7.610	1.531	4.143
1363	-7.610	1.531	4.143
1408	-7.610	1.531	0.049
1333	-7.608	1.531	4.141
1211	-7.606	1.492	4.143
996	-7.605	1.492	4.134
1429	-7.603	1.526	0.056
1426	-7.602	1.526	0.056
1470	-7.602	1.526	0.056
1471	-7.602	1.526	0.056
1446	-7.600	1.526	0.053
1506	-7.600	1.526	0.062
1508	-7.600	1.526	0.062
1515	-7.600	1.526	0.064
1520	-7.600	1.526	4.123
1530	-7.600	1.526	0.008
1318	-7.592	1.525	0.023
1322	-7.592	1.525	0.005
1205	-7.592	1.525	0.017
1400	-7.592	1.526	0.017
1415	-7.591	1.525	0.017
1390	-7.590	1.525	0.006
1246	-7.590	1.525	0.006
1344	-7.590	1.525	0.002
1485	-7.543	1.462	0.131
1494	-7.539	1.462	0.123
1425	-7.514	2.733	19.449
1447	-7.512	2.734	19.452
1454	-7.512	2.734	19.452
1501	-7.512	2.733	19.453
1536	-7.512	2.734	19.453
1440	-7.487	2.733	2.677
1449	-7.485	2.733	2.676
1221	-7.471	2.731	6.597
1260	-7.471	2.731	6.597
1263	-7.471	2.731	19.915
1164	-7.471	2.731	19.623
1192	-7.471	2.731	19.257
1194	-7.471	2.731	19.257
1231	-7.471	2.731	19.257
1305	-7.471	2.731	5.231
1306	-7.471	2.731	5.635
1172	-7.470	2.731	6.764
1187	-7.470	2.731	19.361
1202	-7.470	2.731	6.742
1208	-7.470	2.731	6.741
1209	-7.470	2.731	1.757
1212	-7.470	2.731	6.684
1218	-7.469	2.731	4.984
1135	-7.469	2.731	4.984
1145	-7.469	2.731	4.979
1146	-7.469	2.731	5.164
1102	-7.468	2.731	12.534
1214	-7.468	2.731	12.571
1251	-7.468	2.731	12.524
1257	-7.468	2.731	12.523
1062	-7.429	2.737	6.940
1064	-7.429	2.736	6.950
1076	-7.429	2.736	6.941
1374	-7.428	2.989	6.944
1558	-7.428	2.994	9.400
1196	-7.427	2.737	8.341
1151	-7.427	2.737	8.340
1153	-7.427	2.737	8.340
1216	-7.427	2.737	7.468
952	-7.418	3.001	9.751
1242	-7.415	2.995	4.131
981	-7.414	2.995	4.635
983	-7.414	2.995	0.068
1035	-7.405	3.000	4.145
1114	-7.405	3.000	4.145
1118	-7.405	3.000	4.144
1191	-7.405	3.000	4.144
1157	-7.404	3.000	4.144
1225	-7.404	3.000	4.144
1249	-7.404	3.000	4.145
1010	-7.404	3.000	4.145
1011	-7.404	3.000	4.136
1059	-7.404	3.000	4.136
1474	-7.190	1.517	19.452
1284	-7.080	1.827	20.533
1299	-7.080	1.827	2.678
1302	-7.080	1.827	2.677
1350	-7.079	1.827	2.676
1380	-7.079	1.827	2.677
1406	-7.079	1.827	2.676
1465	-6.973	1.654	6.525
1193	-6.966	2.493	6.526
1045	-6.965	2.493	6.528
1182	-6.965	2.493	6.528
1228	-6.965	2.493	6.528
1264	-6.965	2.493	6.597
1160	-6.956	2.470	6.597
1432	-6.936	2.472	6.597
1498	-6.935	2.472	6.597
1352	-6.932	2.474	4.687
1492	-6.930	1.972	19.257
1319	-6.917	1.973	19.257
1321	-6.917	1.973	19.257
1526	-6.896	1.731	19.624
1477	-6.887	2.779	5.224
1480	-6.887	2.779	5.629
1481	-6.887	2.779	6.682
1554	-6.850	2.783	12.534
1487	-6.843	1.968	12.524
1499	-6.842	1.968	12.523
1540	-6.842	1.968	6.936
1560	-6.842	1.968	6.937
1458	-6.836	1.964	4.136
1397	-6.829	1.970	4.139
1391	-6.829	1.970	4.139
1428	-6.824	1.584	4.148
1504	-6.821	1.584	4.142
1557	-6.816	1.761	4.142
1513	-6.811	1.587	4.143
1518	-6.811	1.587	0.050
1522	-6.811	1.587	4.141
1469	-6.810	1.587	4.142
1543	-6.809	1.587	0.049
1547	-6.809	1.587	4.144
1551	-6.809	1.587	4.134
1556	-6.809	1.587	0.056
1456	-6.804	1.588	0.062
1539	-6.804	1.588	0.062
1347	-6.794	1.587	4.123
1412	-6.792	1.588	0.023
1545	-6.781	1.758	0.005
1478	-6.755	1.581	0.017
1479	-6.755	1.581	0.017
1466	-6.751	1.582	0.006
1510	-6.750	1.582	0.009
1517	-6.750	1.582	0.002
1519	-6.750	1.582	0.009
1546	-6.748	1.582	0.001
1538	-6.743	1.583	0.003
1533	-6.688	1.585	0.131
1495	-6.676	1.612	0.147
1298	-6.674	1.584	0.690
1313	-6.674	1.584	0.123
1525	-6.668	1.796	0.118
1484	-6.640	1.750	1.144
1523	-6.628	2.945	1.144
1336	-6.617	1.622	1.129
1308	-6.616	3.200	1.097
1323	-6.616	3.200	5.843
1409	-6.615	3.200	5.843
1359	-6.614	3.200	5.843
1394	-6.613	2.947	5.843
1399	-6.613	2.947	5.843
1092	-6.612	2.947	5.841
1542	-6.606	3.183	5.841
967	-6.602	3.239	5.785
1003	-6.601	3.239	19.448
1023	-6.601	3.239	19.452
911	-6.601	3.241	19.452
964	-6.600	3.239	19.452
951	-6.600	3.240	19.452
957	-6.600	3.240	5.866
958	-6.600	3.240	5.855
1056	-6.600	3.240	5.855
939	-6.599	3.241	5.855
1342	-6.598	3.191	5.855
1403	-6.597	3.191	5.855
1346	-6.597	3.191	5.855
1133	-6.595	3.170	5.855
1239	-6.594	2.950	5.855
1046	-6.593	2.950	5.855
1078	-6.593	2.950	5.782
1087	-6.593	2.950	20.260
1144	-6.593	2.950	20.533
988	-6.592	2.950	20.534
940	-6.590	2.950	20.534
1066	-6.587	3.228	2.675
1068	-6.587	3.228	20.534
1002	-6.586	3.228	20.534
1115	-6.586	3.228	2.676
1136	-6.586	3.229	2.676
1230	-6.586	3.229	2.672
1438	-6.585	2.413	2.676
1124	-6.585	2.941	5.831
1197	-6.585	3.229	2.681
922	-6.585	3.230	2.670
936	-6.585	3.230	2.682
945	-6.585	3.231	2.687
961	-6.585	3.229	2.687
1089	-6.585	3.228	2.685
1108	-6.585	3.228	2.682
1217	-6.585	3.229	2.688
1503	-6.584	2.413	2.685
938	-6.584	3.230	6.519
927	-6.584	3.231	6.525
943	-6.584	3.231	2.655
929	-6.583	3.231	6.525
1001	-6.582	3.214	6.527
1036	-6.582	3.215	6.528
923	-6.581	3.217	6.528
924	-6.581	3.217	6.526
934	-6.581	3.217	6.597
959	-6.581	3.215	6.597
947	-6.570	3.231	6.597
1116	-6.566	2.947	6.597
1253	-6.565	2.946	19.623
1044	-6.564	2.946	19.257
1421	-6.541	2.214	19.257
1486	-6.501	3.782	19.257
1404	-6.496	3.783	5.230
1450	-6.496	3.783	5.224
1267	-6.494	3.783	6.682
1385	-6.479	3.790	1.727
1360	-6.475	3.790	19.361
1500	-6.473	3.790	6.742
1505	-6.473	3.790	6.741
1553	-6.473	3.790	1.758
1294	-6.473	3.790	6.684
1290	-6.472	3.790	6.764
1544	-6.378	3.786	4.984
1549	-6.378	3.786	4.984
972	-6.215	3.112	5.163
1008	-6.214	3.113	8.517
1006	-6.179	3.174	12.570
1012	-6.178	3.173	12.571
1051	-6.178	3.174	12.524
1537	-6.153	2.968	6.935
1279	-6.150	2.969	6.935
1310	-6.150	2.969	6.938
1497	-6.142	2.982	6.942
1550	-6.067	3.431	8.340
1237	-6.030	3.446	7.468
1261	-6.030	3.446	9.771
1112	-6.029	3.445	9.750
1141	-6.029	3.445	4.131
1521	-6.016	3.443	4.635
1531	-6.016	3.443	4.632
1247	-6.013	3.444	4.145
1248	-6.013	3.444	4.145
1206	-6.013	3.444	4.144
1468	-6.010	3.488	4.144
1275	-6.006	3.491	4.144
1337	-5.998	3.494	4.144
1274	-5.996	3.361	4.145
1277	-5.996	3.361	4.145
1126	-5.992	3.441	4.148
1127	-5.992	3.442	4.136
1388	-5.987	3.361	4.136
1433	-5.957	1.908	4.139
1295	-5.947	1.909	4.139
1289	-5.946	1.909	4.139
1316	-5.946	1.909	4.139
1413	-5.945	1.909	4.142
1396	-5.943	1.909	4.131
1427	-5.932	1.906	4.147
1081	-5.819	3.090	4.139
1368	-5.801	3.094	4.141
1156	-5.781	3.438	4.143
1147	-5.779	3.438	4.143
1148	-5.779	3.438	4.141
1222	-5.779	3.438	4.140
1259	-5.779	3.438	4.127
1184	-5.779	3.437	0.048
1020	-5.778	3.438	4.143
1516	-5.765	3.438	4.134
1037	-5.764	3.438	0.056
1134	-5.763	3.439	0.056
1061	-5.761	3.439	0.056
1131	-5.743	3.440	0.056
1254	-5.742	3.439	4.134
1255	-5.742	3.439	0.062
1093	-5.734	3.440	0.061
1094	-5.734	3.440	0.064
1240	-5.733	3.440	0.006
946	-5.648	3.530	0.006
1491	-5.185	2.691	0.023
1071	-5.168	3.688	0.004
1512	-5.164	3.674	0.017
1100	-5.159	3.813	0.017
1165	-5.153	3.686	0.017
1490	-5.152	3.685	0.005
1204	-5.151	3.801	0.006
1455	-5.150	3.801	0.006
1459	-5.149	3.686	0.001
1475	-5.147	3.685	0.001
989	-5.142	3.799	0.009
1047	-5.142	3.799	0.000
1233	-5.100	3.186	0.000
1138	-5.099	3.186	0.000
1159	-5.099	3.186	0.794
1099	-5.086	3.226	0.751
1053	-5.042	3.472	0.698
1085	-5.042	3.472	0.745
1444	-5.039	3.473	0.687
1034	-4.849	3.431	0.660
1511	-4.847	3.429	0.122
1476	-4.840	3.433	0.109
1461	-4.838	3.450	0.640
