1564	-10.505	0.000	2.599
1563	-10.474	0.090	2.973
1627	-10.432	0.167	4.655
1621	-10.426	0.175	4.660
1522	-10.302	0.098	10.594
1583	-10.287	0.157	6.722
1578	-10.286	0.188	10.594
1613	-10.286	0.190	10.597
1629	-10.286	0.269	6.721
1595	-10.286	0.271	6.721
1597	-10.286	0.271	6.721
1600	-10.286	0.271	6.721
1609	-10.286	0.271	6.712
1569	-10.285	0.188	6.712
1644	-10.285	0.268	6.711
1645	-10.285	0.269	6.709
1587	-10.285	0.275	6.720
1543	-10.264	0.106	6.755
1550	-10.263	0.105	6.755
578	-9.521	3.403	7.412
568	-9.519	3.359	7.392
1557	-9.480	3.398	2.424
1642	-9.198	3.245	26.251
1591	-8.902	3.265	8.535
1635	-8.883	3.260	8.769
