248	-14.307	0.000	2.596
110	-14.204	0.024	10.596
113	-12.996	3.149	6.746
6	-12.995	3.149	6.742
50	-12.812	3.362	7.483
34	-12.812	3.362	7.477
1	-12.788	3.364	7.422
3	-12.788	3.364	7.373
16	-12.556	3.179	2.426
7	-12.548	3.179	2.426
18	-12.547	3.179	2.425
51	-12.546	3.179	2.425
48	-12.545	3.179	2.427
49	-12.545	3.179	2.427
2	-12.490	3.185	25.448
33	-12.081	2.961	2.858
15	-12.065	2.962	6.414
92	-12.064	2.962	0.577
94	-11.921	3.413	2.900
446	-11.918	3.415	2.596
72	-11.849	3.411	6.686
46	-11.848	3.412	6.684
348	-11.846	3.407	2.600
87	-11.846	3.408	2.747
160	-11.842	3.409	2.599
345	-11.841	3.406	2.595
226	-11.831	3.630	2.595
9	-11.823	3.427	2.595
393	-11.818	3.411	2.593
183	-11.804	3.481	2.903
55	-11.785	3.558	4.656
238	-11.782	3.548	3.433
20	-11.780	3.588	10.696
418	-11.779	3.583	10.693
26	-11.779	3.595	10.859
28	-11.779	3.598	6.701
106	-11.775	3.536	10.596
231	-11.773	3.611	10.596
38	-11.744	3.647	10.595
12	-11.739	3.265	10.595
290	-11.732	3.265	10.595
31	-11.683	3.398	10.597
196	-11.672	3.397	10.594
168	-11.672	3.401	10.594
115	-11.670	3.398	10.594
363	-11.670	3.397	10.594
96	-11.667	3.397	10.593
311	-11.667	3.398	10.596
372	-11.666	3.398	10.596
237	-11.665	3.397	10.596
240	-11.665	3.399	10.596
467	-11.664	3.398	10.593
432	-11.663	3.399	10.595
262	-11.662	3.397	10.596
278	-11.661	3.398	10.596
283	-11.660	3.398	10.595
78	-11.632	3.576	10.595
280	-11.627	3.589	6.721
101	-11.581	2.767	6.748
125	-11.535	3.634	6.741
45	-11.518	3.338	6.741
564	-11.476	3.431	7.467
450	-11.472	3.417	7.393
43	-11.447	3.294	6.817
355	-11.446	3.641	7.834
567	-11.444	3.626	7.860
66	-11.424	3.287	2.427
65	-11.424	3.287	2.427
221	-11.418	3.005	2.426
350	-11.415	3.688	2.426
521	-11.410	3.727	2.428
520	-11.409	3.732	25.444
572	-11.401	3.426	25.448
127	-11.392	3.630	25.448
200	-11.390	3.640	2.416
67	-11.389	3.624	2.416
317	-11.387	3.643	2.416
294	-11.384	3.635	2.416
57	-11.335	3.702	2.484
103	-11.330	3.683	26.252
91	-11.324	3.712	26.473
284	-11.320	3.728	26.473
172	-11.234	3.615	2.901
136	-11.231	3.626	6.686
141	-11.230	3.574	6.685
359	-11.229	3.622	2.600
436	-11.226	3.635	2.599
327	-11.225	3.624	2.744
500	-11.223	3.595	2.596
546	-11.223	3.638	2.594
573	-11.215	3.647	2.594
494	-11.212	3.622	2.593
170	-11.204	3.437	2.902
155	-11.204	3.434	2.980
301	-11.200	3.453	3.127
420	-11.198	3.424	4.656
206	-11.198	3.664	4.661
556	-11.195	3.427	10.693
587	-11.187	3.715	10.859
153	-11.173	3.727	10.810
167	-11.163	2.870	10.596
216	-11.163	2.869	10.596
123	-11.163	2.863	10.595
176	-11.163	2.862	10.595
203	-11.163	2.863	10.595
135	-11.163	2.861	10.595
178	-11.163	2.861	10.596
83	-11.162	2.880	10.595
227	-11.162	2.863	10.597
397	-11.162	2.864	10.597
289	-11.127	3.059	10.599
25	-11.122	3.055	10.593
456	-11.121	3.076	10.596
378	-11.121	3.060	10.596
360	-11.121	3.056	10.596
424	-11.119	3.795	10.593
77	-11.105	3.727	6.721
108	-11.103	3.055	10.595
180	-11.100	3.798	10.595
158	-11.100	3.056	10.594
234	-11.098	3.055	10.593
302	-11.098	3.055	10.594
306	-11.098	3.055	6.722
217	-11.064	2.883	6.721
149	-11.063	3.233	6.721
335	-11.063	2.886	6.713
150	-11.063	2.877	6.712
353	-11.062	2.895	6.713
293	-11.062	2.895	6.712
318	-11.062	2.886	6.715
426	-11.062	2.887	6.748
326	-11.062	2.886	6.759
381	-11.062	2.884	6.743
537	-11.062	2.872	6.755
471	-11.061	2.897	6.755
256	-11.061	2.875	6.755
371	-11.061	2.862	6.746
224	-11.061	2.862	6.746
259	-11.060	2.868	6.746
162	-11.043	2.873	6.739
17	-11.035	2.869	6.741
22	-11.035	2.865	6.741
8	-11.035	2.867	6.741
179	-11.032	3.044	7.483
212	-11.032	3.034	7.483
276	-11.032	3.047	7.477
255	-11.028	2.919	7.422
266	-11.027	3.866	7.424
244	-11.021	3.737	7.813
214	-11.018	3.022	2.427
369	-10.979	3.412	2.416
117	-10.960	3.445	8.520
68	-10.941	2.889	8.519
195	-10.941	2.878	2.470
62	-10.941	2.874	8.526
69	-10.940	2.912	8.775
97	-10.940	2.903	8.528
402	-10.940	2.908	8.538
35	-10.940	2.892	8.536
102	-10.939	2.942	8.542
246	-10.939	2.882	8.524
550	-10.936	2.880	8.535
337	-10.934	3.279	8.540
19	-10.934	2.911	2.857
24	-10.934	2.883	2.858
74	-10.934	1.552	2.859
29	-10.933	2.894	2.859
4	-10.931	2.887	2.859
480	-10.925	2.992	0.684
437	-10.914	3.058	25.761
59	-10.911	3.027	25.507
111	-10.911	2.898	25.210
419	-10.909	3.111	25.211
44	-10.895	1.559	0.080
258	-10.879	3.552	0.003
190	-10.868	3.176	6.686
305	-10.851	3.195	10.692
1571	-10.845	3.200	10.596
133	-10.823	3.093	10.595
313	-10.823	3.083	10.595
84	-10.811	3.546	10.594
80	-10.810	3.546	10.594
36	-10.810	3.546	10.594
70	-10.809	3.547	10.596
154	-10.809	3.547	10.596
128	-10.809	3.547	10.596
129	-10.809	3.547	10.596
252	-10.808	3.547	10.593
171	-10.807	3.547	10.595
575	-10.806	3.548	10.596
574	-10.806	3.548	10.596
560	-10.805	3.548	10.595
561	-10.805	3.548	10.595
323	-10.805	3.548	10.593
336	-10.805	3.548	10.595
435	-10.805	3.548	10.597
492	-10.804	3.548	10.595
505	-10.804	3.545	10.592
486	-10.804	3.548	10.595
431	-10.804	3.548	10.598
399	-10.803	3.550	6.722
314	-10.803	3.548	10.595
356	-10.803	3.548	10.595
373	-10.803	3.548	6.721
222	-10.802	3.171	6.721
88	-10.802	3.096	6.721
89	-10.802	3.094	6.721
458	-10.802	3.548	6.721
230	-10.798	3.093	6.713
288	-10.798	3.092	6.712
236	-10.797	3.095	6.713
169	-10.797	3.095	10.597
272	-10.796	3.092	6.748
5	-10.794	3.094	6.747
374	-10.793	3.094	6.759
347	-10.792	3.095	6.747
213	-10.792	3.097	6.755
130	-10.792	3.095	6.755
481	-10.791	3.091	6.746
333	-10.789	3.094	6.746
380	-10.789	3.091	6.739
334	-10.789	3.092	6.743
292	-10.788	3.093	6.742
535	-10.788	3.085	6.741
121	-10.780	3.173	6.741
184	-10.778	3.172	6.738
119	-10.777	3.165	7.526
159	-10.773	3.550	7.483
219	-10.773	3.550	6.855
174	-10.773	3.176	7.477
264	-10.772	3.549	7.413
468	-10.770	3.550	7.393
298	-10.769	3.551	6.848
109	-10.768	3.175	6.847
405	-10.766	3.757	7.834
332	-10.755	3.181	7.803
428	-10.755	3.181	7.791
330	-10.755	3.181	2.425
260	-10.751	3.179	2.425
281	-10.750	3.181	2.426
416	-10.749	3.181	25.444
525	-10.747	3.174	25.447
253	-10.743	3.189	2.415
265	-10.741	3.175	2.415
21	-10.738	3.616	2.415
324	-10.717	3.651	8.769
487	-10.715	3.301	2.857
533	-10.696	3.750	0.682
73	-10.685	1.482	25.210
75	-10.633	1.461	2.579
188	-10.603	3.789	0.578
406	-10.601	3.475	6.851
250	-10.577	1.477	6.851
114	-10.519	3.263	6.686
40	-10.516	3.266	2.599
501	-10.490	3.496	2.593
63	-10.421	2.865	10.695
71	-10.421	2.863	10.673
124	-10.420	2.865	10.810
140	-10.420	2.864	6.693
147	-10.419	2.863	10.595
531	-10.418	2.863	10.595
198	-10.406	3.279	10.595
122	-10.406	3.280	10.595
191	-10.406	3.284	10.595
139	-10.406	3.290	10.595
58	-10.405	3.276	10.595
148	-10.405	3.280	10.597
409	-10.402	3.281	10.597
76	-10.401	3.275	10.599
507	-10.401	3.281	10.594
518	-10.401	3.296	10.594
303	-10.400	3.278	10.594
464	-10.400	3.289	10.594
538	-10.400	3.284	10.593
282	-10.399	3.279	10.589
82	-10.398	3.267	10.596
47	-10.397	3.258	10.596
539	-10.395	3.236	10.593
497	-10.393	3.294	10.596
30	-10.347	2.863	10.596
267	-10.346	2.861	10.596
299	-10.337	3.831	10.595
81	-10.269	3.713	6.760
208	-10.247	2.744	6.754
233	-10.244	2.744	6.746
342	-10.244	2.744	6.746
269	-10.240	2.744	6.746
32	-10.225	3.273	6.741
144	-10.216	3.274	6.742
53	-10.216	3.273	6.739
60	-10.215	3.273	6.741
134	-10.215	3.274	6.741
201	-10.215	3.273	6.741
182	-10.215	3.284	6.738
211	-10.215	3.277	7.482
364	-10.214	3.281	7.482
366	-10.213	3.273	7.476
403	-10.213	3.277	7.419
390	-10.212	3.274	6.841
39	-10.212	3.275	6.848
463	-10.212	3.274	7.422
483	-10.212	3.273	7.422
99	-10.212	3.270	6.839
479	-10.212	3.273	7.855
86	-10.211	3.273	7.860
349	-10.211	3.286	7.857
451	-10.211	3.269	7.788
27	-10.211	3.274	7.800
489	-10.211	3.274	2.424
10	-10.211	3.274	2.424
584	-10.210	3.271	2.424
522	-10.210	3.275	2.424
557	-10.210	3.275	2.425
461	-10.209	3.270	2.425
287	-10.209	3.282	2.425
285	-10.208	3.270	2.473
563	-10.208	3.272	25.443
268	-10.192	3.512	25.447
274	-10.187	3.187	25.447
581	-10.157	3.526	25.447
491	-10.152	3.517	25.440
434	-10.150	3.155	2.414
542	-10.145	3.905	2.414
257	-10.145	3.880	2.414
273	-10.143	3.906	2.414
105	-10.137	3.152	2.414
462	-10.137	3.869	2.414
41	-10.137	3.943	2.414
523	-10.136	3.984	2.414
490	-10.135	3.910	2.414
165	-10.135	3.888	2.481
392	-10.134	3.884	8.540
413	-10.134	3.897	26.251
207	-10.134	3.833	26.472
444	-10.134	3.815	26.472
310	-10.133	3.908	8.519
388	-10.133	3.898	8.517
142	-10.130	3.934	26.472
504	-10.127	3.776	8.523
118	-10.125	3.787	8.519
555	-10.104	1.675	8.519
379	-10.101	1.679	8.512
277	-10.100	1.645	8.518
52	-10.077	2.741	2.468
181	-10.075	2.742	8.525
56	-10.074	2.742	8.774
61	-10.074	2.742	8.527
157	-10.073	2.741	8.537
394	-10.072	2.742	8.536
514	-10.072	2.741	8.533
571	-10.071	2.741	8.768
346	-10.070	2.742	8.534
411	-10.070	2.742	8.533
245	-10.069	2.742	2.857
445	-10.069	2.742	2.858
465	-10.068	2.742	2.858
466	-10.068	2.742	2.859
37	-10.068	2.742	2.859
14	-10.068	2.743	2.858
279	-10.067	2.742	2.858
493	-10.066	2.742	2.861
320	-10.061	1.712	0.681
95	-10.004	1.653	0.683
152	-9.998	1.654	25.210
193	-9.998	1.661	25.210
126	-9.987	2.723	2.835
166	-9.942	3.915	0.007
438	-9.942	1.498	0.000
357	-9.941	3.905	6.849
512	-9.941	1.495	0.575
509	-9.939	1.380	0.082
540	-9.939	1.494	2.178
553	-9.939	1.494	2.178
308	-9.938	1.477	2.171
321	-9.938	1.493	2.897
242	-9.938	1.495	12.913
291	-9.938	1.496	6.688
383	-9.938	1.506	6.678
243	-9.937	3.934	6.686
422	-9.937	1.487	6.684
495	-9.935	1.498	2.600
484	-9.934	1.502	2.599
220	-9.933	1.505	2.744
300	-9.924	3.910	2.594
433	-9.922	1.465	2.745
580	-9.917	3.939	2.594
579	-9.917	3.792	2.903
296	-9.908	3.372	2.902
275	-9.877	1.387	3.125
365	-9.874	1.428	3.434
532	-9.872	1.474	4.660
474	-9.861	1.473	10.858
448	-9.854	1.469	10.595
447	-9.854	1.477	10.595
583	-9.836	3.075	10.595
506	-9.830	1.519	10.595
588	-9.812	3.378	10.595
396	-9.789	3.765	10.595
210	-9.749	1.450	10.594
120	-9.701	3.076	10.596
488	-9.697	3.076	10.593
340	-9.682	3.062	10.596
1615	-9.615	3.613	10.595
407	-9.585	3.552	10.595
199	-9.542	3.087	6.743
202	-9.542	3.086	6.746
143	-9.541	3.087	6.739
146	-9.541	3.087	6.742
398	-9.540	3.087	6.742
295	-9.539	3.086	6.742
414	-9.539	3.086	6.739
358	-9.539	3.086	6.741
156	-9.539	3.087	6.741
241	-9.538	3.086	6.738
261	-9.537	3.086	7.525
536	-9.536	3.086	7.482
13	-9.536	3.087	7.430
475	-9.509	3.672	6.848
319	-9.508	3.368	6.846
527	-9.504	3.366	6.853
549	-9.503	3.366	7.834
1647	-9.487	3.630	7.787
270	-9.188	3.298	26.251
377	-9.166	3.177	26.472
386	-9.091	3.175	8.519
90	-9.077	3.177	8.519
1607	-9.058	3.339	8.519
309	-8.961	3.405	8.516
391	-8.961	3.404	8.528
361	-8.959	3.393	8.527
519	-8.921	3.578	8.525
107	-8.921	3.578	8.527
415	-8.143	3.649	2.856
