956	-25.283	0.000	0.000
762	-25.280	0.001	0.002
761	-24.997	0.003	0.002
840	-24.784	0.017	0.002
832	-24.783	0.017	0.002
772	-24.783	0.017	0.007
774	-24.783	0.017	0.007
776	-24.783	0.017	0.007
787	-24.783	0.017	0.007
792	-24.783	0.017	0.007
793	-24.783	0.017	0.007
862	-24.783	0.017	0.009
958	-24.774	0.017	0.009
970	-24.773	0.017	0.050
931	-24.682	0.018	0.025
943	-24.681	0.018	0.025
838	-24.502	0.019	0.025
877	-24.502	0.019	0.025
825	-24.501	0.019	1.308
829	-24.501	0.019	15.964
765	-24.500	0.019	16.024
784	-24.500	0.019	16.024
790	-24.500	0.019	15.967
802	-24.500	0.019	15.967
804	-24.500	0.019	16.030
806	-24.500	0.019	16.030
809	-24.500	0.019	15.973
817	-24.500	0.019	15.973
820	-24.500	0.019	16.226
821	-24.500	0.019	16.225
857	-24.500	0.019	3.202
880	-24.499	0.019	3.194
910	-24.499	0.019	18.581
980	-24.492	0.019	18.581
964	-24.491	0.019	18.581
965	-24.491	0.019	18.581
966	-24.491	0.019	18.581
971	-24.491	0.019	18.581
974	-24.491	0.019	18.581
1044	-24.491	0.019	18.581
1045	-24.491	0.019	18.581
1101	-24.491	0.019	18.752
839	-24.483	2.259	18.752
810	-24.482	2.259	8.165
881	-24.482	2.259	8.165
940	-24.404	2.260	8.165
926	-24.399	0.020	8.161
939	-24.398	0.020	15.579
941	-24.398	0.020	9.412
942	-24.398	0.020	15.546
915	-24.397	2.260	15.546
824	-24.350	2.255	15.546
841	-24.350	2.255	15.545
830	-24.350	2.255	15.545
833	-24.350	2.255	15.545
769	-24.349	2.255	15.545
779	-24.349	2.255	15.545
780	-24.349	2.255	15.547
783	-24.349	2.255	15.547
786	-24.349	2.255	15.546
788	-24.349	2.255	15.519
789	-24.349	2.255	8.594
794	-24.349	2.255	8.595
818	-24.349	2.255	15.509
819	-24.349	2.255	15.507
975	-24.336	2.255	15.507
930	-24.272	2.255	14.724
955	-24.272	2.255	14.724
954	-24.272	2.255	14.727
916	-24.265	2.255	14.724
917	-24.265	2.255	14.724
913	-24.029	2.258	14.724
764	-24.014	2.270	14.724
798	-24.011	2.270	14.723
850	-23.976	2.271	8.286
988	-23.913	0.029	9.616
972	-23.913	0.029	9.616
836	-23.889	2.266	9.616
879	-23.883	2.266	9.616
908	-23.875	2.266	9.616
799	-23.873	2.266	9.616
973	-23.872	2.266	9.616
828	-23.870	2.266	9.616
1092	-23.860	2.266	9.616
1034	-23.856	2.266	9.616
987	-23.856	2.266	9.616
849	-23.832	2.268	9.616
851	-23.832	2.268	9.616
905	-23.802	0.028	9.642
935	-23.795	2.267	9.643
924	-23.792	2.267	8.688
925	-23.701	0.029	8.689
902	-23.659	2.265	9.599
904	-23.614	1.820	9.599
766	-23.614	1.820	8.229
768	-23.614	1.820	8.370
771	-23.614	1.820	8.370
777	-23.614	1.820	8.370
781	-23.614	1.820	8.223
782	-23.614	1.820	8.223
811	-23.614	1.820	8.223
883	-23.614	1.820	8.223
976	-23.599	1.820	8.360
914	-23.517	1.821	8.360
900	-23.353	1.823	8.360
912	-22.975	1.928	8.360
767	-22.814	2.392	8.360
778	-22.814	2.392	11.475
1020	-22.413	2.401	11.476
874	-22.398	2.401	11.476
797	-22.397	2.401	11.476
800	-22.397	2.401	11.476
1029	-22.384	2.401	8.359
899	-22.382	2.401	8.359
963	-22.380	2.401	8.359
889	-22.352	2.403	11.130
847	-22.346	2.403	11.131
808	-21.476	1.968	11.131
884	-21.476	1.968	11.131
1018	-20.039	2.140	13.499
936	-17.029	2.413	0.025
770	-15.642	2.654	8.688
791	-15.642	2.654	8.689
803	-15.642	2.654	9.599
807	-15.642	2.654	9.599
957	-15.641	2.654	8.229
959	-15.641	2.654	8.370
834	-15.495	1.774	8.223
882	-15.495	1.774	8.360
805	-15.278	1.777	0.007
823	-15.278	1.777	0.007
903	-15.278	1.777	0.007
962	-15.134	0.621	16.226
1024	-15.090	0.623	18.581
892	-15.089	0.621	18.581
896	-15.088	0.621	18.581
893	-15.086	0.621	18.581
986	-15.086	0.622	18.752
993	-15.082	0.622	8.165
1000	-15.079	0.622	8.165
1087	-15.077	0.622	8.165
1013	-15.076	0.622	8.161
1080	-15.074	0.622	8.161
1050	-15.072	0.622	8.162
1105	-15.070	0.621	15.547
1120	-15.070	0.621	15.546
1127	-15.070	0.621	15.546
827	-15.053	0.623	15.545
1021	-15.053	2.027	15.545
933	-15.047	0.620	15.545
1234	-15.037	0.622	15.545
921	-15.035	0.622	15.545
923	-15.035	0.622	15.547
1178	-15.034	0.621	15.547
1209	-15.034	0.621	15.546
1263	-15.034	0.621	15.519
920	-15.032	0.621	15.520
1221	-15.032	0.621	8.595
1141	-15.021	0.621	8.595
1165	-15.021	0.621	15.507
1081	-14.662	0.600	9.616
1133	-14.658	0.601	9.616
968	-14.382	1.971	9.599
1187	-14.350	0.616	8.229
1170	-14.342	0.616	8.370
864	-14.254	2.386	8.370
865	-14.254	2.386	8.223
866	-14.254	2.386	8.223
867	-14.239	2.368	8.223
969	-14.230	2.368	8.222
1240	-14.201	2.370	8.360
1135	-14.108	1.983	11.476
1125	-14.085	1.985	11.476
1111	-14.084	1.985	11.476
1096	-14.061	1.985	11.476
1075	-14.061	1.985	8.359
1091	-14.057	1.985	8.359
1038	-14.055	1.984	8.359
1197	-14.024	1.985	11.130
1216	-14.024	1.985	11.130
1195	-14.022	1.986	11.131
1055	-14.011	1.986	11.131
1028	-14.010	1.984	13.499
1251	-14.006	1.986	13.499
1150	-14.002	1.986	0.060
1275	-13.992	2.415	0.060
1126	-13.987	2.416	0.060
996	-13.987	1.982	0.012
1137	-13.970	2.399	0.012
1116	-13.968	2.399	0.012
1122	-13.966	2.399	0.012
1110	-13.965	2.399	0.030
870	-13.959	2.415	0.011
871	-13.959	2.415	0.011
1179	-13.957	1.983	0.010
1182	-13.957	1.983	0.010
1202	-13.957	1.983	0.010
1060	-13.956	2.415	0.010
1049	-13.955	2.415	0.010
1077	-13.954	2.415	0.010
1043	-13.951	2.415	0.010
1015	-13.948	2.415	0.011
1016	-13.948	2.415	0.012
1058	-13.947	2.416	0.008
1007	-13.946	2.418	0.011
1089	-13.935	2.399	0.012
1095	-13.935	2.398	0.012
1098	-13.935	2.398	0.012
1040	-13.930	2.398	0.012
1042	-13.930	2.398	0.012
1189	-13.920	2.417	0.012
1191	-13.920	2.417	0.012
1156	-13.918	2.417	0.012
1161	-13.916	2.418	0.010
1288	-13.913	2.419	0.010
1292	-13.913	2.419	0.013
1293	-13.913	2.419	0.013
1199	-13.913	2.419	0.013
1188	-13.898	2.401	0.013
961	-13.702	2.772	0.001
928	-13.680	2.776	0.000
1102	-13.652	2.796	0.000
860	-13.639	2.771	0.002
960	-13.637	2.768	0.005
1025	-13.531	0.968	15.545
856	-13.518	0.962	9.596
1200	-13.466	0.946	11.476
895	-13.401	2.794	8.359
1052	-13.394	2.794	11.130
815	-13.392	2.793	11.130
1099	-13.392	2.793	11.131
1014	-13.391	2.793	11.131
1030	-13.384	2.405	0.011
1298	-13.379	2.794	0.010
1332	-13.379	2.794	0.010
1341	-13.379	2.794	0.010
1343	-13.379	2.794	0.010
1351	-13.379	2.794	0.010
1256	-13.377	2.794	0.010
1258	-13.377	2.794	0.010
1260	-13.377	2.794	0.011
1291	-13.377	2.794	0.013
1295	-13.377	2.794	0.010
1311	-13.376	2.794	0.010
1177	-13.374	2.794	0.012
1214	-13.374	2.794	0.013
1219	-13.373	2.794	0.012
1264	-13.373	2.794	0.012
1236	-13.373	2.794	0.012
1237	-13.373	2.794	0.012
1238	-13.373	2.794	0.012
1157	-13.371	2.794	0.012
1143	-13.370	2.794	0.010
1117	-13.308	2.789	0.005
1106	-13.307	2.789	0.005
1104	-13.304	2.790	0.010
1073	-13.301	2.788	0.005
1032	-13.300	2.778	0.005
814	-13.300	2.788	0.005
995	-13.300	2.788	0.005
990	-13.299	2.788	0.002
1004	-13.299	2.788	0.002
945	-13.288	2.789	0.002
1242	-13.282	2.789	0.002
1185	-13.281	2.789	0.045
1194	-13.281	2.789	0.007
1147	-13.278	2.789	0.007
1148	-13.278	2.789	0.009
1151	-13.278	2.789	0.009
1153	-13.278	2.789	0.009
1154	-13.278	2.789	0.025
1168	-13.278	2.789	0.025
1142	-13.277	2.789	0.025
1166	-13.277	2.789	0.025
1422	-13.257	2.778	0.038
1371	-13.254	2.777	16.024
1348	-13.238	2.794	16.030
1355	-13.238	2.794	16.030
1358	-13.238	2.794	15.973
978	-13.237	2.786	3.304
845	-13.231	2.786	16.226
907	-13.231	2.786	16.226
1011	-13.230	2.786	3.202
1088	-13.230	2.786	18.581
1064	-13.230	2.786	18.581
997	-13.229	2.786	18.581
1037	-13.229	2.786	18.581
1041	-13.229	2.786	18.581
1048	-13.229	2.786	18.581
1062	-13.229	2.786	18.581
982	-13.228	2.785	18.581
886	-13.224	2.784	18.581
1026	-13.219	2.785	18.581
1027	-13.219	2.785	18.752
946	-13.218	2.787	8.159
950	-13.218	2.787	8.165
1174	-13.213	2.787	8.165
1218	-13.212	2.787	8.161
1196	-13.211	2.787	8.161
1210	-13.211	2.787	15.579
1211	-13.211	2.787	15.546
1246	-13.211	2.787	15.546
1145	-13.208	2.787	15.546
1146	-13.208	2.787	15.545
1173	-13.203	2.772	15.545
1393	-13.174	2.779	15.520
901	-13.171	2.770	14.727
1412	-13.113	2.779	9.616
1429	-13.113	2.779	9.616
1431	-13.113	2.779	9.616
1455	-13.113	2.779	9.616
1440	-13.113	2.779	9.616
1444	-13.113	2.779	9.616
858	-12.528	2.103	0.007
863	-12.528	2.103	0.007
1046	-12.525	2.103	0.009
773	-12.502	2.382	0.025
785	-12.502	2.382	0.025
842	-12.466	2.216	0.025
775	-12.465	2.216	0.025
812	-12.465	2.216	0.025
967	-12.460	2.216	1.309
831	-12.424	2.388	16.024
906	-12.344	2.376	18.581
1093	-12.319	2.377	18.581
937	-12.290	2.378	15.545
989	-12.270	2.105	8.595
1036	-12.270	2.105	15.508
911	-12.263	2.379	15.509
1138	-12.263	2.378	14.724
919	-12.221	2.384	14.724
837	-12.111	2.234	8.229
795	-12.101	2.236	8.370
981	-12.097	2.236	8.370
909	-11.550	2.084	0.046
977	-11.550	2.084	0.009
1012	-11.040	3.581	18.752
1269	-11.031	3.581	18.752
868	-11.010	2.216	8.161
1063	-11.009	2.216	8.161
1100	-11.009	2.216	15.579
1128	-11.007	2.216	15.547
1247	-10.972	2.234	15.545
1035	-10.952	2.221	15.545
918	-10.947	2.222	15.545
843	-10.846	2.207	8.595
813	-10.844	2.207	15.508
894	-10.843	2.208	15.508
949	-10.838	2.208	15.508
1057	-10.811	2.225	14.724
898	-10.809	2.225	14.735
1067	-10.809	2.225	14.724
1107	-10.806	2.225	14.724
1198	-10.802	2.225	14.724
1163	-10.786	2.225	14.724
1164	-10.786	2.225	14.724
763	-10.764	3.586	8.287
826	-10.374	2.485	8.229
927	-10.316	2.337	8.370
991	-10.123	3.072	0.060
1006	-10.123	3.073	0.060
1010	-10.123	3.073	0.012
1068	-10.122	3.073	0.012
888	-10.120	3.072	0.012
1017	-10.115	2.941	0.012
1230	-10.114	3.073	0.012
1248	-10.114	3.073	0.032
1056	-10.113	2.941	0.010
1134	-10.110	2.941	0.011
1272	-10.103	2.941	0.010
890	-10.063	2.147	0.010
1103	-10.063	2.198	0.010
852	-10.062	2.147	0.011
887	-10.061	2.147	0.012
1083	-9.975	3.089	0.021
932	-9.820	2.485	0.005
1239	-9.728	2.552	0.005
953	-9.725	2.552	0.005
1001	-9.286	2.554	0.007
1047	-9.285	2.554	0.007
1074	-9.285	2.554	0.046
1023	-9.259	3.047	0.009
985	-9.258	3.047	0.009
979	-9.257	2.361	0.025
1054	-9.257	3.046	0.025
1079	-9.257	3.046	0.025
846	-9.257	3.047	0.025
891	-9.256	3.047	0.025
848	-9.249	3.049	16.024
835	-9.248	2.362	16.024
876	-9.211	2.360	15.967
944	-9.104	2.604	18.581
822	-8.999	2.510	18.581
922	-8.954	3.008	18.581
878	-8.730	2.563	15.546
1245	-8.685	3.018	14.727
1270	-8.685	3.018	14.724
1250	-8.684	3.018	14.724
1286	-8.684	3.018	14.724
1294	-8.683	3.018	14.724
1206	-8.668	2.995	9.616
1208	-8.668	2.995	9.616
1084	-8.581	2.995	9.616
1082	-8.577	2.993	9.616
1051	-8.577	2.992	9.616
1181	-8.353	2.243	8.223
1231	-8.225	2.274	8.360
1131	-8.220	2.272	8.360
1132	-8.219	2.272	8.360
1149	-8.216	2.275	11.475
796	-8.150	2.597	8.359
885	-8.089	2.414	11.131
1003	-8.075	2.722	11.131
1217	-8.074	2.723	13.499
1109	-8.072	2.723	0.060
1061	-8.069	2.479	0.060
1072	-8.060	2.597	0.060
992	-8.060	2.599	0.060
1069	-8.060	2.599	0.012
1071	-8.060	2.599	0.012
1002	-8.058	2.599	0.012
1065	-8.058	2.599	0.012
853	-8.057	2.599	0.032
855	-8.057	2.599	0.019
1203	-8.056	2.599	0.011
1129	-8.056	2.599	0.011
1115	-8.056	2.599	0.010
1118	-8.056	2.599	0.010
947	-8.052	2.599	0.010
1031	-7.985	2.722	0.010
1085	-7.982	2.478	0.011
1090	-7.982	2.478	0.008
1053	-7.981	2.478	0.012
983	-7.980	2.478	0.009
999	-7.980	2.478	0.012
1066	-7.980	2.478	0.012
1076	-7.980	2.478	0.012
1233	-7.979	2.478	0.012
1244	-7.979	2.478	0.012
869	-7.979	2.478	0.014
1279	-7.978	2.479	0.011
1212	-7.978	2.479	0.012
1222	-7.978	2.479	0.012
1267	-7.978	2.479	0.010
1268	-7.978	2.479	0.015
1271	-7.978	2.479	0.013
1130	-7.978	2.478	0.013
1186	-7.977	2.479	0.013
854	-7.977	2.478	0.001
897	-7.977	2.478	0.001
934	-7.975	2.478	0.000
1139	-7.970	2.478	0.000
1144	-7.970	2.478	0.005
1159	-7.970	2.478	0.005
1160	-7.970	2.478	0.005
1167	-7.970	2.478	0.005
994	-7.965	2.554	0.004
1123	-7.964	2.493	0.005
1124	-7.964	2.493	0.006
951	-7.959	2.554	0.005
998	-7.941	2.725	0.005
844	-7.907	2.551	0.005
1009	-7.907	2.551	0.005
1086	-7.907	2.551	0.002
1059	-7.906	2.551	0.002
872	-7.906	2.551	0.002
1022	-7.905	2.551	0.002
1039	-7.905	2.551	0.002
1136	-7.904	2.551	0.007
1249	-7.903	2.600	0.007
1213	-7.902	2.551	0.007
1215	-7.902	2.551	0.007
1228	-7.902	2.600	0.007
1113	-7.902	2.601	0.046
875	-7.900	2.478	0.009
952	-7.899	2.551	0.009
1140	-7.894	2.551	0.025
1155	-7.894	2.551	0.025
801	-7.888	2.553	0.025
816	-7.863	2.611	1.309
1005	-7.863	2.611	15.964
1078	-7.863	2.611	16.024
984	-7.862	2.611	15.967
1119	-7.860	2.611	15.967
1121	-7.859	2.611	16.030
1205	-7.816	2.483	15.973
859	-7.816	2.610	15.973
1280	-7.681	2.614	16.225
1223	-7.680	2.614	16.225
1226	-7.679	2.614	3.202
1254	-7.675	2.615	3.195
1259	-7.675	2.615	18.581
1262	-7.675	2.615	18.581
1287	-7.675	2.615	18.581
1172	-7.675	2.615	18.581
1266	-7.674	2.615	18.581
1207	-7.670	2.615	18.581
1274	-7.637	2.488	18.581
1252	-7.629	2.549	18.581
1284	-7.615	2.488	18.752
1225	-7.614	2.488	18.752
1227	-7.614	2.488	8.165
1229	-7.614	2.488	8.165
1220	-7.614	2.488	8.161
1261	-7.611	2.488	8.161
1158	-7.611	2.488	15.579
1152	-7.610	2.488	15.546
1265	-7.605	2.607	15.546
861	-7.327	2.581	15.546
1008	-7.284	2.785	15.546
1112	-7.282	2.785	15.545
938	-7.280	2.785	15.545
1108	-7.261	2.598	15.545
1162	-7.260	2.598	15.545
929	-7.236	2.619	15.545
1033	-7.224	2.778	15.547
1224	-7.181	2.803	15.547
1176	-7.180	2.803	15.546
1097	-7.170	2.610	15.519
1243	-7.166	2.610	8.594
1193	-7.166	2.610	8.595
1169	-7.154	2.634	15.509
1171	-7.154	2.634	15.507
1241	-7.140	2.623	15.508
1277	-7.035	2.643	14.724
1094	-7.013	2.821	14.724
1255	-7.010	2.821	14.727
1289	-7.010	2.821	14.724
1281	-7.009	2.821	14.724
1192	-7.009	2.821	14.724
1184	-7.009	2.821	14.724
1273	-6.640	3.894	9.616
1201	-6.628	3.383	9.616
1283	-6.628	3.383	9.616
1257	-6.568	3.677	9.616
