1508	-8.840	0.000	17.847
1317	-8.804	0.489	16.621
1502	-8.802	0.238	15.684
1506	-8.802	0.117	17.939
1321	-8.801	0.053	17.077
1344	-8.797	0.220	16.631
1401	-8.792	0.090	17.357
1558	-8.787	0.212	17.075
1237	-8.697	1.712	19.038
1139	-8.691	1.562	16.847
1320	-8.667	0.405	17.394
1449	-8.608	0.384	17.393
1207	-8.590	1.576	23.060
1206	-8.584	1.565	24.415
1238	-8.581	1.585	1.620
1138	-8.580	1.565	-0.000
1181	-8.518	0.412	17.237
1236	-8.513	1.566	24.556
1578	-8.485	0.466	19.570
1591	-8.478	0.498	16.900
1590	-8.478	0.497	17.749
1577	-8.478	0.496	2.077
1644	-8.476	0.496	17.752
1650	-8.475	0.496	17.532
1640	-8.462	0.483	17.536
1635	-8.433	0.502	17.997
1691	-8.368	1.878	16.968
1396	-8.356	1.911	19.495
1598	-8.347	1.497	19.604
1637	-8.341	1.492	17.195
1523	-8.341	1.494	17.248
1561	-8.332	1.894	19.454
1453	-8.330	1.893	17.892
1599	-8.328	1.893	19.437
1201	-8.327	1.894	2.406
1369	-8.327	1.894	19.496
1583	-8.326	1.889	18.409
1333	-8.244	0.635	7.661
1258	-8.232	0.667	7.661
1243	-8.221	0.657	7.661
1420	-8.156	1.992	7.665
1155	-8.153	1.996	7.480
1208	-8.047	2.071	3.597
1415	-7.990	1.909	3.611
1672	-7.988	1.913	3.608
1341	-7.913	0.702	13.208
1689	-7.907	0.698	5.786
1329	-7.826	2.006	10.886
1351	-7.826	2.006	13.456
1307	-7.826	2.004	10.027
1662	-7.810	2.002	13.004
1364	-7.770	0.723	9.685
1466	-7.768	0.724	12.671
1404	-7.539	2.309	6.510
1040	-7.536	2.310	6.486
1261	-7.497	2.314	7.789
1292	-7.497	2.314	20.057
1296	-7.497	2.289	7.777
1617	-7.497	0.757	7.777
1256	-7.496	2.313	7.660
1260	-7.496	2.313	3.555
1289	-7.496	2.313	7.787
1290	-7.496	2.313	3.089
1291	-7.496	2.313	3.091
1305	-7.496	2.313	3.094
1342	-7.496	2.313	3.091
1497	-7.495	2.313	3.567
1262	-7.495	2.311	2.605
1021	-7.493	2.313	3.088
1027	-7.493	2.313	3.091
1037	-7.493	2.314	2.602
1025	-7.493	2.313	5.220
1022	-7.492	2.313	5.220
1318	-7.491	2.311	5.220
1400	-7.481	2.312	4.882
1424	-7.481	2.313	5.216
1555	-7.481	2.313	2.900
1412	-7.481	2.313	4.895
1417	-7.481	2.313	2.896
1456	-7.481	2.312	3.522
1159	-7.480	2.313	3.489
1163	-7.480	2.313	3.517
1167	-7.480	2.313	19.365
1153	-7.480	2.313	2.522
1387	-7.479	2.313	2.519
1519	-7.479	2.313	2.517
1081	-7.478	2.310	2.510
1216	-7.478	2.313	2.518
1042	-7.478	2.313	3.497
1044	-7.478	2.313	3.495
1047	-7.478	2.313	3.344
1051	-7.478	2.313	3.360
1056	-7.478	2.313	3.434
1062	-7.478	2.313	3.921
1068	-7.478	2.313	3.347
1069	-7.478	2.313	3.347
1070	-7.478	2.313	2.527
1079	-7.478	2.313	8.000
1080	-7.478	2.313	3.905
1086	-7.478	2.313	3.899
1090	-7.478	2.313	8.020
1107	-7.478	2.313	8.006
1108	-7.478	2.313	3.884
1109	-7.478	2.313	3.522
1110	-7.478	2.313	4.505
1111	-7.478	2.313	3.510
1114	-7.478	2.313	19.414
1119	-7.478	2.313	4.559
1121	-7.478	2.313	8.689
1122	-7.478	2.313	4.544
1123	-7.478	2.313	5.359
1129	-7.478	2.313	3.401
1134	-7.478	2.313	8.946
1135	-7.478	2.313	3.335
1143	-7.478	2.313	9.097
1144	-7.478	2.313	0.000
1176	-7.478	2.313	6.201
1180	-7.478	2.313	6.887
1186	-7.478	2.313	7.075
1187	-7.478	2.313	7.075
1188	-7.478	2.313	6.899
1189	-7.478	2.313	7.082
1191	-7.478	2.313	6.839
1195	-7.478	2.313	7.150
1197	-7.478	2.312	9.346
1200	-7.478	2.313	6.356
1214	-7.478	2.313	7.080
1230	-7.478	2.313	7.085
1232	-7.478	2.313	7.082
1233	-7.478	2.313	6.253
1093	-7.476	2.313	5.962
1100	-7.476	2.313	5.962
1102	-7.476	2.313	5.963
1147	-7.475	2.310	5.961
1419	-7.454	2.241	6.325
1501	-7.417	2.158	7.658
1544	-7.407	2.158	7.781
1063	-7.406	2.182	7.659
1046	-7.404	2.169	5.801
1335	-7.382	1.522	7.656
1316	-7.381	2.317	5.801
1331	-7.380	2.315	5.804
1328	-7.380	2.315	7.659
1346	-7.379	2.315	7.785
1298	-7.378	2.315	3.094
1276	-7.378	2.316	3.095
1286	-7.378	2.316	3.094
1300	-7.378	2.316	3.573
1340	-7.377	2.316	3.572
1252	-7.377	2.316	3.094
1036	-7.377	2.316	3.572
1023	-7.375	2.316	5.221
1031	-7.375	2.316	5.218
1038	-7.375	2.315	2.894
1030	-7.374	2.311	3.528
1392	-7.370	1.519	3.522
1470	-7.370	1.521	3.492
1398	-7.370	1.521	4.377
1132	-7.368	2.316	3.348
1448	-7.367	2.315	3.921
1609	-7.367	2.315	3.903
1157	-7.367	1.521	3.351
1161	-7.367	1.521	3.360
1164	-7.367	1.521	8.001
1395	-7.366	2.315	4.556
1693	-7.366	2.315	3.500
1131	-7.366	2.315	3.407
1678	-7.366	2.316	5.564
1225	-7.366	2.315	2.863
1168	-7.366	1.518	9.096
1467	-7.365	2.315	6.200
1210	-7.365	2.317	7.076
1565	-7.365	2.316	6.900
1104	-7.365	1.520	7.078
1185	-7.365	1.520	12.939
1146	-7.364	2.315	6.459
1125	-7.364	2.316	7.351
1136	-7.364	2.316	6.234
1532	-7.364	2.316	14.053
1141	-7.364	2.316	14.056
1193	-7.364	2.316	14.045
1178	-7.364	2.315	13.046
1245	-7.363	2.314	5.379
1041	-7.363	2.315	5.379
1082	-7.363	2.315	5.379
1050	-7.362	2.315	5.379
1215	-7.362	1.516	5.379
1490	-7.345	2.718	5.385
1516	-7.336	2.178	10.628
1592	-7.280	2.162	8.254
1511	-7.222	2.098	11.428
1234	-7.221	2.058	11.429
1500	-7.219	2.160	1.373
1461	-7.181	1.527	5.946
1073	-7.174	1.510	6.496
1338	-7.172	2.104	6.486
1097	-7.164	2.104	6.476
1627	-7.164	2.107	6.302
1235	-7.158	2.105	6.067
1471	-7.139	1.458	4.197
1569	-7.128	2.102	6.097
1221	-7.126	2.115	6.095
1326	-7.125	1.535	6.094
1106	-7.125	2.116	6.103
1647	-7.125	2.116	4.949
1653	-7.125	2.117	6.120
1493	-7.125	2.118	6.123
1098	-7.124	2.116	6.014
1322	-7.123	1.534	5.997
1279	-7.122	1.528	7.683
1293	-7.122	1.528	5.998
1299	-7.122	1.529	5.280
1020	-7.122	1.527	5.032
1309	-7.122	1.553	6.492
1347	-7.119	1.527	7.642
1029	-7.118	1.530	7.642
1024	-7.117	1.529	7.765
1345	-7.116	1.546	7.767
1272	-7.116	1.561	5.822
1366	-7.116	1.529	5.822
1440	-7.115	1.528	5.825
1394	-7.114	1.528	7.772
1520	-7.113	1.528	5.822
1371	-7.111	1.527	7.759
1373	-7.111	1.535	7.760
1124	-7.110	1.528	5.822
1203	-7.109	1.527	7.762
1064	-7.107	1.527	7.643
1165	-7.101	1.541	7.770
1116	-7.096	1.511	3.104
1660	-7.083	2.147	3.580
1313	-7.082	2.123	2.614
1353	-7.078	2.123	3.574
1580	-7.078	2.123	3.107
1095	-7.077	1.483	3.101
1607	-7.077	2.123	3.106
1525	-7.077	2.123	2.610
1536	-7.077	2.124	2.886
1611	-7.076	2.123	5.247
1043	-7.065	1.578	5.242
1294	-7.064	0.776	5.243
1273	-7.042	1.533	4.890
1085	-7.039	1.557	3.532
1325	-7.037	1.527	19.375
1429	-7.031	1.532	3.366
1498	-7.030	1.535	3.353
1267	-7.029	2.324	3.353
1582	-7.028	1.539	3.494
1487	-7.026	1.527	3.447
1399	-7.025	1.529	3.946
1357	-7.024	1.523	3.357
1126	-7.023	1.535	3.355
1312	-7.022	2.282	2.541
1212	-7.022	1.528	7.993
1239	-7.022	1.533	2.544
1244	-7.022	1.533	3.925
1087	-7.021	2.320	8.013
1156	-7.021	1.559	5.538
1083	-7.019	1.531	3.914
1166	-7.014	2.282	3.866
1390	-7.007	2.282	4.539
1673	-6.990	1.511	6.394
1524	-6.984	1.756	3.350
1257	-6.980	1.757	4.587
1170	-6.979	1.757	3.334
1224	-6.975	1.743	3.586
1277	-6.973	1.798	6.787
1263	-6.968	1.526	10.210
1295	-6.967	1.518	7.069
1265	-6.967	1.521	6.893
1275	-6.967	1.522	8.106
1310	-6.967	1.519	8.113
1288	-6.967	1.528	7.386
1026	-6.964	1.524	7.273
1249	-6.962	2.134	6.816
1269	-6.960	2.025	7.785
1476	-6.958	1.515	7.996
1441	-6.958	1.516	11.428
1463	-6.958	1.517	11.428
1423	-6.958	1.519	11.429
1385	-6.958	1.522	11.429
1455	-6.958	1.522	7.742
1350	-6.957	2.131	11.429
1515	-6.957	1.517	11.425
1388	-6.956	1.510	11.425
1489	-6.956	1.519	11.876
1383	-6.956	1.518	11.876
1162	-6.955	1.519	11.876
1045	-6.955	1.521	11.876
1057	-6.955	1.521	11.876
1048	-6.954	1.517	11.427
1175	-6.954	1.517	11.872
1074	-6.954	1.520	11.871
1190	-6.954	1.515	11.362
1071	-6.954	1.524	11.867
1065	-6.954	1.514	11.859
1078	-6.954	1.518	11.866
1133	-6.954	1.519	11.871
1077	-6.954	1.519	7.508
1219	-6.954	1.521	11.858
1105	-6.953	1.521	11.688
1211	-6.952	1.513	7.705
1099	-6.952	1.526	7.703
1240	-6.951	1.500	7.698
1103	-6.950	2.133	8.598
1407	-6.950	2.132	7.698
1457	-6.950	2.131	7.605
1218	-6.947	2.098	7.816
1246	-6.947	2.098	8.023
1629	-6.947	2.128	8.338
1204	-6.946	2.098	7.886
1028	-6.943	1.594	7.686
1632	-6.939	1.907	7.684
1480	-6.936	2.112	8.611
1194	-6.918	2.032	12.800
1184	-6.915	2.291	7.677
1589	-6.907	1.989	12.912
1278	-6.905	2.291	12.900
1158	-6.896	2.304	7.751
1101	-6.884	2.182	12.883
1094	-6.877	1.740	19.955
1352	-6.866	1.525	12.977
1382	-6.855	1.520	12.879
1055	-6.853	1.519	6.526
1148	-6.853	1.522	6.526
1529	-6.851	2.054	6.527
1654	-6.842	1.160	6.527
1571	-6.835	2.095	12.880
1381	-6.819	2.140	12.993
1217	-6.772	0.883	12.878
1223	-6.761	0.649	12.967
1602	-6.747	1.385	8.502
1348	-6.732	1.168	12.987
1274	-6.702	1.533	7.557
1327	-6.701	1.533	7.554
1503	-6.699	1.533	7.554
1303	-6.699	1.532	8.499
1287	-6.698	1.531	7.487
1414	-6.695	1.532	7.484
1624	-6.695	1.533	7.555
1606	-6.695	1.530	7.483
1367	-6.694	1.532	7.484
1473	-6.692	1.531	8.473
1442	-6.692	1.531	6.559
1173	-6.692	1.532	6.559
1426	-6.692	1.530	6.559
1628	-6.691	1.532	6.558
1619	-6.691	1.531	10.184
1054	-6.691	1.532	6.555
1469	-6.691	1.532	7.355
1115	-6.691	1.544	10.199
1547	-6.690	1.531	7.340
1513	-6.690	1.531	8.468
1209	-6.690	1.532	8.467
1198	-6.689	1.531	8.158
1052	-6.689	1.532	8.457
1089	-6.689	1.531	19.044
1179	-6.688	1.529	7.197
1066	-6.688	1.532	7.144
1076	-6.688	1.532	7.170
1060	-6.687	1.527	7.091
1427	-6.659	1.176	8.206
1422	-6.629	0.940	6.562
1285	-6.598	1.533	8.174
1264	-6.598	1.533	6.569
1433	-6.594	1.531	13.014
1227	-6.591	1.534	13.015
1169	-6.589	1.533	6.571
1182	-6.587	1.568	13.034
1690	-6.581	1.790	13.017
1330	-6.557	2.313	8.393
1484	-6.549	2.316	8.391
1409	-6.520	0.304	7.210
1339	-6.511	1.530	14.090
1612	-6.399	3.422	14.602
1205	-6.385	2.409	16.866
1379	-6.335	1.559	7.110
1323	-6.196	1.550	5.946
1343	-6.177	1.977	5.947
1492	-6.167	1.978	5.946
1035	-6.164	1.985	6.506
1304	-6.160	1.985	5.946
1145	-6.130	1.962	5.946
1142	-6.130	1.962	6.505
1403	-6.108	1.736	6.505
1268	-6.094	1.551	6.504
1177	-6.093	0.523	5.946
1255	-6.092	1.969	5.947
1183	-6.077	1.988	6.503
1370	-6.077	1.987	6.483
1306	-6.048	1.989	6.500
1475	-6.048	1.988	6.499
1393	-6.046	1.988	6.499
1372	-6.044	1.991	5.674
1405	-6.043	1.989	6.479
1222	-5.981	2.223	6.114
1447	-5.826	2.078	4.222
1462	-5.825	2.078	7.082
1464	-5.825	2.080	5.611
1378	-5.804	2.093	5.615
1061	-5.795	2.095	4.201
1096	-5.728	3.447	5.460
1546	-5.726	3.447	4.540
1113	-5.722	3.448	6.101
1032	-5.722	3.448	5.395
1151	-5.722	3.451	4.579
1049	-5.721	3.448	6.102
1075	-5.721	3.448	4.554
1247	-5.715	3.448	4.565
1174	-5.714	3.449	6.124
1315	-5.714	3.448	6.132
1127	-5.713	3.449	6.139
1196	-5.713	3.449	6.141
1202	-5.713	3.449	5.998
1368	-5.713	3.449	7.684
1608	-5.713	3.449	7.684
1149	-5.713	3.449	6.499
1543	-5.713	3.448	5.368
1284	-5.713	3.448	7.643
1361	-5.713	3.449	19.826
1365	-5.713	3.449	7.643
1356	-5.712	3.449	7.765
1425	-5.712	3.449	7.644
1443	-5.712	3.449	5.827
1254	-5.712	3.448	5.827
1481	-5.711	3.449	5.826
1645	-5.708	3.432	7.641
1496	-5.706	3.449	7.641
1140	-5.683	2.081	7.640
1213	-5.683	2.094	5.830
1359	-5.681	2.096	5.829
1091	-5.680	2.106	7.773
1358	-5.679	2.074	3.612
1192	-5.676	2.079	7.641
1332	-5.673	2.227	7.640
1088	-5.669	2.131	7.761
1408	-5.667	2.159	5.827
1445	-5.666	2.163	5.827
1120	-5.663	2.188	7.761
1431	-5.662	2.220	3.108
1652	-5.662	2.214	3.110
1488	-5.661	2.211	3.110
1301	-5.569	3.339	3.110
1518	-5.551	2.094	3.588
1418	-5.500	3.301	3.585
1416	-5.477	3.707	3.110
1302	-5.464	3.710	3.585
1410	-5.463	3.710	3.585
1507	-5.444	3.711	3.110
1563	-5.153	3.443	5.245
1564	-5.153	3.442	4.893
1601	-5.153	3.442	3.541
1421	-5.149	1.906	3.531
1573	-5.147	3.446	19.377
1618	-5.142	3.441	3.535
1625	-5.130	3.447	3.507
1620	-5.130	3.447	5.003
1437	-5.130	3.447	2.560
1674	-5.129	3.447	2.552
1676	-5.129	3.448	2.539
1675	-5.129	3.448	2.538
1631	-5.129	3.447	2.541
1504	-5.126	3.573	2.535
1585	-5.126	3.448	2.521
1588	-5.126	3.448	2.545
1683	-5.126	3.448	18.739
1468	-5.126	3.448	3.370
1685	-5.126	3.447	3.361
1697	-5.126	3.446	3.379
1613	-5.124	3.574	3.368
1297	-5.124	3.448	3.452
1550	-5.121	3.450	3.928
1552	-5.121	3.449	6.120
1615	-5.120	3.449	3.372
1646	-5.117	3.450	6.098
1641	-5.111	3.440	4.368
1638	-5.109	3.441	6.382
1559	-5.022	2.258	3.929
1517	-4.999	3.522	3.924
1482	-4.998	3.523	8.002
1334	-4.993	3.524	8.022
1491	-4.993	2.466	4.536
1172	-4.992	3.524	3.538
1311	-4.992	3.525	19.428
1362	-4.991	3.525	3.356
1241	-4.991	3.524	3.344
1251	-4.991	3.524	4.582
1581	-4.991	3.524	3.522
1250	-4.991	3.524	4.594
1530	-4.990	3.524	5.560
1537	-4.990	3.524	7.024
1319	-4.961	3.194	6.203
1118	-4.961	3.105	7.071
1444	-4.918	3.238	7.330
1454	-4.918	3.221	6.182
1579	-4.918	3.205	8.050
1459	-4.369	2.699	11.450
1621	-4.347	3.630	11.447
1474	-4.347	3.628	11.447
1658	-4.346	3.631	11.448
1664	-4.346	3.634	11.898
1376	-4.345	3.631	11.447
1696	-4.343	3.632	11.448
1533	-4.343	3.632	11.893
1616	-4.338	3.633	11.893
1634	-4.293	3.746	11.896
1551	-4.179	3.853	11.888
1452	-4.179	3.854	11.887
1695	-4.179	3.854	11.887
1688	-4.178	3.855	11.877
