27	-12.238	0.000	0.000
377	-12.154	0.213	4.611
30	-12.112	0.251	4.617
373	-12.086	0.208	11.765
306	-12.081	0.239	8.503
22	-11.934	1.773	26.198
73	-11.518	3.648	8.128
46	-11.473	1.759	8.171
56	-11.473	1.759	11.745
57	-11.473	1.759	10.063
177	-11.472	1.759	11.749
66	-11.472	1.759	-0.000
173	-11.471	1.095	5.082
34	-11.471	1.759	4.695
41	-11.471	1.759	5.160
826	-11.464	1.090	13.611
197	-11.458	3.634	13.612
130	-11.458	3.634	5.093
138	-11.436	1.107	5.157
198	-11.431	3.647	5.104
44	-11.428	3.640	4.201
15	-11.423	3.644	2.736
20	-11.423	3.644	2.450
101	-11.389	1.765	2.523
187	-11.389	1.765	3.911
183	-11.388	1.765	13.095
194	-11.388	1.765	13.096
317	-11.316	1.764	13.087
118	-11.314	1.762	12.154
2	-11.307	1.769	12.138
14	-11.306	1.768	13.061
9	-11.305	1.768	4.506
10	-11.305	1.768	4.506
248	-11.268	1.772	4.506
246	-11.259	3.647	4.506
135	-11.253	3.632	4.506
200	-11.252	3.631	4.507
88	-11.252	3.631	3.328
76	-11.252	3.631	4.513
100	-11.252	3.631	4.513
140	-11.251	3.630	3.328
151	-11.250	3.629	3.328
145	-11.249	3.617	3.328
110	-11.247	1.773	3.328
58	-11.246	3.623	3.329
74	-11.242	1.763	3.329
402	-11.236	1.773	4.512
63	-11.189	3.387	4.513
106	-11.189	3.384	4.513
117	-11.188	3.385	3.330
38	-11.186	3.382	4.513
37	-11.185	3.384	4.513
11	-11.184	3.386	3.326
108	-11.154	3.386	3.326
147	-11.153	3.386	3.323
220	-11.153	3.386	-0.000
679	-11.148	1.111	3.328
394	-11.106	1.118	3.329
331	-11.106	1.116	3.329
237	-11.101	1.113	3.334
158	-11.099	1.118	11.661
131	-10.981	3.366	11.659
358	-10.889	3.612	4.478
136	-10.859	3.398	4.479
39	-10.859	3.398	10.818
12	-10.856	3.401	11.956
17	-10.856	3.401	11.955
84	-10.849	2.588	11.943
349	-10.689	3.389	8.995
673	-10.672	3.385	11.410
111	-10.604	2.454	11.939
218	-10.429	2.468	8.964
231	-10.424	2.469	12.375
232	-10.424	2.469	9.763
204	-10.423	2.468	11.138
228	-10.423	2.468	7.737
85	-10.423	2.469	11.943
42	-10.418	2.468	12.400
354	-10.271	2.990	3.806
737	-10.248	2.448	26.919
294	-10.204	2.444	3.845
391	-10.202	2.445	3.772
422	-10.198	2.444	3.805
52	-9.021	3.486	22.928
36	-9.019	3.486	22.949
13	-9.003	3.487	22.949
19	-9.003	3.487	22.949
189	-9.000	3.480	22.928
234	-8.999	3.476	22.929
124	-8.949	3.484	22.939
3	-8.935	3.486	22.940
5	-8.935	3.486	22.938
6	-8.935	3.486	22.939
21	-8.931	3.486	22.861
32	-8.859	3.382	-0.000
45	-8.841	3.615	17.849
8	-8.823	2.503	17.909
51	-8.722	2.784	16.824
71	-8.722	2.784	15.800
221	-8.713	3.485	17.864
65	-8.679	3.481	18.299
119	-8.679	3.481	18.309
43	-8.632	2.247	24.275
90	-8.594	2.236	17.393
104	-8.591	2.203	23.076
29	-8.591	2.235	24.429
244	-8.584	2.278	23.068
125	-8.569	3.569	24.542
191	-8.561	2.198	1.941
61	-8.525	3.535	17.240
417	-8.524	3.475	17.240
383	-8.521	3.488	17.240
75	-8.512	2.781	24.556
153	-8.509	3.484	1.582
82	-8.499	3.477	24.536
196	-8.492	3.107	16.899
308	-8.487	2.238	16.893
425	-8.481	2.243	16.901
55	-8.434	3.530	19.378
413	-8.389	2.231	17.592
386	-8.288	3.534	18.953
638	-8.282	3.528	18.954
211	-8.280	3.530	24.258
327	-8.271	3.531	24.188
249	-8.164	2.843	7.483
48	-8.138	3.153	7.488
62	-8.137	3.153	3.432
23	-8.134	3.153	3.446
40	-8.134	3.153	8.007
28	-8.133	3.149	8.010
161	-8.110	3.519	3.100
1004	-8.107	3.519	2.946
564	-8.104	3.518	3.369
835	-8.100	3.516	3.494
936	-8.099	3.516	3.500
942	-8.091	3.491	3.511
1732	-8.075	3.518	9.390
960	-8.065	3.519	9.389
482	-8.008	2.258	9.472
169	-7.972	2.261	2.532
751	-7.971	2.268	2.533
412	-7.969	2.263	3.403
371	-7.968	2.263	3.411
587	-7.966	2.268	2.533
481	-7.965	2.347	2.632
765	-7.965	2.269	2.105
651	-7.965	2.272	2.793
616	-7.965	2.265	2.794
619	-7.965	2.270	2.795
666	-7.965	2.270	2.793
820	-7.965	2.270	2.790
514	-7.965	2.270	2.790
577	-7.965	2.270	2.791
660	-7.965	2.270	2.165
518	-7.965	2.269	5.670
513	-7.965	2.270	3.400
640	-7.965	2.270	3.400
772	-7.965	2.270	17.941
756	-7.965	2.275	3.391
1958	-7.965	2.269	3.067
665	-7.964	2.286	8.752
99	-7.963	2.271	1.834
791	-7.963	2.277	1.852
810	-7.960	2.285	1.796
434	-7.959	2.266	1.785
445	-7.959	2.265	1.787
449	-7.958	2.265	1.827
444	-7.958	2.265	1.817
447	-7.958	2.265	1.819
494	-7.958	2.266	17.400
472	-7.958	2.265	3.362
493	-7.958	2.265	3.354
499	-7.958	2.268	3.276
465	-7.957	2.263	3.356
460	-7.951	2.290	3.047
385	-7.947	2.268	1.964
226	-7.944	2.268	3.644
635	-7.943	2.243	1.967
809	-7.942	2.205	3.646
795	-7.942	2.278	7.714
492	-7.932	2.236	1.961
814	-7.928	2.302	8.842
1001	-7.922	2.274	2.533
502	-7.920	2.275	18.161
78	-7.920	3.604	18.168
797	-7.919	2.270	3.256
455	-7.917	2.814	2.766
527	-7.916	2.272	2.089
560	-7.916	2.275	2.763
612	-7.916	2.274	10.753
803	-7.916	2.275	10.597
557	-7.916	2.277	9.888
519	-7.916	2.277	9.909
755	-7.916	2.277	6.868
804	-7.916	2.277	6.867
599	-7.916	2.278	7.886
657	-7.916	2.279	7.737
554	-7.916	2.277	8.875
595	-7.916	2.276	7.724
581	-7.916	2.277	9.005
550	-7.916	2.276	10.057
526	-7.916	2.277	9.626
533	-7.916	2.285	7.816
668	-7.916	2.282	14.221
566	-7.915	2.289	14.223
458	-7.913	2.672	14.212
503	-7.911	2.260	13.192
504	-7.909	2.278	14.201
780	-7.909	2.324	14.176
614	-7.907	2.328	5.786
749	-7.899	2.539	5.786
790	-7.891	2.297	5.786
788	-7.876	2.329	5.786
770	-7.876	2.351	5.792
1813	-7.872	2.276	5.792
1854	-7.872	2.277	4.659
1814	-7.872	2.277	4.659
1801	-7.872	2.275	4.659
1778	-7.871	2.282	4.659
1832	-7.871	2.269	4.659
1744	-7.871	2.286	4.659
800	-7.870	2.278	5.793
1829	-7.869	2.298	5.793
1849	-7.867	2.258	4.664
767	-7.866	2.257	4.660
583	-7.863	2.639	5.831
637	-7.862	2.679	4.665
1833	-7.850	2.669	12.999
662	-7.844	2.351	12.996
1751	-7.840	2.325	12.556
611	-7.827	2.823	13.000
1748	-7.826	2.334	13.000
1842	-7.808	2.498	13.478
1870	-7.807	2.683	10.066
1796	-7.807	2.257	8.881
570	-7.804	2.633	12.363
1862	-7.803	2.319	10.131
320	-7.800	2.579	12.358
1881	-7.790	2.306	8.917
414	-7.785	2.936	9.862
1972	-7.782	2.304	9.646
955	-7.770	3.306	12.760
813	-7.738	2.411	4.860
897	-7.736	2.300	13.665
893	-7.736	2.297	4.832
828	-7.736	2.305	4.788
846	-7.736	2.300	8.485
834	-7.736	2.305	4.796
857	-7.736	2.305	4.786
882	-7.736	2.306	11.034
900	-7.736	2.302	11.037
901	-7.736	2.306	8.534
911	-7.736	2.306	8.527
994	-7.736	2.311	11.036
941	-7.735	2.298	10.300
887	-7.734	2.314	8.541
938	-7.733	2.287	11.037
987	-7.731	2.285	11.035
917	-7.731	2.317	11.036
844	-7.727	2.280	10.303
931	-7.725	2.299	13.003
914	-7.725	2.318	13.004
962	-7.721	2.311	12.997
907	-7.720	2.269	12.996
874	-7.718	2.254	6.085
1844	-7.709	2.461	8.791
867	-7.691	2.303	27.519
722	-7.689	2.310	8.819
736	-7.689	2.310	8.526
1733	-7.688	2.544	3.125
728	-7.688	2.316	10.728
838	-7.688	2.311	10.731
918	-7.687	2.302	10.831
904	-7.687	2.310	10.833
877	-7.687	2.313	10.835
923	-7.687	2.315	10.789
830	-7.687	2.308	10.799
685	-7.685	2.326	10.803
961	-7.683	2.305	10.804
726	-7.682	2.324	8.572
851	-7.681	2.284	8.508
730	-7.668	2.249	8.655
933	-7.666	2.295	8.653
720	-7.656	2.316	2.994
721	-7.640	2.313	8.686
715	-7.640	2.316	8.692
732	-7.640	2.315	27.872
397	-7.634	2.313	10.321
688	-7.634	2.342	11.606
845	-7.633	2.451	5.183
347	-7.589	2.306	5.963
848	-7.588	2.806	5.962
789	-7.586	2.734	6.511
972	-7.578	2.219	6.512
865	-7.572	2.366	5.963
909	-7.534	2.248	6.042
380	-7.527	2.085	4.570
920	-7.519	2.612	4.202
925	-7.519	3.347	4.591
903	-7.511	3.320	6.088
869	-7.504	3.376	5.796
706	-7.501	3.387	5.795
895	-7.500	3.292	7.789
648	-7.496	3.975	3.588
902	-7.496	3.310	5.795
913	-7.495	3.293	2.605
746	-7.494	3.320	2.604
840	-7.478	2.414	2.502
423	-7.478	3.353	2.516
680	-7.468	3.403	6.512
691	-7.455	1.390	6.318
701	-7.455	1.392	6.318
677	-7.451	2.512	4.659
744	-7.439	0.326	6.613
569	-7.437	1.697	4.209
647	-7.437	1.697	4.567
655	-7.437	1.697	6.630
805	-7.437	1.698	5.448
584	-7.437	1.695	4.962
816	-7.437	1.696	7.057
778	-7.436	1.697	5.588
1969	-7.436	1.684	6.960
773	-7.436	1.697	4.594
1015	-7.436	1.697	5.566
1017	-7.436	1.697	5.550
1964	-7.436	1.697	5.482
1966	-7.436	1.695	5.435
574	-7.436	1.701	6.075
1967	-7.435	1.704	6.075
601	-7.435	1.724	6.074
705	-7.433	3.282	6.082
669	-7.430	1.729	4.530
753	-7.429	1.683	7.545
977	-7.425	2.349	6.111
709	-7.421	2.482	5.014
742	-7.418	0.285	5.363
894	-7.413	3.301	19.814
689	-7.407	3.298	7.657
747	-7.401	2.178	5.801
364	-7.393	1.680	5.800
1961	-7.392	1.800	5.800
868	-7.390	1.298	7.655
486	-7.390	1.680	5.804
488	-7.389	1.680	5.803
937	-7.385	2.318	7.788
399	-7.384	3.436	20.059
437	-7.381	0.891	7.654
469	-7.381	0.891	7.776
1824	-7.378	3.926	7.793
610	-7.376	1.700	3.092
642	-7.376	1.700	2.606
525	-7.376	1.701	3.094
618	-7.376	1.702	2.604
819	-7.376	1.701	5.226
543	-7.376	1.704	5.226
556	-7.376	1.708	5.226
279	-7.375	1.701	5.227
783	-7.375	1.701	5.221
415	-7.372	0.888	4.894
1012	-7.368	1.695	2.520
888	-7.351	3.216	4.153
565	-7.343	0.937	4.153
615	-7.343	0.942	4.154
576	-7.343	0.944	4.153
661	-7.343	0.945	4.154
562	-7.343	0.945	4.154
510	-7.343	0.946	5.386
563	-7.343	0.946	5.386
597	-7.343	0.946	5.386
605	-7.343	0.947	4.155
559	-7.343	0.950	5.386
793	-7.343	0.956	5.386
588	-7.343	0.957	4.153
528	-7.343	0.961	4.153
1974	-7.342	0.910	4.163
623	-7.342	0.916	4.157
1971	-7.342	0.935	4.158
776	-7.342	0.943	4.158
785	-7.342	0.938	4.170
769	-7.342	0.937	12.550
786	-7.342	0.938	12.548
1970	-7.342	0.943	5.365
1973	-7.342	0.942	5.365
757	-7.342	0.943	11.700
774	-7.342	0.942	12.853
1956	-7.342	0.945	12.830
1959	-7.342	0.945	12.841
1963	-7.342	0.945	13.804
807	-7.342	0.947	12.348
631	-7.342	0.949	12.835
771	-7.342	0.951	12.839
754	-7.342	0.952	13.297
1975	-7.342	0.956	13.298
1968	-7.342	0.957	12.055
1960	-7.342	0.962	12.058
1965	-7.342	0.968	12.840
758	-7.342	0.978	13.318
672	-7.342	0.982	13.332
784	-7.342	0.989	9.836
796	-7.341	1.025	9.915
815	-7.340	1.030	9.590
824	-7.339	0.874	9.419
608	-7.339	1.050	12.548
589	-7.338	1.067	12.545
1006	-7.336	0.896	12.547
871	-7.334	1.793	10.642
873	-7.334	1.792	8.680
908	-7.334	1.793	12.566
935	-7.334	1.793	12.572
991	-7.334	1.792	12.579
878	-7.334	1.794	4.358
858	-7.334	1.795	12.583
969	-7.334	1.796	4.370
979	-7.334	1.800	4.396
885	-7.331	1.769	5.341
508	-7.327	1.702	12.889
1003	-7.322	1.107	27.625
478	-7.321	0.886	4.301
777	-7.313	1.251	4.349
621	-7.313	1.598	13.489
712	-7.311	1.816	4.345
718	-7.311	1.816	4.341
553	-7.299	0.985	4.330
1005	-7.298	3.536	13.492
1800	-7.293	2.493	4.284
546	-7.286	1.459	27.532
607	-7.286	1.459	4.085
766	-7.286	1.459	4.370
927	-7.286	1.793	4.359
929	-7.286	1.793	13.490
663	-7.285	1.459	4.336
794	-7.283	0.932	4.333
555	-7.283	0.937	4.314
558	-7.283	0.936	4.305
573	-7.282	0.933	10.747
821	-7.282	0.936	10.747
670	-7.282	0.963	10.750
632	-7.282	0.967	8.263
561	-7.282	0.990	8.257
649	-7.281	0.893	8.257
1000	-7.277	0.925	10.747
990	-7.274	1.796	9.971
959	-7.274	1.796	9.970
966	-7.274	1.795	12.794
273	-7.267	0.925	12.792
703	-7.263	2.356	8.300
315	-7.262	1.465	11.857
740	-7.253	1.875	2.510
704	-7.240	0.342	2.528
889	-7.226	1.796	4.319
420	-7.221	1.463	4.950
719	-7.208	2.070	7.137
965	-7.203	2.041	7.105
175	-7.197	3.755	7.102
1957	-7.191	1.388	6.272
890	-7.183	0.696	6.273
906	-7.182	2.546	7.042
842	-7.178	1.202	5.946
864	-7.178	1.220	5.946
980	-7.178	1.225	5.946
863	-7.178	1.226	5.945
856	-7.178	1.236	5.946
836	-7.177	1.150	5.946
967	-7.177	1.170	5.946
971	-7.177	1.185	6.502
981	-7.177	1.186	6.502
952	-7.177	1.204	6.502
829	-7.177	1.213	6.502
886	-7.177	1.214	6.502
912	-7.177	1.217	6.502
922	-7.177	1.224	5.946
872	-7.177	1.230	5.947
853	-7.177	1.230	5.947
862	-7.177	1.259	6.502
997	-7.177	1.255	5.945
850	-7.176	1.105	6.498
939	-7.176	1.119	5.947
950	-7.176	1.279	6.501
975	-7.176	1.293	6.500
930	-7.175	1.040	5.815
832	-7.175	1.289	6.497
928	-7.174	1.020	6.496
964	-7.172	1.316	6.493
919	-7.159	2.873	6.309
779	-7.159	1.125	6.106
687	-7.152	1.186	6.063
686	-7.152	1.213	6.063
724	-7.152	1.243	5.194
731	-7.152	1.247	4.581
681	-7.152	1.246	6.098
708	-7.152	1.260	5.020
699	-7.152	1.295	6.633
974	-7.152	1.636	4.582
734	-7.151	1.190	4.220
883	-7.149	2.477	6.106
733	-7.149	1.311	6.651
524	-7.146	1.296	4.215
944	-7.143	1.624	5.617
682	-7.141	1.307	5.637
963	-7.138	0.477	4.192
285	-7.133	3.736	6.097
1018	-7.129	0.909	4.959
926	-7.123	1.407	4.522
985	-7.116	1.203	7.644
861	-7.115	1.058	5.822
916	-7.115	1.126	5.821
854	-7.115	1.194	7.640
948	-7.114	1.268	5.825
876	-7.113	2.956	20.059
891	-7.102	0.582	3.565
1962	-7.099	1.431	3.101
620	-7.089	1.182	3.105
342	-7.085	1.240	3.580
957	-7.082	1.187	3.580
995	-7.060	1.566	5.243
1760	-7.051	3.997	5.239
1977	-7.041	1.403	3.534
684	-7.032	1.368	2.538
958	-6.987	1.263	6.395
1769	-6.986	3.739	4.584
892	-6.968	2.520	9.107
781	-6.937	2.654	7.681
692	-6.915	2.337	7.680
875	-6.896	2.174	12.800
924	-6.884	2.491	6.686
723	-6.750	1.522	12.972
989	-6.748	2.816	12.973
690	-6.748	1.596	12.884
1729	-6.716	3.264	7.559
884	-6.676	2.657	8.416
982	-6.668	1.636	8.413
702	-6.646	2.661	8.129
999	-6.574	2.251	6.571
1784	-6.538	2.687	19.024
1878	-6.537	2.657	6.735
741	-6.520	2.832	10.698
896	-6.473	2.359	12.847
1812	-6.302	3.391	7.108
973	-6.268	2.701	6.279
833	-6.125	2.843	6.505
400	-6.124	2.735	6.505
798	-6.098	3.041	5.947
837	-6.087	2.873	6.503
956	-6.028	3.031	6.300
949	-6.021	2.935	6.302
698	-5.980	2.833	6.112
986	-5.969	2.933	4.681
806	-5.833	2.845	5.473
675	-5.801	3.293	4.622
910	-5.777	3.382	4.565
954	-5.415	3.054	5.252
984	-5.415	3.059	5.252
915	-5.353	3.040	5.247
1019	-5.245	3.196	5.247
1007	-5.241	3.203	5.248
