435	-5.288	0.000	0.000
1349	-4.849	2.456	0.000
1338	-4.845	2.734	0.000
1346	-4.845	2.734	0.000
1356	-4.843	2.734	0.000
1403	-4.840	2.734	0.000
1410	-4.840	2.734	0.000
1353	-4.833	2.456	0.000
1432	-4.744	2.465	0.000
1343	-4.741	2.457	0.000
1347	-4.741	2.457	0.000
1322	-4.741	2.457	0.000
1374	-4.735	2.457	0.000
1382	-4.735	2.457	0.000
1387	-4.735	2.457	0.000
1381	-4.735	2.457	0.000
1395	-4.735	2.457	0.000
1429	-4.735	2.458	0.000
1336	-4.722	2.731	0.000
1352	-4.722	2.730	0.000
1357	-4.720	2.729	0.000
1363	-4.717	2.729	0.000
1364	-4.717	2.730	0.000
1367	-4.717	2.730	0.000
1401	-4.717	2.730	0.000
1426	-4.717	2.730	0.000
1431	-4.710	1.790	0.000
1414	-4.644	2.451	0.000
1378	-4.451	2.215	0.000
