1080	-6.485	0.000	0.000
1178	-6.484	0.009	0.000
1195	-6.475	0.031	0.000
1207	-6.474	0.032	0.000
1208	-6.474	0.032	0.000
1280	-6.474	0.031	0.000
1301	-6.474	0.032	0.000
1310	-6.473	0.034	0.000
1203	-6.472	0.039	0.000
1072	-6.435	0.053	0.000
1167	-6.353	2.315	0.000
1236	-6.300	2.384	0.000
1180	-6.299	2.384	0.000
1215	-6.299	2.385	0.000
1163	-6.299	2.385	0.000
1171	-6.299	2.385	0.000
1231	-6.287	2.040	0.000
1294	-6.285	2.033	0.000
1220	-6.272	1.675	0.000
1131	-6.267	1.574	0.000
1269	-6.224	2.384	0.000
1242	-6.217	2.092	0.000
1022	-6.217	2.384	0.000
1051	-6.214	2.385	0.000
1145	-6.214	2.384	0.000
1263	-6.213	2.385	0.000
1258	-6.213	2.384	0.000
1151	-6.213	2.384	0.000
1149	-6.210	2.091	0.000
1164	-6.204	2.091	0.000
1179	-6.204	2.091	0.000
1282	-6.185	2.091	0.000
1288	-6.185	2.091	0.000
1212	-6.115	2.364	0.000
1291	-6.106	2.393	0.000
1191	-6.106	2.393	0.000
1197	-6.071	2.126	0.000
1146	-6.060	2.125	0.000
1157	-6.059	2.125	0.000
1201	-6.058	2.134	0.000
1206	-6.058	2.134	0.000
1257	-6.053	2.113	0.000
1241	-6.052	2.113	0.000
1158	-6.021	2.111	0.000
1124	-5.969	3.065	0.000
1216	-5.965	3.064	0.000
1196	-5.965	3.064	0.000
1248	-5.914	2.314	0.000
1247	-5.909	2.387	0.000
1299	-5.907	2.387	0.000
1262	-5.907	2.387	0.000
1181	-5.902	2.313	0.000
1270	-5.899	2.313	0.000
1268	-5.883	2.387	0.000
1254	-5.882	2.387	0.000
1278	-5.880	2.388	0.000
1187	-5.875	1.530	0.000
1188	-5.864	3.852	0.000
1287	-5.859	3.853	0.000
1211	-5.815	3.420	0.000
1240	-5.807	1.526	0.000
1235	-5.805	2.116	0.000
1303	-5.718	3.546	0.000
1239	-5.717	3.546	0.000
1214	-5.696	2.441	0.000
1152	-5.670	2.432	0.000
1192	-5.645	3.225	0.000
1308	-5.573	2.117	0.000
1277	-5.572	2.118	0.000
1229	-5.572	2.118	0.000
1169	-5.566	2.118	0.000
1213	-5.529	2.027	0.000
1210	-5.529	2.028	0.000
1168	-5.528	2.027	0.000
1173	-4.955	2.477	0.000
1251	-4.923	2.488	0.000
