1156	-7.905	0.000	0.000
1148	-7.904	0.001	0.000
1295	-7.886	1.366	0.000
1253	-7.867	1.807	0.000
1300	-7.867	1.807	0.000
1245	-7.813	1.862	0.000
1155	-7.813	0.819	0.000
1162	-7.796	0.095	0.000
1175	-7.794	0.096	0.000
1272	-7.794	0.096	0.000
1306	-7.794	0.096	0.000
1205	-7.794	0.096	0.000
1166	-7.765	0.086	0.000
1226	-7.764	0.087	0.000
1238	-7.764	0.087	0.000
1176	-7.744	0.084	0.000
1177	-7.741	2.428	0.000
1193	-7.741	2.427	0.000
1267	-7.741	2.428	0.000
1274	-7.741	2.428	0.000
1281	-7.741	2.428	0.000
1298	-7.741	2.429	0.000
1174	-7.740	0.075	0.000
1230	-7.738	0.122	0.000
1276	-7.732	0.112	0.000
1284	-7.703	0.113	0.000
1271	-7.682	0.130	0.000
1222	-7.672	2.396	0.000
1161	-7.602	2.639	0.000
1150	-7.602	2.643	0.000
1147	-7.602	2.642	0.000
1153	-7.602	2.643	0.000
1194	-7.597	2.511	0.000
1285	-7.591	2.531	0.000
1250	-7.558	2.540	0.000
1265	-7.376	2.835	0.000
1165	-7.265	2.394	0.000
1283	-7.243	1.990	0.000
1297	-7.243	1.987	0.000
1172	-7.236	2.401	0.000
1279	-7.225	2.037	0.000
1218	-7.221	2.038	0.000
1275	-7.102	2.796	0.000
1190	-7.052	3.136	0.000
1189	-7.039	1.365	0.000
1307	-7.031	3.166	0.000
1186	-7.028	3.167	0.000
1246	-6.992	2.616	0.000
1309	-6.979	3.154	0.000
1252	-6.978	3.154	0.000
1286	-6.976	3.156	0.000
1198	-6.882	3.227	0.000
1293	-6.880	3.227	0.000
1232	-6.852	1.348	0.000
1204	-6.788	3.229	0.000
1209	-6.788	3.229	0.000
1264	-6.786	3.229	0.000
1243	-6.710	2.812	0.000
1289	-6.500	3.121	0.000
1160	-6.419	3.266	0.000
1244	-6.357	3.264	0.000
1223	-6.308	1.970	0.000
1221	-6.068	3.433	0.000
1255	-6.068	3.439	0.000
1260	-6.068	3.435	0.000
1234	-6.068	3.434	0.000
1199	-6.067	3.435	0.000
1200	-5.400	2.943	0.000
1227	-5.335	2.955	0.000
1228	-5.335	2.955	0.000
