1066	-4.527	0.000	0.000
1129	-4.527	0.000	0.000
1131	-4.527	0.001	0.000
1166	-4.527	0.001	0.000
1167	-4.527	0.001	0.000
1168	-4.527	0.001	0.000
1171	-4.527	0.001	0.000
1110	-4.504	0.005	0.000
1111	-4.504	0.005	0.000
1112	-4.504	0.005	0.000
1113	-4.504	0.005	0.000
1187	-4.467	0.077	0.000
1232	-4.466	0.078	0.000
1233	-4.466	0.078	0.000
1234	-4.466	0.078	0.000
1236	-4.466	0.078	0.000
928	-4.403	0.046	0.000
929	-4.403	0.046	0.000
961	-4.403	0.047	0.000
963	-4.403	0.047	0.000
964	-4.403	0.047	0.000
965	-4.403	0.047	0.000
966	-4.403	0.047	0.000
967	-4.403	0.047	0.000
970	-4.403	0.046	0.000
973	-4.403	0.046	0.000
1006	-4.403	0.046	0.000
1007	-4.403	0.046	0.000
1008	-4.403	0.046	0.000
1060	-4.403	0.045	0.000
1099	-4.403	0.046	0.000
1114	-4.403	0.046	0.000
1155	-4.403	0.046	0.000
1178	-4.403	0.046	0.000
1188	-4.403	0.046	0.000
1630	-4.397	0.054	0.000
1631	-4.397	0.054	0.000
1632	-4.397	0.054	0.000
1633	-4.397	0.054	0.000
1634	-4.397	0.054	0.000
1635	-4.397	0.054	0.000
1636	-4.397	0.054	0.000
1637	-4.397	0.054	0.000
1638	-4.397	0.054	0.000
1645	-4.397	0.054	0.000
1646	-4.397	0.054	0.000
1647	-4.397	0.054	0.000
1648	-4.397	0.054	0.000
1649	-4.397	0.054	0.000
1650	-4.397	0.054	0.000
1651	-4.397	0.054	0.000
1652	-4.397	0.054	0.000
1669	-4.397	0.054	0.000
1670	-4.397	0.054	0.000
1146	-4.337	1.108	0.000
1154	-4.337	1.108	0.000
1694	-4.334	1.109	0.000
1695	-4.334	1.110	0.000
1696	-4.334	1.109	0.000
