471	-6.822	0.000	0.000
533	-6.799	0.121	0.000
272	-6.794	0.121	0.000
142	-6.791	0.040	0.000
766	-6.790	0.135	0.000
849	-6.790	0.036	0.000
90	-6.789	0.130	0.000
416	-6.789	0.127	0.000
290	-6.788	0.131	0.000
597	-6.786	0.131	0.000
171	-6.786	0.044	0.000
261	-6.785	0.130	0.000
223	-6.785	0.127	0.000
197	-6.783	0.047	0.000
504	-6.781	0.117	0.000
816	-6.781	0.115	0.000
773	-6.778	0.048	0.000
430	-6.777	0.046	0.000
652	-6.774	0.136	0.000
211	-6.774	0.131	0.000
856	-6.771	0.060	0.000
510	-6.770	0.065	0.000
60	-6.769	0.065	0.000
191	-6.763	0.073	0.000
77	-6.762	0.070	0.000
284	-6.759	0.074	0.000
445	-6.759	0.073	0.000
749	-6.756	0.074	0.000
14	-6.755	0.065	0.000
4	-6.753	0.068	0.000
3	-6.753	0.068	0.000
5	-6.753	0.068	0.000
6	-6.753	0.068	0.000
12	-6.752	0.069	0.000
19	-6.752	0.069	0.000
21	-6.752	0.069	0.000
23	-6.752	0.069	0.000
24	-6.752	0.069	0.000
214	-6.752	0.068	0.000
65	-6.691	0.463	0.000
110	-6.689	0.516	0.000
862	-6.677	0.407	0.000
64	-6.657	0.261	0.000
161	-6.409	0.781	0.000
855	-6.407	0.779	0.000
753	-6.403	0.781	0.000
792	-6.403	0.781	0.000
685	-6.314	0.816	0.000
731	-6.313	0.817	0.000
861	-4.481	3.114	0.000
