1199	-9.428	0.000	0.000
1211	-9.428	0.000	0.000
1214	-9.428	0.000	0.000
1218	-9.428	0.000	0.000
1233	-9.428	0.000	0.000
1256	-9.428	0.000	0.000
1257	-9.428	0.000	0.000
1298	-9.426	0.001	0.000
1313	-9.426	0.001	0.000
1314	-9.426	0.001	0.000
1329	-9.426	0.001	0.000
1331	-9.426	0.001	0.000
1342	-9.426	0.001	0.000
1360	-9.426	0.001	0.000
1175	-9.416	0.002	0.000
1180	-9.416	0.002	0.000
1184	-9.416	0.002	0.000
1186	-9.416	0.002	0.000
1189	-9.416	0.002	0.000
1251	-9.416	0.002	0.000
1255	-9.416	0.002	0.000
1276	-9.416	0.002	0.000
1162	-9.416	0.002	0.000
1164	-9.416	0.002	0.000
1215	-9.416	0.002	0.000
1226	-9.416	0.002	0.000
1234	-9.416	0.002	0.000
1263	-9.416	0.002	0.000
1246	-9.415	0.002	0.000
1290	-9.415	0.002	0.000
1339	-9.415	0.002	0.000
1364	-9.415	0.002	0.000
1280	-9.414	0.002	0.000
1282	-9.414	0.002	0.000
1285	-9.414	0.002	0.000
1287	-9.414	0.002	0.000
1299	-9.414	0.002	0.000
1250	-9.392	2.212	0.000
1202	-9.390	2.212	0.000
1179	-9.390	2.213	0.000
1200	-9.390	2.213	0.000
1212	-9.390	2.213	0.000
1229	-9.390	2.213	0.000
1260	-9.390	2.213	0.000
1264	-9.390	2.213	0.000
1193	-9.390	2.213	0.000
1335	-9.389	2.212	0.000
1275	-9.389	2.213	0.000
1296	-9.389	2.212	0.000
1302	-9.389	2.212	0.000
1303	-9.389	2.212	0.000
1318	-9.389	2.212	0.000
1319	-9.389	2.212	0.000
1338	-9.389	2.212	0.000
1353	-9.389	2.212	0.000
1361	-9.389	2.213	0.000
1362	-9.389	2.213	0.000
1167	-9.382	2.215	0.000
1172	-9.382	2.215	0.000
1174	-9.382	2.215	0.000
1178	-9.382	2.215	0.000
1182	-9.382	2.215	0.000
1190	-9.382	2.215	0.000
1191	-9.382	2.215	0.000
1203	-9.382	2.215	0.000
1209	-9.382	2.215	0.000
1239	-9.382	2.215	0.000
1267	-9.382	2.215	0.000
1289	-9.381	2.215	0.000
1169	-9.372	2.217	0.000
1213	-9.372	2.217	0.000
1237	-9.372	2.217	0.000
1258	-9.372	2.217	0.000
1294	-9.372	2.217	0.000
1297	-9.372	2.217	0.000
1316	-9.372	2.217	0.000
1343	-9.372	2.217	0.000
1349	-9.372	2.217	0.000
1350	-9.372	2.217	0.000
1351	-9.372	2.217	0.000
1352	-9.372	2.217	0.000
1355	-9.372	2.217	0.000
1357	-9.372	2.217	0.000
1231	-9.363	2.210	0.000
1177	-9.362	2.210	0.000
1292	-9.362	2.210	0.000
1315	-9.362	2.210	0.000
1348	-9.362	2.210	0.000
1286	-9.361	2.210	0.000
1307	-9.355	2.213	0.000
1171	-9.355	2.213	0.000
1159	-9.354	2.213	0.000
1160	-9.354	2.213	0.000
1310	-9.354	2.212	0.000
1281	-9.353	2.212	0.000
1279	-9.353	0.010	0.000
1210	-9.346	2.214	0.000
1158	-9.334	0.008	0.000
1208	-9.332	0.008	0.000
1321	-9.330	0.008	0.000
1188	-9.320	0.008	0.000
1235	-8.637	3.503	0.000
1240	-8.637	3.503	0.000
1183	-8.636	3.503	0.000
1185	-8.636	3.503	0.000
1194	-8.636	3.503	0.000
1247	-8.636	3.502	0.000
1254	-8.635	3.503	0.000
1220	-8.621	3.508	0.000
1236	-8.612	3.514	0.000
1308	-8.612	3.514	0.000
1187	-8.611	3.514	0.000
1192	-8.611	3.514	0.000
1244	-8.611	3.513	0.000
1337	-8.602	3.518	0.000
1216	-8.601	3.518	0.000
1248	-8.601	3.517	0.000
1295	-8.601	3.518	0.000
1266	-8.600	3.518	0.000
1283	-8.600	3.517	0.000
1219	-8.522	3.508	0.000
1238	-8.522	3.508	0.000
1241	-8.522	3.508	0.000
1328	-8.522	3.508	0.000
1365	-8.522	3.508	0.000
1206	-8.521	3.509	0.000
1224	-8.521	3.508	0.000
1249	-8.521	3.507	0.000
1165	-8.521	3.508	0.000
1207	-8.497	3.519	0.000
1324	-8.497	3.519	0.000
1330	-8.497	3.519	0.000
1232	-8.487	3.523	0.000
1301	-8.487	3.523	0.000
1340	-8.487	3.523	0.000
1293	-8.486	3.523	0.000
1278	-8.485	3.523	0.000
1325	-8.318	3.897	0.000
1366	-8.316	3.898	0.000
1309	-8.294	3.879	0.000
1345	-8.294	3.879	0.000
1368	-8.278	3.881	0.000
1333	-8.278	3.882	0.000
1306	-8.275	3.881	0.000
1227	-8.274	3.881	0.000
1332	-8.274	3.882	0.000
1222	-8.274	3.882	0.000
1268	-8.273	3.881	0.000
1262	-8.273	3.881	0.000
1271	-8.173	1.688	0.000
1272	-8.173	1.688	0.000
1204	-8.168	1.687	0.000
1217	-8.168	1.687	0.000
1228	-8.168	1.687	0.000
1270	-8.168	1.686	0.000
1265	-8.167	1.687	0.000
1245	-8.166	1.687	0.000
1225	-8.007	2.194	0.000
1367	-8.007	2.194	0.000
1166	-8.007	2.194	0.000
1176	-8.007	2.194	0.000
1196	-8.003	2.195	0.000
1205	-8.003	2.195	0.000
1230	-8.003	2.195	0.000
1170	-8.002	2.195	0.000
1181	-8.002	2.195	0.000
1161	-8.002	2.195	0.000
1163	-8.002	2.195	0.000
1221	-8.002	2.195	0.000
1223	-8.002	2.195	0.000
1323	-8.002	2.195	0.000
1334	-8.002	2.195	0.000
1346	-8.002	2.195	0.000
1347	-8.002	2.195	0.000
1356	-8.002	2.195	0.000
1359	-8.002	2.195	0.000
1243	-8.000	2.195	0.000
1288	-7.978	2.194	0.000
1261	-7.978	2.194	0.000
1291	-7.974	2.195	0.000
1320	-7.973	2.195	0.000
1273	-7.972	2.195	0.000
1274	-7.972	2.195	0.000
1168	-7.907	2.876	0.000
1259	-7.907	2.876	0.000
1305	-7.907	2.876	0.000
1344	-7.907	2.876	0.000
1354	-7.907	2.876	0.000
1336	-7.906	2.876	0.000
1201	-7.893	2.194	0.000
1198	-7.877	2.578	0.000
1326	-7.833	2.274	0.000
1311	-7.825	2.223	0.000
1341	-7.645	1.883	0.000
1358	-7.338	3.957	0.000
1363	-7.338	3.957	0.000
1312	-7.338	3.956	0.000
1322	-7.338	3.956	0.000
1252	-7.335	3.954	0.000
1253	-7.335	3.954	0.000
1304	-7.287	3.977	0.000
1317	-7.286	3.282	0.000
1284	-7.284	3.975	0.000
1197	-7.234	2.566	0.000
1173	-7.233	2.566	0.000
1269	-7.233	2.566	0.000
