1427	-7.326	0.000	0.000
1405	-7.326	0.000	0.000
1402	-7.297	0.711	0.000
1597	-7.287	0.012	0.000
1549	-7.258	3.255	0.000
1550	-7.258	3.255	0.000
1602	-7.253	3.255	0.000
1555	-7.253	0.778	0.000
1591	-7.240	0.765	0.000
1568	-7.216	2.741	0.000
1563	-7.211	0.013	0.000
1548	-7.206	1.714	0.000
1552	-7.203	1.713	0.000
1564	-7.203	1.713	0.000
1570	-7.203	1.713	0.000
1575	-7.203	1.714	0.000
1587	-7.201	1.714	0.000
1581	-7.200	1.714	0.000
1584	-7.200	1.714	0.000
1596	-7.200	1.714	0.000
1556	-7.193	0.016	0.000
1410	-7.178	1.713	0.000
1541	-7.170	1.713	0.000
1545	-7.170	1.713	0.000
1542	-7.161	0.591	0.000
1544	-7.161	0.595	0.000
1565	-7.156	1.712	0.000
1569	-7.156	1.712	0.000
1572	-7.111	3.275	0.000
1573	-7.111	3.275	0.000
1601	-7.107	3.276	0.000
1559	-7.021	2.710	0.000
1594	-6.932	2.193	0.000
1595	-6.932	2.193	0.000
1604	-6.885	3.253	0.000
1605	-6.862	2.687	0.000
1557	-6.791	3.253	0.000
1576	-6.791	3.253	0.000
1589	-6.786	3.253	0.000
1580	-6.785	3.253	0.000
1585	-6.785	3.253	0.000
1571	-6.743	3.241	0.000
1560	-6.735	3.893	0.000
1590	-6.730	2.544	0.000
1593	-6.730	2.544	0.000
1551	-6.561	2.251	0.000
1603	-6.542	2.586	0.000
1562	-6.528	3.996	0.000
1582	-6.525	3.979	0.000
1579	-6.352	2.571	0.000
1588	-6.303	1.785	0.000
1420	-6.291	2.526	0.000
1574	-6.266	3.892	0.000
1599	-6.208	3.111	0.000
1600	-6.208	3.111	0.000
1540	-6.186	2.495	0.000
1558	-6.182	3.153	0.000
1586	-6.107	2.492	0.000
1543	-5.978	2.553	0.000
1546	-5.978	2.553	0.000
1547	-5.978	2.553	0.000
1554	-5.945	2.544	0.000
1561	-5.945	2.544	0.000
1566	-5.945	2.544	0.000
1567	-5.945	2.544	0.000
