1571	-8.585	0.000	0.000
1572	-8.585	0.000	1.309
1574	-8.585	0.000	4.325
1541	-8.519	0.015	4.264
1540	-8.519	0.015	4.269
1566	-7.253	0.107	4.339
1573	-7.250	0.101	10.354
1545	-7.247	0.101	4.217
1556	-7.247	0.101	4.477
1505	-7.123	2.205	3.539
1512	-7.117	2.247	2.114
1500	-7.106	2.196	17.592
1501	-7.106	2.196	0.242
1524	-7.106	2.197	0.195
1499	-7.035	2.087	5.620
105	-5.954	2.580	8.659
184	-5.954	2.580	20.922
134	-5.951	2.579	14.789
1492	-5.877	2.566	4.330
1485	-5.877	2.565	7.313
1488	-5.877	2.565	4.132
1495	-5.876	2.565	3.505
1490	-5.871	2.561	3.403
1559	-5.836	2.491	5.800
1542	-5.781	2.578	2.860
1547	-5.781	2.578	2.871
1520	-5.644	3.694	4.578
1496	-5.582	3.458	5.632
1503	-5.578	3.632	2.017
1504	-5.578	3.632	6.390
1506	-5.578	3.632	3.486
1509	-5.578	3.632	4.146
1510	-5.578	3.632	2.911
1511	-5.578	3.632	4.436
1513	-5.578	3.632	4.431
1517	-5.578	3.632	8.611
1525	-5.578	3.632	1.774
1487	-5.565	3.715	3.527
1489	-5.565	3.715	4.219
1507	-5.543	3.633	21.088
1497	-5.535	3.673	6.361
1568	-5.534	3.675	6.386
1528	-5.530	3.685	3.485
1529	-5.530	3.685	3.403
1484	-5.530	3.686	5.792
1486	-5.530	3.686	3.536
1491	-5.530	3.686	5.800
1494	-5.530	3.686	11.844
1533	-5.530	3.686	11.845
1502	-5.524	3.931	4.804
1553	-5.499	3.665	11.196
365	-5.491	3.684	17.594
526	-5.485	3.685	0.176
