1246	-6.892	0.000	6.776
1287	-6.499	1.952	5.617
1307	-6.495	1.954	10.316
1364	-6.495	1.953	10.327
1421	-6.494	1.954	6.321
1460	-6.493	1.953	6.322
1462	-6.493	1.954	6.294
1478	-6.493	1.954	6.294
1431	-6.333	0.104	6.039
1466	-6.262	0.096	5.758
1558	-5.706	3.977	17.591
1569	-5.706	3.977	17.594
1493	-5.701	3.978	1.988
1565	-5.642	3.958	4.573
1567	-5.642	3.958	5.734
1532	-5.640	3.949	4.581
1555	-5.640	3.949	4.581
1526	-5.637	3.950	16.240
1498	-5.637	3.948	16.226
1508	-5.636	3.960	16.234
1514	-5.636	3.960	0.086
1548	-5.610	3.968	6.779
1543	-5.586	3.968	6.779
1546	-5.586	3.968	20.875
1562	-5.586	3.968	6.762
1552	-5.576	3.978	20.922
1536	-5.574	3.967	20.923
1537	-5.574	3.967	20.923
1544	-5.574	3.967	1.808
1549	-5.574	3.967	5.616
1551	-5.574	3.967	5.609
1557	-5.574	3.967	6.323
1560	-5.574	3.967	6.324
1564	-5.574	3.967	11.843
1515	-5.572	3.969	10.379
1516	-5.572	3.969	3.366
1519	-5.572	3.969	7.889
1521	-5.572	3.969	7.049
1523	-5.572	3.969	7.049
1561	-5.373	3.940	6.162
1550	-5.286	3.997	8.584
1535	-5.284	3.997	4.143
1409	-5.134	2.612	4.101
