427	-7.197	0.000	3.458
172	-7.197	0.001	3.470
271	-7.197	0.001	2.493
436	-7.197	0.001	21.082
555	-5.540	3.220	7.896
454	-5.532	3.225	7.317
488	-5.531	3.226	11.428
376	-5.422	3.532	2.018
195	-5.419	3.531	2.022
302	-5.412	3.528	5.758
214	-5.411	3.530	5.759
438	-5.272	3.574	1.776
258	-5.243	3.322	3.477
351	-5.241	3.321	3.474
352	-5.241	3.321	3.477
405	-5.241	3.321	1.322
286	-5.240	3.321	11.835
386	-5.240	3.321	3.404
1340	-5.238	3.615	7.640
513	-5.219	2.666	3.407
567	-5.219	2.666	5.538
452	-5.218	2.667	21.021
558	-5.212	3.555	3.548
510	-5.210	3.554	3.550
283	-5.205	3.554	5.557
341	-5.204	2.676	4.804
166	-5.203	2.676	5.571
229	-5.202	2.677	5.570
325	-5.202	2.676	5.321
279	-5.201	2.676	5.560
397	-5.201	2.676	5.324
273	-5.177	3.395	4.321
104	-5.171	3.388	4.273
503	-5.149	3.399	6.186
272	-5.126	3.712	2.880
542	-5.116	3.708	2.399
547	-5.115	2.724	7.756
546	-5.114	2.724	7.766
563	-5.106	2.722	6.038
294	-5.105	2.726	6.041
410	-5.099	2.732	6.081
298	-5.098	2.732	18.450
541	-4.594	3.435	20.872
