222	-5.509	0.000	2.074
202	-5.502	0.002	3.838
321	-5.502	0.002	2.860
348	-5.502	0.002	2.860
423	-5.502	0.002	12.258
108	-5.502	0.002	2.877
125	-5.501	0.002	4.192
126	-5.501	0.002	8.849
127	-5.501	0.002	5.163
151	-5.501	0.002	4.276
505	-5.493	0.002	17.592
532	-5.491	0.009	17.591
1136	-5.283	0.084	4.431
200	-5.271	0.071	5.627
99	-5.269	0.072	2.352
473	-5.268	0.072	6.324
507	-5.268	0.072	20.926
508	-5.268	0.072	6.289
538	-5.266	0.076	6.293
572	-5.266	0.076	7.303
573	-5.266	0.076	7.889
574	-5.266	0.076	7.049
150	-5.256	0.090	7.049
1215	-5.251	0.081	10.978
509	-5.248	0.069	4.212
575	-5.245	0.073	3.550
1382	-5.244	0.083	2.493
552	-5.241	0.075	3.342
404	-5.051	1.429	5.758
85	-4.941	1.415	4.581
197	-4.471	1.644	6.779
1237	-4.456	1.667	16.627
520	-4.341	1.739	7.038
