1615	-7.917	0.000	2.011
1606	-7.900	0.011	5.750
1629	-7.900	0.011	5.751
1630	-7.900	0.010	5.750
1648	-7.900	0.011	4.571
1594	-7.898	0.011	4.571
1599	-7.898	0.011	4.571
1604	-7.898	0.011	4.571
1608	-7.898	0.011	4.573
1618	-7.898	0.011	4.573
1631	-7.898	0.011	4.573
1632	-7.898	0.011	4.573
1640	-7.898	0.011	4.573
1605	-7.878	1.269	16.224
1607	-7.878	1.269	16.228
1614	-7.878	1.269	16.213
1619	-7.878	1.269	0.099
1655	-7.878	1.269	0.000
1597	-7.491	1.527	6.262
1601	-7.491	1.526	3.424
1602	-7.491	1.527	3.391
1603	-7.491	1.527	8.849
1611	-7.491	1.526	3.510
1623	-7.491	1.527	2.008
1637	-7.491	1.527	12.545
1638	-7.491	1.526	6.163
1647	-7.491	1.526	4.268
1650	-7.491	1.527	4.269
1651	-7.491	1.526	4.273
1653	-7.491	1.527	12.694
1658	-7.491	1.526	11.154
1633	-7.489	1.521	2.849
1661	-7.489	1.521	2.847
1642	-7.486	1.525	2.866
1643	-7.448	1.881	18.449
1584	-7.448	1.881	0.160
1575	-7.445	1.882	0.200
1626	-7.442	1.882	2.000
1628	-7.442	1.882	1.988
1644	-7.442	1.882	2.011
1609	-7.402	2.288	2.011
1581	-7.401	2.288	5.749
1585	-7.401	2.288	5.751
1598	-7.401	2.288	5.749
1579	-7.398	2.289	4.564
1636	-7.398	2.289	16.233
1656	-7.398	2.289	4.571
1662	-7.398	2.289	4.571
1596	-7.370	1.883	4.572
1576	-7.329	2.000	16.223
1587	-7.327	2.000	16.227
1589	-7.327	2.000	16.217
1590	-7.327	2.000	0.099
1592	-7.327	2.000	0.001
1621	-7.327	2.000	0.014
1627	-7.327	2.000	15.677
1649	-7.327	2.000	15.672
1639	-7.324	1.611	0.021
1622	-7.323	1.612	0.084
1610	-7.306	2.305	7.035
1659	-6.843	2.013	17.132
1577	-6.824	1.990	6.260
1657	-6.824	2.020	6.261
1634	-6.823	1.990	6.260
1582	-6.429	3.043	7.021
1583	-6.429	3.043	3.611
1591	-6.429	3.043	3.653
1641	-6.412	3.045	3.550
1645	-6.412	3.045	5.556
1646	-6.412	3.045	4.803
1652	-6.412	3.045	4.802
1654	-6.412	3.045	5.570
1613	-6.405	3.045	5.571
1624	-6.405	3.045	5.561
1635	-6.402	1.737	5.323
1595	-6.242	2.829	6.778
1620	-6.242	2.829	0.066
1625	-6.242	2.829	16.626
1617	-6.171	2.838	5.632
1586	-6.161	2.809	6.761
1593	-6.161	2.808	7.172
1600	-6.161	2.808	0.098
1612	-6.161	2.809	6.389
1616	-6.158	3.784	2.054
1588	-6.150	2.751	5.627
1660	-6.130	2.768	20.922
1580	-6.130	2.768	20.922
1578	-6.118	3.848	8.648
