971	-5.880	0.000	8.656
1087	-5.561	0.194	6.239
1088	-5.561	0.194	7.531
1091	-5.561	0.194	7.523
1093	-5.561	0.194	8.684
1139	-5.561	0.194	8.686
1140	-5.561	0.194	7.055
1163	-5.561	0.194	3.494
1164	-5.561	0.194	5.223
1165	-5.561	0.195	7.160
1170	-5.561	0.195	11.416
1173	-5.561	0.194	9.970
1184	-5.561	0.194	9.970
1185	-5.561	0.194	5.147
1186	-5.561	0.194	7.063
1187	-5.561	0.195	2.726
1188	-5.561	0.194	2.730
1189	-5.561	0.194	10.128
1064	-5.561	0.194	7.067
1066	-5.561	0.194	6.736
1068	-5.561	0.194	16.068
1072	-5.561	0.194	11.438
1075	-5.561	0.194	8.734
1079	-5.561	0.194	8.759
986	-5.556	0.194	7.228
993	-5.556	0.194	7.613
995	-5.556	0.194	7.056
1000	-5.556	0.194	7.057
1016	-5.556	0.194	15.963
1043	-5.556	0.194	8.325
1046	-5.556	0.194	7.231
1049	-5.556	0.194	7.176
978	-5.554	0.194	8.317
979	-5.554	0.194	7.198
1052	-5.429	0.320	7.232
1157	-5.429	0.320	7.231
1159	-5.429	0.320	12.921
1083	-5.428	0.320	8.317
1084	-5.428	0.320	7.701
1092	-5.428	0.320	7.198
1065	-5.428	0.320	7.503
1073	-5.428	0.320	7.504
1085	-5.428	0.320	7.503
1107	-5.428	0.320	7.264
1149	-5.428	0.320	7.488
1152	-5.428	0.320	7.265
1112	-5.427	0.320	8.663
1117	-5.427	0.321	8.667
1121	-5.427	0.320	8.669
1131	-5.427	0.320	7.559
1132	-5.427	0.320	8.102
1134	-5.427	0.320	8.738
1144	-5.427	0.320	8.741
1192	-5.427	0.320	5.291
1202	-5.427	0.320	8.746
1056	-5.427	0.320	8.075
1128	-5.426	0.339	8.085
1106	-5.426	0.339	8.087
1153	-5.426	0.339	8.054
1054	-5.425	0.339	8.541
1114	-5.425	0.340	8.269
1122	-5.425	0.340	5.955
1207	-5.425	0.340	5.959
1007	-5.424	0.320	8.368
1008	-5.424	0.320	5.973
1023	-5.424	0.320	6.081
998	-5.423	0.320	4.688
999	-5.423	0.320	7.150
1044	-5.423	0.320	6.708
1045	-5.423	0.320	6.275
974	-5.423	0.319	11.472
1011	-5.423	0.320	10.169
1012	-5.423	0.320	8.671
1015	-5.423	0.320	11.600
1040	-5.423	0.320	5.829
981	-5.422	0.320	11.608
983	-5.422	0.320	10.347
992	-5.422	0.321	10.349
980	-5.422	0.333	10.440
996	-5.422	0.333	11.981
1001	-5.422	0.333	11.983
1002	-5.422	0.333	11.983
1017	-5.422	0.333	6.706
1018	-5.422	0.333	6.705
1038	-5.422	0.333	11.049
990	-5.422	0.333	11.048
1041	-5.422	0.333	11.047
1060	-5.255	0.535	8.465
1074	-5.255	0.535	8.465
1136	-5.255	0.535	14.938
1155	-5.255	0.535	14.938
1156	-5.255	0.535	14.941
1196	-5.255	0.535	8.452
1212	-5.255	0.535	8.451
987	-5.250	0.535	9.803
988	-5.250	0.535	9.799
1005	-5.250	0.535	8.256
1006	-5.250	0.535	12.471
1022	-5.250	0.535	11.091
1029	-5.250	0.535	5.022
972	-5.248	0.535	5.023
973	-5.248	0.535	3.527
976	-5.248	0.535	8.318
984	-5.248	0.535	4.367
1161	-5.147	0.522	8.964
1090	-5.146	0.522	8.177
1053	-5.145	0.522	8.169
1059	-5.145	0.522	8.423
1096	-5.144	0.522	8.423
1102	-5.144	0.522	9.037
1133	-5.144	0.522	8.304
975	-5.141	0.523	9.806
1004	-5.141	0.522	9.806
1037	-5.141	0.522	9.809
982	-5.140	0.522	9.811
1013	-5.140	0.522	9.920
1051	-5.133	3.063	9.307
1081	-5.093	3.066	17.038
1141	-5.093	3.066	17.047
1169	-5.093	3.066	17.048
1197	-5.093	3.066	11.104
1048	-5.092	3.066	11.104
1061	-5.092	3.066	12.777
1193	-5.092	3.066	2.119
1208	-5.092	3.066	12.777
1024	-5.088	3.067	12.777
1025	-5.088	3.067	11.129
977	-5.088	3.067	12.774
997	-5.088	3.067	12.774
1003	-5.088	3.067	12.774
1027	-5.088	3.067	12.774
1028	-5.088	3.067	2.126
1032	-5.088	3.067	10.324
1050	-5.088	3.067	2.130
1031	-5.088	3.067	16.646
1080	-4.821	3.471	10.247
1103	-4.821	3.471	14.645
1104	-4.821	3.471	9.869
1108	-4.821	3.471	3.804
1119	-4.821	3.471	2.695
1125	-4.821	3.471	3.723
1126	-4.821	3.471	3.833
1142	-4.821	3.471	3.839
1145	-4.821	3.471	3.488
1147	-4.821	3.471	7.473
1150	-4.821	3.471	7.473
1172	-4.821	3.471	3.657
1175	-4.821	3.472	8.462
1179	-4.821	3.472	8.463
1181	-4.821	3.472	8.463
1182	-4.821	3.472	3.670
1194	-4.821	3.472	8.464
1203	-4.821	3.471	14.938
1034	-4.817	3.472	8.449
1160	-4.758	3.567	9.804
1162	-4.758	3.567	9.804
1116	-4.758	3.567	8.651
1168	-4.758	3.567	9.325
1183	-4.758	3.567	9.918
1211	-4.758	3.567	5.739
1127	-4.748	3.066	9.924
1151	-4.748	3.066	6.829
1130	-4.731	3.014	5.671
1086	-4.704	3.478	3.656
1154	-4.704	3.478	8.480
1215	-4.704	3.478	14.939
1082	-4.704	3.478	14.939
1089	-4.704	3.478	7.895
1111	-4.704	3.478	8.450
1123	-4.704	3.478	7.125
1067	-4.703	3.477	13.679
1115	-4.642	3.632	12.152
1158	-4.642	3.632	12.157
1167	-4.642	3.632	13.098
1171	-4.642	3.632	5.558
1138	-4.632	3.080	2.257
1206	-4.632	3.080	10.818
1098	-4.569	0.409	2.580
1166	-4.556	3.302	7.538
1213	-4.555	3.861	15.930
1042	-4.541	3.074	5.149
1195	-4.512	3.068	8.654
1200	-4.395	0.495	6.803
1204	-4.395	0.496	8.324
1205	-4.395	0.496	15.968
1190	-4.391	0.491	7.228
1062	-4.075	3.963	5.962
1063	-4.075	3.963	5.970
1095	-4.075	3.963	5.961
1129	-4.075	3.963	10.217
1143	-4.075	3.963	7.147
1176	-4.075	3.963	4.685
1178	-4.075	3.963	6.281
991	-4.075	3.963	16.413
1020	-4.075	3.963	10.165
1078	-4.075	3.963	9.147
1010	-4.061	0.639	10.329
1026	-3.984	3.627	7.783
1033	-3.984	3.627	11.602
1076	-3.984	3.627	10.344
1077	-3.984	3.627	10.345
1100	-3.984	3.627	10.435
1101	-3.984	3.627	13.093
1109	-3.984	3.627	13.094
1110	-3.984	3.627	13.094
1113	-3.984	3.627	13.094
1118	-3.984	3.627	12.155
1120	-3.984	3.627	12.156
1135	-3.984	3.627	12.153
1174	-3.984	3.627	12.152
1180	-3.984	3.627	12.157
1191	-3.984	3.627	12.154
1198	-3.984	3.627	5.536
1199	-3.984	3.627	5.575
1201	-3.984	3.627	5.996
1021	-3.938	0.663	6.002
1210	-3.877	2.305	6.032
1105	-3.849	2.945	6.019
985	-3.849	2.942	1.750
989	-3.849	2.942	1.750
994	-3.849	2.942	1.750
1009	-3.849	2.942	2.258
1014	-3.849	2.942	10.832
1019	-3.849	2.942	2.258
1035	-3.849	2.942	2.258
1039	-3.849	2.942	2.257
1047	-3.849	2.942	2.257
1069	-3.849	2.943	2.257
1070	-3.849	2.943	2.257
1071	-3.849	2.943	2.257
1094	-3.849	2.943	10.821
1137	-3.849	2.943	10.828
1148	-3.849	2.943	10.813
1177	-3.849	2.943	5.649
1030	-3.836	2.936	5.624
1036	-3.836	2.936	5.630
1097	-3.835	2.936	10.273
1124	-3.835	2.936	9.839
1055	-3.830	2.941	5.640
1058	-3.816	2.937	5.595
1057	-3.816	2.935	12.184
