742	-13.858	0.000	0.000
766	-13.857	0.032	0.000
817	-13.655	0.217	0.000
705	-12.454	2.426	0.000
791	-11.898	2.725	14.731
820	-11.862	3.545	19.508
892	-11.862	3.545	19.508
830	-11.684	3.615	4.330
877	-11.556	3.598	3.380
921	-11.282	2.284	19.026
781	-11.055	3.510	4.294
669	-10.981	3.479	18.249
923	-10.939	3.520	6.925
731	-10.913	3.504	6.405
828	-10.710	1.873	5.737
842	-10.704	1.800	7.356
902	-10.693	1.883	19.501
750	-10.631	1.808	5.666
694	-10.608	3.729	5.322
918	-10.593	1.853	5.311
671	-10.588	3.709	18.565
695	-10.587	3.724	5.331
712	-10.587	3.724	8.296
850	-10.536	3.722	5.413
700	-10.533	3.720	4.307
804	-10.521	3.693	1.715
767	-10.521	3.697	1.715
739	-10.521	3.701	4.610
819	-10.521	3.700	22.397
927	-10.520	3.704	22.397
861	-10.311	2.022	18.225
744	-10.311	2.377	18.224
768	-10.188	2.159	16.781
