902	-7.428	0.000	2.937
903	-7.385	0.012	2.935
904	-7.385	0.012	11.059
905	-7.385	0.012	13.638
887	-7.383	0.011	11.571
860	-7.382	1.032	12.948
721	-7.381	0.011	2.452
732	-7.381	0.012	17.718
735	-7.381	0.011	17.715
794	-7.381	0.012	5.461
853	-7.381	0.012	18.145
854	-7.381	0.011	18.147
856	-7.381	0.011	2.933
863	-7.381	0.012	18.147
864	-7.381	0.011	11.130
867	-7.381	0.012	8.249
873	-7.381	0.012	18.104
874	-7.381	0.012	17.803
880	-7.381	0.012	2.652
881	-7.381	0.012	1.718
882	-7.381	0.012	14.903
883	-7.381	0.011	11.129
884	-7.381	0.012	2.975
885	-7.381	0.011	3.095
886	-7.381	0.012	17.087
816	-7.381	0.011	4.124
817	-7.381	0.011	6.021
820	-7.381	0.011	12.944
934	-7.381	0.011	12.944
936	-7.381	0.011	17.843
937	-7.381	0.011	4.099
938	-7.381	0.011	12.681
939	-7.381	0.011	2.336
945	-7.381	0.011	6.252
946	-7.381	0.011	15.280
950	-7.381	0.011	16.403
951	-7.381	0.011	11.616
952	-7.381	0.011	15.264
953	-7.381	0.011	12.479
955	-7.381	0.011	1.916
956	-7.381	0.011	14.595
965	-7.381	0.011	16.595
966	-7.381	0.011	16.595
968	-7.381	0.011	15.094
972	-7.381	0.011	1.912
973	-7.381	0.011	1.933
974	-7.381	0.011	12.409
975	-7.381	0.011	15.085
976	-7.381	0.011	7.416
979	-7.381	0.011	8.129
982	-7.381	0.011	7.679
986	-7.381	0.011	20.153
989	-7.381	0.011	9.603
990	-7.381	0.011	16.362
993	-7.381	0.011	16.368
998	-7.381	0.011	16.267
713	-7.380	1.016	16.183
674	-7.379	1.016	3.219
718	-7.342	3.309	19.676
844	-7.342	3.309	18.234
800	-7.340	3.313	15.206
969	-7.339	3.312	20.219
715	-7.337	0.009	20.221
748	-7.337	0.010	1.417
749	-7.337	0.010	22.305
750	-7.337	0.010	7.688
751	-7.337	0.009	5.817
753	-7.337	0.009	7.726
754	-7.337	0.009	17.113
755	-7.337	0.009	15.631
756	-7.337	0.009	15.192
760	-7.337	0.009	14.824
761	-7.337	0.010	8.308
787	-7.337	0.010	12.711
829	-7.337	0.009	8.487
845	-7.337	0.010	9.582
847	-7.337	0.009	7.326
852	-7.337	0.009	8.506
855	-7.337	0.010	16.464
900	-7.337	0.009	14.260
994	-7.336	0.009	6.132
947	-7.336	3.311	7.225
948	-7.336	3.311	8.278
949	-7.336	3.311	8.281
957	-7.336	3.311	7.915
960	-7.336	3.311	7.865
909	-7.334	0.009	5.867
910	-7.334	0.010	21.344
208	-7.329	3.314	7.281
908	-7.328	3.309	18.721
628	-7.328	3.315	18.722
673	-7.328	3.315	14.713
703	-7.324	3.313	18.598
582	-7.310	3.305	3.519
719	-7.309	0.998	5.862
769	-7.309	0.998	16.279
770	-7.309	0.998	7.109
788	-7.309	0.998	16.521
832	-7.309	0.999	12.291
834	-7.309	0.998	14.742
835	-7.309	0.998	12.300
857	-7.309	0.998	8.276
865	-7.309	0.998	20.115
876	-7.309	0.998	7.106
877	-7.309	0.998	6.705
720	-7.309	0.998	3.572
862	-7.309	0.998	5.886
870	-7.309	0.999	12.690
875	-7.309	0.998	6.409
944	-7.309	0.998	5.819
978	-7.309	0.998	5.819
995	-7.309	0.998	5.363
999	-7.309	0.998	5.807
729	-7.309	0.998	10.881
818	-7.308	0.998	15.923
819	-7.308	0.998	9.153
815	-7.308	0.998	15.069
821	-7.308	0.998	3.671
822	-7.308	0.998	3.597
823	-7.308	0.998	3.846
694	-7.297	0.013	3.592
695	-7.297	0.013	3.592
841	-6.967	3.489	3.841
683	-6.951	3.491	11.710
508	-6.928	1.870	0.024
803	-6.909	1.881	0.002
992	-6.612	2.028	13.673
997	-6.611	2.017	12.716
