1053	-18.061	0.000	4.117
1124	-18.061	0.000	8.438
1140	-18.061	0.000	6.154
1162	-18.061	0.000	6.150
1175	-18.060	0.001	8.982
1163	-18.003	0.002	16.493
1187	-18.003	0.002	18.171
1139	-17.958	0.002	6.767
1045	-17.953	0.002	17.679
1073	-17.953	0.002	4.109
1082	-17.953	0.002	12.716
1084	-17.953	0.002	7.779
1091	-17.953	0.002	6.733
1109	-17.953	0.002	7.138
1116	-17.953	0.002	7.795
1117	-17.953	0.002	11.748
1123	-17.953	0.002	16.185
1356	-17.856	0.008	6.275
1110	-16.885	1.639	15.520
1141	-16.885	1.639	7.908
1144	-16.885	1.639	13.149
1037	-16.884	1.639	8.196
1050	-16.884	1.639	7.909
1149	-16.883	1.639	2.553
1030	-16.783	1.640	7.402
1099	-16.783	1.640	17.552
1185	-16.783	1.640	8.632
1055	-16.782	1.640	8.115
1071	-16.782	1.640	8.401
1079	-16.782	1.640	15.157
1119	-16.782	1.640	8.127
1121	-16.782	1.640	13.518
1125	-16.782	1.640	7.915
1146	-16.782	1.640	19.118
1036	-16.782	1.640	16.623
1064	-16.728	1.640	11.642
1068	-16.728	1.640	3.195
1077	-16.728	1.640	3.446
1094	-16.728	1.640	11.661
1112	-16.728	1.640	3.187
1118	-16.728	1.640	3.442
1120	-16.728	1.640	12.439
1127	-16.728	1.640	1.706
1129	-16.728	1.640	1.701
1130	-16.728	1.640	11.319
1131	-16.728	1.640	11.605
1132	-16.728	1.640	11.064
1156	-16.728	1.640	3.453
1158	-16.728	1.640	3.461
1159	-16.728	1.640	3.462
1160	-16.728	1.640	3.670
1161	-16.728	1.640	3.670
1167	-16.728	1.640	3.669
1176	-16.728	1.640	11.063
1190	-16.728	1.640	13.489
1168	-16.185	1.723	18.474
1061	-16.070	1.724	15.149
1147	-16.008	1.725	15.972
1210	-15.704	3.189	3.669
1212	-15.704	3.189	17.412
1192	-15.689	3.188	3.640
1198	-15.689	3.188	3.642
1199	-15.689	3.188	3.531
1324	-15.682	3.191	5.758
1225	-15.660	3.190	15.844
1229	-15.660	3.190	9.284
1234	-15.660	3.190	15.769
1235	-15.660	3.190	1.198
1329	-15.632	3.186	2.775
1331	-15.632	3.186	16.997
1334	-15.632	3.186	16.997
1242	-15.624	3.186	2.770
1245	-15.624	3.186	18.557
1057	-15.623	3.183	12.245
1076	-15.623	3.183	7.987
1138	-15.623	3.183	18.773
1143	-15.623	3.183	8.664
1145	-15.623	3.183	6.471
1297	-15.623	3.186	15.738
1336	-15.623	3.186	20.640
1355	-15.623	3.186	16.837
1034	-15.622	3.183	12.552
1104	-15.622	3.183	15.716
1172	-15.622	3.183	16.570
1174	-15.622	3.183	2.559
1188	-15.622	3.183	19.994
1260	-15.612	3.186	16.933
1238	-15.610	3.186	16.696
1215	-15.590	3.186	8.198
1216	-15.585	3.186	20.704
1142	-15.577	0.717	7.349
1108	-15.553	3.184	11.718
1087	-15.514	3.185	7.035
1070	-15.511	3.185	3.598
1103	-15.506	3.185	5.907
1069	-15.496	0.720	15.466
1105	-15.446	3.193	19.123
1165	-15.446	3.193	6.208
1178	-15.446	3.193	16.630
1043	-15.435	0.717	22.220
1115	-15.435	0.717	19.118
1151	-15.435	0.717	14.913
1184	-15.435	0.717	5.627
1081	-15.434	0.719	5.647
1114	-15.434	0.719	18.682
1137	-15.431	0.719	15.371
1193	-15.427	2.374	7.111
1206	-15.427	2.374	5.650
1249	-15.423	0.707	5.648
1335	-15.416	0.705	7.116
1213	-15.414	2.355	21.177
1273	-15.413	0.707	4.301
1281	-15.413	0.707	19.469
1204	-15.404	2.355	15.734
1207	-15.404	2.355	5.991
1302	-15.334	0.708	5.930
1307	-15.333	0.708	5.687
1032	-15.331	2.352	7.203
1150	-15.327	2.352	12.337
1255	-15.277	2.365	3.216
1217	-15.276	2.383	3.099
1219	-15.276	2.383	3.375
1287	-15.275	2.365	3.092
1321	-15.275	2.365	11.629
1241	-15.274	2.365	13.072
1247	-15.274	2.365	17.118
1253	-15.274	2.365	1.876
1264	-15.270	2.366	1.872
1277	-15.270	2.366	1.879
1279	-15.270	2.366	13.368
1270	-15.269	2.366	11.543
1269	-15.267	0.707	3.449
1230	-15.263	2.365	3.455
1075	-15.263	2.351	17.801
1056	-15.260	2.351	3.637
1113	-15.260	2.351	17.154
1128	-15.260	2.351	3.639
1134	-15.260	2.351	10.945
1090	-15.260	2.351	11.504
1085	-15.259	2.351	11.508
1164	-15.259	2.351	3.454
1223	-15.257	2.365	17.830
1218	-15.253	2.365	17.830
1233	-15.252	2.364	11.587
1027	-15.204	2.350	2.018
1044	-15.204	2.350	18.270
1046	-15.204	2.350	12.649
1166	-15.204	2.350	18.210
1288	-15.197	2.364	9.369
1268	-15.191	2.364	18.221
1313	-15.190	2.363	3.637
1226	-15.188	2.363	0.486
1257	-15.142	2.364	1.570
1285	-15.136	2.363	11.536
1254	-15.048	3.314	12.930
1274	-15.021	3.265	17.889
1330	-14.823	3.196	16.723
1250	-14.822	3.196	16.784
1243	-14.749	3.195	19.735
1244	-14.749	3.195	12.182
1211	-14.747	2.794	3.567
1237	-14.739	3.195	8.498
1194	-14.736	2.794	15.197
1349	-14.732	2.415	2.327
1222	-14.726	3.194	16.721
1231	-14.696	3.253	9.262
1256	-14.681	3.226	7.189
1209	-14.679	2.772	15.666
1252	-14.674	3.227	14.887
1200	-14.669	2.772	14.884
1049	-14.644	2.568	9.218
1096	-14.644	2.568	7.038
1033	-14.643	2.568	9.222
1080	-14.643	2.568	8.302
1152	-14.642	2.568	2.832
1025	-14.595	2.567	7.350
1063	-14.595	2.567	7.986
1344	-14.553	2.770	19.247
1220	-14.535	2.768	5.877
1065	-14.487	1.620	3.085
1100	-14.487	1.620	3.360
1153	-14.482	1.620	3.454
1029	-14.457	1.615	8.317
1031	-14.457	1.615	17.796
1040	-14.457	1.615	11.014
1102	-14.457	1.615	17.795
1135	-14.457	1.615	3.632
1347	-14.452	2.771	2.061
1214	-14.417	2.778	18.187
1271	-14.326	1.620	20.467
1066	-12.076	1.731	9.218
1092	-12.075	1.731	8.481
1095	-12.075	1.731	9.262
1039	-12.075	1.731	10.863
1155	-12.074	1.731	9.478
1074	-11.984	1.730	8.196
1042	-11.983	1.730	8.194
1026	-11.983	1.730	23.151
1038	-11.983	1.730	20.801
1051	-11.983	1.730	20.801
1052	-11.983	1.730	9.501
1028	-11.983	1.730	20.657
1047	-11.983	1.730	17.288
1058	-11.983	1.730	2.083
1059	-11.983	1.730	7.995
1060	-11.983	1.730	9.036
1086	-11.983	1.730	16.678
1300	-11.925	1.732	6.861
1282	-11.925	1.732	16.837
1097	-11.925	1.730	9.020
1098	-11.925	1.730	6.863
1122	-11.925	1.730	10.024
1157	-11.925	1.730	16.558
1169	-11.925	1.730	18.103
1189	-11.925	1.730	7.956
1088	-10.723	1.949	11.251
1083	-10.723	1.949	20.035
1093	-10.723	1.949	20.032
1177	-10.723	1.949	11.861
1295	-10.703	1.962	11.667
1299	-10.703	1.962	3.796
1035	-10.696	1.966	4.746
1133	-10.694	1.971	4.759
1296	-10.674	1.976	20.468
1327	-10.492	1.949	20.379
1314	-10.491	1.950	19.861
1170	-10.183	2.158	11.343
1107	-10.156	2.472	3.522
1062	-10.132	2.325	0.012
1106	-10.132	2.325	0.019
1180	-10.132	2.324	11.601
1048	-10.128	2.469	18.166
1067	-10.128	2.469	18.169
1111	-10.127	2.469	0.037
1186	-10.127	2.469	1.650
1054	-10.127	2.469	1.648
1089	-10.127	2.469	7.605
1126	-10.127	2.469	3.532
1173	-10.127	2.469	19.895
1171	-10.127	2.322	12.149
1041	-10.126	2.469	3.368
1136	-10.126	2.469	9.572
1154	-9.980	2.465	6.815
1181	-9.946	2.310	12.389
1179	-9.883	2.588	20.258
1072	-9.515	2.545	5.150
1078	-9.515	2.545	20.268
1101	-9.515	2.545	20.245
1148	-9.460	2.552	17.111
1182	-9.460	2.552	5.162
1183	-9.460	2.552	7.820
1306	-9.252	2.404	18.459
