705	-21.696	0.000	15.531
707	-21.696	0.000	18.534
785	-21.696	0.000	15.533
787	-21.696	0.000	7.992
693	-21.696	0.000	12.234
694	-21.696	0.000	7.403
794	-21.696	0.000	18.050
722	-21.695	0.000	7.918
731	-21.695	0.000	16.855
528	-21.687	0.000	16.843
542	-21.687	0.000	8.177
685	-21.687	0.017	7.918
520	-21.686	0.001	9.119
666	-21.685	0.003	20.007
1610	-21.682	0.001	3.236
441	-21.676	0.003	19.993
442	-21.676	0.003	20.762
692	-21.617	0.001	8.890
726	-21.617	0.001	6.613
772	-21.617	0.001	2.560
544	-21.609	0.001	7.419
485	-21.608	0.001	16.592
669	-21.606	0.003	7.036
688	-21.560	0.001	19.157
767	-21.560	0.001	15.208
791	-21.559	0.001	16.787
379	-21.523	0.005	7.113
370	-21.522	0.005	18.623
823	-21.460	0.004	6.176
805	-21.435	0.003	12.285
640	-21.428	0.006	7.124
1553	-21.411	0.012	6.571
1559	-21.411	0.012	7.443
635	-21.411	0.005	17.012
622	-21.411	0.005	6.534
628	-21.411	0.005	14.117
626	-21.410	0.005	17.443
204	-21.395	0.004	6.771
822	-21.322	0.004	14.030
816	-21.284	0.007	6.777
1544	-21.266	0.013	13.082
1545	-21.266	0.013	7.179
1546	-21.266	0.013	7.875
1524	-21.231	0.013	7.882
1532	-21.231	0.014	7.193
1535	-21.231	0.014	7.192
1522	-21.230	0.014	7.196
1515	-21.230	0.014	7.196
1528	-21.191	0.014	13.835
752	-20.532	0.862	18.401
560	-20.523	0.862	12.768
835	-20.501	0.862	7.894
806	-20.452	0.861	18.027
807	-20.452	0.861	18.027
719	-20.452	0.861	14.543
758	-20.452	0.861	12.010
788	-20.452	0.861	11.994
830	-20.422	0.861	7.219
744	-20.394	0.861	7.223
797	-20.394	0.861	12.002
800	-20.394	0.861	18.355
682	-20.393	0.861	18.115
642	-20.378	0.861	7.736
733	-20.269	0.860	6.698
543	-20.261	0.860	7.471
624	-20.178	0.863	11.996
617	-20.172	0.863	6.504
1566	-20.072	0.867	6.500
347	-19.245	1.617	7.487
1596	-19.242	1.616	7.498
708	-19.190	1.618	3.369
711	-19.189	1.618	14.505
742	-19.189	1.618	6.187
781	-19.189	1.618	18.160
1616	-19.171	1.617	7.500
838	-19.154	1.616	5.766
670	-19.138	1.619	7.112
837	-19.104	1.618	17.014
372	-19.040	1.615	17.388
1555	-19.034	1.653	10.964
1597	-19.028	1.616	17.010
1598	-19.028	1.616	17.300
657	-19.005	1.619	6.150
820	-18.965	1.613	6.145
1549	-18.892	1.653	17.292
1556	-18.786	1.605	6.577
1568	-18.750	1.603	6.149
1574	-18.590	1.606	12.146
1551	-18.572	1.604	16.823
1563	-18.498	1.600	12.126
1536	-18.421	1.603	6.353
1607	-18.313	1.506	17.295
1521	-16.666	1.080	11.645
780	-16.431	3.735	16.841
799	-16.359	3.738	16.834
62	-16.277	3.723	7.129
85	-16.277	3.723	16.903
163	-16.277	3.722	12.138
454	-16.277	3.722	15.261
36	-16.274	3.723	12.147
340	-16.273	3.724	8.243
187	-16.273	3.722	20.641
503	-16.263	3.721	12.823
464	-16.248	3.721	3.668
659	-16.209	3.724	11.054
403	-16.158	3.735	18.117
377	-16.157	3.735	12.695
246	-16.142	3.738	17.503
359	-16.126	3.742	7.906
134	-16.116	3.707	16.835
459	-16.111	3.730	16.566
223	-16.110	3.708	19.975
257	-16.085	3.736	16.948
270	-16.000	3.743	15.958
612	-15.858	3.714	14.873
1606	-14.229	3.318	8.231
1578	-14.222	3.310	7.283
1552	-13.953	3.343	20.708
1561	-13.953	3.343	17.211
1573	-13.953	3.343	11.230
1570	-13.868	3.341	18.469
1572	-13.868	3.341	18.463
1584	-13.573	3.372	4.115
1585	-13.573	3.372	4.114
1594	-13.572	3.372	4.116
717	-13.564	3.384	12.682
779	-13.564	3.384	11.211
795	-13.564	3.384	4.377
1604	-13.556	3.371	20.016
1614	-13.500	3.383	19.419
1615	-13.500	3.383	12.722
735	-13.493	3.378	11.250
452	-13.490	3.367	11.210
1580	-13.488	3.368	4.374
1583	-13.488	3.368	14.655
1586	-13.488	3.368	20.034
1589	-13.486	3.368	20.038
234	-13.469	3.366	11.253
240	-13.469	3.366	20.494
350	-13.463	3.365	3.799
1609	-13.433	3.436	20.558
1581	-13.420	3.407	20.462
1591	-13.419	3.406	20.472
803	-13.418	3.404	20.465
796	-13.417	3.404	20.466
1599	-13.402	3.407	11.345
605	-13.356	3.403	0.006
833	-13.350	3.371	0.012
1595	-13.190	3.786	11.661
209	-13.099	3.821	20.599
1592	-12.736	3.844	12.553
1547	-12.621	3.720	9.226
1543	-12.431	3.723	7.356
1593	-9.261	2.653	18.462
1601	-9.259	2.653	9.569
1611	-9.254	2.652	9.224
696	-9.220	2.652	21.754
1617	-9.211	2.652	20.702
1590	-9.209	2.653	6.251
748	-9.208	2.653	22.658
1550	-9.064	2.638	7.818
1540	-8.985	3.035	9.894
1526	-8.942	3.031	5.119
1527	-8.942	3.031	19.167
292	-7.863	3.565	4.730
641	-7.810	2.574	12.719
827	-7.801	2.575	4.369
644	-7.743	2.569	4.118
764	-7.741	2.569	20.037
533	-7.739	2.570	20.038
768	-7.732	3.482	20.019
746	-7.731	3.482	11.860
595	-7.724	3.483	20.560
172	-7.711	3.486	3.796
74	-7.711	3.486	4.750
82	-7.711	3.486	20.492
140	-7.709	3.486	20.464
802	-7.684	2.568	19.147
353	-7.683	2.569	7.474
713	-7.680	3.460	0.004
765	-7.680	3.460	0.007
668	-7.667	3.462	14.593
548	-7.656	3.439	19.895
813	-7.652	2.579	1.642
236	-7.640	3.443	18.439
65	-7.503	3.827	9.899
609	-7.502	3.496	18.436
1582	-7.502	2.609	18.436
225	-7.475	3.802	5.150
699	-7.475	2.608	17.110
828	-7.474	3.809	20.246
1571	-7.401	2.613	9.891
1557	-7.383	2.614	10.440
1560	-7.383	2.614	8.003
1564	-7.365	2.613	10.041
