907	-24.086	0.000	1.777
988	-24.075	0.001	3.668
886	-16.970	3.368	6.260
992	-16.953	3.368	18.233
905	-16.877	3.359	16.658
847	-16.876	3.359	16.576
854	-16.866	3.358	16.870
945	-16.793	3.317	15.951
920	-16.768	3.000	6.038
965	-16.731	3.308	14.976
937	-16.665	2.917	13.282
881	-16.646	3.356	18.105
897	-16.646	3.356	18.102
997	-16.632	3.356	4.739
967	-16.608	2.910	18.535
983	-16.533	1.704	8.383
939	-16.526	1.704	18.497
855	-16.522	1.703	3.564
931	-16.521	1.703	0.026
869	-16.509	1.702	11.142
842	-16.499	2.834	5.754
964	-16.488	1.705	12.700
925	-16.475	2.836	2.772
971	-16.473	2.837	15.542
924	-16.472	2.930	2.768
976	-16.470	2.930	2.790
1024	-16.442	3.344	8.682
944	-16.438	2.841	8.198
946	-16.438	2.841	20.684
864	-16.434	3.342	9.308
892	-16.434	3.342	16.835
942	-16.419	3.342	16.737
916	-16.402	2.804	22.778
940	-16.395	2.839	5.963
844	-16.383	2.815	8.245
845	-16.383	2.815	17.512
846	-16.383	2.815	15.992
986	-16.379	2.835	15.176
867	-16.378	2.813	8.433
840	-16.373	2.847	8.118
1012	-16.373	2.846	9.286
915	-16.364	2.818	8.146
973	-16.316	2.814	8.405
930	-16.314	1.703	8.409
1022	-16.308	2.937	5.913
1023	-16.308	2.937	21.904
1001	-16.302	2.938	7.273
1008	-16.302	2.938	19.155
981	-16.302	2.938	19.156
1013	-16.299	2.937	15.199
872	-16.268	3.624	7.124
883	-16.268	3.624	6.165
885	-16.268	3.624	4.307
876	-16.268	3.626	6.030
848	-16.267	3.624	12.699
851	-16.261	3.623	3.667
978	-16.259	3.629	3.460
984	-16.259	2.936	18.060
991	-16.258	3.628	3.668
893	-16.241	3.439	11.055
1019	-16.226	2.938	11.635
938	-16.223	2.938	11.638
1002	-16.223	2.938	3.459
932	-16.188	2.863	18.563
954	-16.185	2.946	8.378
970	-16.183	2.946	3.643
921	-16.173	3.471	3.574
895	-16.149	3.471	6.258
859	-16.139	3.433	16.998
904	-16.098	3.418	19.987
918	-16.064	3.591	15.166
950	-16.061	3.590	15.172
860	-16.059	3.450	8.195
990	-16.050	3.452	8.195
894	-15.977	0.880	8.441
1017	-15.969	0.878	11.715
949	-15.944	3.581	17.734
896	-15.850	0.877	4.302
887	-15.849	0.877	19.457
852	-15.846	0.877	5.510
875	-15.790	0.879	5.926
890	-15.790	0.879	6.022
891	-15.790	0.879	6.992
902	-15.288	1.846	14.955
943	-15.266	1.852	3.635
882	-12.869	2.411	18.440
850	-12.866	2.411	18.438
858	-12.850	2.412	9.538
941	-12.812	2.412	17.114
910	-12.796	2.413	8.547
961	-12.796	2.413	9.542
987	-12.432	2.614	16.586
1010	-12.428	2.615	7.824
996	-12.400	2.614	7.491
871	-9.274	3.864	18.690
993	-9.080	2.737	16.580
994	-9.080	2.737	7.352
933	-8.783	3.196	17.685
1011	-8.731	3.198	16.677
