122	-9.344	0.000	26.202
151	-9.344	0.000	21.277
47	-9.343	0.001	3.156
53	-9.343	0.001	0.022
348	-9.332	0.001	3.027
258	-9.330	0.001	1.421
265	-9.330	0.001	25.961
425	-9.330	0.001	9.517
462	-9.330	0.001	0.037
1288	-9.317	0.002	22.478
1294	-9.317	0.002	0.038
1259	-9.316	0.002	25.962
1319	-9.316	0.002	11.241
1336	-9.316	0.002	11.241
1271	-9.315	0.002	22.478
1240	-9.315	0.003	13.672
1446	-9.314	0.002	26.144
154	-9.308	0.003	9.577
180	-9.308	0.003	9.826
184	-9.308	0.003	9.843
63	-9.307	0.003	4.622
72	-9.307	0.003	9.835
95	-9.307	0.003	23.656
67	-9.307	0.836	23.652
74	-9.307	0.836	22.621
85	-9.307	0.836	23.605
86	-9.307	0.836	9.504
90	-9.307	0.836	8.052
97	-9.307	0.836	21.118
214	-9.304	0.003	20.918
216	-9.304	0.003	9.840
217	-9.304	0.003	9.429
218	-9.304	0.003	21.101
233	-9.304	0.003	9.429
237	-9.304	0.003	16.941
281	-9.295	0.003	21.467
262	-9.294	0.003	16.937
272	-9.294	0.003	16.942
273	-9.294	0.003	9.431
279	-9.294	0.837	16.939
268	-9.294	0.837	21.604
362	-9.292	0.004	21.608
364	-9.292	0.004	21.611
537	-9.292	0.004	2.263
549	-9.292	0.004	21.607
567	-9.292	0.003	16.950
575	-9.292	0.003	21.460
582	-9.292	0.004	21.605
389	-9.291	0.003	17.352
402	-9.291	0.004	12.559
433	-9.291	0.004	21.606
445	-9.291	0.004	20.183
452	-9.291	0.004	25.797
473	-9.291	0.004	21.015
489	-9.290	0.004	22.508
113	-9.284	0.005	18.711
115	-9.284	0.005	17.492
120	-9.284	0.005	17.477
127	-9.284	0.005	17.517
130	-9.284	0.005	3.101
131	-9.284	0.005	3.103
132	-9.284	0.005	17.988
134	-9.284	0.005	1.037
138	-9.284	0.005	4.913
144	-9.284	0.005	14.962
150	-9.284	0.005	9.634
155	-9.284	0.005	9.635
161	-9.284	0.005	20.775
189	-9.284	0.005	20.774
66	-9.284	0.005	23.365
68	-9.284	0.005	9.353
71	-9.284	0.005	8.256
76	-9.284	0.005	16.726
82	-9.284	0.005	8.479
91	-9.284	0.005	16.964
93	-9.284	0.005	22.060
99	-9.284	0.005	20.929
16	-9.282	0.005	20.947
1305	-9.281	0.838	18.631
224	-9.280	0.005	20.300
234	-9.280	0.005	20.820
236	-9.280	0.005	20.952
1272	-9.280	0.839	18.834
1188	-9.280	0.839	21.929
1190	-9.280	0.839	21.964
1204	-9.279	0.839	21.808
1220	-9.279	0.839	21.488
1221	-9.279	0.839	21.229
1157	-9.277	0.839	21.241
335	-9.272	0.005	21.495
336	-9.272	0.005	21.136
121	-9.272	0.834	19.193
137	-9.272	0.834	14.181
148	-9.272	0.834	14.183
158	-9.272	0.834	14.122
188	-9.272	0.834	14.184
201	-9.272	0.834	13.806
247	-9.270	0.005	13.806
479	-9.270	0.005	13.806
547	-9.268	0.006	16.731
548	-9.268	0.006	16.729
568	-9.268	0.006	13.805
584	-9.268	0.005	16.731
231	-9.268	0.833	16.731
239	-9.268	0.834	12.978
374	-9.267	0.006	12.971
383	-9.267	0.005	13.811
393	-9.267	0.005	16.720
404	-9.267	0.006	16.816
407	-9.267	0.006	16.820
419	-9.267	0.005	15.846
461	-9.267	0.005	15.858
427	-9.267	0.005	17.893
460	-9.267	0.006	11.798
475	-9.267	0.006	11.798
494	-9.266	0.005	23.752
496	-9.266	0.005	23.746
501	-9.266	0.005	13.885
507	-9.266	0.005	13.885
343	-9.260	0.835	13.887
291	-9.260	0.835	12.622
261	-9.258	0.835	21.232
276	-9.258	0.835	12.007
277	-9.258	0.835	13.920
428	-9.256	0.835	1.295
463	-9.256	0.835	13.497
464	-9.256	0.835	18.485
465	-9.256	0.835	12.027
497	-9.255	0.835	13.951
116	-9.249	0.833	13.496
118	-9.249	0.833	12.028
119	-9.249	0.833	12.028
125	-9.249	0.833	18.490
126	-9.249	0.833	23.396
128	-9.249	0.833	21.279
136	-9.249	0.833	0.128
153	-9.249	0.833	1.286
157	-9.249	0.833	0.000
165	-9.249	0.833	0.040
183	-9.249	0.833	0.146
42	-9.248	0.834	20.169
43	-9.248	0.833	21.477
44	-9.248	0.833	21.477
45	-9.248	0.834	0.144
46	-9.248	0.833	21.265
48	-9.248	0.833	1.469
51	-9.248	0.833	24.554
52	-9.248	0.833	24.600
56	-9.248	0.833	20.155
59	-9.248	0.833	1.449
70	-9.248	0.833	3.676
77	-9.248	0.833	1.553
78	-9.248	0.834	3.887
79	-9.248	0.834	24.351
80	-9.248	0.833	10.290
96	-9.248	0.834	3.668
100	-9.248	0.833	21.363
102	-9.248	0.834	3.668
109	-9.248	0.834	24.351
19	-9.247	0.834	12.549
26	-9.247	0.834	12.549
28	-9.247	0.834	21.362
33	-9.247	0.834	14.206
34	-9.247	0.834	24.531
37	-9.247	0.834	11.496
219	-9.245	0.833	11.220
226	-9.245	0.833	11.227
235	-9.245	0.833	1.664
318	-9.237	0.834	11.226
323	-9.237	0.834	22.526
342	-9.237	0.834	22.521
349	-9.237	0.834	21.560
295	-9.236	0.834	22.479
246	-9.235	0.835	10.321
267	-9.235	0.835	10.237
365	-9.233	0.834	19.628
581	-9.233	0.834	19.449
513	-9.233	0.834	11.104
528	-9.233	0.834	11.107
529	-9.233	0.834	19.608
544	-9.233	0.834	11.109
399	-9.232	0.834	15.806
405	-9.232	0.834	20.023
408	-9.232	0.834	15.802
447	-9.232	0.835	15.807
448	-9.232	0.834	11.109
40	-9.092	2.181	15.804
65	-9.092	2.181	20.092
73	-9.092	2.181	20.101
105	-9.092	2.181	20.105
133	-9.092	2.181	2.843
140	-9.092	2.181	20.100
145	-9.092	2.181	15.816
146	-9.092	2.182	20.013
149	-9.092	2.181	20.099
159	-9.092	2.181	15.920
169	-9.092	2.181	12.756
174	-9.092	2.181	20.099
175	-9.092	2.181	18.629
179	-9.092	2.181	24.267
181	-9.092	2.181	19.504
187	-9.092	2.181	21.389
228	-9.078	2.181	17.099
238	-9.078	2.181	16.048
312	-9.073	2.181	16.037
321	-9.073	2.181	16.068
337	-9.073	2.181	3.153
344	-9.073	2.181	3.144
352	-9.073	2.181	16.459
248	-9.072	2.181	3.093
257	-9.072	2.181	2.701
269	-9.072	2.181	15.097
278	-9.072	2.181	11.656
478	-9.072	2.181	11.657
510	-9.059	2.181	19.564
520	-9.059	2.181	19.563
523	-9.059	2.181	21.488
524	-9.059	2.181	11.290
540	-9.059	2.181	10.114
541	-9.059	2.181	15.337
542	-9.059	2.181	10.043
554	-9.059	2.181	15.544
535	-9.059	2.181	20.739
580	-9.059	2.181	19.319
375	-9.058	2.181	19.339
386	-9.058	2.181	16.868
387	-9.058	2.181	18.792
400	-9.058	2.181	19.333
401	-9.058	2.181	19.535
403	-9.058	2.181	17.329
449	-9.058	2.181	20.599
455	-9.058	2.181	20.637
458	-9.058	2.181	20.439
467	-9.058	2.181	20.032
477	-9.058	2.181	19.825
366	-9.058	2.181	19.839
492	-9.057	2.181	20.049
495	-9.057	2.181	19.677
499	-9.057	2.181	17.165
504	-9.057	2.181	14.162
298	-8.808	2.244	13.484
299	-8.808	2.244	12.035
260	-8.807	2.244	12.035
274	-8.807	2.244	18.462
373	-8.795	2.243	1.461
423	-8.795	2.243	3.700
437	-8.795	2.243	1.568
459	-8.795	2.243	3.909
39	-8.746	2.048	19.479
62	-8.746	2.049	21.367
75	-8.746	2.049	17.073
98	-8.746	2.049	16.025
104	-8.746	2.049	16.015
107	-8.746	2.049	16.045
110	-8.746	2.049	3.176
147	-8.746	2.048	3.167
168	-8.746	2.049	16.434
178	-8.746	2.049	3.116
202	-8.746	2.049	2.672
35	-8.744	2.048	11.666
207	-8.731	2.048	19.538
317	-8.728	2.048	19.537
297	-8.728	2.048	21.464
325	-8.728	2.048	11.298
330	-8.728	2.048	10.124
340	-8.728	2.048	15.316
354	-8.728	2.048	10.052
243	-8.727	2.048	15.523
244	-8.727	2.048	20.717
245	-8.727	2.048	19.293
270	-8.727	2.048	19.313
530	-8.713	2.048	16.842
546	-8.713	2.048	18.767
552	-8.713	2.048	19.306
532	-8.713	2.048	19.509
578	-8.713	2.048	17.303
371	-8.713	2.048	20.577
384	-8.713	2.048	20.615
385	-8.713	2.048	20.417
397	-8.713	2.048	20.006
411	-8.713	2.048	19.801
414	-8.713	2.048	19.814
426	-8.713	2.048	20.023
450	-8.713	2.048	19.653
487	-8.712	2.048	17.145
488	-8.712	2.048	14.163
502	-8.712	2.048	14.164
505	-8.712	2.048	14.102
83	-8.581	0.105	21.456
589	-8.559	0.103	11.114
227	-8.500	0.704	16.015
369	-8.311	2.098	4.648
469	-8.311	2.098	4.646
