1775	-12.690	0.000	16.728
1778	-12.690	0.000	8.480
1784	-12.690	0.000	16.966
1786	-12.690	0.000	22.061
1761	-12.682	0.001	20.931
1762	-12.682	0.001	20.949
1819	-12.513	0.009	18.633
1808	-12.513	0.009	20.302
1818	-12.513	0.009	20.821
1826	-12.513	0.009	20.954
1836	-12.512	0.009	18.836
1841	-12.506	0.009	21.931
1782	-12.493	0.566	21.966
1783	-12.493	0.566	21.810
1750	-12.485	0.565	21.490
1755	-12.485	0.565	21.231
1758	-12.485	0.565	21.243
1766	-12.485	0.565	21.496
1796	-12.326	0.122	21.138
1804	-12.326	0.122	19.194
1830	-12.326	0.122	8.471
1840	-12.326	0.122	8.469
1802	-12.320	0.563	8.539
1809	-12.320	0.563	8.468
1812	-12.320	0.563	8.145
1824	-12.320	0.563	8.145
1827	-12.320	0.563	8.145
1767	-12.308	0.061	4.729
1785	-12.307	0.060	4.730
1833	-12.070	0.524	8.147
1838	-12.070	0.524	4.728
1845	-6.879	0.566	21.275
1831	-5.497	2.845	21.257
