24	-9.799	0.000	13.522
29	-9.799	0.000	20.087
50	-9.799	0.000	10.120
87	-9.799	0.000	13.396
89	-9.799	0.000	13.523
106	-9.799	0.001	10.121
351	-9.797	0.001	10.121
255	-9.797	0.000	20.091
350	-9.797	0.000	24.781
474	-9.795	0.001	22.364
124	-9.770	0.012	3.386
129	-9.770	0.019	3.685
285	-9.769	0.012	3.705
211	-9.768	0.018	3.610
263	-9.768	0.019	21.293
367	-9.766	0.013	22.540
382	-9.766	0.013	22.540
429	-9.766	0.013	3.611
430	-9.766	0.013	22.351
498	-9.766	0.013	3.134
539	-9.766	0.013	26.166
545	-9.766	0.013	26.204
561	-9.766	0.013	21.278
571	-9.766	0.013	3.157
574	-9.766	0.013	0.024
64	-7.981	2.473	12.485
313	-7.974	2.461	21.802
319	-7.974	2.461	10.569
250	-7.974	2.461	5.515
506	-7.960	2.449	10.562
