1077	-9.401	0.000	9.779
1101	-9.401	0.000	9.779
1119	-9.397	0.003	25.120
1058	-9.394	0.003	25.114
1059	-9.394	0.003	13.331
1003	-9.394	0.008	13.331
1097	-9.393	0.004	13.333
1114	-9.393	0.003	13.558
1083	-9.393	0.004	22.312
1084	-9.393	0.004	13.170
1094	-9.393	0.004	13.362
1098	-9.393	0.004	3.392
1102	-9.393	0.004	13.521
1060	-9.383	0.010	20.085
1071	-9.383	0.009	10.119
1076	-9.382	0.010	13.394
1080	-9.382	0.010	13.521
1081	-9.382	0.010	10.121
1086	-9.382	0.010	10.121
1088	-9.382	0.010	20.090
1090	-9.382	0.010	24.779
1092	-9.382	0.010	22.363
1093	-9.382	0.010	3.610
1103	-9.382	0.010	3.386
1105	-9.382	0.010	3.684
1108	-9.382	0.010	3.704
1109	-9.382	0.010	3.609
1111	-9.382	0.010	21.291
1100	-9.382	0.010	22.538
958	-9.354	0.021	22.538
959	-9.354	0.021	3.610
960	-9.354	0.022	22.349
961	-9.354	0.022	3.133
963	-9.354	0.021	26.164
952	-9.025	1.054	13.787
1006	-9.025	1.054	13.787
1027	-9.025	1.054	13.787
1057	-9.025	1.054	16.712
1079	-9.025	1.053	16.710
1075	-9.024	1.053	13.786
1085	-9.024	1.053	16.712
939	-9.018	1.052	12.951
1042	-9.018	1.052	13.792
1046	-9.018	1.052	16.701
1052	-9.018	1.052	16.798
1055	-9.018	1.052	16.801
1087	-9.017	1.052	15.826
1099	-9.017	1.052	15.838
986	-9.017	1.053	17.867
969	-8.995	1.057	11.806
