1842	-15.321	0.000	23.607
1794	-13.938	3.232	9.505
1798	-13.934	3.232	8.052
1799	-13.934	3.232	21.120
1807	-13.934	3.232	20.920
1834	-13.934	3.232	9.841
1835	-13.934	3.232	9.429
1837	-13.934	3.232	21.103
1839	-13.934	3.232	9.429
1793	-13.584	3.236	16.943
1844	-13.486	3.252	21.469
1769	-13.432	3.259	16.939
1770	-13.432	3.259	16.944
1771	-13.432	3.259	9.432
1772	-13.432	3.259	16.940
1773	-13.432	3.259	21.606
1774	-13.432	3.259	21.610
1776	-13.432	3.259	21.612
1777	-13.432	3.259	2.264
1779	-13.432	3.259	21.608
1788	-13.432	3.259	16.952
1790	-13.432	3.259	21.462
1791	-13.432	3.259	21.607
1792	-13.432	3.259	17.353
1748	-13.431	3.258	12.561
1749	-13.431	3.258	21.607
1751	-13.431	3.258	20.185
1752	-13.431	3.258	25.798
1753	-13.431	3.258	21.017
1754	-13.431	3.258	22.510
1756	-13.431	3.258	18.713
1757	-13.431	3.258	17.494
1759	-13.431	3.258	17.479
1760	-13.431	3.258	17.519
1763	-13.431	3.258	3.101
1764	-13.431	3.258	3.103
1765	-13.431	3.258	17.990
1846	-13.207	3.253	1.037
1847	-13.207	3.253	4.914
1795	-13.193	3.290	14.963
1803	-13.190	3.290	9.634
1810	-13.190	3.290	9.635
1813	-13.190	3.290	20.777
1828	-13.190	3.290	20.776
1797	-13.181	3.290	23.367
1806	-13.181	3.290	9.354
1843	-8.979	3.504	11.807
1768	-8.962	3.506	21.258
1820	-8.958	3.502	0.174
1821	-8.958	3.502	1.311
1825	-8.958	3.502	0.048
1805	-8.958	3.502	0.008
1780	-8.958	3.506	0.192
1781	-8.958	3.506	20.148
1800	-8.955	3.502	21.456
1801	-8.955	3.502	21.456
1811	-8.954	3.502	0.190
1815	-8.954	3.502	21.245
1829	-8.954	3.502	1.481
1787	-8.767	3.044	11.104
1814	-8.738	3.076	11.666
1817	-8.346	3.526	8.125
1789	-8.335	3.054	4.734
1816	-8.283	3.085	5.610
1822	-8.281	3.085	5.599
1823	-8.281	3.085	5.950
1832	-8.275	3.085	3.852
