435	-8.949	0.000	24.532
472	-8.949	0.001	24.578
322	-8.948	0.007	20.134
359	-8.927	0.004	1.461
360	-8.927	0.004	3.699
240	-8.806	0.051	21.258
256	-8.797	0.051	21.244
264	-8.797	0.051	1.482
483	-8.797	0.051	24.531
111	-8.796	0.054	24.578
287	-8.787	0.063	24.328
282	-8.787	0.053	10.289
284	-8.787	0.052	3.692
289	-8.787	0.052	21.341
296	-8.787	0.052	3.691
303	-8.787	0.053	24.328
304	-8.787	0.052	12.549
305	-8.787	0.053	12.549
306	-8.787	0.052	21.340
135	-8.776	0.056	14.196
152	-8.776	0.056	24.508
160	-8.776	0.056	11.504
163	-8.776	0.056	11.224
167	-8.776	0.056	11.230
182	-8.776	0.056	1.644
190	-8.776	0.056	11.229
191	-8.776	0.056	22.504
192	-8.776	0.056	22.500
193	-8.776	0.056	21.539
197	-8.776	0.057	22.457
500	-8.775	0.049	10.321
329	-8.771	0.052	10.250
345	-8.770	0.052	19.602
316	-8.768	0.055	19.422
406	-8.767	0.048	11.114
409	-8.767	0.048	19.582
410	-8.767	0.048	11.115
422	-8.767	0.047	15.784
431	-8.767	0.048	19.997
434	-8.767	0.048	15.780
439	-8.767	0.047	15.785
440	-8.767	0.048	11.115
456	-8.767	0.047	15.782
476	-8.767	0.048	20.066
533	-8.765	0.050	20.075
565	-8.765	0.050	20.079
586	-8.763	0.050	2.859
209	-8.754	0.054	19.987
210	-8.754	0.054	20.072
212	-8.754	0.054	15.897
220	-8.754	0.054	12.745
225	-8.754	0.054	20.073
229	-8.754	0.054	18.602
230	-8.754	0.054	24.243
519	-8.746	0.052	15.080
266	-8.589	0.049	12.035
54	-8.588	0.050	23.376
55	-8.588	0.050	21.259
57	-8.588	0.050	0.174
69	-8.588	0.050	1.311
81	-8.588	0.050	0.047
123	-8.568	0.050	21.341
139	-8.568	0.050	3.691
141	-8.568	0.050	24.329
142	-8.568	0.050	12.549
172	-8.568	0.050	12.549
173	-8.568	0.050	21.341
491	-8.565	0.050	14.197
328	-8.562	0.045	24.509
331	-8.562	0.045	11.504
311	-8.560	0.048	19.423
320	-8.560	0.048	11.104
380	-8.557	0.047	15.785
442	-8.557	0.047	19.998
443	-8.557	0.047	15.781
444	-8.557	0.047	15.786
593	-8.533	0.049	15.783
594	-8.533	0.049	20.066
511	-8.477	0.067	18.767
538	-8.477	0.067	19.307
484	-8.275	0.100	3.847
418	-8.267	0.096	12.473
446	-8.267	0.096	12.473
206	-8.253	0.097	12.472
357	-8.247	0.093	10.093
