881	-10.340	0.000	21.612
998	-10.340	0.000	2.264
614	-10.254	3.035	21.608
892	-10.123	3.064	21.462
883	-10.103	3.064	21.607
887	-10.103	3.064	17.353
895	-10.103	3.064	12.561
906	-10.103	3.063	21.607
907	-10.103	3.064	20.185
908	-10.103	3.064	25.798
910	-10.103	3.064	21.016
912	-10.103	3.064	22.510
920	-10.103	3.064	18.713
924	-10.103	3.064	17.494
926	-10.103	3.064	17.479
929	-10.103	3.063	17.519
930	-10.103	3.063	3.101
935	-10.103	3.064	3.103
937	-10.103	3.064	17.990
940	-10.103	3.064	1.037
941	-10.103	3.064	4.914
946	-10.103	3.063	14.963
947	-10.103	3.064	9.634
949	-10.103	3.064	9.635
1002	-10.103	3.064	20.777
1007	-10.103	3.063	20.776
1019	-10.103	3.064	23.367
1020	-10.103	3.064	9.354
1021	-10.103	3.064	8.256
1023	-10.103	3.064	16.728
1025	-10.103	3.064	8.480
1032	-10.103	3.064	16.965
1033	-10.103	3.064	22.061
1034	-10.103	3.064	20.930
1048	-10.103	3.064	20.949
1050	-10.103	3.064	18.633
1053	-10.103	3.064	20.302
1068	-10.103	3.064	20.821
1089	-10.101	3.064	20.954
1107	-10.101	3.064	18.836
992	-10.100	3.064	21.931
802	-10.100	3.064	21.966
804	-10.100	3.064	21.810
805	-10.100	3.064	21.490
815	-10.100	3.064	21.231
818	-10.100	3.064	21.242
830	-10.100	3.064	21.496
834	-10.100	3.064	21.138
838	-10.100	3.064	19.194
839	-10.100	3.064	11.476
846	-10.100	3.064	11.473
850	-10.100	3.064	11.584
859	-10.100	3.064	11.473
862	-10.100	3.064	11.060
863	-10.100	3.064	11.060
870	-10.100	3.064	11.060
875	-10.100	3.064	7.162
878	-10.100	3.064	7.164
974	-10.100	3.064	11.061
979	-10.100	3.064	7.162
985	-10.100	3.064	7.162
987	-10.100	3.064	12.925
615	-10.098	3.064	12.935
616	-10.098	3.064	11.043
621	-10.098	3.064	7.172
623	-10.098	3.064	7.045
626	-10.098	3.064	7.040
634	-10.098	3.064	7.998
639	-10.098	3.064	7.984
646	-10.098	3.064	7.601
647	-10.098	3.064	21.498
665	-10.098	3.064	21.498
667	-10.098	3.064	1.033
669	-10.098	3.064	0.000
677	-10.098	3.064	15.744
680	-10.098	3.064	15.744
681	-10.098	3.064	15.744
695	-10.098	3.064	12.997
699	-10.098	3.064	3.648
700	-10.098	3.064	12.633
704	-10.098	3.064	15.760
707	-10.098	3.064	23.963
710	-10.098	3.064	13.689
711	-10.098	3.064	7.345
714	-10.098	3.064	21.621
715	-10.098	3.064	15.749
1016	-10.094	2.894	13.681
1091	-10.092	2.894	21.620
821	-10.091	2.895	21.620
945	-10.083	3.055	7.343
1062	-10.083	3.055	0.020
739	-10.082	3.065	3.591
744	-10.082	3.065	23.478
750	-10.082	3.065	23.938
768	-10.082	3.065	23.396
782	-10.082	3.065	23.378
783	-10.082	3.064	23.486
793	-10.082	3.065	4.245
794	-10.082	3.065	4.426
795	-10.082	3.065	4.426
796	-10.082	3.065	23.485
797	-10.082	3.065	3.603
663	-10.078	3.055	23.647
888	-10.075	2.890	2.860
891	-10.075	2.890	2.863
899	-10.075	2.890	4.254
901	-10.075	2.890	23.635
902	-10.075	2.890	24.762
903	-10.075	2.890	23.730
915	-10.075	2.890	25.850
921	-10.075	2.890	2.782
950	-10.075	2.890	17.715
953	-10.075	2.890	24.752
1010	-10.075	2.890	4.944
1011	-10.075	2.890	24.752
1015	-10.075	2.890	2.783
1017	-10.075	2.890	19.125
1018	-10.075	2.890	19.125
1026	-10.075	2.890	4.943
1030	-10.075	2.890	15.582
1039	-10.075	2.890	2.856
1040	-10.075	2.890	21.199
1049	-10.075	2.890	19.683
1054	-10.075	2.890	19.645
759	-10.074	2.894	22.748
1106	-10.073	2.891	19.670
1110	-10.073	2.891	4.126
1113	-10.073	2.891	4.123
803	-10.072	2.891	4.341
806	-10.072	2.891	4.121
809	-10.072	2.891	17.868
813	-10.072	2.891	22.913
814	-10.072	2.891	6.690
816	-10.072	2.891	6.871
817	-10.072	2.891	19.027
820	-10.072	2.891	20.683
833	-10.072	2.891	6.696
835	-10.072	2.891	20.688
843	-10.072	2.891	8.901
849	-10.072	2.891	6.503
864	-10.072	2.891	8.904
872	-10.072	2.891	8.900
873	-10.072	2.891	20.680
975	-10.072	2.891	8.903
976	-10.072	2.891	6.220
978	-10.072	2.891	6.209
980	-10.072	2.891	6.211
982	-10.072	2.891	23.276
983	-10.072	2.891	6.213
997	-10.072	2.891	8.894
622	-10.070	2.891	6.505
628	-10.070	2.891	6.211
629	-10.070	2.891	8.449
630	-10.070	2.891	14.787
631	-10.070	2.891	6.213
635	-10.070	2.891	7.143
642	-10.070	2.891	3.857
643	-10.070	2.891	6.727
645	-10.070	2.892	4.900
648	-10.070	2.891	7.803
654	-10.070	2.891	8.341
655	-10.070	2.891	8.348
656	-10.070	2.891	8.327
657	-10.070	2.891	25.868
662	-10.070	2.891	25.873
675	-10.070	2.891	8.114
676	-10.070	2.891	24.484
682	-10.070	2.891	22.699
683	-10.070	2.891	15.820
688	-10.070	2.891	22.103
690	-10.070	2.891	22.102
691	-10.070	2.891	7.156
692	-10.070	2.891	7.156
693	-10.070	2.891	4.482
701	-10.070	2.891	22.087
703	-10.070	2.891	22.095
705	-10.070	2.891	8.635
709	-10.070	2.891	21.292
712	-10.070	2.891	8.367
713	-10.070	2.891	4.146
1078	-10.059	2.870	7.449
798	-10.058	2.871	6.070
812	-10.058	2.870	5.645
989	-10.058	2.870	5.506
990	-10.058	2.870	6.865
741	-10.055	2.890	4.026
760	-10.055	2.890	3.875
766	-10.055	2.890	4.388
781	-10.055	2.890	5.128
749	-10.055	2.890	5.132
767	-10.055	2.890	5.120
784	-10.055	2.890	5.112
638	-10.055	2.871	5.363
660	-10.055	2.871	8.637
702	-10.055	2.871	14.932
962	-10.000	3.065	17.807
598	-9.982	3.065	14.465
602	-9.982	3.065	17.809
610	-9.982	3.065	17.809
726	-9.982	3.065	13.792
727	-9.982	3.065	13.785
957	-9.975	3.056	14.477
972	-9.971	2.891	17.799
603	-9.954	2.891	17.904
604	-9.954	2.891	17.908
611	-9.954	2.890	16.995
720	-9.954	2.891	17.007
721	-9.954	2.890	19.557
725	-9.954	2.891	9.779
728	-9.954	2.891	9.780
973	-9.775	1.017	3.611
730	-9.760	1.007	3.027
882	-9.678	0.967	1.420
923	-9.678	0.962	25.963
936	-9.678	0.963	9.518
810	-9.673	0.965	0.039
867	-9.673	0.968	22.480
868	-9.673	0.965	0.040
993	-9.673	0.967	25.963
799	-9.672	0.969	11.242
617	-9.671	0.967	11.242
619	-9.671	0.964	22.480
624	-9.671	0.963	13.674
659	-9.671	0.967	26.145
673	-9.671	0.963	9.578
650	-9.670	0.964	9.827
668	-9.670	0.964	9.844
678	-9.670	0.966	4.622
706	-9.670	0.963	9.836
708	-9.670	0.963	23.657
679	-9.670	0.964	23.653
753	-9.666	0.954	22.623
761	-9.665	0.960	23.607
914	-9.662	0.287	9.505
944	-9.662	0.287	8.053
1047	-9.662	0.287	21.120
829	-9.656	0.290	20.919
848	-9.656	0.290	9.841
811	-9.656	0.289	9.429
831	-9.656	0.289	21.103
865	-9.656	0.289	9.429
866	-9.656	0.289	16.943
800	-9.655	0.289	21.469
801	-9.655	0.289	16.939
618	-9.654	0.288	16.944
620	-9.654	0.288	9.432
632	-9.654	0.288	16.940
633	-9.654	0.289	21.605
636	-9.654	0.289	21.610
637	-9.654	0.288	21.612
644	-9.654	0.288	2.264
649	-9.654	0.288	21.608
672	-9.654	0.289	16.952
674	-9.654	0.289	21.462
689	-9.654	0.288	21.607
696	-9.654	0.289	17.353
697	-9.654	0.288	12.561
698	-9.654	0.289	21.607
661	-9.653	0.288	20.185
735	-9.651	0.285	25.798
737	-9.651	0.285	21.016
754	-9.651	0.285	22.510
756	-9.651	0.285	18.713
764	-9.651	0.285	17.494
771	-9.651	0.285	17.479
745	-9.651	0.285	17.519
893	-9.639	1.856	3.101
894	-9.639	1.856	3.103
900	-9.639	1.856	17.990
917	-9.639	1.856	1.037
942	-9.639	1.856	4.914
951	-9.639	1.856	14.963
1012	-9.639	1.856	9.635
1074	-9.637	1.857	9.635
1095	-9.636	1.857	20.777
807	-9.632	1.858	20.776
808	-9.632	1.858	23.367
822	-9.632	1.858	9.354
837	-9.632	1.858	8.256
840	-9.632	1.858	16.728
841	-9.632	1.858	8.480
625	-9.631	1.857	16.965
658	-9.630	1.858	22.061
686	-9.630	1.858	20.930
740	-9.624	1.856	20.949
742	-9.624	1.856	18.633
743	-9.624	1.856	20.302
751	-9.624	1.856	20.821
757	-9.624	1.856	20.954
778	-9.624	1.856	18.836
884	-9.605	0.241	21.931
885	-9.605	0.241	21.966
886	-9.605	0.241	21.810
889	-9.605	0.241	21.490
890	-9.605	0.241	21.231
896	-9.605	0.241	21.242
897	-9.605	0.241	21.496
904	-9.605	0.241	21.138
905	-9.605	0.241	19.194
909	-9.605	0.241	14.154
911	-9.605	0.241	14.155
913	-9.605	0.241	14.093
919	-9.605	0.241	14.157
922	-9.605	0.241	13.779
938	-9.605	0.241	13.779
948	-9.605	0.241	13.779
999	-9.605	0.241	16.705
1004	-9.605	0.241	16.703
1005	-9.605	0.241	13.778
1009	-9.605	0.241	16.705
1024	-9.605	0.241	16.705
1028	-9.605	0.241	12.949
1029	-9.605	0.241	12.941
1031	-9.605	0.241	13.784
1036	-9.605	0.241	16.694
1037	-9.605	0.241	16.791
1041	-9.605	0.241	16.794
1043	-9.605	0.241	15.818
1045	-9.605	0.241	15.830
1051	-9.605	0.241	17.855
1063	-9.605	0.241	11.813
1065	-9.605	0.241	11.813
1066	-9.605	0.241	23.722
898	-9.604	0.647	23.717
916	-9.604	0.647	13.873
918	-9.604	0.647	13.873
925	-9.604	0.647	13.875
927	-9.604	0.647	12.591
928	-9.604	0.647	21.203
931	-9.604	0.647	11.978
932	-9.604	0.647	13.908
933	-9.604	0.647	1.335
934	-9.604	0.647	13.481
943	-9.604	0.647	18.445
1000	-9.603	0.647	12.040
1001	-9.603	0.647	13.939
1008	-9.603	0.647	13.480
1013	-9.603	0.647	12.040
1014	-9.603	0.647	12.040
1022	-9.603	0.647	18.450
1035	-9.603	0.647	23.368
1038	-9.603	0.647	21.250
1044	-9.603	0.647	0.201
1056	-9.603	0.647	1.327
1064	-9.603	0.647	0.076
1067	-9.603	0.647	0.037
1069	-9.603	0.646	0.218
1070	-9.603	0.647	20.139
1061	-9.603	0.647	21.447
826	-9.599	0.243	21.447
827	-9.599	0.243	0.216
832	-9.599	0.243	21.236
836	-9.599	0.243	1.493
842	-9.599	0.243	24.523
845	-9.599	0.243	24.569
847	-9.599	0.242	20.125
852	-9.599	0.243	1.472
853	-9.599	0.243	3.712
861	-9.599	0.243	1.580
869	-9.599	0.243	3.919
871	-9.599	0.243	24.319
874	-9.599	0.243	10.292
981	-9.599	0.243	3.704
991	-9.599	0.243	21.332
994	-9.599	0.243	3.704
995	-9.599	0.243	24.319
996	-9.599	0.243	12.551
819	-9.598	0.648	12.550
823	-9.598	0.648	21.331
824	-9.598	0.648	14.193
825	-9.598	0.648	24.500
828	-9.598	0.648	11.510
844	-9.598	0.648	11.227
851	-9.598	0.648	11.234
854	-9.598	0.648	1.633
855	-9.598	0.648	11.233
856	-9.598	0.648	22.495
857	-9.598	0.648	22.491
858	-9.598	0.648	21.531
860	-9.598	0.648	22.448
876	-9.598	0.648	10.323
877	-9.598	0.648	10.258
879	-9.598	0.648	19.590
880	-9.598	0.648	19.410
977	-9.598	0.648	11.106
984	-9.598	0.648	11.119
988	-9.598	0.648	19.570
627	-9.597	0.242	11.120
640	-9.597	0.242	15.775
641	-9.597	0.243	19.986
651	-9.597	0.243	15.771
652	-9.597	0.242	15.777
664	-9.597	0.242	11.120
684	-9.597	0.243	15.773
685	-9.597	0.242	20.054
687	-9.597	0.242	20.063
653	-9.596	0.647	20.067
666	-9.596	0.647	2.871
670	-9.596	0.647	20.062
671	-9.596	0.647	15.785
694	-9.596	0.647	19.975
1073	-9.592	0.234	20.061
734	-9.590	0.237	15.888
746	-9.590	0.237	12.741
755	-9.590	0.237	20.061
763	-9.590	0.237	18.590
765	-9.590	0.237	24.233
769	-9.590	0.237	19.467
770	-9.590	0.237	21.358
775	-9.590	0.237	17.062
776	-9.590	0.237	16.016
779	-9.590	0.237	16.005
785	-9.590	0.237	16.035
970	-9.590	0.670	3.184
731	-9.587	0.641	3.175
732	-9.587	0.641	16.422
733	-9.587	0.641	3.129
736	-9.587	0.641	2.654
738	-9.587	0.641	15.072
747	-9.587	0.641	11.671
748	-9.587	0.641	11.671
752	-9.587	0.641	19.526
758	-9.587	0.641	19.525
762	-9.587	0.641	21.454
772	-9.587	0.641	11.303
773	-9.587	0.641	10.131
774	-9.587	0.641	15.308
777	-9.587	0.641	10.057
780	-9.587	0.641	15.515
786	-9.587	0.641	20.708
787	-9.587	0.641	19.282
788	-9.587	0.641	19.302
789	-9.587	0.641	16.831
790	-9.587	0.641	18.756
791	-9.587	0.641	19.295
792	-9.587	0.641	19.497
601	-9.586	0.269	17.292
605	-9.586	0.269	20.568
606	-9.586	0.269	20.606
607	-9.586	0.269	20.408
608	-9.586	0.269	19.994
722	-9.586	0.269	19.790
599	-9.584	0.665	19.804
600	-9.584	0.664	20.011
612	-9.584	0.665	19.642
613	-9.584	0.665	17.139
729	-9.584	0.665	14.930
595	-9.556	0.654	14.859
596	-9.556	0.654	14.933
597	-9.556	0.654	14.465
716	-9.548	1.847	14.465
717	-9.548	1.847	14.465
964	-9.533	0.230	17.808
967	-9.533	0.230	17.806
968	-9.533	0.230	14.464
971	-9.533	0.230	17.808
965	-9.525	0.625	17.808
966	-9.525	0.625	13.790
609	-9.524	0.226	13.783
724	-9.524	0.226	14.475
955	-9.524	0.225	17.797
718	-9.515	0.620	17.903
719	-9.515	0.620	17.907
723	-9.515	0.620	16.994
954	-9.515	0.620	17.005
956	-9.515	0.620	19.555
1115	-8.637	3.835	14.165
1117	-8.637	3.835	13.787
1072	-8.636	3.834	13.787
1096	-8.583	3.827	0.008
1116	-8.583	3.827	0.191
1112	-8.582	3.827	20.148
1082	-8.558	3.793	19.582
1104	-8.558	3.793	11.115
1120	-8.281	3.894	18.438
1121	-8.281	3.893	18.439
