1377	-9.292	0.000	7.356
1517	-9.273	0.004	7.878
1468	-9.270	0.004	5.692
1471	-9.268	0.004	5.692
1422	-9.268	0.004	7.880
1511	-9.222	0.006	8.235
1484	-9.145	0.016	4.397
1410	-9.144	0.016	4.393
1439	-8.906	1.628	13.798
1505	-8.905	1.627	4.490
1284	-8.897	1.628	8.214
1398	-8.893	1.627	8.214
1372	-8.892	1.627	13.797
1486	-8.890	1.627	6.168
1433	-8.890	1.627	8.907
1466	-8.890	1.627	6.128
1443	-8.886	1.628	6.129
1416	-8.872	1.627	16.364
1531	-8.865	1.627	15.830
1381	-8.772	1.633	4.494
1402	-8.757	1.633	14.135
1414	-8.756	1.633	4.477
1442	-8.729	1.846	3.566
1437	-8.711	3.513	5.448
1495	-8.693	1.810	2.971
1453	-8.666	3.557	3.662
1467	-8.665	3.564	4.229
1363	-8.665	1.814	2.972
1447	-8.663	3.557	4.239
1527	-8.651	3.563	2.813
1479	-8.647	3.564	2.814
1473	-8.647	3.580	2.825
1475	-8.647	3.572	4.236
1441	-8.642	1.970	4.265
1493	-8.569	3.515	11.443
1528	-8.565	3.468	16.920
1236	-8.565	2.325	11.443
1399	-8.564	3.492	11.452
1499	-8.538	1.985	12.007
1498	-8.536	2.324	12.009
1482	-8.535	2.827	11.990
1376	-8.535	3.260	9.781
1405	-8.534	1.984	6.024
1487	-8.534	2.822	6.886
1515	-8.532	2.324	6.020
1530	-8.532	2.324	15.134
1522	-8.528	2.826	4.718
1412	-8.527	2.324	4.889
1427	-8.527	2.324	4.729
1432	-8.527	2.324	4.890
1519	-8.522	3.522	13.024
1497	-8.522	3.528	0.014
1513	-8.518	3.522	0.002
1502	-8.516	1.969	0.000
1464	-8.516	2.325	4.891
1481	-8.516	2.324	0.007
1504	-8.515	2.325	5.315
1459	-8.512	3.525	15.725
1521	-8.510	1.969	5.316
1525	-8.399	1.973	4.933
1387	-8.336	2.831	7.848
1476	-8.321	2.464	5.381
1480	-8.321	2.464	5.594
1490	-8.321	2.464	5.594
1409	-8.320	2.464	5.587
1420	-8.320	2.464	1.564
1421	-8.320	2.464	18.118
1383	-8.271	2.449	12.455
1179	-8.267	2.422	10.470
1226	-8.129	2.872	2.961
1247	-8.128	2.872	4.046
1287	-8.105	2.422	4.014
1494	-8.043	2.317	2.937
1401	-8.036	2.300	2.937
1496	-8.029	1.928	3.445
1506	-8.028	1.927	3.447
1434	-8.012	1.927	2.972
1472	-8.001	2.337	4.240
1488	-7.890	2.866	8.906
1391	-7.890	2.865	6.127
1448	-7.837	2.709	6.184
1524	-7.830	2.705	5.182
1458	-7.805	2.708	10.103
1449	-7.597	2.636	4.474
1392	-7.577	2.636	14.223
1500	-7.563	2.625	4.932
1456	-7.563	2.624	5.182
1462	-7.562	2.624	4.176
1483	-7.542	2.626	2.705
