1625	-11.284	0.000	4.722
1648	-10.799	1.345	4.500
1653	-10.799	1.345	15.887
1666	-10.798	1.345	5.200
1702	-10.798	1.345	5.942
1701	-10.763	1.271	14.078
1696	-10.763	1.271	16.930
1680	-10.763	1.272	11.441
1694	-10.762	1.272	16.914
1649	-10.761	1.272	11.442
1654	-10.760	1.271	11.444
1703	-10.748	1.333	13.614
1700	-10.738	1.378	12.006
1636	-10.665	1.346	6.026
1645	-10.662	1.318	15.131
1637	-10.656	1.333	13.022
1630	-10.486	1.292	4.506
1629	-10.486	1.297	6.182
1695	-10.484	1.292	5.188
1635	-10.322	1.690	2.696
1690	-10.208	2.227	11.441
1698	-9.818	2.344	16.923
1677	-9.785	3.936	11.450
1632	-9.719	1.746	0.009
1634	-9.516	2.931	13.981
1688	-9.475	3.083	11.105
1675	-9.352	3.079	17.433
1623	-8.283	2.887	12.448
1678	-8.179	3.714	7.220
1669	-8.178	3.682	2.283
1656	-8.171	3.604	4.724
