33	-11.060	0.000	4.237
2	-11.043	0.007	9.242
6	-11.042	0.005	8.201
15	-10.988	0.015	6.082
3	-10.970	0.019	5.639
128	-10.798	1.423	15.823
152	-10.798	1.423	6.118
129	-10.740	1.426	12.005
59	-10.643	1.402	5.156
5	-10.626	1.415	0.000
528	-10.603	1.397	5.317
9	-10.601	1.397	5.321
12	-10.576	1.400	4.501
14	-10.576	1.400	14.263
17	-9.978	0.201	3.444
52	-9.901	0.179	8.214
53	-9.901	0.179	8.214
135	-9.852	0.193	15.780
179	-9.849	0.190	4.500
561	-9.840	0.300	15.887
87	-9.837	0.191	5.942
490	-9.832	0.299	16.357
142	-9.827	0.175	5.188
102	-9.825	0.300	13.973
105	-9.813	0.174	10.108
94	-9.811	0.172	14.078
38	-9.778	0.190	11.441
63	-9.763	0.302	12.006
23	-9.761	0.304	11.987
28	-9.758	0.304	9.786
294	-9.753	0.170	6.030
70	-9.753	0.173	6.892
54	-9.752	0.171	6.026
18	-9.752	1.686	15.131
58	-9.749	0.170	7.237
61	-9.749	0.170	4.722
26	-9.736	0.173	4.892
29	-9.736	0.173	4.731
374	-9.736	1.682	4.894
47	-9.734	0.171	13.022
44	-9.734	0.171	0.003
67	-9.718	1.683	5.156
1	-9.699	0.287	5.317
8	-9.645	2.252	0.047
42	-9.642	2.234	4.372
36	-9.635	2.175	7.098
502	-9.541	1.689	13.834
704	-9.526	3.459	9.827
678	-9.521	3.460	13.843
453	-9.517	1.693	13.982
21	-9.515	1.690	13.222
22	-9.515	1.690	13.224
501	-9.498	3.457	6.056
682	-9.497	3.464	6.056
697	-9.497	3.464	6.057
628	-9.495	1.697	9.826
351	-9.494	3.457	17.633
213	-9.492	0.291	7.399
554	-9.488	3.456	2.278
166	-9.488	1.694	17.030
109	-9.487	0.296	6.102
187	-9.486	1.693	2.278
573	-9.485	1.694	17.692
238	-9.483	1.692	17.692
581	-9.482	1.694	17.043
492	-9.475	1.693	16.825
349	-9.469	3.462	17.714
358	-9.467	3.463	11.197
386	-9.467	3.462	11.109
396	-9.467	3.463	17.679
416	-9.467	3.463	17.040
348	-9.467	3.463	7.358
491	-9.467	3.462	16.813
493	-9.467	3.463	2.321
344	-9.467	1.693	9.426
420	-9.464	1.693	22.378
89	-9.463	1.693	10.770
75	-9.461	1.693	9.433
470	-9.461	1.692	2.858
649	-9.460	1.690	9.426
377	-9.457	3.464	17.739
724	-9.454	3.461	2.864
651	-9.447	1.690	1.258
654	-9.447	1.690	22.192
48	-9.444	1.693	17.792
125	-9.442	3.454	18.762
133	-9.442	3.454	17.789
438	-9.435	1.696	2.946
580	-9.432	3.461	19.395
595	-9.432	3.461	17.451
601	-9.432	3.461	17.619
606	-9.432	3.461	17.218
610	-9.432	3.461	17.622
695	-9.427	1.690	0.013
630	-9.423	3.463	13.011
622	-9.423	0.278	13.015
627	-9.423	0.278	17.802
588	-9.420	0.278	13.012
597	-9.419	0.278	13.015
41	-9.413	0.294	17.622
499	-9.410	0.275	13.014
555	-9.409	0.276	18.059
19	-9.409	0.300	9.431
398	-9.408	0.281	16.958
300	-9.387	3.438	2.375
310	-9.386	3.438	16.488
667	-9.385	3.439	16.503
465	-9.377	3.440	2.443
510	-9.377	3.440	2.220
515	-9.377	3.440	2.220
532	-9.377	3.440	2.791
71	-9.344	0.279	6.722
285	-9.343	0.274	17.296
508	-9.337	0.278	14.956
519	-9.326	0.279	17.319
462	-9.323	0.277	17.984
280	-9.317	3.337	20.542
246	-9.299	0.336	7.182
647	-9.296	2.026	7.183
35	-9.186	2.021	12.454
383	-9.176	3.866	1.879
157	-9.176	3.865	12.448
136	-9.175	3.865	12.447
668	-9.165	3.434	4.949
726	-9.164	3.860	19.586
415	-9.163	3.861	1.863
168	-9.163	3.860	19.710
106	-9.161	3.862	18.514
37	-9.154	3.869	21.097
68	-9.154	3.869	15.901
204	-9.149	2.020	18.207
209	-9.149	2.020	3.727
536	-9.147	3.863	16.584
249	-9.144	1.689	0.525
138	-9.144	1.697	0.050
447	-9.143	3.866	2.327
448	-9.143	3.866	0.009
672	-9.142	3.439	17.632
34	-9.137	3.865	0.888
675	-9.131	1.687	4.103
146	-9.117	1.690	18.809
659	-9.099	3.439	18.811
39	-9.098	2.023	18.682
51	-9.098	1.697	8.886
232	-9.095	1.693	18.693
167	-9.086	1.691	2.272
190	-9.080	1.693	2.105
569	-9.078	1.690	3.477
221	-9.068	1.692	3.578
268	-9.066	2.022	3.606
307	-9.065	2.022	11.345
95	-9.057	1.691	2.654
553	-9.055	1.690	2.825
296	-9.053	1.690	2.437
370	-9.046	2.016	2.938
77	-9.034	3.422	2.936
277	-9.028	1.688	2.937
257	-9.023	1.689	3.061
284	-9.020	2.019	3.444
802	-9.005	2.222	2.971
66	-8.988	2.019	3.446
46	-8.959	2.019	4.229
158	-8.958	2.228	2.972
27	-8.951	2.225	2.813
534	-8.931	2.221	2.825
45	-8.925	3.413	4.265
664	-8.891	3.420	13.797
318	-8.878	2.063	5.936
425	-8.860	0.258	6.113
419	-8.856	0.258	6.184
55	-8.848	2.821	16.929
531	-8.843	2.823	10.104
331	-8.843	0.264	14.085
338	-8.839	3.886	16.936
324	-8.835	3.644	11.443
545	-8.835	3.645	16.920
645	-8.827	1.673	11.443
72	-8.825	2.524	16.920
65	-8.817	3.889	11.452
544	-8.815	2.247	13.608
91	-8.815	2.826	5.705
172	-8.803	3.658	13.617
562	-8.796	3.659	11.988
633	-8.795	3.890	12.007
334	-8.794	3.892	12.009
335	-8.794	3.892	11.990
336	-8.794	3.892	9.781
399	-8.794	3.892	6.024
405	-8.794	3.892	6.886
119	-8.794	3.890	6.020
134	-8.794	3.890	15.134
147	-8.794	3.890	7.230
199	-8.794	3.890	4.718
201	-8.794	3.890	4.889
121	-8.794	3.889	4.729
97	-8.793	3.893	4.890
98	-8.793	3.892	13.024
346	-8.793	3.892	0.014
353	-8.793	3.892	0.002
357	-8.793	3.892	5.153
366	-8.793	3.892	0.011
367	-8.793	3.892	0.000
368	-8.793	3.892	4.891
181	-8.793	3.890	0.007
574	-8.792	3.890	5.315
777	-8.792	3.890	15.725
84	-8.790	3.892	5.314
175	-8.790	3.890	5.313
439	-8.786	3.897	5.316
442	-8.786	3.897	15.717
372	-8.782	3.892	4.373
382	-8.782	3.892	0.036
212	-8.782	3.890	4.371
446	-8.782	3.896	7.099
250	-8.779	3.896	4.890
283	-8.777	3.894	4.890
831	-8.777	3.904	3.286
222	-8.776	3.896	5.327
180	-8.776	3.905	5.320
539	-8.776	3.893	2.139
74	-8.774	3.895	2.188
521	-8.772	3.896	17.952
707	-8.772	0.256	14.184
82	-8.771	3.895	2.698
264	-8.770	3.896	4.495
275	-8.770	3.896	14.266
745	-8.770	3.904	4.076
258	-8.768	3.895	4.473
287	-8.765	3.894	4.476
288	-8.765	3.894	4.472
80	-8.764	2.631	14.086
262	-8.762	3.664	14.221
308	-8.759	3.896	14.222
435	-8.753	2.840	14.898
220	-8.748	2.841	4.933
259	-8.730	2.839	4.930
861	-8.725	3.907	5.605
20	-8.723	3.678	7.046
619	-8.715	2.558	3.309
866	-8.712	3.891	4.941
1049	-8.695	3.906	3.061
1051	-8.695	3.906	3.444
1039	-8.694	3.906	3.444
907	-8.694	3.906	3.444
917	-8.694	3.906	2.973
356	-8.572	2.083	10.104
634	-8.572	3.688	14.085
584	-8.571	2.080	16.936
174	-8.564	2.080	16.920
500	-8.564	3.695	11.446
32	-8.549	2.658	13.608
305	-8.546	2.081	5.705
762	-8.529	3.661	7.230
440	-8.517	3.705	0.011
127	-8.504	3.672	5.312
547	-8.499	2.075	4.371
417	-8.498	2.839	7.099
192	-8.498	3.666	4.890
637	-8.496	3.668	4.890
141	-8.495	3.666	3.286
586	-8.494	3.666	5.327
600	-8.494	3.668	5.320
1012	-8.493	3.718	2.139
122	-8.493	3.668	2.188
450	-8.491	3.670	17.952
341	-8.488	3.668	14.184
395	-8.487	3.668	4.494
354	-8.487	3.667	2.698
702	-8.485	3.669	4.495
381	-8.483	3.669	14.266
431	-8.459	2.232	4.473
473	-8.424	3.688	14.086
476	-8.424	3.690	14.221
322	-8.418	3.689	14.222
241	-8.418	3.690	14.135
239	-8.417	3.691	4.477
522	-8.413	3.691	14.898
760	-8.395	3.686	5.184
757	-8.395	3.686	4.176
755	-8.395	3.685	4.930
799	-8.392	3.685	3.566
800	-8.392	3.686	2.705
900	-8.387	3.700	2.695
730	-8.378	1.499	3.309
631	-8.366	3.783	4.941
787	-8.362	3.782	5.448
770	-8.346	3.678	7.468
772	-8.346	3.678	7.467
756	-8.346	3.677	7.467
833	-8.343	3.678	5.387
812	-8.342	3.678	7.470
821	-8.342	3.678	7.796
550	-8.335	3.676	7.852
466	-8.331	3.789	5.384
520	-8.323	3.790	5.381
153	-8.283	3.752	12.448
140	-8.282	3.758	12.448
150	-8.280	3.758	7.839
301	-8.275	3.769	5.543
88	-8.272	3.758	18.090
90	-8.272	3.758	1.489
208	-8.271	3.760	12.455
505	-8.270	3.760	18.089
548	-8.270	3.759	18.089
883	-8.251	3.701	5.856
327	-8.251	2.888	5.856
60	-8.245	2.868	18.206
30	-8.232	2.869	18.331
409	-8.215	3.025	5.334
216	-8.204	2.852	5.710
397	-8.197	3.107	5.710
890	-8.193	3.692	18.257
937	-8.193	3.692	5.846
950	-8.193	3.692	1.476
957	-8.193	3.692	10.431
921	-8.192	3.692	5.328
990	-8.192	3.692	18.251
599	-8.192	3.106	19.921
124	-8.188	3.692	19.921
151	-8.186	3.692	7.494
160	-8.186	3.692	16.330
183	-8.186	3.691	19.928
790	-8.185	3.692	15.727
809	-8.184	3.692	19.912
114	-8.182	3.690	19.910
115	-8.182	3.690	15.730
177	-8.181	3.692	15.736
384	-8.181	3.690	17.830
413	-8.180	3.690	5.328
414	-8.180	3.690	15.726
394	-8.180	3.690	16.185
401	-8.180	3.690	17.839
403	-8.180	3.690	16.198
503	-8.180	3.690	16.216
101	-8.179	3.690	16.218
423	-8.179	3.690	16.199
512	-8.178	3.693	5.776
110	-8.178	3.691	19.242
557	-8.178	3.690	5.841
342	-8.178	3.690	2.263
243	-8.172	3.696	0.015
244	-8.172	3.696	2.309
295	-8.172	3.695	17.227
251	-8.171	3.696	4.726
69	-8.170	3.694	2.631
62	-8.170	3.694	4.726
673	-8.169	2.995	4.724
271	-8.163	3.696	4.725
542	-8.162	3.047	2.290
25	-8.161	3.696	18.654
57	-8.161	3.695	2.288
260	-8.158	3.696	2.291
506	-8.156	3.110	2.297
408	-8.155	3.110	18.647
426	-8.155	3.110	2.290
636	-8.154	3.108	1.661
347	-8.154	3.110	4.715
375	-8.153	3.691	1.666
549	-8.153	3.110	11.351
590	-8.151	3.108	2.272
311	-8.149	3.695	2.271
178	-8.148	3.108	2.013
859	-8.146	3.691	2.308
421	-8.144	3.110	2.298
291	-8.143	3.696	3.208
579	-8.141	2.646	3.142
159	-8.138	3.108	20.537
184	-8.133	3.109	16.381
485	-8.131	3.111	4.042
321	-8.126	3.697	18.491
449	-8.112	2.573	4.018
507	-8.097	3.430	18.274
303	-8.091	2.891	18.285
656	-8.091	3.783	18.243
657	-8.091	3.784	8.396
514	-8.086	3.787	17.423
644	-8.082	3.787	2.809
733	-8.079	3.027	2.505
494	-8.072	3.027	2.779
229	-8.061	3.021	2.781
225	-8.061	3.021	4.394
279	-8.057	3.728	11.163
412	-8.056	3.034	3.281
541	-8.054	3.102	3.362
76	-8.050	3.726	3.055
78	-8.050	3.726	5.427
81	-8.049	3.726	2.939
885	-8.035	3.705	3.062
83	-8.033	3.182	3.445
429	-8.029	3.703	3.445
253	-8.028	3.173	2.973
248	-8.028	3.168	2.971
107	-7.993	3.742	2.976
219	-7.983	3.109	13.868
796	-7.978	3.745	8.202
100	-7.956	3.064	5.633
457	-7.948	3.750	13.801
200	-7.933	3.733	16.338
464	-7.931	3.742	6.135
261	-7.930	3.739	13.799
467	-7.928	3.743	4.489
299	-7.925	3.743	8.215
170	-7.924	3.732	8.215
535	-7.920	3.744	13.798
392	-7.914	3.733	6.168
245	-7.889	3.687	6.128
130	-7.883	3.019	15.789
233	-7.878	3.086	15.895
456	-7.860	3.670	15.832
112	-7.842	3.020	4.505
320	-7.819	2.723	13.976
385	-7.802	3.617	11.444
120	-7.800	3.617	11.444
731	-7.795	2.655	11.447
511	-7.794	3.023	11.453
185	-7.792	3.017	5.704
583	-7.785	3.018	11.990
173	-7.765	2.650	6.023
701	-7.755	2.666	15.135
186	-7.745	2.662	7.229
363	-7.742	3.020	4.717
422	-7.742	3.020	4.887
93	-7.735	3.022	4.728
104	-7.735	3.023	4.889
144	-7.734	3.023	13.025
163	-7.734	3.023	0.016
400	-7.730	3.021	0.003
479	-7.730	3.022	5.152
332	-7.729	3.021	0.012
355	-7.729	3.021	0.002
362	-7.729	3.021	4.890
189	-7.727	3.023	0.006
194	-7.727	3.023	5.313
629	-7.727	3.024	15.726
611	-7.721	3.024	5.312
472	-7.716	3.021	5.311
211	-7.711	3.023	5.315
85	-7.708	2.653	5.310
155	-7.708	3.147	4.372
571	-7.703	3.031	0.034
290	-7.697	3.020	4.370
282	-7.669	3.027	4.889
530	-7.629	3.037	5.318
270	-7.626	3.038	2.698
309	-7.610	3.038	4.074
765	-7.607	3.825	4.472
326	-7.565	3.829	14.900
904	-7.472	3.850	3.060
529	-7.460	2.598	3.443
638	-7.431	3.436	3.660
863	-7.422	3.859	4.227
359	-7.386	3.604	2.824
117	-7.386	3.605	4.237
145	-7.204	2.427	6.081
227	-7.159	2.440	16.332
526	-7.045	3.509	6.166
