734	-11.141	0.000	3.060
747	-11.141	0.000	3.443
828	-10.914	0.071	13.798
735	-10.913	0.071	16.330
758	-10.912	0.071	6.133
889	-10.899	0.073	4.490
969	-10.899	0.074	8.214
930	-10.898	0.073	8.214
916	-10.896	0.073	13.795
748	-10.682	0.059	9.786
197	-10.514	3.846	2.977
143	-10.513	3.845	3.153
176	-10.513	3.845	2.812
763	-10.511	3.845	4.237
806	-10.511	3.846	13.865
829	-10.511	3.846	4.266
792	-10.511	3.845	9.242
743	-10.510	3.848	8.202
750	-10.509	3.847	13.798
752	-10.509	3.848	16.330
832	-10.509	3.848	6.133
206	-10.509	3.844	13.796
333	-10.504	3.845	6.166
369	-10.504	3.845	8.912
410	-10.504	3.845	6.133
480	-10.504	3.845	6.134
486	-10.504	3.845	6.133
108	-10.503	3.845	15.780
281	-10.500	3.845	4.500
694	-10.500	3.845	15.887
226	-10.498	3.845	5.200
240	-10.497	3.845	5.942
265	-10.497	3.844	5.942
461	-10.497	3.845	16.357
312	-10.496	3.845	6.118
887	-10.484	3.846	13.973
481	-10.481	3.871	16.923
923	-10.480	3.845	16.923
935	-10.478	3.848	10.108
433	-10.472	3.845	14.078
215	-10.471	3.845	16.930
430	-10.471	3.845	11.441
427	-10.465	3.846	16.914
148	-10.464	3.760	11.442
768	-10.460	0.144	16.913
793	-10.450	0.134	11.450
893	-10.447	0.144	5.710
898	-10.447	0.145	11.441
926	-10.447	0.144	11.973
1023	-10.435	0.141	12.005
1043	-10.435	0.141	12.006
968	-10.434	0.139	11.987
925	-10.434	0.139	9.786
966	-10.434	0.140	6.030
945	-10.433	0.139	6.892
293	-10.430	3.756	6.026
853	-10.386	3.721	7.237
876	-10.333	0.115	5.317
880	-10.333	0.115	4.374
854	-10.300	0.106	4.080
154	-10.275	2.104	4.175
380	-10.269	2.109	2.694
886	-10.268	2.104	3.467
811	-10.268	2.105	5.611
817	-10.268	2.105	7.045
818	-10.268	2.105	5.548
825	-10.268	2.105	4.919
856	-10.265	2.104	8.009
858	-10.265	2.104	2.937
517	-10.262	2.105	2.974
658	-10.261	2.104	3.154
943	-10.260	2.105	3.153
934	-10.259	2.105	2.824
1019	-10.257	2.105	4.237
852	-10.227	0.208	5.942
843	-10.223	0.210	16.357
835	-10.221	0.276	6.118
1029	-10.212	0.214	14.078
1031	-10.212	0.216	16.930
1042	-10.212	0.215	11.441
1044	-10.212	0.216	16.914
970	-10.210	0.215	11.442
1008	-10.209	0.215	13.605
931	-10.209	0.216	5.710
784	-10.178	2.111	9.786
901	-10.169	2.111	6.030
922	-10.169	2.111	6.892
929	-10.169	2.111	6.026
804	-10.135	3.818	13.022
827	-10.131	3.819	0.003
847	-10.130	3.822	0.009
188	-10.130	3.819	5.156
814	-10.129	3.818	0.000
824	-10.127	3.823	0.011
759	-10.126	3.798	4.895
803	-10.126	3.807	0.017
785	-10.124	3.804	5.320
452	-10.119	3.819	5.318
161	-10.117	2.866	5.321
165	-10.117	2.866	15.711
205	-10.117	2.866	5.317
613	-10.117	2.866	4.374
350	-10.116	3.818	0.047
224	-10.113	3.799	7.098
339	-10.112	2.865	4.894
487	-10.112	2.865	4.894
753	-10.111	2.866	5.332
845	-10.111	2.866	5.325
463	-10.110	2.867	2.136
286	-10.110	2.867	2.185
289	-10.110	2.867	17.945
474	-10.110	2.867	14.177
1005	-10.110	2.867	4.499
782	-10.110	2.866	2.696
231	-10.109	2.866	4.501
50	-10.103	3.825	14.263
113	-10.100	3.761	4.478
868	-10.099	3.838	4.481
924	-10.086	3.772	14.083
871	-10.055	0.184	14.131
873	-10.054	0.181	4.472
875	-10.054	0.181	14.891
979	-10.052	3.725	4.937
877	-10.052	0.179	5.187
881	-10.051	0.175	4.175
779	-10.047	3.675	3.567
989	-10.046	3.720	2.704
830	-10.040	0.163	3.467
826	-10.034	0.169	5.611
838	-10.032	0.173	7.045
841	-10.032	0.173	5.548
850	-10.030	0.170	4.919
267	-10.027	3.674	4.946
967	-10.021	0.166	5.450
749	-10.018	2.875	8.009
1047	-10.017	0.169	2.937
994	-10.016	0.170	2.935
869	-10.011	2.876	2.936
460	-9.990	3.635	3.443
164	-9.979	3.603	2.972
902	-9.973	3.208	3.660
919	-9.972	3.191	4.226
740	-9.972	3.207	2.972
746	-9.972	3.208	4.236
751	-9.972	3.209	2.977
857	-9.960	3.615	3.153
390	-9.951	3.619	2.812
795	-9.900	3.496	13.795
739	-9.890	3.501	6.166
162	-9.838	0.115	5.200
169	-9.838	0.113	5.942
156	-9.828	0.116	4.506
556	-9.804	0.113	16.930
813	-9.793	0.478	16.914
1035	-9.780	0.537	13.605
1003	-9.779	0.558	5.710
933	-9.778	0.524	11.973
319	-9.772	0.144	11.986
193	-9.717	2.114	0.000
774	-9.716	2.115	0.011
888	-9.715	2.114	4.895
865	-9.713	2.114	0.017
1017	-9.704	2.115	5.320
1016	-9.703	2.115	15.718
775	-9.699	3.408	5.318
302	-9.655	3.055	4.374
894	-9.634	2.921	4.894
822	-9.632	2.123	5.325
896	-9.623	2.122	2.185
932	-9.622	2.122	17.945
971	-9.622	2.122	14.177
1027	-9.621	2.122	4.499
962	-9.620	2.122	2.696
864	-9.607	0.349	4.501
585	-9.591	2.851	4.080
797	-9.591	2.851	4.478
203	-9.589	0.227	4.477
819	-9.587	2.851	14.217
1007	-9.586	2.852	14.219
737	-9.585	2.851	14.131
278	-9.584	2.853	4.472
778	-9.583	2.851	14.891
86	-9.567	2.852	5.187
352	-9.565	0.637	4.934
996	-9.562	3.297	3.467
992	-9.562	3.301	5.611
836	-9.560	3.306	7.045
360	-9.560	0.641	5.548
961	-9.553	3.291	4.919
918	-9.552	3.293	4.946
906	-9.552	3.292	5.450
910	-9.552	3.292	8.009
736	-9.552	3.295	10.528
764	-9.552	3.297	10.530
738	-9.552	3.300	10.529
418	-9.551	0.180	10.384
345	-9.551	0.275	10.182
230	-9.550	0.304	10.182
297	-9.550	0.645	10.182
428	-9.538	0.232	9.874
252	-9.533	0.234	9.829
237	-9.532	0.257	13.837
999	-9.512	3.524	16.769
744	-9.503	3.523	1.621
978	-9.501	2.860	16.821
981	-9.501	2.860	21.038
851	-9.500	3.093	6.072
1020	-9.410	3.324	18.057
1045	-9.410	3.324	9.431
1036	-9.410	3.326	18.056
1011	-9.410	3.327	18.054
991	-9.409	3.325	18.053
1052	-9.409	3.326	16.959
1032	-9.409	3.337	13.029
1010	-9.408	3.326	6.421
1004	-9.408	3.329	17.484
958	-9.401	3.318	15.639
949	-9.400	3.317	18.070
951	-9.400	3.317	18.062
953	-9.400	3.313	14.291
960	-9.400	3.331	14.357
913	-9.398	3.318	11.059
947	-9.398	3.336	16.509
920	-9.395	3.350	14.847
874	-9.385	3.274	16.503
879	-9.385	3.272	16.502
985	-9.364	3.526	9.167
940	-9.357	3.524	10.606
959	-9.353	3.524	17.723
908	-9.352	3.524	17.766
786	-9.349	2.032	17.434
766	-9.349	2.030	15.771
789	-9.349	2.032	14.318
773	-9.348	2.032	14.304
780	-9.348	2.032	15.636
783	-9.348	2.031	17.810
855	-9.311	3.274	7.184
805	-9.244	2.017	8.228
884	-9.220	3.320	5.729
984	-9.220	2.021	5.729
202	-9.183	2.042	12.453
798	-9.183	2.041	8.402
801	-9.181	2.041	4.928
842	-9.180	2.041	4.730
815	-9.177	2.041	20.158
820	-9.177	2.041	10.501
816	-9.177	2.041	18.335
941	-9.163	2.038	4.689
938	-9.162	2.038	1.889
123	-9.162	2.040	10.549
897	-9.160	2.037	21.091
139	-9.160	2.040	21.090
1001	-9.159	2.037	6.988
424	-9.156	2.044	17.753
242	-9.154	2.046	21.081
96	-9.152	2.044	15.902
340	-9.152	2.044	21.080
247	-9.151	2.046	15.904
292	-9.146	2.045	6.566
228	-9.139	2.046	4.896
411	-9.138	2.043	4.891
434	-9.137	2.041	4.891
328	-9.137	2.043	0.001
329	-9.137	2.042	4.891
325	-9.137	2.042	1.297
298	-9.136	2.045	19.896
441	-9.136	2.044	1.299
376	-9.136	2.042	1.295
378	-9.136	2.042	1.295
565	-9.136	2.042	19.889
504	-9.136	2.042	1.297
272	-9.135	2.045	1.705
361	-9.134	2.042	4.874
393	-9.134	2.042	1.705
317	-9.133	2.044	11.557
459	-9.133	2.044	1.080
234	-9.133	2.045	1.080
236	-9.132	2.044	1.299
256	-9.132	2.044	1.299
860	-9.126	2.038	17.725
218	-9.120	2.039	18.620
939	-8.963	3.326	3.662
862	-8.808	3.556	11.975
132	-8.604	3.562	6.128
195	-8.604	3.561	6.129
207	-8.602	3.562	6.128
337	-8.599	3.561	15.787
839	-8.599	3.562	4.499
840	-8.599	3.562	15.894
767	-8.598	3.562	5.195
823	-8.598	3.562	5.936
849	-8.598	3.562	5.936
791	-8.598	3.562	16.364
807	-8.598	3.562	15.830
761	-8.597	3.562	6.113
776	-8.596	3.563	4.505
872	-8.593	3.563	5.183
915	-8.588	3.564	13.975
993	-8.583	3.565	16.929
126	-8.286	3.864	12.448
387	-8.275	3.865	5.839
389	-8.273	3.865	10.378
64	-8.120	3.906	3.687
771	-8.120	3.899	4.014
681	-8.063	3.895	3.746
391	-8.053	3.890	3.877
210	-8.050	3.888	3.382
488	-7.991	3.592	3.153
693	-7.990	3.592	3.152
407	-7.986	3.591	2.814
475	-7.984	3.593	2.814
882	-7.984	3.593	2.825
878	-7.983	3.588	4.236
973	-7.981	3.594	4.265
965	-7.980	3.594	9.236
217	-7.977	3.593	8.203
214	-7.967	3.593	8.203
191	-7.816	3.781	16.931
928	-7.813	3.554	16.931
986	-7.803	2.321	14.086
895	-7.802	2.320	16.938
570	-7.791	3.718	11.443
137	-7.789	3.719	13.618
891	-7.778	3.713	12.010
1018	-7.778	3.714	11.991
131	-7.776	3.741	9.780
276	-7.761	3.717	6.884
79	-7.759	3.713	6.018
974	-7.666	2.334	4.889
810	-7.419	3.912	2.972
741	-7.410	3.939	3.154
837	-7.350	3.932	4.266
909	-7.328	3.742	8.200
1030	-7.300	3.688	8.201
956	-7.284	3.643	4.504
567	-7.203	3.951	5.637
788	-7.128	3.929	6.132
980	-7.075	3.699	8.213
987	-7.075	3.699	8.213
983	-7.046	3.697	13.795
1034	-6.964	2.636	8.911
952	-6.714	2.776	5.940
995	-6.714	2.776	16.359
944	-6.674	2.787	15.825
149	-6.579	3.058	5.187
365	-6.569	3.054	13.973
997	-6.551	3.056	16.925
1014	-6.551	3.057	10.107
1040	-6.335	3.675	16.915
