280	-12.541	0.000	5.084
244	-12.541	0.000	5.084
246	-12.541	0.000	5.084
219	-12.535	0.001	1.571
220	-12.535	0.001	5.086
221	-12.535	0.001	5.086
177	-12.531	0.001	5.085
308	-12.530	0.001	5.082
313	-12.530	0.001	5.441
165	-12.527	0.001	5.440
207	-12.398	0.005	2.903
179	-12.395	0.005	2.911
182	-12.395	0.005	3.411
183	-12.395	0.005	4.950
314	-12.147	0.028	4.373
354	-12.030	0.025	6.356
56	-11.725	3.163	6.384
267	-11.510	1.048	0.000
269	-11.510	1.048	0.001
254	-11.509	1.048	0.001
257	-11.509	1.048	0.166
295	-11.509	1.048	0.166
339	-11.493	1.046	0.013
307	-11.493	1.046	0.013
343	-11.493	1.046	0.012
4	-11.364	3.176	17.343
227	-10.797	3.115	4.951
40	-10.668	3.118	3.186
241	-10.286	1.812	17.346
256	-10.286	1.812	17.346
275	-10.286	1.812	17.344
287	-10.286	1.812	17.344
288	-10.286	1.812	17.344
291	-10.286	1.812	17.344
228	-10.282	1.812	17.344
229	-10.282	1.812	17.344
146	-10.267	1.812	6.058
151	-10.267	1.812	6.060
163	-10.267	1.812	6.060
157	-10.266	1.812	6.060
365	-10.265	1.812	6.060
174	-10.265	1.812	6.052
326	-10.265	1.812	6.052
55	-10.264	1.812	6.054
129	-10.263	1.812	0.059
26	-10.262	1.812	6.053
181	-10.235	1.812	6.053
166	-10.233	1.812	6.053
154	-10.192	1.812	6.053
122	-10.192	1.812	6.053
133	-10.191	1.812	6.053
137	-10.191	1.812	6.053
23	-10.190	1.812	6.052
24	-10.190	1.812	6.053
29	-10.190	1.812	6.053
114	-10.190	1.812	6.052
115	-10.190	1.812	6.053
117	-10.190	1.812	6.053
35	-10.190	1.812	6.053
54	-10.189	1.812	6.053
87	-10.189	1.812	6.053
107	-10.189	1.812	6.053
108	-10.189	1.812	6.053
42	-10.188	1.812	6.053
43	-10.188	1.812	6.054
45	-10.188	1.812	6.739
136	-10.182	1.813	6.739
82	-10.179	1.813	6.739
106	-10.179	1.813	6.739
52	-10.179	1.813	6.743
37	-10.178	1.813	6.737
41	-10.178	1.813	6.737
184	-10.154	1.812	18.820
185	-10.154	1.812	6.468
9	-10.148	1.811	10.195
11	-10.074	1.816	0.487
110	-9.910	1.809	21.713
66	-9.858	3.079	21.713
36	-9.847	3.078	20.968
131	-9.844	3.077	21.622
134	-9.844	3.077	21.564
135	-9.844	3.077	21.564
361	-9.553	3.094	5.086
92	-9.455	2.404	2.676
209	-9.376	2.295	3.358
48	-9.355	2.291	3.427
27	-9.355	2.291	3.426
111	-9.354	2.291	3.426
143	-9.354	2.291	2.903
149	-9.354	2.291	2.902
159	-9.354	2.291	3.411
160	-9.354	2.291	2.906
69	-9.353	2.291	4.950
28	-9.283	2.266	3.460
236	-9.282	3.170	2.855
237	-9.282	3.170	4.951
247	-9.282	3.170	2.908
252	-9.282	3.170	2.850
292	-9.282	3.170	4.437
298	-9.282	3.170	2.857
299	-9.282	3.170	4.958
38	-9.281	2.265	2.859
49	-9.281	2.266	4.955
13	-9.277	2.264	2.844
205	-9.275	3.168	2.845
206	-9.275	3.168	2.315
213	-9.274	3.169	2.720
196	-9.271	3.168	2.713
197	-9.271	3.168	2.302
200	-9.271	3.168	5.413
202	-9.271	3.168	5.409
303	-9.262	3.169	6.355
320	-9.261	3.169	6.355
130	-9.260	3.169	2.224
195	-9.255	2.241	3.344
317	-9.254	2.242	6.355
238	-9.115	3.167	6.355
284	-9.115	3.167	3.372
258	-9.115	3.167	3.371
270	-9.115	3.167	2.107
193	-9.106	3.165	5.034
186	-9.103	3.165	2.108
360	-9.102	3.166	5.722
171	-9.100	3.167	3.185
95	-9.099	3.167	6.309
97	-9.099	3.167	6.382
102	-9.099	3.167	6.382
113	-9.099	3.167	6.351
32	-9.099	3.167	6.355
18	-9.098	3.167	0.023
83	-9.098	3.167	0.039
86	-9.098	3.167	0.038
89	-9.098	3.167	0.038
58	-9.097	3.167	0.036
60	-9.097	3.167	0.001
61	-9.097	3.167	0.000
62	-9.097	3.167	0.001
64	-9.097	3.167	0.167
65	-9.097	3.167	0.167
70	-9.097	3.167	0.053
72	-9.097	3.167	0.013
39	-9.097	3.167	0.013
44	-9.097	3.167	0.024
7	-9.089	3.166	17.341
255	-8.962	1.806	17.343
169	-8.951	3.166	17.343
57	-8.950	3.166	17.343
59	-8.950	3.166	17.343
68	-8.950	3.166	17.343
71	-8.950	3.166	17.346
80	-8.950	3.166	17.346
331	-8.942	1.806	17.343
81	-8.843	3.165	17.344
50	-7.593	2.292	3.426
51	-7.593	2.292	2.903
203	-7.493	2.257	2.713
67	-7.475	2.255	5.413
53	-7.474	2.255	6.356
91	-7.474	2.256	6.355
6	-7.467	2.252	6.355
109	-7.440	3.553	3.344
12	-7.419	3.550	6.355
5	-7.411	3.551	2.085
96	-7.401	1.790	3.371
8	-7.391	1.792	2.107
17	-7.328	3.584	3.224
112	-7.326	3.584	2.109
10	-7.297	3.583	2.203
1	-7.284	3.585	5.734
3	-7.284	3.585	3.185
265	-5.857	2.655	4.464
268	-5.857	2.655	4.958
300	-5.857	2.655	1.685
240	-5.857	2.655	4.478
210	-5.856	2.655	2.844
216	-5.856	2.655	2.845
364	-5.853	2.655	2.713
199	-5.853	2.655	2.302
155	-5.845	2.655	6.356
319	-5.845	2.655	6.355
325	-5.845	2.655	6.355
337	-5.845	2.655	3.343
340	-5.845	2.655	3.344
356	-5.845	2.655	6.355
235	-5.684	2.614	3.185
294	-5.684	2.614	6.309
218	-5.683	2.614	6.384
194	-5.681	2.614	6.382
198	-4.966	3.062	6.053
305	-4.934	2.849	6.743
363	-4.857	2.791	12.137
327	-4.652	3.460	5.435
359	-4.454	3.132	4.950
311	-4.446	3.131	1.464
332	-4.437	3.189	3.358
657	-4.417	2.881	3.426
251	-4.356	3.219	3.426
