1407	-9.765	0.000	21.564
1418	-9.765	0.001	7.327
1400	-9.733	0.002	12.150
1317	-9.723	0.002	12.150
1348	-9.722	0.002	12.150
1345	-9.666	0.007	1.606
1417	-9.581	0.980	0.974
1413	-9.581	0.980	5.084
1367	-9.551	0.981	5.087
1321	-9.530	0.010	5.085
1408	-9.450	0.787	2.856
1335	-9.438	0.981	4.952
1402	-9.422	0.788	4.952
1403	-9.422	0.788	4.950
1388	-9.421	0.788	10.969
1405	-8.039	3.681	6.053
1398	-7.843	1.654	6.737
1349	-7.496	3.537	2.720
1358	-7.362	3.533	5.034
1314	-6.019	2.408	5.084
1421	-5.900	2.383	3.426
