1	-4.979	0.000	8.953
77	-4.979	0.001	7.569
78	-4.979	0.000	7.589
79	-4.979	0.000	4.250
80	-4.979	0.000	4.252
81	-4.979	0.000	11.492
82	-4.979	0.001	4.936
83	-4.979	0.000	15.729
53	-4.977	0.035	2.778
54	-4.977	0.035	2.770
59	-4.977	0.035	4.397
64	-4.977	0.035	2.669
66	-4.977	0.035	2.927
69	-4.977	0.035	2.162
75	-4.977	0.035	2.274
76	-4.977	0.035	5.692
84	-4.977	0.035	2.156
223	-4.977	0.035	12.174
51	-4.971	0.917	3.024
52	-4.971	0.917	9.723
55	-4.971	0.917	3.838
56	-4.971	0.917	4.292
57	-4.971	0.917	4.879
58	-4.971	0.917	3.552
60	-4.971	0.917	5.184
61	-4.971	0.917	9.823
62	-4.971	0.917	5.788
63	-4.971	0.917	5.606
65	-4.971	0.917	9.803
67	-4.971	0.917	2.570
68	-4.971	0.917	6.943
70	-4.971	0.917	6.931
71	-4.971	0.917	6.936
72	-4.971	0.917	7.221
73	-4.971	0.917	6.296
74	-4.971	0.917	6.295
85	-4.971	0.917	6.295
86	-4.971	0.917	6.304
87	-4.971	0.917	6.304
88	-4.971	0.917	6.304
89	-4.971	0.917	8.305
220	-4.971	0.917	8.305
246	-4.971	0.917	8.305
253	-4.966	0.036	8.305
254	-4.966	0.036	6.392
259	-4.966	0.036	8.072
260	-4.966	0.036	8.072
261	-4.966	0.036	8.072
255	-4.963	0.926	8.071
256	-4.963	0.926	6.383
257	-4.963	0.926	8.028
258	-4.963	0.926	7.283
262	-4.963	0.926	6.397
428	-4.919	0.996	6.397
2	-4.919	0.994	6.255
3	-4.919	0.994	6.627
14	-4.919	0.994	6.626
17	-4.919	0.994	6.686
18	-4.919	0.994	6.624
19	-4.919	0.994	8.822
24	-4.919	0.994	6.413
25	-4.919	0.994	0.023
37	-4.919	0.994	9.106
38	-4.919	0.994	9.411
39	-4.919	0.994	1.610
40	-4.919	0.994	1.610
41	-4.919	0.994	1.610
42	-4.919	0.994	1.610
43	-4.919	0.994	1.616
44	-4.919	0.994	9.932
45	-4.919	0.994	1.618
46	-4.919	0.994	1.595
47	-4.919	0.994	9.929
48	-4.919	0.994	1.627
49	-4.919	0.994	6.783
50	-4.919	0.994	0.576
419	-4.919	0.996	6.499
420	-4.919	0.996	9.174
422	-4.919	0.996	1.658
628	-4.919	0.996	0.621
903	-4.918	0.995	7.302
905	-4.918	0.995	8.752
909	-4.918	0.995	10.001
911	-4.918	0.995	11.998
21	-4.889	0.104	14.155
31	-4.889	0.104	12.579
32	-4.889	0.104	7.617
218	-4.889	0.104	4.003
245	-4.889	0.104	14.259
15	-4.889	0.104	10.560
16	-4.889	0.104	10.561
20	-4.889	0.105	12.477
22	-4.889	0.105	12.478
23	-4.889	0.105	4.010
26	-4.889	0.104	5.591
27	-4.889	0.104	14.630
28	-4.889	0.105	4.045
29	-4.889	0.104	1.605
30	-4.889	0.105	1.554
33	-4.889	0.104	1.667
34	-4.889	0.104	4.039
35	-4.889	0.104	4.039
36	-4.889	0.104	9.724
217	-4.889	0.104	9.027
263	-4.888	0.107	7.403
418	-4.888	0.107	7.401
421	-4.888	0.107	7.403
423	-4.888	0.107	7.406
424	-4.888	0.107	7.381
425	-4.888	0.107	1.140
426	-4.888	0.107	10.404
427	-4.888	0.107	7.137
626	-4.888	0.107	7.103
627	-4.888	0.107	6.030
629	-4.888	0.107	6.030
630	-4.888	0.107	6.021
631	-4.888	0.107	6.020
632	-4.888	0.107	6.020
643	-4.888	0.107	6.008
644	-4.888	0.107	2.277
645	-4.888	0.107	15.417
646	-4.888	0.107	4.180
688	-4.888	0.107	2.576
689	-4.888	0.107	2.582
690	-4.888	0.107	2.579
691	-4.888	0.107	16.165
692	-4.888	0.107	2.570
693	-4.888	0.107	2.577
694	-4.888	0.107	8.977
695	-4.888	0.107	7.748
696	-4.888	0.107	7.058
697	-4.888	0.107	7.593
698	-4.888	0.107	4.249
699	-4.888	0.107	4.252
700	-4.888	0.107	4.258
701	-4.888	0.107	4.933
702	-4.888	0.107	7.712
703	-4.888	0.107	10.722
704	-4.888	0.107	2.970
705	-4.888	0.107	6.676
706	-4.888	0.107	7.297
707	-4.888	0.107	12.603
708	-4.888	0.107	2.161
709	-4.888	0.107	9.593
710	-4.888	0.107	2.275
711	-4.888	0.107	5.692
712	-4.888	0.107	12.174
713	-4.888	0.107	11.629
714	-4.888	0.107	9.722
715	-4.888	0.107	3.844
716	-4.888	0.107	4.303
717	-4.888	0.107	9.952
718	-4.888	0.107	4.000
719	-4.888	0.107	5.572
720	-4.888	0.107	6.500
721	-4.888	0.107	4.921
722	-4.888	0.107	3.469
723	-4.888	0.107	5.204
724	-4.888	0.107	6.193
725	-4.888	0.107	6.565
726	-4.888	0.107	9.092
727	-4.888	0.107	5.456
728	-4.888	0.107	7.220
729	-4.888	0.107	6.294
730	-4.888	0.107	6.295
731	-4.888	0.107	6.295
732	-4.888	0.107	6.304
733	-4.888	0.107	6.304
734	-4.888	0.107	6.304
735	-4.888	0.107	6.393
899	-4.888	0.106	8.305
908	-4.888	0.106	8.305
910	-4.888	0.106	8.305
920	-4.888	0.106	6.392
921	-4.888	0.106	8.072
784	-4.888	0.106	8.072
788	-4.888	0.106	8.072
789	-4.888	0.106	6.392
790	-4.888	0.106	6.383
898	-4.888	0.106	6.383
900	-4.888	0.106	7.283
901	-4.888	0.106	6.398
902	-4.888	0.106	6.396
904	-4.888	0.106	6.255
906	-4.888	0.106	6.349
907	-4.888	0.106	6.626
912	-4.888	0.106	6.626
913	-4.888	0.106	6.624
914	-4.888	0.106	6.685
915	-4.888	0.106	9.447
916	-4.888	0.106	0.024
917	-4.888	0.106	0.001
918	-4.888	0.106	9.410
919	-4.888	0.106	1.610
1013	-4.888	0.106	1.610
1014	-4.888	0.106	1.610
1015	-4.888	0.106	1.610
1016	-4.888	0.106	1.106
945	-4.776	1.158	3.202
946	-4.776	1.158	4.412
947	-4.776	1.158	10.500
948	-4.776	1.158	10.587
949	-4.776	1.158	6.030
950	-4.776	1.158	6.029
951	-4.776	1.158	7.062
952	-4.776	1.158	6.020
953	-4.776	1.158	6.020
954	-4.776	1.158	6.008
955	-4.776	1.158	6.440
956	-4.776	1.158	15.417
957	-4.776	1.158	4.180
958	-4.776	1.158	2.577
959	-4.776	1.158	2.574
225	-4.758	1.037	6.498
231	-4.758	1.037	7.299
232	-4.758	1.037	11.999
233	-4.758	1.036	14.206
236	-4.758	1.037	14.158
239	-4.758	1.037	12.579
240	-4.758	1.037	8.453
241	-4.758	1.037	14.261
242	-4.758	1.037	14.265
243	-4.758	1.037	10.561
244	-4.758	1.037	14.324
90	-4.757	1.036	10.563
93	-4.757	1.037	10.148
1024	-4.731	1.111	6.627
405	-4.728	2.664	6.626
406	-4.728	2.664	6.627
407	-4.728	2.664	6.623
408	-4.728	2.664	6.364
409	-4.728	2.664	6.484
410	-4.728	2.664	0.001
411	-4.728	2.664	9.410
412	-4.728	2.664	0.013
413	-4.728	2.664	1.610
125	-4.727	1.082	1.610
126	-4.727	1.082	1.610
127	-4.727	1.082	9.816
128	-4.727	1.082	1.616
129	-4.727	1.082	1.616
130	-4.727	1.082	0.515
131	-4.727	1.082	1.596
132	-4.727	1.082	1.637
133	-4.727	1.082	6.783
134	-4.727	1.082	0.576
135	-4.727	1.082	1.495
136	-4.727	1.082	1.636
137	-4.727	1.082	0.626
138	-4.727	1.082	11.057
139	-4.727	1.082	7.302
140	-4.727	1.082	8.752
141	-4.727	1.082	7.299
142	-4.727	1.082	10.001
143	-4.727	1.082	7.299
144	-4.727	1.082	14.158
145	-4.727	1.082	12.579
146	-4.727	1.082	7.617
147	-4.727	1.082	12.469
148	-4.727	1.082	9.232
149	-4.727	1.082	3.996
150	-4.727	1.082	10.562
151	-4.727	1.082	10.563
152	-4.727	1.082	4.000
154	-4.727	1.082	14.572
155	-4.727	1.082	14.627
156	-4.727	1.082	1.551
157	-4.727	1.082	14.631
159	-4.727	1.082	4.039
160	-4.727	1.082	4.040
161	-4.727	1.082	1.604
162	-4.727	1.082	4.039
163	-4.727	1.082	4.048
164	-4.727	1.082	4.014
165	-4.727	1.082	7.402
166	-4.727	1.082	7.402
167	-4.727	1.082	7.403
168	-4.727	1.082	7.403
169	-4.727	1.082	7.401
170	-4.727	1.082	7.733
171	-4.727	1.082	3.211
172	-4.727	1.082	3.212
173	-4.727	1.082	10.587
174	-4.727	1.082	7.103
175	-4.727	1.082	7.068
176	-4.727	1.082	6.029
177	-4.727	1.082	6.020
178	-4.727	1.082	6.020
179	-4.727	1.082	6.020
180	-4.727	1.082	6.436
181	-4.727	1.082	15.418
182	-4.727	1.082	2.305
183	-4.727	1.082	16.179
184	-4.727	1.082	2.575
185	-4.727	1.082	16.158
186	-4.727	1.082	2.578
187	-4.727	1.082	2.580
188	-4.727	1.082	4.331
189	-4.727	1.082	4.588
190	-4.727	1.082	7.748
191	-4.727	1.082	7.063
192	-4.727	1.082	7.575
193	-4.727	1.082	6.861
194	-4.727	1.082	4.252
195	-4.727	1.082	4.252
196	-4.727	1.082	11.494
197	-4.727	1.082	4.242
198	-4.727	1.082	6.792
199	-4.727	1.082	10.729
200	-4.727	1.082	10.739
201	-4.727	1.082	4.404
202	-4.727	1.082	2.664
203	-4.727	1.082	6.551
204	-4.727	1.082	2.162
205	-4.727	1.082	2.274
206	-4.727	1.082	5.692
207	-4.727	1.082	5.691
208	-4.727	1.082	12.174
209	-4.727	1.082	3.946
210	-4.727	1.082	9.728
211	-4.727	1.082	4.276
212	-4.727	1.082	7.327
213	-4.727	1.082	8.181
214	-4.727	1.082	5.178
215	-4.727	1.082	5.573
216	-4.727	1.082	3.255
264	-4.727	2.665	9.274
454	-4.727	2.665	9.802
455	-4.727	2.665	5.001
456	-4.727	2.665	5.747
457	-4.727	2.665	5.661
647	-4.727	2.665	6.936
648	-4.727	2.665	5.451
649	-4.727	2.665	6.295
650	-4.727	2.665	6.296
95	-4.726	1.082	6.304
96	-4.726	1.082	6.304
97	-4.726	1.082	6.304
98	-4.726	1.082	8.079
99	-4.726	1.082	8.306
100	-4.726	1.082	8.306
101	-4.726	1.082	8.306
102	-4.726	1.082	6.393
103	-4.726	1.082	6.393
104	-4.726	1.082	8.072
105	-4.726	1.082	8.072
106	-4.726	1.082	8.305
107	-4.726	1.082	8.072
108	-4.726	1.082	6.382
109	-4.726	1.082	6.396
110	-4.726	1.082	6.398
111	-4.726	1.082	6.398
112	-4.726	1.082	6.395
113	-4.726	1.082	6.348
114	-4.726	1.082	6.628
115	-4.726	1.082	6.626
116	-4.726	1.082	6.472
117	-4.726	1.082	6.623
118	-4.726	1.082	8.822
119	-4.726	1.082	6.483
265	-4.725	1.085	1.617
266	-4.725	1.085	1.595
267	-4.725	1.085	9.758
268	-4.725	1.085	6.782
269	-4.725	1.085	0.576
270	-4.725	1.085	9.758
271	-4.725	1.085	1.647
290	-4.725	1.085	10.005
291	-4.725	1.085	11.057
292	-4.725	1.085	7.302
293	-4.725	1.085	6.499
294	-4.725	1.085	8.752
295	-4.725	1.085	10.001
296	-4.725	1.085	11.998
297	-4.725	1.085	14.158
298	-4.725	1.085	5.616
299	-4.725	1.085	7.616
300	-4.725	1.085	12.470
301	-4.725	1.085	12.469
302	-4.725	1.085	1.587
303	-4.725	1.085	14.316
304	-4.725	1.085	14.320
305	-4.725	1.085	10.564
306	-4.725	1.085	14.569
307	-4.725	1.085	14.573
308	-4.725	1.085	4.045
309	-4.725	1.085	4.044
310	-4.725	1.085	1.204
311	-4.725	1.085	4.040
312	-4.725	1.085	1.553
313	-4.725	1.085	7.761
314	-4.725	1.085	12.495
315	-4.725	1.085	3.958
316	-4.725	1.084	7.402
317	-4.725	1.085	7.402
318	-4.725	1.085	7.402
319	-4.725	1.085	7.402
320	-4.725	1.085	7.406
321	-4.725	1.085	7.733
322	-4.725	1.085	10.503
323	-4.725	1.085	3.209
324	-4.725	1.085	8.396
325	-4.725	1.085	7.102
417	-4.697	0.111	5.283
416	-4.697	0.111	6.929
880	-4.694	0.110	6.932
881	-4.694	0.110	6.935
882	-4.694	0.110	7.221
883	-4.694	0.110	13.185
884	-4.694	0.110	13.185
885	-4.694	0.110	13.185
886	-4.694	0.110	13.197
887	-4.694	0.110	13.197
888	-4.694	0.110	13.196
1025	-4.694	0.110	13.096
502	-4.674	2.692	13.903
503	-4.674	2.692	13.903
504	-4.674	2.692	13.903
505	-4.674	2.692	13.095
507	-4.674	2.692	13.714
508	-4.674	2.692	13.714
510	-4.674	2.692	13.714
512	-4.674	2.692	13.903
513	-4.674	2.692	13.079
515	-4.674	2.692	13.668
516	-4.674	2.692	14.903
518	-4.674	2.692	9.951
519	-4.674	2.692	9.951
520	-4.674	2.692	13.189
521	-4.674	2.692	10.230
522	-4.674	2.692	11.438
523	-4.674	2.692	11.437
524	-4.674	2.692	11.437
526	-4.674	2.692	14.379
527	-4.674	2.692	3.819
528	-4.674	2.692	9.112
529	-4.674	2.692	9.105
530	-4.674	2.692	3.784
531	-4.674	2.692	8.702
532	-4.674	2.692	8.702
534	-4.674	2.692	8.701
535	-4.674	2.692	8.701
536	-4.674	2.692	9.098
537	-4.674	2.692	8.700
539	-4.674	2.692	8.698
541	-4.674	2.692	9.105
542	-4.674	2.692	12.069
544	-4.674	2.692	8.692
545	-4.674	2.692	7.285
546	-4.674	2.692	9.100
547	-4.674	2.692	10.556
548	-4.674	2.692	1.123
549	-4.674	2.692	8.659
551	-4.674	2.692	9.135
552	-4.674	2.692	6.689
553	-4.674	2.692	11.033
554	-4.674	2.692	17.894
555	-4.674	2.692	17.895
556	-4.674	2.692	20.241
557	-4.674	2.692	6.291
558	-4.674	2.692	6.612
559	-4.674	2.692	18.070
560	-4.674	2.692	20.340
562	-4.674	2.692	20.350
564	-4.674	2.692	17.773
565	-4.674	2.692	18.266
567	-4.674	2.692	3.654
568	-4.674	2.692	0.233
570	-4.674	2.692	9.044
571	-4.674	2.692	20.835
572	-4.674	2.692	5.804
573	-4.674	2.692	3.532
574	-4.674	2.692	9.200
575	-4.674	2.692	8.939
576	-4.674	2.692	5.815
577	-4.674	2.692	5.817
578	-4.674	2.692	6.926
579	-4.674	2.692	1.203
580	-4.674	2.692	7.033
581	-4.674	2.692	8.933
582	-4.674	2.692	7.034
583	-4.674	2.692	7.034
584	-4.674	2.692	5.393
619	-4.646	1.102	7.499
617	-4.646	1.102	7.490
618	-4.646	1.102	1.566
390	-4.580	3.585	6.618
414	-4.580	3.585	7.266
375	-4.580	3.585	7.265
376	-4.580	3.585	7.264
377	-4.580	3.585	7.265
378	-4.580	3.585	7.264
379	-4.580	3.585	7.262
380	-4.580	3.585	9.043
381	-4.580	3.585	21.562
382	-4.580	3.585	11.169
383	-4.580	3.585	8.433
384	-4.580	3.585	8.433
385	-4.580	3.585	8.461
386	-4.580	3.585	8.405
387	-4.580	3.585	22.422
388	-4.580	3.585	8.400
389	-4.580	3.585	2.143
391	-4.580	3.585	14.109
392	-4.580	3.585	6.307
393	-4.580	3.585	5.637
394	-4.580	3.585	10.946
395	-4.580	3.585	10.947
396	-4.580	3.585	10.949
397	-4.580	3.585	11.172
398	-4.580	3.585	8.338
399	-4.580	3.585	8.326
400	-4.580	3.585	8.325
401	-4.580	3.585	8.332
402	-4.580	3.585	8.690
403	-4.580	3.585	8.967
404	-4.580	3.585	7.790
415	-4.580	3.585	18.795
633	-4.579	3.586	7.625
634	-4.579	3.586	7.131
635	-4.579	3.586	18.996
636	-4.579	3.586	7.038
637	-4.579	3.586	5.845
638	-4.579	3.586	6.839
639	-4.579	3.586	8.557
640	-4.579	3.586	6.227
641	-4.579	3.586	9.603
620	-4.564	3.612	8.872
621	-4.564	3.613	8.872
622	-4.564	3.613	9.529
623	-4.564	3.613	9.443
624	-4.564	3.613	6.465
625	-4.564	3.612	8.548
248	-4.563	3.613	8.792
249	-4.563	3.613	6.307
250	-4.563	3.613	6.301
251	-4.563	3.613	6.618
252	-4.563	3.613	13.187
506	-4.560	3.616	13.185
509	-4.560	3.616	13.185
511	-4.560	3.616	13.197
514	-4.560	3.616	13.197
517	-4.560	3.615	13.196
525	-4.560	3.616	13.096
538	-4.560	3.616	13.903
540	-4.560	3.616	13.903
543	-4.560	3.616	13.903
563	-4.560	3.616	13.095
569	-4.560	3.615	13.094
495	-4.559	3.617	13.714
496	-4.559	3.617	13.714
497	-4.559	3.617	13.094
499	-4.559	3.617	13.079
500	-4.559	3.617	13.077
326	-4.559	2.542	14.903
327	-4.559	2.542	9.950
328	-4.559	2.542	9.951
329	-4.559	2.542	9.949
330	-4.559	2.542	9.871
331	-4.559	2.542	11.436
332	-4.559	2.542	11.437
333	-4.559	2.542	11.439
334	-4.559	2.542	13.528
335	-4.559	2.541	1.001
336	-4.559	2.542	9.112
337	-4.559	2.542	9.105
338	-4.559	2.542	3.784
339	-4.559	2.542	8.702
340	-4.559	2.542	8.702
341	-4.559	2.542	8.702
342	-4.559	2.542	8.701
343	-4.559	2.541	8.873
344	-4.559	2.542	9.104
345	-4.559	2.542	8.698
346	-4.559	2.542	9.097
347	-4.559	2.542	8.676
348	-4.559	2.542	12.069
349	-4.559	2.542	7.285
350	-4.559	2.542	9.100
351	-4.559	2.542	10.556
352	-4.559	2.542	8.687
353	-4.559	2.542	10.435
354	-4.559	2.542	15.578
355	-4.559	2.542	6.688
356	-4.559	2.542	11.037
357	-4.559	2.542	17.890
358	-4.559	2.542	17.896
359	-4.559	2.542	20.283
360	-4.559	2.542	20.243
361	-4.559	2.542	18.502
362	-4.559	2.542	6.271
363	-4.559	2.542	20.340
364	-4.559	2.542	20.349
365	-4.559	2.542	17.773
366	-4.559	2.542	18.266
367	-4.559	2.542	17.775
368	-4.559	2.542	6.839
369	-4.559	2.542	20.774
370	-4.559	2.542	9.045
371	-4.559	2.542	5.804
372	-4.559	2.542	7.946
373	-4.559	2.542	20.809
374	-4.559	2.542	7.958
475	-4.559	2.542	5.815
120	-4.558	2.541	5.817
121	-4.558	2.541	6.926
122	-4.558	2.541	8.616
123	-4.558	2.541	7.033
219	-4.558	2.541	7.033
221	-4.558	2.541	7.034
222	-4.558	2.541	7.034
224	-4.558	2.541	5.362
4	-4.558	2.541	10.292
5	-4.558	2.541	1.878
6	-4.558	2.541	10.412
7	-4.558	2.541	10.190
8	-4.558	2.541	6.628
9	-4.558	2.541	7.264
10	-4.558	2.541	6.642
11	-4.558	2.541	7.265
12	-4.558	2.541	7.264
13	-4.558	2.541	7.262
1044	-4.494	2.565	14.035
479	-4.486	2.563	5.666
480	-4.486	2.563	11.169
481	-4.486	2.563	8.433
482	-4.486	2.563	10.032
483	-4.486	2.563	8.421
484	-4.486	2.563	8.459
485	-4.486	2.563	22.421
486	-4.486	2.563	8.772
487	-4.486	2.563	6.276
488	-4.486	2.563	14.109
489	-4.486	2.563	6.307
490	-4.486	2.563	11.738
491	-4.486	2.563	14.512
492	-4.486	2.563	10.947
226	-4.485	2.563	10.949
227	-4.485	2.563	11.171
228	-4.485	2.563	3.795
229	-4.485	2.563	21.947
230	-4.485	2.563	8.325
234	-4.485	2.563	16.978
235	-4.485	2.563	4.354
237	-4.485	2.563	8.946
238	-4.485	2.563	18.795
429	-4.484	2.563	7.806
430	-4.484	2.563	7.132
431	-4.484	2.563	7.037
432	-4.484	2.563	3.287
433	-4.484	2.563	6.839
434	-4.484	2.563	3.382
435	-4.484	2.563	3.396
436	-4.484	2.563	6.508
437	-4.484	2.563	6.083
438	-4.484	2.563	8.873
439	-4.484	2.563	9.535
440	-4.484	2.563	4.142
441	-4.484	2.563	6.465
442	-4.484	2.563	9.157
443	-4.484	2.563	5.839
444	-4.484	2.563	6.312
445	-4.484	2.563	6.300
446	-4.484	2.563	6.899
447	-4.484	2.563	13.187
448	-4.484	2.563	13.186
91	-4.484	2.563	13.185
92	-4.484	2.563	13.197
94	-4.484	2.563	13.196
124	-4.461	2.565	9.483
153	-4.461	2.565	9.106
158	-4.461	2.565	3.783
501	-4.433	2.443	2.979
494	-4.423	2.575	4.787
493	-4.396	2.578	4.795
533	-4.283	2.648	4.789
550	-4.283	2.648	4.797
561	-4.283	2.648	4.986
566	-4.283	2.648	2.995
