786	-15.705	0.000	5.413
789	-15.705	0.000	6.909
733	-15.476	0.009	4.211
684	-15.468	0.010	4.179
328	-14.855	0.811	9.141
314	-14.854	0.811	9.141
775	-14.852	0.808	9.141
777	-14.852	0.808	8.966
122	-14.850	0.811	10.474
347	-14.848	0.811	10.474
271	-14.848	0.811	10.474
21	-14.846	0.808	8.965
6	-14.845	0.808	10.272
460	-14.842	0.811	10.272
478	-14.842	0.811	10.272
474	-14.842	0.811	8.965
436	-14.836	0.811	8.952
130	-14.802	0.810	10.477
245	-14.797	0.810	7.263
515	-14.794	0.810	7.261
256	-14.788	0.810	9.113
740	-14.756	0.806	7.237
779	-14.702	1.216	8.205
301	-14.698	1.216	8.204
463	-14.692	1.216	9.430
764	-14.685	0.804	5.684
743	-14.655	1.215	4.290
132	-14.650	1.215	3.941
306	-14.644	1.215	3.940
150	-14.641	1.215	3.940
583	-14.631	0.821	3.936
778	-14.614	1.215	5.843
384	-14.592	0.805	4.255
375	-14.590	0.805	7.738
548	-14.590	0.805	5.478
735	-14.575	0.820	5.777
572	-14.567	0.823	5.941
758	-14.567	1.214	14.417
670	-14.531	0.819	5.923
705	-14.522	0.819	4.050
617	-14.520	0.822	3.991
806	-14.512	0.818	13.365
616	-14.469	0.821	5.790
175	-14.405	1.215	4.809
695	-14.401	1.214	1.563
596	-14.375	1.214	5.949
615	-14.338	1.213	4.393
411	-14.299	1.214	5.963
754	-13.594	1.245	6.921
783	-13.590	1.245	3.877
745	-13.590	1.245	3.876
747	-13.590	1.245	3.863
479	-13.589	1.245	3.851
488	-13.580	1.245	18.839
585	-13.353	1.245	4.378
667	-13.289	1.245	2.913
80	-13.283	1.245	2.930
386	-13.281	1.246	6.947
591	-13.268	1.246	4.440
30	-13.221	1.245	2.771
413	-13.152	1.245	4.361
790	-12.333	1.909	8.952
720	-12.286	1.909	7.261
3	-12.250	1.907	7.261
39	-12.211	1.911	7.238
2	-12.194	1.913	8.203
204	-12.177	1.908	8.204
734	-12.173	1.910	8.205
699	-12.172	1.910	8.193
638	-12.142	1.910	6.464
654	-12.129	1.910	4.299
147	-12.090	1.022	4.291
15	-12.059	1.022	3.941
13	-12.058	1.022	4.186
226	-11.996	1.022	4.253
546	-11.957	1.893	3.965
554	-11.953	1.893	11.568
816	-11.920	1.896	5.843
636	-11.910	1.893	5.840
727	-11.893	1.021	7.717
810	-11.862	1.021	14.964
597	-11.837	1.023	16.907
406	-11.811	1.023	17.294
123	-10.147	3.382	11.756
74	-9.990	3.398	8.261
1114	-9.981	3.395	7.327
1116	-9.981	3.395	7.333
1203	-9.981	3.395	3.393
1106	-9.981	3.395	7.417
1107	-9.981	3.395	7.417
1121	-9.981	3.395	7.417
1196	-9.981	3.395	7.416
1112	-9.980	3.395	7.396
1177	-9.980	3.395	7.396
1098	-9.980	3.394	7.417
1210	-9.980	3.395	7.432
1061	-9.978	3.394	4.759
1051	-9.978	3.394	6.996
1057	-9.977	3.394	7.418
1070	-9.972	3.396	4.757
1071	-9.972	3.396	7.399
1073	-9.972	3.396	14.360
1064	-9.971	3.396	9.911
1079	-9.971	3.396	6.727
1081	-9.971	3.396	9.488
1082	-9.971	3.396	4.357
1087	-9.970	3.396	14.358
98	-9.963	3.406	16.735
1120	-9.847	3.384	19.129
1182	-9.847	3.384	19.133
270	-9.780	3.263	7.229
466	-9.747	3.613	7.219
195	-9.683	1.690	6.768
336	-9.680	3.266	3.935
645	-9.621	3.263	7.797
587	-9.584	3.632	5.824
1137	-9.583	3.641	3.833
1142	-9.583	3.641	3.833
1171	-9.583	3.641	3.845
421	-9.579	3.272	11.807
374	-9.570	3.279	11.806
473	-9.509	3.574	12.275
614	-9.475	3.284	12.275
509	-9.406	3.599	7.403
508	-9.406	3.599	7.396
527	-9.351	3.602	7.434
576	-9.320	3.605	7.419
541	-9.320	3.602	7.411
553	-9.316	3.603	9.300
682	-9.305	3.605	12.514
709	-9.267	3.612	6.049
405	-9.216	3.621	12.535
1155	-9.204	3.602	11.756
1165	-9.203	3.601	12.225
1167	-9.203	3.601	13.433
724	-9.201	3.624	8.563
1126	-9.147	3.451	16.733
95	-8.548	2.173	18.643
28	-8.497	2.174	19.169
818	-6.149	2.963	8.988
140	-5.910	2.944	7.937
560	-5.830	2.950	10.259
415	-5.817	2.956	9.174
42	-5.815	2.961	5.211
683	-5.788	2.890	6.040
