1384	-12.676	0.000	6.325
1405	-12.676	0.000	7.237
1406	-12.645	0.006	5.493
1404	-12.609	0.002	8.988
1409	-12.609	0.002	9.131
1410	-12.607	0.006	9.131
1369	-12.607	0.006	9.130
1380	-12.604	0.006	9.141
1416	-12.604	0.006	9.141
1392	-12.570	0.002	8.965
1367	-12.569	0.690	10.474
1253	-12.525	0.690	10.474
1261	-12.525	0.690	10.474
1239	-12.525	0.689	8.965
1245	-12.525	0.690	8.965
1338	-12.519	0.690	10.272
1293	-12.516	0.689	10.272
1306	-10.974	1.975	11.817
1337	-10.974	1.975	12.282
1381	-10.974	1.975	12.536
1395	-10.974	1.975	12.536
1365	-10.974	1.975	12.536
1279	-10.948	1.975	11.771
1341	-10.946	1.975	12.274
1361	-10.946	1.975	12.274
1358	-10.526	1.749	6.642
1400	-10.526	1.749	6.603
1307	-10.492	1.750	9.179
1344	-10.492	1.750	9.179
1415	-10.492	1.750	16.322
1355	-10.477	1.750	9.344
1370	-10.477	1.750	5.999
1393	-10.477	1.750	1.807
1317	-10.267	1.756	11.818
1315	-10.231	1.757	12.282
1318	-10.231	1.757	12.536
1378	-10.098	1.641	8.564
1364	-10.097	1.641	8.412
1259	-9.695	2.894	7.424
1348	-9.695	2.895	7.427
1340	-9.695	2.895	7.426
1283	-9.694	2.894	7.485
1295	-9.691	2.893	9.441
1242	-9.689	2.893	20.972
1266	-9.651	2.887	5.997
1312	-9.628	2.886	6.619
1352	-9.628	2.886	4.358
1376	-9.571	2.495	11.807
1316	-9.526	2.898	11.815
1324	-9.525	2.898	12.536
1232	-9.519	2.897	11.772
1235	-9.502	2.904	12.275
1360	-9.455	2.910	8.559
1290	-9.442	3.078	8.416
1265	-9.441	3.073	12.119
1391	-9.424	0.708	8.752
1419	-9.392	3.078	3.574
1331	-9.392	3.078	7.418
1379	-9.362	3.074	3.424
1334	-9.332	3.088	3.450
1302	-9.331	3.087	7.501
1236	-9.316	3.083	20.972
1353	-9.262	1.446	17.465
1297	-9.244	1.446	3.786
1254	-9.244	1.446	3.833
1294	-9.242	1.446	11.805
1401	-9.226	1.674	11.772
1333	-9.225	1.674	12.274
1336	-9.190	1.675	11.796
1407	-9.190	1.675	8.754
1329	-9.153	2.500	7.458
1262	-8.848	2.827	6.341
1263	-8.848	2.827	7.771
1250	-8.848	2.827	4.143
1287	-8.848	2.827	7.916
1310	-8.847	2.828	6.008
1342	-8.847	2.828	6.009
1354	-8.843	2.824	4.109
1228	-8.842	2.823	5.836
1229	-8.842	2.823	6.399
1234	-8.768	2.837	12.274
1390	-8.766	2.691	11.770
1382	-8.764	2.753	11.756
1363	-8.750	2.694	11.755
1368	-8.750	2.694	13.433
1291	-8.748	2.693	8.559
1375	-8.675	2.770	7.329
1377	-8.666	2.771	7.327
1330	-8.573	1.993	16.733
1357	-8.554	2.000	18.679
1402	-8.521	2.101	18.741
1292	-8.505	2.102	8.932
1399	-8.504	2.102	5.221
1347	-8.485	2.572	5.234
1396	-8.483	2.572	5.236
1359	-8.440	3.304	7.501
1387	-8.440	3.304	7.501
1418	-8.440	3.304	4.631
1322	-8.430	2.109	7.735
1325	-8.430	2.109	3.419
1284	-8.428	2.870	7.873
1247	-8.427	2.869	7.700
1285	-8.399	2.883	7.151
1286	-8.399	2.884	7.427
1260	-8.399	2.885	7.426
1366	-8.397	2.884	7.419
1374	-8.396	2.884	12.129
1345	-8.396	2.885	4.952
1272	-8.358	2.868	6.930
1223	-8.354	2.900	17.734
1224	-8.354	2.900	17.733
1411	-8.330	2.224	6.341
1222	-8.321	2.910	5.100
1303	-8.299	2.872	4.109
1304	-8.299	2.872	7.524
1233	-8.292	2.132	3.402
1371	-8.275	2.014	3.828
1373	-8.270	2.020	13.663
1299	-8.260	2.493	13.781
1326	-8.260	2.494	13.781
1327	-8.258	2.930	13.781
1238	-8.241	2.941	13.782
1413	-8.240	2.610	13.593
1412	-8.228	2.955	13.509
1300	-8.213	2.867	15.232
1335	-8.137	3.039	19.097
1313	-8.137	3.040	18.703
1385	-8.027	2.499	10.403
1389	-7.764	2.513	10.700
