49	-16.415	0.000	0.000
1168	-5.792	1.953	0.856
366	-5.786	1.954	1.104
426	-5.783	1.956	0.855
505	-5.783	1.956	5.853
1115	-4.806	3.532	6.510
1166	-4.663	2.858	11.768
294	-4.645	2.855	3.926
531	-4.645	2.855	5.869
533	-4.645	2.854	6.304
559	-4.645	2.855	8.587
246	-4.644	2.855	8.587
290	-4.644	2.854	8.883
221	-4.644	2.855	8.540
1148	-4.644	3.746	9.017
462	-4.642	2.866	11.812
1116	-4.638	2.851	9.024
1090	-4.635	2.913	8.906
115	-4.635	2.852	9.034
1139	-4.604	3.474	7.175
549	-4.534	2.950	8.463
312	-4.506	2.710	3.025
1154	-4.503	3.503	8.163
164	-4.486	2.711	2.911
1158	-4.370	2.604	6.772
1169	-4.370	2.604	6.772
1146	-4.370	2.603	9.282
1101	-4.370	2.604	6.607
1155	-4.370	2.604	8.213
32	-4.362	2.604	8.214
525	-4.360	2.602	8.293
249	-4.354	2.635	9.500
276	-4.349	2.648	7.552
