1229	-6.620	0.000	15.088
1580	-5.760	2.199	15.168
1616	-5.757	2.197	9.401
1599	-5.757	2.198	10.915
1615	-5.464	3.586	5.948
1625	-5.464	3.586	5.173
1577	-5.464	3.586	5.171
1602	-5.464	3.586	5.645
1579	-5.343	2.894	7.207
1620	-5.343	2.895	1.010
1635	-5.343	2.894	6.393
1571	-5.343	2.895	8.766
1637	-5.343	2.895	11.529
1575	-5.343	2.894	11.760
1582	-5.343	2.895	5.551
1603	-5.343	2.894	6.391
1608	-5.343	2.895	6.698
1619	-5.343	2.895	6.699
1626	-5.343	2.895	13.192
1632	-5.343	2.895	10.129
1636	-5.343	2.896	13.187
1596	-5.096	3.253	5.056
1589	-5.096	3.254	1.859
1595	-4.953	2.893	2.643
1201	-4.433	2.746	6.308
1192	-4.433	2.753	7.374
1226	-4.433	2.754	3.781
1253	-4.427	2.753	7.268
1287	-4.427	2.752	11.532
1235	-4.396	2.600	6.961
1308	-4.389	2.539	7.257
1317	-4.328	1.957	11.550
1367	-4.325	2.415	12.096
1344	-4.284	2.414	7.645
1227	-2.834	3.912	12.878
1211	-2.778	3.970	9.073
1269	-2.712	3.971	7.742
1353	-2.504	3.962	9.039
