1606	-5.680	0.000	3.340
1605	-4.913	1.645	2.172
1209	-4.854	1.614	6.291
1300	-4.172	1.972	4.995
1215	-4.096	3.972	3.384
1241	-4.077	3.975	5.330
1612	-4.043	3.956	3.547
1633	-4.043	3.956	11.557
1623	-4.024	3.957	9.725
1634	-4.007	3.961	9.726
1216	-3.977	3.984	13.316
1285	-3.958	3.986	14.015
1624	-3.550	3.087	12.926
1349	-3.116	3.326	13.243
1627	-3.088	3.055	9.322
1307	-2.877	1.874	7.966
1562	-2.794	3.136	9.071
1614	-2.732	2.791	3.366
1631	-2.693	3.206	8.086
1350	-2.669	3.363	9.059
1334	-2.517	3.677	9.039
