1244	-6.468	0.000	0.000
1269	-6.468	0.001	0.000
1236	-6.354	0.051	0.000
1360	-6.332	1.444	0.000
1264	-6.331	1.448	0.000
1299	-6.331	1.435	0.000
1250	-6.331	1.444	0.000
1251	-6.331	1.444	0.000
1270	-6.331	1.444	0.000
1273	-6.331	1.444	0.000
1308	-6.331	1.444	0.000
1309	-6.331	1.444	0.000
1310	-6.331	1.444	0.000
1314	-6.331	1.444	0.000
1316	-6.331	1.444	0.000
1325	-6.331	1.444	0.000
1328	-6.331	1.441	0.000
1259	-6.331	1.446	0.000
1282	-6.330	1.454	0.000
1263	-6.328	1.448	0.000
1254	-6.313	0.031	0.000
1276	-6.313	0.034	0.000
1357	-6.313	0.034	0.000
1300	-6.312	0.034	0.000
1291	-6.312	0.034	0.000
1248	-6.312	0.034	0.000
1257	-6.312	0.035	0.000
1260	-6.312	0.034	0.000
1261	-6.312	0.037	0.000
1271	-6.312	0.034	0.000
1272	-6.312	0.034	0.000
691	-6.233	1.455	0.000
722	-6.233	1.455	0.000
743	-6.233	1.455	0.000
604	-6.183	0.253	0.000
580	-6.183	0.243	0.000
801	-6.183	0.244	0.000
280	-6.183	0.243	0.000
669	-6.180	0.243	0.000
248	-6.179	0.242	0.000
206	-6.176	0.236	0.000
222	-6.174	0.200	0.000
185	-6.161	0.136	0.000
288	-6.159	0.136	0.000
235	-6.157	0.132	0.000
682	-6.157	0.137	0.000
306	-6.154	0.097	0.000
318	-6.154	0.097	0.000
165	-6.153	0.138	0.000
177	-6.153	0.096	0.000
361	-6.153	0.097	0.000
581	-6.153	0.097	0.000
186	-6.153	0.098	0.000
568	-6.153	0.097	0.000
595	-6.153	0.095	0.000
795	-6.153	0.097	0.000
251	-6.153	0.096	0.000
448	-6.150	0.133	0.000
1301	-6.092	0.243	0.000
421	-6.079	1.431	0.000
1245	-6.060	0.266	0.000
1289	-6.060	0.266	0.000
1298	-6.060	0.266	0.000
1012	-6.055	1.449	0.000
1347	-6.034	1.511	0.000
1287	-6.033	1.511	0.000
1372	-6.009	0.218	0.000
1366	-6.009	0.215	0.000
1368	-6.009	0.216	0.000
1369	-6.009	0.215	0.000
1321	-6.008	0.215	0.000
1335	-6.008	0.215	0.000
1363	-6.008	0.216	0.000
1329	-6.007	0.216	0.000
1304	-6.007	0.215	0.000
267	-5.992	0.159	0.000
1016	-5.987	0.077	0.000
433	-5.982	0.156	0.000
1389	-5.913	0.236	0.000
1237	-5.894	0.256	0.000
1295	-5.892	0.332	0.000
1297	-5.892	0.332	0.000
1278	-5.892	0.332	0.000
1362	-5.891	0.334	0.000
1349	-5.891	0.335	0.000
1014	-5.873	0.202	0.000
1385	-5.854	1.493	0.000
290	-5.850	1.408	0.000
485	-5.850	1.417	0.000
661	-5.850	1.418	0.000
1238	-5.849	0.325	0.000
557	-5.849	1.418	0.000
1322	-5.848	0.328	0.000
1255	-5.848	0.325	0.000
1262	-5.848	0.325	0.000
1277	-5.848	0.325	0.000
1306	-5.848	0.325	0.000
476	-5.848	1.417	0.000
1247	-5.848	1.505	0.000
1318	-5.848	1.505	0.000
1252	-5.847	0.326	0.000
1253	-5.847	0.326	0.000
1311	-5.847	0.326	0.000
1313	-5.847	0.326	0.000
1327	-5.847	0.326	0.000
804	-5.847	1.440	0.000
1283	-5.818	1.064	0.000
1324	-5.818	1.066	0.000
696	-5.794	0.223	0.000
394	-5.789	0.214	0.000
470	-5.788	0.184	0.000
228	-5.781	0.147	0.000
414	-5.712	0.270	0.000
1246	-5.520	1.350	0.000
1267	-5.496	1.339	0.000
1280	-5.482	1.485	0.000
1241	-5.480	1.485	0.000
1346	-5.118	3.058	0.000
1377	-5.118	3.058	0.000
1342	-5.118	3.058	0.000
1379	-5.118	3.058	0.000
1375	-5.118	3.059	0.000
1374	-5.118	3.059	0.000
1356	-5.117	3.058	0.000
1384	-5.117	3.058	0.000
1354	-5.117	3.059	0.000
1294	-5.117	3.059	0.000
1358	-5.116	3.058	0.000
1390	-5.116	3.059	0.000
1364	-5.116	3.059	0.000
1317	-5.116	3.058	0.000
1387	-5.116	3.059	0.000
1274	-5.116	3.058	0.000
1386	-5.116	3.059	0.000
1285	-5.116	3.059	0.000
1286	-5.116	3.059	0.000
1370	-5.116	3.064	0.000
642	-5.081	3.040	0.000
1341	-5.033	3.068	0.000
1334	-5.033	3.070	0.000
1337	-5.033	3.070	0.000
1296	-5.033	3.072	0.000
552	-5.033	3.055	0.000
811	-5.033	3.055	0.000
1307	-5.032	3.071	0.000
1319	-5.031	3.070	0.000
1284	-5.031	3.070	0.000
1275	-5.031	3.071	0.000
1312	-5.031	3.070	0.000
1326	-5.031	3.072	0.000
1336	-5.018	3.073	0.000
1249	-5.017	3.074	0.000
597	-5.005	3.061	0.000
612	-5.005	3.061	0.000
663	-5.002	3.061	0.000
1361	-4.992	3.089	0.000
1381	-4.959	3.073	0.000
1373	-4.959	3.073	0.000
1365	-4.898	3.106	0.000
1345	-4.897	3.106	0.000
1239	-4.884	2.688	0.000
1333	-4.884	2.687	0.000
1290	-4.883	2.689	0.000
1242	-4.883	2.689	0.000
1243	-4.883	2.688	0.000
1265	-4.883	2.687	0.000
59	-4.836	2.622	0.000
67	-4.836	2.622	0.000
703	-4.812	3.091	0.000
778	-4.811	3.091	0.000
788	-4.811	3.090	0.000
816	-4.810	3.091	0.000
328	-4.663	2.605	0.000
198	-4.662	2.605	0.000
129	-4.662	2.605	0.000
530	-4.662	2.605	0.000
227	-4.570	3.971	0.000
528	-4.566	3.973	0.000
505	-4.545	2.661	0.000
432	-4.542	2.662	0.000
393	-4.477	2.387	0.000
1292	-4.419	3.262	0.000
1355	-4.409	3.271	0.000
1352	-4.409	3.276	0.000
1353	-4.407	3.250	0.000
962	-4.405	2.349	0.000
130	-4.404	2.627	0.000
360	-4.404	2.627	0.000
308	-4.404	2.627	0.000
590	-4.404	2.627	0.000
1268	-4.404	3.260	0.000
173	-4.403	2.627	0.000
1266	-4.402	3.284	0.000
908	-4.396	2.322	0.000
902	-4.395	2.318	0.000
959	-4.395	2.319	0.000
1339	-4.392	2.756	0.000
973	-4.392	2.318	0.000
1240	-4.391	2.756	0.000
1351	-4.391	2.756	0.000
935	-4.391	2.279	0.000
540	-4.390	2.639	0.000
1288	-4.389	2.756	0.000
506	-4.389	2.639	0.000
1338	-4.385	2.682	0.000
1350	-4.383	2.682	0.000
981	-4.382	2.330	0.000
1332	-4.378	2.724	0.000
1348	-4.376	2.726	0.000
910	-4.317	2.332	0.000
1279	-4.313	3.117	0.000
1340	-4.300	3.070	0.000
1256	-4.298	3.034	0.000
859	-4.297	3.978	0.000
827	-4.297	3.978	0.000
855	-4.296	3.982	0.000
851	-4.295	3.979	0.000
979	-4.293	3.976	0.000
886	-4.291	3.972	0.000
948	-4.284	3.933	0.000
880	-4.283	3.930	0.000
893	-4.282	3.926	0.000
970	-4.282	3.929	0.000
474	-4.271	3.365	0.000
1320	-4.261	3.437	0.000
961	-4.257	3.920	0.000
846	-4.256	3.938	0.000
964	-4.255	3.934	0.000
833	-4.255	3.937	0.000
864	-4.254	3.937	0.000
931	-4.253	3.936	0.000
978	-4.253	3.936	0.000
927	-4.252	3.936	0.000
888	-4.249	3.941	0.000
578	-4.232	2.437	0.000
1305	-4.226	3.063	0.000
819	-4.218	3.933	0.000
1344	-4.198	3.078	0.000
1293	-4.197	3.075	0.000
1323	-4.197	3.077	0.000
1303	-4.197	3.081	0.000
1359	-4.191	2.722	0.000
1367	-4.191	2.722	0.000
1371	-4.191	2.722	0.000
1380	-4.185	3.092	0.000
865	-4.178	3.982	0.000
138	-4.147	3.333	0.000
534	-4.098	2.557	0.000
1302	-4.098	3.529	0.000
1330	-4.098	3.529	0.000
854	-4.086	2.714	0.000
1315	-4.071	3.534	0.000
694	-3.980	2.519	0.000
134	-3.941	2.565	0.000
141	-3.941	2.565	0.000
867	-3.811	3.954	0.000
972	-3.808	3.954	0.000
1027	-3.784	3.904	0.000
969	-3.594	3.342	0.000
883	-3.514	3.984	0.000
1331	-3.484	2.246	0.000
