1574	-3.501	0.000	0.000
1479	-3.488	0.407	0.000
1480	-3.488	0.407	0.000
1556	-3.468	0.404	0.000
1557	-3.468	0.404	0.000
1559	-3.468	0.404	0.000
1590	-3.468	0.404	0.000
1620	-3.468	0.405	0.000
1625	-3.468	0.404	0.000
1626	-3.468	0.404	0.000
1652	-3.468	0.405	0.000
1545	-3.468	0.404	0.000
1546	-3.468	0.404	0.000
1655	-3.468	0.397	0.000
1656	-3.468	0.399	0.000
1657	-3.468	0.395	0.000
1658	-3.468	0.391	0.000
1660	-3.468	0.407	0.000
1663	-3.468	0.396	0.000
1662	-3.468	0.399	0.000
1667	-3.468	0.399	0.000
1661	-3.468	0.392	0.000
1665	-3.468	0.401	0.000
1664	-3.467	0.370	0.000
1501	-3.467	0.404	0.000
1528	-3.467	0.404	0.000
1529	-3.467	0.404	0.000
1533	-3.467	0.404	0.000
1596	-3.467	0.404	0.000
1475	-3.465	0.397	0.000
1476	-3.465	0.397	0.000
1672	-3.459	0.392	0.000
1673	-3.459	0.393	0.000
1675	-3.459	0.392	0.000
1676	-3.459	0.392	0.000
1613	-3.446	0.394	0.000
1614	-3.446	0.394	0.000
1615	-3.446	0.394	0.000
1616	-3.446	0.394	0.000
1617	-3.446	0.394	0.000
1618	-3.446	0.394	0.000
1619	-3.446	0.394	0.000
1621	-3.446	0.394	0.000
1653	-3.446	0.394	0.000
1515	-3.445	0.394	0.000
1516	-3.445	0.394	0.000
1517	-3.445	0.394	0.000
1518	-3.445	0.394	0.000
1519	-3.445	0.394	0.000
1540	-3.445	0.394	0.000
1541	-3.445	0.394	0.000
1542	-3.445	0.394	0.000
1543	-3.445	0.394	0.000
1544	-3.445	0.394	0.000
1547	-3.445	0.394	0.000
1568	-3.445	0.394	0.000
1490	-3.445	0.394	0.000
1491	-3.445	0.394	0.000
1494	-3.445	0.394	0.000
1495	-3.445	0.394	0.000
1503	-3.445	0.394	0.000
1504	-3.445	0.394	0.000
1505	-3.445	0.394	0.000
1506	-3.445	0.394	0.000
1507	-3.445	0.394	0.000
1508	-3.445	0.394	0.000
1521	-3.445	0.394	0.000
1522	-3.445	0.394	0.000
1523	-3.445	0.394	0.000
1524	-3.445	0.394	0.000
1525	-3.445	0.394	0.000
1526	-3.445	0.394	0.000
1535	-3.445	0.394	0.000
1536	-3.445	0.394	0.000
1537	-3.445	0.394	0.000
1595	-3.445	0.394	0.000
1609	-3.445	0.394	0.000
1634	-3.445	0.394	0.000
1635	-3.445	0.394	0.000
1586	-3.416	0.380	0.000
1589	-3.415	0.387	0.000
1552	-3.415	0.387	0.000
1539	-3.415	0.382	0.000
1588	-3.414	0.348	0.000
1623	-3.414	0.367	0.000
1538	-3.414	0.379	0.000
1587	-3.414	0.384	0.000
1646	-3.413	0.351	0.000
1622	-3.413	0.406	0.000
1585	-3.412	0.407	0.000
1647	-3.400	0.334	0.000
1679	-3.356	2.978	0.000
1624	-3.321	0.148	0.000
1668	-3.313	2.979	0.000
1669	-3.313	2.978	0.000
1674	-3.313	2.979	0.000
1677	-3.313	2.979	0.000
1678	-3.313	2.978	0.000
1628	-3.312	2.979	0.000
1629	-3.312	2.979	0.000
1630	-3.312	2.979	0.000
1483	-3.311	2.979	0.000
1487	-3.311	2.979	0.000
1488	-3.311	2.979	0.000
1489	-3.311	2.979	0.000
1645	-3.311	2.979	0.000
1502	-3.311	2.979	0.000
1520	-3.311	2.980	0.000
1530	-3.311	2.979	0.000
1531	-3.311	2.979	0.000
1532	-3.311	2.979	0.000
1570	-3.311	2.979	0.000
1571	-3.311	2.979	0.000
1575	-3.311	2.979	0.000
1591	-3.311	2.979	0.000
1592	-3.311	2.979	0.000
1594	-3.311	2.979	0.000
1640	-3.311	2.979	0.000
1641	-3.311	2.979	0.000
1551	-3.295	0.489	0.000
1510	-3.266	2.407	0.000
1564	-3.264	2.409	0.000
1565	-3.264	2.409	0.000
1566	-3.264	2.409	0.000
1567	-3.264	2.409	0.000
1638	-3.075	2.182	0.000
1639	-3.075	2.182	0.000
1477	-3.071	2.554	0.000
1478	-3.071	2.554	0.000
1481	-3.071	2.554	0.000
1474	-3.069	2.555	0.000
1569	-3.066	0.807	0.000
1671	-3.062	2.558	0.000
1512	-3.057	2.559	0.000
1513	-3.057	2.559	0.000
1514	-3.057	2.559	0.000
1534	-3.057	2.559	0.000
1558	-3.057	2.559	0.000
1560	-3.057	2.559	0.000
1561	-3.057	2.559	0.000
1493	-3.049	2.564	0.000
1511	-3.049	2.564	0.000
1612	-3.049	2.564	0.000
1637	-3.049	2.564	0.000
1527	-2.995	2.592	0.000
1583	-2.868	3.071	0.000
1584	-2.868	3.072	0.000
1650	-2.634	1.810	0.000
1576	-2.634	1.797	0.000
1572	-2.634	1.783	0.000
1654	-2.634	1.783	0.000
1562	-2.634	1.785	0.000
1563	-2.634	1.784	0.000
1573	-2.634	1.781	0.000
1649	-2.633	1.740	0.000
1651	-2.633	1.764	0.000
1593	-2.633	1.672	0.000
1611	-2.633	1.758	0.000
1577	-2.628	1.802	0.000
1659	-2.625	3.012	0.000
1666	-2.625	3.012	0.000
