767	-2.643	0.000	0.000
768	-2.643	0.001	0.000
769	-2.577	0.036	0.000
770	-2.577	0.035	0.000
1059	-2.576	0.036	0.000
746	-2.576	0.037	0.000
747	-2.576	0.037	0.000
748	-2.576	0.037	0.000
749	-2.576	0.037	0.000
751	-2.576	0.037	0.000
752	-2.576	0.037	0.000
758	-2.576	0.037	0.000
759	-2.576	0.037	0.000
760	-2.576	0.036	0.000
761	-2.576	0.037	0.000
762	-2.576	0.037	0.000
763	-2.576	0.037	0.000
764	-2.576	0.037	0.000
1075	-2.576	0.036	0.000
961	-2.575	0.036	0.000
968	-2.575	0.037	0.000
969	-2.575	0.037	0.000
970	-2.575	0.037	0.000
971	-2.575	0.037	0.000
972	-2.575	0.037	0.000
973	-2.575	0.037	0.000
897	-2.575	0.036	0.000
898	-2.575	0.036	0.000
962	-2.575	0.036	0.000
860	-2.503	0.146	0.000
929	-2.503	0.146	0.000
931	-2.503	0.146	0.000
946	-2.503	0.146	0.000
1012	-2.503	0.146	0.000
1013	-2.503	0.146	0.000
1014	-2.503	0.146	0.000
1158	-2.496	0.063	0.000
1159	-2.496	0.063	0.000
1160	-2.496	0.064	0.000
823	-2.459	0.061	0.000
824	-2.459	0.061	0.000
952	-2.457	0.062	0.000
1145	-2.410	0.182	0.000
1118	-2.409	0.181	0.000
1119	-2.409	0.181	0.000
906	-2.409	0.182	0.000
1102	-2.004	1.604	0.000
1103	-2.004	1.604	0.000
1104	-2.004	1.604	0.000
1105	-2.004	1.604	0.000
1106	-2.004	1.604	0.000
1107	-2.004	1.604	0.000
1090	-2.004	1.604	0.000
1128	-1.997	1.604	0.000
1081	-1.990	1.604	0.000
1017	-1.940	1.606	0.000
909	-1.938	1.606	0.000
