1882	-4.855	0.000	0.000
1872	-2.747	3.656	0.000
1878	-2.747	3.656	0.000
1880	-2.747	3.657	0.000
1881	-2.747	3.656	0.000
1884	-2.747	3.656	0.000
1886	-2.747	3.657	0.000
1859	-2.747	3.656	0.000
1860	-2.747	3.656	0.000
1861	-2.747	3.656	0.000
1862	-2.747	3.656	0.000
1863	-2.747	3.656	0.000
1864	-2.747	3.656	0.000
1865	-2.747	3.656	0.000
1866	-2.747	3.656	0.000
1867	-2.747	3.656	0.000
1868	-2.747	3.656	0.000
1869	-2.747	3.656	0.000
1870	-2.747	3.656	0.000
1837	-2.744	3.655	0.000
1838	-2.744	3.655	0.000
1839	-2.744	3.655	0.000
1840	-2.744	3.655	0.000
1841	-2.744	3.655	0.000
1844	-2.744	3.655	0.000
1845	-2.744	3.655	0.000
1846	-2.744	3.655	0.000
1847	-2.744	3.655	0.000
1848	-2.744	3.655	0.000
1849	-2.744	3.655	0.000
1850	-2.744	3.655	0.000
1851	-2.744	3.655	0.000
1852	-2.744	3.655	0.000
1853	-2.744	3.655	0.000
1854	-2.744	3.655	0.000
1855	-2.744	3.655	0.000
1856	-2.744	3.655	0.000
1857	-2.744	3.655	0.000
1834	-2.733	3.670	0.000
1832	-2.733	3.670	0.000
1833	-2.733	3.670	0.000
834	-2.671	3.700	0.000
864	-2.581	3.757	0.000
1143	-2.191	3.791	0.000
