724	-5.436	0.000	0.000
499	-5.435	0.001	0.000
504	-5.435	0.001	0.000
490	-5.435	0.001	0.000
555	-5.435	0.001	0.000
589	-5.435	0.001	0.000
636	-5.435	0.001	0.000
660	-5.435	0.001	0.000
461	-5.430	0.007	0.000
596	-5.358	1.762	0.000
620	-5.358	1.762	0.000
500	-5.358	1.762	0.000
472	-5.235	1.979	0.000
1547	-5.169	1.796	0.000
1561	-5.169	1.796	0.000
1482	-5.169	1.796	0.000
1562	-5.169	1.796	0.000
1563	-5.169	1.796	0.000
1564	-5.169	1.796	0.000
1584	-5.169	1.796	0.000
557	-5.049	1.770	0.000
657	-5.049	1.770	0.000
585	-5.037	1.783	0.000
1614	-5.018	1.783	0.000
548	-5.018	0.142	0.000
629	-5.018	0.143	0.000
630	-5.018	0.143	0.000
1600	-5.006	1.779	0.000
1618	-5.006	1.779	0.000
1604	-5.005	1.779	0.000
731	-4.978	1.728	0.000
726	-4.978	1.728	0.000
618	-4.978	1.729	0.000
654	-4.978	1.729	0.000
1550	-4.947	1.757	0.000
527	-4.878	2.752	0.000
623	-4.875	0.160	0.000
394	-4.872	0.165	0.000
581	-4.797	2.774	0.000
619	-4.797	2.774	0.000
621	-4.797	2.774	0.000
633	-4.797	2.774	0.000
646	-4.797	2.774	0.000
651	-4.797	2.773	0.000
663	-4.797	2.773	0.000
676	-4.797	2.774	0.000
680	-4.797	2.773	0.000
683	-4.797	2.773	0.000
719	-4.796	2.773	0.000
547	-4.795	2.773	0.000
1590	-4.680	1.761	0.000
599	-4.659	1.699	0.000
609	-4.659	1.699	0.000
668	-4.659	1.699	0.000
693	-4.659	1.699	0.000
1548	-4.645	1.815	0.000
1519	-4.642	1.815	0.000
1611	-4.642	1.815	0.000
1573	-4.641	1.815	0.000
1567	-4.641	1.815	0.000
1509	-4.641	1.815	0.000
1556	-4.641	1.815	0.000
1578	-4.641	1.815	0.000
1555	-4.641	1.815	0.000
459	-4.634	2.744	0.000
1498	-4.633	1.812	0.000
1516	-4.632	1.812	0.000
574	-4.632	2.744	0.000
1536	-4.631	1.812	0.000
575	-4.554	2.724	0.000
625	-4.554	2.724	0.000
617	-4.553	2.724	0.000
641	-4.553	2.724	0.000
674	-4.553	2.724	0.000
645	-4.553	2.724	0.000
647	-4.553	2.724	0.000
501	-4.553	2.724	0.000
531	-4.552	2.724	0.000
578	-4.480	2.330	0.000
591	-4.480	2.330	0.000
593	-4.480	2.330	0.000
638	-4.480	2.330	0.000
573	-4.480	2.331	0.000
608	-4.480	2.330	0.000
505	-4.479	2.330	0.000
644	-4.479	2.330	0.000
729	-4.471	0.226	0.000
605	-4.463	2.548	0.000
691	-4.450	1.724	0.000
520	-4.346	3.356	0.000
604	-4.346	3.356	0.000
664	-4.346	3.356	0.000
737	-4.346	3.356	0.000
738	-4.346	3.356	0.000
716	-4.323	2.575	0.000
567	-4.322	2.743	0.000
652	-4.322	2.743	0.000
690	-4.322	2.743	0.000
711	-4.319	2.743	0.000
730	-4.246	2.358	0.000
349	-4.237	3.373	0.000
522	-4.237	3.375	0.000
594	-4.237	3.375	0.000
649	-4.237	3.375	0.000
699	-4.237	3.375	0.000
715	-4.237	3.376	0.000
382	-4.237	3.374	0.000
613	-4.237	3.374	0.000
720	-4.237	3.375	0.000
736	-4.237	3.376	0.000
703	-4.237	3.376	0.000
708	-4.237	3.376	0.000
530	-4.237	3.375	0.000
532	-4.237	3.376	0.000
559	-4.236	3.375	0.000
598	-4.236	3.374	0.000
642	-4.236	3.375	0.000
685	-4.236	3.375	0.000
514	-4.236	3.375	0.000
552	-4.236	3.374	0.000
568	-4.236	3.374	0.000
588	-4.236	3.374	0.000
622	-4.236	3.374	0.000
628	-4.236	3.375	0.000
637	-4.236	3.375	0.000
687	-4.236	3.375	0.000
734	-4.236	3.374	0.000
697	-4.226	3.376	0.000
587	-4.161	2.335	0.000
