1404	-8.153	0.000	0.000
1341	-8.149	0.001	0.000
1291	-8.149	0.001	0.000
1335	-8.149	0.001	0.000
1336	-8.149	0.001	0.000
1358	-8.145	0.002	0.000
1383	-8.143	0.002	0.000
1402	-8.070	0.005	0.000
1410	-8.070	0.005	0.000
1409	-8.070	0.005	0.000
1416	-8.070	0.005	0.000
1418	-8.070	0.005	0.000
1424	-8.070	0.005	0.000
1432	-8.070	0.005	0.000
1283	-8.063	0.005	0.000
1284	-8.063	0.005	0.000
1297	-8.063	0.005	0.000
1301	-8.063	0.005	0.000
1302	-8.063	0.005	0.000
1311	-8.063	0.005	0.000
1312	-8.063	0.005	0.000
1314	-8.063	0.005	0.000
1320	-8.063	0.005	0.000
1339	-8.063	0.005	0.000
1340	-8.063	0.005	0.000
1348	-8.063	0.005	0.000
1349	-8.063	0.005	0.000
1350	-8.063	0.005	0.000
1386	-8.059	0.005	0.000
1390	-8.059	0.005	0.000
842	-8.034	1.741	0.000
1407	-7.965	1.737	0.000
1439	-7.965	1.737	0.000
1446	-7.965	1.737	0.000
1456	-7.965	1.737	0.000
1437	-7.964	1.737	0.000
1458	-7.964	1.737	0.000
1294	-7.963	1.737	0.000
1396	-7.962	1.737	0.000
1378	-7.962	1.737	0.000
1373	-7.962	1.737	0.000
1401	-7.961	1.737	0.000
1394	-7.888	1.742	0.000
894	-7.887	1.699	0.000
1399	-7.887	1.742	0.000
1408	-7.887	1.743	0.000
1415	-7.887	1.743	0.000
1419	-7.887	1.743	0.000
1423	-7.887	1.743	0.000
1425	-7.887	1.743	0.000
1427	-7.887	1.743	0.000
1429	-7.887	1.743	0.000
1430	-7.887	1.743	0.000
1441	-7.887	1.743	0.000
1442	-7.887	1.743	0.000
1449	-7.887	1.743	0.000
1450	-7.887	1.743	0.000
1453	-7.887	1.743	0.000
1457	-7.886	1.744	0.000
1281	-7.885	1.743	0.000
1279	-7.885	1.743	0.000
1282	-7.885	1.743	0.000
1280	-7.885	1.743	0.000
1298	-7.885	1.744	0.000
1303	-7.885	1.744	0.000
1313	-7.885	1.744	0.000
1315	-7.885	1.744	0.000
1321	-7.885	1.744	0.000
1342	-7.885	1.744	0.000
1352	-7.885	1.744	0.000
1287	-7.884	1.744	0.000
1289	-7.884	1.744	0.000
1290	-7.884	1.744	0.000
1292	-7.884	1.744	0.000
1293	-7.884	1.744	0.000
1295	-7.884	1.744	0.000
1308	-7.884	1.744	0.000
1309	-7.884	1.744	0.000
1327	-7.884	1.744	0.000
1328	-7.884	1.744	0.000
1329	-7.884	1.744	0.000
1334	-7.884	1.744	0.000
1337	-7.884	1.744	0.000
1347	-7.884	1.744	0.000
1355	-7.883	1.744	0.000
1356	-7.883	1.744	0.000
1362	-7.883	1.744	0.000
1363	-7.883	1.744	0.000
1387	-7.883	1.744	0.000
1388	-7.883	1.744	0.000
1366	-7.882	1.745	0.000
1367	-7.882	1.745	0.000
1370	-7.882	1.745	0.000
1371	-7.882	1.745	0.000
1372	-7.882	1.745	0.000
1374	-7.882	1.745	0.000
1376	-7.882	1.745	0.000
1384	-7.882	1.745	0.000
1385	-7.882	1.745	0.000
1278	-7.851	0.367	0.000
1422	-7.849	0.036	0.000
1438	-7.848	0.036	0.000
1286	-7.815	1.755	0.000
1288	-7.815	1.755	0.000
1305	-7.815	1.755	0.000
1306	-7.815	1.755	0.000
1310	-7.815	1.755	0.000
1319	-7.815	1.755	0.000
1338	-7.815	1.755	0.000
1296	-7.788	0.041	0.000
1300	-7.788	0.041	0.000
1307	-7.788	0.041	0.000
1451	-7.788	1.691	0.000
1285	-7.778	0.390	0.000
1345	-7.778	0.390	0.000
1403	-7.760	1.663	0.000
1452	-7.760	1.663	0.000
1317	-7.757	1.664	0.000
1318	-7.757	1.664	0.000
1433	-7.755	1.660	0.000
1436	-7.755	1.660	0.000
1357	-7.755	1.665	0.000
1346	-7.753	1.661	0.000
1325	-7.752	1.661	0.000
1333	-7.752	1.661	0.000
1332	-7.752	1.662	0.000
1400	-7.712	1.691	0.000
1405	-7.712	1.691	0.000
1426	-7.712	1.691	0.000
1454	-7.712	1.691	0.000
1459	-7.711	1.691	0.000
1460	-7.711	1.692	0.000
1316	-7.709	1.691	0.000
1343	-7.709	1.691	0.000
1351	-7.709	1.691	0.000
1445	-7.707	1.688	0.000
1421	-7.707	1.689	0.000
1435	-7.707	1.689	0.000
1375	-7.707	1.692	0.000
1377	-7.707	1.692	0.000
1417	-7.385	1.952	0.000
1440	-7.385	1.952	0.000
1443	-7.385	1.952	0.000
1299	-7.384	1.952	0.000
1322	-7.384	1.952	0.000
1323	-7.384	1.952	0.000
1324	-7.384	1.952	0.000
1330	-7.384	1.952	0.000
1331	-7.384	1.952	0.000
1344	-7.384	1.952	0.000
1364	-7.384	1.952	0.000
1391	-7.384	1.952	0.000
1368	-7.383	1.953	0.000
1380	-7.383	1.953	0.000
1381	-7.383	1.953	0.000
1393	-7.360	1.945	0.000
1365	-7.356	1.954	0.000
1589	-7.355	2.078	0.000
1613	-7.355	2.078	0.000
1434	-7.354	1.946	0.000
1464	-7.270	1.335	0.000
1395	-7.265	1.973	0.000
1447	-7.265	1.973	0.000
1473	-7.264	1.335	0.000
1477	-7.264	1.335	0.000
1480	-7.264	1.335	0.000
1507	-7.264	1.335	0.000
1496	-7.263	1.335	0.000
1515	-7.263	1.335	0.000
1566	-7.263	1.335	0.000
1569	-7.263	1.335	0.000
1570	-7.263	1.335	0.000
1588	-7.263	1.335	0.000
1606	-7.263	1.335	0.000
1397	-7.218	1.977	0.000
1359	-7.218	1.977	0.000
1361	-7.218	1.977	0.000
1472	-7.038	1.949	0.000
1487	-7.038	1.950	0.000
1491	-7.038	1.949	0.000
1478	-7.037	1.950	0.000
1481	-7.037	1.950	0.000
1483	-7.037	1.949	0.000
1508	-7.037	1.949	0.000
1597	-7.037	1.949	0.000
1502	-7.036	1.949	0.000
1514	-7.036	1.949	0.000
1524	-7.036	1.949	0.000
1525	-7.036	1.949	0.000
1529	-7.036	1.949	0.000
1531	-7.036	1.949	0.000
1535	-7.036	1.949	0.000
1542	-7.036	1.949	0.000
1551	-7.036	1.949	0.000
1558	-7.036	1.949	0.000
1559	-7.036	1.949	0.000
1571	-7.036	1.949	0.000
1599	-7.036	1.949	0.000
1503	-7.036	1.949	0.000
1580	-7.036	1.949	0.000
1581	-7.036	1.949	0.000
1603	-7.036	1.949	0.000
1605	-7.036	1.949	0.000
1463	-7.034	1.941	0.000
1652	-6.966	1.810	0.000
1486	-6.949	1.901	0.000
1488	-6.949	1.901	0.000
1493	-6.949	1.901	0.000
1505	-6.948	1.900	0.000
1506	-6.948	1.900	0.000
1615	-6.947	1.900	0.000
1455	-6.769	2.021	0.000
1353	-6.760	2.018	0.000
1411	-6.703	2.023	0.000
1544	-6.560	2.046	0.000
1431	-6.505	2.100	0.000
1462	-6.503	2.100	0.000
1461	-6.485	2.288	0.000
1382	-6.478	2.108	0.000
1398	-6.353	2.125	0.000
1444	-6.350	2.126	0.000
1448	-6.350	2.126	0.000
1413	-6.349	2.126	0.000
1414	-6.349	2.126	0.000
1420	-6.335	2.125	0.000
1389	-6.330	2.125	0.000
1360	-6.330	2.125	0.000
1379	-6.328	2.125	0.000
1406	-6.310	1.757	0.000
1412	-6.153	2.028	0.000
1428	-6.094	2.027	0.000
1326	-6.093	2.027	0.000
1304	-6.092	2.027	0.000
1392	-6.091	2.027	0.000
1354	-6.090	2.027	0.000
1369	-5.996	3.183	0.000
