1181	-3.598	0.000	0.000
1629	-3.588	0.033	0.000
1644	-3.588	0.033	0.000
1632	-3.587	0.033	0.000
1633	-3.587	0.033	0.000
1634	-3.587	0.033	0.000
1635	-3.587	0.033	0.000
1690	-3.571	0.009	0.000
1727	-3.570	0.009	0.000
1706	-3.570	0.009	0.000
1221	-3.464	1.098	0.000
846	-3.393	0.023	0.000
1730	-3.379	0.028	0.000
1687	-3.379	0.031	0.000
1697	-3.379	0.030	0.000
1743	-3.379	0.031	0.000
1745	-3.379	0.031	0.000
1749	-3.379	0.031	0.000
1750	-3.379	0.030	0.000
1642	-3.378	0.031	0.000
1643	-3.378	0.031	0.000
1647	-3.378	0.031	0.000
1653	-3.378	0.031	0.000
1654	-3.378	0.031	0.000
1659	-3.378	0.031	0.000
1660	-3.378	0.031	0.000
1661	-3.378	0.031	0.000
1662	-3.378	0.031	0.000
1663	-3.378	0.031	0.000
1668	-3.378	0.031	0.000
1675	-3.378	0.031	0.000
1684	-3.378	0.031	0.000
1728	-3.378	0.031	0.000
1736	-3.378	0.031	0.000
1753	-3.378	0.034	0.000
1713	-3.378	0.046	0.000
1626	-3.376	0.031	0.000
1627	-3.376	0.031	0.000
1670	-3.359	0.036	0.000
1686	-2.590	2.277	0.000
1716	-2.589	2.277	0.000
1672	-2.588	2.277	0.000
1742	-2.550	2.281	0.000
