1352	-4.098	0.000	2.116
1288	-4.087	0.004	13.809
1332	-4.087	0.004	13.809
1206	-4.087	0.005	1.846
1209	-4.087	0.005	16.973
1214	-4.087	0.005	13.866
1215	-4.087	0.005	16.967
1345	-4.086	0.005	15.786
1371	-4.082	0.005	15.805
1384	-4.082	0.005	2.295
1324	-3.899	0.042	14.620
1329	-3.899	0.042	14.618
1277	-3.898	0.042	14.618
1284	-3.898	0.042	14.618
1252	-3.898	0.042	14.618
1248	-3.898	0.042	14.618
1226	-3.876	0.043	14.618
1256	-3.876	0.043	14.620
1201	-3.875	0.043	14.620
1231	-3.875	0.044	14.620
1235	-3.875	0.044	14.622
1238	-3.875	0.044	14.617
1271	-3.875	0.044	14.622
1282	-3.875	0.044	14.626
1294	-3.875	0.044	14.625
1296	-3.875	0.044	14.625
1320	-3.875	0.044	14.631
1321	-3.875	0.044	3.058
1340	-3.875	0.044	5.735
1353	-3.872	0.044	3.027
1378	-3.870	0.044	3.027
1382	-3.870	0.044	13.546
1360	-3.869	0.044	14.368
1361	-3.869	0.044	14.304
1363	-3.869	0.044	14.303
1380	-3.743	0.358	5.735
1233	-3.325	0.168	7.981
