362	-7.140	0.000	14.153
384	-7.140	0.001	14.156
387	-7.140	0.001	12.718
70	-7.048	0.025	13.922
111	-7.048	0.025	3.460
466	-7.013	0.018	12.117
312	-7.013	0.018	12.083
377	-7.013	0.018	12.087
379	-7.013	0.018	12.087
568	-7.013	0.018	12.087
206	-7.012	0.018	12.087
232	-7.012	0.018	12.087
233	-7.012	0.018	12.087
338	-7.012	0.018	12.089
446	-7.012	0.018	12.089
98	-7.012	0.018	12.089
134	-7.012	0.018	12.088
143	-7.012	0.018	12.091
168	-7.012	0.018	12.092
183	-7.012	0.018	12.087
185	-7.012	0.018	12.076
242	-7.012	0.018	12.095
310	-7.012	0.018	12.096
95	-7.011	0.018	11.841
82	-7.011	0.018	4.536
251	-7.010	0.018	5.267
733	-6.937	1.000	4.591
423	-6.934	1.000	10.021
438	-6.934	1.000	5.675
502	-6.930	1.000	5.195
540	-6.801	1.000	7.693
473	-6.800	1.000	8.786
331	-6.800	1.000	8.251
335	-6.800	1.000	8.251
381	-6.800	1.000	7.530
395	-6.800	1.000	5.076
396	-6.800	1.000	3.581
272	-6.799	1.000	3.579
343	-6.613	0.117	3.581
91	-6.610	0.117	3.580
49	-6.483	0.128	3.618
587	-6.391	0.351	3.484
625	-6.390	0.351	3.482
218	-6.190	1.019	24.382
72	-6.189	1.019	24.382
171	-6.189	1.019	24.383
235	-6.189	1.019	24.588
126	-6.188	1.019	25.066
36	-6.187	1.018	24.944
295	-5.989	1.957	0.056
397	-5.989	1.957	0.003
286	-5.989	1.957	0.058
291	-5.989	1.957	0.001
435	-5.989	1.957	14.147
177	-5.988	1.957	14.149
668	-5.892	0.983	12.764
186	-5.835	1.142	12.764
247	-5.835	1.142	12.764
237	-5.532	3.746	11.796
245	-5.532	3.746	11.733
433	-5.453	3.749	3.581
402	-5.453	3.749	3.581
456	-5.453	3.749	3.580
561	-5.453	3.749	3.580
398	-5.452	3.749	3.580
440	-5.452	3.749	3.580
469	-5.452	3.749	3.580
470	-5.452	3.749	3.580
479	-5.452	3.749	3.580
493	-5.452	3.749	3.580
593	-5.452	3.749	3.581
628	-5.452	3.749	3.581
459	-5.452	3.749	3.618
482	-5.452	3.749	3.618
504	-5.448	3.749	3.617
505	-5.448	3.749	3.617
150	-5.427	3.747	3.762
2	-5.423	3.747	3.762
500	-5.421	3.747	25.066
317	-5.391	3.730	0.032
290	-5.391	3.730	1.834
159	-5.390	3.730	1.749
211	-5.390	3.730	0.018
274	-5.390	3.730	0.035
278	-5.390	3.730	1.748
279	-5.390	3.730	0.011
292	-5.390	3.730	0.010
328	-5.390	3.730	0.011
340	-5.390	3.730	0.009
380	-5.390	3.730	0.044
426	-5.390	3.730	12.748
432	-5.390	3.730	0.008
712	-5.390	3.730	0.040
198	-5.389	3.730	0.056
199	-5.389	3.730	0.003
285	-5.389	3.730	1.831
333	-5.389	3.730	0.000
231	-5.389	3.730	0.001
298	-5.389	3.730	2.616
299	-5.389	3.730	12.762
621	-5.389	3.730	12.763
629	-5.389	3.730	12.764
66	-5.364	3.727	12.719
101	-5.364	3.727	14.248
528	-5.336	3.735	3.382
1534	-5.334	3.735	1.310
1535	-5.334	3.735	12.628
1542	-5.334	3.735	13.915
1550	-5.334	3.735	12.620
1552	-5.334	3.735	11.463
1558	-5.334	3.735	2.137
1559	-5.334	3.735	1.767
1620	-5.334	3.735	13.932
1581	-5.333	3.735	3.553
1582	-5.333	3.735	10.919
1587	-5.333	3.735	10.919
1589	-5.333	3.735	1.940
1720	-5.333	3.735	13.934
1468	-5.332	3.735	10.975
1761	-5.331	3.735	3.666
1766	-5.331	3.735	13.578
1486	-5.331	3.735	3.494
1497	-5.331	3.735	3.494
1511	-5.331	3.735	3.494
1512	-5.331	3.735	3.493
1846	-5.326	3.743	13.402
1871	-5.326	3.743	12.089
1872	-5.326	3.743	12.087
1873	-5.326	3.743	12.088
1886	-5.326	3.743	12.087
1902	-5.326	3.743	12.087
1863	-5.325	3.743	12.087
1890	-5.325	3.743	12.087
1892	-5.325	3.743	12.089
1893	-5.325	3.743	12.089
728	-5.325	3.739	12.089
1536	-5.324	3.733	12.089
634	-5.324	3.739	12.092
1445	-5.322	3.733	12.091
1446	-5.322	3.733	12.093
1864	-5.317	3.741	12.092
1874	-5.317	3.741	12.095
1904	-5.317	3.741	11.842
1851	-5.311	3.739	2.853
1891	-5.311	3.739	2.841
1897	-5.311	3.739	3.592
1515	-5.303	3.738	4.505
1828	-5.301	3.730	11.794
1845	-5.301	3.730	11.733
305	-5.301	3.749	11.743
316	-5.301	3.749	4.492
344	-5.301	3.749	9.844
351	-5.301	3.749	9.845
705	-5.301	3.749	5.137
690	-5.301	3.749	11.069
692	-5.301	3.749	5.686
175	-5.300	3.749	9.775
193	-5.300	3.749	11.586
205	-5.300	3.749	9.781
207	-5.300	3.749	11.590
213	-5.300	3.749	9.751
263	-5.300	3.749	4.315
273	-5.300	3.749	4.591
276	-5.300	3.749	10.021
300	-5.300	3.749	4.584
301	-5.300	3.749	5.674
358	-5.300	3.749	4.649
375	-5.300	3.749	11.547
427	-5.300	3.749	11.549
445	-5.300	3.749	4.646
467	-5.300	3.749	14.036
558	-5.300	3.749	4.611
574	-5.300	3.749	4.614
592	-5.300	3.749	10.935
597	-5.300	3.749	8.241
605	-5.300	3.749	8.251
606	-5.300	3.749	8.251
607	-5.300	3.749	8.251
652	-5.300	3.749	5.293
653	-5.300	3.749	3.581
726	-5.300	3.749	3.581
1723	-5.297	3.746	3.581
1637	-5.297	3.746	3.581
1658	-5.296	3.736	3.580
1642	-5.296	3.746	3.581
1757	-5.294	3.746	3.580
1739	-5.293	3.746	3.580
1728	-5.291	3.746	3.580
697	-5.291	3.754	3.580
710	-5.290	3.754	3.580
715	-5.290	3.754	3.581
667	-5.290	3.754	3.617
688	-5.290	3.754	3.618
740	-5.290	3.754	3.617
720	-5.290	3.754	3.617
452	-5.290	3.755	3.618
522	-5.290	3.754	3.617
525	-5.290	3.754	3.577
569	-5.290	3.754	3.759
591	-5.290	3.755	3.762
599	-5.290	3.754	3.762
624	-5.290	3.754	3.754
627	-5.290	3.754	3.754
631	-5.290	3.754	3.754
642	-5.290	3.754	3.754
645	-5.290	3.754	3.503
646	-5.289	3.754	3.483
638	-5.289	3.754	3.484
650	-5.289	3.754	3.482
660	-5.289	3.754	3.531
390	-5.289	3.755	24.385
1733	-5.282	3.751	24.382
103	-5.274	3.747	24.382
92	-5.274	3.747	24.382
136	-5.274	3.747	24.569
788	-5.272	3.747	24.588
752	-5.268	3.747	11.624
749	-5.268	3.747	0.015
250	-5.267	3.747	1.834
497	-5.267	3.747	0.013
765	-5.266	3.746	0.016
745	-5.266	3.747	0.035
775	-5.261	3.752	0.015
776	-5.261	3.752	0.011
784	-5.261	3.752	1.835
792	-5.261	3.752	0.044
744	-5.256	3.752	12.748
751	-5.256	3.752	0.008
1788	-5.255	3.713	0.007
1796	-5.255	3.713	0.056
1797	-5.255	3.713	1.833
1818	-5.255	3.713	1.833
1838	-5.255	3.713	1.831
1786	-5.255	3.713	14.145
1787	-5.255	3.713	0.027
1774	-5.254	3.713	0.052
1775	-5.254	3.713	12.763
1776	-5.254	3.713	12.764
1777	-5.254	3.713	12.764
1778	-5.254	3.713	12.764
1781	-5.254	3.713	1.826
1782	-5.254	3.713	1.826
758	-5.254	3.751	14.137
1813	-5.244	3.729	3.382
1860	-5.242	3.711	1.815
1879	-5.242	3.711	2.546
1898	-5.242	3.711	1.805
1901	-5.242	3.711	1.309
1903	-5.242	3.711	12.628
330	-5.242	3.730	13.915
342	-5.242	3.730	1.280
457	-5.242	3.730	11.463
280	-5.242	3.730	2.132
281	-5.242	3.730	1.763
1792	-5.241	3.711	10.919
1798	-5.241	3.711	10.919
1801	-5.241	3.711	1.938
1802	-5.241	3.711	1.987
1820	-5.241	3.711	3.417
353	-5.241	3.730	3.464
357	-5.241	3.730	12.698
368	-5.241	3.730	3.494
532	-5.241	3.730	3.494
543	-5.241	3.730	3.493
1799	-5.234	3.717	12.087
1808	-5.234	3.717	12.087
1815	-5.234	3.717	12.087
1816	-5.234	3.716	12.089
1817	-5.234	3.717	12.089
1826	-5.234	3.717	12.089
1831	-5.234	3.717	12.089
1847	-5.234	3.716	12.091
1855	-5.234	3.717	12.092
1878	-5.234	3.717	12.086
1889	-5.234	3.716	12.084
1880	-5.233	3.710	12.063
1790	-5.232	3.710	12.096
1791	-5.232	3.710	11.842
1803	-5.232	3.710	2.853
1804	-5.232	3.710	5.267
1825	-5.232	3.710	2.841
1830	-5.232	3.710	10.993
1795	-5.225	3.723	4.505
1810	-5.225	3.723	11.794
1829	-5.225	3.723	11.735
1854	-5.225	3.723	11.798
1859	-5.225	3.723	5.403
1870	-5.225	3.723	9.844
1881	-5.225	3.723	9.845
1888	-5.225	3.723	10.847
1819	-5.225	3.723	11.066
1821	-5.225	3.723	5.686
1822	-5.225	3.723	9.775
1824	-5.225	3.723	10.880
1827	-5.225	3.723	9.781
1839	-5.225	3.723	9.750
1841	-5.225	3.723	9.751
1856	-5.225	3.723	10.020
1862	-5.225	3.723	10.020
1894	-5.225	3.723	10.022
1895	-5.225	3.723	5.675
1906	-5.225	3.723	5.195
1806	-5.224	3.709	9.942
1842	-5.224	3.709	11.547
1784	-5.224	3.709	11.549
1779	-5.223	3.723	5.062
1780	-5.223	3.723	4.612
255	-5.215	3.727	8.253
767	-5.214	3.728	8.252
1887	-5.194	3.712	17.110
468	-4.861	3.877	16.527
304	-4.861	3.877	16.528
275	-4.860	3.876	14.696
354	-4.860	3.876	15.195
490	-4.860	3.877	13.336
252	-4.831	3.876	5.932
686	-4.824	3.881	7.561
1877	-4.819	3.881	5.899
1670	-4.819	3.878	2.123
1687	-4.818	3.878	16.559
455	-4.798	3.883	7.632
367	-4.798	3.883	15.497
418	-4.798	3.883	6.077
1885	-4.796	3.879	7.682
112	-4.767	3.882	6.875
755	-4.759	3.882	6.874
413	-4.731	3.877	5.473
414	-4.731	3.877	5.021
480	-4.731	3.877	15.350
465	-4.730	3.877	14.825
472	-4.730	3.877	16.024
223	-4.694	2.289	15.047
339	-4.645	2.656	6.082
360	-4.645	2.656	7.223
507	-4.517	2.659	17.155
508	-4.517	2.659	17.154
383	-4.517	2.659	17.154
676	-4.513	2.677	17.155
677	-4.513	2.676	17.154
721	-4.513	2.676	17.377
485	-4.513	2.676	17.377
545	-4.513	2.676	17.382
523	-4.512	2.676	17.376
611	-4.512	2.676	17.375
618	-4.512	2.676	17.375
623	-4.512	2.676	17.375
647	-4.512	2.677	17.095
230	-4.500	2.673	17.078
302	-4.470	2.672	28.308
369	-4.470	2.672	28.308
195	-4.398	2.267	0.102
484	-4.387	2.270	6.365
421	-4.387	2.269	0.037
422	-4.387	2.269	0.037
600	-4.385	2.270	6.454
471	-4.364	2.266	16.527
681	-4.341	2.708	2.149
737	-4.341	2.708	7.607
1867	-4.320	2.704	2.136
756	-4.317	2.707	6.891
696	-4.291	2.708	16.716
669	-4.290	2.709	6.938
741	-4.290	2.709	5.478
494	-4.276	2.705	5.483
567	-4.276	2.705	5.483
610	-4.276	2.705	5.483
651	-4.276	2.705	5.483
1823	-4.275	2.684	5.483
769	-4.270	2.707	5.482
779	-4.270	2.707	5.473
789	-4.270	2.707	5.468
790	-4.270	2.707	16.024
800	-4.270	2.707	15.350
762	-4.267	2.707	5.239
763	-4.267	2.707	5.244
665	-4.259	2.709	15.261
609	-4.258	2.709	6.962
657	-4.258	2.709	6.962
771	-4.238	2.707	6.037
773	-4.238	2.707	6.566
795	-4.238	2.707	6.033
798	-4.238	2.707	7.040
707	-3.977	1.963	6.428
