929	-6.265	0.000	14.771
919	-6.257	0.169	14.771
962	-6.248	0.140	14.771
939	-6.241	0.162	14.771
777	-6.239	0.119	14.898
991	-6.220	0.065	14.900
983	-6.179	0.189	14.899
985	-6.145	0.193	14.620
864	-5.910	0.652	12.737
541	-5.674	0.217	12.079
982	-5.632	2.538	12.119
590	-5.561	1.877	12.132
796	-5.559	1.878	12.132
970	-5.558	1.877	12.087
822	-5.548	3.439	5.483
779	-5.521	0.232	8.754
609	-5.514	0.246	8.754
755	-5.509	1.875	8.753
628	-5.501	0.205	8.753
769	-5.498	3.365	8.753
1002	-5.490	3.329	8.753
572	-5.485	3.398	12.146
787	-5.483	3.393	13.640
569	-5.471	3.300	5.478
1021	-5.467	3.476	5.478
626	-5.421	2.673	5.451
856	-5.409	2.658	12.108
709	-5.396	2.654	5.484
683	-5.387	2.648	8.804
810	-5.387	2.649	5.553
695	-5.386	3.495	5.533
661	-5.386	2.646	8.788
913	-5.384	2.648	13.650
539	-5.367	1.731	13.652
544	-5.367	1.729	12.727
556	-5.366	1.729	5.596
640	-5.365	1.730	11.153
581	-5.365	1.728	8.491
616	-5.364	1.733	5.600
963	-5.363	1.730	11.321
964	-5.363	1.730	9.189
733	-5.227	1.698	11.695
897	-5.224	1.697	5.626
686	-5.157	1.932	8.930
524	-5.111	2.726	8.929
665	-5.111	2.718	13.370
831	-5.110	2.678	5.637
728	-5.103	2.716	8.932
608	-5.101	2.753	8.926
984	-5.086	2.743	5.707
771	-5.043	3.155	8.230
631	-4.981	3.084	13.947
543	-4.971	1.986	0.005
904	-4.962	2.807	0.006
887	-4.830	2.576	0.001
1001	-4.610	1.237	0.003
833	-4.042	3.711	1.152
976	-4.039	3.719	13.963
972	-3.093	3.472	1.010
930	-3.017	3.655	13.608
713	-2.996	3.578	2.892
881	-2.993	3.791	2.891
961	-2.969	3.516	2.893
996	-2.960	3.490	2.112
