847	-11.122	0.000	2.112
383	-10.999	2.867	4.014
198	-10.986	2.223	13.992
216	-10.983	2.288	13.993
196	-10.978	2.845	2.165
535	-10.893	2.234	14.740
328	-10.873	2.312	14.898
360	-10.871	2.315	14.904
115	-10.866	2.322	14.900
223	-10.859	2.318	14.619
135	-10.855	2.325	14.618
169	-10.855	2.324	14.653
173	-10.855	2.324	30.934
389	-10.825	2.331	30.944
306	-10.825	2.319	30.944
350	-10.825	2.327	31.300
330	-10.824	2.314	31.536
340	-10.820	2.325	9.102
274	-10.820	2.320	9.103
271	-10.819	2.324	12.069
263	-10.819	2.314	11.836
889	-10.819	2.284	12.071
362	-10.818	2.324	12.079
256	-10.814	2.322	12.109
159	-10.814	2.314	12.084
138	-10.812	2.319	11.271
129	-10.811	2.320	12.118
278	-10.810	2.314	12.127
265	-10.808	2.316	12.082
301	-10.808	2.318	12.081
229	-10.802	2.324	12.132
324	-10.791	2.331	11.268
438	-10.791	2.328	12.087
406	-10.790	2.330	5.485
384	-10.788	2.300	12.121
189	-10.782	2.337	8.754
370	-10.780	2.359	8.754
752	-10.742	2.346	8.788
106	-10.742	2.329	8.788
739	-10.739	2.342	13.651
685	-10.738	2.346	13.652
70	-10.731	2.329	11.307
849	-10.718	2.357	8.932
736	-10.696	2.509	13.947
835	-10.692	2.485	8.687
317	-10.689	2.932	0.096
924	-10.681	2.669	0.001
816	-10.670	2.377	0.000
818	-10.553	3.364	1.925
205	-10.527	1.409	13.993
201	-10.527	1.409	2.547
369	-10.523	1.411	14.739
498	-10.518	1.411	14.739
790	-10.504	1.416	14.771
650	-10.471	3.448	14.771
377	-10.446	1.412	14.771
379	-10.446	1.412	14.770
451	-10.444	1.412	14.733
455	-10.443	1.413	14.898
490	-10.443	1.416	14.904
319	-10.407	1.919	14.631
425	-10.392	1.910	30.944
466	-10.381	1.417	31.283
460	-10.343	1.681	9.099
502	-10.343	1.681	9.103
400	-10.342	1.681	12.106
475	-10.337	1.681	12.074
883	-10.336	1.413	12.108
830	-10.334	1.414	12.109
723	-10.322	1.933	12.080
245	-10.319	1.864	12.132
635	-10.294	1.459	8.754
824	-10.270	1.417	5.545
876	-10.266	1.418	13.652
1022	-10.249	1.420	13.651
899	-10.241	1.419	11.475
761	-10.240	1.420	11.153
821	-10.239	1.420	8.491
775	-10.239	1.420	8.491
869	-10.216	1.424	11.695
579	-10.199	1.419	13.975
781	-10.198	1.419	8.930
734	-10.198	1.419	8.930
912	-10.196	1.418	8.930
698	-10.194	1.422	13.371
341	-10.159	1.679	0.001
738	-10.134	1.427	0.001
753	-10.111	1.424	0.002
620	-10.059	1.676	13.508
804	-10.007	1.429	14.649
809	-10.005	1.429	13.862
160	-9.929	2.640	14.771
494	-9.792	2.345	31.299
507	-9.792	2.479	31.542
250	-9.783	2.539	31.851
334	-9.778	2.477	9.099
246	-9.776	2.526	9.103
462	-9.772	2.596	9.103
310	-9.769	2.685	11.267
366	-9.767	2.647	8.752
325	-9.759	2.793	12.109
187	-9.749	2.457	11.270
188	-9.745	2.701	8.755
282	-9.734	2.550	12.134
459	-9.706	2.699	8.754
231	-9.706	2.670	12.145
401	-9.703	2.731	12.098
208	-9.678	2.419	5.490
221	-9.663	2.432	5.554
273	-9.651	2.659	13.652
348	-9.646	2.388	11.153
251	-9.646	2.454	8.491
224	-9.632	2.451	14.435
193	-9.618	2.641	8.930
858	-9.507	2.728	0.000
718	-9.493	2.681	0.002
701	-9.339	1.235	4.431
420	-8.868	3.907	0.901
225	-8.852	3.978	2.891
422	-8.813	3.999	4.420
300	-8.786	3.622	14.739
482	-8.245	3.672	30.946
399	-8.245	3.674	30.944
495	-8.010	3.650	8.930
484	-7.936	3.655	13.401
896	-7.453	3.971	5.600
1009	-7.446	3.971	9.189
934	-6.645	2.472	1.926
980	-6.508	2.414	1.925
