1794	-13.949	0.000	14.739
1784	-13.943	0.007	14.739
1805	-13.943	0.007	14.771
1830	-13.939	0.012	14.772
1797	-13.937	0.066	14.771
1835	-13.926	0.021	14.771
1846	-13.850	2.095	14.771
1771	-13.848	2.094	14.770
1776	-13.848	2.094	14.734
1778	-13.848	2.094	14.898
1779	-13.848	2.094	14.904
1791	-13.848	2.094	14.903
1793	-13.848	2.094	14.900
1761	-13.711	2.130	14.899
1762	-13.461	1.978	14.618
1763	-13.461	1.978	14.653
1766	-13.461	1.978	30.946
1769	-13.461	1.978	30.944
1770	-13.461	1.978	30.944
1843	-13.461	1.979	30.944
1781	-13.442	1.979	31.188
1780	-13.442	2.261	31.195
1798	-13.442	2.261	31.964
1847	-13.442	2.261	31.961
1849	-13.442	2.261	31.775
1852	-13.442	2.261	9.099
1786	-13.442	2.261	9.102
1800	-13.439	2.261	9.102
1813	-13.438	2.262	12.077
1841	-13.438	2.261	12.074
1854	-13.438	2.261	11.267
1772	-13.382	3.589	12.109
1795	-13.382	3.589	12.084
1823	-13.285	1.513	12.147
1837	-13.285	1.513	5.478
1824	-13.284	1.515	5.478
1773	-13.279	1.986	5.479
1806	-13.247	2.009	5.489
1809	-13.247	2.009	5.492
1842	-13.247	2.009	9.065
1851	-13.247	2.009	8.804
1765	-13.128	1.801	9.189
1759	-13.128	1.801	11.692
1764	-13.128	1.801	11.696
1767	-13.128	1.801	11.699
1768	-13.128	1.801	8.930
1757	-13.128	1.801	8.930
1817	-13.128	1.801	8.930
1783	-13.099	1.797	13.367
1777	-13.006	3.348	13.370
1790	-13.006	3.348	5.620
1807	-13.006	3.348	13.904
1832	-13.006	3.348	9.150
1802	-12.973	1.026	0.266
1804	-12.973	1.026	0.001
1801	-12.742	3.677	0.005
1816	-12.742	3.677	0.018
1819	-12.742	3.677	0.034
1821	-12.742	3.677	0.127
1833	-12.742	3.677	0.019
1814	-12.730	3.676	13.508
1785	-12.730	3.676	13.955
1828	-12.730	3.676	2.128
1812	-12.700	1.800	13.401
1853	-12.685	1.799	2.892
1808	-12.445	1.560	13.946
1815	-12.444	1.560	0.001
1774	-12.399	3.602	0.004
1789	-12.399	3.602	0.011
1788	-12.389	3.601	0.028
1829	-12.166	3.682	14.739
1760	-11.957	3.362	12.085
1782	-11.957	3.362	11.277
1775	-11.947	3.363	12.079
1820	-11.941	3.363	12.119
1758	-11.925	3.681	12.080
1850	-11.922	3.365	12.082
1836	-11.901	3.367	12.085
1792	-11.632	3.780	8.754
1845	-11.632	3.780	12.145
1796	-11.564	3.750	5.478
1787	-11.531	3.737	5.479
1825	-11.531	3.737	5.479
1822	-11.517	3.555	5.481
1834	-11.517	3.555	5.481
1839	-11.515	3.556	8.750
1799	-11.479	3.563	5.555
1803	-11.467	3.667	8.788
1844	-11.460	3.670	8.787
1848	-11.014	3.744	1.925
1818	-10.882	3.545	14.770
1826	-10.870	3.544	14.903
1810	-10.860	3.549	14.631
1831	-10.812	3.567	12.077
1827	-10.809	3.544	8.755
1811	-10.799	3.549	12.132
1838	-10.575	3.776	13.622
1840	-10.575	3.777	2.973
