1579	-8.311	0.000	4.636
1580	-8.311	0.000	4.636
1583	-8.311	0.000	4.636
1590	-8.311	0.000	4.636
1591	-8.311	0.000	4.636
1592	-8.311	0.000	4.636
1593	-8.311	0.000	4.630
1594	-8.311	0.000	4.630
1595	-8.311	0.000	4.630
1602	-8.311	0.000	4.630
1603	-8.311	0.000	4.630
1604	-8.311	0.000	4.629
1606	-8.311	0.000	4.640
1607	-8.311	0.000	4.639
1608	-8.311	0.000	4.643
1609	-8.311	0.000	4.642
1610	-8.311	0.000	4.642
1611	-8.311	0.000	4.642
1612	-8.311	0.000	4.642
1615	-8.311	0.000	4.550
1638	-8.311	0.000	4.551
1639	-8.311	0.000	4.551
1640	-8.311	0.000	4.551
1641	-8.311	0.000	4.551
1642	-8.311	0.000	4.545
1651	-8.311	0.000	4.546
1652	-8.311	0.000	25.441
1653	-8.311	0.000	25.437
1655	-8.311	0.000	25.437
1656	-8.311	0.000	25.437
1657	-8.311	0.000	25.651
1659	-8.311	0.000	26.158
1660	-8.311	0.000	5.237
1673	-8.311	0.000	26.697
1674	-8.311	0.000	26.576
1676	-8.311	0.000	16.597
1677	-8.311	0.000	4.606
1679	-8.311	0.000	12.954
1680	-8.311	0.000	12.954
1681	-8.311	0.000	4.614
1682	-8.311	0.000	5.230
1687	-8.311	0.000	4.972
1688	-8.311	0.000	4.614
1689	-8.311	0.000	4.602
1690	-8.311	0.000	4.606
1691	-8.311	0.000	5.222
1692	-8.311	0.000	4.616
1694	-8.311	0.000	4.616
1695	-8.311	0.000	4.616
1696	-8.311	0.000	4.600
1697	-8.311	0.000	14.098
1698	-8.311	0.000	4.615
1699	-8.311	0.000	4.616
1700	-8.311	0.000	4.599
1701	-8.311	0.000	4.615
1702	-8.311	0.000	5.224
1704	-8.311	0.000	4.615
1705	-8.311	0.000	4.614
1706	-8.311	0.000	16.480
1713	-8.311	0.000	14.061
1714	-8.311	0.000	14.111
1597	-8.310	0.000	14.112
1598	-8.310	0.000	14.112
1716	-8.289	0.007	14.112
1717	-8.289	0.007	14.113
1718	-8.289	0.007	4.596
1719	-8.289	0.007	4.601
1720	-8.289	0.007	16.456
1522	-8.216	2.297	16.456
1523	-8.216	2.298	16.457
1538	-8.216	2.297	16.458
1513	-8.216	2.296	16.460
1526	-8.216	2.298	16.461
1508	-8.216	2.298	14.124
1509	-8.216	2.298	5.211
1510	-8.216	2.297	12.981
1511	-8.216	2.298	14.051
1512	-8.216	2.298	16.587
1514	-8.216	2.298	16.588
1515	-8.216	2.297	14.071
1516	-8.216	2.297	16.591
1517	-8.216	2.298	14.072
1518	-8.216	2.298	4.248
1519	-8.216	2.298	4.246
1520	-8.216	2.298	5.256
1521	-8.216	2.297	5.197
1524	-8.216	2.298	5.126
1525	-8.216	2.298	14.057
1527	-8.216	2.298	15.976
1528	-8.216	2.298	11.715
1529	-8.216	2.298	12.525
1530	-8.216	2.298	5.625
1531	-8.216	2.298	4.958
1532	-8.216	2.298	15.977
1533	-8.216	2.298	4.169
1534	-8.216	2.297	11.887
1535	-8.216	2.298	11.887
1536	-8.216	2.298	4.337
1537	-8.216	2.298	15.970
1539	-8.216	2.298	11.948
1540	-8.216	2.297	15.969
1541	-8.216	2.298	15.397
1710	-8.213	2.278	14.013
1711	-8.213	2.278	3.137
1712	-8.213	2.278	3.137
1715	-8.213	2.278	3.137
1585	-8.211	2.298	14.061
1546	-8.211	2.298	13.987
1547	-8.211	2.298	13.993
1548	-8.211	2.297	13.994
1549	-8.211	2.297	13.992
1550	-8.211	2.298	13.993
1551	-8.211	2.298	13.993
1552	-8.211	2.297	13.993
1553	-8.211	2.297	13.996
1554	-8.211	2.298	13.994
1555	-8.211	2.297	13.994
1556	-8.211	2.298	13.994
1557	-8.211	2.297	13.996
1558	-8.211	2.297	14.000
1565	-8.211	2.297	13.996
1566	-8.211	2.298	13.998
1570	-8.211	2.297	13.998
1584	-8.211	2.297	13.998
1586	-8.211	2.298	13.986
1588	-8.211	2.297	2.884
1596	-8.211	2.297	3.375
1624	-8.211	2.297	2.888
1542	-8.121	2.257	2.886
1543	-8.121	2.257	9.261
1544	-8.121	2.257	13.787
1545	-8.121	2.257	13.707
1561	-8.121	2.257	13.706
1562	-8.121	2.257	3.377
1568	-8.121	2.257	12.022
1569	-8.121	2.257	12.023
1578	-8.121	2.257	12.023
1582	-8.121	2.257	12.847
1599	-8.121	2.257	2.211
1605	-8.121	2.257	12.044
1614	-8.121	2.257	13.267
1616	-8.121	2.257	11.961
1617	-8.121	2.257	13.267
1618	-8.121	2.257	12.025
1619	-8.121	2.257	3.402
1620	-8.121	2.257	3.945
1635	-8.121	2.257	11.907
1637	-8.121	2.257	2.223
1650	-8.121	2.257	2.221
1669	-8.121	2.257	2.595
1685	-8.111	2.265	13.198
1587	-8.111	2.265	13.201
1601	-8.111	2.265	0.055
1559	-8.111	2.265	15.164
1560	-8.111	2.265	0.003
1563	-8.111	2.265	0.001
1564	-8.111	2.265	12.732
1567	-8.111	2.265	10.191
1571	-8.111	2.265	10.202
1572	-8.111	2.265	10.201
1573	-8.111	2.265	10.201
1574	-8.111	2.265	8.868
1575	-8.111	2.265	4.639
1576	-8.111	2.265	4.638
1577	-8.111	2.265	4.636
1581	-8.111	2.265	4.636
1589	-8.111	2.265	4.636
1600	-8.111	2.265	4.636
1613	-8.111	2.265	4.636
1621	-8.111	2.265	4.636
1622	-8.111	2.265	4.636
1623	-8.111	2.265	4.636
1625	-8.111	2.265	4.636
1626	-8.111	2.265	4.636
1627	-8.111	2.265	4.630
1628	-8.111	2.265	4.630
1629	-8.111	2.265	4.630
1630	-8.111	2.265	4.630
1631	-8.111	2.265	4.630
1632	-8.111	2.265	4.629
1633	-8.111	2.265	4.629
1634	-8.111	2.265	4.640
1636	-8.111	2.265	4.643
1643	-8.111	2.265	4.642
1644	-8.111	2.265	4.642
1645	-8.111	2.265	4.642
1646	-8.111	2.265	4.642
1647	-8.111	2.265	4.642
1648	-8.111	2.265	4.549
1649	-8.111	2.265	4.551
1654	-8.111	2.265	4.551
1658	-8.111	2.265	4.551
1661	-8.111	2.265	4.551
1662	-8.111	2.265	4.546
1663	-8.111	2.265	25.423
1664	-8.111	2.265	25.437
1665	-8.111	2.265	25.437
1666	-8.111	2.265	25.437
1667	-8.111	2.265	25.438
1668	-8.111	2.265	25.651
1670	-8.111	2.265	26.155
1671	-8.111	2.265	25.546
1672	-8.111	2.265	26.697
1675	-8.111	2.265	26.388
1678	-8.111	2.265	4.612
1683	-8.111	2.265	12.954
1684	-8.111	2.265	12.954
1686	-8.111	2.265	4.615
1693	-8.111	2.265	4.968
1703	-8.111	2.265	4.614
1707	-8.111	2.265	4.611
1708	-8.111	2.265	4.611
1709	-8.111	2.265	4.602
1094	-6.567	3.674	15.970
1108	-6.567	3.674	11.949
