706	-9.483	0.000	25.227
995	-9.193	0.087	23.881
985	-9.184	0.087	23.881
858	-9.182	0.087	23.881
898	-9.177	0.087	28.954
861	-9.174	0.087	31.794
1018	-8.953	0.089	31.311
1038	-8.951	0.089	31.311
1003	-8.950	0.090	31.311
1001	-8.949	0.091	31.311
930	-8.937	0.090	31.311
986	-8.926	0.100	25.473
1065	-8.926	0.100	31.311
973	-8.925	0.100	25.476
941	-8.924	0.100	31.789
857	-8.914	0.100	31.791
806	-8.913	0.100	31.790
843	-8.913	0.100	31.790
878	-8.913	0.100	31.790
842	-8.913	0.100	31.790
767	-8.913	0.100	31.790
750	-8.912	0.100	31.790
763	-8.912	0.100	31.790
764	-8.912	0.100	31.790
931	-8.911	0.100	31.790
630	-8.911	0.100	29.268
993	-8.815	0.092	30.174
1023	-8.809	0.091	26.335
1056	-8.809	0.091	26.335
937	-8.683	0.102	26.331
703	-8.683	0.102	26.331
705	-8.683	0.102	26.331
938	-8.683	0.102	26.331
1025	-8.675	0.102	26.331
1034	-8.674	0.102	26.331
1080	-8.674	0.102	26.331
979	-8.674	0.102	26.331
991	-8.674	0.102	26.331
996	-8.674	0.102	26.331
1008	-8.674	0.102	26.331
1009	-8.674	0.102	26.331
1064	-8.674	0.102	26.331
718	-8.673	0.102	26.331
945	-8.673	0.102	26.331
947	-8.673	0.102	26.331
957	-8.673	0.102	26.331
963	-8.673	0.102	26.331
727	-8.673	0.102	26.331
728	-8.673	0.102	26.331
744	-8.673	0.102	26.331
601	-8.671	0.102	26.331
602	-8.671	0.102	26.331
610	-8.671	0.102	26.399
792	-8.661	0.102	26.372
794	-8.661	0.102	26.372
825	-8.661	0.102	26.372
845	-8.661	0.102	26.370
847	-8.661	0.102	26.386
856	-8.661	0.102	1.198
871	-8.661	0.102	1.198
877	-8.661	0.102	1.198
900	-8.661	0.102	0.000
904	-8.661	0.102	0.000
909	-8.661	0.102	0.000
752	-8.660	0.102	0.000
771	-8.660	0.102	0.001
773	-8.660	0.102	0.001
774	-8.660	0.102	0.001
784	-8.660	0.102	1.193
801	-8.660	0.102	25.729
802	-8.660	0.102	25.727
807	-8.660	0.102	25.732
812	-8.660	0.102	25.732
813	-8.660	0.102	25.732
889	-8.660	0.102	25.732
891	-8.660	0.102	25.732
758	-8.659	0.102	25.732
748	-8.659	0.102	25.734
754	-8.659	0.102	25.734
925	-8.659	0.102	25.734
653	-8.659	0.102	25.734
623	-8.658	0.103	25.732
647	-8.658	0.102	25.731
670	-8.658	0.102	25.734
690	-8.658	0.102	25.734
696	-8.658	0.102	25.734
932	-8.658	0.102	25.734
933	-8.658	0.102	25.734
614	-8.657	0.102	25.734
617	-8.657	0.102	26.842
1042	-8.601	0.095	26.818
897	-8.581	0.095	26.827
881	-8.579	0.095	26.828
924	-8.576	0.095	26.828
969	-8.576	3.078	26.022
849	-8.575	0.095	26.022
687	-8.572	0.096	26.022
863	-8.538	3.075	25.227
1041	-8.307	0.103	29.394
1068	-8.213	1.688	29.388
1075	-8.213	1.687	31.266
1057	-8.208	1.687	29.321
920	-8.191	1.686	31.297
992	-8.161	1.589	31.297
999	-8.155	1.591	31.297
917	-8.144	1.589	31.297
824	-8.142	1.590	29.071
951	-7.991	3.059	31.796
708	-7.989	3.060	29.033
1006	-7.989	3.060	31.308
1026	-7.988	3.060	31.308
939	-7.988	3.060	31.308
633	-7.977	3.061	31.308
689	-7.975	3.060	23.903
749	-7.945	3.056	23.903
892	-7.945	3.056	23.903
903	-7.945	3.056	23.903
1010	-7.943	1.585	31.309
1071	-7.942	1.585	31.311
967	-7.942	1.585	31.311
959	-7.941	1.585	31.311
943	-7.940	1.586	31.311
1012	-7.939	1.585	31.311
1049	-7.939	1.586	25.473
1079	-7.810	1.838	31.328
1020	-7.786	1.573	25.550
637	-7.677	1.585	26.331
662	-7.677	1.585	26.331
730	-7.617	3.512	26.331
742	-7.616	3.512	26.331
1013	-7.616	3.512	26.331
1021	-7.616	3.512	26.331
1060	-7.612	1.609	26.331
741	-7.611	1.609	26.331
1005	-7.611	1.609	26.331
634	-7.604	3.512	26.331
641	-7.603	3.512	26.331
666	-7.601	3.512	26.331
668	-7.601	3.512	26.331
701	-7.600	3.512	26.331
652	-7.600	3.512	26.331
672	-7.600	3.512	26.331
684	-7.600	3.512	26.331
686	-7.600	3.512	26.331
697	-7.599	3.512	26.331
896	-7.593	1.606	26.331
797	-7.592	1.606	26.331
798	-7.592	1.606	26.331
777	-7.589	1.608	26.399
778	-7.589	1.608	26.372
714	-7.574	3.085	26.372
1051	-7.574	3.085	26.372
919	-7.570	3.511	26.370
779	-7.569	3.511	26.386
669	-7.560	3.087	1.198
815	-7.530	3.082	25.729
868	-7.530	3.082	25.727
916	-7.530	3.082	25.732
908	-7.529	3.082	25.732
950	-7.469	1.577	25.734
958	-7.468	1.577	25.734
970	-7.468	1.576	25.734
803	-7.453	1.575	26.841
874	-7.453	1.575	26.818
936	-7.444	3.511	26.828
1863	-7.377	3.628	26.022
859	-7.374	3.631	26.022
915	-7.374	3.631	26.022
928	-7.371	3.632	26.022
1089	-7.363	2.123	26.022
1059	-7.359	2.123	26.018
820	-7.357	1.864	25.179
907	-7.357	1.865	25.179
942	-7.332	3.093	25.179
814	-7.297	3.092	25.179
781	-7.294	3.091	25.232
989	-7.294	3.691	25.233
1007	-7.294	3.691	25.227
1086	-7.294	3.691	25.227
1082	-7.294	3.691	25.227
622	-7.291	3.694	25.227
638	-7.291	3.694	25.227
707	-7.291	3.695	25.227
929	-7.290	3.695	29.393
704	-7.221	3.003	29.386
1081	-7.213	2.712	31.297
988	-7.130	2.123	23.890
606	-7.129	3.501	23.886
1037	-7.129	2.123	29.191
1084	-7.128	2.123	31.796
1047	-7.127	2.123	31.796
984	-7.127	2.123	29.033
1031	-7.127	2.123	31.308
948	-7.125	2.123	31.308
791	-7.111	2.123	31.308
632	-7.091	3.500	23.903
663	-7.089	3.500	23.903
799	-7.068	2.143	31.790
1044	-7.036	2.891	31.790
1032	-7.034	2.893	31.790
729	-6.856	2.144	31.328
1016	-6.856	2.144	31.325
1024	-6.856	2.144	31.325
1061	-6.855	2.144	29.653
1090	-6.855	2.144	31.330
737	-6.854	2.144	25.426
971	-6.854	2.144	23.885
901	-6.843	2.144	29.783
833	-6.840	2.144	25.550
852	-6.838	2.144	25.550
1033	-6.769	3.937	25.550
1019	-6.769	3.957	25.550
952	-6.769	3.967	25.552
922	-6.767	3.921	25.550
1795	-6.767	3.944	25.490
1814	-6.767	3.946	25.490
1017	-6.695	2.143	25.490
964	-6.694	2.143	25.491
1083	-6.693	2.143	30.066
1087	-6.692	2.143	25.552
918	-6.640	2.099	26.331
1073	-6.448	2.021	26.331
1054	-6.447	2.021	26.331
640	-6.371	2.142	26.399
657	-6.371	2.142	26.372
693	-6.338	2.157	26.372
677	-6.338	2.157	26.372
1093	-6.317	2.091	26.370
972	-6.298	2.106	26.386
725	-6.296	2.106	1.198
769	-6.289	2.106	1.198
1077	-6.229	1.990	0.000
667	-6.165	2.299	0.000
604	-6.067	2.829	25.727
1078	-6.067	2.829	25.732
598	-6.066	2.829	25.732
1085	-6.066	2.829	25.732
940	-6.065	2.829	25.732
1040	-6.065	2.829	25.732
1043	-6.065	2.829	25.732
649	-6.057	2.828	25.732
618	-6.056	2.828	25.734
765	-6.056	2.828	25.734
793	-6.055	2.828	25.734
982	-5.898	2.893	26.828
1063	-5.895	1.753	27.032
1039	-5.894	1.753	26.022
691	-5.891	2.892	26.022
628	-5.890	2.893	26.022
635	-5.890	2.893	26.022
642	-5.890	2.893	26.022
646	-5.890	2.893	26.018
659	-5.890	2.893	25.179
665	-5.890	2.893	25.179
899	-5.889	2.892	25.179
841	-5.888	2.892	25.179
882	-5.886	2.206	25.179
887	-5.885	1.754	25.233
829	-5.884	1.754	25.233
876	-5.884	1.754	25.227
966	-5.861	2.103	25.227
987	-5.861	2.104	25.227
1076	-5.861	2.104	25.227
1074	-5.861	2.104	25.227
1014	-5.859	2.104	25.227
855	-5.851	2.103	29.393
787	-5.850	2.103	26.364
850	-5.849	2.103	26.386
914	-5.849	2.103	29.387
710	-5.826	1.764	26.375
723	-5.826	1.764	26.375
755	-5.818	1.766	29.390
607	-5.794	2.905	29.390
603	-5.793	2.904	29.390
736	-5.793	2.904	29.390
746	-5.793	2.904	29.390
645	-5.786	2.904	29.395
890	-5.774	2.324	29.397
1050	-5.766	1.957	29.315
1067	-5.762	2.097	29.297
1036	-5.760	2.098	31.266
1055	-5.760	2.097	29.286
766	-5.752	2.097	31.297
831	-5.751	2.097	31.297
731	-5.721	1.786	29.073
732	-5.721	1.786	23.881
1015	-5.721	1.786	23.881
743	-5.719	2.241	31.308
976	-5.718	2.241	31.308
648	-5.718	2.244	31.308
716	-5.716	2.241	31.308
674	-5.716	2.244	23.903
844	-5.715	2.244	31.311
636	-5.715	2.611	31.311
654	-5.714	1.788	31.311
673	-5.714	1.788	31.311
683	-5.714	2.244	25.473
619	-5.713	1.788	25.473
671	-5.713	1.788	25.473
688	-5.713	1.788	25.470
884	-5.713	2.244	31.790
780	-5.712	1.788	31.790
782	-5.711	1.788	31.790
762	-5.711	1.788	31.789
789	-5.711	1.788	31.790
902	-5.711	1.788	31.790
658	-5.711	1.814	31.790
885	-5.711	2.611	31.790
894	-5.710	1.788	31.790
1069	-5.707	2.809	31.790
1022	-5.707	2.809	31.791
1048	-5.706	2.809	31.796
1091	-5.706	2.809	29.524
965	-5.706	2.308	31.328
977	-5.705	2.809	31.328
785	-5.703	2.308	31.328
872	-5.703	2.308	29.391
926	-5.702	2.308	31.325
836	-5.700	2.308	29.662
851	-5.700	2.308	31.330
1066	-5.678	2.468	25.426
826	-5.658	1.992	23.886
880	-5.658	1.992	29.854
661	-5.655	1.992	25.490
608	-5.654	1.803	25.490
609	-5.654	1.803	25.491
912	-5.654	2.327	30.624
895	-5.653	1.696	25.552
717	-5.652	1.802	25.552
740	-5.652	1.802	27.111
713	-5.652	1.802	26.335
655	-5.645	1.803	26.331
621	-5.645	1.805	26.331
625	-5.645	1.805	26.331
629	-5.645	1.805	26.331
639	-5.645	1.805	26.331
643	-5.645	1.805	26.331
656	-5.645	1.805	26.331
664	-5.645	1.805	26.331
613	-5.645	1.804	26.331
615	-5.645	1.805	26.331
680	-5.645	1.807	26.331
770	-5.643	1.805	26.331
1028	-5.616	1.996	26.331
600	-5.613	1.996	26.331
816	-5.609	1.996	26.331
883	-5.609	1.996	26.331
612	-5.607	1.997	26.331
616	-5.607	1.997	26.331
620	-5.607	1.997	26.331
626	-5.607	1.997	26.331
627	-5.607	1.997	26.331
735	-5.603	1.999	26.331
949	-5.603	1.999	26.331
978	-5.603	1.999	26.399
768	-5.597	2.000	26.399
775	-5.597	2.000	26.372
839	-5.597	2.000	26.372
817	-5.596	2.000	26.370
869	-5.596	2.000	26.386
879	-5.596	2.000	1.198
854	-5.596	2.000	1.198
867	-5.596	2.000	1.198
911	-5.596	2.000	0.000
631	-5.595	2.000	0.000
679	-5.594	2.000	0.000
692	-5.594	2.001	0.000
974	-5.583	2.325	0.000
980	-5.583	2.325	0.001
994	-5.583	2.325	0.001
1045	-5.583	2.325	1.193
1062	-5.581	2.326	25.729
1052	-5.571	2.305	25.732
605	-5.570	2.305	25.732
699	-5.565	2.126	25.732
830	-5.517	2.295	25.732
734	-5.472	2.174	25.731
990	-5.471	2.174	25.734
757	-5.467	2.174	25.734
624	-5.434	2.145	25.734
675	-5.434	2.145	25.734
837	-5.434	2.145	25.734
809	-5.433	2.145	25.734
866	-5.419	2.572	26.818
726	-5.404	2.353	26.828
739	-5.364	2.813	26.828
738	-5.342	2.140	26.828
1070	-5.334	2.561	27.041
1027	-5.333	2.561	26.022
962	-5.328	2.377	26.022
838	-5.322	2.559	26.022
790	-5.322	2.377	26.022
795	-5.322	2.377	26.018
805	-5.322	2.377	25.179
694	-5.239	2.376	25.179
