1726	-6.824	0.000	5.485
1710	-6.806	0.014	5.487
761	-6.797	0.008	5.486
790	-6.797	0.009	5.485
792	-6.797	0.008	4.164
804	-6.797	0.008	1.842
819	-6.797	0.009	3.506
834	-6.797	0.008	25.402
877	-6.797	0.009	3.615
878	-6.797	0.008	3.511
907	-6.797	0.009	2.724
908	-6.797	0.009	2.778
909	-6.797	0.009	2.690
910	-6.797	0.009	3.217
914	-6.797	0.008	2.800
942	-6.797	0.009	10.966
944	-6.797	0.009	10.966
945	-6.797	0.009	10.966
976	-6.797	0.009	10.966
739	-6.795	0.015	2.835
1705	-6.788	0.024	2.005
1707	-6.788	0.024	3.149
1736	-6.787	0.021	3.364
1716	-6.741	0.609	3.559
1734	-6.722	0.610	5.086
811	-6.715	0.609	10.526
979	-6.715	0.609	11.967
833	-6.714	0.609	4.893
847	-6.714	0.609	10.328
849	-6.714	0.609	10.329
975	-6.714	0.609	11.222
991	-6.693	0.610	10.436
1717	-5.905	0.437	3.895
1769	-5.902	0.437	10.564
1754	-5.884	0.724	12.160
1706	-5.881	0.440	12.175
1708	-5.881	0.440	12.734
1703	-5.870	0.443	11.709
831	-5.816	0.117	8.785
793	-5.815	0.117	8.786
794	-5.815	0.117	8.787
837	-5.815	0.117	11.722
903	-5.815	0.117	12.589
971	-5.815	0.117	10.563
721	-5.814	0.121	10.445
731	-5.814	0.121	12.717
694	-5.813	0.121	11.716
703	-5.813	0.122	7.254
748	-5.804	0.118	8.785
1004	-5.804	0.122	8.787
990	-5.782	0.122	10.165
1066	-5.761	0.621	9.862
783	-5.760	0.621	10.327
863	-5.759	0.621	10.328
866	-5.759	0.621	12.143
951	-5.759	0.621	12.140
952	-5.759	0.621	10.311
965	-5.759	0.621	2.268
1729	-5.751	0.697	9.337
1715	-5.749	0.697	2.990
1722	-5.749	0.697	9.266
1725	-5.749	0.697	10.502
1744	-5.749	0.697	10.366
1747	-5.747	0.697	10.508
1749	-5.747	0.696	11.420
1765	-5.747	0.696	10.115
1899	-5.502	0.463	10.359
1900	-5.502	0.463	10.182
758	-5.431	0.428	10.472
845	-5.431	0.428	10.352
704	-5.429	0.429	10.465
707	-5.429	0.430	10.480
727	-5.429	0.429	10.481
750	-5.428	0.429	10.158
882	-5.428	0.429	10.455
957	-5.428	0.429	10.355
1053	-5.428	0.429	12.335
693	-5.426	0.430	3.908
712	-5.426	0.430	6.728
717	-5.426	0.430	4.030
1730	-5.399	0.439	4.271
1814	-5.398	0.440	4.930
1855	-5.397	0.440	5.056
1888	-5.388	0.438	5.055
859	-5.365	0.753	5.055
860	-5.365	0.753	5.054
862	-5.365	0.753	5.054
870	-5.365	0.753	4.899
963	-5.365	0.753	4.899
933	-5.226	0.434	5.152
777	-5.226	0.434	4.419
781	-5.226	0.434	5.147
782	-5.226	0.434	5.146
1833	-5.225	0.435	4.441
838	-5.225	0.434	2.791
943	-5.225	0.434	2.736
841	-5.225	0.434	24.227
966	-5.225	0.434	24.227
972	-5.225	0.434	2.729
981	-5.225	0.434	2.734
984	-5.225	0.434	2.734
987	-5.225	0.434	3.381
988	-5.225	0.434	2.535
1014	-5.224	0.434	2.473
807	-5.224	0.435	24.068
829	-5.224	0.435	24.067
940	-5.224	0.435	2.513
1048	-5.224	0.435	2.478
1061	-5.224	0.435	2.528
1063	-5.224	0.435	2.522
1072	-5.224	0.435	2.480
740	-5.223	0.435	2.506
1057	-5.223	0.435	2.485
1059	-5.223	0.435	0.035
771	-5.223	0.435	23.999
1088	-5.223	0.435	24.000
1090	-5.223	0.435	0.028
1091	-5.223	0.435	1.256
1094	-5.223	0.435	0.007
1095	-5.223	0.435	1.248
883	-5.222	0.435	1.247
895	-5.222	0.435	0.155
896	-5.222	0.435	0.149
898	-5.222	0.435	4.694
899	-5.222	0.435	4.989
902	-5.222	0.435	4.058
1008	-5.222	0.435	5.029
1032	-5.222	0.435	4.059
1033	-5.222	0.435	4.059
1035	-5.222	0.435	4.059
1036	-5.222	0.435	24.242
1037	-5.222	0.435	2.912
1040	-5.222	0.435	24.243
1042	-5.222	0.435	5.007
1055	-5.222	0.435	5.008
725	-5.222	0.436	5.036
997	-5.220	0.437	5.467
998	-5.220	0.437	5.467
992	-5.219	0.438	5.467
993	-5.219	0.438	4.650
1781	-5.207	0.643	4.650
1239	-5.204	0.646	5.468
1788	-5.204	0.644	4.647
1792	-5.204	0.644	4.648
1837	-5.204	0.644	4.648
1877	-5.194	0.642	5.482
1910	-5.194	0.641	5.482
985	-5.058	0.664	4.164
986	-5.058	0.664	4.778
1018	-5.058	0.664	3.466
1017	-5.058	0.664	25.403
840	-5.057	0.664	3.614
842	-5.057	0.664	3.591
1836	-5.056	0.664	2.724
1874	-5.056	0.664	2.735
823	-5.056	0.664	10.956
824	-5.056	0.664	10.958
825	-5.056	0.664	3.217
855	-5.056	0.664	10.966
856	-5.056	0.664	10.966
938	-5.056	0.664	10.966
939	-5.056	0.664	10.966
941	-5.056	0.664	10.966
1058	-5.056	0.664	3.240
1064	-5.056	0.664	2.851
1069	-5.056	0.664	2.695
1073	-5.056	0.664	3.574
1074	-5.056	0.664	3.117
1075	-5.056	0.664	3.120
1076	-5.056	0.664	3.542
1089	-5.056	0.664	10.921
1092	-5.056	0.664	10.526
796	-5.055	0.664	10.306
797	-5.055	0.664	10.328
798	-5.055	0.664	10.329
893	-5.055	0.664	4.898
947	-5.055	0.664	10.437
1022	-5.055	0.664	11.224
1023	-5.055	0.664	11.221
1031	-5.055	0.664	10.486
1034	-5.055	0.664	12.190
1038	-5.055	0.664	12.190
1043	-5.055	0.664	11.223
1007	-5.054	0.664	11.223
1718	-4.881	0.439	24.720
931	-4.881	0.439	3.845
932	-4.881	0.439	25.732
969	-4.880	0.439	3.983
1913	-4.880	0.439	2.285
820	-4.880	0.439	3.020
821	-4.880	0.439	3.034
850	-4.880	0.439	2.389
1020	-4.880	0.439	10.714
1713	-4.879	0.440	3.988
806	-4.879	0.439	10.723
956	-4.879	0.439	10.723
1060	-4.879	0.440	10.723
1062	-4.879	0.439	10.723
1081	-4.879	0.440	10.724
1082	-4.879	0.439	3.626
1723	-4.878	0.440	10.716
892	-4.877	0.440	3.151
948	-4.877	0.440	3.944
1009	-4.877	0.440	3.489
1824	-4.771	0.708	3.915
1901	-4.771	0.708	10.661
835	-4.771	0.708	10.243
843	-4.771	0.708	11.697
915	-4.771	0.708	11.698
916	-4.771	0.708	11.714
989	-4.771	0.708	10.043
1015	-4.771	0.708	5.125
1016	-4.771	0.708	10.153
1771	-4.769	0.708	10.153
1776	-4.769	0.708	10.703
1811	-4.769	0.708	10.202
809	-4.769	0.708	11.687
828	-4.769	0.708	11.687
1093	-4.769	0.708	10.705
1755	-4.768	0.708	10.705
1761	-4.768	0.708	10.705
889	-4.768	0.708	10.705
890	-4.768	0.708	10.704
920	-4.768	0.708	10.701
960	-4.768	0.708	11.077
961	-4.768	0.708	11.672
978	-4.768	0.708	11.079
1025	-4.768	0.708	9.982
1026	-4.768	0.708	4.054
1039	-4.768	0.708	8.571
1044	-4.768	0.708	11.658
996	-4.765	0.708	11.661
1724	-4.764	2.481	12.267
1737	-4.763	2.482	10.048
1738	-4.763	2.482	8.183
1758	-4.762	2.481	8.185
1804	-4.762	2.482	8.545
1767	-4.761	2.482	11.274
1141	-4.753	2.436	9.787
1272	-4.737	2.437	8.615
1419	-4.734	2.437	11.986
1869	-4.702	2.484	9.758
1904	-4.701	2.485	12.249
1911	-4.701	2.484	11.686
1857	-4.701	2.485	11.685
1876	-4.701	2.484	9.758
1714	-4.683	2.546	9.624
1741	-4.682	2.546	8.726
1743	-4.682	2.546	3.349
1774	-4.681	2.546	8.658
1844	-4.681	2.546	9.862
1759	-4.681	2.546	9.836
1785	-4.681	2.546	9.991
1177	-4.671	2.493	10.965
1902	-4.617	2.544	9.526
1850	-4.614	2.542	9.825
1878	-4.614	2.542	9.804
1881	-4.614	2.542	9.602
1884	-4.614	2.542	10.977
1777	-4.614	2.542	9.816
1827	-4.614	2.542	10.976
1916	-4.614	2.542	9.971
1865	-4.504	2.482	9.971
1742	-4.503	2.483	9.583
1787	-4.503	2.483	9.598
1848	-4.503	2.483	9.293
1389	-4.500	2.479	11.785
1893	-4.477	2.482	4.382
1897	-4.477	2.482	4.621
1907	-4.476	2.482	5.458
1906	-4.476	2.482	4.970
1880	-4.476	2.482	4.950
1733	-4.420	2.535	2.345
1853	-4.416	2.534	0.025
1862	-4.416	2.534	0.109
1868	-4.416	2.534	4.573
1340	-4.415	2.531	4.907
1350	-4.415	2.531	3.941
1720	-4.415	2.534	24.329
1721	-4.415	2.534	3.941
1739	-4.415	2.534	24.330
1786	-4.415	2.534	24.330
1791	-4.415	2.534	24.330
1800	-4.415	2.534	4.301
1860	-4.415	2.534	4.891
1756	-4.414	2.534	4.913
1757	-4.414	2.534	5.345
1882	-4.414	2.534	5.344
1891	-4.414	2.534	5.344
1751	-4.414	2.534	4.520
968	-4.407	2.477	4.520
934	-4.407	2.477	5.346
980	-4.406	2.477	4.520
982	-4.406	2.477	4.518
983	-4.406	2.477	4.519
1019	-4.406	2.477	5.361
936	-4.406	2.477	5.348
1080	-4.406	2.477	5.362
901	-4.406	2.477	5.363
1041	-4.405	2.477	5.361
1898	-4.388	2.533	4.043
1890	-4.387	2.533	4.577
1883	-4.387	2.533	5.365
1889	-4.387	2.533	4.042
1917	-4.387	2.533	24.474
1918	-4.387	2.533	3.510
1440	-4.368	2.534	25.493
881	-4.326	2.533	3.663
906	-4.326	2.533	2.743
891	-4.325	2.533	2.748
1839	-4.322	2.533	3.256
1731	-4.238	2.480	24.287
1732	-4.238	2.480	11.053
1727	-4.238	2.479	3.258
1728	-4.238	2.479	11.061
970	-4.238	2.479	11.062
967	-4.238	2.479	11.062
1782	-4.236	2.479	11.062
1823	-4.235	2.479	11.062
1752	-4.235	2.479	3.282
1847	-4.235	2.479	2.755
867	-4.163	2.543	11.015
926	-4.163	2.543	10.625
928	-4.163	2.543	12.052
1740	-4.161	2.543	12.053
1919	-4.160	2.543	12.263
1921	-4.160	2.543	10.424
1746	-4.159	2.543	10.425
1748	-4.159	2.543	10.540
1763	-4.159	2.543	10.532
1339	-3.791	2.216	10.582
