1380	-4.346	0.000	13.826
1434	-4.345	0.001	13.840
1417	-4.344	0.001	4.893
1354	-4.344	0.001	4.893
1455	-4.344	0.002	14.527
1457	-4.344	0.002	4.896
1299	-4.343	0.001	4.896
1282	-4.342	0.001	4.896
1273	-4.342	0.001	4.896
1332	-4.342	0.002	4.896
1317	-4.341	0.003	14.549
1397	-4.341	0.002	13.950
1309	-4.341	0.002	13.964
1848	-4.296	0.559	1.744
1846	-4.294	1.877	3.519
1817	-4.267	1.792	16.241
1834	-4.266	1.792	16.118
1291	-4.251	1.945	14.494
1292	-4.251	1.945	13.181
1396	-4.251	1.945	13.826
1362	-4.251	1.945	13.840
1381	-4.235	0.490	1.942
1399	-4.234	0.490	4.505
1405	-4.234	0.490	4.735
1406	-4.234	0.490	6.218
1447	-4.234	0.490	4.263
1305	-4.230	0.575	14.871
1398	-4.230	0.575	9.233
1325	-4.229	0.575	15.949
1326	-4.229	0.575	15.921
1431	-4.224	0.575	15.170
1351	-4.206	1.827	12.487
1352	-4.206	1.827	12.377
1353	-4.206	1.826	26.544
1413	-4.206	1.826	26.543
1414	-4.206	1.826	26.544
1416	-4.206	1.826	12.890
1449	-4.206	1.826	12.891
1302	-4.206	1.827	12.865
1303	-4.206	1.827	12.896
1304	-4.206	1.827	12.867
1312	-4.206	1.827	26.602
1279	-4.205	1.826	12.871
1286	-4.205	1.826	26.631
1335	-4.205	1.826	12.888
1436	-4.205	1.826	12.873
1288	-4.205	1.827	11.383
1334	-4.205	1.826	11.385
1368	-4.205	1.827	11.067
1293	-4.205	1.826	11.476
1294	-4.205	1.826	11.470
1295	-4.205	1.826	11.539
1296	-4.205	1.826	15.392
1297	-4.205	1.826	15.186
1333	-4.205	1.826	13.079
1283	-4.204	1.827	15.174
1348	-4.202	0.028	13.234
1315	-4.201	0.028	26.820
1316	-4.201	0.028	13.234
1271	-4.201	1.827	26.820
1430	-4.201	1.826	26.820
1432	-4.201	1.826	26.821
1433	-4.201	1.826	14.681
1266	-4.199	1.828	15.558
1323	-4.149	1.923	14.032
1363	-4.149	1.923	15.779
1375	-4.149	1.923	15.710
1376	-4.149	1.923	15.774
1443	-4.141	0.096	15.754
1425	-4.141	1.924	15.752
1418	-4.140	0.095	13.416
1419	-4.140	0.095	14.091
1319	-4.140	0.095	15.768
1349	-4.139	0.094	13.414
1385	-4.138	0.095	26.683
1386	-4.138	0.095	13.394
1453	-4.138	0.095	27.543
1463	-4.137	0.095	13.403
1464	-4.137	0.095	12.854
1422	-4.131	0.094	13.497
1424	-4.131	0.094	26.637
1423	-4.131	0.094	2.233
1420	-4.122	0.090	13.507
1379	-4.121	1.951	2.235
1448	-4.121	1.951	2.235
1429	-4.117	1.952	2.235
1441	-4.110	1.938	2.235
1442	-4.110	1.939	2.235
1310	-4.110	1.937	13.526
1350	-4.110	1.937	12.873
1427	-4.102	1.940	12.937
1813	-4.073	1.958	3.519
1823	-4.073	1.958	3.518
1833	-4.073	1.958	3.114
1340	-4.067	1.961	3.117
1849	-4.067	1.987	6.845
1850	-4.067	1.987	3.098
1851	-4.067	1.987	3.098
1285	-4.066	1.961	6.827
1367	-4.066	1.961	6.842
1371	-4.066	1.961	6.842
1435	-4.066	1.961	6.841
1856	-4.066	1.987	6.841
1857	-4.066	1.987	6.841
1865	-4.066	1.987	6.841
1866	-4.066	1.987	0.015
1867	-4.066	1.987	3.404
1878	-4.066	1.987	0.000
1887	-4.066	1.987	7.680
1400	-4.065	1.906	14.476
1346	-4.065	1.987	8.317
1369	-4.065	1.987	3.406
1404	-4.065	1.987	3.407
1410	-4.065	1.987	3.582
1456	-4.065	1.987	9.272
1890	-4.065	1.987	8.387
1824	-4.061	1.986	8.390
1828	-4.061	1.987	8.337
1829	-4.061	1.987	3.393
1838	-4.061	1.987	3.549
1839	-4.061	1.987	7.578
1840	-4.061	1.987	5.202
744	-4.053	1.962	2.597
704	-4.050	1.962	2.819
1847	-4.028	1.982	7.551
1444	-4.023	1.969	5.166
406	-3.987	1.978	7.535
446	-3.987	1.977	12.392
486	-3.987	1.978	7.530
487	-3.987	1.978	12.685
539	-3.987	1.977	7.586
607	-3.987	1.977	6.524
570	-3.987	1.978	7.223
571	-3.987	1.978	6.141
572	-3.987	1.978	5.073
613	-3.987	1.978	6.922
614	-3.987	1.978	6.540
658	-3.987	1.978	6.540
687	-3.987	1.978	6.666
697	-3.986	1.978	5.064
698	-3.986	1.978	6.533
702	-3.986	1.978	6.534
703	-3.986	1.978	6.096
760	-3.986	1.977	6.096
762	-3.986	1.977	12.715
763	-3.986	1.977	6.951
609	-3.945	1.972	7.350
1875	-3.944	1.973	4.322
1342	-3.943	0.131	12.686
1454	-3.943	0.131	11.010
1458	-3.943	0.131	13.721
1412	-3.942	0.130	13.680
1891	-3.939	0.277	13.761
1280	-3.836	1.936	15.923
1301	-3.836	1.936	15.921
1370	-3.836	1.936	15.921
1321	-3.835	1.936	15.921
1322	-3.835	1.936	15.921
1882	-3.758	1.991	12.883
1298	-3.686	3.870	11.549
1278	-3.650	0.579	14.390
1284	-3.649	0.579	15.392
1863	-3.640	1.956	15.174
1864	-3.640	1.956	13.234
1871	-3.640	1.956	14.682
1872	-3.640	1.956	13.234
1825	-3.639	1.955	26.820
1826	-3.639	1.955	26.820
1827	-3.639	1.955	26.820
1830	-3.639	1.955	26.820
1831	-3.639	1.955	15.558
1832	-3.639	1.955	15.800
1844	-3.639	1.955	15.731
1858	-3.639	1.956	15.730
1869	-3.639	1.956	15.727
1877	-3.639	1.956	14.035
1888	-3.639	1.956	14.036
1841	-3.639	1.955	14.036
1842	-3.639	1.955	14.035
1843	-3.639	1.955	15.769
1814	-3.638	1.956	15.716
1820	-3.637	1.956	15.779
1821	-3.637	1.956	15.708
1822	-3.637	1.956	15.774
569	-3.616	1.958	14.092
761	-3.589	3.797	13.416
793	-3.589	3.797	15.731
