1314	-3.645	0.000	15.189
1459	-3.645	0.000	13.231
1259	-3.488	0.793	15.764
1263	-3.488	0.793	13.413
1265	-3.488	0.793	26.686
1361	-3.487	0.793	13.394
1255	-3.268	2.250	12.255
1382	-3.156	2.276	13.416
1383	-3.156	2.276	13.414
1401	-3.156	2.276	13.419
1403	-3.156	2.276	13.496
1260	-3.154	2.275	26.637
1324	-3.154	2.275	2.233
1373	-3.154	2.276	13.506
1446	-3.154	2.275	13.344
1256	-3.154	2.274	2.235
1275	-3.153	2.275	2.235
1264	-3.148	2.323	2.235
1267	-3.148	2.323	2.235
1268	-3.148	2.323	13.515
1272	-3.148	2.323	12.873
1287	-3.147	2.323	2.232
1327	-3.147	2.323	13.292
1378	-3.147	2.323	12.937
1402	-3.147	2.323	12.950
1276	-3.147	2.323	12.908
1281	-3.147	2.324	3.109
1338	-3.147	2.323	3.513
1343	-3.147	2.323	3.537
1344	-3.147	2.323	2.147
1345	-3.147	2.323	3.528
1261	-3.144	2.321	3.519
1262	-3.144	2.321	3.518
1337	-3.144	2.322	3.114
1360	-3.144	2.322	3.117
1366	-3.144	2.322	6.846
1377	-3.144	2.322	6.845
1274	-3.143	2.321	3.098
1300	-2.978	2.337	3.444
1365	-2.978	2.336	6.842
1330	-2.978	2.335	6.842
1329	-2.588	2.541	6.842
