794	-10.398	0.000	15.388
1328	-10.334	0.863	15.387
1331	-10.272	0.008	15.181
1320	-10.260	0.861	14.636
1860	-10.239	0.863	13.225
1889	-10.239	0.863	13.229
1818	-10.235	0.863	26.824
1819	-10.235	0.863	13.234
1411	-10.119	0.861	26.825
1313	-10.116	0.861	13.236
1358	-10.116	0.861	26.825
1374	-10.114	0.861	15.776
1387	-10.114	0.861	15.555
1388	-10.114	0.861	15.726
1389	-10.114	0.861	15.727
1450	-10.104	0.861	15.754
507	-10.099	0.099	15.722
1445	-10.097	0.861	14.030
688	-10.076	0.049	14.030
1426	-10.055	0.861	14.030
1462	-10.053	0.055	14.027
1384	-10.027	0.861	14.025
409	-10.008	0.052	15.739
508	-10.006	0.052	15.703
643	-10.006	0.052	15.771
592	-10.006	0.052	15.753
1270	-10.006	0.861	15.748
550	-10.003	0.052	15.751
483	-9.973	0.077	15.762
730	-9.963	0.059	15.759
731	-9.963	0.059	15.767
742	-9.963	0.059	13.412
759	-9.963	0.059	13.395
785	-9.963	0.059	13.402
745	-9.963	0.059	27.548
350	-9.951	0.052	13.415
653	-9.949	0.055	13.409
654	-9.949	0.055	12.857
693	-9.949	0.055	12.795
666	-9.946	0.062	2.242
667	-9.946	0.062	13.424
690	-9.946	0.062	13.520
706	-9.946	0.062	2.244
1855	-9.943	0.057	2.244
728	-9.937	0.062	2.244
734	-9.937	0.062	2.244
739	-9.937	0.062	12.876
740	-9.937	0.062	13.526
764	-9.937	0.062	2.263
769	-9.937	0.062	13.536
773	-9.937	0.062	12.921
778	-9.937	0.062	12.952
782	-9.937	0.062	14.989
786	-9.937	0.062	3.118
792	-9.937	0.062	14.918
1859	-9.921	0.053	3.522
1868	-9.921	0.053	2.154
1886	-9.921	0.053	6.831
1816	-9.920	0.053	3.528
1836	-9.918	0.053	3.528
264	-9.912	0.078	6.823
375	-9.906	0.062	3.126
443	-9.906	0.062	6.819
597	-9.904	0.062	6.833
598	-9.904	0.062	3.106
424	-9.903	0.062	3.433
543	-9.903	0.062	6.833
568	-9.903	0.062	6.831
520	-9.901	0.062	6.831
521	-9.901	0.062	6.830
489	-9.900	0.062	6.830
551	-9.900	0.062	6.830
552	-9.900	0.062	6.806
725	-9.894	0.062	0.000
372	-9.882	0.059	0.015
577	-9.880	0.059	2.958
440	-9.879	0.066	2.954
641	-9.877	0.066	8.308
620	-9.877	0.059	7.580
622	-9.875	0.066	3.394
652	-9.854	0.859	3.572
672	-9.848	0.065	9.268
719	-9.838	0.063	2.744
720	-9.838	0.063	0.000
795	-9.811	0.858	7.600
712	-9.810	0.066	3.384
649	-9.786	0.858	8.327
727	-9.776	0.858	3.368
741	-9.776	0.858	8.381
408	-9.775	0.858	2.777
463	-9.775	0.858	3.369
1390	-9.775	0.859	3.517
1392	-9.775	0.859	3.323
1393	-9.775	0.859	7.528
1395	-9.775	0.859	2.345
1409	-9.775	0.859	2.355
1415	-9.775	0.859	9.469
576	-9.772	0.858	7.540
589	-9.772	0.858	9.368
590	-9.772	0.858	3.868
644	-9.772	0.858	3.856
513	-9.772	0.858	6.960
380	-9.772	0.858	12.392
495	-9.769	0.858	7.520
535	-9.769	0.858	9.007
536	-9.769	0.858	7.577
554	-9.769	0.858	7.216
623	-9.769	0.858	7.586
624	-9.769	0.858	12.519
1873	-9.767	0.857	5.062
1874	-9.767	0.857	5.061
1854	-9.767	0.857	6.913
1372	-9.763	0.052	7.487
1394	-9.763	0.052	6.086
1391	-9.763	0.052	6.828
1437	-9.757	0.859	6.524
1428	-9.757	0.859	6.110
1438	-9.750	0.053	6.086
1439	-9.750	0.053	6.835
679	-9.709	0.857	3.904
680	-9.709	0.857	7.189
681	-9.709	0.857	6.844
685	-9.709	0.857	4.343
694	-9.709	0.857	13.821
696	-9.709	0.857	9.902
699	-9.709	0.857	13.848
701	-9.709	0.857	8.959
707	-9.708	0.857	12.497
708	-9.708	0.857	15.920
670	-9.708	0.857	15.918
671	-9.708	0.857	15.918
705	-9.708	0.857	15.918
732	-9.700	0.858	15.918
735	-9.700	0.858	15.918
746	-9.700	0.858	15.703
748	-9.700	0.858	15.702
749	-9.700	0.858	15.087
750	-9.700	0.858	15.166
751	-9.700	0.858	15.958
755	-9.700	0.858	15.985
781	-9.700	0.858	15.046
493	-9.693	0.856	12.997
668	-9.667	0.857	12.941
655	-9.667	0.857	26.664
669	-9.667	0.857	26.664
689	-9.667	0.857	26.664
733	-9.658	0.857	12.945
772	-9.658	0.857	12.943
783	-9.658	0.857	12.946
442	-9.631	0.856	26.530
458	-9.631	0.856	12.863
591	-9.629	0.856	12.373
599	-9.629	0.856	26.548
600	-9.629	0.856	26.549
601	-9.629	0.856	12.879
602	-9.629	0.856	12.861
610	-9.629	0.856	12.895
615	-9.629	0.856	12.892
616	-9.629	0.856	12.893
617	-9.629	0.856	26.607
642	-9.629	0.856	26.608
512	-9.628	0.856	26.636
541	-9.628	0.856	26.636
574	-9.628	0.856	26.637
637	-9.628	0.856	11.379
625	-9.626	0.857	11.383
628	-9.626	0.857	11.393
630	-9.626	0.857	11.073
632	-9.626	0.857	11.474
627	-9.626	0.857	11.542
629	-9.626	0.857	15.388
553	-9.625	0.857	15.387
555	-9.625	0.857	15.181
523	-9.625	0.857	15.225
768	-9.624	0.855	13.249
726	-9.620	0.856	13.229
333	-9.598	0.857	26.824
334	-9.598	0.857	13.245
321	-9.597	0.857	26.825
322	-9.597	0.857	13.236
713	-9.586	0.857	26.825
477	-9.582	0.857	15.260
481	-9.550	0.854	15.555
718	-9.549	0.857	15.726
721	-9.549	0.857	15.726
722	-9.549	0.857	15.726
723	-9.544	0.854	15.722
1356	-9.528	0.853	14.030
1357	-9.528	0.853	14.030
1359	-9.528	0.853	14.030
1290	-9.528	0.853	14.027
1336	-9.527	0.853	15.764
1347	-9.526	0.854	14.026
1407	-9.526	0.854	15.703
1408	-9.526	0.854	15.727
1451	-9.502	0.856	15.752
1341	-9.497	0.855	15.747
1339	-9.497	0.855	15.753
1440	-9.494	0.855	15.763
1257	-9.463	0.854	15.759
1421	-9.456	0.853	15.765
1269	-9.424	0.853	13.412
1452	-9.099	0.851	13.395
1277	-9.065	0.102	13.402
1307	-9.065	0.102	27.548
1311	-9.065	0.102	13.409
1355	-9.065	0.102	13.420
1306	-9.037	0.849	13.419
1308	-9.037	0.849	12.794
1289	-9.037	0.849	12.873
1318	-3.997	3.842	3.863
