1630	-15.537	0.000	11.211
1602	-15.379	0.046	10.770
1635	-15.379	0.046	13.154
1677	-15.379	0.046	13.170
1692	-15.379	0.046	31.418
1625	-15.379	0.046	13.214
1627	-15.379	0.046	13.178
1629	-15.379	0.046	13.208
1597	-15.281	0.735	8.584
1603	-15.281	0.734	8.584
1604	-15.281	0.734	1.753
1634	-15.281	0.734	8.088
1644	-15.281	0.734	1.754
1657	-15.281	0.734	1.747
1662	-15.281	0.734	8.093
1669	-15.281	0.734	5.001
1671	-15.281	0.734	4.941
1682	-15.281	0.734	1.747
1683	-15.281	0.734	1.747
1595	-15.200	0.046	1.745
1596	-15.100	0.963	4.045
1592	-15.082	0.734	0.865
1689	-14.948	0.970	12.272
1663	-14.846	0.755	12.286
1672	-14.846	0.755	12.286
1648	-14.845	0.755	11.929
1636	-14.840	0.755	9.718
1637	-14.840	0.755	9.669
1688	-14.720	0.749	9.034
1609	-14.702	0.088	30.269
1668	-14.702	0.088	9.087
1694	-14.697	0.088	9.652
1695	-14.697	0.088	9.653
1661	-14.523	0.088	9.316
1611	-14.523	0.088	11.007
1666	-14.508	0.978	30.420
1614	-14.327	0.978	11.530
1693	-14.280	0.979	11.530
1655	-14.239	1.448	9.804
1670	-14.239	1.448	11.592
1675	-14.239	1.448	11.586
1607	-14.086	1.454	9.432
1664	-13.936	1.150	11.989
1679	-13.875	1.516	9.162
1691	-13.875	1.516	8.880
1639	-13.787	1.711	8.713
1707	-13.787	1.711	6.184
1649	-13.522	2.515	12.721
1673	-13.521	2.515	6.325
1684	-13.521	2.515	5.719
1631	-13.520	2.515	2.283
1705	-13.520	2.515	1.384
1680	-13.520	2.515	2.030
1641	-13.519	2.515	2.028
1616	-13.517	2.515	6.250
1628	-13.451	3.152	5.773
1698	-13.451	3.152	2.178
1699	-13.451	3.152	5.464
1703	-13.451	3.152	6.219
1621	-13.449	2.508	3.766
1650	-13.448	2.508	2.272
1674	-13.448	2.508	7.768
1676	-13.448	2.508	7.768
1686	-13.448	3.152	6.219
1640	-13.446	2.508	2.261
1702	-13.446	2.508	2.263
1601	-13.266	2.510	10.570
1646	-12.926	2.738	12.296
1667	-12.925	2.739	11.996
1598	-12.925	2.738	11.444
1665	-12.925	2.738	12.285
1687	-12.925	2.738	12.286
1704	-12.924	2.738	11.277
1708	-12.924	2.738	9.718
1709	-12.924	2.738	9.668
1710	-12.924	2.738	30.421
1653	-12.924	2.738	30.421
1656	-12.924	2.738	30.421
1658	-12.924	2.738	9.673
1659	-12.924	2.738	9.672
1681	-12.923	2.738	8.938
1696	-12.923	2.738	9.033
1697	-12.923	2.738	9.056
1690	-12.923	2.738	9.651
1590	-12.909	2.738	30.269
1633	-12.697	2.737	11.097
