1775	-6.508	0.000	8.812
1767	-5.015	1.678	3.737
1776	-5.015	1.678	1.987
1790	-5.015	1.678	3.734
1731	-4.738	1.679	2.247
1737	-4.380	2.267	1.648
1783	-3.846	1.572	9.804
1797	-3.782	1.576	11.547
1791	-3.762	1.917	9.831
1760	-3.761	1.917	11.570
1800	-3.718	1.916	12.029
1782	-3.718	1.916	31.360
1727	-3.715	1.916	12.097
1022	-3.659	3.281	11.764
1739	-3.534	3.922	6.170
1093	-3.433	3.649	5.408
1715	-3.420	2.894	8.343
1720	-3.420	2.894	6.423
1732	-3.420	2.894	2.273
1725	-3.415	2.894	4.477
1726	-3.415	2.894	2.261
