1371	-7.898	0.000	7.965
1246	-7.796	0.037	0.101
1247	-7.796	0.037	11.161
1257	-7.796	0.037	0.000
1373	-7.781	0.036	3.723
1225	-7.668	0.042	1.987
1275	-7.619	0.041	2.247
1335	-7.619	0.042	11.193
1279	-7.618	0.041	11.108
1291	-7.618	0.041	4.860
1292	-7.618	0.042	5.896
1729	-7.473	1.545	12.272
1730	-7.473	1.545	12.271
1744	-7.473	1.545	12.271
1745	-7.473	1.545	12.271
1758	-7.473	1.545	12.271
1752	-7.472	1.544	12.262
1259	-7.460	1.546	12.262
1260	-7.460	1.546	12.144
1374	-7.449	1.547	11.444
1378	-7.449	1.547	12.285
1266	-7.444	1.547	12.286
1341	-7.444	1.547	11.277
1324	-7.443	1.548	9.718
1288	-7.443	1.548	9.671
1402	-7.443	1.547	30.421
1284	-7.443	1.547	30.421
1305	-7.442	1.547	8.925
1352	-7.442	1.547	9.673
1398	-7.440	1.547	9.671
1318	-7.414	1.684	9.090
1271	-7.403	1.546	9.671
1268	-7.403	1.546	9.653
1258	-7.238	1.536	30.421
1345	-7.090	1.554	11.529
1801	-6.967	3.026	11.523
1742	-6.967	3.026	9.807
1368	-6.907	1.562	9.807
1766	-6.870	3.025	11.517
1796	-6.870	3.025	9.807
1313	-6.868	1.564	9.803
1296	-6.867	1.564	11.500
1401	-6.865	1.564	11.591
1738	-6.734	3.027	11.587
1757	-6.734	3.027	11.552
1768	-6.734	3.027	11.549
1794	-6.734	3.027	11.546
1798	-6.734	3.027	9.431
1802	-6.734	3.027	9.831
1753	-6.734	3.027	9.428
1724	-6.731	3.027	9.432
1381	-6.729	3.029	30.497
1265	-6.724	3.029	12.029
1317	-6.665	1.137	12.105
1747	-6.613	3.737	8.812
1237	-6.527	1.652	8.812
1241	-6.526	1.652	8.812
1323	-6.464	1.673	11.972
1362	-6.459	1.532	8.824
1361	-6.456	3.015	11.464
1406	-6.435	1.727	12.054
1321	-6.434	1.728	11.760
1262	-6.433	1.727	11.765
1236	-6.420	1.550	11.981
1245	-6.418	1.550	9.204
1224	-6.418	1.551	9.162
1231	-6.418	1.551	8.881
1234	-6.418	1.551	8.881
1380	-6.394	1.614	6.170
1384	-6.394	1.614	9.095
1366	-6.383	1.514	12.100
1263	-6.356	1.619	8.698
1306	-6.356	1.620	8.698
1307	-6.356	1.619	2.870
1364	-6.319	1.361	8.713
1383	-6.318	1.538	6.185
1382	-6.318	1.538	6.185
1278	-6.262	1.552	2.873
1261	-6.185	1.597	2.884
1369	-6.133	3.117	7.577
1299	-6.124	1.630	6.193
1267	-5.996	3.115	2.014
1270	-5.996	3.115	6.173
1285	-5.996	3.115	6.175
1751	-5.985	2.041	6.325
1799	-5.949	3.176	8.311
1773	-5.948	3.176	1.382
1780	-5.948	3.176	1.383
1370	-4.191	2.163	5.749
1359	-4.175	2.165	11.985
1358	-4.173	1.996	9.794
1365	-4.171	1.996	11.602
1376	-4.171	2.164	11.623
1249	-4.163	2.163	11.762
1254	-4.163	2.163	8.405
1363	-4.153	1.994	12.293
1253	-4.145	2.165	12.271
1282	-4.144	2.164	12.271
1244	-4.131	1.994	12.271
1316	-4.130	2.163	12.271
1334	-4.130	2.163	12.262
1351	-4.130	2.163	12.262
1354	-4.130	2.163	12.141
1395	-4.130	2.163	11.444
1399	-4.130	2.163	12.285
1377	-4.126	1.994	12.286
1385	-4.126	1.994	11.277
1389	-4.126	1.994	9.672
1273	-4.124	1.996	9.671
1319	-4.124	1.996	30.421
1325	-4.124	1.996	30.421
1300	-4.111	2.165	9.669
1302	-4.111	2.165	9.674
1330	-4.111	2.165	8.935
1336	-4.111	2.165	8.936
1314	-4.106	1.994	11.921
1394	-4.106	1.995	9.087
1276	-4.105	1.994	9.033
1283	-4.105	1.994	30.270
1289	-4.105	1.994	30.269
1320	-4.105	1.994	30.270
1326	-4.105	1.994	9.667
1346	-4.105	1.994	9.667
1348	-4.105	1.994	9.651
1349	-4.105	1.994	9.669
1355	-4.105	1.994	9.652
1219	-4.065	2.163	30.220
1221	-4.065	2.163	9.654
1250	-4.065	2.163	30.255
1218	-4.064	2.003	9.662
1226	-4.064	2.003	9.655
1228	-4.064	2.003	9.274
1229	-4.064	2.003	9.265
1240	-4.064	2.003	8.653
1248	-4.064	2.003	9.245
1210	-4.046	2.001	9.255
1211	-4.046	2.001	9.246
1212	-4.046	2.001	11.691
1222	-4.046	2.001	11.097
1223	-4.046	2.001	9.842
1227	-4.046	2.001	11.044
1230	-4.046	2.001	9.316
1233	-4.046	2.001	30.420
1243	-4.046	2.001	9.316
1256	-4.046	2.001	30.420
1357	-4.038	2.267	30.420
1388	-4.032	2.264	30.421
1290	-4.028	2.264	11.002
1400	-4.027	2.264	11.655
1310	-4.025	2.266	12.080
1294	-4.020	2.001	11.529
1315	-4.019	2.262	11.528
1391	-3.942	2.658	11.524
1803	-3.927	2.889	9.807
1740	-3.921	2.665	9.807
1387	-3.913	2.891	11.517
1746	-3.855	2.833	9.803
1781	-3.832	2.500	11.549
1375	-3.756	2.058	30.497
1771	-3.676	3.114	8.805
1777	-3.676	3.114	11.959
1778	-3.676	3.113	8.811
1804	-3.676	3.114	8.812
1805	-3.676	3.114	8.812
1750	-3.671	3.106	8.812
1784	-3.671	3.106	8.812
1785	-3.671	3.106	11.973
1786	-3.671	3.107	11.459
1343	-3.670	3.119	11.465
1322	-3.668	3.119	11.468
1755	-3.666	3.113	11.760
1356	-3.529	3.629	8.698
1360	-3.528	3.628	2.870
1367	-3.526	3.636	8.713
1396	-3.486	3.666	8.713
1405	-3.486	3.667	2.883
1309	-3.485	3.665	2.872
1337	-3.485	3.665	2.872
1339	-3.485	3.665	2.872
1295	-3.484	3.665	2.872
1287	-3.484	3.664	2.872
1298	-3.484	3.664	2.872
1765	-3.484	3.712	7.577
1787	-3.484	3.712	6.193
1788	-3.484	3.712	7.586
1255	-3.463	3.698	6.238
1347	-3.384	3.198	11.161
1328	-3.299	3.358	1.655
1272	-3.144	3.568	12.141
1274	-3.144	3.568	12.001
1277	-3.144	3.568	12.285
1301	-3.143	3.567	12.286
1331	-3.143	3.567	12.382
1332	-3.143	3.567	11.270
1333	-3.143	3.567	9.671
1338	-3.143	3.567	30.421
1342	-3.140	3.209	9.674
1311	-3.140	3.198	30.410
1303	-3.139	3.201	8.936
1304	-3.139	3.197	11.921
1386	-3.131	3.243	30.270
1754	-3.111	3.403	9.670
1736	-3.111	3.403	30.220
1718	-3.043	3.243	9.264
1721	-3.043	3.243	9.655
1741	-3.043	3.243	9.274
1749	-3.043	3.243	9.265
1762	-3.043	3.243	9.265
1769	-3.043	3.244	8.658
1770	-3.043	3.243	9.251
1772	-3.043	3.244	11.027
1719	-3.043	3.243	11.691
1763	-3.043	3.242	11.101
1779	-3.043	3.243	9.314
1062	-3.032	3.244	11.044
1350	-2.944	3.541	30.420
1308	-2.944	3.541	30.420
1404	-2.943	3.541	30.421
1795	-2.943	3.541	30.421
1713	-2.804	3.504	9.807
1714	-2.804	3.505	9.807
1716	-2.804	3.504	11.575
1717	-2.804	3.504	11.504
1733	-2.804	3.504	11.590
1756	-2.804	3.504	11.491
1761	-2.804	3.504	11.583
1764	-2.804	3.504	11.549
1774	-2.804	3.504	9.832
1789	-2.804	3.504	9.431
1792	-2.804	3.504	11.518
1793	-2.804	3.504	11.564
871	-2.795	3.506	9.428
1180	-2.788	3.505	30.499
1712	-2.741	3.819	10.853
1722	-2.741	3.819	12.038
1743	-2.741	3.819	12.088
1251	-2.347	3.958	8.814
1252	-2.347	3.958	11.820
1344	-2.333	3.957	11.760
1264	-2.333	3.957	11.765
1280	-2.333	3.957	11.745
1281	-2.333	3.957	9.204
1340	-2.333	3.957	9.162
1353	-2.333	3.957	9.095
1269	-2.332	3.957	8.881
1293	-2.332	3.957	6.170
1297	-2.332	3.957	9.095
