613	-11.235	0.000	0.000
614	-11.235	0.000	6.258
615	-11.235	0.000	6.258
616	-11.235	0.000	6.051
766	-11.227	0.000	6.274
547	-11.225	0.001	5.505
548	-11.225	0.001	6.369
549	-11.225	0.001	6.367
553	-11.225	0.001	6.385
554	-11.225	0.001	6.379
556	-11.225	0.001	4.437
296	-11.220	0.001	4.439
162	-11.212	0.001	23.866
580	-11.069	0.007	23.867
451	-11.062	0.007	23.867
452	-11.062	0.007	4.439
454	-11.062	0.007	4.442
456	-11.062	0.007	4.912
459	-11.062	0.007	4.805
464	-11.062	0.007	4.108
465	-11.062	0.007	23.711
466	-11.062	0.007	23.710
470	-11.062	0.007	4.089
471	-11.062	0.007	4.060
432	-11.062	0.007	4.084
439	-11.062	0.007	4.101
441	-11.062	0.007	4.101
449	-11.062	0.007	4.063
453	-11.062	0.007	23.639
455	-11.062	0.007	4.071
545	-11.053	0.007	23.687
546	-11.053	0.007	23.688
163	-11.052	1.093	4.073
164	-11.052	1.093	1.987
193	-11.051	0.007	2.524
194	-11.051	0.007	2.001
195	-11.051	0.007	2.004
196	-11.051	0.007	2.541
197	-11.051	0.007	5.408
198	-11.051	0.007	5.603
199	-11.051	0.007	6.396
200	-11.051	0.007	5.466
201	-11.051	0.007	6.440
202	-11.051	0.007	5.469
203	-11.051	0.007	5.872
204	-11.051	0.007	24.002
205	-11.051	0.007	5.478
207	-11.051	0.007	24.002
208	-11.051	0.007	5.906
209	-11.051	0.007	24.003
210	-11.051	0.007	6.232
212	-11.051	0.007	6.237
213	-11.051	0.007	6.643
214	-11.051	0.007	5.902
215	-11.051	0.007	6.650
216	-11.051	0.007	5.020
217	-11.051	0.007	5.916
218	-11.051	0.007	5.916
219	-11.051	0.007	5.916
220	-11.051	0.007	5.914
221	-11.051	0.007	6.650
223	-11.051	0.007	6.648
224	-11.051	0.007	6.650
225	-11.051	0.007	6.229
226	-11.051	0.007	6.659
228	-11.051	0.007	6.659
229	-11.051	0.007	6.660
230	-11.051	0.007	6.660
232	-11.051	0.007	6.659
233	-11.051	0.007	5.573
234	-11.051	0.007	5.570
235	-11.051	0.007	3.115
236	-11.051	0.007	3.131
237	-11.051	0.007	3.128
238	-11.051	0.007	3.155
239	-11.051	0.007	3.137
303	-11.047	0.007	3.194
304	-11.047	0.007	2.647
305	-11.047	0.007	10.463
306	-11.047	0.007	3.200
307	-11.047	0.007	3.202
308	-11.047	0.007	10.471
309	-11.047	0.007	10.471
310	-11.047	0.007	10.471
311	-11.047	0.007	10.472
312	-11.047	0.007	2.811
313	-11.047	0.007	2.769
314	-11.047	0.007	3.208
315	-11.047	0.007	3.120
316	-11.047	0.007	2.749
317	-11.047	0.007	2.754
318	-11.047	0.007	4.740
319	-11.047	0.007	10.327
320	-11.047	0.007	9.897
321	-11.047	0.007	9.901
322	-11.047	0.007	11.421
323	-11.047	0.007	4.652
324	-11.047	0.007	9.656
325	-11.047	0.007	9.656
326	-11.047	0.007	9.788
327	-11.047	0.007	9.781
328	-11.047	0.007	11.496
329	-11.047	0.007	11.495
330	-11.047	0.007	9.829
331	-11.047	0.007	12.223
332	-11.047	0.007	11.495
333	-11.047	0.007	11.496
334	-11.047	0.007	11.496
335	-11.047	0.007	11.496
336	-11.047	0.007	11.496
337	-11.047	0.007	11.496
338	-11.047	0.007	11.491
339	-11.047	0.007	11.010
378	-11.047	0.007	11.010
379	-11.047	0.007	10.832
380	-11.047	0.007	12.366
381	-11.047	0.007	9.725
382	-11.047	0.007	10.866
166	-11.043	0.007	12.316
168	-11.043	0.007	12.628
169	-11.043	0.007	10.873
170	-11.043	0.007	10.858
171	-11.043	0.007	9.493
172	-11.043	0.007	10.856
173	-11.043	0.007	11.727
174	-11.043	0.007	12.290
175	-11.043	0.007	11.729
176	-11.043	0.007	12.513
177	-11.043	0.007	9.705
178	-11.043	0.007	11.714
179	-11.043	0.007	12.432
180	-11.043	0.007	12.314
181	-11.043	0.007	10.621
182	-11.043	0.007	9.685
183	-11.043	0.007	9.479
184	-11.043	0.007	10.593
185	-11.043	0.007	12.498
186	-11.043	0.007	7.735
1	-11.042	0.007	10.814
2	-11.042	0.007	12.121
3	-11.042	0.007	2.006
4	-11.042	0.007	9.851
5	-11.042	0.007	2.067
6	-11.042	0.007	9.794
7	-11.042	0.007	9.795
8	-11.042	0.007	10.719
11	-11.042	0.007	9.784
12	-11.042	0.007	10.792
13	-11.042	0.007	11.562
14	-11.042	0.007	10.560
15	-11.042	0.007	10.792
16	-11.042	0.007	10.585
17	-11.042	0.007	11.573
18	-11.042	0.007	10.784
19	-11.042	0.007	10.784
20	-11.042	0.007	10.824
21	-11.042	0.007	10.834
22	-11.042	0.007	10.598
23	-11.042	0.007	11.983
24	-11.042	0.007	10.477
25	-11.042	0.007	10.554
26	-11.042	0.007	12.078
27	-11.042	0.007	3.265
28	-11.042	0.007	5.362
29	-11.042	0.007	5.360
30	-11.042	0.007	3.493
31	-11.042	0.007	4.261
32	-11.042	0.007	6.258
33	-11.042	0.007	6.258
34	-11.042	0.007	6.258
35	-11.042	0.007	6.058
36	-11.042	0.007	6.257
37	-11.042	0.007	6.257
38	-11.042	0.007	6.050
39	-11.042	0.007	6.274
40	-11.042	0.007	5.507
41	-11.042	0.007	5.934
42	-11.042	0.007	6.368
43	-11.042	0.007	6.384
44	-11.042	0.007	6.379
45	-11.042	0.007	4.495
46	-11.042	0.007	4.436
47	-11.042	0.007	23.866
48	-11.042	0.007	23.867
49	-11.042	0.007	23.867
50	-11.042	0.007	4.439
51	-11.042	0.007	4.441
52	-11.042	0.007	4.910
53	-11.042	0.007	4.841
54	-11.042	0.007	4.357
55	-11.042	0.007	23.711
56	-11.042	0.007	23.711
57	-11.042	0.007	4.089
58	-11.042	0.007	4.060
59	-11.042	0.007	4.083
60	-11.042	0.007	4.106
61	-11.042	0.007	4.101
62	-11.042	0.007	4.063
63	-11.042	0.007	23.639
64	-11.042	0.007	4.068
65	-11.042	0.007	23.688
66	-11.042	0.007	4.092
67	-11.042	0.007	1.976
68	-11.042	0.007	1.987
69	-11.042	0.007	2.524
70	-11.042	0.007	2.000
71	-11.042	0.007	2.004
72	-11.042	0.007	2.540
73	-11.042	0.007	5.404
74	-11.042	0.007	5.603
75	-11.042	0.007	6.439
76	-11.042	0.007	6.444
77	-11.042	0.007	6.440
78	-11.042	0.007	6.440
79	-11.042	0.007	4.561
80	-11.042	0.007	24.002
81	-11.042	0.007	5.477
82	-11.042	0.007	24.003
83	-11.042	0.007	24.003
84	-11.042	0.007	24.003
85	-11.042	0.007	6.232
86	-11.042	0.007	6.332
87	-11.042	0.007	6.643
88	-11.042	0.007	6.643
89	-11.042	0.007	6.650
90	-11.042	0.007	6.644
91	-11.042	0.007	5.916
92	-11.042	0.007	5.916
93	-11.042	0.007	5.915
94	-11.042	0.007	5.913
95	-11.042	0.007	6.654
96	-11.042	0.007	6.655
97	-11.042	0.007	6.650
98	-11.042	0.007	6.229
99	-11.042	0.007	6.657
100	-11.042	0.007	6.659
101	-11.042	0.007	6.659
102	-11.042	0.007	5.561
103	-11.042	0.007	6.659
104	-11.042	0.007	5.572
105	-11.042	0.007	5.569
106	-11.042	0.007	3.115
107	-11.042	0.007	3.121
108	-11.042	0.007	25.143
109	-11.042	0.007	3.155
110	-11.042	0.007	3.160
111	-11.042	0.007	3.137
112	-11.042	0.007	2.648
113	-11.042	0.007	10.463
114	-11.042	0.007	3.200
115	-11.042	0.007	3.202
116	-11.042	0.007	10.471
117	-11.042	0.007	10.471
118	-11.042	0.007	10.471
119	-11.042	0.007	10.472
120	-11.042	0.007	2.811
121	-11.042	0.007	3.205
122	-11.042	0.007	2.660
123	-11.042	0.007	3.117
124	-11.042	0.007	2.763
125	-11.042	0.007	2.754
126	-11.042	0.007	4.740
127	-11.042	0.007	10.327
128	-11.042	0.007	4.639
129	-11.042	0.007	9.901
130	-11.042	0.007	11.421
131	-11.042	0.007	4.652
132	-11.042	0.007	9.656
133	-11.042	0.007	9.656
134	-11.042	0.007	11.494
135	-11.042	0.007	9.782
136	-11.042	0.007	11.495
137	-11.042	0.007	11.495
138	-11.042	0.007	9.829
139	-11.042	0.007	12.223
140	-11.042	0.007	11.495
141	-11.042	0.007	11.496
142	-11.042	0.007	11.496
143	-11.042	0.007	11.495
144	-11.042	0.007	11.495
145	-11.042	0.007	11.495
146	-11.042	0.007	11.010
147	-11.042	0.007	11.010
148	-11.042	0.007	11.010
149	-11.042	0.007	12.366
150	-11.042	0.007	12.366
240	-11.042	0.007	9.725
482	-11.040	0.007	10.866
484	-11.040	0.007	12.188
487	-11.040	0.007	12.628
488	-11.040	0.007	4.270
490	-11.040	0.007	10.857
499	-11.040	0.007	9.492
500	-11.040	0.007	10.855
504	-11.040	0.007	11.727
509	-11.040	0.007	9.709
515	-11.040	0.007	11.729
516	-11.040	0.007	12.415
157	-11.040	0.007	9.703
158	-11.040	0.007	11.714
159	-11.040	0.007	12.432
160	-11.040	0.007	9.652
161	-11.040	0.007	10.621
242	-11.040	0.007	9.685
388	-11.023	0.002	11.973
389	-11.023	0.002	7.711
390	-11.023	0.002	12.485
392	-11.023	0.002	7.736
393	-11.023	0.002	12.121
394	-11.023	0.002	12.121
395	-11.023	0.002	10.725
396	-11.023	0.002	9.851
397	-11.023	0.002	2.067
398	-11.023	0.002	7.611
399	-11.023	0.002	9.795
400	-11.023	0.002	11.167
401	-11.023	0.002	9.784
402	-11.023	0.002	7.603
403	-11.023	0.002	11.562
404	-11.023	0.002	11.563
405	-11.023	0.002	10.791
406	-11.023	0.002	9.858
407	-11.023	0.002	10.826
408	-11.023	0.002	11.192
409	-11.023	0.002	10.783
410	-11.023	0.002	10.823
411	-11.023	0.002	10.834
412	-11.023	0.002	10.598
413	-11.023	0.002	11.983
414	-11.023	0.002	10.116
415	-11.023	0.002	10.549
416	-11.023	0.002	12.074
417	-11.023	0.002	3.492
418	-11.023	0.002	5.361
419	-11.023	0.002	3.479
420	-11.023	0.002	3.491
421	-11.023	0.002	4.346
422	-11.023	0.002	6.264
423	-11.023	0.002	6.265
424	-11.023	0.002	6.265
425	-11.023	0.002	6.265
189	-11.012	0.003	6.264
190	-11.012	0.003	6.264
191	-11.012	0.003	6.056
386	-11.012	0.007	6.056
387	-11.012	0.007	5.513
383	-11.008	0.003	5.941
384	-11.008	0.003	6.374
385	-11.008	0.003	6.373
151	-11.001	0.003	6.387
152	-11.001	0.003	4.503
153	-11.001	0.003	4.444
154	-11.001	0.003	23.861
155	-11.001	0.003	23.862
156	-11.001	0.003	23.862
241	-11.001	0.003	4.450
617	-10.714	1.076	4.449
618	-10.714	1.076	4.452
619	-10.714	1.076	4.103
620	-10.714	1.076	4.379
765	-10.708	1.076	23.706
550	-10.704	1.075	23.705
551	-10.704	1.075	4.078
555	-10.704	1.075	4.078
295	-10.700	1.075	4.068
391	-10.519	1.082	4.114
192	-10.509	1.082	4.109
299	-10.507	1.083	4.106
297	-10.507	1.083	23.634
298	-10.507	1.083	23.634
300	-10.507	1.083	23.682
301	-10.507	1.083	23.682
302	-10.507	1.083	23.683
426	-10.485	1.055	1.995
427	-10.485	1.055	1.999
428	-10.485	1.055	2.008
429	-10.485	1.055	2.012
430	-10.485	1.055	2.018
431	-10.485	1.055	2.187
433	-10.485	1.055	5.610
434	-10.485	1.055	5.609
435	-10.485	1.055	6.405
436	-10.485	1.055	5.455
437	-10.485	1.055	5.475
438	-10.485	1.055	5.477
440	-10.485	1.055	23.997
450	-10.485	1.055	5.479
457	-10.485	1.055	23.997
458	-10.485	1.055	5.481
460	-10.485	1.055	23.998
461	-10.485	1.055	6.238
462	-10.485	1.055	6.339
463	-10.485	1.055	6.650
467	-10.485	1.055	6.651
468	-10.485	1.055	6.657
469	-10.485	1.055	6.651
472	-10.485	1.055	5.924
473	-10.485	1.055	5.924
206	-10.475	1.055	5.924
211	-10.475	1.055	5.922
222	-10.475	1.055	5.921
227	-10.475	1.055	6.662
231	-10.475	1.055	6.659
340	-10.473	1.056	6.235
341	-10.473	1.056	6.666
342	-10.473	1.056	6.667
343	-10.473	1.056	6.667
344	-10.473	1.056	6.666
345	-10.473	1.056	6.667
346	-10.473	1.056	6.668
347	-10.473	1.056	5.577
348	-10.473	1.056	3.113
349	-10.473	1.056	3.125
350	-10.473	1.056	25.137
351	-10.473	1.056	3.152
352	-10.473	1.056	3.157
353	-10.473	1.056	2.797
354	-10.473	1.056	2.645
355	-10.473	1.056	10.461
356	-10.473	1.056	3.166
357	-10.473	1.056	3.201
358	-10.473	1.056	10.470
359	-10.473	1.056	10.470
360	-10.473	1.056	10.470
361	-10.473	1.056	10.470
362	-10.473	1.056	2.658
363	-10.473	1.056	3.205
364	-10.473	1.056	10.459
365	-10.473	1.056	3.211
366	-10.473	1.056	2.832
367	-10.473	1.056	2.751
368	-10.473	1.056	4.740
369	-10.473	1.056	10.325
370	-10.473	1.056	4.639
371	-10.473	1.056	9.898
372	-10.473	1.056	11.420
373	-10.473	1.056	11.523
374	-10.473	1.056	9.653
375	-10.473	1.056	9.653
376	-10.473	1.056	11.499
377	-10.473	1.056	9.779
165	-10.470	1.056	11.499
167	-10.470	1.056	11.499
9	-10.468	1.056	9.827
10	-10.468	1.056	12.225
243	-10.468	1.056	11.500
244	-10.468	1.056	11.501
245	-10.468	1.056	11.501
480	-10.468	1.056	11.500
481	-10.468	1.056	11.500
483	-10.468	1.056	11.500
485	-10.468	1.056	11.496
486	-10.468	1.056	11.010
489	-10.468	1.056	11.010
491	-10.468	1.056	12.367
492	-10.468	1.056	12.368
493	-10.468	1.056	9.731
494	-10.468	1.056	10.872
495	-10.468	1.056	12.190
496	-10.468	1.056	12.630
497	-10.468	1.056	4.277
498	-10.468	1.056	12.292
501	-10.468	1.056	10.860
502	-10.468	1.056	10.861
503	-10.468	1.056	11.730
505	-10.468	1.056	9.715
506	-10.468	1.056	11.732
507	-10.468	1.056	9.503
508	-10.468	1.056	12.313
510	-10.468	1.056	11.716
511	-10.468	1.056	12.434
512	-10.468	1.056	11.709
513	-10.468	1.056	10.626
514	-10.468	1.056	9.684
517	-10.468	1.056	9.674
518	-10.468	1.056	7.718
519	-10.468	1.056	10.598
520	-10.468	1.056	7.742
187	-6.135	2.417	11.107
188	-6.135	2.417	11.107
650	-4.962	3.677	6.851
651	-4.962	3.677	6.837
652	-4.962	3.677	10.157
521	-4.959	3.676	10.097
621	-4.956	3.678	11.037
622	-4.956	3.678	10.955
623	-4.956	3.678	11.074
624	-4.956	3.678	10.066
654	-4.956	3.678	10.066
655	-4.956	3.678	10.066
656	-4.956	3.678	25.181
657	-4.956	3.678	6.844
658	-4.956	3.678	25.182
659	-4.956	3.678	10.793
660	-4.956	3.678	10.941
661	-4.956	3.678	10.789
662	-4.956	3.678	11.107
663	-4.956	3.678	11.107
664	-4.956	3.678	11.108
665	-4.956	3.678	10.706
666	-4.956	3.678	10.706
667	-4.956	3.678	11.112
668	-4.956	3.678	10.706
669	-4.956	3.678	10.702
670	-4.956	3.678	11.112
552	-4.955	3.678	11.110
578	-4.955	3.678	11.111
579	-4.955	3.678	11.120
585	-4.955	3.678	11.119
586	-4.955	3.678	11.118
587	-4.955	3.678	10.167
588	-4.955	3.678	10.752
589	-4.955	3.678	10.165
590	-4.955	3.678	10.167
591	-4.955	3.678	25.065
592	-4.955	3.678	6.480
593	-4.955	3.678	26.216
594	-4.955	3.678	6.271
595	-4.955	3.678	6.293
596	-4.955	3.678	6.381
597	-4.955	3.678	6.379
598	-4.955	3.678	6.298
599	-4.955	3.678	9.128
600	-4.955	3.678	6.283
601	-4.955	3.678	9.129
602	-4.955	3.678	9.129
603	-4.955	3.678	9.129
604	-4.955	3.678	9.129
557	-4.954	3.678	9.129
558	-4.954	3.678	6.960
559	-4.954	3.678	9.110
522	-4.952	3.678	6.253
523	-4.952	3.678	5.975
524	-4.952	3.678	5.981
525	-4.952	3.678	9.520
526	-4.952	3.678	8.826
527	-4.952	3.678	8.065
528	-4.952	3.678	9.825
529	-4.952	3.678	9.826
530	-4.952	3.678	11.930
531	-4.952	3.678	8.087
532	-4.952	3.678	7.525
533	-4.952	3.678	8.126
534	-4.952	3.678	8.126
535	-4.952	3.678	12.053
536	-4.952	3.678	8.157
537	-4.952	3.678	11.846
538	-4.952	3.678	11.846
539	-4.952	3.678	12.050
540	-4.952	3.678	12.050
634	-4.946	3.677	12.049
635	-4.946	3.677	12.049
722	-4.938	3.677	12.049
723	-4.932	3.678	12.032
728	-4.932	3.678	9.902
730	-4.932	3.678	11.806
731	-4.932	3.678	9.897
732	-4.932	3.678	11.597
733	-4.932	3.678	9.711
734	-4.932	3.678	11.128
735	-4.932	3.678	11.794
736	-4.932	3.678	11.797
737	-4.932	3.678	12.175
738	-4.932	3.678	8.350
739	-4.932	3.678	10.937
740	-4.932	3.678	10.939
741	-4.932	3.678	11.118
742	-4.932	3.678	11.342
743	-4.932	3.678	12.133
744	-4.932	3.678	11.586
745	-4.932	3.678	11.245
746	-4.932	3.678	11.590
747	-4.932	3.678	11.319
748	-4.932	3.678	11.146
749	-4.932	3.678	11.751
750	-4.932	3.678	11.724
751	-4.932	3.678	8.394
755	-4.932	3.678	8.294
756	-4.932	3.678	11.219
757	-4.932	3.678	11.622
758	-4.932	3.678	11.747
759	-4.932	3.678	11.736
760	-4.932	3.678	11.209
761	-4.932	3.678	11.138
762	-4.932	3.678	10.852
763	-4.932	3.678	6.174
764	-4.932	3.678	10.821
647	-4.772	2.830	10.752
646	-4.772	2.830	11.029
648	-4.772	2.830	6.035
605	-4.771	2.830	5.361
606	-4.771	2.830	6.381
607	-4.771	2.830	6.296
608	-4.771	2.830	6.272
609	-4.771	2.830	3.039
610	-4.771	2.830	10.830
611	-4.771	2.830	10.825
541	-4.771	2.830	10.825
542	-4.771	2.830	10.824
543	-4.771	2.830	10.824
544	-4.771	2.830	10.687
246	-4.759	2.826	10.687
247	-4.759	2.826	10.885
248	-4.759	2.826	10.732
249	-4.759	2.826	10.960
250	-4.759	2.826	10.959
251	-4.759	2.826	10.810
252	-4.759	2.826	9.214
253	-4.759	2.826	9.210
254	-4.759	2.826	24.902
255	-4.759	2.826	24.902
256	-4.759	2.826	9.212
257	-4.759	2.826	9.217
258	-4.759	2.826	9.554
259	-4.759	2.826	9.557
260	-4.759	2.826	11.330
261	-4.759	2.826	8.842
262	-4.759	2.826	8.804
263	-4.759	2.826	24.800
264	-4.759	2.826	24.799
265	-4.759	2.826	24.800
266	-4.759	2.826	9.050
267	-4.759	2.826	9.051
268	-4.759	2.826	9.019
269	-4.759	2.826	9.063
270	-4.759	2.826	9.021
271	-4.759	2.826	24.804
272	-4.759	2.826	9.027
273	-4.759	2.826	24.853
274	-4.759	2.826	9.052
275	-4.759	2.826	9.031
276	-4.759	2.826	6.706
277	-4.759	2.826	6.717
278	-4.759	2.826	6.729
279	-4.759	2.826	6.851
280	-4.759	2.826	6.834
281	-4.759	2.826	6.940
282	-4.759	2.826	10.343
283	-4.759	2.826	11.038
284	-4.759	2.826	9.129
285	-4.759	2.826	11.075
286	-4.759	2.826	10.067
287	-4.759	2.826	25.181
288	-4.759	2.826	10.066
289	-4.759	2.826	25.181
290	-4.759	2.826	25.181
291	-4.759	2.826	25.182
292	-4.759	2.826	10.617
293	-4.759	2.826	10.942
294	-4.759	2.826	10.790
672	-4.635	1.077	11.112
673	-4.635	1.077	10.706
674	-4.635	1.077	10.703
675	-4.635	1.077	10.704
676	-4.635	1.077	11.110
677	-4.635	1.077	11.116
678	-4.635	1.077	11.113
679	-4.635	1.077	11.120
680	-4.635	1.077	11.118
681	-4.635	1.077	10.167
682	-4.635	1.077	10.752
683	-4.635	1.077	11.117
684	-4.635	1.077	10.166
685	-4.635	1.077	25.065
686	-4.635	1.077	6.480
687	-4.635	1.077	26.216
688	-4.635	1.077	6.271
689	-4.635	1.077	6.795
690	-4.635	1.077	6.792
691	-4.635	1.077	6.974
692	-4.635	1.077	25.101
693	-4.635	1.077	9.129
694	-4.635	1.077	6.982
695	-4.635	1.077	9.130
696	-4.635	1.077	9.130
697	-4.635	1.077	9.130
698	-4.635	1.077	9.130
699	-4.635	1.077	9.130
700	-4.635	1.077	6.960
701	-4.635	1.077	6.790
702	-4.635	1.077	6.839
703	-4.635	1.077	6.821
704	-4.635	1.077	5.975
705	-4.635	1.077	5.982
706	-4.635	1.077	6.031
707	-4.635	1.077	8.827
708	-4.635	1.077	8.066
709	-4.635	1.077	9.826
710	-4.635	1.077	9.826
711	-4.635	1.077	11.930
712	-4.635	1.077	8.088
713	-4.635	1.077	8.088
714	-4.635	1.077	8.132
715	-4.635	1.077	8.127
716	-4.635	1.077	12.053
717	-4.635	1.077	8.158
718	-4.627	1.078	8.158
719	-4.627	1.078	12.041
720	-4.627	1.078	12.050
721	-4.627	1.078	12.050
653	-4.622	1.078	12.049
671	-4.622	1.078	12.049
649	-4.621	1.078	12.049
560	-4.620	1.078	12.049
561	-4.620	1.078	9.903
562	-4.620	1.078	11.807
563	-4.620	1.078	9.897
564	-4.620	1.078	11.613
565	-4.620	1.078	9.712
566	-4.620	1.078	11.129
567	-4.620	1.078	11.795
568	-4.620	1.078	11.798
569	-4.620	1.078	12.175
570	-4.620	1.078	7.389
571	-4.620	1.078	10.938
572	-4.620	1.078	10.940
573	-4.620	1.078	11.118
574	-4.620	1.078	11.342
575	-4.620	1.078	12.134
576	-4.620	1.078	11.586
577	-4.620	1.078	11.585
581	-4.620	1.078	11.591
582	-4.620	1.078	11.319
583	-4.620	1.078	8.369
584	-4.620	1.078	11.751
442	-4.619	1.078	11.242
443	-4.619	1.078	8.395
444	-4.619	1.078	11.610
445	-4.619	1.078	11.219
446	-4.619	1.078	11.622
447	-4.619	1.078	2.430
448	-4.619	1.078	11.737
729	-4.416	2.838	11.209
474	-4.415	2.832	6.305
475	-4.415	2.832	10.852
476	-4.415	2.832	6.174
477	-4.415	2.832	10.822
478	-4.415	2.832	11.425
479	-4.401	2.834	11.226
612	-3.375	2.831	10.353
625	-3.374	2.832	10.959
626	-3.374	2.831	10.959
627	-3.374	2.831	10.882
628	-3.374	2.831	10.809
629	-3.374	2.832	9.209
630	-3.374	2.831	24.902
631	-3.374	2.831	24.902
632	-3.374	2.832	9.554
633	-3.374	2.831	9.216
636	-3.374	2.831	24.894
637	-3.374	2.832	9.557
638	-3.374	2.831	11.330
639	-3.374	2.832	8.841
640	-3.374	2.832	8.804
641	-3.374	2.832	24.800
642	-3.374	2.832	24.799
643	-3.374	2.832	24.800
644	-3.374	2.831	9.043
645	-3.374	2.831	9.043
752	-3.372	2.833	9.060
753	-3.372	2.833	8.831
754	-3.372	2.833	9.065
