916	-11.597	0.000	20.486
858	-11.439	0.008	23.308
851	-11.439	0.008	23.308
936	-11.426	0.007	23.310
806	-11.421	0.007	23.310
886	-11.421	0.007	23.310
899	-11.421	0.007	23.310
771	-11.421	0.007	23.310
861	-11.421	0.007	23.310
972	-11.392	0.008	23.310
526	-11.390	0.008	23.310
545	-11.390	0.008	23.310
562	-11.333	0.010	23.310
700	-11.323	0.015	23.310
669	-11.307	0.017	23.141
610	-11.304	0.017	23.625
715	-11.222	0.019	21.961
605	-11.220	0.019	21.961
576	-11.219	0.019	21.961
986	-10.877	2.237	21.698
677	-10.416	0.308	29.176
906	-9.947	2.234	15.008
817	-9.733	0.926	19.138
966	-9.701	0.988	19.090
939	-9.653	2.246	20.005
598	-9.571	1.097	23.296
780	-9.502	2.249	23.310
804	-9.502	2.248	23.310
807	-9.502	2.249	23.310
943	-9.501	2.248	23.310
736	-9.501	2.249	23.308
640	-9.332	1.280	21.961
755	-9.253	2.244	0.000
890	-9.147	2.393	19.090
629	-9.128	1.487	20.010
698	-9.073	1.513	23.310
712	-8.988	2.242	23.307
575	-8.987	2.242	23.307
513	-8.975	1.605	23.308
974	-8.622	3.206	21.961
960	-8.599	3.239	21.961
738	-8.598	1.507	21.961
856	-8.584	3.207	21.961
770	-8.489	2.441	21.698
897	-8.481	2.441	21.698
757	-8.481	2.441	21.698
849	-8.480	2.441	21.698
914	-8.474	2.441	0.053
988	-8.428	2.415	0.047
840	-8.409	1.896	0.953
716	-8.402	2.455	0.953
626	-8.383	2.456	0.953
811	-8.351	2.436	0.954
657	-8.305	1.721	0.954
646	-8.285	1.976	0.809
739	-8.266	2.439	29.176
824	-8.265	2.439	29.176
524	-8.256	2.439	29.176
718	-8.238	1.983	29.176
893	-8.233	2.555	15.015
950	-8.232	2.549	15.015
901	-8.231	2.510	15.015
982	-8.225	1.995	15.015
762	-8.215	2.441	15.021
581	-8.215	2.452	15.009
603	-8.215	2.452	15.008
749	-8.214	2.441	15.009
765	-8.157	2.562	19.122
673	-8.155	2.453	19.122
894	-8.155	2.558	19.138
812	-8.155	2.564	19.138
816	-8.154	2.569	19.138
879	-8.152	2.521	19.138
882	-8.137	2.096	19.090
589	-8.130	2.455	20.007
593	-8.130	2.456	20.007
631	-8.130	2.456	20.007
559	-8.128	2.046	20.006
674	-8.104	2.454	20.486
872	-8.085	3.448	22.827
1000	-8.082	3.448	22.827
976	-8.057	3.904	20.740
922	-8.054	3.904	20.741
557	-8.053	2.576	23.304
892	-8.052	3.904	23.308
759	-8.051	3.905	23.308
587	-8.043	2.589	23.310
898	-8.031	2.594	23.307
787	-8.030	2.591	23.307
980	-8.030	2.586	23.307
940	-8.030	2.587	23.149
949	-8.022	2.609	21.961
543	-8.005	2.519	21.961
996	-7.997	2.131	21.961
820	-7.979	2.071	21.961
655	-7.970	2.594	21.955
704	-7.970	2.590	21.955
553	-7.966	2.591	21.955
909	-7.946	3.488	21.954
957	-7.908	3.500	21.699
767	-7.900	3.887	21.698
619	-7.878	2.581	0.810
956	-7.873	3.960	0.809
942	-7.840	3.935	29.176
860	-7.814	3.341	15.015
867	-7.813	3.940	15.015
905	-7.787	2.947	15.021
590	-7.778	2.442	15.009
635	-7.590	2.397	19.090
854	-7.420	3.341	23.310
725	-7.327	3.386	23.310
997	-7.323	3.880	23.310
789	-7.077	3.930	21.961
826	-7.041	3.930	21.699
756	-7.041	3.933	21.698
776	-7.041	3.934	21.698
935	-7.033	3.910	0.958
726	-7.024	3.917	0.953
678	-6.988	3.269	15.021
