168	-7.071	0.000	21.961
248	-7.062	0.001	21.955
232	-7.024	0.023	0.954
214	-7.023	0.023	0.810
266	-7.022	0.023	29.176
133	-7.021	0.023	29.176
428	-7.019	0.023	29.176
257	-7.018	0.023	29.176
420	-7.018	0.023	29.176
318	-7.018	0.023	29.176
319	-7.018	0.023	29.176
344	-7.018	0.023	29.176
351	-7.017	0.023	15.015
315	-7.015	0.023	15.015
244	-7.003	0.022	15.015
118	-6.942	0.005	15.009
108	-6.789	2.345	23.310
85	-6.788	2.335	23.310
459	-6.758	0.048	21.964
371	-6.650	2.475	21.701
267	-6.611	0.566	0.059
338	-6.608	0.550	0.991
276	-6.607	0.558	0.963
335	-6.607	0.556	0.959
331	-6.607	0.553	0.959
389	-6.606	0.554	0.958
452	-6.606	0.552	0.958
223	-6.538	0.027	15.009
228	-6.538	0.027	15.009
134	-6.538	0.027	15.009
142	-6.537	0.027	15.009
152	-6.537	0.027	15.023
154	-6.537	0.027	15.023
234	-6.537	0.027	15.023
378	-6.532	0.027	15.023
288	-6.530	0.027	15.023
151	-6.422	0.904	19.141
504	-6.394	0.019	20.010
177	-6.392	2.319	20.010
202	-6.392	2.349	20.010
381	-6.392	0.019	20.010
172	-6.391	2.342	20.010
149	-6.391	2.312	20.010
476	-6.391	0.019	20.009
415	-6.390	0.019	20.009
478	-6.390	0.019	20.009
454	-6.390	0.018	20.393
306	-6.387	2.332	20.393
484	-6.375	0.019	20.488
505	-6.304	0.842	20.743
299	-6.276	2.490	23.313
281	-6.274	2.479	23.315
436	-6.222	1.371	23.315
497	-6.221	1.371	23.315
456	-6.220	1.371	23.313
437	-6.190	0.853	23.315
384	-6.126	2.408	21.964
425	-6.125	2.390	21.964
419	-6.125	2.417	21.964
472	-6.088	0.569	21.964
321	-5.143	2.482	19.094
372	-5.009	3.489	20.010
298	-4.993	3.500	20.009
296	-4.993	3.499	20.009
434	-4.992	3.499	20.009
470	-4.940	3.513	20.009
307	-4.853	3.843	20.489
