1472	-5.499	0.000	15.004
1618	-5.498	0.001	15.004
1620	-5.498	0.001	15.004
1621	-5.498	0.001	15.004
1522	-5.498	0.000	15.004
1493	-5.497	0.001	15.004
1538	-5.497	0.001	15.009
1488	-5.496	0.001	15.009
1507	-5.494	0.001	15.009
1604	-5.493	0.002	15.016
1479	-5.466	0.007	15.023
1622	-5.466	0.008	15.023
1543	-5.464	0.008	15.023
1670	-5.464	0.007	15.023
1615	-5.460	0.007	15.023
1617	-5.423	2.705	19.125
1645	-5.403	0.041	19.125
1655	-5.374	0.038	19.141
1638	-5.303	0.030	19.141
1471	-5.092	2.211	19.094
1500	-5.090	2.211	19.094
1497	-5.089	2.211	19.094
1548	-5.088	2.199	20.010
1523	-5.088	2.953	20.010
1639	-5.080	0.108	20.010
1590	-5.069	2.199	20.010
1581	-4.909	3.007	20.488
1498	-4.870	2.197	20.489
1650	-4.864	2.247	20.489
1658	-4.787	2.233	20.489
1667	-4.761	0.083	22.830
1685	-4.719	0.117	22.830
1477	-4.693	2.218	22.830
1478	-4.693	2.218	22.830
1485	-4.693	2.218	22.830
1564	-4.425	2.627	22.831
