1386	-12.726	0.000	0.000
1159	-12.720	0.000	26.667
1207	-12.341	0.012	25.317
1136	-12.334	0.013	25.313
1183	-12.332	0.013	25.313
1187	-12.332	0.013	25.295
1310	-12.226	0.018	25.303
1208	-12.222	0.018	25.366
1138	-12.215	0.018	3.030
1156	-12.215	0.018	25.269
1192	-12.213	0.018	23.803
1171	-12.212	0.018	23.787
1301	-11.681	0.093	22.544
1437	-11.667	1.525	22.543
1279	-11.636	1.525	29.285
1283	-11.635	1.525	3.050
1176	-11.628	1.525	24.773
1254	-11.573	0.082	24.510
1232	-11.569	0.082	24.510
1268	-11.566	0.083	3.449
1259	-11.560	0.083	3.079
1146	-11.557	0.083	22.612
1126	-11.548	0.119	22.605
1133	-11.544	0.119	26.216
1260	-11.504	0.024	25.568
1284	-11.504	0.024	24.701
1378	-11.504	0.024	24.714
1346	-11.504	0.024	24.720
1217	-11.500	0.024	31.676
1237	-11.500	0.024	31.676
1224	-11.499	0.024	24.880
1160	-11.494	0.024	25.933
1149	-11.494	0.024	25.870
1150	-11.494	0.024	24.722
1157	-11.493	0.024	23.305
1293	-11.336	0.059	31.667
1370	-11.319	1.550	29.211
1368	-11.319	1.550	26.951
1236	-11.318	1.550	29.362
1148	-11.317	1.550	23.007
1168	-11.315	1.553	24.985
1178	-11.254	1.103	26.658
1127	-11.250	0.120	23.026
1163	-11.248	0.120	25.549
1122	-11.149	0.125	25.712
1250	-10.974	1.556	29.670
1395	-10.728	1.658	31.259
1422	-10.662	1.659	30.858
1129	-10.649	0.163	30.856
1166	-10.648	0.164	30.860
1204	-10.570	1.096	30.864
1180	-10.557	1.878	25.457
1141	-10.556	1.879	25.097
1228	-10.545	1.880	31.399
1123	-10.532	0.114	30.774
1481	-10.273	1.825	31.044
1143	-10.072	1.397	24.901
1184	-10.071	1.397	23.505
1117	-10.019	2.946	25.167
1443	-10.006	2.945	24.376
1280	-10.001	2.947	25.513
1388	-10.000	2.947	24.981
1288	-10.000	2.947	24.985
1211	-9.999	2.947	24.986
1238	-9.998	2.947	24.983
1177	-9.997	2.947	25.818
1298	-9.997	2.947	25.808
1305	-9.993	2.947	25.807
1269	-9.932	2.753	25.808
1440	-9.926	2.749	25.806
1140	-9.907	1.103	26.182
1121	-9.867	1.479	26.182
1124	-9.867	1.479	24.728
1105	-9.857	1.480	26.036
1106	-9.857	1.480	26.184
1108	-9.857	1.480	24.729
1110	-9.857	1.480	25.875
1111	-9.857	1.480	25.871
1112	-9.857	1.480	25.870
1113	-9.857	1.480	25.870
1165	-9.784	2.945	25.153
1453	-9.776	2.753	24.978
1186	-9.766	2.946	25.152
1151	-9.764	2.946	24.903
1478	-9.761	0.868	24.982
1377	-9.746	0.861	24.955
1289	-9.744	0.862	24.985
1316	-9.739	0.862	25.145
1373	-9.738	0.863	0.017
1263	-9.737	0.863	1.322
1107	-9.700	1.111	26.838
1287	-9.696	0.877	26.788
1164	-9.680	1.522	0.000
1415	-9.532	0.923	26.185
1104	-9.526	1.519	22.544
1426	-9.463	2.841	22.545
1450	-9.461	2.842	22.544
1457	-9.452	1.689	22.545
1463	-9.452	1.689	24.627
1505	-9.452	1.689	22.552
1476	-9.451	1.689	25.884
1511	-9.451	1.689	26.220
1318	-9.451	2.844	29.288
1430	-9.445	1.689	24.772
1434	-9.445	1.689	24.523
1315	-9.444	2.844	24.510
1449	-9.443	2.839	24.786
1487	-9.441	2.840	3.449
1256	-9.434	2.841	22.600
1294	-9.433	2.841	25.358
1355	-9.431	2.841	25.606
1297	-9.430	2.841	25.632
1306	-9.426	2.841	24.380
1271	-9.403	1.689	26.368
1144	-9.399	1.689	26.428
1343	-9.272	1.720	31.660
1382	-9.257	1.713	31.433
1131	-9.227	1.731	25.002
1203	-9.185	1.727	25.023
1423	-9.156	1.704	24.885
1145	-9.125	1.724	25.026
1413	-9.116	1.702	25.028
1401	-9.116	2.839	31.429
1461	-9.098	2.844	31.679
1488	-9.096	2.844	25.027
1249	-9.089	2.845	25.138
1390	-9.088	2.845	23.727
1357	-8.964	1.698	31.864
1258	-8.963	1.697	31.863
1330	-8.962	1.698	29.213
1366	-8.962	1.698	26.253
1311	-8.953	1.697	26.983
1225	-8.952	1.697	29.218
1341	-8.946	1.696	23.031
1229	-8.944	1.697	25.662
1424	-8.936	1.725	29.065
1420	-8.904	1.817	23.015
1323	-8.755	1.735	26.107
1308	-8.655	1.746	28.766
1356	-8.540	2.786	23.419
1135	-8.387	1.948	25.479
1472	-8.253	2.769	24.902
1504	-8.252	2.769	24.880
1272	-8.244	2.774	24.926
1240	-8.240	2.773	24.316
1340	-8.240	2.775	24.487
1353	-8.239	2.775	25.000
1363	-8.239	2.775	24.984
1221	-8.237	2.774	24.985
1125	-8.236	3.303	24.984
1116	-8.235	3.303	24.980
1128	-8.235	3.303	25.808
1119	-8.235	3.303	25.807
1130	-8.234	3.303	25.807
1350	-8.225	3.309	25.807
1332	-8.223	3.309	26.182
1274	-8.223	3.309	24.728
1317	-8.222	3.309	24.728
1139	-8.220	3.308	24.729
1216	-8.220	3.308	26.183
1251	-8.220	3.308	25.875
1247	-8.219	3.308	25.871
1194	-8.218	3.308	25.870
1195	-8.218	3.308	26.606
1336	-8.115	2.790	25.355
1199	-8.112	2.789	25.333
1345	-8.112	2.791	25.366
1196	-8.111	2.790	3.030
1197	-8.111	2.790	25.343
1205	-8.111	2.790	23.761
1206	-8.111	2.790	23.800
1213	-8.111	2.789	26.572
1243	-8.110	2.789	22.534
1181	-8.110	2.790	22.528
1142	-8.109	2.790	25.918
1190	-8.109	2.789	3.421
1188	-8.109	2.790	2.308
1132	-8.091	3.326	24.627
1118	-8.091	3.326	2.839
1154	-8.073	3.331	29.284
1418	-8.072	2.868	29.284
1406	-8.070	2.867	24.510
1120	-7.996	2.877	25.870
1103	-7.939	2.819	31.865
1467	-7.939	2.805	26.410
1492	-7.938	2.806	31.667
1367	-7.928	2.811	26.886
1344	-7.926	2.812	29.074
1348	-7.924	2.778	29.064
1376	-7.900	2.794	31.662
1369	-7.855	3.143	31.486
1319	-7.853	3.144	25.225
1391	-7.853	3.143	29.674
1417	-7.850	0.926	29.682
1510	-7.794	2.987	31.654
1349	-7.784	3.110	30.856
1324	-7.784	3.110	30.859
1270	-7.784	3.110	30.574
1400	-7.779	3.101	30.574
1352	-7.777	3.113	30.952
1489	-7.753	3.041	30.447
635	-7.733	2.744	23.632
1517	-7.615	3.091	25.806
1495	-7.602	3.100	25.712
1515	-7.513	3.090	0.000
1512	-7.435	3.100	2.308
1209	-7.235	2.370	30.380
1245	-7.234	2.370	31.055
1299	-7.234	2.370	31.109
1292	-7.232	2.370	31.411
1518	-7.230	2.933	31.295
1265	-7.219	2.356	31.260
1286	-7.197	2.355	30.858
1172	-7.195	2.355	30.574
1385	-7.122	2.374	30.369
1179	-7.119	2.374	25.491
1155	-7.119	2.374	30.598
1161	-7.119	2.374	31.150
1215	-7.119	2.374	31.046
1174	-7.118	2.374	23.588
1175	-7.118	2.374	23.602
1185	-7.118	2.374	30.453
1152	-7.117	2.374	30.566
1212	-6.986	2.365	24.729
1446	-6.961	2.378	24.982
1115	-6.805	2.385	25.917
1109	-6.805	2.385	3.421
1202	-6.607	2.424	3.473
1210	-6.568	2.912	24.709
1399	-6.496	2.990	25.854
1469	-6.184	2.072	25.036
1255	-6.149	2.081	25.069
1334	-6.149	2.081	31.429
1198	-5.171	1.624	22.552
1460	-5.100	3.033	24.873
1520	-5.099	3.033	31.676
1456	-5.088	2.976	24.880
1490	-5.087	2.976	31.669
1485	-5.085	2.976	25.871
1451	-4.899	3.032	31.277
1466	-4.892	2.720	23.630
1479	-4.796	2.494	23.588
1491	-4.794	2.493	23.602
1328	-4.687	2.897	24.967
1623	-4.667	2.235	25.806
1589	-4.659	2.236	25.807
1392	-4.625	2.711	25.807
1644	-4.620	2.245	25.808
1448	-4.592	2.747	24.729
1431	-4.591	2.747	25.875
1300	-4.559	2.975	24.984
1646	-4.456	2.780	25.343
1657	-4.443	2.771	25.326
1458	-4.336	3.272	22.545
1509	-4.335	3.271	2.183
1285	-3.693	3.866	25.029
1290	-3.693	3.866	25.008
1393	-3.693	3.865	25.067
1435	-3.661	3.588	24.884
1508	-3.660	3.588	31.429
