409	-30.254	0.000	0.000
462	-30.207	0.002	3.863
542	-29.884	0.006	3.864
232	-29.760	0.067	3.863
212	-29.592	0.064	3.864
175	-29.542	0.072	3.188
143	-29.528	0.073	3.188
144	-29.528	0.073	3.189
160	-29.527	0.073	3.189
44	-29.493	0.073	3.508
46	-29.493	0.073	2.660
51	-29.493	0.073	3.157
239	-29.464	0.072	3.167
5	-29.444	0.073	3.518
13	-29.444	0.073	2.660
15	-29.444	0.073	2.655
18	-29.444	0.073	1.616
19	-29.444	0.073	1.616
20	-29.444	0.073	1.616
328	-29.338	0.058	3.972
439	-29.337	0.058	3.973
449	-29.334	0.058	3.975
458	-29.286	0.058	3.058
484	-29.286	0.057	3.973
319	-29.285	0.059	3.056
344	-29.279	0.059	3.057
226	-29.236	1.449	3.057
218	-29.176	0.060	3.970
228	-29.176	0.060	3.968
583	-29.156	0.059	3.965
191	-29.130	0.067	26.948
180	-29.125	0.067	0.011
142	-29.111	0.067	2.438
154	-29.111	0.067	26.831
100	-29.082	0.067	26.831
281	-29.070	0.067	26.831
284	-29.070	0.067	3.312
267	-29.066	0.067	3.297
62	-29.062	0.068	3.294
25	-29.014	0.067	3.292
147	-28.954	0.058	3.296
157	-28.953	0.058	3.312
537	-28.951	0.056	3.320
278	-28.916	0.058	3.302
265	-28.912	0.058	3.316
271	-28.880	1.449	3.301
289	-28.880	1.449	3.302
230	-28.831	1.448	3.295
201	-28.340	1.448	26.328
159	-28.322	1.448	4.252
103	-28.305	1.448	4.201
108	-28.305	1.448	3.437
109	-28.305	1.448	7.128
111	-28.305	1.448	7.134
220	-28.291	1.449	2.392
412	-28.280	1.449	3.534
211	-28.277	1.449	26.522
320	-28.245	1.449	7.135
436	-28.244	1.449	7.114
6	-28.237	1.448	7.127
482	-28.228	1.449	14.162
294	-28.220	1.449	7.130
258	-28.045	1.448	7.150
221	-27.885	1.448	27.842
418	-27.834	1.166	15.434
200	-27.800	1.448	14.907
184	-27.796	1.448	3.139
166	-27.783	1.448	14.013
114	-27.745	1.448	14.012
254	-27.738	1.448	27.626
453	-27.575	1.549	27.906
173	-27.513	1.167	7.694
285	-27.466	1.166	3.572
74	-27.464	1.168	11.946
123	-27.464	1.168	15.973
84	-27.463	1.167	15.416
345	-27.301	1.551	3.734
77	-27.206	1.553	15.957
80	-27.206	1.553	12.060
121	-27.206	1.553	3.771
110	-27.206	1.553	14.192
96	-27.206	1.553	11.867
56	-27.191	1.553	14.216
219	-27.165	1.550	13.380
445	-27.157	1.550	15.012
340	-27.156	1.550	4.204
305	-27.149	1.550	4.376
337	-27.138	1.549	4.381
177	-26.904	1.120	4.391
137	-26.888	1.119	4.191
148	-26.886	1.119	4.372
34	-26.818	1.121	4.380
2	-26.813	1.121	4.379
8	-26.813	1.121	11.993
327	-26.748	1.143	4.374
346	-26.748	1.143	4.368
339	-26.743	1.143	4.369
307	-26.732	1.143	14.809
390	-26.710	1.456	5.402
428	-26.705	1.143	10.982
434	-26.701	1.143	12.556
463	-26.699	1.143	16.110
431	-26.694	1.143	10.986
295	-26.677	1.143	16.127
298	-26.677	1.143	7.096
403	-26.624	0.129	14.751
367	-26.589	0.129	13.781
192	-26.484	1.136	14.742
202	-26.484	1.136	14.745
145	-26.411	1.143	13.620
152	-26.411	1.143	7.088
41	-26.401	1.138	13.816
251	-26.382	1.144	6.436
283	-26.382	1.144	10.942
73	-26.380	1.146	10.942
466	-26.366	1.138	14.194
242	-26.350	1.146	14.866
227	-26.200	1.985	3.223
222	-26.199	1.985	4.315
446	-26.187	1.985	3.231
448	-26.187	1.985	10.909
410	-26.186	1.985	14.742
306	-26.183	1.985	9.125
314	-26.178	1.985	9.102
332	-26.176	1.985	6.481
454	-26.162	1.985	6.526
334	-26.159	1.985	7.275
335	-26.159	1.985	7.191
480	-26.159	1.985	6.472
442	-26.158	1.985	11.864
324	-26.157	1.985	13.325
426	-26.157	1.985	5.298
435	-26.154	1.985	7.148
430	-26.149	1.985	12.252
300	-26.132	1.984	12.819
302	-26.132	1.984	12.822
491	-26.130	1.985	7.157
322	-26.032	1.986	12.557
255	-25.963	1.959	9.389
179	-25.930	1.985	4.828
131	-25.927	1.985	13.239
196	-25.926	1.985	12.117
187	-25.925	1.985	12.118
203	-25.924	1.985	5.723
183	-25.917	1.985	11.243
135	-25.914	1.985	12.129
138	-25.911	1.985	12.130
125	-25.910	1.985	6.566
155	-25.907	1.985	6.366
150	-25.907	1.985	4.979
292	-25.896	1.985	7.100
90	-25.889	1.986	6.553
275	-25.880	1.985	5.414
288	-25.879	1.985	12.660
252	-25.876	1.985	11.766
169	-25.763	1.976	11.772
172	-25.763	1.976	7.160
174	-25.763	1.976	5.150
182	-25.763	1.976	13.835
189	-25.763	1.976	11.174
133	-25.757	1.976	7.243
566	-25.748	1.977	11.372
272	-25.726	1.976	7.763
277	-25.726	1.976	7.752
282	-25.725	1.976	7.220
48	-25.724	1.977	7.206
245	-25.721	1.976	7.716
42	-25.713	1.977	7.742
241	-25.696	1.977	7.685
235	-25.686	1.976	10.771
297	-25.672	2.022	8.190
215	-25.495	1.119	10.122
279	-25.420	2.024	9.518
205	-25.245	1.850	10.125
231	-24.860	1.820	8.650
348	-24.843	1.918	3.861
105	-24.812	1.851	3.863
329	-24.800	1.394	3.864
440	-24.798	1.394	3.864
423	-24.797	1.394	3.187
66	-24.796	1.852	3.188
411	-24.794	1.394	3.188
502	-24.769	1.394	3.188
209	-24.730	1.851	3.189
543	-24.553	1.394	2.667
567	-24.547	1.394	3.156
474	-24.545	1.394	3.156
276	-24.523	1.394	3.166
270	-24.518	1.394	2.666
467	-24.455	1.394	3.154
362	-24.438	1.923	1.621
259	-24.426	1.852	1.617
136	-24.365	1.823	1.617
156	-24.362	1.823	0.390
122	-24.345	1.823	3.971
95	-24.344	1.823	3.970
89	-24.344	1.823	3.057
72	-24.339	1.823	3.972
223	-24.332	1.440	3.055
47	-24.330	1.823	3.055
58	-24.330	1.823	3.054
59	-24.330	1.823	3.054
61	-24.330	1.823	3.055
69	-24.329	1.823	3.052
37	-24.313	1.823	3.962
315	-24.309	1.441	26.956
237	-24.306	1.823	0.011
28	-24.293	1.823	0.017
31	-24.289	1.823	26.839
12	-24.288	1.823	26.839
14	-24.288	1.823	26.960
16	-24.288	1.823	3.317
301	-24.266	1.441	3.298
45	-24.178	1.838	3.303
32	-24.141	1.838	3.288
274	-24.008	1.441	3.302
280	-23.898	1.438	3.294
75	-23.892	1.439	3.292
118	-23.855	1.825	3.314
63	-23.840	1.825	3.315
21	-23.803	1.825	27.404
188	-23.122	1.369	3.292
126	-23.109	1.369	25.928
146	-23.108	1.369	4.254
240	-23.049	1.369	4.256
438	-22.888	1.953	3.443
420	-22.887	1.953	3.455
421	-22.887	1.953	7.134
308	-22.883	1.953	2.389
465	-22.870	1.953	2.391
206	-22.864	1.953	7.121
323	-22.860	1.953	26.341
217	-22.859	1.953	7.135
425	-22.859	1.953	7.136
299	-22.838	1.953	7.129
615	-22.837	1.953	14.164
224	-22.774	1.955	7.135
208	-22.756	1.955	27.847
170	-22.635	1.952	15.441
153	-22.628	1.952	15.436
99	-22.623	1.953	14.022
266	-22.604	1.952	14.174
64	-22.597	1.953	14.015
176	-22.539	1.951	14.921
158	-22.529	1.951	27.633
545	-22.525	1.950	7.461
287	-22.508	1.951	3.589
264	-22.506	1.950	3.544
124	-22.506	1.954	3.525
269	-22.505	1.951	11.883
161	-22.504	1.954	11.896
261	-22.488	1.954	13.340
229	-22.313	1.983	14.194
233	-22.313	1.983	11.851
104	-22.021	1.983	14.194
190	-21.959	1.979	15.961
234	-21.882	1.980	11.865
347	-21.236	2.294	3.962
402	-21.226	2.294	12.023
178	-21.223	3.859	4.184
70	-21.222	3.958	12.023
394	-21.219	2.294	4.192
364	-21.205	2.295	4.382
113	-21.205	3.859	4.189
117	-21.205	3.859	4.386
54	-21.152	3.858	4.277
515	-21.008	3.964	15.950
594	-21.003	3.963	5.447
22	-21.002	3.852	4.323
27	-21.002	3.852	12.572
552	-20.894	3.924	14.763
130	-20.871	3.924	4.363
141	-20.870	3.924	13.602
165	-20.869	3.924	14.122
94	-20.857	3.923	6.420
119	-20.856	3.923	13.567
558	-20.723	3.921	14.174
168	-20.689	3.917	14.865
520	-20.671	3.925	7.088
595	-20.668	3.925	7.088
546	-20.665	3.925	6.555
553	-20.665	3.925	14.123
557	-20.664	3.925	10.942
524	-20.612	3.916	3.412
171	-20.609	2.358	14.839
563	-20.606	3.916	15.535
57	-20.525	3.909	14.806
599	-20.513	3.913	3.174
151	-20.273	2.358	13.314
338	-20.098	2.360	12.267
140	-19.563	3.607	7.155
325	-19.127	3.759	14.174
116	-18.559	3.591	12.116
82	-18.553	3.591	11.242
10	-18.472	3.247	12.125
290	-18.427	3.587	3.174
181	-18.278	3.256	5.198
134	-18.272	3.256	13.369
127	-18.272	3.256	12.434
120	-18.266	3.255	12.814
88	-18.262	3.255	12.814
93	-18.262	3.255	7.157
97	-18.262	3.255	13.825
76	-18.261	3.255	5.802
79	-18.261	3.255	5.147
60	-18.233	3.255	12.825
33	-18.167	3.252	11.172
17	-18.166	3.252	7.372
471	-18.153	2.447	6.615
132	-18.106	3.698	5.683
50	-18.055	3.697	7.753
38	-17.974	3.694	7.206
65	-17.926	3.644	15.607
85	-17.924	3.652	7.705
92	-17.921	3.652	5.789
87	-17.854	3.656	10.770
518	-17.755	3.648	11.177
101	-17.714	3.647	24.999
246	-17.640	1.978	24.985
128	-17.496	3.768	26.182
139	-17.492	3.768	24.728
98	-17.482	3.768	26.034
71	-17.477	3.768	26.184
525	-17.304	3.766	25.871
473	-17.232	2.592	25.871
496	-17.193	3.679	25.871
539	-17.182	3.762	26.606
311	-17.063	3.662	25.152
498	-16.986	3.662	25.148
291	-16.986	3.757	24.981
395	-16.980	3.657	25.147
481	-16.958	3.661	25.146
115	-16.946	3.040	24.982
513	-16.873	3.660	25.146
7	-16.872	3.037	25.145
9	-16.872	3.037	25.144
451	-16.872	3.660	1.322
633	-16.871	3.660	26.788
495	-16.812	3.250	25.309
634	-16.805	3.659	25.310
647	-16.804	3.659	25.317
399	-16.703	2.348	25.313
404	-16.687	2.349	25.295
185	-16.682	3.653	25.283
391	-16.682	2.349	25.337
24	-16.659	3.655	25.366
35	-16.652	3.655	3.030
30	-16.649	3.655	1.210
1614	-16.629	3.655	23.800
384	-16.601	2.348	23.785
371	-16.592	2.348	26.572
392	-16.591	2.348	22.533
387	-16.586	2.348	22.528
356	-16.582	2.349	25.910
397	-16.578	2.399	3.421
382	-16.563	2.377	2.308
383	-16.563	2.377	22.544
380	-16.562	2.377	22.551
408	-16.562	2.377	22.544
405	-16.559	2.377	22.543
369	-16.554	2.377	2.361
393	-16.554	2.377	22.539
357	-16.547	2.378	3.050
358	-16.547	2.378	29.288
375	-16.545	2.377	24.770
365	-16.522	2.378	29.284
366	-16.522	2.378	24.510
378	-16.515	2.375	24.510
385	-16.514	2.375	3.449
1641	-16.473	3.652	3.079
398	-16.471	2.377	22.606
377	-16.450	2.378	22.467
353	-16.447	2.378	3.545
359	-16.447	2.378	24.395
476	-16.373	3.353	26.368
198	-16.359	3.353	29.254
129	-16.351	3.353	24.720
167	-16.351	3.353	25.901
590	-16.342	2.369	29.262
604	-16.342	2.369	24.880
81	-16.335	3.353	31.669
414	-16.327	2.354	25.871
591	-16.315	2.351	24.722
611	-16.315	2.351	25.013
592	-16.310	2.354	25.015
67	-16.304	3.352	25.042
1275	-16.299	2.354	24.883
1659	-16.297	2.369	24.881
309	-16.293	2.355	24.887
437	-16.293	2.383	25.028
416	-16.292	2.383	24.887
1326	-16.291	2.354	25.026
650	-16.288	2.352	31.429
456	-16.283	2.355	24.894
505	-16.281	2.354	31.429
317	-16.281	2.384	25.152
637	-16.279	2.355	25.800
296	-16.278	2.353	25.572
488	-16.278	2.383	29.394
609	-16.276	2.383	31.864
503	-16.270	2.354	24.132
508	-16.270	2.354	31.667
509	-16.270	2.354	29.212
644	-16.269	2.355	23.658
330	-16.269	2.383	29.221
40	-16.264	3.350	23.008
504	-16.257	2.383	24.985
492	-16.257	2.384	23.687
523	-16.256	2.349	24.310
326	-16.243	2.351	23.686
450	-16.237	2.385	28.644
321	-16.227	2.385	23.026
1322	-16.224	2.340	24.313
1429	-16.222	2.353	31.639
535	-16.220	2.381	26.948
1364	-16.220	2.385	25.676
460	-16.218	2.385	26.764
461	-16.218	2.385	26.765
304	-16.218	2.386	26.106
1455	-16.218	2.385	31.633
447	-16.217	2.386	23.000
1375	-16.216	2.385	26.127
1252	-16.215	2.385	30.794
1494	-16.215	2.385	25.730
561	-16.213	2.382	30.633
564	-16.213	2.382	23.750
1474	-16.211	2.385	23.769
486	-16.210	2.385	23.420
419	-16.207	2.384	30.377
1235	-16.205	2.385	31.506
588	-16.202	2.384	24.198
1500	-16.201	2.385	31.584
1503	-16.201	2.385	31.295
427	-16.200	2.386	31.295
457	-16.198	2.386	31.296
636	-16.196	2.386	25.239
625	-16.196	2.386	31.258
581	-16.195	2.385	31.031
660	-16.193	2.386	23.444
622	-16.192	2.354	31.492
628	-16.187	2.386	30.857
619	-16.186	2.386	30.872
469	-16.184	2.380	30.435
533	-16.173	2.806	30.573
565	-16.168	2.349	30.870
528	-16.165	2.348	30.871
531	-16.165	2.348	23.776
585	-16.148	2.386	23.674
1347	-16.141	2.386	25.461
257	-16.139	2.351	25.092
507	-16.124	2.386	31.401
68	-16.123	3.350	31.262
477	-16.121	2.381	30.769
571	-16.120	2.352	23.564
549	-16.120	2.353	30.369
1402	-16.116	2.381	25.228
534	-16.107	2.352	25.488
273	-16.104	2.352	25.015
1499	-16.084	2.381	30.597
199	-16.081	2.383	23.633
260	-16.074	3.349	31.035
596	-16.062	2.352	23.658
164	-16.062	2.382	29.999
597	-16.061	2.383	30.459
600	-16.060	2.383	29.976
193	-16.057	2.383	23.413
194	-16.057	2.383	23.642
268	-16.038	2.382	23.424
550	-16.033	2.353	24.901
243	-16.028	2.382	25.328
386	-16.027	3.746	24.340
522	-15.969	2.383	25.143
544	-15.962	2.383	24.376
559	-15.962	2.385	28.669
107	-15.807	3.872	24.987
55	-15.796	3.870	24.985
376	-15.793	3.638	24.985
500	-15.761	3.529	26.182
360	-15.758	3.532	24.727
1408	-15.754	2.260	26.030
106	-15.751	3.878	26.184
91	-15.742	3.878	25.875
572	-15.737	3.519	25.871
350	-15.730	3.533	25.870
26	-15.670	3.863	25.153
638	-15.665	3.530	25.518
3	-15.665	3.863	24.968
4	-15.665	3.863	24.982
310	-15.664	3.534	24.982
1	-15.651	3.864	24.981
578	-15.623	3.526	24.982
603	-15.623	3.527	24.990
102	-15.622	3.871	0.017
83	-15.620	3.871	1.322
374	-15.599	3.548	26.838
641	-15.591	3.527	26.788
516	-15.590	3.874	0.000
613	-15.557	3.526	0.000
1629	-15.550	2.671	0.002
36	-15.541	3.868	25.308
1613	-15.531	3.531	25.305
489	-15.528	3.640	25.321
1405	-15.521	3.523	25.345
662	-15.508	3.526	25.312
649	-15.466	2.652	25.365
407	-15.442	0.113	26.619
352	-15.415	0.113	25.334
349	-15.415	0.113	2.787
379	-15.386	2.654	25.346
370	-15.273	0.115	24.388
372	-15.273	0.115	26.608
351	-15.256	0.115	22.545
354	-15.256	0.115	22.470
424	-14.872	3.505	31.661
313	-14.807	3.336	31.669
493	-14.769	3.503	25.003
368	-14.760	3.332	24.879
485	-14.707	3.505	25.024
441	-14.705	3.504	24.891
605	-14.694	3.335	25.010
612	-14.694	3.335	24.877
580	-14.692	3.335	31.429
207	-14.645	3.335	31.862
501	-14.642	3.335	31.863
312	-14.641	3.335	31.667
666	-14.638	2.670	29.203
333	-14.602	3.503	25.554
639	-14.578	3.334	29.062
646	-14.578	3.334	23.015
631	-14.524	3.334	25.692
554	-14.250	3.263	26.104
413	-14.136	2.413	23.767
617	-14.087	0.114	23.410
1654	-14.084	3.269	29.195
197	-14.079	2.480	23.417
149	-14.070	2.480	23.423
1540	-14.023	3.326	23.429
214	-13.994	2.471	25.237
1618	-13.972	3.269	31.259
1595	-13.971	3.269	30.861
664	-13.956	3.267	23.721
163	-13.934	2.477	30.440
250	-13.923	2.477	30.858
256	-13.923	2.477	30.858
225	-13.862	2.468	30.941
417	-13.858	2.468	25.227
422	-13.858	2.468	25.229
396	-13.848	1.016	30.594
253	-13.697	2.467	23.605
1362	-13.255	1.261	25.807
213	-12.785	2.016	26.839
475	-12.553	2.014	25.311
1411	-12.121	1.139	26.568
444	-12.064	1.156	22.533
606	-11.795	1.165	3.421
602	-11.795	1.165	2.308
1416	-11.696	1.205	2.313
582	-11.655	1.184	2.361
569	-11.632	1.176	29.288
573	-11.632	1.176	24.770
162	-11.464	2.258	24.872
286	-11.452	2.257	24.885
263	-11.450	2.257	24.890
247	-11.449	2.257	25.013
238	-11.437	2.257	31.440
29	-11.434	2.257	29.238
355	-11.391	2.186	25.799
629	-11.347	2.454	31.865
656	-11.346	2.454	26.411
1486	-11.294	2.460	29.452
497	-11.166	2.459	31.662
487	-11.156	2.458	30.794
536	-11.049	2.456	23.760
195	-10.970	2.625	25.238
519	-10.708	2.214	31.032
1631	-9.270	3.897	31.669
555	-9.260	3.894	24.722
1628	-9.253	3.897	25.445
1634	-9.233	3.898	25.019
468	-9.141	3.868	24.888
1444	-9.100	3.705	31.429
1579	-9.066	3.696	24.730
1603	-8.865	3.683	25.690
303	-8.859	3.688	29.082
331	-8.858	3.688	31.639
1615	-8.725	3.819	26.107
1650	-8.675	3.815	29.095
483	-8.321	3.830	24.975
1581	-8.285	3.804	30.574
1616	-8.285	3.804	23.602
1604	-8.284	3.804	30.464
1645	-8.276	3.803	23.643
1582	-8.254	3.807	23.552
1648	-8.230	3.804	25.807
443	-8.221	3.798	26.036
1483	-8.215	3.801	25.153
584	-8.215	3.798	25.151
1493	-8.214	3.800	24.970
389	-8.214	3.820	25.146
510	-8.173	3.830	25.139
607	-8.171	3.781	26.788
499	-8.170	3.829	26.788
336	-8.170	3.829	26.831
464	-8.169	3.829	0.000
506	-8.166	3.830	0.000
342	-8.144	3.793	25.321
657	-8.115	3.792	25.295
1639	-7.932	3.073	29.337
1321	-7.533	3.320	25.870
1331	-7.526	3.320	26.788
621	-7.505	3.321	25.318
593	-7.493	3.321	25.344
1389	-7.463	3.318	25.346
388	-7.430	3.272	22.545
547	-7.429	3.320	26.374
363	-7.426	3.272	22.544
262	-7.421	3.319	3.431
530	-7.418	3.316	29.288
576	-7.381	3.321	25.445
610	-7.374	3.864	25.065
401	-7.355	2.631	25.027
406	-7.346	2.631	29.213
341	-7.342	2.627	29.221
538	-7.341	3.318	25.677
479	-7.337	2.627	29.219
521	-7.319	3.319	31.639
512	-7.287	2.619	23.749
1620	-7.260	3.128	23.418
432	-7.229	2.630	23.801
1342	-7.033	2.952	24.980
608	-7.030	2.951	25.808
627	-7.024	2.952	25.807
575	-6.777	3.221	24.626
574	-6.776	3.225	24.627
556	-6.715	3.044	29.290
210	-6.520	3.624	25.124
587	-6.465	3.048	25.008
1514	-6.409	2.619	23.307
540	-6.383	2.661	24.882
659	-6.323	2.286	25.009
630	-5.884	3.216	28.646
640	-5.882	3.218	25.632
626	-5.831	3.802	25.678
