349	-11.028	0.000	0.000
355	-11.028	0.000	13.322
358	-11.028	0.000	13.049
390	-11.028	0.000	13.311
398	-11.028	0.000	14.060
414	-11.028	0.000	14.094
480	-11.028	0.000	13.321
486	-11.028	0.000	3.148
131	-11.027	0.000	12.970
163	-11.027	0.000	3.094
188	-11.027	0.000	13.442
71	-11.027	0.002	3.305
221	-11.027	0.000	12.928
285	-11.027	0.000	12.914
366	-11.027	0.000	10.181
458	-11.027	0.002	10.172
226	-11.026	0.000	10.146
233	-11.026	0.000	11.405
236	-11.026	0.001	11.325
84	-11.026	0.001	15.028
386	-11.026	0.021	15.019
681	-11.023	0.001	15.019
713	-11.023	0.001	15.019
650	-11.022	0.001	15.019
667	-11.022	0.001	14.871
548	-11.019	0.001	14.871
566	-11.019	0.001	14.871
573	-11.019	0.001	14.871
597	-11.018	0.001	14.870
260	-11.018	0.001	15.267
588	-11.018	0.001	13.926
12	-11.008	0.001	13.926
18	-11.008	0.001	15.007
495	-10.989	0.086	13.925
944	-10.970	0.004	15.644
938	-10.969	0.004	14.846
700	-10.946	0.003	14.840
725	-10.946	0.004	14.840
726	-10.946	0.004	14.308
788	-10.946	0.012	11.395
939	-10.944	0.003	11.395
795	-10.944	0.003	13.626
809	-10.944	0.003	13.630
827	-10.944	0.004	11.393
830	-10.944	0.004	13.627
836	-10.944	0.004	13.627
887	-10.944	0.004	11.397
356	-10.944	0.004	13.634
427	-10.944	0.004	11.403
431	-10.944	0.004	11.406
481	-10.944	0.004	14.999
449	-10.943	0.004	14.999
693	-10.909	0.003	14.216
704	-10.909	0.003	25.870
609	-10.908	0.003	25.870
634	-10.908	0.003	11.423
817	-10.908	0.003	11.460
829	-10.908	0.003	11.464
862	-10.908	0.003	11.448
876	-10.908	0.003	11.427
370	-10.908	0.003	11.464
371	-10.908	0.003	11.463
362	-10.908	0.003	11.456
222	-10.907	0.003	11.432
318	-10.907	0.003	11.430
289	-10.906	0.003	11.436
514	-10.899	0.003	25.330
554	-10.899	0.004	11.467
561	-10.899	0.003	13.893
505	-10.899	0.004	13.873
37	-10.898	0.003	15.614
744	-10.898	0.003	11.728
23	-10.889	0.003	11.735
701	-10.831	0.006	13.192
631	-10.830	0.006	26.355
382	-10.726	0.013	25.719
65	-10.725	0.013	11.722
280	-10.725	0.013	11.728
31	-10.717	0.014	11.736
687	-10.694	0.018	3.521
678	-10.693	0.018	3.521
785	-10.692	0.018	25.983
472	-10.692	0.018	11.715
468	-10.691	0.018	13.174
459	-10.691	0.019	5.997
556	-10.683	0.018	5.995
494	-10.683	0.018	3.196
604	-10.655	0.121	3.196
58	-10.506	3.282	12.584
445	-10.346	3.275	2.296
55	-9.666	2.040	5.761
29	-9.638	2.033	5.764
660	-9.488	3.256	12.241
922	-9.487	3.256	7.520
48	-9.486	3.255	7.184
104	-9.486	3.255	7.187
73	-9.486	3.255	7.317
121	-9.486	3.255	7.319
128	-9.486	3.255	7.276
153	-9.486	3.255	7.829
158	-9.486	3.255	6.177
201	-9.486	3.255	11.005
203	-9.486	3.255	11.133
223	-9.486	3.255	12.603
457	-9.486	3.255	13.542
529	-9.485	3.256	5.806
102	-9.485	3.255	7.500
228	-9.485	3.255	7.353
507	-9.485	3.256	14.144
550	-9.485	3.256	7.268
347	-9.485	3.255	7.285
348	-9.485	3.255	14.143
377	-9.485	3.255	13.528
384	-9.485	3.255	13.754
391	-9.485	3.255	7.892
397	-9.485	3.255	7.394
441	-9.485	3.255	7.966
464	-9.485	3.255	11.526
465	-9.485	3.255	11.543
475	-9.485	3.255	7.742
252	-9.481	3.256	6.936
619	-9.479	3.255	6.011
136	-9.477	3.254	15.019
150	-9.477	3.254	15.019
305	-9.476	3.254	14.871
306	-9.476	3.254	14.871
359	-9.476	3.254	14.871
363	-9.476	3.254	14.871
411	-9.476	3.254	14.870
32	-9.476	3.255	15.267
34	-9.476	3.255	13.926
41	-9.476	3.255	13.926
44	-9.476	3.255	15.004
257	-9.475	3.255	13.925
577	-9.475	3.255	13.925
17	-9.474	3.255	14.846
1	-9.467	3.255	14.840
655	-9.415	3.252	25.871
539	-9.410	3.252	25.871
835	-9.318	3.246	11.445
351	-8.842	2.033	3.196
385	-8.842	2.033	5.994
436	-8.842	2.033	11.604
437	-8.842	2.033	11.685
310	-8.842	2.033	12.532
329	-8.842	2.033	12.542
332	-8.842	2.033	11.369
338	-8.842	2.033	26.654
484	-8.842	2.033	3.720
152	-8.841	2.033	3.720
124	-8.841	2.033	11.872
54	-8.841	2.033	8.174
64	-8.841	2.033	1.879
127	-8.841	2.033	0.029
132	-8.841	2.033	8.189
155	-8.841	2.033	3.721
206	-8.841	2.033	12.123
67	-8.841	2.033	13.855
107	-8.841	2.033	12.904
149	-8.841	2.033	12.894
173	-8.841	2.033	7.761
174	-8.841	2.033	12.142
198	-8.841	2.033	12.152
209	-8.841	2.033	12.909
229	-8.841	2.033	11.711
283	-8.841	2.033	7.775
623	-8.839	2.033	11.688
649	-8.839	2.033	7.777
652	-8.839	2.033	12.161
88	-8.837	2.029	0.105
520	-8.837	2.033	13.840
541	-8.836	2.033	5.616
606	-8.836	2.033	8.996
269	-8.836	2.033	7.725
535	-8.836	2.033	8.987
43	-8.835	2.033	13.963
21	-8.830	2.032	4.772
27	-8.830	2.032	5.092
7	-8.827	2.033	12.068
303	-8.820	2.017	3.514
528	-8.819	2.029	12.319
321	-8.817	2.032	8.872
425	-8.814	2.011	12.312
418	-8.814	2.011	4.406
421	-8.814	2.011	12.084
311	-8.814	2.011	2.164
372	-8.814	2.011	8.979
337	-8.814	2.012	2.294
145	-8.813	2.011	14.388
282	-8.813	2.011	14.742
230	-8.813	2.011	14.919
190	-8.813	2.011	14.008
661	-8.812	2.012	13.259
890	-8.811	2.012	4.883
212	-8.809	2.007	10.903
547	-8.809	2.011	13.475
258	-8.808	2.009	14.435
747	-8.808	2.010	11.994
568	-8.808	2.010	12.203
579	-8.808	2.010	10.524
705	-8.807	2.008	10.922
361	-8.807	2.030	5.484
327	-8.806	2.030	5.445
335	-8.806	2.030	6.479
714	-8.806	2.030	4.942
727	-8.806	2.030	7.374
93	-8.805	2.030	7.370
220	-8.805	2.030	14.148
620	-8.805	2.030	7.285
798	-8.805	2.030	9.221
834	-8.805	2.030	9.228
775	-8.805	2.030	7.187
773	-8.805	2.029	7.317
22	-8.803	2.009	7.317
404	-8.802	2.048	7.318
583	-8.801	2.029	7.828
423	-8.798	2.024	7.259
422	-8.798	2.024	12.647
141	-8.796	2.023	7.325
476	-8.795	2.006	12.398
272	-8.793	2.014	13.539
580	-8.792	2.023	5.802
684	-8.786	2.029	7.353
608	-8.784	2.029	12.420
758	-8.784	2.029	7.352
691	-8.770	2.029	14.144
711	-8.769	2.028	7.283
850	-8.769	2.030	14.143
779	-8.757	2.015	13.542
610	-8.738	1.970	13.856
625	-8.723	1.984	7.889
336	-8.641	3.551	12.591
340	-8.641	3.551	6.541
343	-8.641	3.551	6.533
380	-8.641	3.551	8.058
381	-8.641	3.551	11.543
399	-8.641	3.551	7.839
59	-8.640	3.551	12.611
70	-8.640	3.551	12.075
75	-8.640	3.551	10.795
116	-8.640	3.551	6.938
126	-8.640	3.551	6.942
129	-8.640	3.551	10.538
130	-8.640	3.551	11.869
147	-8.640	3.551	6.941
165	-8.640	3.551	8.202
200	-8.640	3.551	15.028
245	-8.640	3.551	15.019
90	-8.640	3.551	15.020
95	-8.640	3.551	15.019
96	-8.640	3.551	15.057
103	-8.640	3.551	14.871
176	-8.640	3.551	14.871
180	-8.640	3.551	14.871
133	-8.640	3.551	14.871
276	-8.640	3.551	15.420
293	-8.640	3.551	15.267
264	-8.639	3.551	13.926
601	-8.639	3.551	15.007
506	-8.638	3.551	15.278
508	-8.638	3.551	13.926
546	-8.638	3.551	15.266
570	-8.638	3.551	14.841
105	-8.593	3.551	14.840
78	-8.593	3.553	14.840
82	-8.593	3.553	11.393
137	-8.593	3.553	11.392
211	-8.593	3.552	11.391
36	-8.591	3.552	13.626
38	-8.591	3.552	11.398
11	-8.590	3.553	13.626
13	-8.590	3.553	13.627
20	-8.590	3.553	13.630
24	-8.590	3.553	13.629
326	-8.553	2.016	11.398
365	-8.553	2.016	11.403
460	-8.553	2.016	25.634
271	-8.552	2.016	14.999
312	-8.506	3.557	15.000
154	-8.505	3.556	25.870
553	-8.504	3.557	25.870
61	-8.486	3.559	25.870
175	-8.486	3.559	11.459
30	-8.484	3.558	11.451
33	-8.484	3.558	11.464
28	-8.483	3.559	11.465
8	-8.479	3.558	11.458
4	-8.471	3.558	11.458
388	-8.460	3.558	11.415
622	-8.456	3.567	11.443
766	-8.455	3.567	11.426
106	-8.417	1.960	11.728
314	-8.410	3.569	11.735
412	-8.410	3.569	13.192
328	-8.410	3.569	15.596
63	-8.409	3.569	25.719
76	-8.409	3.569	11.722
92	-8.409	3.569	11.740
134	-8.409	3.569	11.736
185	-8.409	3.569	3.521
213	-8.409	3.569	11.712
53	-8.409	3.569	11.720
438	-8.409	3.569	11.649
172	-8.408	3.569	6.003
242	-8.408	3.569	3.292
243	-8.408	3.569	3.187
110	-8.408	3.569	3.196
85	-8.407	3.568	3.196
168	-8.407	3.568	26.591
35	-8.407	3.568	26.547
42	-8.407	3.568	11.686
14	-8.406	3.569	12.549
15	-8.406	3.569	8.167
9	-8.401	3.568	11.587
3	-8.365	3.565	1.771
737	-8.230	1.983	5.375
299	-7.979	1.978	1.877
143	-7.979	1.978	8.174
440	-7.979	1.978	8.198
444	-7.979	1.978	1.879
527	-7.975	1.978	8.190
251	-7.972	1.978	0.001
246	-7.965	1.978	3.721
169	-7.941	1.975	3.720
325	-7.941	1.975	5.732
651	-7.939	1.975	12.138
456	-7.938	1.975	12.138
551	-7.938	1.975	12.906
591	-7.934	1.974	12.136
669	-7.907	1.979	12.148
298	-7.905	1.979	11.933
549	-7.902	1.979	7.775
81	-7.705	1.974	12.162
210	-7.618	2.867	13.837
738	-7.617	2.867	0.104
677	-7.617	2.867	3.610
16	-7.528	2.872	14.818
25	-7.528	2.872	7.732
164	-7.490	2.869	5.762
66	-7.490	2.869	8.986
83	-7.490	2.869	14.880
122	-7.490	2.869	5.761
123	-7.490	2.869	5.748
166	-7.490	2.869	2.148
195	-7.490	2.869	3.521
255	-7.489	2.870	5.747
497	-6.777	3.718	13.581
309	-6.776	3.719	13.876
97	-6.773	3.718	13.876
512	-6.773	3.718	15.619
413	-6.773	3.718	11.728
439	-6.773	3.718	11.735
765	-6.759	3.740	11.725
697	-6.754	3.742	25.502
248	-6.753	3.716	11.722
469	-6.701	3.744	25.983
393	-6.699	3.746	11.723
344	-6.635	3.169	6.006
238	-6.635	3.169	6.004
379	-6.635	3.169	3.189
215	-6.606	4.000	3.196
702	-6.511	2.475	7.762
207	-6.509	2.475	11.710
567	-6.508	2.476	7.771
590	-6.508	2.474	11.688
592	-6.508	2.474	12.138
109	-6.467	2.479	12.154
162	-6.467	2.478	11.683
159	-6.377	3.115	7.274
645	-6.377	3.115	7.320
218	-6.377	3.112	7.826
364	-6.372	1.791	7.322
5	-6.351	2.451	7.325
369	-6.234	3.075	12.397
598	-6.234	3.075	13.539
6	-6.203	3.105	7.158
467	-6.201	2.380	10.793
135	-6.200	2.379	6.942
138	-6.200	2.379	10.496
217	-6.200	2.381	11.897
543	-6.199	2.379	8.456
178	-6.155	2.380	3.035
357	-5.849	2.470	1.680
62	-5.848	2.470	1.683
803	-5.746	2.041	4.684
320	-5.726	2.080	7.202
46	-5.724	2.079	13.466
694	-5.711	2.043	12.923
920	-5.540	1.876	10.587
804	-5.527	1.873	6.605
869	-5.518	1.867	8.553
907	-5.480	1.873	14.062
926	-5.471	1.874	13.574
932	-5.462	1.875	10.530
933	-5.462	1.875	12.456
874	-5.460	1.875	31.293
789	-5.458	1.875	31.433
838	-5.458	1.875	31.433
940	-5.458	1.875	10.177
786	-5.457	1.875	10.206
842	-5.457	1.875	10.225
886	-5.457	1.875	10.227
710	-5.452	1.875	10.224
760	-5.452	1.875	10.223
763	-5.452	1.875	10.226
853	-5.452	1.875	10.265
903	-5.452	1.875	10.179
910	-5.452	1.875	10.168
917	-5.452	1.875	30.921
898	-5.452	1.875	30.973
858	-5.451	1.875	13.621
540	-5.436	1.871	13.907
253	-5.272	3.683	14.387
417	-5.246	3.684	12.150
474	-5.246	3.684	2.493
72	-5.245	3.684	1.863
120	-5.245	3.684	1.841
160	-5.245	3.684	3.092
191	-5.245	3.684	3.312
265	-5.244	3.684	1.855
216	-5.244	3.684	1.854
219	-5.244	3.684	13.406
516	-5.244	3.684	13.326
249	-5.231	3.684	13.276
19	-5.230	3.684	14.158
26	-5.230	3.684	3.374
902	-5.103	1.840	2.286
881	-5.012	1.678	25.631
146	-4.988	3.719	4.572
68	-4.988	3.719	4.928
231	-4.988	3.719	2.529
884	-4.966	1.876	2.525
822	-4.889	3.662	4.869
899	-4.826	2.082	25.902
267	-4.805	3.673	1.792
569	-4.736	3.746	11.363
266	-4.736	3.742	10.885
768	-4.734	3.741	10.883
614	-4.723	3.732	10.899
793	-4.720	2.735	10.746
872	-4.648	2.378	2.995
919	-4.644	2.767	1.683
461	-4.625	3.707	2.980
767	-4.600	2.768	3.018
826	-4.597	2.674	1.108
824	-4.596	2.784	10.719
873	-4.594	2.687	10.719
734	-4.589	2.786	11.611
937	-4.539	2.549	10.718
837	-4.530	2.630	11.528
557	-4.529	2.779	11.537
863	-4.523	2.769	11.522
935	-4.523	2.736	10.254
893	-4.520	2.772	13.046
815	-4.505	3.746	4.858
256	-4.495	3.746	10.862
603	-4.495	3.747	12.430
721	-4.494	3.743	4.948
593	-4.487	3.738	4.856
560	-4.467	3.751	4.856
297	-4.467	3.749	11.153
281	-4.466	3.750	12.436
1276	-4.335	3.870	3.687
908	-4.322	2.037	4.034
936	-4.318	2.042	3.185
943	-4.317	2.044	12.387
674	-4.250	2.866	4.146
511	-4.206	1.939	4.133
345	-4.167	3.564	10.519
483	-4.121	3.470	9.974
1380	-4.110	3.959	4.668
717	-4.029	2.862	7.180
114	-3.571	3.873	7.084
522	-3.341	3.843	11.198
315	-3.338	3.845	9.190
928	-3.306	3.968	9.154
492	-3.305	3.970	7.101
389	-3.305	3.968	3.790
295	-3.299	3.848	10.110
350	-3.283	3.845	6.602
204	-3.280	3.845	9.481
