1916	-6.530	0.000	3.721
1908	-6.082	0.170	2.285
1887	-6.039	0.165	2.299
1909	-5.990	0.171	2.300
1895	-5.989	0.168	2.289
1901	-5.989	0.171	2.299
1910	-5.732	1.752	8.635
1918	-5.227	2.357	4.677
1913	-5.227	2.362	12.885
1819	-4.419	3.728	10.953
1902	-4.329	2.356	12.447
1889	-4.198	3.832	4.138
1890	-4.198	3.825	13.045
1892	-4.197	3.831	3.835
1900	-4.197	3.829	10.865
1898	-4.191	3.901	11.089
1899	-4.189	3.908	4.163
1911	-4.186	3.832	5.845
1919	-4.183	3.827	10.912
1917	-4.183	3.828	10.564
1883	-4.176	3.805	4.998
1884	-4.176	3.794	10.155
1912	-4.115	3.607	9.949
1915	-3.955	2.732	13.476
