1857	-5.717	0.000	0.000
1859	-5.687	2.566	0.000
1453	-5.681	2.565	0.000
1458	-5.681	2.565	0.000
1471	-5.680	2.565	0.000
1528	-5.680	2.565	0.000
1553	-5.680	2.565	0.000
1561	-5.680	2.565	0.000
1575	-5.680	2.565	0.000
1622	-5.680	2.565	0.000
1826	-5.680	2.565	0.000
1839	-5.678	2.565	0.000
1416	-5.577	2.609	0.000
1419	-5.576	2.609	0.000
1422	-5.576	2.609	0.000
1473	-5.576	2.609	0.000
1477	-5.576	2.609	0.000
1481	-5.576	2.609	0.000
1497	-5.576	2.609	0.000
1500	-5.576	2.609	0.000
1515	-5.576	2.609	0.000
1516	-5.576	2.609	0.000
1541	-5.576	2.609	0.000
1557	-5.576	2.609	0.000
1567	-5.576	2.609	0.000
1588	-5.576	2.609	0.000
1592	-5.576	2.609	0.000
1604	-5.576	2.609	0.000
1616	-5.576	2.609	0.000
1463	-5.574	2.610	0.000
1431	-5.573	2.610	0.000
1539	-5.277	2.305	0.000
1465	-5.276	2.306	0.000
1842	-5.242	3.943	0.000
1864	-5.229	3.737	0.000
1850	-5.154	1.923	0.000
1851	-5.022	2.471	0.000
1537	-5.018	2.779	0.000
1522	-5.016	2.753	0.000
1594	-4.981	2.843	0.000
1444	-4.969	2.846	0.000
1576	-4.952	2.840	0.000
1595	-4.920	2.885	0.000
1840	-4.919	2.927	0.000
1424	-4.595	3.477	0.000
1415	-4.595	3.479	0.000
1490	-4.592	3.472	0.000
1491	-4.592	3.474	0.000
1483	-4.592	3.475	0.000
1532	-4.592	3.475	0.000
1564	-4.592	3.476	0.000
1586	-4.592	3.475	0.000
1563	-4.592	3.476	0.000
