1406	-6.578	0.000	0.000
1454	-6.570	0.004	0.000
1425	-6.569	0.004	0.000
1495	-6.568	0.005	0.000
1466	-6.537	1.555	0.000
1399	-6.534	1.556	0.000
1578	-6.532	0.007	0.000
548	-6.496	0.005	0.000
1459	-6.496	0.006	0.000
1436	-6.495	0.006	0.000
1442	-6.495	0.006	0.000
1443	-6.495	0.006	0.000
1446	-6.495	0.006	0.000
1619	-6.495	0.005	0.000
1474	-6.495	0.005	0.000
1486	-6.495	0.005	0.000
1503	-6.495	0.005	0.000
1505	-6.495	0.005	0.000
1550	-6.492	1.549	0.000
1524	-6.492	1.550	0.000
516	-6.489	0.005	0.000
532	-6.489	0.005	0.000
538	-6.489	0.005	0.000
1402	-6.489	1.551	0.000
1032	-6.488	0.005	0.000
477	-6.488	0.005	0.000
1428	-6.488	0.005	0.000
1429	-6.488	0.005	0.000
983	-6.488	0.005	0.000
302	-6.486	0.005	0.000
699	-6.486	0.005	0.000
708	-6.486	0.005	0.000
1400	-6.482	0.005	0.000
1403	-6.482	0.005	0.000
1404	-6.482	0.005	0.000
1405	-6.482	0.005	0.000
1409	-6.482	0.005	0.000
1411	-6.482	0.005	0.000
1457	-6.474	0.006	0.000
1462	-6.474	0.006	0.000
1464	-6.474	0.006	0.000
1846	-6.474	0.008	0.000
1418	-6.474	0.006	0.000
1426	-6.474	0.006	0.000
1427	-6.474	0.006	0.000
1441	-6.473	0.006	0.000
1452	-6.473	0.006	0.000
1558	-6.473	0.006	0.000
1472	-6.473	0.006	0.000
1568	-6.473	0.006	0.000
1570	-6.473	0.006	0.000
1572	-6.473	0.006	0.000
1573	-6.473	0.006	0.000
1574	-6.473	0.006	0.000
1579	-6.473	0.006	0.000
1581	-6.473	0.006	0.000
1590	-6.473	0.006	0.000
1593	-6.473	0.006	0.000
1599	-6.473	0.006	0.000
1605	-6.473	0.006	0.000
1608	-6.473	0.006	0.000
1611	-6.473	0.006	0.000
1613	-6.473	0.005	0.000
1468	-6.473	0.006	0.000
1469	-6.473	0.006	0.000
1476	-6.473	0.006	0.000
1479	-6.473	0.006	0.000
1485	-6.473	0.006	0.000
1492	-6.473	0.006	0.000
1499	-6.473	0.006	0.000
1506	-6.473	0.006	0.000
1508	-6.473	0.006	0.000
1511	-6.473	0.006	0.000
1519	-6.473	0.006	0.000
1523	-6.473	0.006	0.000
1525	-6.473	0.006	0.000
1526	-6.473	0.006	0.000
1527	-6.473	0.006	0.000
1538	-6.473	0.006	0.000
1540	-6.473	0.006	0.000
1551	-6.473	0.006	0.000
1552	-6.473	0.006	0.000
1554	-6.473	0.006	0.000
1489	-6.473	0.006	0.000
1430	-6.473	1.549	0.000
1569	-6.438	1.552	0.000
1417	-6.411	1.554	0.000
1589	-6.410	1.553	0.000
1602	-6.410	1.553	0.000
1601	-6.410	1.554	0.000
583	-6.403	1.551	0.000
1455	-6.400	1.556	0.000
1456	-6.400	1.556	0.000
1461	-6.400	1.555	0.000
1437	-6.400	1.555	0.000
1439	-6.400	1.555	0.000
1440	-6.400	1.555	0.000
1445	-6.400	1.556	0.000
1447	-6.400	1.555	0.000
1451	-6.400	1.555	0.000
1423	-6.399	1.555	0.000
1530	-6.398	1.554	0.000
1510	-6.398	1.555	0.000
1488	-6.398	1.556	0.000
1534	-6.398	1.555	0.000
1535	-6.398	1.555	0.000
1547	-6.398	1.555	0.000
1571	-6.398	1.555	0.000
1580	-6.398	1.555	0.000
1584	-6.398	1.555	0.000
1596	-6.398	1.555	0.000
1606	-6.398	1.555	0.000
1609	-6.398	1.555	0.000
1612	-6.398	1.555	0.000
1617	-6.398	1.555	0.000
1618	-6.398	1.555	0.000
1625	-6.398	1.555	0.000
1493	-6.398	1.556	0.000
1624	-6.398	1.557	0.000
1467	-6.398	1.557	0.000
1614	-6.398	1.558	0.000
1401	-6.395	1.556	0.000
1413	-6.395	1.556	0.000
1414	-6.395	1.556	0.000
1412	-6.395	1.556	0.000
526	-6.394	1.550	0.000
877	-6.394	1.550	0.000
938	-6.394	1.550	0.000
682	-6.393	1.550	0.000
1815	-5.404	2.871	0.000
1822	-5.403	2.871	0.000
1433	-5.398	2.871	0.000
1817	-5.351	2.091	0.000
1545	-5.325	2.872	0.000
1498	-5.324	2.872	0.000
1587	-5.324	2.869	0.000
1470	-5.307	2.103	0.000
1512	-5.307	2.094	0.000
1548	-5.307	2.092	0.000
1555	-5.306	2.069	0.000
1482	-5.306	2.073	0.000
1623	-5.306	2.094	0.000
1450	-5.299	2.114	0.000
1560	-5.218	2.745	0.000
1582	-5.218	2.745	0.000
1585	-5.218	2.745	0.000
1607	-5.218	2.745	0.000
1620	-5.218	2.745	0.000
1610	-5.218	2.745	0.000
1478	-5.218	2.745	0.000
1480	-5.218	2.745	0.000
1496	-5.218	2.745	0.000
1501	-5.218	2.745	0.000
1513	-5.218	2.745	0.000
1514	-5.218	2.745	0.000
1517	-5.218	2.745	0.000
1529	-5.218	2.745	0.000
1531	-5.218	2.745	0.000
1543	-5.218	2.745	0.000
1556	-5.098	2.323	0.000
1438	-4.885	2.329	0.000
1562	-4.885	2.328	0.000
1475	-4.871	2.328	0.000
1504	-4.871	2.328	0.000
1507	-4.871	2.328	0.000
1520	-4.871	2.328	0.000
1544	-4.871	2.328	0.000
1566	-4.829	2.099	0.000
1502	-4.828	2.099	0.000
1521	-4.828	2.099	0.000
1546	-4.828	2.099	0.000
1487	-4.089	3.108	0.000
1518	-4.021	3.104	0.000
