493	-6.292	0.000	0.000
612	-6.292	0.000	0.000
147	-6.286	0.002	0.000
313	-6.286	0.001	0.000
239	-6.285	0.009	0.000
254	-6.285	0.003	0.000
422	-6.246	1.188	0.000
432	-6.246	1.189	0.000
473	-6.246	1.189	0.000
510	-6.246	1.189	0.000
570	-6.246	1.188	0.000
97	-6.238	1.187	0.000
231	-6.238	1.187	0.000
269	-6.238	1.189	0.000
326	-6.238	1.189	0.000
349	-6.238	1.189	0.000
363	-6.238	1.188	0.000
365	-6.238	1.189	0.000
372	-6.238	1.189	0.000
386	-6.238	1.189	0.000
398	-6.238	1.188	0.000
410	-6.238	1.189	0.000
152	-6.238	1.187	0.000
168	-6.238	1.188	0.000
178	-6.238	1.187	0.000
197	-6.238	1.187	0.000
220	-6.238	1.188	0.000
620	-6.047	1.177	0.000
644	-6.047	1.177	0.000
670	-6.047	1.177	0.000
701	-6.047	1.177	0.000
412	-6.047	1.182	0.000
590	-6.047	1.182	0.000
478	-6.044	1.178	0.000
751	-6.044	1.178	0.000
757	-6.044	1.178	0.000
788	-6.044	1.178	0.000
624	-6.044	1.169	0.000
465	-6.044	1.169	0.000
424	-6.044	1.174	0.000
517	-6.044	1.174	0.000
530	-6.044	1.174	0.000
562	-6.044	1.174	0.000
596	-6.044	1.174	0.000
605	-6.044	1.174	0.000
794	-6.043	1.176	0.000
903	-6.043	1.176	0.000
906	-6.043	1.177	0.000
921	-6.043	1.177	0.000
933	-6.043	1.176	0.000
508	-6.043	1.169	0.000
687	-6.043	1.169	0.000
694	-6.043	1.169	0.000
712	-6.043	1.169	0.000
714	-6.043	1.169	0.000
822	-6.040	1.168	0.000
1002	-6.040	1.170	0.000
786	-6.040	1.169	0.000
804	-6.040	1.168	0.000
811	-6.040	1.168	0.000
828	-6.040	1.168	0.000
831	-6.040	1.168	0.000
850	-6.040	1.168	0.000
852	-6.040	1.168	0.000
887	-6.040	1.168	0.000
889	-6.040	1.168	0.000
898	-6.040	1.168	0.000
915	-6.040	1.168	0.000
924	-6.040	1.168	0.000
937	-6.040	1.168	0.000
967	-6.040	1.169	0.000
974	-6.040	1.170	0.000
978	-6.040	1.169	0.000
992	-6.040	1.169	0.000
990	-6.040	1.170	0.000
878	-6.039	1.164	0.000
848	-6.039	1.168	0.000
885	-6.039	1.168	0.000
144	-6.036	1.173	0.000
233	-6.036	1.172	0.000
280	-6.036	1.174	0.000
373	-6.036	1.174	0.000
420	-6.029	1.438	0.000
322	-6.024	1.438	0.000
325	-6.024	1.438	0.000
234	-6.023	1.437	0.000
857	-6.020	1.173	0.000
910	-6.020	1.173	0.000
824	-6.020	1.173	0.000
977	-6.020	1.174	0.000
1061	-6.020	1.174	0.000
867	-6.019	1.173	0.000
1049	-6.017	1.166	0.000
1057	-6.017	1.163	0.000
1062	-6.017	1.166	0.000
815	-6.016	1.165	0.000
902	-6.016	1.165	0.000
936	-6.016	1.164	0.000
876	-6.016	1.164	0.000
609	-6.010	1.074	0.000
963	-6.009	1.166	0.000
854	-5.971	1.033	0.000
603	-5.944	0.088	0.000
542	-5.944	0.088	0.000
726	-5.937	0.086	0.000
812	-5.937	0.085	0.000
823	-5.937	0.085	0.000
549	-5.922	0.085	0.000
638	-5.919	0.082	0.000
928	-5.916	0.081	0.000
1410	-5.889	3.719	0.000
864	-5.861	1.135	0.000
897	-5.845	0.111	0.000
763	-5.842	3.430	0.000
911	-5.832	1.127	0.000
463	-5.801	1.297	0.000
288	-5.792	1.297	0.000
317	-5.792	1.297	0.000
174	-5.764	1.441	0.000
194	-5.764	1.441	0.000
989	-5.759	1.441	0.000
997	-5.759	1.441	0.000
1023	-5.759	1.441	0.000
837	-5.758	1.441	0.000
893	-5.758	1.441	0.000
922	-5.758	1.441	0.000
951	-5.758	1.441	0.000
851	-5.758	1.441	0.000
944	-5.758	1.441	0.000
961	-5.754	1.441	0.000
1031	-5.741	1.441	0.000
853	-5.709	0.650	0.000
427	-5.665	1.595	0.000
445	-5.653	2.749	0.000
513	-5.653	2.744	0.000
592	-5.653	2.759	0.000
594	-5.653	2.755	0.000
541	-5.653	2.756	0.000
599	-5.653	2.756	0.000
453	-5.653	2.761	0.000
512	-5.653	2.768	0.000
578	-5.653	2.774	0.000
283	-5.648	2.753	0.000
686	-5.646	2.729	0.000
684	-5.646	2.744	0.000
697	-5.646	2.743	0.000
698	-5.646	2.746	0.000
389	-5.646	2.778	0.000
491	-5.644	2.799	0.000
735	-5.642	2.727	0.000
736	-5.642	2.736	0.000
734	-5.642	2.744	0.000
741	-5.642	2.745	0.000
798	-5.641	2.741	0.000
838	-5.641	2.746	0.000
950	-5.641	2.746	0.000
791	-5.641	2.749	0.000
942	-5.641	2.756	0.000
946	-5.641	2.749	0.000
709	-5.641	2.926	0.000
879	-5.640	2.755	0.000
454	-5.640	2.971	0.000
778	-5.640	2.793	0.000
528	-5.639	2.971	0.000
954	-5.637	2.744	0.000
955	-5.637	2.770	0.000
652	-5.631	2.959	0.000
976	-5.626	2.957	0.000
1048	-5.626	2.965	0.000
1063	-5.626	2.958	0.000
772	-5.626	2.954	0.000
919	-5.626	2.969	0.000
1019	-5.626	2.958	0.000
1037	-5.626	2.958	0.000
998	-5.626	2.963	0.000
1615	-5.625	2.939	0.000
1484	-5.625	2.950	0.000
1434	-5.625	2.916	0.000
1039	-5.625	2.950	0.000
905	-5.625	2.963	0.000
953	-5.623	2.975	0.000
952	-5.623	2.993	0.000
503	-5.598	3.328	0.000
689	-5.598	3.325	0.000
249	-5.593	3.328	0.000
1597	-5.590	3.294	0.000
648	-5.571	1.987	0.000
649	-5.571	1.995	0.000
487	-5.566	1.934	0.000
733	-5.566	1.996	0.000
728	-5.566	2.001	0.000
1010	-5.564	1.836	0.000
1024	-5.540	1.933	0.000
707	-5.536	1.982	0.000
1045	-5.531	1.992	0.000
1055	-5.530	1.981	0.000
934	-5.530	1.986	0.000
920	-5.530	1.988	0.000
960	-5.529	1.988	0.000
766	-5.494	1.987	0.000
890	-5.433	1.292	0.000
986	-5.388	1.992	0.000
862	-5.387	1.298	0.000
775	-5.386	1.300	0.000
619	-5.267	3.064	0.000
633	-5.267	3.064	0.000
677	-5.267	3.064	0.000
681	-5.267	3.064	0.000
750	-5.261	3.064	0.000
907	-5.260	3.063	0.000
702	-5.257	3.064	0.000
637	-5.251	3.126	0.000
634	-5.251	3.125	0.000
755	-5.251	3.064	0.000
966	-5.251	3.064	0.000
744	-5.246	3.127	0.000
765	-5.246	3.127	0.000
783	-5.246	3.127	0.000
830	-5.246	3.125	0.000
849	-5.246	3.125	0.000
1018	-5.246	3.127	0.000
917	-5.246	3.125	0.000
1034	-5.246	3.128	0.000
551	-5.242	1.521	0.000
930	-5.242	1.636	0.000
566	-5.242	3.136	0.000
959	-5.234	1.740	0.000
802	-5.230	3.139	0.000
725	-5.229	3.140	0.000
781	-5.229	3.140	0.000
892	-5.229	3.140	0.000
894	-5.229	3.141	0.000
782	-5.228	3.138	0.000
787	-5.228	3.141	0.000
769	-5.228	3.140	0.000
797	-5.222	3.138	0.000
940	-5.222	3.137	0.000
845	-5.221	3.137	0.000
833	-5.221	3.137	0.000
856	-5.221	3.137	0.000
882	-5.221	3.137	0.000
901	-5.221	3.136	0.000
947	-5.221	3.138	0.000
982	-5.221	3.138	0.000
991	-5.221	3.139	0.000
1009	-5.221	3.139	0.000
1058	-5.221	3.139	0.000
869	-5.221	3.137	0.000
988	-5.221	3.147	0.000
1020	-5.221	3.142	0.000
1033	-5.221	3.145	0.000
941	-5.221	3.156	0.000
1017	-5.221	3.149	0.000
1026	-5.220	3.149	0.000
1041	-5.220	3.139	0.000
1001	-5.220	3.139	0.000
1040	-5.220	3.139	0.000
559	-5.212	2.184	0.000
752	-5.197	2.581	0.000
895	-5.184	3.067	0.000
1053	-5.176	3.067	0.000
1533	-5.176	3.068	0.000
995	-5.176	3.068	0.000
1050	-5.176	3.068	0.000
716	-5.168	3.692	0.000
932	-5.118	3.852	0.000
825	-5.117	3.853	0.000
723	-5.116	3.855	0.000
543	-5.109	3.683	0.000
669	-5.108	3.855	0.000
278	-5.106	3.856	0.000
779	-5.097	3.692	0.000
718	-5.097	3.688	0.000
927	-5.095	3.693	0.000
832	-5.095	3.694	0.000
799	-5.095	3.692	0.000
1052	-5.082	2.208	0.000
984	-5.081	3.697	0.000
724	-5.081	3.696	0.000
980	-5.081	3.687	0.000
1060	-5.075	3.706	0.000
1030	-4.985	3.682	0.000
964	-4.976	3.737	0.000
865	-4.930	3.685	0.000
888	-4.911	3.688	0.000
1029	-4.910	3.689	0.000
972	-4.909	3.688	0.000
1042	-4.909	3.689	0.000
1004	-4.909	3.689	0.000
985	-4.909	3.689	0.000
900	-4.350	3.877	0.000
969	-4.349	3.876	0.000
1047	-4.349	3.877	0.000
