1866	-8.074	0.000	0.000
1838	-8.072	0.000	0.000
1825	-8.040	2.494	0.000
1827	-8.040	2.494	0.000
1818	-8.021	2.495	0.000
1845	-8.006	1.670	0.000
1855	-7.886	1.655	0.000
1833	-7.670	1.702	0.000
1849	-7.610	3.057	0.000
1852	-7.609	2.239	0.000
1853	-7.609	2.239	0.000
1820	-7.608	2.239	0.000
1835	-7.608	2.239	0.000
1837	-7.608	2.239	0.000
1854	-7.393	0.075	0.000
1843	-7.344	3.896	0.000
1847	-7.344	3.896	0.000
1858	-7.288	3.899	0.000
1848	-7.246	2.998	0.000
1865	-6.921	1.239	0.000
1862	-6.921	1.241	0.000
1823	-6.920	1.242	0.000
1824	-6.920	1.241	0.000
1856	-6.892	3.403	0.000
1828	-6.884	2.386	0.000
1844	-6.864	2.385	0.000
1829	-6.861	2.385	0.000
1830	-6.861	2.385	0.000
1834	-6.861	2.385	0.000
1841	-6.861	2.385	0.000
1821	-6.861	2.385	0.000
1814	-6.852	2.388	0.000
1816	-6.852	2.388	0.000
1819	-6.850	2.390	0.000
1831	-6.849	2.388	0.000
1832	-6.849	2.388	0.000
1860	-6.835	2.390	0.000
1836	-6.833	2.390	0.000
1863	-6.377	3.640	0.000
