1620	-4.222	0.000	0.000
1638	-4.222	0.000	0.000
1639	-4.222	0.000	0.000
1649	-4.222	0.000	0.000
1650	-4.222	0.000	0.000
1660	-4.222	0.000	0.000
1661	-4.222	0.000	0.000
1662	-4.222	0.000	0.000
1663	-4.222	0.001	0.000
1672	-4.222	0.000	0.000
1700	-4.222	0.000	0.000
1707	-4.222	0.000	0.000
1708	-4.222	0.000	0.000
1709	-4.222	0.000	0.000
1710	-4.222	0.000	0.000
1845	-4.219	0.016	0.000
1851	-4.219	0.016	0.000
1852	-4.219	0.016	0.000
1863	-4.219	0.016	0.000
1886	-4.219	0.016	0.000
1890	-4.219	0.016	0.000
1891	-4.219	0.016	0.000
1906	-4.219	0.016	0.000
1617	-4.217	0.003	0.000
1618	-4.217	0.003	0.000
1634	-4.217	0.003	0.000
1635	-4.217	0.003	0.000
1636	-4.217	0.003	0.000
1637	-4.217	0.003	0.000
1641	-4.217	0.003	0.000
1642	-4.217	0.003	0.000
1671	-4.217	0.003	0.000
1673	-4.217	0.003	0.000
1674	-4.217	0.003	0.000
1675	-4.217	0.003	0.000
1676	-4.217	0.003	0.000
1706	-4.217	0.003	0.000
1711	-4.217	0.003	0.000
1712	-4.217	0.003	0.000
1713	-4.217	0.003	0.000
1714	-4.217	0.003	0.000
1049	-4.215	0.014	0.000
1567	-4.213	0.015	0.000
1568	-4.213	0.015	0.000
1569	-4.213	0.015	0.000
1570	-4.213	0.015	0.000
1571	-4.213	0.015	0.000
1572	-4.213	0.015	0.000
1573	-4.213	0.015	0.000
1574	-4.213	0.015	0.000
1575	-4.213	0.015	0.000
1576	-4.213	0.015	0.000
1577	-4.213	0.015	0.000
1579	-4.213	0.015	0.000
1586	-4.213	0.015	0.000
1588	-4.213	0.015	0.000
1589	-4.213	0.015	0.000
1590	-4.213	0.015	0.000
1591	-4.213	0.015	0.000
1592	-4.213	0.015	0.000
1599	-4.213	0.015	0.000
1600	-4.213	0.015	0.000
1601	-4.213	0.015	0.000
1602	-4.213	0.015	0.000
1604	-4.213	0.015	0.000
1606	-4.213	0.015	0.000
1607	-4.213	0.015	0.000
1608	-4.213	0.015	0.000
1611	-4.213	0.015	0.000
1615	-4.213	0.015	0.000
1644	-4.042	1.896	0.000
1696	-4.042	1.896	0.000
1682	-4.042	1.896	0.000
1695	-4.042	1.896	0.000
1697	-4.042	1.896	0.000
1698	-4.042	1.896	0.000
1593	-4.037	1.896	0.000
1594	-4.037	1.896	0.000
1595	-4.037	1.896	0.000
1596	-4.037	1.896	0.000
1597	-4.037	1.896	0.000
1598	-4.037	1.896	0.000
1655	-4.021	1.607	0.000
1656	-4.021	1.607	0.000
1657	-4.021	1.607	0.000
1666	-4.021	1.607	0.000
1667	-4.021	1.607	0.000
1668	-4.021	1.607	0.000
1687	-4.021	1.607	0.000
1689	-4.021	1.607	0.000
1626	-3.957	1.584	0.000
1627	-3.957	1.584	0.000
1628	-3.957	1.584	0.000
1643	-3.957	1.584	0.000
1677	-3.957	1.584	0.000
1678	-3.957	1.584	0.000
1566	-3.949	1.584	0.000
1580	-3.949	1.584	0.000
1581	-3.949	1.584	0.000
1582	-3.949	1.584	0.000
1583	-3.949	1.584	0.000
1584	-3.949	1.584	0.000
1585	-3.949	1.584	0.000
1587	-3.949	1.584	0.000
1613	-3.949	1.584	0.000
1614	-3.949	1.584	0.000
1848	-3.948	1.591	0.000
1861	-3.948	1.591	0.000
1616	-3.945	1.581	0.000
1654	-3.695	3.819	0.000
1658	-3.695	3.819	0.000
1659	-3.695	3.819	0.000
1679	-3.695	3.819	0.000
557	-3.689	3.811	0.000
1680	-3.663	3.827	0.000
1681	-3.663	3.827	0.000
1651	-3.581	3.860	0.000
1652	-3.581	3.861	0.000
1653	-3.581	3.861	0.000
790	-3.370	3.062	0.000
791	-3.370	3.062	0.000
581	-3.349	3.012	0.000
582	-3.349	3.012	0.000
583	-3.349	3.012	0.000
710	-3.349	3.012	0.000
711	-3.349	3.012	0.000
859	-3.346	3.008	0.000
1648	-3.324	3.953	0.000
1665	-3.324	3.953	0.000
1669	-3.324	3.952	0.000
1670	-3.324	3.953	0.000
