1065	-6.499	0.000	0.000
1067	-6.499	0.000	0.000
1069	-6.499	0.000	0.000
1082	-6.499	0.000	0.000
1085	-6.499	0.000	0.000
1087	-6.499	0.000	0.000
1089	-6.499	0.001	0.000
1094	-6.499	0.000	0.000
1104	-6.499	0.001	0.000
1105	-6.499	0.001	0.000
1109	-6.499	0.001	0.000
1110	-6.499	0.001	0.000
1119	-6.499	0.001	0.000
1120	-6.499	0.001	0.000
1126	-6.499	0.001	0.000
1131	-6.499	0.000	0.000
1132	-6.499	0.000	0.000
1140	-6.499	0.000	0.000
1142	-6.499	0.000	0.000
1146	-6.499	0.000	0.000
1152	-6.499	0.000	0.000
1154	-6.499	0.000	0.000
1155	-6.499	0.000	0.000
790	-6.495	0.007	0.000
797	-6.495	0.007	0.000
798	-6.495	0.007	0.000
805	-6.495	0.007	0.000
807	-6.495	0.007	0.000
808	-6.495	0.007	0.000
825	-6.495	0.007	0.000
826	-6.495	0.007	0.000
828	-6.495	0.007	0.000
829	-6.495	0.007	0.000
831	-6.495	0.007	0.000
800	-6.495	0.008	0.000
792	-6.494	0.007	0.000
645	-6.493	0.007	0.000
726	-6.493	0.007	0.000
741	-6.493	0.007	0.000
812	-6.493	0.007	0.000
816	-6.493	0.007	0.000
817	-6.493	0.007	0.000
820	-6.493	0.007	0.000
822	-6.493	0.007	0.000
823	-6.493	0.007	0.000
835	-6.493	0.007	0.000
836	-6.493	0.007	0.000
839	-6.493	0.007	0.000
840	-6.493	0.007	0.000
842	-6.493	0.007	0.000
843	-6.493	0.007	0.000
846	-6.493	0.007	0.000
847	-6.493	0.007	0.000
848	-6.493	0.007	0.000
849	-6.493	0.007	0.000
850	-6.493	0.007	0.000
851	-6.493	0.007	0.000
853	-6.493	0.007	0.000
860	-6.493	0.007	0.000
861	-6.493	0.007	0.000
863	-6.493	0.007	0.000
867	-6.493	0.007	0.000
869	-6.493	0.007	0.000
875	-6.493	0.007	0.000
876	-6.493	0.007	0.000
878	-6.493	0.007	0.000
886	-6.493	0.007	0.000
888	-6.493	0.007	0.000
889	-6.493	0.007	0.000
895	-6.493	0.007	0.000
896	-6.493	0.007	0.000
900	-6.493	0.007	0.000
903	-6.493	0.007	0.000
905	-6.493	0.007	0.000
907	-6.493	0.007	0.000
908	-6.493	0.007	0.000
909	-6.493	0.007	0.000
910	-6.493	0.007	0.000
911	-6.493	0.007	0.000
912	-6.493	0.007	0.000
913	-6.493	0.007	0.000
922	-6.493	0.007	0.000
924	-6.493	0.007	0.000
736	-6.493	0.007	0.000
755	-6.492	0.007	0.000
1175	-6.487	0.009	0.000
1176	-6.487	0.009	0.000
1021	-6.487	0.006	0.000
980	-6.487	0.008	0.000
981	-6.487	0.008	0.000
982	-6.487	0.008	0.000
990	-6.487	0.008	0.000
991	-6.487	0.008	0.000
992	-6.487	0.008	0.000
999	-6.487	0.008	0.000
1001	-6.487	0.008	0.000
1004	-6.487	0.008	0.000
1010	-6.487	0.008	0.000
1013	-6.487	0.008	0.000
1014	-6.487	0.008	0.000
1024	-6.487	0.008	0.000
1025	-6.487	0.008	0.000
1030	-6.487	0.008	0.000
1044	-6.487	0.008	0.000
1046	-6.487	0.008	0.000
1047	-6.487	0.008	0.000
927	-6.484	0.010	0.000
928	-6.484	0.009	0.000
933	-6.484	0.010	0.000
935	-6.484	0.010	0.000
940	-6.484	0.009	0.000
942	-6.484	0.010	0.000
943	-6.484	0.009	0.000
944	-6.484	0.010	0.000
956	-6.484	0.010	0.000
960	-6.484	0.009	0.000
961	-6.484	0.010	0.000
1160	-6.484	0.009	0.000
1162	-6.484	0.010	0.000
1163	-6.484	0.010	0.000
1169	-6.484	0.010	0.000
1171	-6.484	0.010	0.000
967	-6.483	0.009	0.000
968	-6.483	0.009	0.000
969	-6.483	0.009	0.000
972	-6.483	0.009	0.000
973	-6.483	0.009	0.000
975	-6.483	0.009	0.000
1181	-6.483	0.006	0.000
1182	-6.483	0.006	0.000
1185	-6.483	0.006	0.000
1179	-6.483	0.008	0.000
970	-6.482	0.026	0.000
601	-6.478	0.035	0.000
529	-6.476	0.035	0.000
654	-6.476	0.035	0.000
655	-6.476	0.035	0.000
670	-6.476	0.035	0.000
255	-6.470	0.012	0.000
280	-6.470	0.012	0.000
319	-6.470	0.012	0.000
362	-6.470	0.012	0.000
370	-6.470	0.012	0.000
376	-6.470	0.012	0.000
380	-6.470	0.012	0.000
398	-6.470	0.012	0.000
399	-6.470	0.012	0.000
409	-6.470	0.012	0.000
426	-6.470	0.012	0.000
429	-6.470	0.012	0.000
434	-6.470	0.012	0.000
448	-6.470	0.012	0.000
449	-6.470	0.012	0.000
476	-6.470	0.012	0.000
481	-6.470	0.012	0.000
500	-6.470	0.012	0.000
533	-6.470	0.012	0.000
543	-6.470	0.012	0.000
551	-6.470	0.012	0.000
568	-6.470	0.012	0.000
572	-6.470	0.012	0.000
586	-6.470	0.012	0.000
588	-6.470	0.012	0.000
597	-6.470	0.012	0.000
598	-6.470	0.012	0.000
605	-6.470	0.012	0.000
607	-6.470	0.012	0.000
611	-6.470	0.012	0.000
612	-6.470	0.012	0.000
614	-6.470	0.012	0.000
630	-6.470	0.012	0.000
632	-6.470	0.012	0.000
642	-6.470	0.012	0.000
644	-6.470	0.012	0.000
646	-6.470	0.012	0.000
651	-6.470	0.012	0.000
656	-6.470	0.012	0.000
660	-6.470	0.012	0.000
664	-6.470	0.012	0.000
668	-6.470	0.012	0.000
685	-6.470	0.012	0.000
688	-6.470	0.012	0.000
690	-6.470	0.012	0.000
704	-6.470	0.012	0.000
711	-6.470	0.012	0.000
730	-6.470	0.012	0.000
742	-6.470	0.012	0.000
743	-6.470	0.012	0.000
746	-6.470	0.012	0.000
747	-6.470	0.012	0.000
771	-6.470	0.012	0.000
781	-6.470	0.012	0.000
813	-6.470	0.012	0.000
834	-6.470	0.012	0.000
213	-6.470	0.012	0.000
249	-6.470	0.012	0.000
288	-6.470	0.012	0.000
305	-6.470	0.012	0.000
306	-6.470	0.012	0.000
332	-6.470	0.012	0.000
349	-6.470	0.012	0.000
488	-6.470	0.012	0.000
507	-6.470	0.012	0.000
508	-6.470	0.012	0.000
515	-6.470	0.012	0.000
520	-6.470	0.012	0.000
521	-6.470	0.012	0.000
524	-6.470	0.012	0.000
526	-6.470	0.012	0.000
527	-6.470	0.012	0.000
556	-6.470	0.012	0.000
577	-6.470	0.012	0.000
622	-6.470	0.012	0.000
674	-6.470	0.012	0.000
676	-6.470	0.012	0.000
706	-6.470	0.012	0.000
714	-6.470	0.012	0.000
715	-6.470	0.012	0.000
719	-6.470	0.012	0.000
724	-6.470	0.012	0.000
732	-6.470	0.012	0.000
751	-6.470	0.012	0.000
752	-6.470	0.012	0.000
753	-6.470	0.012	0.000
761	-6.470	0.012	0.000
762	-6.470	0.012	0.000
777	-6.470	0.012	0.000
794	-6.468	0.032	0.000
104	-6.463	0.013	0.000
139	-6.463	0.013	0.000
232	-6.463	0.013	0.000
463	-6.463	0.013	0.000
695	-6.463	0.013	0.000
696	-6.463	0.013	0.000
698	-6.463	0.013	0.000
342	-6.453	0.040	0.000
412	-6.453	0.040	0.000
450	-6.453	0.040	0.000
683	-6.453	0.040	0.000
710	-5.624	1.432	0.000
717	-5.602	1.659	0.000
740	-5.602	1.657	0.000
810	-5.602	1.658	0.000
735	-4.888	3.151	0.000
882	-4.888	3.151	0.000
883	-4.888	3.151	0.000
1138	-4.851	3.156	0.000
921	-4.850	3.153	0.000
978	-4.848	3.158	0.000
1017	-4.848	3.158	0.000
