1242	-7.821	0.000	4.112
1229	-7.819	0.001	4.112
1235	-7.819	0.001	10.580
222	-7.773	3.190	4.110
229	-7.773	3.190	4.374
238	-7.773	3.190	4.374
200	-7.771	3.189	4.376
6	-7.770	3.188	4.106
11	-7.770	3.188	4.376
12	-7.770	3.188	4.370
45	-7.770	3.188	4.376
57	-7.770	3.188	1.643
58	-7.770	3.188	1.643
62	-7.770	3.188	1.643
64	-7.770	3.188	1.643
67	-7.770	3.188	1.674
71	-7.770	3.188	11.637
73	-7.770	3.188	2.699
97	-7.770	3.188	2.722
101	-7.770	3.188	2.728
102	-7.770	3.188	2.729
106	-7.770	3.188	9.077
108	-7.770	3.188	13.797
112	-7.770	3.188	6.259
113	-7.770	3.188	6.257
130	-7.770	3.188	6.257
131	-7.770	3.188	6.257
165	-7.770	3.188	6.257
325	-7.769	3.188	6.257
327	-7.769	3.188	6.252
339	-7.769	3.188	6.263
384	-7.769	3.188	6.263
619	-7.769	3.188	6.261
669	-7.769	3.188	6.261
269	-7.767	3.188	6.198
275	-7.767	3.188	5.160
278	-7.767	3.188	5.160
472	-7.767	3.188	5.158
473	-7.767	3.188	5.158
860	-7.765	3.188	5.158
962	-7.765	3.188	5.158
1257	-7.755	3.187	5.158
1262	-7.755	3.187	5.158
1334	-7.749	3.190	5.158
1348	-7.749	3.190	5.156
1386	-7.749	3.190	5.156
1278	-7.746	2.198	5.157
465	-7.744	3.185	10.643
560	-7.743	3.184	5.162
219	-7.732	2.212	5.162
247	-7.732	2.212	5.162
248	-7.732	2.212	5.162
177	-7.731	2.212	5.162
192	-7.731	2.212	5.162
196	-7.731	2.212	5.162
5	-7.730	2.213	5.162
13	-7.730	2.213	5.158
15	-7.730	2.213	3.570
20	-7.730	2.213	3.570
22	-7.730	2.213	8.195
34	-7.730	2.213	8.196
52	-7.730	2.213	7.914
54	-7.730	2.213	9.786
60	-7.730	2.213	8.230
63	-7.730	2.213	9.119
91	-7.730	2.213	7.781
107	-7.730	2.213	7.365
114	-7.730	2.213	7.579
127	-7.730	2.213	7.798
149	-7.730	2.213	3.464
152	-7.730	2.213	7.945
313	-7.730	2.212	7.945
343	-7.730	2.212	7.946
359	-7.730	2.212	7.364
367	-7.730	2.212	7.364
393	-7.730	2.212	7.364
405	-7.730	2.212	7.364
406	-7.730	2.212	7.369
418	-7.730	2.212	7.369
456	-7.730	2.212	7.369
587	-7.730	2.212	3.461
607	-7.730	2.212	7.976
717	-7.730	2.212	7.976
1146	-7.730	2.212	8.647
284	-7.729	2.212	8.035
967	-7.729	2.212	5.537
571	-7.729	2.212	8.125
1230	-7.727	2.212	8.133
1232	-7.727	2.212	9.099
1233	-7.727	2.212	9.069
360	-7.724	3.071	13.630
16	-7.723	3.070	8.584
32	-7.723	3.070	13.503
33	-7.723	3.070	4.354
59	-7.723	3.070	6.225
98	-7.723	3.070	8.392
147	-7.723	3.070	9.532
160	-7.723	3.070	9.533
172	-7.723	3.070	9.535
203	-7.717	2.208	9.836
451	-7.717	2.207	9.836
311	-7.716	2.207	9.835
489	-7.716	2.207	9.890
490	-7.716	2.207	11.068
605	-7.716	2.207	10.322
532	-7.716	2.207	10.651
794	-7.716	2.207	10.481
866	-7.716	2.207	10.482
1489	-7.715	2.207	10.486
1535	-7.715	2.207	0.001
1255	-7.712	2.207	0.001
1263	-7.712	2.207	0.001
1276	-7.712	2.207	0.001
1302	-7.712	2.207	0.001
1308	-7.712	2.207	0.001
1312	-7.712	2.207	0.001
1326	-7.712	2.207	0.001
1340	-7.712	2.207	0.001
1356	-7.712	2.207	0.001
1369	-7.712	2.207	0.000
1378	-7.712	2.207	0.001
1383	-7.712	2.207	0.001
1394	-7.712	2.207	0.001
1413	-7.712	2.207	0.000
1420	-7.712	2.207	0.000
1430	-7.712	2.207	0.000
1439	-7.712	2.207	0.000
1442	-7.712	2.207	10.492
1443	-7.712	2.207	10.491
1457	-7.712	2.207	3.272
1458	-7.712	2.207	3.272
1461	-7.712	2.207	3.269
1479	-7.712	2.207	3.273
1522	-7.709	2.207	3.273
1563	-7.709	2.207	3.274
1483	-7.706	2.207	0.024
1447	-7.606	0.056	4.375
1234	-7.605	0.055	4.375
1236	-7.605	0.055	4.376
1246	-7.605	0.056	4.106
1254	-7.605	0.056	4.376
1256	-7.605	0.056	4.370
1266	-7.605	0.055	1.644
1292	-7.605	0.056	1.643
1319	-7.605	0.056	1.643
1327	-7.605	0.056	1.643
1335	-7.605	0.056	1.643
1347	-7.605	0.056	1.674
1359	-7.605	0.056	11.657
1368	-7.605	0.056	2.739
1372	-7.605	0.056	2.723
1486	-7.605	0.057	2.729
576	-7.604	0.057	2.753
481	-7.603	0.057	9.077
516	-7.602	0.057	13.797
678	-7.602	0.058	6.259
725	-7.602	0.058	6.257
431	-7.601	0.057	6.257
432	-7.601	0.057	6.257
444	-7.601	0.057	6.257
270	-7.596	0.057	6.257
1565	-7.596	0.056	6.252
1571	-7.596	0.056	6.263
529	-7.486	1.507	8.125
1049	-7.486	1.507	8.133
1074	-7.486	1.507	8.185
1500	-7.486	1.507	9.069
507	-7.485	1.507	13.630
1492	-7.484	1.508	8.932
1498	-7.484	1.507	0.000
1501	-7.484	1.508	4.349
1503	-7.484	1.507	6.225
1504	-7.484	1.508	8.395
1506	-7.484	1.507	9.532
1515	-7.484	1.508	9.532
1519	-7.484	1.508	9.836
1536	-7.484	1.508	9.836
1551	-7.484	1.508	9.836
1570	-7.484	1.508	9.835
1572	-7.484	1.507	9.890
1380	-7.477	1.506	11.062
1402	-7.477	1.506	10.321
1411	-7.477	1.506	10.651
1415	-7.477	1.506	10.482
1421	-7.477	1.506	10.481
1423	-7.477	1.506	0.002
1424	-7.477	1.506	0.001
1429	-7.477	1.506	0.001
1465	-7.477	1.506	0.001
1473	-7.477	1.506	0.001
1474	-7.477	1.506	0.001
1280	-7.476	1.506	0.001
1360	-7.476	1.506	0.001
1271	-7.476	1.506	0.001
1289	-7.476	1.506	0.001
1341	-7.476	1.506	0.001
1371	-7.476	1.506	0.001
1384	-7.475	1.507	0.001
1404	-7.400	1.209	10.491
1425	-7.400	1.209	0.000
1445	-7.400	1.209	0.000
1478	-7.400	1.209	0.000
1267	-7.400	1.209	0.000
1268	-7.400	1.209	10.492
1269	-7.400	1.209	10.492
1272	-7.400	1.209	3.272
1274	-7.400	1.209	3.272
1239	-7.399	1.209	3.269
1245	-7.399	1.209	3.273
1249	-7.399	1.209	3.274
1253	-7.399	1.209	3.274
1260	-7.399	1.209	0.024
1287	-7.399	1.209	2.403
1290	-7.399	1.209	3.015
1298	-7.399	1.209	3.011
1304	-7.399	1.209	10.133
1313	-7.399	1.209	10.132
1322	-7.399	1.209	3.113
1329	-7.399	1.209	3.101
1342	-7.399	1.209	3.101
1361	-7.399	1.209	3.101
1366	-7.399	1.209	3.100
1525	-7.397	1.210	3.100
443	-7.393	1.210	3.100
654	-7.393	1.210	10.093
1398	-7.391	1.209	4.960
1477	-7.391	1.209	4.960
1482	-7.391	1.209	4.960
1518	-7.389	1.209	4.961
1520	-7.389	1.209	4.961
1528	-7.389	1.209	4.960
1540	-7.389	1.209	4.960
1377	-7.280	1.585	0.001
1381	-7.280	1.585	0.001
1382	-7.280	1.585	0.001
1441	-7.280	1.585	0.001
1259	-7.279	1.585	0.001
1311	-7.279	1.585	0.001
1345	-7.279	1.585	0.001
1365	-7.279	1.585	0.001
195	-7.234	1.445	4.961
813	-7.225	1.445	4.961
1379	-7.219	1.444	4.960
1387	-7.219	1.444	4.960
1407	-7.219	1.445	4.961
1422	-7.219	1.445	4.956
1435	-7.219	1.445	4.956
1240	-7.219	1.445	4.956
1250	-7.219	1.445	4.956
1251	-7.219	1.445	4.956
1264	-7.219	1.445	4.956
1273	-7.219	1.445	4.956
1281	-7.219	1.445	4.956
1296	-7.219	1.445	4.956
1303	-7.219	1.445	4.956
1328	-7.219	1.445	4.112
1343	-7.219	1.445	10.580
1344	-7.219	1.445	10.580
1351	-7.219	1.445	4.108
1354	-7.219	1.445	4.375
1243	-7.218	1.445	4.374
1527	-7.210	1.445	4.376
1575	-7.210	1.445	4.106
1237	-7.203	1.445	4.376
1238	-7.203	1.445	4.370
1241	-7.203	1.445	1.643
1244	-7.203	1.445	1.643
1247	-7.203	1.445	1.643
1248	-7.203	1.445	1.643
1252	-7.203	1.445	1.643
1258	-7.203	1.445	1.824
1261	-7.203	1.445	11.656
1285	-7.203	1.445	2.724
1159	-7.149	2.816	2.723
832	-7.146	2.791	2.728
1032	-7.143	2.751	2.752
205	-7.139	2.656	9.077
944	-7.139	2.714	13.797
1107	-7.138	2.667	6.259
701	-7.137	2.657	6.257
421	-7.135	2.636	6.257
852	-7.130	2.630	6.257
215	-7.108	2.620	6.257
1071	-7.106	2.631	6.252
154	-7.106	2.625	6.252
169	-7.106	2.625	6.263
376	-7.106	2.625	6.263
377	-7.106	2.625	6.261
378	-7.106	2.625	13.807
664	-7.106	2.625	10.633
665	-7.106	2.625	5.159
675	-7.106	2.625	5.160
1013	-7.106	2.625	5.158
1085	-7.106	2.625	5.158
1161	-7.106	2.623	5.158
1099	-7.106	2.616	5.158
46	-7.105	2.625	5.158
74	-7.105	2.625	5.155
422	-7.105	2.625	5.158
461	-7.105	2.625	5.156
263	-7.105	2.624	5.156
289	-7.105	2.625	5.157
497	-7.105	2.624	5.162
506	-7.105	2.625	5.162
729	-7.105	2.625	5.162
988	-7.105	2.626	5.162
1122	-7.105	2.611	5.162
1488	-7.104	2.622	5.162
1484	-7.104	2.621	5.162
1513	-7.104	2.622	5.162
1569	-7.104	2.622	5.161
1867	-7.102	2.622	11.320
1886	-7.102	2.622	3.570
1893	-7.102	2.622	7.356
1892	-7.102	2.621	8.195
1202	-7.102	2.580	8.196
1113	-7.101	2.625	7.914
1121	-7.101	2.627	8.157
1288	-7.101	2.622	9.801
1293	-7.101	2.622	7.781
1294	-7.101	2.622	7.781
1299	-7.101	2.622	7.370
1300	-7.101	2.622	7.798
1301	-7.101	2.622	7.797
1306	-7.101	2.622	3.470
1307	-7.101	2.622	7.945
1310	-7.101	2.622	3.466
1314	-7.101	2.622	7.946
1315	-7.101	2.622	7.364
1316	-7.101	2.622	7.364
1317	-7.101	2.622	7.365
1321	-7.101	2.622	7.364
1324	-7.101	2.622	7.369
1325	-7.101	2.622	7.369
1330	-7.101	2.622	7.369
1331	-7.101	2.622	7.975
1332	-7.101	2.622	7.976
1333	-7.101	2.622	7.977
1338	-7.101	2.622	9.112
1346	-7.101	2.622	5.440
1352	-7.101	2.622	8.255
1353	-7.101	2.622	8.133
1367	-7.101	2.622	8.133
1389	-7.101	2.623	8.184
1390	-7.101	2.623	9.069
1391	-7.101	2.623	13.630
1395	-7.101	2.623	13.647
1399	-7.101	2.623	13.503
1403	-7.101	2.623	8.438
1405	-7.101	2.623	6.234
1406	-7.101	2.623	2.114
1408	-7.101	2.623	2.114
1409	-7.101	2.623	2.115
1416	-7.101	2.622	2.073
1426	-7.101	2.623	2.073
1432	-7.101	2.623	2.072
1433	-7.101	2.623	2.060
1436	-7.101	2.623	2.059
1437	-7.101	2.623	1.921
1438	-7.101	2.623	1.892
1446	-7.101	2.623	0.922
1451	-7.101	2.623	1.291
1452	-7.101	2.623	1.339
1453	-7.101	2.623	10.765
1463	-7.101	2.623	10.764
1466	-7.101	2.623	10.764
1265	-7.101	2.622	10.764
1279	-7.101	2.622	10.764
1282	-7.101	2.622	10.764
1393	-7.101	2.625	10.764
1889	-7.101	2.618	10.764
1410	-7.101	2.619	10.764
1185	-7.101	2.574	10.764
521	-7.100	2.625	10.764
843	-7.100	2.625	10.764
752	-7.100	2.624	10.764
1496	-7.099	2.623	10.764
1487	-7.099	2.621	10.764
1493	-7.099	2.622	10.764
1534	-7.099	2.621	10.764
1537	-7.099	2.621	10.764
1562	-7.099	2.621	10.764
1567	-7.099	2.620	0.074
1495	-7.099	2.618	1.009
1024	-7.098	2.698	11.194
973	-7.098	2.709	11.194
1215	-7.098	2.612	10.771
1450	-7.096	2.628	11.194
1374	-7.096	2.622	11.194
1397	-7.096	2.622	11.194
1401	-7.096	2.622	10.776
1419	-7.096	2.622	11.094
1454	-7.096	2.622	11.510
1464	-7.096	2.622	11.510
1467	-7.096	2.622	2.214
1469	-7.096	2.621	2.214
1471	-7.096	2.622	11.038
1459	-7.096	2.625	11.038
1475	-7.096	2.611	11.038
191	-6.656	2.352	3.570
122	-6.655	2.352	11.699
1295	-6.516	1.698	8.920
1529	-6.416	2.430	8.920
631	-6.415	2.429	9.632
595	-6.415	2.430	11.519
397	-6.414	2.430	9.629
509	-6.413	2.429	9.629
1375	-6.413	2.430	8.418
1388	-6.413	2.430	8.418
1417	-6.413	2.430	8.418
1428	-6.413	2.430	8.919
1434	-6.413	2.430	8.414
1444	-6.413	2.430	8.414
315	-6.413	2.430	8.414
1275	-6.411	2.429	11.525
1277	-6.411	2.429	11.526
1305	-6.411	2.429	11.526
1309	-6.411	2.429	10.439
1318	-6.411	2.429	10.367
1323	-6.411	2.429	12.962
1337	-6.411	2.429	8.990
1339	-6.411	2.429	8.994
1349	-6.411	2.429	12.898
1358	-6.411	2.429	11.629
1363	-6.411	2.429	19.641
1370	-6.411	2.429	19.366
1373	-6.411	2.429	12.624
526	-6.411	2.430	12.902
777	-6.411	2.430	10.966
928	-6.411	2.430	2.114
348	-6.410	2.430	2.114
1511	-6.407	2.430	2.115
1514	-6.407	2.430	2.073
1541	-6.407	2.431	2.073
1414	-6.404	2.431	2.072
1431	-6.404	2.431	2.060
1468	-6.404	2.431	2.059
1448	-6.393	2.005	1.923
1512	-6.386	2.002	1.892
211	-6.385	2.004	1.290
445	-6.384	2.002	1.291
845	-6.384	2.003	1.339
1336	-6.383	2.003	10.764
1392	-6.383	2.003	10.764
1396	-6.383	2.003	10.764
1400	-6.383	2.003	10.764
1283	-6.382	2.003	10.764
1284	-6.382	2.003	10.764
1222	-6.360	2.475	10.764
759	-6.284	2.712	10.764
539	-6.283	2.727	10.764
544	-6.283	2.727	10.764
545	-6.283	2.727	10.764
459	-6.282	2.725	10.764
1502	-6.280	2.709	10.764
450	-6.277	2.722	10.764
1427	-6.275	2.723	10.764
1476	-6.275	2.723	10.764
1270	-6.275	2.723	0.000
1286	-6.275	2.723	0.084
1291	-6.275	2.723	1.334
1297	-6.275	2.723	10.771
1320	-6.275	2.723	11.194
1350	-6.275	2.723	11.194
1362	-6.275	2.723	11.194
972	-6.221	2.751	2.215
1855	-6.152	3.975	11.816
1839	-6.150	3.974	11.816
1848	-6.150	3.974	11.816
1865	-6.147	3.970	11.816
1852	-6.147	3.967	11.816
1853	-6.147	3.967	11.816
1854	-6.147	3.967	11.816
1858	-6.147	3.967	11.816
1859	-6.147	3.967	3.570
1860	-6.147	3.967	11.699
1862	-6.147	3.967	11.700
1864	-6.147	3.967	11.701
1866	-6.147	3.967	11.702
1868	-6.147	3.967	11.734
1869	-6.147	3.967	11.734
1871	-6.147	3.967	11.702
1873	-6.147	3.967	11.734
1875	-6.147	3.967	11.733
1882	-6.147	3.967	11.733
1883	-6.147	3.967	10.596
1884	-6.147	3.967	10.596
1888	-6.147	3.967	10.596
1891	-6.147	3.967	10.596
1151	-6.146	3.961	10.590
656	-6.146	3.973	17.438
661	-6.146	3.973	15.823
688	-6.146	3.973	10.273
1009	-6.146	3.973	10.272
1094	-6.146	3.973	10.272
1102	-6.146	3.973	10.272
1155	-6.146	3.973	20.201
1160	-6.146	3.973	10.312
1181	-6.146	3.973	10.211
1186	-6.146	3.973	10.211
1191	-6.146	3.973	10.213
1194	-6.146	3.973	10.213
1216	-6.146	3.973	10.213
1220	-6.146	3.973	10.211
1564	-6.146	3.972	10.211
1164	-6.146	3.973	10.211
782	-6.145	3.973	10.212
549	-6.145	3.973	10.213
561	-6.145	3.972	10.198
742	-6.145	3.974	12.103
790	-6.145	3.974	12.103
805	-6.145	3.974	12.103
819	-6.145	3.972	12.103
827	-6.145	3.973	12.103
835	-6.145	3.974	12.103
855	-6.145	3.973	12.103
896	-6.145	3.973	12.103
923	-6.145	3.973	12.103
951	-6.145	3.973	12.103
982	-6.145	3.973	12.103
1376	-6.145	3.973	12.103
1440	-6.145	3.973	12.105
1802	-6.144	3.964	12.104
1818	-6.144	3.964	12.104
1791	-6.144	3.964	12.104
1795	-6.144	3.964	12.104
1797	-6.144	3.964	12.104
1798	-6.144	3.964	12.104
1801	-6.144	3.964	12.104
1808	-6.144	3.964	12.104
1811	-6.144	3.964	12.104
1812	-6.144	3.964	11.501
1814	-6.144	3.964	11.501
1815	-6.144	3.964	7.611
1817	-6.144	3.964	9.260
1822	-6.144	3.964	9.258
1825	-6.144	3.964	8.315
1826	-6.144	3.964	9.224
1828	-6.144	3.964	13.188
1829	-6.144	3.964	8.937
1831	-6.144	3.964	8.937
1832	-6.144	3.964	9.606
1833	-6.144	3.964	8.920
1835	-6.144	3.964	8.920
1836	-6.144	3.964	8.920
1837	-6.144	3.964	11.519
1838	-6.144	3.964	9.629
1841	-6.144	3.964	9.629
1843	-6.144	3.964	8.418
1846	-6.144	3.964	8.418
1847	-6.144	3.964	8.418
1849	-6.144	3.964	8.414
429	-6.143	3.972	8.414
1364	-6.142	3.971	8.414
511	-6.142	3.971	8.918
1877	-6.142	3.963	11.525
990	-6.140	3.961	11.526
1491	-6.140	3.961	13.294
1494	-6.140	3.961	10.439
1497	-6.140	3.961	10.367
1505	-6.140	3.961	12.970
1508	-6.140	3.961	8.994
1509	-6.140	3.961	8.994
1517	-6.140	3.961	12.898
1523	-6.140	3.961	19.411
1539	-6.140	3.961	19.641
1544	-6.140	3.961	19.818
1547	-6.140	3.961	12.625
1549	-6.140	3.961	12.902
1555	-6.140	3.961	10.967
1557	-6.140	3.961	2.114
1558	-6.140	3.961	2.114
1560	-6.140	3.961	2.114
1561	-6.140	3.961	2.073
1566	-6.140	3.961	2.073
1573	-6.140	3.961	2.072
1574	-6.140	3.961	2.060
1576	-6.140	3.961	2.058
1577	-6.140	3.961	1.923
1003	-6.140	3.963	1.304
1080	-6.140	3.963	1.290
1083	-6.140	3.964	1.292
1117	-6.140	3.963	1.339
1026	-6.140	3.964	10.764
892	-6.139	3.963	10.764
895	-6.139	3.963	10.764
909	-6.139	3.963	10.764
926	-6.139	3.963	10.764
930	-6.139	3.963	10.764
833	-6.139	3.963	10.764
901	-6.139	3.963	10.764
1449	-6.139	3.963	10.764
1456	-6.139	3.963	10.764
1462	-6.139	3.963	10.764
744	-6.138	3.964	10.764
822	-6.138	3.963	10.764
1189	-6.133	3.158	10.764
1184	-4.722	3.922	11.552
425	-4.715	3.921	11.552
780	-4.714	3.918	11.552
891	-4.714	3.917	11.552
737	-4.713	3.916	11.552
851	-4.711	3.916	11.552
853	-4.711	3.916	11.552
547	-4.710	3.915	11.552
1123	-4.702	3.916	11.552
629	-4.701	3.925	11.552
739	-4.700	3.925	11.552
820	-4.698	3.923	11.552
908	-4.694	3.919	11.553
781	-4.694	3.910	11.553
987	-4.694	3.911	11.553
479	-4.690	3.909	11.553
834	-4.690	3.909	11.553
