1735	-5.003	0.000	9.720
1775	-4.965	0.894	5.287
1981	-4.911	0.982	12.263
1724	-4.902	0.984	5.098
1748	-4.870	0.898	4.084
1726	-4.812	1.393	1.503
1732	-4.812	1.393	1.499
1781	-4.812	1.393	1.499
661	-4.794	1.390	4.473
952	-4.794	1.390	4.473
1622	-4.794	1.390	4.473
1625	-4.794	1.389	4.473
1630	-4.794	1.390	4.399
1633	-4.794	1.389	12.941
1634	-4.794	1.390	12.958
1636	-4.794	1.390	5.001
1638	-4.794	1.390	5.006
1639	-4.794	1.390	5.006
1645	-4.794	1.390	9.569
1658	-4.794	1.389	17.558
1665	-4.794	1.390	5.261
1699	-4.794	1.390	3.620
1709	-4.794	1.390	3.620
1740	-4.794	1.389	3.620
1743	-4.794	1.389	3.620
1751	-4.794	1.389	3.620
1761	-4.794	1.389	3.615
1713	-4.794	1.390	3.615
1721	-4.794	1.390	3.624
1722	-4.794	1.390	3.624
1734	-4.607	2.048	5.121
1776	-4.607	2.048	5.121
1612	-4.597	2.052	9.026
1613	-4.597	2.052	9.026
1615	-4.597	2.051	9.028
1619	-4.597	2.052	9.029
1620	-4.597	2.052	9.029
1621	-4.597	2.052	5.580
1623	-4.597	2.052	4.084
1624	-4.597	2.052	4.085
1628	-4.597	2.052	7.777
1637	-4.597	2.052	4.300
1644	-4.597	2.052	5.714
1650	-4.597	2.052	5.613
1651	-4.597	2.052	5.612
1652	-4.597	2.052	4.616
1656	-4.597	2.052	5.089
1660	-4.597	2.052	17.106
1661	-4.597	2.052	17.545
1678	-4.597	2.052	17.352
1680	-4.597	2.052	5.971
1703	-4.597	2.051	7.607
1716	-4.597	2.052	7.604
1719	-4.597	2.052	10.777
1741	-4.597	2.051	10.776
1744	-4.597	2.052	10.775
1752	-4.597	2.051	10.873
1757	-4.597	2.052	10.873
1762	-4.597	2.052	10.873
1765	-4.597	2.052	10.895
1649	-3.959	2.814	3.620
1693	-3.958	2.813	3.621
1704	-3.958	2.813	3.620
1715	-3.958	2.813	3.620
1718	-3.958	2.813	3.620
1723	-3.958	2.813	3.620
