411	-9.340	0.000	4.979
415	-8.853	0.034	13.155
426	-8.853	0.036	13.155
491	-8.473	0.324	11.670
487	-8.472	0.307	11.670
497	-8.394	2.357	8.115
303	-8.325	3.347	14.895
188	-8.178	1.048	2.983
165	-8.178	1.052	2.983
376	-8.177	1.049	2.983
333	-8.177	1.049	2.983
385	-8.177	1.050	2.983
362	-8.177	1.051	2.983
535	-8.175	1.050	2.983
151	-8.160	1.032	4.325
503	-8.153	1.061	4.325
334	-8.123	1.394	4.609
1305	-8.066	1.077	3.789
1335	-8.066	1.080	3.789
226	-8.065	1.078	5.264
397	-8.065	1.078	5.264
291	-8.018	0.719	5.262
506	-8.016	0.687	5.262
141	-8.016	0.749	5.262
306	-8.006	0.717	5.262
454	-8.001	3.766	5.261
138	-7.962	3.811	6.656
74	-7.440	1.954	5.844
541	-6.124	3.479	9.713
