1628	-8.025	0.000	5.265
1635	-7.144	3.249	1.822
1589	-6.915	0.989	5.074
1579	-6.915	0.991	5.075
1600	-6.914	0.989	5.075
1581	-6.914	3.360	5.079
1559	-6.914	3.360	5.080
1536	-6.910	3.254	5.080
1618	-6.909	3.254	7.856
1617	-6.909	3.253	7.856
1529	-6.879	3.359	7.858
1537	-6.879	3.359	6.707
1555	-6.879	3.358	3.150
1552	-6.795	2.626	5.787
1533	-6.753	3.440	7.283
1583	-6.753	3.441	5.714
1610	-6.753	3.441	8.900
1612	-6.753	3.441	13.238
1615	-6.753	3.441	13.252
1603	-6.753	3.441	13.157
1564	-6.752	3.441	6.049
1608	-6.752	3.441	3.855
1616	-6.660	3.754	9.379
1632	-6.659	3.363	9.309
1556	-6.658	3.363	9.310
1614	-6.658	3.363	9.309
1640	-6.459	3.437	10.316
