1326	-13.554	0.000	20.416
1214	-13.550	0.001	20.417
1279	-13.126	1.639	13.382
1290	-12.765	3.785	16.353
1294	-12.765	3.785	16.353
1331	-12.759	1.396	16.353
1196	-12.716	1.532	17.563
1300	-12.716	1.501	17.562
1301	-12.715	1.478	17.563
1328	-12.643	1.081	17.559
1281	-12.633	3.788	17.559
1284	-12.614	1.873	21.761
1233	-12.562	3.786	13.806
1264	-12.321	3.328	13.704
1315	-12.318	3.312	13.705
1312	-12.294	3.288	13.707
1250	-12.200	3.318	13.707
1199	-12.193	3.353	13.707
1291	-12.174	3.323	13.463
1206	-12.171	3.321	13.463
1232	-12.076	3.326	20.358
1298	-10.950	3.540	4.437
1256	-10.949	3.540	10.352
1280	-10.947	3.540	4.436
1194	-10.812	3.539	4.983
1169	-10.811	3.539	4.979
1164	-10.805	3.548	4.979
1237	-10.750	3.539	3.022
1263	-10.515	3.347	7.436
1295	-10.506	3.353	7.467
1231	-10.502	3.350	7.908
1190	-10.499	3.356	6.894
1172	-10.499	3.364	7.903
1332	-10.488	3.353	6.912
1215	-10.487	3.353	5.075
1207	-10.486	3.352	5.075
1202	-10.478	3.374	7.855
1228	-10.476	3.354	8.263
1337	-10.469	3.380	10.125
1167	-10.348	3.461	3.789
1251	-10.345	2.503	3.788
1321	-10.337	2.506	5.261
1212	-10.333	2.507	5.261
1308	-10.287	3.742	5.261
1288	-10.252	3.525	4.437
1325	-10.250	2.497	4.437
1324	-10.250	2.497	4.437
1289	-10.239	2.496	4.436
1292	-10.237	2.487	4.544
1313	-10.197	2.488	4.544
1222	-10.121	3.331	9.349
1319	-10.106	3.415	6.655
1203	-9.927	3.202	7.596
1217	-9.927	3.202	3.100
1227	-9.802	3.204	4.544
1177	-9.798	3.598	2.091
1200	-9.795	3.112	9.329
1274	-9.722	3.442	5.075
1223	-9.707	3.472	5.079
1245	-9.697	3.454	5.080
1239	-9.619	3.587	6.001
1211	-9.506	3.587	3.789
1168	-9.454	3.590	5.261
1336	-9.440	3.590	5.261
1320	-9.430	3.590	5.261
1213	-7.932	3.880	13.298
1254	-7.930	3.881	4.985
