132	-11.260	0.000	12.651
134	-11.260	0.016	9.262
146	-11.260	0.017	9.252
118	-11.259	0.052	9.251
244	-11.259	0.003	9.367
60	-11.259	0.006	9.368
84	-11.259	0.009	9.367
27	-11.259	0.013	9.414
49	-11.259	0.012	10.143
44	-11.259	0.020	9.643
247	-11.258	0.014	10.012
312	-11.258	0.004	10.124
525	-11.258	0.036	10.125
224	-11.257	0.067	10.153
516	-11.257	0.049	2.984
286	-11.257	0.080	2.984
433	-11.257	0.068	2.984
472	-11.256	0.046	2.984
315	-11.256	0.086	2.984
51	-11.255	0.097	2.984
193	-11.255	0.081	2.984
236	-11.254	0.101	2.984
50	-11.253	0.198	2.984
434	-11.253	0.184	2.984
112	-11.252	0.135	2.984
435	-11.252	0.092	2.984
62	-11.252	0.104	2.984
9	-11.251	0.013	2.984
13	-11.251	0.016	2.984
183	-11.250	0.238	2.984
185	-11.250	0.131	2.984
206	-11.250	0.017	10.312
273	-11.248	0.310	4.346
543	-11.246	0.360	10.095
149	-11.246	0.346	4.324
147	-11.245	0.393	2.983
156	-11.244	0.408	4.325
406	-11.244	0.397	4.325
444	-11.244	0.376	4.325
166	-11.244	0.397	4.325
85	-11.244	0.371	4.003
500	-11.244	0.297	4.609
420	-11.244	0.139	4.607
348	-11.243	0.429	4.604
81	-11.243	0.408	3.799
133	-11.243	0.393	9.727
89	-11.242	0.428	3.789
221	-11.241	0.427	3.789
440	-11.240	0.433	3.788
70	-11.240	0.481	3.789
76	-11.240	0.469	3.788
12	-11.236	0.439	3.789
422	-11.233	0.366	5.263
423	-11.230	0.477	5.264
421	-11.227	0.544	5.263
313	-10.509	0.460	5.844
395	-10.148	3.320	2.091
139	-10.148	3.331	2.091
388	-10.146	3.285	2.091
19	-10.139	3.312	2.091
1334	-10.129	3.224	2.129
196	-10.056	3.831	4.984
214	-10.000	3.812	3.025
83	-9.968	3.456	3.031
82	-9.968	3.454	2.221
168	-9.968	3.454	2.221
117	-9.968	3.454	7.434
227	-9.968	3.453	7.435
277	-9.968	3.454	5.847
308	-9.968	3.454	7.572
343	-9.968	3.454	7.467
393	-9.968	3.454	7.907
408	-9.968	3.454	6.894
561	-9.968	3.455	7.903
564	-9.968	3.454	6.910
37	-9.968	3.453	6.910
68	-9.968	3.454	7.237
136	-9.968	3.454	6.910
402	-9.968	3.453	7.822
78	-9.967	3.458	6.912
369	-9.967	3.450	5.075
351	-9.950	3.455	5.075
212	-9.949	3.455	5.075
268	-9.949	3.455	5.079
208	-9.920	3.923	7.273
342	-9.917	3.415	7.281
71	-9.906	3.486	7.862
297	-9.533	2.241	4.325
559	-9.527	2.215	4.005
345	-9.494	2.105	3.788
155	-9.400	1.950	4.437
195	-9.275	3.442	3.021
42	-8.915	1.594	11.803
189	-8.842	3.163	13.156
409	-8.789	1.536	11.817
523	-8.782	1.611	12.986
522	-8.700	3.205	13.420
213	-8.643	2.749	12.703
346	-8.538	3.677	9.723
383	-8.470	3.947	11.677
382	-8.441	3.268	8.115
384	-8.441	3.268	8.115
253	-8.329	3.178	14.893
110	-8.310	3.170	14.309
479	-8.198	3.627	2.983
320	-8.066	3.581	3.789
292	-8.065	3.579	3.789
425	-8.055	3.577	5.264
485	-7.914	3.848	4.980
207	-7.869	3.917	4.980
532	-7.837	3.776	4.979
529	-7.624	3.467	3.021
560	-7.444	3.006	7.436
167	-7.313	3.568	7.587
465	-7.312	3.573	6.895
473	-7.312	3.581	6.895
282	-7.311	3.559	5.081
370	-7.308	3.611	6.911
364	-6.732	3.680	9.384
