1448	-11.738	0.000	0.000
1449	-11.738	0.000	7.263
1466	-11.738	0.000	7.261
1467	-11.738	0.000	7.261
1496	-11.738	0.000	7.261
1510	-11.738	0.000	7.261
1555	-11.738	0.000	7.261
1570	-11.738	0.000	7.261
1571	-11.738	0.000	7.261
1572	-11.738	0.000	7.261
1573	-11.738	0.000	7.261
1364	-11.725	0.016	7.260
1382	-11.725	0.016	7.253
1388	-11.725	0.016	7.259
1389	-11.725	0.015	7.259
1390	-11.725	0.016	7.259
1393	-11.725	0.016	7.259
1394	-11.725	0.016	7.259
1398	-11.725	0.016	7.259
1399	-11.725	0.016	7.259
1400	-11.725	0.016	7.259
1401	-11.725	0.016	7.258
1402	-11.725	0.015	7.357
1403	-11.725	0.015	7.357
1404	-11.725	0.016	1.749
1405	-11.725	0.016	1.749
1406	-11.725	0.016	1.748
1409	-11.725	0.016	8.689
1410	-11.725	0.016	1.739
1418	-11.725	0.015	12.596
1426	-11.725	0.016	1.799
1430	-11.725	0.016	12.596
1431	-11.725	0.015	1.795
1433	-11.725	0.016	1.795
1441	-11.725	0.015	1.794
1447	-11.725	0.016	1.795
1451	-11.725	0.015	3.514
1450	-11.723	0.016	1.794
1452	-11.723	0.016	8.032
1453	-11.723	0.016	8.032
1454	-11.723	0.016	8.033
1455	-11.723	0.016	8.033
1456	-11.723	0.016	8.033
1457	-11.723	0.016	8.034
1458	-11.723	0.016	8.034
1459	-11.723	0.016	7.428
1460	-11.723	0.016	3.511
1461	-11.723	0.016	3.511
1462	-11.723	0.016	12.655
1463	-11.723	0.016	2.510
1464	-11.723	0.016	6.916
1465	-11.723	0.016	0.026
1468	-11.723	0.016	0.000
1469	-11.723	0.016	2.507
1470	-11.723	0.016	19.943
1473	-11.723	0.016	19.942
1476	-11.723	0.016	20.191
1477	-11.723	0.016	20.109
1478	-11.723	0.016	7.102
1479	-11.723	0.016	8.241
1480	-11.723	0.016	8.239
1482	-11.723	0.016	8.234
1484	-11.723	0.016	8.232
1512	-11.723	0.016	8.232
1514	-11.723	0.016	8.126
1516	-11.723	0.016	8.126
1518	-11.723	0.016	8.125
1522	-11.723	0.016	8.126
1527	-11.723	0.016	8.138
1531	-11.723	0.016	7.855
1532	-11.723	0.016	8.550
1533	-11.723	0.016	8.383
1365	-11.722	0.016	8.382
1366	-11.722	0.016	8.379
1367	-11.722	0.016	8.132
1368	-11.722	0.016	8.132
1369	-11.722	0.016	8.132
1370	-11.722	0.016	8.132
1371	-11.722	0.016	8.132
1372	-11.722	0.016	8.132
1373	-11.722	0.016	8.132
1374	-11.722	0.016	8.132
1375	-11.722	0.016	8.132
1376	-11.722	0.016	8.132
1377	-11.722	0.016	8.132
1378	-11.722	0.016	8.132
1379	-11.722	0.016	8.132
1380	-11.722	0.016	8.132
1381	-11.722	0.016	8.132
1383	-11.722	0.016	8.132
1384	-11.722	0.016	8.132
1385	-11.722	0.016	8.132
1386	-11.722	0.016	8.612
1387	-11.722	0.016	8.606
1391	-11.722	0.016	6.779
1392	-11.722	0.016	6.778
1395	-11.722	0.016	6.779
1396	-11.722	0.016	6.777
1397	-11.722	0.016	6.778
1407	-11.722	0.016	6.778
1408	-11.722	0.016	6.778
1411	-11.722	0.016	7.291
1412	-11.722	0.016	6.934
1413	-11.722	0.016	6.936
1414	-11.722	0.016	6.941
1415	-11.722	0.016	6.470
1416	-11.722	0.016	7.798
1417	-11.722	0.016	6.478
1419	-11.722	0.016	6.478
1420	-11.722	0.016	6.478
1421	-11.722	0.016	6.479
1422	-11.722	0.016	6.479
1423	-11.722	0.016	6.479
1424	-11.722	0.016	6.479
1425	-11.722	0.016	7.801
1427	-11.722	0.016	5.610
1428	-11.722	0.016	5.610
1432	-11.722	0.016	5.610
1434	-11.722	0.016	5.610
1435	-11.722	0.016	5.610
1436	-11.722	0.016	5.611
1437	-11.722	0.016	5.611
1438	-11.722	0.016	5.610
1439	-11.722	0.016	5.612
1440	-11.722	0.016	5.612
1442	-11.722	0.016	5.612
1443	-11.722	0.016	5.612
1444	-11.722	0.016	5.612
1445	-11.722	0.016	5.612
1446	-11.722	0.016	5.612
1686	-11.614	0.021	5.612
1687	-11.614	0.021	5.612
1696	-11.614	0.021	5.612
1699	-11.614	0.021	5.870
1700	-11.614	0.021	5.870
1701	-11.614	0.021	5.875
1703	-11.614	0.021	5.874
1704	-11.614	0.021	5.556
1705	-11.614	0.021	5.556
1471	-11.613	0.021	5.555
1472	-11.613	0.021	5.876
1474	-11.613	0.021	5.555
1481	-11.613	0.021	5.559
1486	-11.613	0.021	5.559
1487	-11.613	0.021	7.518
1488	-11.613	0.021	7.518
1489	-11.613	0.021	7.518
1490	-11.613	0.021	7.518
1495	-11.613	0.021	7.472
1497	-11.613	0.021	13.451
1498	-11.613	0.021	13.466
1499	-11.613	0.021	7.377
1500	-11.613	0.021	7.378
1501	-11.613	0.021	7.378
1502	-11.613	0.021	9.980
1503	-11.613	0.021	20.252
1504	-11.613	0.021	7.281
1505	-11.613	0.021	3.136
1506	-11.613	0.021	3.143
1507	-11.613	0.021	3.143
1508	-11.613	0.021	3.143
1509	-11.613	0.021	3.143
1513	-11.613	0.021	3.140
1517	-11.613	0.021	3.148
1519	-11.613	0.021	3.137
1520	-11.613	0.021	3.142
1521	-11.613	0.021	3.142
1524	-11.613	0.021	3.164
1525	-11.613	0.021	7.263
1526	-11.613	0.021	7.263
1528	-11.613	0.021	7.261
1529	-11.613	0.021	7.261
1534	-11.613	0.021	7.261
1535	-11.613	0.021	7.261
1536	-11.613	0.021	7.261
1537	-11.613	0.021	7.261
1539	-11.613	0.021	7.261
1540	-11.613	0.021	7.261
1541	-11.613	0.021	7.261
1542	-11.613	0.021	7.260
1543	-11.613	0.021	12.400
1544	-11.613	0.021	7.259
1545	-11.613	0.021	7.259
1547	-11.613	0.021	7.259
1556	-11.613	0.021	7.259
1558	-11.613	0.021	7.259
1559	-11.613	0.021	7.259
1560	-11.613	0.021	7.259
1561	-11.613	0.021	7.259
1562	-11.613	0.021	7.250
1567	-11.613	0.021	7.357
1569	-11.613	0.021	7.357
1577	-11.613	0.021	1.749
1580	-11.613	0.021	1.749
1581	-11.613	0.021	8.685
1582	-11.613	0.021	12.418
1583	-11.613	0.021	1.739
1584	-11.613	0.021	12.596
1585	-11.613	0.021	1.799
1590	-11.613	0.021	12.596
1594	-11.613	0.021	1.795
1596	-11.613	0.021	1.795
1597	-11.613	0.021	3.278
1598	-11.613	0.021	1.795
1600	-11.613	0.021	3.515
1605	-11.613	0.021	1.794
1606	-11.613	0.021	8.032
1607	-11.613	0.021	8.032
1608	-11.613	0.021	8.033
1609	-11.613	0.021	8.033
1610	-11.613	0.021	8.033
1611	-11.613	0.021	8.034
1617	-11.613	0.021	8.034
1618	-11.613	0.021	7.428
1619	-11.613	0.021	3.511
1620	-11.613	0.021	3.511
1621	-11.613	0.021	2.827
1622	-11.613	0.021	2.510
1623	-11.613	0.021	6.914
1624	-11.613	0.021	0.022
1625	-11.613	0.021	0.001
1626	-11.613	0.021	2.509
1629	-11.613	0.021	3.607
1630	-11.613	0.021	19.942
1631	-11.613	0.021	20.191
1632	-11.613	0.021	20.109
1633	-11.613	0.021	7.090
1635	-11.613	0.021	8.241
1636	-11.613	0.021	8.239
1637	-11.613	0.021	8.234
1638	-11.613	0.021	8.233
1639	-11.613	0.021	8.233
1640	-11.613	0.021	8.126
1641	-11.613	0.021	8.126
1642	-11.613	0.021	8.126
1643	-11.613	0.021	8.126
1646	-11.613	0.021	8.910
1647	-11.613	0.021	7.856
1650	-11.613	0.021	8.549
1651	-11.613	0.021	8.383
1652	-11.613	0.021	8.383
1659	-11.613	0.021	8.380
1661	-11.613	0.021	8.132
1662	-11.613	0.021	8.132
1673	-11.613	0.021	8.132
1674	-11.613	0.021	8.132
1675	-11.613	0.021	8.132
1676	-11.613	0.021	8.132
1677	-11.613	0.021	8.132
1679	-11.611	0.022	8.132
1680	-11.611	0.022	8.132
1681	-11.611	0.022	8.132
1691	-11.611	0.022	8.132
1692	-11.611	0.022	8.132
1693	-11.611	0.022	8.132
1697	-11.611	0.022	8.132
1698	-11.611	0.022	8.133
1702	-11.611	0.022	8.133
1706	-11.611	0.022	8.133
1710	-11.611	0.022	8.133
1711	-11.611	0.022	8.612
1712	-11.611	0.022	8.606
1713	-11.611	0.022	6.778
1714	-11.611	0.022	6.778
1715	-11.611	0.022	8.145
1718	-11.611	0.022	6.778
1719	-11.611	0.022	6.778
1720	-11.611	0.022	6.778
1721	-11.611	0.022	6.778
1722	-11.611	0.022	7.291
1723	-11.611	0.022	6.930
1671	-11.611	0.022	6.936
1511	-11.610	0.022	6.470
1523	-11.610	0.022	7.799
1538	-11.610	0.022	7.798
1546	-11.610	0.022	6.478
1549	-11.610	0.022	6.478
1550	-11.610	0.022	6.478
1552	-11.610	0.022	6.479
1553	-11.610	0.022	6.479
1554	-11.610	0.022	6.479
1557	-11.610	0.022	6.479
1563	-11.610	0.022	7.802
1564	-11.610	0.022	5.610
1565	-11.610	0.022	5.610
1566	-11.610	0.022	5.610
1568	-11.610	0.022	5.610
1574	-11.610	0.022	5.610
1575	-11.610	0.022	5.611
1576	-11.610	0.022	5.611
1578	-11.610	0.022	5.610
1579	-11.610	0.022	5.612
1587	-11.610	0.022	5.612
1588	-11.610	0.022	5.612
1589	-11.610	0.022	5.612
1591	-11.610	0.022	5.612
1592	-11.610	0.022	5.612
1593	-11.610	0.022	5.612
1595	-11.610	0.022	5.612
1599	-11.610	0.022	5.612
1613	-11.610	0.022	5.612
1615	-11.610	0.022	5.870
1616	-11.610	0.022	5.870
1627	-11.610	0.022	7.276
1628	-11.610	0.022	5.872
1634	-11.610	0.022	5.556
1644	-11.610	0.022	5.556
1645	-11.610	0.022	5.555
1648	-11.610	0.022	5.876
1649	-11.610	0.022	5.554
1654	-11.610	0.022	5.559
1655	-11.610	0.022	5.554
1656	-11.610	0.022	7.518
1657	-11.610	0.022	7.518
1658	-11.610	0.022	7.518
1660	-11.610	0.022	7.518
1663	-11.610	0.022	7.472
1689	-11.599	0.020	13.451
1707	-11.599	0.020	7.383
1708	-11.599	0.020	7.377
1709	-11.599	0.020	7.378
1717	-11.599	0.020	7.379
1485	-11.598	0.019	9.980
1530	-11.598	0.019	20.252
1548	-11.598	0.019	3.136
1586	-11.598	0.019	3.143
1612	-11.598	0.019	3.143
1653	-11.598	0.019	3.143
1664	-11.598	0.019	3.143
1665	-11.598	0.019	3.143
1666	-11.598	0.019	3.140
1429	-11.598	0.020	3.135
1667	-11.598	0.020	3.137
1668	-11.598	0.020	3.142
1669	-11.598	0.020	3.142
1670	-11.598	0.020	3.166
1672	-11.598	0.020	7.263
1688	-11.596	0.021	7.263
1678	-11.566	0.028	7.261
1694	-11.566	0.028	7.261
1695	-11.566	0.028	7.261
1614	-11.565	0.027	7.261
1682	-11.563	0.027	7.261
1683	-11.563	0.027	7.261
1684	-11.563	0.027	7.261
1685	-11.563	0.027	7.261
1690	-11.563	0.027	7.261
1716	-11.563	0.027	7.261
1475	-11.562	0.026	12.400
1483	-11.562	0.026	7.259
1491	-11.562	0.026	7.259
1492	-11.562	0.026	7.259
1493	-11.562	0.026	7.259
1494	-11.562	0.026	7.259
1515	-11.562	0.026	7.259
1551	-11.562	0.026	7.259
1601	-11.562	0.026	7.259
1602	-11.562	0.026	7.250
1603	-11.562	0.026	7.357
1604	-11.562	0.026	7.357
