1729	-7.565	0.000	7.260
1734	-7.565	0.000	7.260
1735	-7.565	0.000	7.260
1736	-7.565	0.000	7.260
1739	-7.565	0.000	7.260
1745	-7.565	0.000	7.260
1750	-7.565	0.000	7.260
1761	-7.565	0.000	7.359
1763	-7.565	0.000	7.359
1765	-7.565	0.000	1.749
1766	-7.565	0.000	1.749
1775	-7.565	0.000	1.749
1783	-7.565	0.000	8.690
1784	-7.565	0.000	1.739
1785	-7.565	0.000	12.430
1795	-7.565	0.000	1.800
1796	-7.565	0.000	1.800
1802	-7.565	0.000	7.431
1803	-7.565	0.000	1.795
1815	-7.565	0.000	1.795
1825	-7.565	0.000	1.795
1826	-7.565	0.000	3.515
1827	-7.565	0.000	1.795
1828	-7.565	0.000	8.033
1829	-7.565	0.000	8.033
1817	-5.948	2.728	5.557
1823	-5.948	2.728	5.556
845	-5.937	2.747	5.878
875	-5.937	2.734	5.557
909	-5.937	2.732	5.561
756	-5.937	2.733	5.561
757	-5.937	2.733	7.520
758	-5.937	2.733	7.520
769	-5.937	2.732	7.520
771	-5.937	2.732	7.520
772	-5.937	2.732	7.474
773	-5.937	2.733	7.251
774	-5.937	2.733	13.468
778	-5.937	2.732	7.379
779	-5.937	2.732	7.379
801	-5.937	2.733	7.380
802	-5.937	2.733	9.981
805	-5.937	2.732	20.254
813	-5.937	2.733	13.614
816	-5.937	2.733	3.138
817	-5.937	2.733	3.139
818	-5.937	2.732	3.145
827	-5.937	2.732	3.145
828	-5.937	2.733	3.144
829	-5.937	2.732	3.142
846	-5.937	2.732	3.142
847	-5.937	2.733	3.144
850	-5.937	2.732	3.149
860	-5.937	2.732	3.144
862	-5.937	2.732	3.165
863	-5.937	2.733	7.264
869	-5.937	2.732	7.264
906	-5.937	2.733	7.263
907	-5.937	2.732	7.263
970	-5.937	2.732	7.263
984	-5.937	2.732	7.263
1749	-5.745	2.775	7.262
1769	-5.745	2.775	7.255
1787	-5.745	2.775	7.260
1788	-5.745	2.775	7.260
685	-5.735	2.776	7.260
690	-5.735	2.776	7.260
704	-5.735	2.776	7.260
710	-5.735	2.776	7.260
711	-5.735	2.776	7.260
712	-5.735	2.776	7.260
713	-5.735	2.776	7.260
717	-5.731	2.774	7.359
724	-5.731	2.774	7.360
725	-5.731	2.774	1.749
733	-5.731	2.774	1.749
736	-5.731	2.774	1.749
737	-5.731	2.774	8.690
738	-5.731	2.774	1.740
739	-5.731	2.774	12.598
740	-5.731	2.774	1.800
750	-5.731	2.774	12.597
753	-5.731	2.774	1.795
761	-5.731	2.774	1.795
789	-5.731	2.774	1.795
790	-5.731	2.774	1.796
791	-5.731	2.774	3.515
792	-5.731	2.774	1.795
804	-5.731	2.774	8.034
809	-5.731	2.774	8.034
811	-5.731	2.774	8.034
824	-5.731	2.774	8.034
831	-5.731	2.774	8.034
839	-5.731	2.774	8.035
851	-5.731	2.774	8.035
852	-5.731	2.774	7.430
853	-5.731	2.774	3.512
904	-5.731	2.774	3.511
912	-5.731	2.774	12.657
915	-5.731	2.774	2.510
917	-5.731	2.774	6.918
918	-5.731	2.774	0.028
919	-5.731	2.774	0.003
920	-5.731	2.774	2.507
922	-5.731	2.774	19.945
950	-5.731	2.774	19.944
999	-5.731	2.774	20.193
