913	-11.846	0.000	0.984
940	-11.846	0.000	1.258
775	-11.814	0.016	1.702
942	-11.792	3.459	3.261
912	-11.779	0.011	3.261
936	-11.779	0.011	3.255
700	-11.703	3.284	3.257
1036	-11.663	3.441	3.257
843	-11.663	3.441	6.167
708	-11.661	3.441	10.212
749	-11.661	3.441	3.902
875	-11.660	3.441	3.902
980	-11.429	3.343	10.204
986	-11.429	3.343	10.204
835	-11.428	3.342	10.204
863	-11.428	3.342	3.902
1007	-11.428	3.344	6.176
1008	-11.428	3.344	6.176
1023	-11.428	3.344	6.176
1030	-11.428	3.344	6.176
1034	-11.428	3.344	3.899
704	-11.426	3.343	6.177
713	-11.426	3.343	6.177
730	-11.426	3.343	6.177
769	-11.426	3.343	3.899
806	-11.426	3.343	3.894
888	-11.425	3.344	3.899
944	-11.420	3.456	3.899
787	-11.418	3.456	3.899
620	-11.373	3.368	7.852
656	-11.349	3.646	7.852
670	-11.349	3.646	10.115
959	-11.336	3.646	15.137
984	-11.336	3.646	15.137
998	-11.336	3.646	15.137
1025	-11.335	3.646	8.771
839	-11.334	3.645	8.771
851	-11.334	3.645	8.732
747	-11.333	3.645	8.732
759	-11.333	3.645	6.630
763	-11.333	3.645	6.627
804	-11.333	3.645	6.627
808	-11.333	3.645	6.627
816	-11.333	3.645	6.697
882	-11.332	3.645	6.699
930	-11.314	3.342	6.699
931	-11.314	3.342	6.699
862	-11.272	1.930	10.016
834	-11.221	3.646	10.007
925	-11.124	3.649	10.017
625	-11.118	3.429	10.019
642	-11.118	3.429	10.019
921	-10.996	3.432	0.015
902	-10.990	3.433	0.017
678	-10.986	3.433	0.029
924	-10.972	3.663	0.030
965	-10.808	1.871	3.257
1033	-10.805	1.871	3.258
817	-10.149	0.414	0.019
1014	-10.147	0.412	0.024
877	-10.146	0.412	0.027
788	-9.969	3.154	8.732
833	-9.969	3.154	7.478
923	-9.960	3.155	6.627
652	-9.596	3.024	0.013
668	-9.593	3.033	0.015
672	-9.593	3.033	0.017
911	-9.584	3.142	0.020
999	-9.580	3.024	0.032
873	-9.579	3.023	0.014
758	-9.578	3.032	0.028
697	-9.566	3.032	0.030
870	-8.902	3.005	0.003
796	-8.899	3.006	0.003
822	-8.899	3.006	0.003
950	-8.899	3.006	0.003
974	-8.899	3.006	0.003
889	-8.897	3.006	0.003
859	-8.752	1.706	0.029
883	-8.514	3.161	6.176
949	-6.930	2.223	0.017
1024	-6.918	3.824	0.021
1035	-6.918	3.824	0.025
988	-6.908	3.977	0.036
1010	-6.907	3.977	0.012
1012	-6.907	3.977	0.014
1021	-6.907	3.977	0.018
1031	-6.907	3.977	0.019
970	-6.814	3.722	0.019
967	-6.814	2.240	0.027
973	-6.400	2.758	0.087
1003	-6.348	2.888	0.128
799	-6.133	3.784	0.033
929	-6.131	3.787	0.238
