1450	-14.936	0.000	0.009
1413	-14.928	0.001	0.009
1417	-14.928	0.001	0.010
1399	-14.922	0.001	0.009
733	-14.914	0.001	0.009
750	-14.914	0.001	0.009
661	-14.904	0.003	0.009
251	-14.902	0.003	0.009
470	-14.902	0.003	0.009
511	-14.902	0.003	0.009
524	-14.902	0.003	0.009
480	-14.902	0.012	0.008
62	-14.902	0.003	0.009
120	-14.902	0.003	0.010
244	-14.902	0.003	0.009
311	-14.902	0.003	0.009
421	-14.902	0.003	0.009
458	-14.902	0.003	0.009
466	-14.902	0.002	0.009
281	-14.902	0.003	0.009
282	-14.902	0.003	0.009
440	-14.902	0.003	0.009
476	-14.902	0.003	0.008
500	-14.902	0.003	0.009
526	-14.902	0.003	0.009
553	-14.902	0.003	0.008
557	-14.902	0.003	0.026
510	-14.902	0.006	0.025
169	-14.900	0.003	0.022
182	-14.900	0.003	0.020
472	-14.899	0.032	0.009
550	-14.898	0.028	0.018
19	-14.896	0.002	0.021
645	-14.891	0.046	0.022
274	-14.821	0.004	0.021
386	-14.821	0.006	0.025
34	-14.821	0.005	0.023
57	-14.821	0.005	0.045
73	-14.821	0.005	0.008
77	-14.821	0.005	0.019
78	-14.821	0.005	0.020
81	-14.821	0.005	0.022
85	-14.821	0.005	0.024
91	-14.821	0.005	0.037
92	-14.821	0.005	0.043
93	-14.821	0.005	0.005
95	-14.821	0.005	0.035
105	-14.821	0.005	0.036
113	-14.821	0.005	0.036
119	-14.821	0.005	0.036
121	-14.821	0.005	0.036
122	-14.821	0.005	0.036
124	-14.821	0.005	0.036
133	-14.821	0.005	0.036
138	-14.821	0.005	0.038
147	-14.821	0.005	0.021
149	-14.821	0.005	0.028
158	-14.821	0.005	0.056
163	-14.821	0.005	0.044
170	-14.821	0.005	0.092
185	-14.821	0.005	0.059
190	-14.821	0.005	0.059
191	-14.821	0.005	0.132
192	-14.821	0.005	0.032
193	-14.821	0.005	0.035
194	-14.821	0.005	0.035
195	-14.821	0.005	0.137
197	-14.821	0.005	0.104
207	-14.821	0.005	0.260
212	-14.821	0.005	0.288
215	-14.821	0.005	0.291
217	-14.821	0.005	0.485
220	-14.821	0.005	0.559
242	-14.821	0.005	0.599
265	-14.821	0.005	0.817
269	-14.821	0.005	1.155
272	-14.821	0.005	1.328
295	-14.821	0.005	1.334
296	-14.821	0.005	3.263
306	-14.821	0.005	3.257
310	-14.821	0.005	3.258
316	-14.821	0.005	3.259
318	-14.821	0.005	3.211
325	-14.821	0.005	6.170
345	-14.821	0.005	3.901
364	-14.821	0.005	3.901
366	-14.821	0.005	3.901
370	-14.821	0.005	3.901
387	-14.821	0.005	10.202
404	-14.821	0.005	10.201
418	-14.821	0.005	10.201
441	-14.821	0.005	3.901
297	-14.821	0.007	6.179
334	-14.821	0.008	6.179
164	-14.819	0.017	6.179
223	-14.816	0.048	6.179
6	-14.815	0.005	3.899
8	-14.815	0.005	6.180
22	-14.815	0.005	6.180
23	-14.815	0.005	3.901
230	-14.815	0.005	3.899
239	-14.815	0.005	3.899
331	-14.811	0.044	3.899
1424	-14.810	0.002	3.899
1441	-14.810	0.002	3.899
1451	-14.810	0.002	3.906
1467	-14.810	0.002	7.849
1610	-14.801	0.002	7.849
1615	-14.801	0.002	15.133
1620	-14.801	0.002	15.133
1622	-14.801	0.002	15.133
1624	-14.801	0.002	15.133
1625	-14.801	0.002	8.793
1626	-14.801	0.002	8.769
1633	-14.801	0.002	8.769
1637	-14.801	0.002	8.729
1641	-14.801	0.002	7.482
1642	-14.801	0.002	6.626
1643	-14.801	0.002	6.624
1645	-14.801	0.002	6.624
1651	-14.801	0.002	7.493
1653	-14.801	0.002	6.694
1663	-14.801	0.002	6.696
1668	-14.801	0.002	6.696
1670	-14.801	0.002	6.696
1671	-14.801	0.002	10.015
1681	-14.801	0.002	10.006
1697	-14.801	0.002	10.006
1702	-14.801	0.002	10.006
1405	-14.797	0.002	10.006
1509	-14.774	0.002	10.006
1532	-14.774	0.002	10.006
379	-14.772	0.004	10.006
315	-14.772	0.002	10.006
416	-14.772	0.003	10.006
429	-14.771	0.003	10.006
241	-14.771	0.003	10.006
276	-14.771	0.003	10.016
279	-14.771	0.003	10.018
344	-14.771	0.003	10.018
384	-14.771	0.003	10.018
393	-14.771	0.003	10.018
394	-14.771	0.003	10.018
396	-14.771	0.003	10.018
1571	-14.765	0.002	10.018
134	-14.765	0.070	10.018
367	-14.759	0.173	10.018
304	-14.723	0.193	10.016
501	-14.515	0.463	10.016
864	-14.492	0.516	10.016
509	-14.151	0.799	0.015
666	-14.142	0.870	0.007
1436	-14.083	1.537	0.007
1486	-14.082	1.537	0.007
1518	-14.082	1.537	0.007
1404	-14.074	1.537	0.007
1396	-14.065	1.536	0.007
108	-14.055	1.537	0.007
137	-14.055	1.537	0.007
150	-14.055	1.537	0.007
178	-14.055	1.537	0.007
260	-14.055	1.537	0.007
317	-14.055	1.537	0.007
339	-14.055	1.537	0.007
87	-14.054	1.537	0.007
280	-14.054	1.537	0.007
298	-14.054	1.537	0.007
348	-14.054	1.537	0.007
373	-14.054	1.537	0.007
44	-14.054	1.537	0.007
140	-14.054	1.537	0.007
130	-14.053	1.537	0.007
173	-14.053	1.537	0.007
2	-14.046	1.537	0.008
702	-14.026	1.243	0.039
928	-14.026	1.260	0.020
868	-14.025	1.270	0.020
798	-14.025	1.283	0.020
748	-14.025	1.275	0.026
690	-14.021	1.308	0.018
465	-14.016	1.260	0.015
28	-13.991	1.538	0.015
96	-13.991	1.538	0.020
112	-13.991	1.538	0.019
135	-13.991	1.538	0.020
144	-13.991	1.538	0.023
221	-13.991	1.538	0.021
245	-13.991	1.538	0.050
252	-13.991	1.538	0.011
262	-13.991	1.538	0.016
324	-13.991	1.538	0.018
332	-13.991	1.538	0.018
381	-13.991	1.538	0.020
406	-13.991	1.538	0.026
7	-13.982	1.538	0.038
237	-13.982	1.538	0.006
148	-13.942	1.285	0.031
166	-13.942	1.289	0.034
136	-13.942	1.273	0.034
275	-13.942	1.271	0.034
361	-13.942	1.268	0.034
254	-13.942	1.273	0.034
202	-13.942	1.295	0.034
300	-13.942	1.279	0.034
372	-13.942	1.296	0.043
188	-13.942	1.283	0.017
155	-13.942	1.285	0.024
1429	-13.927	1.534	0.063
1448	-13.927	1.534	0.010
1495	-13.927	1.534	0.069
1500	-13.927	1.534	0.034
1579	-13.919	1.534	0.146
1589	-13.919	1.534	0.116
1592	-13.919	1.534	0.036
1597	-13.919	1.534	0.032
1606	-13.919	1.534	0.033
1607	-13.919	1.534	0.060
1609	-13.919	1.534	0.158
1613	-13.919	1.534	0.153
1616	-13.919	1.534	0.296
1621	-13.919	1.534	0.449
1623	-13.919	1.534	0.292
1629	-13.919	1.534	0.630
1634	-13.919	1.534	0.598
1654	-13.919	1.534	1.073
1661	-13.919	1.534	1.260
1672	-13.919	1.534	1.219
1676	-13.919	1.534	1.391
1680	-13.919	1.534	3.264
1684	-13.919	1.534	3.264
1685	-13.919	1.534	3.254
1692	-13.919	1.534	3.260
1696	-13.919	1.534	3.232
1698	-13.919	1.534	6.169
1705	-13.919	1.534	3.904
1708	-13.919	1.534	3.904
1709	-13.919	1.534	3.904
1718	-13.919	1.534	3.903
1406	-13.911	1.533	10.204
1420	-13.889	1.533	10.204
1453	-13.889	1.533	10.204
1476	-13.889	1.533	3.904
1482	-13.889	1.533	6.179
1496	-13.889	1.533	6.179
1512	-13.889	1.533	6.178
1517	-13.889	1.533	6.179
1530	-13.889	1.533	3.901
1553	-13.889	1.533	6.179
171	-13.864	0.950	6.179
375	-13.819	1.052	3.902
905	-13.708	1.449	3.901
59	-13.010	2.783	0.003
88	-13.009	2.783	0.003
94	-13.009	2.783	0.003
110	-13.009	2.783	0.003
263	-13.009	2.783	0.003
31	-12.974	2.781	0.003
40	-12.974	2.781	0.003
42	-12.974	2.781	0.003
45	-12.974	2.781	0.003
54	-12.974	2.781	0.003
60	-12.974	2.781	0.003
70	-12.974	2.781	0.003
82	-12.974	2.781	0.003
86	-12.974	2.781	0.003
97	-12.974	2.781	0.003
102	-12.974	2.781	0.003
103	-12.974	2.781	0.003
106	-12.974	2.781	0.004
123	-12.974	2.781	0.003
143	-12.974	2.781	0.003
160	-12.974	2.781	0.003
175	-12.974	2.781	0.006
187	-12.974	2.781	0.035
196	-12.974	2.781	0.016
203	-12.974	2.781	0.016
209	-12.974	2.781	0.015
211	-12.974	2.781	0.023
213	-12.974	2.781	0.008
224	-12.974	2.781	0.012
278	-12.974	2.781	0.012
327	-12.974	2.781	0.015
328	-12.974	2.781	0.016
337	-12.974	2.781	0.016
340	-12.974	2.781	0.018
307	-12.974	2.781	0.017
13	-12.966	2.781	0.034
14	-12.966	2.781	0.018
16	-12.966	2.781	0.013
20	-12.966	2.781	0.015
21	-12.966	2.781	0.015
229	-12.966	2.781	0.017
232	-12.966	2.781	0.022
233	-12.966	2.781	0.028
234	-12.966	2.781	0.015
1604	-12.886	2.780	0.157
1605	-12.886	2.780	0.070
1650	-12.886	2.780	0.027
219	-12.865	2.779	0.465
250	-12.865	2.779	0.855
267	-12.865	2.779	1.082
287	-12.865	2.779	1.289
308	-12.865	2.779	1.591
309	-12.865	2.779	1.225
320	-12.865	2.779	3.261
322	-12.865	2.779	3.260
323	-12.865	2.779	3.256
329	-12.865	2.779	3.256
336	-12.865	2.779	3.256
358	-12.865	2.779	6.167
363	-12.865	2.779	3.901
383	-12.865	2.779	3.901
424	-12.865	2.779	3.901
431	-12.865	2.779	3.901
26	-12.864	2.779	10.201
1648	-12.077	2.742	0.031
1652	-12.077	2.742	0.037
1686	-12.077	2.742	0.123
378	-12.053	2.741	0.205
118	-11.384	2.587	3.899
49	-11.348	2.586	15.137
1603	-10.760	2.638	3.257
312	-10.650	2.632	6.167
1554	-10.211	3.752	0.013
1608	-10.200	3.752	0.017
1647	-10.200	3.752	0.019
1638	-7.912	3.907	0.095
1656	-7.912	3.907	0.112
1594	-7.878	3.896	0.029
1598	-7.878	3.896	0.092
1646	-7.878	3.896	0.104
1704	-7.878	3.896	0.240
1717	-7.878	3.896	0.168
