30	-7.304	0.000	10.706
31	-7.304	0.001	10.706
34	-7.304	0.001	10.706
35	-7.304	0.000	12.008
39	-7.304	0.001	10.704
40	-7.304	0.001	10.704
42	-7.304	0.001	9.374
44	-7.304	0.000	9.374
45	-7.304	0.000	9.374
47	-7.304	0.000	11.139
49	-7.304	0.001	13.417
51	-7.304	0.001	20.657
54	-7.304	0.000	11.022
56	-7.304	0.001	12.671
64	-7.304	0.000	2.276
67	-7.304	0.001	2.591
70	-7.304	0.001	2.260
72	-7.304	0.000	2.260
73	-7.304	0.001	2.259
74	-7.304	0.000	2.573
75	-7.304	0.001	2.257
76	-7.304	0.000	2.572
77	-7.304	0.000	10.597
81	-7.304	0.001	1.456
86	-7.304	0.001	1.462
90	-7.304	0.001	1.458
96	-7.304	0.001	1.457
98	-7.304	0.001	10.682
100	-7.304	0.000	10.583
106	-7.304	0.000	10.682
107	-7.304	0.001	10.682
111	-7.304	0.001	10.682
116	-7.304	0.000	10.682
117	-7.304	0.000	10.682
121	-7.304	0.000	10.682
123	-7.304	0.001	10.682
124	-7.304	0.000	10.682
125	-7.304	0.000	10.682
128	-7.304	0.000	10.683
130	-7.304	0.001	10.683
131	-7.304	0.000	10.683
143	-7.304	0.000	10.683
145	-7.304	0.001	1.367
146	-7.304	0.001	1.370
150	-7.304	0.000	10.344
153	-7.304	0.000	10.345
154	-7.304	0.001	10.400
158	-7.304	0.001	10.345
164	-7.304	0.000	10.376
166	-7.304	0.000	10.348
167	-7.304	0.000	10.348
168	-7.304	0.001	10.348
169	-7.304	0.000	10.349
183	-7.304	0.001	0.016
187	-7.304	0.000	0.000
194	-7.304	0.000	0.001
200	-7.304	0.001	0.001
203	-7.304	0.001	10.558
204	-7.304	0.001	10.558
210	-7.304	0.000	10.558
211	-7.304	0.000	12.229
218	-7.304	0.000	12.227
220	-7.304	0.001	12.227
227	-7.304	0.001	12.226
229	-7.304	0.001	2.194
230	-7.304	0.001	2.882
231	-7.304	0.000	2.884
293	-7.304	0.000	12.227
294	-7.304	0.001	2.194
295	-7.304	0.000	2.194
299	-7.304	0.001	2.324
302	-7.304	0.001	2.324
305	-7.304	0.000	2.323
306	-7.304	0.000	2.324
307	-7.304	0.000	2.323
308	-7.304	0.000	2.325
311	-7.304	0.000	2.325
317	-7.304	0.000	2.836
322	-7.304	0.000	2.838
323	-7.304	0.001	9.683
329	-7.304	0.001	9.683
330	-7.304	0.001	9.683
331	-7.304	0.000	15.986
334	-7.304	0.000	13.844
338	-7.304	0.001	14.031
342	-7.304	0.001	13.576
344	-7.304	0.000	13.577
345	-7.304	0.001	11.641
346	-7.304	0.000	12.755
347	-7.304	0.000	13.996
348	-7.304	0.001	12.752
355	-7.304	0.001	12.748
361	-7.304	0.000	12.748
364	-7.304	0.000	12.748
365	-7.304	0.000	10.126
367	-7.304	0.000	10.143
368	-7.304	0.000	13.994
371	-7.304	0.001	12.754
372	-7.304	0.001	12.740
377	-7.304	0.000	9.834
378	-7.304	0.000	12.555
380	-7.304	0.001	12.555
382	-7.304	0.001	12.555
386	-7.304	0.000	12.555
387	-7.304	0.001	12.553
388	-7.304	0.001	12.553
389	-7.304	0.000	12.553
390	-7.304	0.001	12.553
391	-7.304	0.001	12.553
393	-7.304	0.001	12.551
398	-7.304	0.001	12.551
399	-7.304	0.000	15.915
400	-7.304	0.001	8.963
404	-7.304	0.001	8.963
409	-7.304	0.001	8.966
411	-7.304	0.001	9.963
412	-7.304	0.001	9.961
413	-7.304	0.001	9.962
414	-7.304	0.000	12.296
415	-7.304	0.001	8.915
418	-7.304	0.000	8.918
423	-7.304	0.001	8.917
424	-7.304	0.000	12.593
425	-7.304	0.001	12.289
428	-7.304	0.000	12.289
442	-7.304	0.001	21.139
448	-7.304	0.000	5.352
450	-7.304	0.000	21.126
460	-7.304	0.001	9.921
462	-7.304	0.000	11.116
463	-7.304	0.001	11.190
469	-7.304	0.000	8.767
470	-7.304	0.000	9.692
471	-7.304	0.000	10.985
472	-7.304	0.000	10.985
473	-7.304	0.000	9.693
477	-7.304	0.001	9.693
478	-7.304	0.000	9.693
479	-7.304	0.001	11.540
480	-7.304	0.000	11.533
488	-7.304	0.001	11.528
489	-7.304	0.000	11.540
490	-7.304	0.001	11.534
491	-7.304	0.001	9.544
504	-7.304	0.001	9.543
505	-7.304	0.000	19.975
508	-7.304	0.000	11.270
510	-7.304	0.000	20.001
511	-7.304	0.001	9.975
512	-7.304	0.000	9.974
514	-7.304	0.000	9.972
520	-7.304	0.001	9.973
522	-7.304	0.001	9.982
523	-7.304	0.001	9.981
524	-7.304	0.001	9.977
529	-7.304	0.001	9.982
530	-7.304	0.001	20.006
540	-7.304	0.001	10.381
549	-7.304	0.001	10.378
551	-7.304	0.001	10.379
553	-7.304	0.001	10.764
578	-7.304	0.001	21.828
2	-7.246	0.025	10.706
4	-7.246	0.025	10.706
5	-7.246	0.025	10.706
233	-7.246	0.025	10.706
234	-7.246	0.025	12.008
237	-7.246	0.025	10.704
246	-7.246	0.025	10.704
248	-7.246	0.025	9.374
249	-7.246	0.025	9.374
250	-7.246	0.025	9.374
251	-7.246	0.025	11.139
252	-7.246	0.025	13.417
255	-7.246	0.025	20.657
263	-7.246	0.025	11.022
267	-7.246	0.025	12.671
271	-7.246	0.025	2.276
275	-7.246	0.025	2.591
279	-7.246	0.025	2.260
464	-7.246	0.025	2.260
465	-7.246	0.025	2.259
466	-7.246	0.025	2.573
467	-7.246	0.025	2.257
7	-7.233	0.029	2.572
9	-7.233	0.029	10.597
10	-7.233	0.029	1.456
13	-7.233	0.029	1.462
14	-7.233	0.029	1.458
15	-7.233	0.029	1.457
16	-7.233	0.029	10.682
17	-7.233	0.029	10.583
18	-7.233	0.029	10.682
19	-7.233	0.029	10.682
20	-7.233	0.029	10.682
21	-7.233	0.029	10.682
22	-7.233	0.029	10.682
23	-7.233	0.029	10.682
24	-7.233	0.029	10.682
25	-7.233	0.029	10.682
26	-7.233	0.029	10.682
27	-7.233	0.029	10.683
282	-7.233	0.029	10.683
288	-7.233	0.029	10.683
60	-7.015	1.740	12.748
88	-7.015	1.740	12.748
91	-7.015	1.740	12.748
92	-7.015	1.740	10.126
93	-7.015	1.740	10.143
122	-7.015	1.740	13.994
138	-7.015	1.740	12.754
139	-7.015	1.740	12.740
140	-7.015	1.740	9.834
155	-7.015	1.740	12.555
163	-7.015	1.740	12.555
177	-7.015	1.740	12.555
181	-7.015	1.740	12.555
189	-7.015	1.740	12.553
190	-7.015	1.740	12.553
206	-7.015	1.740	12.553
219	-7.015	1.740	12.553
221	-7.015	1.740	12.553
225	-7.015	1.740	12.551
232	-7.015	1.740	12.551
297	-7.015	1.740	15.915
303	-7.015	1.740	8.963
304	-7.015	1.740	8.963
312	-7.015	1.740	8.966
314	-7.015	1.740	9.963
315	-7.015	1.740	9.961
316	-7.015	1.740	9.962
318	-7.015	1.740	12.296
319	-7.015	1.740	8.915
333	-7.015	1.740	8.918
335	-7.015	1.740	8.917
339	-7.015	1.740	12.593
349	-7.015	1.740	12.289
350	-7.015	1.740	12.289
352	-7.015	1.740	21.139
353	-7.015	1.740	5.352
408	-7.015	1.740	21.126
461	-7.015	1.740	9.921
475	-7.015	1.740	11.116
245	-7.003	1.742	11.190
253	-7.003	1.741	8.767
258	-7.003	1.742	9.692
262	-7.003	1.741	10.985
265	-7.003	1.742	10.985
626	-6.747	3.749	12.008
652	-6.747	3.749	10.704
631	-6.741	3.752	10.704
644	-6.717	3.722	9.374
645	-6.717	3.722	9.374
651	-6.717	3.722	9.374
692	-6.717	3.722	11.139
597	-6.706	3.715	13.417
600	-6.706	3.715	20.657
558	-6.706	3.716	11.022
256	-6.701	3.718	12.671
1781	-6.602	3.558	2.276
667	-6.590	3.543	2.591
440	-6.582	3.540	2.261
476	-6.582	3.540	2.261
483	-6.582	3.540	2.259
507	-6.582	3.540	2.574
521	-6.582	3.540	2.257
538	-6.582	3.540	2.572
545	-6.582	3.540	10.597
556	-6.582	3.540	1.457
567	-6.582	3.540	1.463
580	-6.582	3.540	1.458
1671	-6.572	3.543	10.682
