1568	-7.168	0.000	10.683
1597	-7.168	0.000	1.367
1598	-7.168	0.000	1.370
1602	-7.168	0.000	10.344
1607	-7.168	0.047	10.345
1622	-7.167	0.000	10.400
1668	-7.167	0.000	10.345
1496	-7.167	0.001	10.376
1503	-7.167	0.001	10.348
1575	-7.167	0.001	10.348
1580	-7.167	0.001	10.348
1586	-7.167	0.001	10.349
1644	-7.167	0.048	0.016
1559	-7.166	0.001	0.000
1552	-7.166	0.001	0.001
1657	-7.166	0.001	0.001
1654	-7.165	0.001	10.558
1655	-7.165	0.001	10.558
1529	-7.139	0.642	10.558
1639	-7.105	0.632	14.031
1522	-7.034	0.081	13.576
1523	-7.034	0.081	13.577
1555	-7.034	0.081	11.641
1562	-7.034	0.081	12.755
1620	-7.034	0.081	13.996
1666	-7.034	0.081	12.752
1465	-6.978	0.075	9.693
1466	-6.978	0.075	9.693
1467	-6.978	0.075	9.693
1470	-6.978	0.075	11.540
1471	-6.978	0.075	11.533
1473	-6.978	0.075	11.528
1474	-6.978	0.075	11.540
1475	-6.978	0.075	11.534
1477	-6.978	0.075	9.544
1478	-6.978	0.075	9.543
1479	-6.978	0.075	19.975
1480	-6.978	0.075	11.270
1482	-6.978	0.075	20.001
1484	-6.978	0.075	9.975
1486	-6.978	0.075	9.974
1487	-6.978	0.075	9.972
1489	-6.978	0.075	9.973
1491	-6.978	0.075	9.982
1492	-6.978	0.075	9.981
1493	-6.978	0.075	9.977
1495	-6.978	0.075	9.982
1498	-6.978	0.075	20.006
1501	-6.978	0.075	10.381
1502	-6.978	0.075	10.378
1508	-6.978	0.075	10.379
1509	-6.978	0.075	10.764
1510	-6.978	0.075	21.828
1512	-6.978	0.075	10.706
1513	-6.978	0.075	10.706
1515	-6.978	0.075	10.706
1517	-6.978	0.075	10.706
1520	-6.978	0.075	12.008
1566	-6.978	0.075	10.704
1570	-6.978	0.075	10.704
1571	-6.978	0.075	9.374
1572	-6.978	0.075	9.374
1573	-6.978	0.075	9.374
1574	-6.978	0.075	11.139
1576	-6.978	0.075	13.417
1579	-6.978	0.075	20.657
1584	-6.978	0.075	11.022
1585	-6.978	0.075	12.671
1587	-6.978	0.075	2.276
1588	-6.978	0.075	2.591
1589	-6.978	0.075	2.260
1591	-6.978	0.075	2.260
1599	-6.978	0.075	2.259
1603	-6.978	0.075	2.573
1605	-6.978	0.075	2.257
1524	-6.978	0.075	2.572
1527	-6.978	0.075	10.597
1528	-6.978	0.075	1.456
1530	-6.978	0.075	1.462
1531	-6.978	0.075	1.458
1532	-6.978	0.075	1.457
1533	-6.978	0.075	10.682
1538	-6.978	0.075	10.583
1540	-6.978	0.075	10.682
1541	-6.978	0.075	10.682
1543	-6.978	0.075	10.682
1544	-6.978	0.075	10.682
1547	-6.978	0.075	10.682
1548	-6.978	0.075	10.682
1553	-6.978	0.075	10.682
1554	-6.978	0.075	10.682
1557	-6.978	0.075	10.682
1558	-6.978	0.075	10.683
1560	-6.978	0.075	10.683
1563	-6.978	0.075	10.683
1564	-6.978	0.075	10.683
1627	-6.978	0.075	1.367
1628	-6.978	0.075	1.370
1629	-6.978	0.075	10.344
1630	-6.978	0.075	10.345
1637	-6.978	0.075	10.400
1640	-6.978	0.075	10.345
1642	-6.978	0.075	10.376
1643	-6.978	0.075	10.348
1626	-6.977	0.057	10.348
1609	-6.977	0.075	10.348
1610	-6.977	0.075	10.349
1611	-6.977	0.075	0.016
1612	-6.977	0.075	0.000
1613	-6.977	0.075	0.001
1614	-6.977	0.075	0.001
1615	-6.977	0.075	10.558
1616	-6.977	0.075	10.558
1617	-6.977	0.075	10.558
1647	-6.977	0.075	12.229
1652	-6.977	0.075	12.227
1656	-6.977	0.075	12.227
1658	-6.977	0.075	12.226
1659	-6.977	0.075	2.194
1664	-6.977	0.075	2.882
1437	-6.940	0.082	2.884
1438	-6.940	0.082	12.227
1439	-6.940	0.082	2.194
1440	-6.940	0.082	2.194
1441	-6.940	0.082	2.324
1442	-6.940	0.082	2.324
1447	-6.940	0.082	2.323
1451	-6.940	0.082	2.324
1454	-6.940	0.082	2.323
1455	-6.940	0.082	2.325
1457	-6.940	0.082	2.325
1458	-6.940	0.082	2.836
1459	-6.940	0.082	2.838
1460	-6.940	0.082	9.683
1464	-6.939	0.625	9.683
1472	-6.939	0.625	9.683
1561	-6.939	0.625	15.986
1565	-6.939	0.625	13.844
1577	-6.939	0.625	14.031
1468	-6.887	0.628	13.576
1476	-6.887	0.628	13.577
1481	-6.887	0.628	11.641
1483	-6.887	0.628	12.755
1485	-6.887	0.628	13.996
1488	-6.887	0.628	12.752
1490	-6.887	0.628	12.748
1494	-6.887	0.628	12.748
1497	-6.887	0.628	12.748
1499	-6.887	0.628	10.126
1500	-6.887	0.628	10.143
1504	-6.887	0.628	13.994
1506	-6.887	0.628	12.754
1507	-6.887	0.628	12.740
1511	-6.887	0.628	9.834
1514	-6.887	0.628	12.555
1518	-6.887	0.628	12.555
1519	-6.887	0.628	12.555
1567	-6.887	0.628	12.555
1569	-6.887	0.628	12.553
1578	-6.887	0.628	12.553
1581	-6.887	0.628	12.553
1582	-6.887	0.628	12.553
1583	-6.887	0.628	12.553
1592	-6.887	0.628	12.551
1595	-6.887	0.628	12.551
1596	-6.887	0.628	15.915
1600	-6.887	0.628	8.963
1601	-6.887	0.628	8.963
1604	-6.887	0.628	8.966
1606	-6.887	0.628	9.963
1525	-6.886	0.628	9.961
1526	-6.886	0.628	9.962
1534	-6.886	0.628	12.296
1535	-6.886	0.628	8.915
1536	-6.886	0.628	8.918
1537	-6.886	0.628	8.917
1539	-6.886	0.628	12.593
1542	-6.886	0.628	12.289
1545	-6.886	0.628	12.289
1546	-6.886	0.628	21.139
1549	-6.886	0.628	5.352
1556	-6.886	0.628	21.126
1608	-6.886	0.628	9.921
1621	-6.886	0.628	11.116
1623	-6.886	0.628	11.190
1624	-6.886	0.628	8.767
1625	-6.886	0.628	9.692
1631	-6.886	0.628	10.985
1632	-6.886	0.628	10.985
1634	-6.886	0.628	9.693
1635	-6.886	0.628	9.693
1638	-6.886	0.628	9.693
1648	-6.886	0.628	11.540
1649	-6.886	0.628	11.533
1650	-6.886	0.628	11.528
1651	-6.886	0.628	11.540
1660	-6.886	0.628	11.534
1661	-6.886	0.628	9.544
1662	-6.886	0.628	9.543
1663	-6.886	0.628	19.975
1665	-6.886	0.628	11.270
1667	-6.886	0.628	20.001
1443	-6.841	0.627	9.975
1444	-6.841	0.627	9.974
1445	-6.841	0.627	9.972
1446	-6.841	0.627	9.973
1448	-6.841	0.627	9.982
1449	-6.841	0.627	9.981
1450	-6.841	0.627	9.977
1452	-6.841	0.627	9.982
1453	-6.841	0.627	20.006
1456	-6.841	0.627	10.381
1461	-6.841	0.627	10.378
1462	-6.841	0.627	10.379
1463	-6.841	0.627	10.764
1619	-6.841	0.627	21.828
1633	-6.093	1.323	10.682
1636	-6.093	1.323	10.682
1646	-6.090	1.321	10.682
1645	-6.090	1.319	10.682
1505	-6.068	1.194	10.682
1516	-6.068	1.194	10.683
1590	-6.068	1.194	10.683
1593	-6.068	1.194	10.683
1521	-6.068	1.194	10.683
1551	-6.068	1.194	1.367
1550	-6.068	1.194	1.371
1641	-6.068	1.194	10.345
1618	-6.067	1.194	10.345
1469	-5.944	2.837	10.400
