1843	-10.746	0.000	3.347
1860	-10.717	0.007	3.711
1836	-9.914	2.191	5.816
1866	-9.913	2.192	11.654
1857	-9.911	2.192	2.998
1840	-9.855	2.375	2.144
1827	-9.850	2.374	5.672
1828	-9.799	2.210	11.852
1850	-9.786	2.085	10.732
1861	-9.785	2.082	10.732
1832	-9.780	2.082	10.567
1869	-9.750	2.210	3.088
1867	-9.750	2.210	3.088
1862	-9.750	2.210	3.088
1863	-9.750	2.210	10.592
1865	-9.750	2.210	6.194
1845	-9.749	2.210	6.282
1854	-9.746	2.362	5.993
1851	-9.712	1.960	2.434
1844	-9.705	2.357	8.893
1871	-9.705	2.356	8.893
1846	-9.702	1.982	8.893
1852	-9.679	2.213	3.347
1848	-9.517	2.347	3.611
1870	-9.508	2.013	3.988
1864	-9.508	2.012	6.426
1872	-9.506	2.012	6.426
1855	-9.402	2.311	5.672
1838	-9.371	2.575	5.672
1847	-9.370	2.310	5.672
1829	-9.367	2.575	5.672
1831	-9.367	2.575	5.672
1833	-9.367	2.575	5.671
1859	-9.363	2.325	5.671
1858	-9.113	1.652	12.266
1873	-9.113	1.652	3.867
1837	-9.091	2.931	4.740
1830	-9.085	2.931	4.739
1834	-9.085	2.931	4.739
1839	-8.995	2.933	4.506
1842	-8.910	2.938	12.757
1856	-8.278	2.691	4.751
1868	-7.715	2.956	2.771
1841	-6.935	3.918	12.405
