172	-11.157	0.000	3.894
174	-11.157	0.000	3.858
183	-11.157	0.000	3.892
187	-11.157	0.000	3.892
150	-11.156	0.000	3.892
191	-11.156	0.000	3.892
195	-11.156	0.000	3.892
199	-11.156	0.000	3.892
234	-11.142	0.001	3.896
239	-11.142	0.001	3.897
253	-11.142	0.001	3.895
259	-11.142	0.001	10.886
274	-11.142	0.001	10.887
276	-11.142	0.001	3.348
283	-11.142	0.001	3.347
291	-11.142	0.001	3.468
296	-11.142	0.001	3.347
305	-11.142	0.001	3.433
325	-11.142	0.001	3.353
343	-11.142	0.001	3.352
351	-11.142	0.001	3.353
356	-11.142	0.001	3.354
368	-11.142	0.001	10.775
369	-11.142	0.001	10.764
451	-11.142	0.001	10.764
490	-11.141	0.001	10.763
511	-11.141	0.001	6.206
61	-11.138	0.001	6.206
71	-11.138	0.001	6.206
72	-11.138	0.001	2.973
80	-11.138	0.001	2.972
83	-11.138	0.001	2.972
110	-11.138	0.001	2.972
114	-11.138	0.001	9.598
123	-11.138	0.001	9.690
127	-11.138	0.001	9.690
144	-11.138	0.001	2.977
28	-11.136	0.001	9.600
40	-11.136	0.001	9.601
241	-10.731	0.968	4.743
332	-10.731	0.968	8.624
550	-10.731	0.968	8.625
111	-10.719	0.967	8.624
120	-10.719	0.967	6.621
177	-10.692	0.749	6.600
184	-10.692	0.749	6.590
263	-10.678	0.749	6.625
338	-10.678	0.749	6.604
344	-10.678	0.749	9.753
364	-10.678	0.749	9.760
502	-10.678	0.749	17.536
1307	-8.438	0.163	18.363
783	-8.432	0.164	4.471
951	-8.432	0.164	3.928
875	-8.431	0.164	8.625
1035	-8.431	0.164	4.743
1073	-8.431	0.164	4.743
870	-8.430	0.164	8.624
1298	-8.421	0.163	8.625
1303	-8.421	0.163	8.624
1219	-8.420	0.163	6.621
1239	-8.420	0.163	6.600
1254	-8.420	0.163	6.590
1272	-8.420	0.163	6.625
1370	-8.384	0.992	6.604
1380	-8.383	0.992	9.753
1382	-8.383	0.992	9.760
1365	-8.344	0.826	0.001
1366	-8.344	0.826	17.501
1369	-8.344	0.826	1.496
1330	-8.343	0.826	1.496
1334	-8.343	0.826	1.496
1336	-8.343	0.826	1.496
1001	-8.339	0.993	9.699
1002	-8.339	0.993	1.503
950	-8.339	0.993	1.504
962	-8.339	0.993	8.132
968	-8.339	0.993	8.132
1014	-8.339	0.993	8.129
1016	-8.339	0.993	2.592
1056	-8.339	0.993	11.168
1057	-8.339	0.993	18.758
1316	-8.339	0.992	2.791
826	-8.338	0.993	7.642
834	-8.338	0.993	9.957
838	-8.338	0.993	9.552
843	-8.338	0.993	9.992
848	-8.338	0.993	9.991
888	-8.338	0.993	9.991
919	-8.338	0.993	9.573
995	-8.338	0.993	10.005
998	-8.338	0.993	9.572
1010	-8.338	0.993	6.287
1065	-8.338	0.993	10.433
913	-8.338	0.993	10.430
728	-8.337	0.993	10.433
731	-8.337	0.993	10.433
816	-8.335	0.993	6.278
860	-8.335	0.993	3.894
797	-8.328	0.163	3.892
799	-8.328	0.163	3.892
1224	-8.318	0.992	10.764
1260	-8.318	0.992	10.764
1277	-8.318	0.992	10.763
1164	-8.316	0.992	9.416
1311	-8.296	0.825	4.718
1322	-8.296	0.825	4.639
1018	-8.293	0.825	4.803
944	-8.292	0.825	4.802
960	-8.292	0.825	4.802
967	-8.292	0.825	4.802
1041	-8.292	0.825	4.798
1047	-8.292	0.825	4.798
837	-8.292	0.825	4.798
1038	-8.292	0.825	4.797
1064	-8.292	0.825	4.797
1068	-8.292	0.825	4.805
1029	-8.291	0.825	4.805
906	-8.290	0.825	11.441
789	-8.289	0.723	8.725
844	-8.289	0.723	3.856
1353	-8.282	0.533	8.718
1359	-8.281	0.533	8.720
1361	-8.281	0.533	18.392
1363	-8.281	0.533	11.759
1371	-8.281	0.533	18.363
1381	-8.280	0.533	5.185
1302	-8.278	0.824	5.189
1252	-8.278	0.824	5.187
756	-8.249	0.996	17.530
759	-8.249	0.996	0.909
760	-8.249	0.996	0.908
782	-8.249	0.996	0.907
784	-8.249	0.996	0.001
925	-8.249	0.996	17.501
941	-8.249	0.996	1.496
949	-8.249	0.996	1.496
954	-8.249	0.996	1.496
956	-8.249	0.996	1.496
958	-8.249	0.996	9.699
980	-8.249	0.996	1.503
983	-8.249	0.996	1.504
986	-8.249	0.996	8.132
1348	-8.249	0.826	8.132
1044	-8.248	0.996	8.129
1045	-8.248	0.996	2.592
1050	-8.248	0.996	11.168
1058	-8.248	0.996	18.758
715	-8.248	0.996	2.791
721	-8.248	0.996	7.642
722	-8.248	0.996	8.960
734	-8.248	0.996	8.396
736	-8.248	0.996	8.991
738	-8.248	0.996	8.990
744	-8.248	0.996	8.990
746	-8.248	0.996	8.416
792	-8.248	0.996	9.003
805	-8.248	0.996	8.416
810	-8.248	0.996	6.221
813	-8.248	0.996	9.312
819	-8.248	0.996	9.309
854	-8.248	0.996	9.312
855	-8.248	0.996	9.312
858	-8.248	0.996	4.676
865	-8.248	0.996	6.209
873	-8.248	0.996	4.674
881	-8.248	0.996	4.674
882	-8.248	0.996	4.640
915	-8.248	0.996	4.672
920	-8.248	0.996	4.672
921	-8.248	0.996	4.672
1034	-8.248	0.996	4.672
1318	-8.243	0.535	4.672
1319	-8.243	0.535	4.672
795	-8.240	0.537	4.676
938	-8.239	0.537	4.676
963	-8.239	0.537	4.677
964	-8.239	0.537	4.675
994	-8.239	0.537	9.740
1040	-8.239	0.537	9.741
767	-8.238	0.537	3.969
829	-8.238	0.537	3.969
853	-8.238	0.537	4.056
879	-8.238	0.537	3.968
1025	-8.238	0.537	4.013
1032	-8.238	0.537	3.975
910	-8.238	0.537	3.975
815	-8.236	0.537	3.975
598	-8.232	0.729	9.565
660	-8.232	0.729	9.553
1304	-8.228	0.536	8.689
1205	-8.228	0.536	4.645
1234	-8.228	0.536	8.508
1238	-8.228	0.536	8.509
1243	-8.228	0.536	8.271
1246	-8.228	0.536	8.271
1250	-8.228	0.536	8.272
1286	-8.228	0.536	8.272
1165	-8.226	0.537	4.818
1305	-8.200	0.825	5.517
684	-8.194	0.998	5.514
530	-8.194	0.998	5.514
540	-8.194	0.998	5.514
576	-8.194	0.998	5.514
622	-8.194	0.998	5.514
623	-8.194	0.998	5.520
624	-8.194	0.998	5.520
628	-8.194	0.998	11.115
631	-8.194	0.998	3.209
632	-8.194	0.998	3.209
635	-8.194	0.998	3.209
653	-8.194	0.998	5.500
665	-8.194	0.998	5.498
666	-8.194	0.998	5.495
680	-8.194	0.998	8.214
686	-8.194	0.998	3.220
689	-8.194	0.998	3.220
754	-8.185	0.826	3.220
847	-8.184	0.826	5.168
874	-8.184	0.826	8.206
1039	-8.162	0.828	8.208
261	-8.158	0.999	18.523
288	-8.158	0.999	10.811
307	-8.158	0.999	18.497
381	-8.158	0.999	3.542
396	-8.158	0.999	5.093
747	-8.158	0.983	5.231
514	-8.157	0.999	3.182
522	-8.157	0.999	7.730
708	-8.151	0.540	5.163
710	-8.151	0.540	5.163
781	-8.151	0.540	7.729
796	-8.151	0.540	7.730
940	-8.151	0.540	7.729
971	-8.151	0.540	6.156
1055	-8.151	0.540	6.138
1060	-8.151	0.540	6.128
1070	-8.151	0.540	6.158
723	-8.150	0.540	6.141
725	-8.150	0.540	8.735
726	-8.150	0.540	8.742
773	-8.150	0.540	17.719
806	-8.150	0.540	5.234
817	-8.150	0.540	17.717
821	-8.150	0.540	4.502
822	-8.150	0.540	4.505
827	-8.150	0.540	4.508
842	-8.150	0.540	4.505
887	-8.150	0.540	4.487
896	-8.150	0.540	4.487
145	-8.144	0.998	4.496
485	-8.134	0.540	4.485
697	-8.134	0.540	17.744
704	-8.134	0.540	1.533
706	-8.134	0.540	1.531
500	-8.128	0.829	1.531
673	-8.128	0.829	2.180
542	-8.086	0.541	7.131
626	-8.085	0.541	7.131
268	-8.052	0.542	4.696
294	-8.039	0.542	4.658
328	-8.039	0.542	4.693
391	-8.039	0.542	4.693
406	-8.039	0.542	4.693
424	-8.039	0.542	4.693
454	-8.039	0.542	4.693
491	-8.039	0.542	4.694
512	-8.039	0.542	4.698
519	-8.039	0.542	4.698
618	-8.013	0.988	4.210
594	-7.998	0.832	4.220
637	-7.998	0.832	4.173
642	-7.998	0.832	4.226
233	-7.996	0.536	4.226
753	-7.996	0.536	4.226
761	-7.996	0.536	4.228
780	-7.996	0.536	10.735
924	-7.996	0.536	10.724
935	-7.996	0.536	10.724
159	-7.983	0.990	10.723
310	-7.976	0.990	7.174
382	-7.976	0.990	7.174
149	-7.968	0.834	7.174
190	-7.968	0.834	3.940
228	-7.968	0.834	3.940
434	-7.959	0.835	3.940
496	-7.931	0.538	3.940
531	-7.931	0.538	9.564
532	-7.931	0.538	9.590
588	-7.931	0.538	9.590
597	-7.931	0.538	3.944
615	-7.931	0.538	9.566
656	-7.931	0.538	9.567
670	-7.931	0.538	9.328
674	-7.931	0.538	9.328
682	-7.931	0.538	9.329
692	-7.931	0.538	9.329
347	-7.898	0.538	9.571
503	-7.898	0.538	5.759
555	-7.897	0.538	5.759
147	-7.892	0.538	5.760
158	-7.892	0.538	11.915
194	-7.892	0.538	11.877
281	-7.885	0.539	11.931
298	-7.885	0.539	3.231
306	-7.885	0.539	3.231
316	-7.885	0.539	3.230
321	-7.885	0.539	6.603
388	-7.885	0.539	6.603
415	-7.885	0.539	6.599
438	-7.885	0.539	9.348
443	-7.885	0.539	3.263
448	-7.885	0.539	3.261
50	-7.653	0.900	9.279
1595	-6.531	3.900	9.200
1611	-6.531	3.900	9.302
1022	-5.585	1.118	6.643
242	-5.524	1.134	4.523
707	-5.456	1.137	11.190
582	-5.418	1.148	2.920
333	-5.301	2.510	10.300
560	-5.301	2.510	0.019
630	-5.301	2.510	10.307
493	-5.300	2.510	10.308
529	-5.300	2.510	3.537
663	-5.300	2.510	3.537
633	-4.879	2.653	12.527
739	-4.879	2.657	21.107
762	-4.879	2.657	21.100
1030	-4.879	2.657	21.105
498	-4.846	2.662	21.104
545	-4.846	2.662	15.444
646	-4.846	2.662	12.542
567	-4.845	2.662	15.444
688	-4.845	2.662	15.444
800	-4.845	2.667	15.470
791	-4.845	2.667	15.445
804	-4.845	2.667	15.445
889	-4.845	2.667	15.445
246	-4.844	2.662	15.445
342	-4.844	2.662	15.445
770	-4.844	2.667	15.445
456	-4.843	2.662	15.443
727	-4.842	2.664	15.443
737	-4.842	2.664	15.442
765	-4.842	2.664	15.443
927	-4.841	2.665	21.369
471	-4.836	2.663	21.360
777	-4.728	3.244	15.614
616	-4.719	2.977	15.683
590	-4.711	3.516	15.683
613	-4.711	3.516	15.683
589	-4.711	3.516	15.681
602	-4.710	3.516	21.834
801	-4.710	3.516	21.828
775	-4.710	3.516	21.828
553	-4.709	3.517	21.827
505	-4.709	3.517	12.555
506	-4.709	3.517	12.555
1017	-4.681	3.259	12.555
1054	-4.681	3.259	15.729
751	-4.680	3.259	15.729
890	-4.680	3.259	15.729
948	-4.680	3.259	15.729
1023	-4.680	3.259	21.124
1031	-4.680	3.259	22.474
1036	-4.680	3.259	22.476
1066	-4.680	3.259	15.728
942	-4.680	3.259	21.132
711	-4.677	2.953	21.014
724	-4.677	2.954	21.019
823	-4.677	2.954	21.021
852	-4.677	2.954	21.021
866	-4.677	2.954	21.038
892	-4.677	2.954	21.039
899	-4.677	2.954	22.429
1059	-4.677	2.953	22.430
1026	-4.676	2.953	14.002
1027	-4.676	2.953	14.002
766	-4.676	2.954	14.002
1049	-4.675	2.954	13.576
931	-4.673	2.955	12.644
574	-4.669	3.260	12.780
580	-4.669	3.260	12.626
584	-4.669	3.260	12.627
651	-4.669	3.260	12.260
687	-4.669	3.260	13.303
831	-4.668	3.260	12.789
893	-4.664	3.519	13.309
593	-4.663	2.953	13.296
596	-4.663	2.953	13.296
625	-4.663	2.953	13.296
655	-4.663	2.953	15.587
690	-4.663	2.953	15.570
750	-4.661	2.954	12.792
872	-4.661	2.954	13.314
884	-4.661	2.954	13.288
897	-4.661	2.954	14.207
914	-4.661	2.954	13.152
468	-4.657	2.956	13.153
447	-4.338	2.563	12.784
