1747	-7.285	0.000	11.276
1755	-7.107	0.020	10.300
1757	-7.107	0.020	10.300
1753	-7.105	0.020	10.300
1768	-7.104	0.020	10.301
1781	-7.103	0.020	0.020
1797	-7.103	0.020	10.307
1798	-7.103	0.020	10.308
1800	-7.103	0.020	3.537
1738	-7.100	0.021	3.537
1742	-7.100	0.021	3.537
1743	-7.100	0.021	11.864
1744	-7.100	0.021	2.551
1763	-6.617	1.058	3.537
1764	-6.617	1.058	3.537
1765	-6.617	1.058	3.537
1766	-6.617	1.058	11.864
1771	-6.617	1.058	2.551
1772	-6.617	1.058	11.672
1783	-6.616	1.058	11.686
1784	-6.616	1.058	4.004
1785	-6.616	1.058	11.303
1788	-6.616	1.058	10.391
1803	-6.616	1.058	11.314
1748	-6.613	1.058	11.314
1749	-6.613	1.058	11.322
1739	-6.613	1.058	10.410
1740	-6.613	1.058	11.320
1741	-6.613	1.058	10.413
1789	-5.821	0.919	10.293
1790	-5.821	0.919	10.293
1799	-5.821	0.919	10.293
1745	-5.818	0.920	11.273
1750	-5.818	0.920	13.040
1793	-5.122	3.033	21.835
1796	-5.092	3.188	21.015
1736	-4.733	1.855	15.688
1759	-4.677	1.868	21.132
1767	-4.677	1.868	21.014
1737	-4.230	3.354	20.533
1746	-4.230	3.354	20.532
1756	-4.230	3.352	20.532
1751	-4.229	3.354	13.589
1760	-4.229	3.352	12.790
1761	-4.229	3.352	12.791
1770	-4.229	3.352	5.991
1775	-4.228	3.352	25.603
1776	-4.228	3.352	5.936
1777	-4.228	3.352	20.498
1778	-4.228	3.352	13.422
1782	-4.228	3.352	13.372
1791	-4.228	3.352	20.544
1792	-4.228	3.352	14.873
1794	-4.228	3.352	13.508
1795	-4.228	3.352	13.508
1801	-4.228	3.352	14.873
1802	-4.228	3.352	14.873
1805	-4.228	3.352	14.873
1733	-4.214	3.365	13.172
