1154	-9.895	0.000	4.354
364	-9.886	1.897	3.920
106	-9.885	1.906	3.933
85	-9.883	1.890	14.357
672	-9.882	1.904	4.388
855	-9.882	1.904	4.395
239	-9.881	1.873	8.500
685	-9.881	1.905	8.508
687	-9.881	1.904	15.558
746	-9.881	1.905	15.558
728	-9.881	1.906	5.689
817	-9.881	1.906	5.689
868	-9.881	1.912	5.689
1047	-9.878	0.265	5.754
885	-9.873	1.899	5.754
1002	-9.872	0.395	5.684
952	-9.867	1.923	5.738
477	-9.866	0.421	5.737
1030	-9.856	0.582	3.978
1036	-9.839	0.547	2.369
1076	-9.838	0.538	0.046
1000	-9.838	0.501	0.044
1143	-9.831	0.577	0.000
1082	-9.831	0.517	0.002
1162	-9.831	0.544	10.808
1108	-9.828	0.553	5.783
972	-9.814	0.658	5.807
1150	-9.803	0.577	5.673
1088	-9.795	0.955	3.832
1128	-9.792	0.761	3.820
1089	-9.785	1.021	0.471
1058	-9.784	0.681	3.490
1224	-9.780	0.757	6.607
977	-9.768	1.095	3.274
1020	-9.757	0.950	3.203
1031	-9.750	0.923	7.110
1151	-9.748	1.204	8.093
1181	-9.737	1.276	8.095
1080	-9.735	1.271	8.096
1051	-9.733	1.264	4.350
1156	-9.729	1.309	8.961
973	-9.702	1.328	8.973
1148	-9.698	1.140	2.372
1013	-9.685	1.431	3.329
1012	-9.677	1.342	7.807
1067	-9.675	1.233	5.740
1208	-9.657	1.529	7.114
1085	-9.652	1.190	9.645
970	-9.627	1.593	8.581
996	-9.623	1.542	2.853
1250	-9.617	1.463	3.186
1244	-9.602	1.240	4.696
948	-9.599	2.283	4.696
1253	-9.584	1.553	4.697
1100	-9.580	1.638	8.251
1216	-9.562	1.559	14.357
1136	-9.534	1.689	4.395
1110	-9.492	1.815	5.754
1072	-9.404	1.877	3.210
1229	-9.307	1.861	0.046
1146	-9.242	2.152	5.742
980	-9.139	2.414	10.808
1098	-9.077	2.268	3.717
502	-9.040	1.690	3.277
493	-9.035	1.688	3.205
737	-9.032	1.746	3.203
1197	-8.988	1.675	4.358
773	-8.988	1.675	3.122
976	-8.987	1.675	3.628
696	-8.889	3.016	2.674
838	-8.889	3.014	11.323
1033	-8.885	2.714	5.483
1127	-8.880	2.401	4.287
1167	-8.871	2.250	5.672
1191	-8.870	2.291	2.368
1195	-8.807	2.450	5.859
671	-8.800	3.015	0.044
805	-8.800	3.015	0.044
984	-8.778	2.381	5.782
983	-8.769	2.484	0.032
974	-8.753	2.743	5.860
1092	-8.747	2.813	5.860
1201	-8.737	2.552	5.741
1173	-8.722	2.990	0.001
1199	-8.707	2.809	0.000
802	-8.688	2.773	5.860
840	-8.663	3.086	5.855
841	-8.661	3.085	5.673
859	-8.661	3.084	5.673
870	-8.660	3.083	5.807
1238	-8.657	3.256	5.806
320	-8.655	3.089	5.807
484	-8.654	3.087	5.673
435	-8.654	3.084	10.810
861	-8.654	3.066	5.670
1025	-8.652	3.080	5.670
457	-8.652	3.080	4.183
235	-8.652	3.086	3.831
193	-8.652	3.087	3.831
874	-8.644	3.085	0.474
879	-8.643	3.086	3.832
884	-8.643	3.089	3.820
915	-8.643	3.086	3.821
960	-8.643	3.084	0.953
924	-8.643	3.086	0.954
896	-8.643	3.086	0.471
954	-8.643	3.085	0.471
967	-8.643	3.093	2.077
192	-8.639	2.839	7.074
815	-8.636	3.625	12.970
971	-8.636	3.125	3.720
1018	-8.624	3.161	3.717
1041	-8.613	3.144	3.720
1254	-8.607	3.177	6.607
210	-8.603	3.255	12.979
276	-8.573	2.927	5.740
837	-8.566	3.098	2.871
807	-8.560	3.212	3.185
675	-8.549	2.227	4.696
712	-8.549	2.227	4.702
759	-8.549	2.227	4.697
830	-8.549	2.227	8.250
288	-8.548	3.367	4.353
679	-8.514	2.205	5.715
718	-8.507	2.201	5.645
775	-8.507	2.201	5.642
1263	-8.475	3.055	5.728
443	-8.358	2.833	5.694
531	-8.238	3.959	0.008
357	-8.231	3.933	3.857
803	-8.122	3.527	4.919
793	-8.122	3.524	4.919
808	-8.120	3.515	6.945
370	-8.099	3.508	5.292
890	-8.094	3.519	5.869
935	-8.090	3.300	5.871
71	-7.971	3.572	9.787
165	-7.971	3.569	9.795
914	-7.969	3.572	9.795
1246	-7.898	3.981	11.079
304	-7.897	2.594	11.561
1001	-7.873	3.986	5.942
1134	-7.810	3.959	6.164
430	-7.809	3.659	8.893
313	-7.803	3.443	5.308
442	-7.800	3.668	5.308
513	-7.792	3.501	11.781
57	-7.778	3.710	10.261
376	-7.717	2.166	3.412
211	-7.636	2.843	11.486
1257	-7.331	3.809	0.030
1243	-7.331	3.790	0.030
1258	-7.330	3.807	5.861
1091	-7.329	3.784	5.861
1165	-7.329	3.778	5.861
1071	-7.328	3.845	5.861
1120	-7.328	3.777	5.673
1218	-7.313	3.843	5.673
