1621	-12.952	0.000	2.674
1570	-10.330	2.541	4.350
1638	-10.327	2.544	4.350
1639	-10.327	2.544	2.006
1611	-10.327	2.538	8.977
1596	-10.327	2.557	8.973
1631	-10.305	2.639	2.389
1632	-10.305	2.615	2.372
1623	-10.305	2.607	5.337
1626	-10.305	2.610	3.329
1615	-10.298	2.615	5.284
1616	-10.298	2.615	7.807
1618	-10.296	2.614	7.812
1589	-10.294	2.616	4.352
1646	-10.294	2.626	6.728
1595	-10.294	2.612	7.114
73	-10.287	2.633	9.036
129	-10.287	2.612	9.645
172	-10.286	2.574	8.587
1609	-10.270	2.812	8.581
1560	-10.262	2.727	2.853
1586	-9.940	2.586	4.358
1630	-9.488	3.332	5.684
1583	-8.790	2.932	0.044
1574	-8.763	2.994	5.782
