1582	-9.382	0.000	5.483
1585	-9.305	2.473	0.044
1640	-9.242	2.469	0.032
1641	-9.242	2.469	0.032
1568	-9.240	0.046	5.782
1567	-9.240	2.469	5.860
230	-9.229	0.043	5.860
1549	-9.229	0.043	5.672
1554	-9.229	2.470	5.741
1555	-9.229	2.469	0.001
523	-9.123	0.618	5.860
546	-9.122	0.608	5.860
411	-9.120	0.618	3.831
244	-9.116	0.616	5.670
1624	-9.034	0.600	3.200
1571	-9.032	0.602	3.203
1565	-9.029	0.602	3.203
1566	-9.029	0.602	2.002
1644	-9.029	0.600	7.110
1588	-9.029	0.600	8.093
1592	-9.029	0.600	8.093
1604	-9.029	0.600	7.115
1602	-9.029	0.600	8.097
450	-9.022	0.603	8.097
452	-9.022	0.602	8.096
461	-9.022	0.602	4.350
476	-9.021	0.600	4.350
504	-9.021	0.600	4.356
544	-9.021	0.600	13.210
200	-9.020	0.606	8.973
101	-9.020	0.601	2.389
1557	-9.020	0.603	2.372
1559	-9.020	0.602	2.372
69	-9.020	0.602	3.329
119	-9.020	0.602	7.031
169	-9.020	0.602	7.807
199	-9.020	0.603	7.812
240	-9.020	0.602	5.740
253	-9.020	0.601	6.715
82	-9.020	0.600	9.035
181	-9.020	0.601	9.036
280	-9.020	0.600	9.645
267	-9.020	0.600	8.587
343	-9.019	0.600	8.581
359	-9.019	0.601	2.853
366	-9.019	0.602	2.871
318	-9.019	0.600	3.186
334	-9.019	0.598	3.199
412	-9.019	0.600	3.197
246	-9.019	0.596	4.696
290	-9.018	0.609	4.696
362	-9.018	0.605	4.702
310	-9.016	0.616	4.697
1575	-9.016	0.601	8.249
1576	-9.016	0.601	4.353
1637	-8.947	0.599	5.738
1617	-8.947	0.599	5.397
438	-8.941	0.602	5.771
1580	-8.628	0.770	3.717
1601	-8.600	2.488	7.184
1614	-8.589	2.489	5.403
1573	-8.588	2.489	6.605
1603	-8.588	2.489	10.538
1627	-8.588	2.488	7.063
1550	-8.587	2.488	4.048
1562	-8.587	2.489	4.048
232	-8.586	2.488	5.408
1551	-8.575	2.489	3.274
303	-8.575	2.489	13.237
336	-8.575	2.489	13.238
387	-8.575	2.489	3.277
392	-8.575	2.489	3.277
403	-8.575	2.489	3.205
419	-8.575	2.489	3.200
496	-8.575	2.489	3.203
525	-8.575	2.489	3.203
299	-8.575	2.489	3.203
307	-8.574	2.487	2.001
100	-8.574	2.485	7.110
12	-8.574	2.489	8.093
10	-8.574	2.489	8.093
11	-8.574	2.489	8.093
22	-8.574	2.489	8.097
43	-8.574	2.489	8.097
80	-8.574	2.489	8.096
97	-8.574	2.489	4.350
110	-8.574	2.489	4.350
190	-8.574	2.489	4.356
195	-8.574	2.489	13.209
204	-8.574	2.489	8.973
120	-8.574	2.489	15.223
535	-8.574	2.484	2.372
401	-8.574	2.486	2.372
372	-8.574	2.495	3.329
281	-8.574	2.489	7.034
530	-8.574	2.491	5.743
275	-8.574	2.486	7.812
152	-8.573	2.492	6.715
524	-8.573	2.491	7.271
426	-8.572	2.484	9.035
35	-8.568	2.491	8.581
264	-8.520	2.549	17.374
1548	-8.455	2.492	5.743
1547	-8.455	2.492	6.164
1561	-8.438	3.468	5.413
1625	-8.269	1.926	1.083
510	-8.250	1.921	5.687
497	-8.250	1.921	0.004
416	-8.247	3.199	5.686
1629	-8.240	3.446	0.005
1594	-8.239	3.447	5.755
1648	-8.239	3.447	5.755
1608	-8.238	3.446	8.631
407	-8.238	3.280	0.006
378	-8.227	3.933	3.857
399	-8.222	3.451	3.860
385	-8.222	3.448	0.009
344	-8.221	3.449	3.856
547	-8.221	3.448	3.870
305	-8.221	3.443	3.870
459	-8.220	3.446	5.750
271	-8.219	3.451	5.854
55	-8.218	3.464	5.850
76	-8.215	3.461	5.850
548	-8.208	3.425	9.038
451	-8.204	3.378	4.167
410	-8.168	3.398	4.594
1569	-8.168	3.950	11.221
1556	-8.167	3.950	5.195
520	-8.167	3.960	6.103
279	-8.167	3.960	4.517
325	-8.166	3.961	4.517
8	-8.162	3.959	4.592
20	-8.162	3.959	8.553
37	-8.162	3.959	4.815
174	-8.162	3.959	4.431
176	-8.162	3.959	4.431
237	-8.162	3.959	4.516
17	-8.162	3.960	8.321
124	-8.162	3.959	8.214
6	-8.150	3.099	5.093
1612	-8.135	3.106	4.970
1606	-8.135	3.107	4.971
1610	-8.135	3.107	3.903
1572	-8.134	3.107	8.215
495	-8.125	3.106	8.678
434	-8.125	3.106	8.674
463	-8.125	3.106	8.681
309	-8.124	3.106	8.681
315	-8.124	3.106	8.680
319	-8.124	3.106	4.175
347	-8.124	3.106	4.175
87	-8.124	3.106	4.181
197	-8.124	3.106	11.551
13	-8.123	3.106	5.959
14	-8.123	3.106	7.252
18	-8.123	3.106	5.194
453	-8.123	3.106	5.174
1652	-8.119	3.107	6.144
1593	-8.117	3.031	6.939
1590	-8.117	3.032	5.022
1649	-8.117	3.031	8.386
1613	-8.116	3.042	7.453
1619	-8.114	3.029	8.294
516	-8.112	3.148	12.782
501	-8.103	3.168	4.653
487	-8.087	3.649	6.786
490	-8.087	3.186	2.598
257	-8.076	3.046	7.143
1642	-8.057	3.347	3.065
1599	-8.057	3.345	6.810
1636	-8.057	3.346	13.557
1584	-8.057	3.342	13.557
1598	-8.035	3.370	15.028
1597	-8.035	3.367	8.020
1643	-8.034	3.367	8.021
1645	-8.034	3.368	8.020
1563	-8.033	3.367	7.583
1605	-8.032	3.392	7.583
1577	-8.031	3.369	8.025
25	-8.021	3.610	8.025
1600	-8.011	3.466	9.097
511	-8.008	3.401	9.097
316	-8.007	3.466	9.096
234	-8.005	3.412	12.047
1581	-8.003	3.383	12.047
509	-7.994	3.383	11.741
472	-7.994	3.380	11.823
533	-7.994	3.381	11.823
536	-7.994	3.379	11.871
549	-7.994	3.377	11.824
287	-7.994	3.375	11.872
268	-7.994	3.372	6.725
135	-7.993	3.384	12.442
337	-7.993	3.383	12.441
420	-7.993	3.380	11.429
323	-7.993	3.380	11.430
207	-7.993	3.380	11.429
297	-7.993	3.378	11.429
393	-7.993	3.375	11.429
27	-7.992	3.378	8.873
185	-7.992	3.373	8.873
413	-7.992	3.359	9.351
1553	-7.991	3.380	9.351
1552	-7.991	3.379	11.435
345	-7.991	3.058	9.351
222	-7.984	0.638	8.869
1587	-7.974	3.009	9.352
1622	-7.956	3.010	9.354
1653	-7.946	3.010	1.457
503	-7.935	3.590	9.352
391	-7.881	3.055	12.226
168	-7.765	1.104	6.811
368	-7.733	3.181	2.313
528	-7.690	3.087	7.316
301	-7.603	3.088	8.841
373	-7.603	3.088	8.289
1564	-7.600	3.088	8.841
1558	-7.597	3.088	14.737
121	-7.596	3.088	14.735
462	-7.552	2.666	5.690
436	-7.552	2.661	5.690
1620	-7.547	2.782	5.690
1607	-7.546	2.797	5.755
518	-7.535	2.832	5.738
1578	-7.433	2.663	2.676
1650	-7.433	2.662	3.215
1579	-7.432	2.663	2.676
312	-7.413	3.106	11.323
1633	-7.368	2.769	4.331
277	-7.365	2.773	4.288
286	-7.365	2.772	5.673
327	-7.365	2.774	2.369
62	-7.363	2.768	2.368
145	-7.363	2.769	5.860
148	-7.363	2.767	5.860
173	-7.363	2.767	5.860
1647	-7.283	3.926	0.000
400	-7.280	3.897	10.808
499	-7.279	3.874	5.861
262	-7.279	3.883	5.861
515	-7.279	3.897	5.861
52	-7.275	3.901	5.673
79	-7.274	3.869	5.673
923	-7.194	2.839	3.822
947	-7.194	2.840	3.822
961	-7.194	2.843	0.952
926	-7.194	2.845	0.951
876	-7.194	2.843	10.894
930	-7.194	2.842	0.471
943	-7.194	2.844	0.948
958	-7.194	2.843	5.300
966	-7.194	2.852	3.493
270	-6.947	3.761	11.185
537	-6.938	3.758	5.690
