1036	-7.901	0.000	20.186
1038	-7.901	0.000	11.274
1049	-7.901	0.000	12.227
1090	-7.901	0.000	20.255
1127	-7.901	0.000	14.024
885	-7.897	0.002	12.206
888	-7.897	0.002	20.356
891	-7.897	0.002	6.549
893	-7.897	0.002	20.258
911	-7.897	0.002	12.143
918	-7.897	0.002	20.267
966	-7.897	0.002	10.900
974	-7.897	0.002	10.678
153	-7.887	0.003	20.343
579	-7.887	0.003	20.333
723	-7.887	0.003	9.490
874	-7.887	0.003	8.829
876	-7.887	0.003	12.035
877	-7.887	0.003	9.016
879	-7.887	0.003	8.969
921	-7.886	0.003	10.353
931	-7.886	0.003	10.419
937	-7.886	0.003	9.133
882	-7.387	1.101	10.270
1064	-7.359	1.097	9.800
1071	-7.343	1.096	10.348
903	-7.325	1.096	11.193
963	-7.324	1.095	10.356
984	-7.324	1.095	10.316
875	-7.318	1.096	8.690
881	-7.318	1.096	8.673
1165	-7.317	1.096	8.595
1022	-7.240	1.367	11.148
1216	-7.238	1.367	10.315
889	-7.235	1.369	9.714
1218	-6.904	2.785	2.579
1016	-6.853	2.600	10.247
1045	-6.853	2.600	10.247
1118	-6.853	2.600	10.248
1186	-6.849	2.600	10.258
886	-6.843	2.598	10.505
887	-6.843	2.598	10.455
905	-6.843	2.598	10.454
915	-6.843	2.598	10.507
916	-6.843	2.598	1.185
878	-6.839	2.598	1.184
880	-6.839	2.598	1.182
936	-6.839	2.597	10.624
930	-6.820	2.656	10.438
1168	-6.820	2.656	10.349
1222	-6.634	1.479	10.002
1107	-6.532	2.466	8.968
1113	-6.532	2.466	11.029
1121	-6.532	2.466	9.680
1130	-6.532	2.466	9.713
1241	-6.532	2.466	8.691
1252	-6.532	2.466	12.771
1255	-6.532	2.466	12.783
1179	-6.524	2.466	12.777
1202	-6.524	2.466	9.704
1203	-6.524	2.466	7.939
1009	-6.328	2.933	10.454
1018	-6.328	2.933	1.183
1063	-6.304	2.932	11.201
1110	-6.304	2.932	8.937
906	-6.304	2.932	11.193
951	-6.304	2.932	10.301
962	-6.304	2.932	10.286
944	-6.293	2.931	4.396
932	-6.292	2.931	10.386
1010	-6.273	2.945	9.247
1006	-6.269	3.632	10.245
1069	-6.269	3.632	7.999
1078	-6.269	3.632	13.972
1111	-6.269	3.632	8.003
1210	-6.269	3.632	8.004
1223	-6.269	3.632	8.296
1245	-6.269	3.632	7.991
730	-6.266	3.634	10.371
806	-6.266	3.634	13.769
684	-6.266	3.634	13.766
741	-6.266	3.634	13.771
864	-6.266	3.634	13.768
873	-6.266	3.634	10.549
781	-6.266	3.634	10.549
956	-6.266	2.945	11.156
976	-6.266	2.945	8.954
996	-6.266	2.945	10.613
899	-6.265	2.945	10.781
908	-6.265	2.945	9.715
909	-6.265	2.945	10.662
917	-6.265	2.945	10.667
701	-6.264	3.633	11.045
925	-6.254	2.945	9.194
1058	-6.226	2.544	9.130
1144	-6.226	2.544	9.190
1146	-6.226	2.544	9.191
1092	-6.226	2.544	9.246
1232	-6.225	2.544	13.342
1192	-6.222	2.543	13.134
1012	-6.033	3.580	8.246
1039	-6.033	3.580	20.245
1059	-6.033	3.580	12.295
1066	-6.033	3.580	20.255
1075	-6.033	3.580	10.017
1087	-6.033	3.580	12.203
1094	-6.033	3.580	20.356
1141	-6.033	3.580	8.904
1213	-6.033	3.580	20.303
1226	-6.033	3.580	10.949
1249	-6.033	3.580	20.266
843	-6.021	3.587	3.418
981	-6.017	3.577	2.835
1161	-6.017	3.580	2.983
1174	-6.017	3.580	3.040
1015	-5.994	2.549	3.038
1116	-5.994	2.549	3.038
1149	-5.994	2.549	3.041
1264	-5.993	2.549	3.041
810	-5.984	2.549	9.701
1115	-5.878	3.031	10.247
1237	-5.877	3.031	10.248
1072	-5.861	3.654	10.506
1138	-5.861	3.654	1.184
1220	-5.861	3.654	1.184
1191	-5.860	3.654	10.609
1172	-5.859	3.032	0.011
929	-5.841	3.651	0.000
1099	-5.828	2.687	2.771
948	-5.820	2.686	10.449
953	-5.820	2.686	10.396
900	-5.778	2.683	9.999
950	-5.777	2.683	10.012
1000	-5.777	2.683	10.045
1120	-5.641	2.736	11.201
1206	-5.594	3.047	10.266
958	-5.591	3.045	10.371
1250	-5.570	3.045	10.994
979	-5.567	3.044	9.243
1034	-5.495	3.022	7.992
1048	-5.495	3.022	7.991
1067	-5.495	3.022	9.238
1073	-5.495	3.022	13.767
1097	-5.495	3.022	13.766
1106	-5.495	3.022	13.772
1209	-5.494	3.022	11.046
1219	-5.494	3.022	10.547
1227	-5.494	3.022	10.545
1231	-5.494	3.022	11.113
1242	-5.494	3.022	11.048
1244	-5.494	3.022	10.465
1184	-5.492	3.023	11.055
1198	-5.492	3.023	9.704
1158	-5.476	3.022	12.783
1159	-5.476	3.022	12.784
954	-5.448	2.954	12.786
957	-5.447	2.920	10.713
933	-5.416	3.243	13.335
1247	-5.090	3.017	9.687
1151	-5.076	3.017	9.687
