666	-5.996	0.000	3.269
401	-5.993	0.017	3.258
427	-5.993	0.017	3.038
448	-5.993	0.017	3.503
599	-5.993	0.017	3.501
609	-5.993	0.017	3.498
672	-5.993	0.017	3.048
362	-5.991	0.017	3.214
380	-5.991	0.017	3.190
462	-5.991	0.017	4.604
467	-5.991	0.016	3.391
772	-5.991	0.017	3.135
872	-5.991	0.017	3.268
902	-5.991	0.016	3.628
909	-5.991	0.018	10.010
790	-5.989	0.016	3.119
257	-5.989	0.017	3.725
323	-5.989	0.017	12.146
566	-5.691	1.454	1.807
493	-5.691	1.462	2.801
670	-5.691	1.461	2.816
440	-5.691	1.463	3.298
465	-5.691	1.462	3.936
405	-5.691	1.465	2.453
437	-5.691	1.465	4.229
500	-5.690	1.453	0.004
374	-5.690	1.457	0.004
464	-5.690	1.459	4.491
543	-5.690	1.460	7.335
463	-5.690	1.463	7.334
318	-5.689	1.458	7.335
888	-5.689	1.461	7.306
873	-5.688	1.460	7.395
575	-5.380	0.470	7.903
1166	-5.380	0.473	6.620
999	-5.380	0.474	6.726
1058	-5.380	0.457	6.726
1126	-5.380	0.461	7.897
1162	-5.380	0.440	6.726
874	-5.378	0.444	7.556
682	-5.378	0.442	8.947
505	-5.377	0.428	5.664
504	-5.377	0.454	4.028
940	-5.377	0.471	15.084
837	-5.377	0.465	5.916
933	-5.377	0.456	5.344
842	-5.377	0.459	6.080
866	-5.377	0.450	15.088
936	-5.377	0.448	6.497
1102	-5.377	0.414	5.402
595	-5.377	0.438	15.187
929	-5.376	0.450	7.354
481	-5.376	0.472	5.416
777	-5.376	0.462	4.312
881	-5.376	0.382	5.070
1068	-5.376	0.423	15.149
852	-5.374	0.467	5.336
433	-5.374	0.371	15.508
930	-5.374	0.409	4.729
808	-5.374	0.419	15.253
954	-5.374	0.395	15.094
1127	-5.374	0.440	15.091
567	-5.373	0.397	3.542
1111	-5.373	0.349	5.520
723	-5.373	0.371	5.618
806	-5.372	0.482	3.712
804	-5.372	0.380	15.129
944	-5.372	0.378	14.496
731	-5.371	0.364	4.395
395	-5.368	0.444	6.346
551	-5.365	0.300	5.722
1101	-5.364	0.316	10.144
959	-5.361	0.306	10.238
1042	-5.358	0.329	10.248
968	-5.356	0.311	10.113
1089	-5.352	0.230	10.113
950	-5.348	0.314	10.382
878	-5.346	0.327	10.120
1257	-5.327	0.512	4.278
1172	-5.327	0.501	4.279
1115	-5.327	0.496	5.942
1213	-5.325	0.497	4.126
421	-5.318	0.419	4.132
515	-5.318	0.423	10.703
542	-5.318	0.414	10.704
579	-5.318	0.415	10.707
423	-5.318	0.409	5.456
191	-5.318	0.427	5.093
1177	-5.318	0.419	5.093
84	-5.318	0.415	5.093
1130	-5.318	0.426	5.085
1131	-5.318	0.419	4.989
1034	-5.318	0.405	10.707
1041	-5.318	0.420	4.992
1064	-5.318	0.420	10.073
1239	-5.318	0.420	10.075
771	-5.318	0.406	5.367
1125	-5.318	0.416	5.367
396	-5.317	0.410	5.249
677	-5.317	0.400	9.715
879	-5.317	0.412	9.713
510	-5.317	0.414	10.434
603	-5.317	0.409	4.676
604	-5.317	0.415	4.676
642	-5.317	0.411	10.116
684	-5.317	0.412	10.162
702	-5.317	0.405	4.286
713	-5.317	0.401	4.304
727	-5.317	0.407	4.299
736	-5.317	0.413	3.908
737	-5.317	0.415	3.859
688	-5.317	0.414	3.851
648	-5.317	0.407	3.807
655	-5.317	0.400	3.846
681	-5.317	0.406	3.815
689	-5.317	0.416	3.625
895	-5.317	0.403	3.794
746	-5.317	0.393	4.011
875	-5.317	0.428	3.755
253	-5.317	0.422	3.590
748	-5.317	0.421	10.396
749	-5.317	0.423	3.599
752	-5.317	0.419	2.596
1066	-5.317	0.376	3.034
894	-5.317	0.398	3.319
527	-5.317	0.401	3.256
1011	-5.317	0.376	3.503
568	-5.316	0.361	3.503
601	-5.316	0.400	2.968
251	-5.316	0.430	2.949
728	-5.315	0.340	3.264
848	-5.315	0.420	3.234
857	-5.315	0.404	3.223
358	-5.315	0.419	3.158
974	-5.315	0.412	3.227
667	-5.315	0.407	3.096
825	-5.315	0.411	3.576
868	-5.315	0.384	4.604
485	-5.315	0.404	2.661
833	-5.315	0.401	3.182
966	-5.315	0.380	3.173
478	-5.315	0.399	2.826
956	-5.315	0.407	3.222
831	-5.315	0.393	7.652
1047	-5.315	0.344	6.492
710	-5.314	0.401	6.190
656	-5.314	0.316	6.182
369	-5.314	0.367	6.177
958	-5.313	0.347	7.679
816	-5.313	0.422	7.658
336	-5.313	0.407	7.683
795	-5.313	0.415	7.662
813	-5.313	0.401	2.809
789	-5.313	0.418	7.682
817	-5.313	0.413	2.818
787	-5.313	0.398	3.503
992	-5.312	0.351	2.485
981	-5.311	0.429	4.106
807	-5.311	0.348	0.009
1158	-5.311	0.296	0.002
733	-5.310	0.293	0.016
983	-5.309	0.329	0.269
811	-5.309	0.369	7.332
1076	-5.306	0.536	15.265
843	-5.305	0.310	3.708
1171	-5.305	0.356	3.715
978	-5.304	0.281	15.115
435	-5.301	0.273	9.310
1016	-5.300	0.226	5.823
865	-5.297	0.558	5.157
896	-5.297	0.302	5.405
1003	-5.294	0.316	10.115
1202	-5.292	0.306	10.487
1026	-5.282	0.236	10.192
420	-5.276	0.612	10.200
1062	-5.273	0.435	10.200
1220	-5.244	0.414	10.706
622	-5.234	1.886	5.448
969	-5.232	1.887	5.093
1053	-5.229	1.890	5.093
827	-5.229	1.878	5.093
616	-5.228	0.638	5.103
730	-5.222	1.881	5.086
700	-5.222	1.880	4.989
729	-5.222	1.880	4.992
563	-5.221	1.890	5.095
876	-5.220	1.881	10.078
941	-5.219	1.881	10.078
980	-5.219	1.881	5.371
985	-5.219	1.881	9.714
991	-5.219	1.881	9.718
911	-5.219	1.880	9.717
845	-5.219	1.880	4.440
916	-5.219	1.881	4.508
961	-5.219	1.880	4.684
1013	-5.219	1.881	4.634
1135	-5.219	1.880	4.494
768	-5.219	1.883	4.661
1094	-5.219	1.880	4.305
1118	-5.219	1.880	4.309
1033	-5.219	1.879	3.914
1035	-5.219	1.880	3.938
1072	-5.219	1.879	3.791
1123	-5.219	1.880	3.901
1160	-5.219	1.880	3.815
1090	-5.219	1.879	3.819
757	-5.205	0.342	4.346
1242	-5.196	1.892	3.215
1080	-5.196	1.892	3.689
516	-5.182	1.879	3.378
722	-5.181	1.880	3.148
538	-5.180	1.870	3.131
368	-5.179	1.881	3.350
918	-5.179	1.880	8.185
942	-5.179	1.880	4.119
952	-5.179	1.880	6.491
962	-5.179	1.880	6.183
988	-5.179	1.880	6.178
906	-5.179	1.879	6.179
1059	-5.179	1.880	1.782
1005	-5.179	1.879	7.669
1014	-5.179	1.879	7.673
1087	-5.179	1.879	7.670
1169	-5.179	1.879	1.811
803	-5.178	1.881	2.799
863	-5.178	1.881	2.835
810	-5.178	1.880	3.319
1029	-5.178	1.877	3.743
1476	-5.178	1.878	3.868
1240	-5.178	1.878	4.599
545	-5.175	1.879	0.012
699	-5.175	1.892	0.000
1006	-5.174	0.207	7.710
791	-5.161	1.849	5.537
1116	-5.160	0.594	4.969
461	-5.156	1.923	3.710
1218	-5.153	1.859	15.121
626	-5.151	1.886	4.417
997	-5.146	1.887	4.390
939	-5.145	0.275	14.246
1222	-5.143	1.888	5.716
1134	-5.143	1.886	10.145
1051	-5.142	1.887	10.145
632	-5.138	1.886	10.242
411	-5.138	1.888	10.249
856	-5.136	1.887	10.114
923	-5.136	1.887	10.114
972	-5.136	1.888	10.383
903	-5.136	1.887	10.121
1157	-5.136	1.889	10.463
1182	-5.136	1.888	10.470
1188	-5.136	1.889	10.469
1193	-5.136	1.888	10.469
1060	-5.136	1.889	10.485
975	-5.131	0.825	4.278
696	-5.125	1.881	10.397
717	-5.124	1.846	2.597
855	-5.122	1.823	2.594
1091	-5.121	1.908	3.279
1057	-5.118	1.876	3.502
1238	-5.100	1.891	7.677
1133	-5.100	1.891	7.680
1247	-5.097	1.887	7.683
426	-5.096	1.910	7.647
750	-5.085	1.912	4.301
663	-5.079	1.921	2.745
1065	-5.072	1.865	0.012
596	-5.068	1.467	0.003
638	-5.067	1.466	4.507
653	-5.067	1.465	7.335
454	-5.067	1.465	7.333
718	-5.067	1.468	7.334
384	-5.067	1.466	7.314
633	-5.067	1.465	3.753
1004	-5.067	1.463	5.773
1032	-5.067	1.465	2.667
901	-5.067	1.468	5.882
1037	-5.067	1.465	5.830
1022	-5.067	1.464	3.840
753	-5.067	1.465	8.126
1045	-5.067	1.466	6.094
1098	-5.067	1.834	7.867
977	-5.067	0.773	7.876
862	-5.067	1.838	6.259
635	-5.066	1.463	5.259
838	-5.066	1.464	6.667
668	-5.066	1.465	7.532
836	-5.066	1.465	2.107
859	-5.066	1.466	7.503
869	-5.066	1.465	6.215
967	-5.065	1.460	7.898
797	-5.065	1.466	7.709
784	-5.065	1.466	7.896
809	-5.065	1.467	6.727
783	-5.065	1.467	7.895
1153	-5.063	1.879	7.894
1261	-5.063	0.595	1.599
799	-5.060	1.857	8.336
735	-5.053	1.866	5.911
905	-5.052	1.851	8.320
524	-5.052	1.930	15.314
854	-5.045	1.500	6.495
1105	-5.039	1.820	15.340
1231	-5.036	1.143	15.185
625	-5.034	1.865	5.413
661	-5.032	1.610	15.192
1195	-5.027	1.460	5.066
1100	-5.027	1.461	4.760
1120	-5.027	1.461	5.337
1176	-5.027	1.461	4.689
1192	-5.027	1.462	4.742
1018	-5.026	1.236	5.140
1251	-5.011	0.871	5.743
1148	-5.010	1.882	3.544
624	-5.009	1.990	3.544
910	-4.999	1.219	3.714
898	-4.999	1.354	15.113
1566	-4.993	1.942	5.170
451	-4.982	1.799	10.249
1234	-4.977	1.199	10.483
1044	-4.976	1.137	4.279
410	-4.975	1.465	4.279
556	-4.975	1.464	10.476
561	-4.975	1.465	10.189
506	-4.975	1.466	10.197
580	-4.975	1.467	10.197
584	-4.975	1.467	10.699
528	-4.975	1.466	10.700
540	-4.975	1.468	10.703
565	-4.975	1.466	5.451
640	-4.974	1.462	5.091
224	-4.974	1.458	5.091
687	-4.974	1.466	5.091
701	-4.974	1.465	5.101
706	-4.974	1.465	5.083
1056	-4.974	1.464	4.989
1108	-4.974	1.466	4.992
1030	-4.974	1.466	10.706
1137	-4.974	1.466	4.939
1015	-4.974	1.467	10.075
1151	-4.974	1.467	5.380
1262	-4.974	1.468	5.351
758	-4.974	1.467	9.715
764	-4.974	1.468	9.713
1517	-4.974	1.470	5.004
289	-4.973	1.468	4.677
844	-4.973	1.466	4.677
847	-4.973	1.466	10.063
913	-4.973	1.468	10.126
921	-4.973	1.467	4.305
628	-4.973	1.466	4.263
1008	-4.973	1.465	4.385
1112	-4.972	1.449	3.810
949	-4.972	1.460	3.816
592	-4.970	1.478	5.065
225	-4.966	1.494	3.940
793	-4.966	1.440	4.324
574	-4.965	1.505	3.505
792	-4.962	1.425	3.249
1031	-4.954	1.468	3.097
605	-4.949	1.535	2.833
986	-4.949	1.517	8.192
275	-4.943	1.561	3.892
153	-4.935	1.541	4.821
620	-4.932	1.463	0.006
671	-4.930	1.539	2.786
928	-4.929	0.910	2.687
1092	-4.897	1.165	5.531
900	-4.865	0.474	10.144
587	-4.854	3.817	10.382
612	-4.854	3.818	10.120
957	-4.854	3.818	10.461
576	-4.854	3.814	10.468
912	-4.854	3.818	10.468
521	-4.854	3.818	10.468
526	-4.854	3.818	10.482
686	-4.854	3.818	11.262
693	-4.854	3.817	4.278
826	-4.854	3.817	4.278
841	-4.854	3.814	4.274
394	-4.854	3.817	10.189
935	-4.854	3.816	10.197
970	-4.854	3.816	10.197
370	-4.853	3.812	10.705
296	-4.852	3.819	5.079
322	-4.852	3.818	5.081
334	-4.852	3.817	4.972
306	-4.852	3.818	4.992
299	-4.851	3.807	4.947
703	-4.850	3.820	10.074
208	-4.849	3.820	10.073
132	-4.849	3.818	5.363
99	-4.849	3.818	5.240
69	-4.849	3.817	9.715
143	-4.849	3.818	9.713
79	-4.849	3.816	5.685
159	-4.849	3.818	4.676
73	-4.849	3.817	4.675
203	-4.849	3.815	10.064
121	-4.849	3.814	4.411
1149	-4.848	3.818	4.292
1067	-4.848	3.818	4.287
1152	-4.848	3.818	4.308
1196	-4.848	3.818	3.911
1161	-4.848	3.818	3.844
29	-4.848	3.817	3.917
256	-4.848	3.818	3.761
1083	-4.848	3.818	3.816
286	-4.848	3.814	3.842
26	-4.847	3.823	4.072
1140	-4.805	1.736	3.505
1028	-4.805	1.743	3.502
917	-4.801	1.742	3.215
1164	-4.800	1.676	3.142
1264	-4.724	3.797	7.333
429	-4.700	3.813	7.334
922	-4.699	3.812	7.347
732	-4.698	3.804	2.982
960	-4.698	3.811	5.772
1170	-4.693	3.811	6.344
786	-4.692	3.811	5.879
1208	-4.691	3.810	5.864
1243	-4.690	3.808	4.127
1107	-4.688	3.811	8.127
1972	-4.685	3.738	6.400
1096	-4.678	3.837	7.542
1241	-4.638	3.769	4.277
849	-4.628	3.895	5.907
1082	-4.611	2.106	5.908
858	-4.461	3.754	15.243
719	-4.459	1.398	3.542
1114	-4.443	2.388	3.543
920	-4.430	2.395	3.537
927	-4.430	2.390	3.706
535	-4.430	2.392	3.710
835	-4.430	2.391	15.115
990	-4.430	2.391	4.284
675	-4.429	2.405	15.027
345	-4.426	2.360	5.162
236	-4.425	2.395	7.460
948	-4.424	2.419	10.144
1165	-4.424	2.395	10.144
102	-4.424	2.392	10.247
1179	-4.424	2.390	10.113
149	-4.424	2.389	10.113
1259	-4.424	2.390	10.380
1002	-4.424	2.389	10.121
1174	-4.424	2.386	10.123
919	-4.386	3.683	10.197
399	-4.354	2.608	10.700
1175	-4.349	1.658	5.092
769	-4.288	1.624	5.363
1588	-4.254	2.416	3.809
534	-4.213	3.773	3.943
544	-4.213	3.773	3.872
572	-4.213	3.774	10.436
724	-4.213	3.774	10.392
798	-4.212	3.771	3.154
1017	-4.208	3.772	2.594
1141	-4.208	3.773	3.197
1237	-4.208	3.776	3.505
870	-4.193	2.241	3.501
555	-4.192	2.243	3.246
725	-4.191	2.245	3.503
110	-4.189	2.241	3.503
331	-4.189	2.246	3.499
1078	-4.189	2.245	3.240
52	-4.189	2.230	3.222
347	-4.189	2.237	3.254
112	-4.189	2.230	3.230
1197	-4.084	2.345	3.173
850	-4.083	3.730	3.198
1117	-4.077	3.477	3.892
1180	-4.073	2.018	2.327
438	-4.064	1.859	6.492
238	-4.042	2.363	3.572
643	-4.016	1.970	7.676
711	-3.994	2.452	7.676
715	-3.953	1.948	2.804
925	-3.913	2.516	4.237
507	-3.912	2.545	2.684
1077	-3.891	3.886	4.477
1109	-3.887	2.525	7.334
1248	-3.887	2.528	7.284
1046	-3.864	3.445	2.640
1079	-3.830	2.435	5.880
812	-3.803	2.615	7.358
1215	-3.795	2.353	5.881
883	-3.746	2.513	6.094
385	-3.745	2.511	2.565
513	-3.745	2.510	5.887
480	-3.744	2.516	5.272
1183	-3.742	2.509	5.260
1260	-3.741	2.507	7.533
1070	-3.741	2.511	7.533
1023	-3.741	2.513	8.427
1104	-3.741	2.513	6.227
1129	-3.741	2.513	6.718
1159	-3.741	2.514	7.895
1225	-3.741	2.513	6.726
1194	-3.741	2.516	7.902
1255	-3.741	2.511	6.727
1020	-3.739	2.870	6.727
882	-3.724	2.706	8.947
645	-3.724	2.526	5.770
541	-3.723	2.524	6.411
588	-3.723	2.530	6.410
403	-3.720	2.384	5.753
1254	-3.719	2.525	5.907
1061	-3.707	2.961	15.083
1048	-3.702	1.820	6.396
1093	-3.700	2.490	7.723
1052	-3.696	3.081	5.516
716	-3.669	3.199	5.409
1244	-3.654	3.510	4.603
823	-3.627	3.478	5.340
472	-3.592	2.717	15.160
606	-3.544	3.131	4.634
745	-3.472	3.476	15.265
673	-3.421	3.842	5.717
593	-3.409	3.898	10.149
379	-3.336	2.679	4.279
