1823	-5.388	0.000	6.257
1949	-5.388	0.001	7.535
1893	-5.388	0.007	7.534
1821	-5.388	0.002	8.467
1888	-5.388	0.001	2.084
1942	-5.340	0.013	10.463
1865	-5.340	0.005	10.470
1916	-5.340	0.006	10.469
1843	-5.340	0.002	10.482
1878	-5.339	0.015	10.484
1975	-5.337	0.058	4.278
1798	-5.324	0.010	10.197
1827	-5.308	0.023	7.333
144	-5.308	0.014	7.334
1963	-5.308	0.013	3.082
1891	-5.308	0.006	3.752
1905	-5.308	0.012	5.773
1887	-5.308	0.015	2.666
1938	-5.308	0.020	5.891
1931	-5.308	0.018	4.359
1855	-5.308	0.009	5.744
1964	-5.308	0.013	8.897
1829	-5.308	0.011	6.093
1802	-5.308	0.013	8.994
1809	-5.308	0.011	7.844
1813	-5.308	0.015	6.258
1818	-5.308	0.011	5.258
1820	-5.308	0.010	6.666
1824	-5.308	0.011	7.531
1841	-5.308	0.013	2.105
1845	-5.308	0.011	6.347
1850	-5.308	0.011	7.559
1854	-5.308	0.011	7.897
1857	-5.308	0.012	7.787
1859	-5.308	0.010	7.895
1871	-5.308	0.011	6.728
1882	-5.308	0.011	6.728
1886	-5.308	0.011	7.894
1892	-5.308	0.011	1.596
1902	-5.308	0.011	5.553
1940	-5.308	0.012	6.408
1967	-5.308	0.011	5.890
1851	-5.308	0.009	5.906
1869	-5.308	0.011	5.907
1884	-5.308	0.010	1.833
1918	-5.308	0.010	1.986
1932	-5.308	0.010	15.314
1961	-5.308	0.009	6.494
1941	-5.308	0.010	15.340
1828	-5.308	0.007	15.185
1848	-5.308	0.011	4.730
1876	-5.308	0.006	15.192
1914	-5.308	0.006	4.342
1921	-5.308	0.010	5.094
1862	-5.308	0.012	4.687
1945	-5.308	0.017	5.332
1764	-5.307	0.030	4.616
1768	-5.307	0.013	4.926
1760	-5.307	0.012	15.272
1773	-5.307	0.016	5.358
1915	-5.307	0.042	3.544
1872	-5.307	0.020	3.544
1783	-5.294	0.017	10.146
1794	-5.294	0.017	10.147
1782	-5.294	0.016	10.252
1788	-5.293	0.026	10.115
1790	-5.293	0.014	10.382
1780	-5.293	0.014	10.123
1791	-5.293	0.014	10.474
1795	-5.293	0.015	11.275
1792	-5.293	0.019	10.473
1796	-5.293	0.016	10.472
1923	-5.286	1.849	10.487
1968	-5.286	1.851	4.276
1799	-5.286	1.854	4.276
1883	-5.285	0.100	10.482
782	-5.251	1.851	10.703
1812	-5.210	1.840	4.193
1810	-5.210	1.847	3.626
1877	-5.179	1.843	3.003
1870	-5.179	1.848	2.874
1852	-5.179	1.852	3.420
98	-5.173	1.848	7.331
378	-5.173	1.848	7.330
557	-5.173	1.846	7.331
367	-5.173	1.849	7.323
446	-5.173	1.850	5.774
705	-5.173	1.852	2.664
885	-5.172	1.854	5.773
1224	-5.167	1.846	5.886
1012	-5.167	1.847	6.336
1250	-5.167	1.854	6.007
31	-5.167	1.850	2.892
337	-5.167	1.854	6.096
1122	-5.166	1.844	6.097
1751	-5.166	1.846	7.869
1759	-5.166	1.846	6.640
1763	-5.166	1.847	5.265
1755	-5.166	1.848	5.253
1766	-5.166	1.849	7.527
1750	-5.166	1.850	7.527
1752	-5.166	1.854	8.432
1754	-5.166	1.849	6.222
1761	-5.166	1.850	7.894
1753	-5.166	1.852	7.829
1779	-5.166	1.849	6.732
1784	-5.166	1.851	6.731
1781	-5.166	1.853	7.888
1913	-5.165	1.841	6.732
1917	-5.165	1.840	8.943
1924	-5.165	1.841	5.580
1815	-5.165	1.845	1.492
1817	-5.165	1.844	5.474
1955	-5.165	1.845	15.080
1943	-5.165	1.848	5.907
1874	-5.165	1.844	5.347
1897	-5.165	1.847	6.080
1868	-5.165	1.849	15.085
1899	-5.165	1.847	6.491
1920	-5.165	1.849	7.344
1956	-5.165	1.850	15.183
1959	-5.165	1.851	7.348
1832	-5.165	1.850	5.411
1974	-5.165	1.854	15.189
1835	-5.165	1.853	5.039
1929	-5.165	1.852	15.145
1816	-5.165	1.853	5.335
1879	-5.165	1.852	15.154
1890	-5.165	1.855	4.817
1842	-5.165	1.854	4.853
1889	-5.165	1.855	15.092
1863	-5.164	1.862	15.087
1811	-5.164	1.866	3.543
1901	-5.134	1.962	4.278
830	-5.124	2.003	3.491
1207	-5.094	0.566	2.808
209	-5.091	2.039	2.792
1939	-5.077	1.859	3.503
512	-4.952	2.527	3.845
111	-4.951	2.527	3.746
174	-4.951	2.526	3.184
846	-4.949	2.522	3.288
1786	-4.948	2.526	2.360
1775	-4.947	2.526	3.193
1789	-4.947	2.503	6.182
559	-4.946	2.562	6.184
1765	-4.946	2.526	1.791
1937	-4.946	2.525	7.681
1757	-4.946	2.513	7.678
1097	-4.946	2.513	7.680
1819	-4.946	2.516	1.805
1966	-4.946	2.518	2.805
274	-4.946	2.503	7.681
1973	-4.946	2.516	3.314
499	-4.945	2.476	3.595
1084	-4.855	1.320	10.113
585	-4.791	2.045	3.541
520	-4.791	2.045	3.148
483	-4.791	2.041	3.163
123	-4.791	2.041	3.154
393	-4.791	2.041	3.236
740	-4.791	2.041	8.193
100	-4.791	2.039	3.229
1040	-4.789	2.023	6.491
932	-4.789	2.042	6.497
984	-4.789	2.042	6.190
887	-4.789	2.042	6.179
947	-4.789	2.042	2.736
993	-4.789	2.042	7.677
851	-4.789	2.040	7.680
982	-4.785	1.988	7.674
1163	-4.780	2.038	7.689
1009	-4.780	2.039	2.807
1770	-4.780	2.036	2.806
1805	-4.779	2.052	2.800
1803	-4.779	2.041	3.687
1934	-4.779	2.041	3.880
1844	-4.779	2.041	10.373
1907	-4.779	2.040	3.122
1960	-4.779	2.039	4.445
794	-4.773	2.009	0.001
1128	-4.770	1.965	3.953
1143	-4.770	1.969	7.331
1858	-4.298	2.191	10.072
1861	-4.298	2.191	10.075
1839	-4.297	2.189	5.360
1969	-4.267	2.184	9.715
1822	-4.255	2.208	3.917
1875	-4.106	1.912	2.656
951	-4.078	2.582	3.400
762	-4.059	2.560	6.183
1155	-4.015	2.796	7.676
1204	-3.699	3.833	15.329
775	-3.681	2.544	15.340
1957	-3.671	1.644	7.357
1103	-3.659	2.548	7.472
1774	-3.469	2.763	3.692
1935	-3.466	2.766	3.693
1944	-3.466	2.766	3.609
1953	-3.466	2.770	4.392
1880	-3.427	2.769	4.287
