1769	-5.201	0.000	3.948
1814	-5.199	0.002	3.842
1831	-5.199	0.002	10.423
1834	-5.199	0.001	10.383
1836	-5.199	0.001	3.480
1856	-5.199	0.002	2.597
1860	-5.199	0.001	3.008
1910	-5.199	0.001	3.504
1922	-5.199	0.001	3.250
1936	-5.199	0.002	2.985
1958	-5.199	0.002	3.503
1976	-5.199	0.002	3.503
1800	-5.199	0.001	3.499
1930	-5.199	0.005	3.200
1756	-5.187	0.108	4.597
1985	-5.113	2.071	3.497
1989	-5.112	0.381	3.036
1946	-5.000	2.008	3.710
1988	-4.977	2.134	10.483
1797	-4.923	2.123	7.360
1906	-4.923	2.124	0.513
1256	-4.923	2.123	6.094
1777	-4.923	2.124	7.871
1778	-4.923	2.124	5.290
1787	-4.923	2.124	7.905
1830	-4.923	2.125	6.265
1840	-4.923	2.125	5.261
1847	-4.923	2.126	7.535
1867	-4.923	2.126	7.535
1873	-4.923	2.125	8.432
1894	-4.923	2.125	2.074
1903	-4.923	2.125	4.882
1919	-4.923	2.125	7.901
1951	-4.923	2.125	6.724
1952	-4.923	2.125	7.900
1970	-4.923	2.125	7.898
1977	-4.923	2.125	6.725
1221	-4.923	2.125	8.949
1785	-4.923	2.124	8.006
1826	-4.923	2.125	6.412
1853	-4.923	2.125	6.411
1900	-4.923	2.125	5.741
1904	-4.923	2.125	5.910
1962	-4.923	2.126	2.008
1806	-4.923	2.125	7.091
1881	-4.923	2.125	15.089
1911	-4.923	2.125	4.578
1927	-4.923	2.125	5.412
1846	-4.923	2.125	15.341
1075	-4.923	2.126	7.352
1762	-4.922	2.125	5.416
1772	-4.922	2.124	15.193
1758	-4.922	2.124	7.484
1771	-4.922	2.124	15.150
1933	-4.922	2.126	5.341
1912	-4.922	2.125	15.159
1793	-4.922	2.130	4.753
692	-4.921	2.124	4.800
573	-4.921	2.124	15.097
581	-4.921	2.125	15.093
548	-4.903	2.093	3.555
904	-4.894	2.086	5.617
1038	-4.688	2.058	7.533
1947	-4.674	1.980	7.898
1837	-4.674	1.986	7.845
1965	-4.674	1.980	7.897
1926	-4.674	1.981	6.727
1925	-4.674	1.990	7.898
1896	-4.674	1.981	7.902
1971	-4.672	1.968	1.595
1908	-4.671	1.938	8.952
1069	-4.602	2.262	5.908
1801	-4.580	2.232	15.087
270	-4.511	2.260	5.071
539	-4.415	2.749	10.461
352	-4.412	2.738	10.468
1833	-4.412	2.762	10.468
1767	-4.412	1.013	10.483
1954	-4.411	2.759	10.483
1895	-4.411	2.729	4.278
767	-4.410	2.759	4.278
1864	-4.407	2.722	10.476
317	-4.407	2.741	11.979
721	-4.394	2.783	10.196
1885	-4.376	2.739	4.133
1898	-4.353	2.916	10.703
987	-4.313	2.795	4.994
1007	-4.266	2.695	10.633
517	-4.133	3.179	3.488
1253	-4.067	3.234	6.491
449	-4.045	3.114	6.182
262	-4.031	3.302	7.680
931	-3.896	3.920	3.095
890	-3.895	3.878	0.007
1184	-3.891	3.962	7.332
1025	-3.888	3.637	7.333
350	-3.887	3.981	7.325
