1874	-8.687	0.000	0.000
1855	-8.592	0.031	0.000
1889	-8.330	0.022	0.000
1868	-7.818	2.966	0.000
1860	-7.809	2.965	0.000
1872	-7.598	2.962	0.000
1867	-7.288	1.415	0.000
1821	-6.437	3.439	0.000
1822	-6.437	3.439	0.000
1825	-6.437	3.439	0.000
1826	-6.437	3.439	0.000
1827	-6.437	3.439	0.000
1828	-6.437	3.439	0.000
1830	-6.437	3.439	0.000
1831	-6.437	3.439	0.000
1832	-6.437	3.439	0.000
1839	-6.437	3.439	0.000
1848	-6.437	3.439	0.000
1850	-6.437	3.439	0.000
1823	-6.437	3.440	0.000
1842	-6.234	3.457	0.000
1843	-6.234	3.457	0.000
1844	-6.234	3.457	0.000
1845	-6.234	3.457	0.000
1851	-6.234	3.457	0.000
1853	-6.234	3.457	0.000
1840	-6.233	3.457	0.000
1857	-6.233	3.457	0.000
1858	-6.233	3.457	0.000
1859	-6.233	3.457	0.000
1856	-6.230	3.452	0.000
1820	-6.230	3.457	0.000
1824	-6.230	3.457	0.000
1866	-6.160	3.460	0.000
1875	-6.147	3.483	0.000
1862	-6.111	3.438	0.000
1863	-6.111	3.438	0.000
1864	-6.111	3.438	0.000
1880	-6.106	3.438	0.000
1883	-6.106	3.438	0.000
1886	-6.106	3.438	0.000
1877	-5.985	3.418	0.000
1841	-5.937	3.639	0.000
1849	-5.936	3.637	0.000
1846	-5.928	3.695	0.000
1873	-5.912	3.636	0.000
1852	-5.908	3.768	0.000
1838	-5.890	3.619	0.000
1887	-5.871	3.616	0.000
1829	-5.837	3.917	0.000
1878	-5.824	3.936	0.000
1835	-5.730	3.908	0.000
1836	-5.688	3.890	0.000
1881	-5.687	3.887	0.000
1865	-5.674	3.862	0.000
1834	-5.267	3.708	0.000
