1924	-6.979	0.000	0.000
1938	-6.979	0.000	0.000
1899	-6.979	0.000	0.000
1928	-6.775	3.229	0.000
1936	-6.721	3.216	0.000
1939	-6.577	3.048	0.000
1897	-6.577	3.048	0.000
1932	-6.577	3.047	0.000
1925	-6.576	3.048	0.000
1915	-6.576	3.048	0.000
1920	-6.576	3.049	0.000
1937	-6.574	3.039	0.000
1934	-6.574	3.040	0.000
1145	-6.570	3.055	0.000
1016	-6.564	3.085	0.000
1913	-6.556	2.503	0.000
1124	-6.556	3.050	0.000
1931	-6.555	3.046	0.000
1893	-6.550	1.524	0.000
1930	-6.549	1.524	0.000
1910	-6.537	1.524	0.000
1900	-6.535	1.525	0.000
1087	-6.521	3.284	0.000
1904	-6.453	1.566	0.000
1914	-6.451	1.579	0.000
1917	-6.451	1.579	0.000
1926	-6.451	1.584	0.000
1908	-6.450	1.580	0.000
1912	-6.440	1.580	0.000
1902	-6.367	2.174	0.000
1890	-6.359	2.175	0.000
1941	-6.173	2.191	0.000
1940	-6.008	2.865	0.000
1903	-6.007	2.865	0.000
1921	-6.007	2.865	0.000
1923	-6.007	2.865	0.000
1927	-6.007	2.865	0.000
1933	-6.007	2.865	0.000
1891	-5.994	2.856	0.000
1892	-5.994	2.856	0.000
1895	-5.993	2.856	0.000
1898	-5.955	2.836	0.000
1906	-5.884	2.848	0.000
1106	-5.684	3.992	0.000
