959	-4.566	0.000	0.000
1106	-4.566	0.003	0.000
1107	-4.566	0.003	0.000
1108	-4.566	0.003	0.000
1109	-4.566	0.003	0.000
1110	-4.566	0.003	0.000
1113	-4.566	0.003	0.000
1114	-4.566	0.003	0.000
1115	-4.566	0.003	0.000
1123	-4.566	0.003	0.000
1124	-4.566	0.003	0.000
1125	-4.566	0.003	0.000
1126	-4.566	0.003	0.000
1127	-4.566	0.003	0.000
1128	-4.566	0.003	0.000
1129	-4.566	0.003	0.000
1130	-4.566	0.003	0.000
1131	-4.566	0.003	0.000
1133	-4.566	0.003	0.000
1134	-4.566	0.003	0.000
1135	-4.566	0.003	0.000
1136	-4.566	0.003	0.000
1137	-4.566	0.003	0.000
1144	-4.566	0.003	0.000
1145	-4.566	0.003	0.000
1148	-4.566	0.003	0.000
1149	-4.566	0.003	0.000
1150	-4.566	0.003	0.000
1151	-4.566	0.003	0.000
1152	-4.566	0.003	0.000
1153	-4.566	0.003	0.000
1154	-4.566	0.003	0.000
1155	-4.566	0.003	0.000
1156	-4.566	0.003	0.000
1166	-4.566	0.003	0.000
1169	-4.566	0.003	0.000
1172	-4.566	0.003	0.000
1176	-4.566	0.003	0.000
1177	-4.566	0.003	0.000
1180	-4.566	0.003	0.000
1181	-4.566	0.003	0.000
1182	-4.566	0.003	0.000
1183	-4.566	0.003	0.000
1193	-4.566	0.003	0.000
1206	-4.566	0.003	0.000
1232	-4.566	0.003	0.000
1249	-4.566	0.003	0.000
1267	-4.566	0.003	0.000
1268	-4.566	0.003	0.000
1305	-4.566	0.003	0.000
1314	-4.566	0.003	0.000
1323	-4.566	0.003	0.000
1334	-4.566	0.003	0.000
1335	-4.566	0.003	0.000
1339	-4.566	0.003	0.000
1354	-4.566	0.003	0.000
1378	-4.566	0.003	0.000
1393	-4.566	0.003	0.000
1394	-4.566	0.003	0.000
1406	-4.566	0.003	0.000
1419	-4.566	0.003	0.000
1420	-4.566	0.003	0.000
1421	-4.566	0.003	0.000
1422	-4.566	0.003	0.000
1423	-4.566	0.003	0.000
1424	-4.566	0.003	0.000
1425	-4.566	0.003	0.000
1426	-4.566	0.003	0.000
1427	-4.566	0.003	0.000
1428	-4.566	0.003	0.000
1429	-4.566	0.003	0.000
1430	-4.566	0.003	0.000
1431	-4.566	0.003	0.000
1432	-4.566	0.003	0.000
1433	-4.566	0.003	0.000
1437	-4.566	0.003	0.000
1438	-4.566	0.003	0.000
1439	-4.566	0.003	0.000
1440	-4.566	0.003	0.000
1441	-4.566	0.003	0.000
1442	-4.566	0.003	0.000
1443	-4.566	0.003	0.000
1444	-4.566	0.003	0.000
1445	-4.566	0.003	0.000
1446	-4.566	0.003	0.000
631	-4.566	0.004	0.000
648	-4.566	0.004	0.000
979	-4.566	0.001	0.000
1226	-4.566	0.003	0.000
1228	-4.566	0.003	0.000
1235	-4.566	0.003	0.000
1236	-4.566	0.003	0.000
1237	-4.566	0.003	0.000
1238	-4.566	0.003	0.000
1239	-4.566	0.003	0.000
1240	-4.566	0.003	0.000
1241	-4.566	0.003	0.000
1242	-4.566	0.003	0.000
1243	-4.566	0.003	0.000
1244	-4.566	0.003	0.000
1245	-4.566	0.003	0.000
1246	-4.566	0.003	0.000
1247	-4.566	0.003	0.000
1258	-4.566	0.003	0.000
1292	-4.566	0.003	0.000
1293	-4.566	0.003	0.000
1294	-4.566	0.003	0.000
1295	-4.566	0.003	0.000
1296	-4.566	0.003	0.000
1297	-4.566	0.003	0.000
1298	-4.566	0.003	0.000
1300	-4.566	0.003	0.000
1302	-4.566	0.003	0.000
309	-4.565	0.003	0.000
330	-4.565	0.003	0.000
429	-4.565	0.003	0.000
430	-4.565	0.003	0.000
1222	-4.565	0.003	0.000
1223	-4.565	0.003	0.000
1224	-4.565	0.003	0.000
230	-4.565	0.003	0.000
231	-4.565	0.003	0.000
232	-4.565	0.003	0.000
256	-4.565	0.003	0.000
257	-4.565	0.003	0.000
280	-4.565	0.003	0.000
281	-4.565	0.003	0.000
571	-4.564	0.004	0.000
1147	-4.563	0.003	0.000
393	-4.562	0.003	0.000
394	-4.562	0.003	0.000
426	-4.562	0.003	0.000
446	-4.562	0.003	0.000
456	-4.562	0.003	0.000
457	-4.562	0.003	0.000
458	-4.562	0.003	0.000
459	-4.562	0.003	0.000
460	-4.562	0.003	0.000
461	-4.562	0.003	0.000
462	-4.562	0.003	0.000
463	-4.562	0.003	0.000
525	-4.562	0.003	0.000
1327	-4.562	0.003	0.000
1363	-4.560	0.004	0.000
1417	-4.560	0.004	0.000
1329	-4.560	0.014	0.000
1122	-4.192	1.520	0.000
1132	-4.192	1.520	0.000
1142	-4.192	1.520	0.000
1143	-4.192	1.520	0.000
1146	-4.192	1.520	0.000
1170	-4.192	1.520	0.000
1171	-4.192	1.520	0.000
1190	-4.192	1.520	0.000
1191	-4.192	1.520	0.000
1192	-4.192	1.520	0.000
1195	-4.192	1.520	0.000
1255	-4.192	1.520	0.000
1256	-4.192	1.520	0.000
1259	-4.192	1.520	0.000
1266	-4.192	1.520	0.000
1276	-4.192	1.520	0.000
1286	-4.192	1.520	0.000
1287	-4.192	1.520	0.000
1288	-4.192	1.520	0.000
1289	-4.192	1.520	0.000
1291	-4.192	1.520	0.000
1320	-4.192	1.520	0.000
1321	-4.192	1.520	0.000
1322	-4.192	1.520	0.000
1324	-4.192	1.520	0.000
1333	-4.192	1.520	0.000
1353	-4.192	1.519	0.000
1359	-4.192	1.520	0.000
1387	-4.192	1.520	0.000
1388	-4.192	1.520	0.000
1389	-4.192	1.520	0.000
1390	-4.192	1.520	0.000
1402	-4.192	1.520	0.000
1403	-4.192	1.520	0.000
1404	-4.192	1.520	0.000
1405	-4.192	1.520	0.000
1407	-4.192	1.520	0.000
1408	-4.192	1.520	0.000
1435	-4.192	1.520	0.000
1216	-4.191	1.520	0.000
1217	-4.191	1.520	0.000
1218	-4.191	1.520	0.000
1161	-4.187	1.520	0.000
1164	-4.187	1.520	0.000
1178	-4.187	1.520	0.000
1409	-4.187	1.520	0.000
1411	-4.187	1.520	0.000
380	-4.106	2.202	0.000
381	-4.106	2.202	0.000
1088	-4.106	2.202	0.000
1089	-4.106	2.202	0.000
1090	-4.106	2.202	0.000
1091	-4.106	2.202	0.000
1092	-4.106	2.202	0.000
1093	-4.106	2.202	0.000
1094	-4.106	2.202	0.000
1095	-4.106	2.202	0.000
1096	-4.106	2.202	0.000
1097	-4.106	2.202	0.000
1098	-4.106	2.202	0.000
1099	-4.106	2.202	0.000
1100	-4.106	2.202	0.000
1101	-4.106	2.202	0.000
1102	-4.106	2.202	0.000
1103	-4.106	2.202	0.000
1104	-4.106	2.202	0.000
1105	-4.106	2.202	0.000
1111	-4.106	2.202	0.000
1116	-4.106	2.202	0.000
1117	-4.106	2.202	0.000
1118	-4.106	2.202	0.000
1119	-4.106	2.202	0.000
1138	-4.106	2.202	0.000
1139	-4.106	2.202	0.000
1140	-4.106	2.202	0.000
1141	-4.106	2.202	0.000
1167	-4.106	2.202	0.000
1196	-4.106	2.202	0.000
1198	-4.106	2.202	0.000
1199	-4.106	2.202	0.000
1200	-4.106	2.202	0.000
1202	-4.106	2.202	0.000
1204	-4.106	2.202	0.000
1205	-4.106	2.202	0.000
1214	-4.106	2.202	0.000
1215	-4.106	2.202	0.000
1234	-4.106	2.202	0.000
1281	-4.106	2.202	0.000
1283	-4.106	2.202	0.000
1285	-4.106	2.202	0.000
1328	-4.106	2.202	0.000
1343	-4.106	2.202	0.000
1344	-4.106	2.202	0.000
1345	-4.106	2.202	0.000
1346	-4.106	2.202	0.000
1348	-4.106	2.202	0.000
1399	-4.106	2.202	0.000
1418	-4.106	2.202	0.000
