48	-4.630	0.000	0.000
102	-4.630	0.001	0.000
152	-4.630	0.000	0.000
153	-4.630	0.000	0.000
171	-4.630	0.000	0.000
203	-4.630	0.000	0.000
204	-4.630	0.001	0.000
205	-4.630	0.000	0.000
206	-4.630	0.001	0.000
228	-4.630	0.001	0.000
229	-4.630	0.001	0.000
246	-4.630	0.001	0.000
287	-4.630	0.001	0.000
328	-4.629	0.024	0.000
382	-4.604	1.880	0.000
383	-4.604	1.880	0.000
384	-4.604	1.880	0.000
385	-4.604	1.880	0.000
1379	-4.601	1.880	0.000
1279	-4.600	1.880	0.000
1306	-4.600	1.880	0.000
1311	-4.600	1.880	0.000
1312	-4.600	1.880	0.000
1338	-4.600	1.880	0.000
1340	-4.600	1.880	0.000
1349	-4.600	1.880	0.000
547	-4.594	1.871	0.000
1355	-4.593	1.879	0.000
960	-4.592	1.879	0.000
914	-4.590	1.875	0.000
1303	-4.589	1.875	0.000
1413	-4.589	1.875	0.000
1414	-4.589	1.875	0.000
1415	-4.589	1.875	0.000
247	-4.589	1.875	0.000
248	-4.589	1.875	0.000
250	-4.589	1.875	0.000
251	-4.589	1.875	0.000
263	-4.589	1.875	0.000
264	-4.589	1.875	0.000
265	-4.589	1.875	0.000
266	-4.589	1.875	0.000
267	-4.589	1.875	0.000
268	-4.589	1.875	0.000
269	-4.589	1.875	0.000
274	-4.589	1.875	0.000
275	-4.589	1.875	0.000
276	-4.589	1.875	0.000
277	-4.589	1.875	0.000
279	-4.589	1.875	0.000
282	-4.589	1.875	0.000
283	-4.589	1.875	0.000
284	-4.589	1.875	0.000
285	-4.589	1.875	0.000
293	-4.589	1.875	0.000
294	-4.589	1.875	0.000
295	-4.589	1.875	0.000
296	-4.589	1.875	0.000
297	-4.589	1.875	0.000
298	-4.589	1.875	0.000
299	-4.589	1.875	0.000
300	-4.589	1.875	0.000
301	-4.589	1.875	0.000
302	-4.589	1.875	0.000
303	-4.589	1.875	0.000
304	-4.589	1.875	0.000
305	-4.589	1.875	0.000
306	-4.589	1.875	0.000
549	-4.589	1.872	0.000
550	-4.589	1.872	0.000
581	-4.589	1.872	0.000
605	-4.589	1.872	0.000
606	-4.589	1.872	0.000
178	-4.588	1.875	0.000
213	-4.588	1.875	0.000
215	-4.588	1.875	0.000
218	-4.588	1.875	0.000
227	-4.588	1.875	0.000
233	-4.588	1.875	0.000
109	-4.588	1.875	0.000
121	-4.588	1.875	0.000
149	-4.588	1.875	0.000
150	-4.588	1.875	0.000
162	-4.588	1.875	0.000
168	-4.588	1.875	0.000
188	-4.588	1.875	0.000
189	-4.588	1.875	0.000
190	-4.588	1.875	0.000
191	-4.588	1.875	0.000
201	-4.588	1.875	0.000
202	-4.588	1.875	0.000
207	-4.588	1.875	0.000
208	-4.588	1.875	0.000
216	-4.588	1.875	0.000
217	-4.588	1.875	0.000
223	-4.588	1.875	0.000
235	-4.588	1.875	0.000
236	-4.588	1.875	0.000
237	-4.588	1.875	0.000
238	-4.588	1.875	0.000
344	-4.588	1.875	0.000
345	-4.588	1.875	0.000
346	-4.588	1.875	0.000
348	-4.588	1.875	0.000
389	-4.588	1.875	0.000
390	-4.588	1.875	0.000
391	-4.588	1.875	0.000
392	-4.588	1.875	0.000
450	-4.588	1.875	0.000
455	-4.588	1.875	0.000
467	-4.588	1.875	0.000
468	-4.588	1.875	0.000
472	-4.588	1.875	0.000
474	-4.588	1.875	0.000
310	-4.587	1.875	0.000
311	-4.587	1.875	0.000
332	-4.587	1.875	0.000
359	-4.587	1.875	0.000
361	-4.587	1.875	0.000
369	-4.587	1.875	0.000
422	-4.587	1.875	0.000
529	-4.587	1.875	0.000
489	-4.585	1.875	0.000
492	-4.585	1.875	0.000
493	-4.585	1.875	0.000
494	-4.585	1.875	0.000
497	-4.585	1.875	0.000
500	-4.585	1.875	0.000
501	-4.585	1.875	0.000
502	-4.585	1.875	0.000
503	-4.585	1.875	0.000
1186	-4.584	1.875	0.000
1230	-4.584	1.875	0.000
1231	-4.584	1.875	0.000
1260	-4.584	1.875	0.000
1310	-4.584	1.875	0.000
1369	-4.584	1.875	0.000
1372	-4.584	1.875	0.000
1374	-4.584	1.875	0.000
1396	-4.584	1.875	0.000
1397	-4.584	1.875	0.000
1398	-4.584	1.875	0.000
1410	-4.584	1.875	0.000
336	-4.569	1.874	0.000
540	-4.566	1.871	0.000
541	-4.566	1.871	0.000
542	-4.566	1.871	0.000
578	-4.566	1.871	0.000
590	-4.566	1.871	0.000
591	-4.566	1.871	0.000
594	-4.566	1.871	0.000
596	-4.566	1.871	0.000
366	-4.564	1.875	0.000
427	-4.564	1.875	0.000
428	-4.564	1.875	0.000
622	-4.536	0.102	0.000
623	-4.536	0.101	0.000
637	-4.536	0.102	0.000
656	-4.536	0.102	0.000
664	-4.536	0.102	0.000
665	-4.536	0.102	0.000
666	-4.536	0.102	0.000
668	-4.536	0.102	0.000
681	-4.536	0.101	0.000
682	-4.536	0.102	0.000
1179	-4.528	0.104	0.000
1185	-4.528	0.104	0.000
1210	-4.528	0.104	0.000
1213	-4.528	0.104	0.000
1265	-4.528	0.102	0.000
733	-4.528	0.122	0.000
734	-4.528	0.122	0.000
735	-4.528	0.122	0.000
736	-4.528	0.122	0.000
739	-4.528	0.122	0.000
740	-4.528	0.122	0.000
897	-4.528	0.122	0.000
909	-4.528	0.122	0.000
1272	-4.527	0.097	0.000
587	-4.523	0.218	0.000
597	-4.523	0.221	0.000
308	-4.520	0.218	0.000
412	-4.520	0.218	0.000
413	-4.520	0.218	0.000
414	-4.520	0.218	0.000
417	-4.520	0.218	0.000
418	-4.520	0.217	0.000
419	-4.520	0.218	0.000
508	-4.520	0.218	0.000
509	-4.520	0.215	0.000
511	-4.520	0.218	0.000
512	-4.520	0.218	0.000
513	-4.520	0.218	0.000
515	-4.520	0.218	0.000
307	-4.520	0.218	0.000
415	-4.520	0.218	0.000
598	-4.517	0.113	0.000
609	-4.517	0.113	0.000
610	-4.517	0.113	0.000
611	-4.517	0.113	0.000
544	-4.516	0.108	0.000
551	-4.516	0.111	0.000
553	-4.516	0.111	0.000
554	-4.516	0.111	0.000
555	-4.516	0.110	0.000
556	-4.516	0.111	0.000
557	-4.516	0.111	0.000
558	-4.516	0.110	0.000
559	-4.516	0.111	0.000
560	-4.516	0.111	0.000
561	-4.516	0.110	0.000
562	-4.516	0.111	0.000
563	-4.516	0.111	0.000
564	-4.516	0.110	0.000
579	-4.516	0.109	0.000
582	-4.516	0.108	0.000
583	-4.516	0.109	0.000
968	-4.515	0.222	0.000
1080	-4.515	0.221	0.000
1081	-4.515	0.221	0.000
1168	-4.515	0.222	0.000
1209	-4.515	0.222	0.000
1366	-4.515	0.222	0.000
1400	-4.515	0.221	0.000
1401	-4.515	0.221	0.000
1225	-4.515	0.222	0.000
1227	-4.515	0.222	0.000
1299	-4.515	0.222	0.000
1307	-4.515	0.222	0.000
1308	-4.515	0.222	0.000
1309	-4.515	0.221	0.000
1065	-4.515	0.179	0.000
148	-4.515	0.131	0.000
151	-4.515	0.132	0.000
154	-4.515	0.131	0.000
155	-4.515	0.131	0.000
159	-4.515	0.131	0.000
160	-4.515	0.131	0.000
174	-4.515	0.132	0.000
181	-4.515	0.132	0.000
182	-4.515	0.131	0.000
183	-4.515	0.131	0.000
184	-4.515	0.132	0.000
185	-4.515	0.131	0.000
186	-4.515	0.132	0.000
187	-4.515	0.131	0.000
194	-4.515	0.131	0.000
209	-4.515	0.131	0.000
210	-4.515	0.131	0.000
211	-4.515	0.131	0.000
212	-4.515	0.131	0.000
219	-4.515	0.131	0.000
220	-4.515	0.131	0.000
221	-4.515	0.131	0.000
222	-4.515	0.131	0.000
249	-4.515	0.131	0.000
252	-4.515	0.132	0.000
253	-4.515	0.131	0.000
254	-4.515	0.131	0.000
258	-4.515	0.132	0.000
260	-4.515	0.131	0.000
262	-4.515	0.131	0.000
278	-4.515	0.132	0.000
286	-4.515	0.131	0.000
290	-4.515	0.132	0.000
291	-4.515	0.131	0.000
292	-4.515	0.131	0.000
505	-4.515	0.132	0.000
506	-4.515	0.131	0.000
507	-4.515	0.132	0.000
326	-4.514	0.112	0.000
327	-4.514	0.112	0.000
424	-4.514	0.112	0.000
313	-4.514	0.112	0.000
314	-4.514	0.112	0.000
317	-4.514	0.112	0.000
325	-4.514	0.112	0.000
358	-4.514	0.112	0.000
517	-4.514	0.110	0.000
524	-4.514	0.110	0.000
531	-4.514	0.110	0.000
405	-4.514	0.109	0.000
453	-4.514	0.109	0.000
347	-4.514	0.106	0.000
1158	-4.509	0.117	0.000
1159	-4.509	0.115	0.000
1160	-4.509	0.115	0.000
1173	-4.509	0.115	0.000
1174	-4.509	0.115	0.000
1175	-4.509	0.115	0.000
1184	-4.509	0.115	0.000
1361	-4.509	0.106	0.000
1380	-4.509	0.112	0.000
1381	-4.509	0.112	0.000
1386	-4.509	0.112	0.000
488	-4.509	0.135	0.000
487	-4.509	0.135	0.000
490	-4.509	0.135	0.000
495	-4.509	0.134	0.000
496	-4.509	0.135	0.000
1251	-4.508	0.116	0.000
1252	-4.508	0.116	0.000
1253	-4.508	0.116	0.000
1254	-4.508	0.116	0.000
1262	-4.508	0.113	0.000
484	-4.505	0.241	0.000
485	-4.505	0.241	0.000
486	-4.505	0.242	0.000
577	-4.505	0.241	0.000
588	-4.505	0.242	0.000
592	-4.505	0.242	0.000
593	-4.505	0.241	0.000
595	-4.505	0.242	0.000
329	-4.503	0.237	0.000
352	-4.503	0.237	0.000
353	-4.503	0.238	0.000
354	-4.503	0.237	0.000
355	-4.503	0.237	0.000
356	-4.503	0.238	0.000
360	-4.503	0.238	0.000
364	-4.503	0.237	0.000
365	-4.503	0.237	0.000
367	-4.503	0.237	0.000
368	-4.503	0.238	0.000
409	-4.503	0.238	0.000
431	-4.503	0.237	0.000
432	-4.503	0.237	0.000
433	-4.503	0.238	0.000
434	-4.503	0.237	0.000
435	-4.503	0.237	0.000
1273	-4.466	0.406	0.000
76	-4.465	1.335	0.000
77	-4.465	1.335	0.000
98	-4.465	1.335	0.000
114	-4.465	1.335	0.000
1341	-4.401	1.338	0.000
1277	-4.401	1.338	0.000
1278	-4.401	1.338	0.000
1332	-4.400	1.338	0.000
613	-4.392	1.335	0.000
615	-4.392	1.336	0.000
618	-4.392	1.336	0.000
565	-4.392	1.336	0.000
569	-4.392	1.336	0.000
570	-4.392	1.336	0.000
572	-4.392	1.336	0.000
573	-4.392	1.336	0.000
574	-4.392	1.336	0.000
575	-4.392	1.336	0.000
576	-4.392	1.336	0.000
255	-4.390	1.335	0.000
105	-4.390	1.335	0.000
107	-4.390	1.335	0.000
108	-4.390	1.335	0.000
136	-4.390	1.335	0.000
142	-4.390	1.335	0.000
143	-4.390	1.335	0.000
144	-4.390	1.335	0.000
145	-4.390	1.336	0.000
146	-4.390	1.335	0.000
147	-4.390	1.335	0.000
156	-4.390	1.335	0.000
157	-4.390	1.336	0.000
158	-4.390	1.335	0.000
161	-4.390	1.335	0.000
167	-4.390	1.336	0.000
169	-4.390	1.336	0.000
170	-4.390	1.335	0.000
172	-4.390	1.336	0.000
177	-4.390	1.336	0.000
179	-4.390	1.335	0.000
180	-4.390	1.335	0.000
192	-4.390	1.335	0.000
193	-4.390	1.335	0.000
195	-4.390	1.335	0.000
196	-4.390	1.335	0.000
197	-4.390	1.335	0.000
198	-4.390	1.335	0.000
199	-4.390	1.335	0.000
200	-4.390	1.335	0.000
239	-4.390	1.335	0.000
1083	-4.390	1.334	0.000
312	-4.389	1.336	0.000
321	-4.389	1.336	0.000
333	-4.389	1.336	0.000
334	-4.389	1.336	0.000
357	-4.389	1.336	0.000
370	-4.389	1.336	0.000
371	-4.389	1.336	0.000
373	-4.389	1.336	0.000
377	-4.389	1.336	0.000
378	-4.389	1.336	0.000
379	-4.389	1.336	0.000
423	-4.389	1.336	0.000
448	-4.389	1.336	0.000
449	-4.389	1.336	0.000
451	-4.389	1.336	0.000
452	-4.389	1.336	0.000
454	-4.389	1.336	0.000
518	-4.389	1.336	0.000
519	-4.389	1.336	0.000
520	-4.389	1.336	0.000
521	-4.389	1.336	0.000
522	-4.389	1.336	0.000
523	-4.389	1.336	0.000
527	-4.389	1.336	0.000
528	-4.389	1.336	0.000
532	-4.389	1.336	0.000
533	-4.389	1.336	0.000
537	-4.389	1.336	0.000
491	-4.386	1.335	0.000
499	-4.386	1.335	0.000
1326	-4.385	1.335	0.000
1336	-4.385	1.335	0.000
1382	-4.385	1.335	0.000
1383	-4.385	1.335	0.000
1384	-4.385	1.335	0.000
1412	-4.385	1.335	0.000
401	-4.274	3.411	0.000
402	-4.274	3.411	0.000
403	-4.274	3.411	0.000
404	-4.274	3.411	0.000
406	-4.274	3.412	0.000
407	-4.274	3.412	0.000
526	-4.274	3.412	0.000
1350	-4.273	3.413	0.000
1351	-4.273	3.413	0.000
1352	-4.273	3.413	0.000
416	-4.273	3.412	0.000
1087	-4.273	3.413	0.000
1162	-4.273	3.413	0.000
1163	-4.273	3.413	0.000
1189	-4.273	3.413	0.000
1264	-4.273	3.413	0.000
1274	-4.273	3.413	0.000
1275	-4.273	3.413	0.000
1280	-4.273	3.413	0.000
1282	-4.273	3.413	0.000
1284	-4.273	3.413	0.000
1313	-4.273	3.413	0.000
1315	-4.273	3.413	0.000
1316	-4.273	3.413	0.000
1317	-4.273	3.413	0.000
1318	-4.273	3.413	0.000
1319	-4.273	3.413	0.000
477	-4.272	3.412	0.000
580	-4.272	3.412	0.000
620	-4.271	3.304	0.000
621	-4.271	3.304	0.000
630	-4.271	3.304	0.000
543	-4.267	3.305	0.000
585	-4.267	3.305	0.000
586	-4.267	3.305	0.000
608	-4.267	3.305	0.000
614	-4.267	3.305	0.000
1063	-4.267	3.305	0.000
1064	-4.267	3.306	0.000
1066	-4.267	3.306	0.000
1362	-4.267	3.306	0.000
1364	-4.267	3.306	0.000
1365	-4.267	3.306	0.000
1367	-4.267	3.306	0.000
1385	-4.267	3.306	0.000
1416	-4.267	3.306	0.000
339	-4.267	3.306	0.000
376	-4.267	3.305	0.000
1257	-4.267	3.306	0.000
1290	-4.267	3.306	0.000
1325	-4.267	3.305	0.000
1120	-4.266	3.304	0.000
1121	-4.266	3.304	0.000
1358	-4.266	3.305	0.000
86	-4.265	3.305	0.000
87	-4.265	3.305	0.000
88	-4.265	3.305	0.000
89	-4.265	3.305	0.000
90	-4.265	3.305	0.000
91	-4.265	3.305	0.000
103	-4.265	3.305	0.000
106	-4.265	3.305	0.000
126	-4.265	3.305	0.000
127	-4.265	3.305	0.000
131	-4.265	3.305	0.000
132	-4.265	3.305	0.000
133	-4.265	3.305	0.000
134	-4.265	3.305	0.000
138	-4.265	3.305	0.000
139	-4.265	3.305	0.000
140	-4.265	3.305	0.000
163	-4.265	3.305	0.000
164	-4.265	3.305	0.000
165	-4.265	3.305	0.000
166	-4.265	3.305	0.000
175	-4.265	3.305	0.000
176	-4.265	3.305	0.000
224	-4.265	3.305	0.000
225	-4.265	3.305	0.000
226	-4.265	3.305	0.000
240	-4.265	3.305	0.000
241	-4.265	3.305	0.000
242	-4.265	3.305	0.000
243	-4.265	3.305	0.000
244	-4.265	3.305	0.000
245	-4.265	3.305	0.000
270	-4.265	3.305	0.000
271	-4.265	3.305	0.000
318	-4.265	3.305	0.000
319	-4.265	3.305	0.000
320	-4.265	3.305	0.000
322	-4.265	3.305	0.000
323	-4.265	3.305	0.000
324	-4.265	3.305	0.000
374	-4.265	3.305	0.000
408	-4.265	3.305	0.000
410	-4.265	3.305	0.000
444	-4.265	3.305	0.000
445	-4.265	3.305	0.000
447	-4.265	3.305	0.000
466	-4.265	3.305	0.000
469	-4.265	3.305	0.000
470	-4.265	3.305	0.000
480	-4.265	3.307	0.000
481	-4.265	3.307	0.000
482	-4.265	3.307	0.000
483	-4.265	3.307	0.000
510	-4.265	3.305	0.000
1229	-4.265	3.304	0.000
535	-4.263	3.306	0.000
536	-4.263	3.306	0.000
395	-4.263	3.418	0.000
396	-4.263	3.418	0.000
397	-4.263	3.418	0.000
398	-4.263	3.418	0.000
399	-4.263	3.418	0.000
400	-4.263	3.418	0.000
411	-4.263	3.418	0.000
420	-4.263	3.418	0.000
436	-4.263	3.418	0.000
437	-4.263	3.418	0.000
438	-4.263	3.418	0.000
439	-4.263	3.418	0.000
440	-4.263	3.418	0.000
441	-4.263	3.418	0.000
442	-4.263	3.418	0.000
471	-4.263	3.418	0.000
473	-4.263	3.418	0.000
514	-4.263	3.418	0.000
1368	-4.263	3.419	0.000
1375	-4.263	3.419	0.000
1377	-4.263	3.419	0.000
1187	-4.262	3.419	0.000
1188	-4.262	3.419	0.000
552	-4.261	3.419	0.000
599	-4.261	3.419	0.000
600	-4.261	3.419	0.000
601	-4.261	3.419	0.000
602	-4.261	3.419	0.000
607	-4.261	3.419	0.000
1084	-4.258	3.309	0.000
1085	-4.258	3.309	0.000
1086	-4.258	3.309	0.000
1112	-4.258	3.309	0.000
1194	-4.258	3.309	0.000
1197	-4.258	3.309	0.000
1201	-4.258	3.309	0.000
1203	-4.258	3.309	0.000
1207	-4.258	3.309	0.000
1208	-4.258	3.309	0.000
1211	-4.258	3.309	0.000
1212	-4.258	3.309	0.000
1263	-4.258	3.309	0.000
1342	-4.258	3.309	0.000
1347	-4.258	3.309	0.000
1392	-4.258	3.309	0.000
612	-4.254	3.421	0.000
1165	-4.251	3.425	0.000
661	-4.194	1.428	0.000
662	-4.194	1.428	0.000
667	-4.194	1.429	0.000
663	-4.194	1.426	0.000
516	-4.193	1.328	0.000
738	-4.190	1.467	0.000
737	-4.190	1.461	0.000
589	-4.172	1.501	0.000
1304	-4.120	2.105	0.000
616	-4.114	2.104	0.000
617	-4.114	2.104	0.000
619	-4.114	2.104	0.000
335	-4.114	2.104	0.000
362	-4.114	2.104	0.000
363	-4.114	2.104	0.000
421	-4.114	2.104	0.000
464	-4.114	2.104	0.000
548	-4.112	2.104	0.000
1370	-3.917	3.601	0.000
1371	-3.917	3.601	0.000
1373	-3.917	3.601	0.000
1376	-3.917	3.601	0.000
1301	-3.895	3.641	0.000
1434	-3.895	3.641	0.000
1436	-3.895	3.641	0.000
