592	-5.622	0.000	2.166
598	-5.622	0.000	17.011
739	-5.622	0.000	2.167
760	-5.622	0.000	3.350
761	-5.622	0.000	0.001
1008	-5.622	0.001	17.978
589	-5.606	0.003	22.338
593	-5.606	0.003	22.344
596	-5.606	0.003	22.344
600	-5.606	0.003	22.357
611	-5.606	0.003	22.355
624	-5.606	0.003	22.358
641	-5.606	0.003	24.392
670	-5.606	0.003	17.725
716	-5.606	0.003	17.709
737	-5.606	0.003	18.926
844	-5.606	0.003	18.924
748	-5.605	0.003	18.925
654	-5.482	0.035	19.272
599	-5.481	0.035	19.272
643	-5.481	0.035	14.833
696	-5.481	0.035	14.833
701	-5.481	0.035	14.833
703	-5.481	0.035	14.835
719	-5.481	0.035	14.835
755	-5.481	0.035	14.835
788	-5.481	0.035	14.835
862	-5.481	0.035	14.199
864	-5.481	0.035	14.199
682	-5.475	0.032	14.206
700	-5.475	0.032	17.115
913	-5.475	0.032	17.115
921	-5.475	0.032	13.908
812	-5.475	0.032	13.908
857	-5.475	0.032	13.906
891	-5.475	0.032	13.906
949	-5.475	0.032	13.839
971	-5.475	0.032	13.845
985	-5.475	0.032	13.794
1061	-5.475	0.032	13.758
1002	-5.475	0.032	13.757
1005	-5.475	0.032	13.756
1006	-5.475	0.032	13.811
594	-5.459	0.027	1.998
660	-5.459	0.027	1.998
732	-5.459	0.027	1.999
610	-5.459	0.027	1.999
601	-5.459	0.027	1.999
606	-5.459	0.027	2.002
607	-5.459	0.027	17.058
653	-5.459	0.027	2.467
702	-5.459	0.027	2.467
704	-5.459	0.027	2.467
705	-5.459	0.027	2.467
718	-5.459	0.027	2.467
734	-5.459	0.027	2.457
741	-5.459	0.027	2.457
772	-5.459	0.027	2.457
827	-5.459	0.027	1.379
832	-5.459	0.027	1.379
841	-5.459	0.027	1.377
855	-5.459	0.027	2.173
887	-5.459	0.027	3.324
900	-5.459	0.027	18.075
907	-5.459	0.027	17.069
932	-5.459	0.027	3.343
937	-5.459	0.027	2.166
939	-5.459	0.027	2.166
965	-5.459	0.027	17.019
1031	-5.459	0.027	2.167
1040	-5.459	0.027	2.167
1053	-5.459	0.027	0.001
1059	-5.459	0.027	17.978
1073	-5.459	0.028	17.981
799	-5.459	0.027	17.982
813	-5.459	0.027	17.982
851	-5.459	0.027	17.975
868	-5.459	0.027	17.974
869	-5.459	0.027	17.978
975	-5.459	0.027	17.978
976	-5.459	0.027	22.357
987	-5.459	0.027	22.357
1047	-5.459	0.027	22.338
915	-5.458	0.027	22.339
916	-5.458	0.027	22.346
918	-5.458	0.027	22.346
745	-5.458	0.027	22.354
784	-5.458	0.027	22.356
1000	-5.458	0.027	22.356
742	-5.455	0.028	24.393
917	-5.394	1.439	17.812
686	-5.390	1.440	17.896
687	-5.390	1.440	17.828
689	-5.389	1.440	17.828
691	-5.389	1.440	17.828
693	-5.389	1.440	17.814
818	-5.389	1.440	17.811
892	-5.389	1.440	17.814
911	-5.389	1.440	17.818
1072	-5.389	1.440	17.911
768	-5.389	1.440	17.912
807	-5.389	1.440	17.429
848	-5.389	1.440	17.429
628	-5.368	1.430	17.759
786	-5.367	1.431	17.760
1035	-5.367	1.431	17.760
1052	-5.367	1.430	17.760
729	-5.353	1.434	17.760
738	-5.353	1.434	17.760
612	-5.353	1.434	17.760
627	-5.353	1.434	17.761
692	-5.353	1.434	19.915
694	-5.353	1.434	19.915
720	-5.353	1.434	19.748
1042	-5.353	1.435	19.749
1051	-5.353	1.435	19.748
793	-5.353	1.435	19.749
854	-5.353	1.435	19.749
871	-5.353	1.435	19.749
961	-5.353	1.435	19.749
1039	-5.353	1.435	19.750
1075	-5.353	1.435	19.917
633	-5.352	1.434	19.919
634	-5.352	1.435	19.752
746	-5.352	1.435	16.581
783	-5.352	1.435	20.874
810	-5.352	1.434	20.873
811	-5.352	1.434	20.874
847	-5.352	1.434	16.561
894	-5.352	1.434	17.074
901	-5.352	1.434	20.360
904	-5.352	1.434	20.360
957	-5.352	1.434	20.360
966	-5.352	1.434	20.360
970	-5.352	1.435	20.361
1056	-5.352	1.435	15.057
843	-5.352	1.435	15.057
952	-5.352	1.434	15.057
953	-5.352	1.434	15.057
983	-5.030	1.571	18.926
883	-5.026	2.376	18.925
928	-5.026	2.376	18.924
820	-5.024	2.371	18.925
821	-5.024	2.371	18.924
1063	-5.024	2.371	18.924
867	-5.024	2.372	18.925
895	-5.024	2.372	18.925
973	-5.024	2.372	18.925
997	-5.024	2.372	18.925
751	-5.023	2.371	18.925
699	-5.022	2.365	18.925
777	-5.022	2.365	18.926
1074	-5.022	2.365	20.399
1034	-4.920	2.352	20.400
621	-4.919	2.019	20.399
706	-4.919	2.019	20.399
840	-4.919	2.019	20.399
924	-4.919	2.019	18.926
1007	-4.919	2.018	20.400
1058	-4.919	2.018	17.802
1066	-4.919	2.019	17.803
711	-4.919	2.018	17.894
713	-4.919	2.018	17.892
747	-4.919	2.018	17.813
756	-4.919	2.019	17.813
785	-4.919	2.019	17.895
800	-4.919	2.019	17.827
801	-4.919	2.019	17.827
899	-4.919	2.019	17.828
944	-4.919	2.019	17.828
954	-4.919	2.019	17.811
816	-4.918	2.019	17.816
988	-4.862	2.479	17.817
846	-4.845	2.481	17.915
1013	-4.838	2.484	17.911
1014	-4.838	2.484	17.428
828	-4.837	2.485	17.428
1025	-4.837	2.484	17.428
678	-4.835	1.573	17.761
896	-4.597	1.862	17.760
948	-4.597	1.861	17.760
717	-4.571	1.858	19.913
794	-4.571	1.858	19.914
1030	-4.570	1.858	19.914
