991	-6.328	0.000	20.360
1048	-6.054	0.134	1.997
779	-6.030	1.727	1.999
834	-6.030	1.727	1.998
880	-6.030	1.727	1.999
886	-6.030	1.727	1.999
922	-6.030	1.727	1.999
926	-6.030	1.727	17.385
618	-5.991	1.996	2.456
620	-5.991	1.996	1.379
648	-5.991	1.996	1.377
662	-5.991	1.996	1.377
674	-5.991	1.996	3.323
684	-5.991	1.996	3.323
721	-5.991	1.996	1.389
722	-5.991	1.996	17.457
753	-5.991	1.996	2.166
762	-5.991	1.996	2.166
763	-5.991	1.996	2.165
764	-5.991	1.996	17.019
771	-5.991	1.996	2.167
775	-5.991	1.996	3.350
789	-5.991	1.996	0.001
790	-5.991	1.996	17.980
792	-5.991	1.996	17.981
822	-5.991	1.996	17.981
829	-5.991	1.996	17.975
839	-5.991	1.996	17.975
852	-5.991	1.996	17.978
879	-5.991	1.996	17.978
906	-5.991	1.996	17.983
923	-5.991	1.996	22.356
930	-5.991	1.996	22.338
931	-5.991	1.996	22.337
968	-5.991	1.996	22.338
981	-5.991	1.996	22.345
1041	-5.991	1.996	22.344
1068	-5.991	1.996	22.357
1071	-5.991	1.996	22.356
677	-5.991	1.996	22.359
685	-5.991	1.996	24.392
733	-5.991	1.996	17.725
736	-5.991	1.996	18.926
604	-5.892	2.622	17.802
605	-5.892	2.622	17.803
651	-5.892	2.622	17.817
655	-5.892	2.622	17.892
673	-5.892	2.622	17.815
679	-5.892	2.622	17.812
688	-5.892	2.622	17.896
690	-5.892	2.622	17.827
712	-5.892	2.622	17.827
826	-5.892	2.622	17.827
859	-5.892	2.622	17.827
860	-5.892	2.622	17.813
920	-5.892	2.622	17.816
941	-5.892	2.622	17.830
950	-5.892	2.622	17.916
963	-5.892	2.622	17.911
992	-5.892	2.622	17.428
1015	-5.892	2.622	17.428
1020	-5.892	2.622	17.428
1027	-5.892	2.622	17.761
1036	-5.892	2.622	17.434
1065	-5.892	2.622	17.758
781	-5.868	2.621	17.759
480	-5.867	2.621	17.759
481	-5.867	2.621	17.759
625	-5.866	2.621	17.760
626	-5.866	2.621	17.760
629	-5.866	2.621	17.760
683	-5.866	2.621	19.913
725	-5.866	2.621	19.914
787	-5.866	2.621	19.914
974	-5.866	2.621	19.748
659	-5.865	2.621	19.748
664	-5.865	2.621	19.748
665	-5.865	2.621	19.748
666	-5.865	2.621	19.748
671	-5.865	2.621	19.748
776	-5.864	2.622	19.748
1069	-5.864	2.622	19.917
912	-5.815	1.818	19.918
273	-5.797	1.815	19.752
964	-5.738	1.828	15.057
619	-5.732	1.967	15.057
622	-5.732	1.967	15.057
698	-5.732	1.968	15.057
735	-5.732	1.967	15.057
1001	-5.723	1.971	15.057
757	-5.723	1.972	15.067
806	-5.723	1.972	15.100
998	-5.723	1.971	22.020
759	-5.722	1.972	22.020
990	-5.722	1.971	21.982
680	-5.722	1.970	22.040
258	-5.719	1.968	19.272
510	-5.719	1.968	19.272
870	-5.701	2.025	14.207
876	-5.701	2.025	14.207
890	-5.701	2.025	17.115
905	-5.701	2.026	17.115
958	-5.701	2.025	13.908
1011	-5.701	2.025	13.908
1043	-5.701	2.025	13.906
1044	-5.701	2.025	13.906
727	-5.701	2.026	13.839
837	-5.701	2.026	13.865
803	-5.701	2.028	13.793
804	-5.701	2.029	13.808
728	-5.701	2.031	13.757
695	-5.700	2.034	13.757
908	-5.654	1.746	2.173
989	-5.618	2.789	17.981
635	-5.618	2.789	17.980
639	-5.618	2.789	17.981
675	-5.618	2.789	17.975
676	-5.618	2.789	17.974
708	-5.618	2.789	17.977
714	-5.618	2.789	17.972
770	-5.618	2.789	22.355
835	-5.618	2.789	22.356
914	-5.618	2.789	22.337
791	-5.573	2.651	18.924
795	-5.573	2.651	18.924
1028	-5.573	2.651	18.925
878	-5.572	2.651	18.925
744	-5.566	3.620	18.924
749	-5.566	3.620	18.924
613	-5.566	3.620	18.925
615	-5.566	3.620	18.925
616	-5.566	3.620	18.925
617	-5.566	3.620	20.399
631	-5.566	3.620	20.399
636	-5.566	3.620	20.399
638	-5.566	3.620	20.399
644	-5.566	3.620	20.399
645	-5.566	3.621	20.399
656	-5.566	3.620	20.399
723	-5.566	3.620	20.399
730	-5.566	3.620	20.399
591	-5.565	3.620	20.399
808	-5.565	3.620	20.399
815	-5.565	3.620	20.399
877	-5.565	3.620	20.399
882	-5.563	2.803	20.400
210	-5.562	2.803	17.802
517	-5.562	2.803	17.816
640	-5.562	2.803	17.892
642	-5.562	2.803	17.815
715	-5.562	2.803	17.812
602	-5.561	2.803	17.895
609	-5.561	2.803	17.896
614	-5.561	2.803	17.827
646	-5.561	2.803	17.827
657	-5.561	2.803	17.828
658	-5.561	2.803	17.813
672	-5.561	2.803	17.817
767	-5.561	2.803	17.831
858	-5.560	2.803	17.915
360	-5.534	2.651	17.428
402	-5.534	2.651	17.751
417	-5.534	2.651	17.433
1037	-5.534	2.651	17.758
1038	-5.534	2.651	17.760
825	-5.533	2.651	17.760
898	-5.533	2.651	17.759
1023	-5.533	2.651	17.759
740	-5.533	2.651	17.759
798	-5.533	2.651	17.759
802	-5.533	2.651	17.435
819	-5.533	2.651	19.913
943	-5.533	2.651	19.914
945	-5.533	2.651	19.748
632	-5.532	2.651	19.748
669	-5.532	2.651	19.748
853	-5.532	2.652	19.748
909	-5.532	2.652	19.748
959	-5.532	2.652	19.748
588	-5.518	3.461	20.874
590	-5.518	3.461	17.066
608	-5.518	3.461	20.360
709	-5.518	3.461	20.360
750	-5.518	3.461	20.360
752	-5.518	3.461	20.360
809	-5.518	3.461	15.056
817	-5.518	3.461	15.056
833	-5.518	3.461	15.056
850	-5.518	3.461	15.056
885	-5.518	3.461	15.056
888	-5.518	3.461	15.056
765	-5.498	3.466	15.056
856	-5.498	3.466	15.056
630	-5.497	3.466	15.056
647	-5.497	3.466	15.056
661	-5.497	3.466	15.056
667	-5.497	3.466	20.100
668	-5.497	3.467	15.099
731	-5.497	3.467	15.099
710	-5.497	3.466	22.021
697	-5.496	3.635	21.981
780	-5.495	3.636	22.040
279	-5.494	3.636	22.040
1016	-5.414	2.002	18.925
881	-5.408	2.006	18.925
432	-5.407	2.046	18.925
595	-5.395	3.450	18.926
597	-5.395	3.450	18.926
623	-5.395	3.450	20.399
637	-5.395	3.450	20.400
649	-5.395	3.450	20.400
681	-5.395	3.450	20.400
724	-5.395	3.450	20.400
758	-5.395	3.450	20.400
766	-5.395	3.450	20.400
773	-5.395	3.450	20.400
774	-5.395	3.450	20.400
823	-5.395	3.450	20.400
824	-5.395	3.450	20.400
845	-5.395	3.450	20.399
873	-5.395	3.450	20.400
893	-5.395	3.450	20.400
933	-5.395	3.450	17.803
940	-5.395	3.450	17.818
956	-5.395	3.450	17.893
972	-5.395	3.449	17.893
1021	-5.395	3.450	17.813
743	-5.353	3.096	19.917
980	-5.311	3.720	15.057
1062	-5.311	3.720	15.057
999	-5.311	3.720	15.057
754	-5.296	3.420	15.057
778	-5.296	3.418	15.057
797	-5.296	3.418	20.068
805	-5.296	3.418	15.100
849	-5.296	3.418	15.100
865	-5.296	3.418	22.021
897	-5.296	3.418	21.983
925	-5.296	3.418	21.984
934	-5.296	3.418	22.041
942	-5.296	3.418	19.273
982	-5.296	3.418	19.273
1003	-5.296	3.420	14.828
1046	-5.296	3.418	14.834
1049	-5.283	3.731	14.834
1050	-5.283	3.731	14.830
830	-5.283	3.731	14.836
831	-5.283	3.731	14.836
960	-5.283	3.731	14.836
1012	-5.283	3.731	14.437
603	-5.282	3.732	14.199
650	-5.282	3.732	13.939
769	-5.282	3.731	14.207
993	-5.261	2.838	14.207
884	-5.225	3.497	13.907
910	-5.224	3.499	13.907
927	-5.223	3.493	13.757
929	-5.223	3.493	13.757
863	-5.222	3.494	13.812
874	-5.222	3.493	13.812
875	-5.222	3.493	13.344
902	-5.222	3.493	13.768
903	-5.222	3.493	1.997
935	-5.222	3.493	1.997
936	-5.222	3.493	1.999
938	-5.222	3.493	1.998
951	-5.222	3.494	1.999
967	-5.222	3.493	1.999
984	-5.222	3.494	1.999
986	-5.222	3.493	17.385
994	-5.222	3.494	2.467
995	-5.222	3.495	2.467
996	-5.222	3.495	2.467
1004	-5.222	3.494	2.467
1022	-5.222	3.494	2.467
1024	-5.222	3.494	2.456
1026	-5.222	3.494	2.456
1029	-5.222	3.494	2.456
1032	-5.222	3.494	2.457
1033	-5.222	3.494	1.379
1054	-5.222	3.494	1.377
1055	-5.222	3.494	1.378
1064	-5.222	3.494	3.323
1067	-5.222	3.494	3.323
726	-5.222	3.494	17.070
814	-5.222	3.494	2.165
946	-5.222	3.493	2.166
978	-5.222	3.493	2.166
979	-5.222	3.493	2.165
707	-5.221	3.495	2.167
872	-5.221	3.495	3.524
962	-5.221	3.495	0.001
652	-5.195	2.855	17.981
861	-5.195	2.855	17.975
1010	-5.195	2.856	17.975
1057	-5.195	2.856	17.978
506	-5.184	2.855	17.978
866	-5.086	3.180	22.337
663	-5.085	3.661	22.338
782	-5.085	3.661	22.345
796	-5.085	3.661	22.344
838	-5.085	3.661	22.356
919	-5.085	3.661	22.356
947	-5.085	3.661	22.359
969	-5.085	3.661	24.392
1019	-5.085	3.179	17.725
1009	-5.011	3.692	20.399
1045	-5.011	3.691	20.399
889	-5.010	3.691	20.399
977	-5.010	3.691	20.399
1018	-5.010	3.692	20.399
1060	-5.010	3.691	20.399
842	-4.566	2.941	19.748
278	-4.566	2.941	19.748
