1598	-6.107	0.000	14.206
1610	-6.107	0.001	17.115
1624	-6.107	0.001	17.115
1640	-6.107	0.001	13.908
1656	-6.107	0.001	13.907
1670	-6.107	0.001	13.906
1685	-6.107	0.001	13.906
1580	-6.068	1.211	13.839
1604	-6.068	1.210	13.864
1605	-6.068	1.210	13.819
1614	-6.068	1.210	13.757
1639	-6.068	1.210	13.757
1715	-6.068	1.210	13.757
1739	-6.068	1.210	13.811
1672	-5.997	1.216	2.467
1675	-5.997	1.216	2.467
1566	-5.996	1.216	2.467
1638	-5.996	1.216	2.467
1677	-5.995	1.216	2.456
1679	-5.995	1.216	2.456
1699	-5.992	1.216	2.457
1607	-5.985	0.018	18.923
1608	-5.985	0.018	18.924
1645	-5.985	0.018	18.924
1620	-5.984	0.019	18.924
1711	-5.984	0.019	18.924
1750	-5.984	0.019	18.925
1653	-5.984	0.018	18.925
1741	-5.983	0.019	18.925
1694	-5.858	1.199	19.917
1629	-5.757	2.833	20.873
1630	-5.757	2.833	20.874
1654	-5.757	2.833	17.076
1550	-5.755	2.829	20.360
1726	-5.755	2.829	20.360
1696	-5.754	2.757	20.360
1740	-5.754	2.757	20.360
1579	-5.748	2.818	15.056
1609	-5.748	2.818	15.057
1634	-5.748	2.818	15.057
1676	-5.748	2.818	15.057
1692	-5.748	2.818	15.057
1704	-5.717	2.772	14.828
1684	-5.716	2.770	14.833
1736	-5.716	2.770	14.833
1745	-5.715	2.770	14.830
1657	-5.714	2.769	14.835
1658	-5.714	2.770	14.835
1647	-5.713	2.767	14.835
1649	-5.713	2.767	14.830
1724	-5.713	2.767	14.199
1727	-5.708	2.759	14.199
1017	-5.699	1.224	13.811
1597	-5.680	2.871	13.759
420	-5.674	2.877	1.998
373	-5.476	2.811	13.939
483	-5.476	2.811	14.206
1744	-5.467	2.804	13.759
1619	-5.466	2.803	13.917
1646	-5.463	2.800	13.766
1665	-5.463	2.800	1.997
1543	-5.456	2.794	24.393
1536	-5.440	2.584	17.725
1728	-5.436	2.584	18.927
1643	-5.433	2.584	18.926
1717	-5.433	2.584	18.925
1671	-5.428	2.584	18.925
1593	-5.426	2.584	18.925
1652	-5.399	1.849	18.925
1725	-5.226	2.624	17.116
1615	-5.225	2.624	17.116
1718	-5.225	2.624	17.116
1720	-5.225	2.624	13.908
1594	-5.223	2.624	17.122
1662	-5.223	2.624	13.846
1663	-5.223	2.624	13.865
1666	-5.223	2.624	13.817
1682	-5.221	2.624	17.019
1742	-5.220	2.624	17.980
1070	-5.218	2.622	17.981
1586	-5.151	2.630	22.356
1644	-5.151	2.630	22.338
1723	-3.951	2.424	19.748
1642	-3.951	2.424	19.748
