1300	-5.335	0.000	7.405
1431	-5.335	0.000	7.400
1441	-5.335	0.001	7.400
1497	-5.335	0.001	8.568
1622	-5.335	0.000	8.569
1623	-5.335	0.000	8.548
1416	-5.101	1.457	9.782
1618	-5.101	1.457	7.848
1290	-5.042	1.979	7.849
1308	-5.042	1.979	7.846
1333	-5.042	1.979	7.846
1346	-5.042	1.979	7.795
1370	-5.042	1.979	7.788
1382	-5.042	1.979	7.763
1394	-5.042	1.979	8.104
1424	-5.042	1.979	8.029
1435	-5.042	1.979	8.029
1440	-5.042	1.979	7.657
1482	-5.042	1.979	8.023
1617	-5.042	1.979	7.522
1619	-5.042	1.979	8.366
1489	-5.042	1.978	19.054
1496	-5.042	1.978	19.054
1502	-5.042	1.978	19.055
1508	-5.042	1.978	19.055
1515	-5.042	1.978	19.055
1547	-5.042	1.978	19.055
1549	-5.042	1.978	19.055
1561	-5.042	1.978	8.039
1570	-5.042	1.978	18.917
1587	-5.042	1.978	18.917
1588	-5.042	1.978	18.917
1523	-4.914	1.553	17.613
1542	-4.914	1.553	7.297
1596	-4.801	2.069	8.030
1576	-4.800	2.069	17.594
1577	-4.800	2.069	18.955
1266	-4.794	2.069	18.955
1293	-4.765	2.781	18.954
1306	-4.765	2.781	20.399
1314	-4.765	2.781	7.393
1344	-4.765	2.781	7.394
1345	-4.765	2.781	7.394
1360	-4.765	2.781	7.394
1374	-4.765	2.781	7.404
1375	-4.765	2.781	7.401
1383	-4.765	2.781	7.400
1385	-4.765	2.781	7.400
1429	-4.765	2.781	8.569
1442	-4.765	2.781	8.568
1457	-4.765	2.781	8.548
1524	-4.765	2.781	8.548
1539	-4.765	2.781	8.555
1544	-4.765	2.781	8.555
1557	-4.765	2.781	8.561
1586	-4.765	2.781	8.559
1624	-4.742	2.120	10.633
1443	-4.704	2.794	4.753
1472	-4.704	2.794	3.795
1575	-4.704	2.794	3.803
1363	-4.703	2.794	3.803
1566	-4.703	2.795	3.803
1509	-4.702	2.795	3.803
1603	-4.639	2.698	5.482
1545	-4.639	2.698	4.343
1277	-4.637	2.951	4.343
1322	-4.637	2.951	4.345
1366	-4.637	2.951	4.345
1419	-4.637	2.951	4.345
1491	-4.603	1.601	4.344
1498	-4.603	1.601	2.191
1591	-4.603	1.601	2.189
1269	-4.597	2.706	2.190
1270	-4.597	2.706	2.847
1349	-4.597	2.706	2.847
1353	-4.597	2.706	2.848
1359	-4.597	2.706	2.848
1391	-4.597	2.706	2.848
1422	-4.597	2.706	2.848
1430	-4.597	2.706	2.846
1554	-4.597	2.706	2.185
1578	-4.597	2.706	2.185
1273	-4.583	3.721	2.184
1287	-4.583	3.721	2.849
1298	-4.583	3.721	5.252
1309	-4.583	3.721	1.518
1317	-4.583	3.721	1.518
1320	-4.583	3.721	1.518
1323	-4.583	3.721	1.518
1352	-4.583	3.721	4.146
1354	-4.583	3.721	2.202
1357	-4.583	3.721	2.202
1362	-4.583	3.721	2.202
1367	-4.583	3.721	2.202
1368	-4.583	3.721	2.202
1369	-4.583	3.721	7.259
1379	-4.583	3.721	7.259
1388	-4.583	3.721	7.259
1396	-4.583	3.721	7.259
1397	-4.583	3.721	7.259
1398	-4.583	3.721	7.259
1399	-4.583	3.721	7.259
1400	-4.583	3.721	7.259
1401	-4.583	3.721	7.259
1410	-4.583	3.721	7.259
1428	-4.583	3.721	2.537
1433	-4.583	3.721	7.282
1452	-4.583	3.721	7.284
1454	-4.583	3.721	8.598
1477	-4.583	3.721	8.556
1483	-4.583	3.721	8.556
1490	-4.583	3.721	8.617
1492	-4.583	3.721	7.550
1505	-4.583	3.721	7.550
1512	-4.583	3.721	7.355
1513	-4.583	3.721	7.361
1517	-4.583	3.721	7.361
1546	-4.583	3.721	7.357
1552	-4.583	3.721	7.362
1573	-4.583	3.721	7.362
1597	-4.583	3.721	7.362
1605	-4.583	3.721	7.327
1319	-4.555	3.727	7.199
1343	-4.555	3.727	7.420
1381	-4.555	3.727	7.200
1481	-4.555	3.727	7.200
1268	-4.554	3.727	7.200
1565	-4.358	3.087	19.054
1296	-4.340	3.695	19.054
1316	-4.340	3.695	19.055
1330	-4.340	3.695	19.055
1339	-4.340	3.695	19.055
1347	-4.340	3.695	19.055
1392	-4.340	3.695	19.055
1395	-4.340	3.695	7.852
1414	-4.340	3.695	18.917
1415	-4.340	3.695	18.916
1458	-4.340	3.695	18.916
1461	-4.340	3.695	18.916
1466	-4.340	3.695	18.917
1467	-4.340	3.695	18.951
1527	-4.325	2.899	18.955
1326	-4.299	2.896	7.234
1336	-4.299	2.896	18.954
1350	-4.299	2.896	17.776
1393	-4.299	2.896	20.399
1460	-4.299	2.896	7.395
1471	-4.299	2.896	7.394
1526	-4.299	2.896	7.394
1548	-4.299	2.896	7.404
1340	-4.297	3.719	7.404
1390	-4.297	3.719	7.400
1403	-4.297	3.719	7.400
1446	-4.297	3.719	7.403
1453	-4.297	3.719	8.568
1501	-4.297	3.719	8.548
1432	-4.277	3.708	8.559
1594	-4.248	3.079	3.803
1377	-4.234	3.756	3.808
1536	-4.017	3.747	7.362
1291	-4.015	3.756	7.362
1292	-4.015	3.756	7.362
1351	-4.015	3.756	7.356
1371	-4.015	3.756	7.201
