251	-6.011	0.000	7.889
121	-6.009	0.005	7.889
137	-6.009	0.005	7.032
190	-6.009	0.005	7.032
531	-6.006	0.005	8.425
242	-6.004	0.002	8.425
219	-6.003	0.051	8.425
358	-6.002	0.001	8.428
417	-6.002	0.001	8.428
434	-6.002	0.001	8.428
279	-6.001	0.028	8.429
714	-5.993	0.104	7.410
728	-5.992	0.102	7.411
735	-5.992	0.102	7.606
737	-5.992	0.102	7.433
740	-5.992	0.102	7.434
742	-5.992	0.102	9.387
501	-5.987	0.093	9.387
502	-5.987	0.093	7.771
174	-5.985	0.087	7.771
183	-5.985	0.087	7.774
690	-5.984	0.101	7.774
693	-5.984	0.101	8.274
704	-5.984	0.101	8.267
712	-5.984	0.101	7.662
713	-5.984	0.101	7.874
679	-5.984	0.101	7.876
708	-5.984	0.101	7.877
725	-5.984	0.100	7.640
1487	-5.983	0.102	7.871
1519	-5.983	0.102	7.673
540	-5.983	0.099	8.327
541	-5.983	0.099	17.524
716	-5.983	0.100	17.524
719	-5.983	0.101	17.524
506	-5.983	0.099	17.524
513	-5.983	0.099	17.524
520	-5.983	0.099	17.524
543	-5.983	0.099	17.521
566	-5.983	0.099	5.158
590	-5.983	0.099	17.520
666	-5.982	0.103	17.520
1131	-5.980	0.106	17.520
1157	-5.980	0.106	17.520
1181	-5.980	0.106	17.520
1195	-5.980	0.106	17.557
227	-5.980	0.093	17.557
1097	-5.979	0.107	17.557
1098	-5.979	0.107	18.220
1149	-5.979	0.106	18.221
1152	-5.979	0.106	18.217
1329	-5.979	0.106	17.355
1337	-5.979	0.106	16.281
1389	-5.979	0.106	4.155
1412	-5.979	0.106	5.141
1423	-5.979	0.106	16.265
1468	-5.979	0.106	17.351
1470	-5.979	0.106	17.351
312	-5.979	0.092	4.553
334	-5.979	0.092	17.350
423	-5.979	0.092	17.350
431	-5.979	0.092	18.926
452	-5.979	0.092	4.689
998	-5.978	0.104	4.685
970	-5.978	0.068	4.685
355	-5.978	0.092	4.685
416	-5.978	0.092	4.696
385	-5.977	0.092	4.699
288	-5.973	0.030	4.693
1105	-5.971	0.104	4.693
988	-5.971	0.103	8.008
1130	-5.971	0.104	8.008
1135	-5.971	0.104	7.991
1136	-5.971	0.104	7.991
1232	-5.971	0.103	7.998
991	-5.970	0.101	7.998
253	-5.966	0.595	8.005
235	-5.963	0.595	8.006
144	-5.962	0.519	8.005
268	-5.961	0.595	10.204
270	-5.961	0.595	10.204
278	-5.961	0.595	1.872
350	-5.961	0.595	0.031
363	-5.961	0.595	0.017
394	-5.961	0.595	0.018
229	-5.960	0.537	0.018
211	-5.960	0.347	0.018
287	-5.958	0.537	0.019
311	-5.958	0.538	0.019
459	-5.958	0.537	0.019
410	-5.958	0.535	0.017
615	-5.958	0.127	0.017
644	-5.958	0.127	0.017
661	-5.958	0.127	0.016
667	-5.958	0.126	3.813
692	-5.958	0.126	3.813
697	-5.958	0.126	3.813
721	-5.958	0.126	3.812
504	-5.957	0.125	3.813
511	-5.957	0.125	3.813
550	-5.957	0.125	3.813
447	-5.953	0.119	3.813
1053	-5.945	0.129	3.813
1144	-5.945	0.130	3.813
1225	-5.945	0.129	3.813
474	-5.945	0.115	3.813
384	-5.944	0.116	3.814
356	-5.941	0.586	3.814
625	-5.923	0.524	1.742
627	-5.923	0.524	1.793
638	-5.923	0.524	1.794
694	-5.923	0.524	1.739
699	-5.923	0.524	1.782
709	-5.923	0.524	1.782
549	-5.922	0.524	1.781
469	-5.916	0.523	1.793
1176	-5.911	0.529	1.795
