1421	-5.590	0.000	9.283
1427	-5.590	0.001	7.118
467	-5.588	2.481	7.118
1491	-5.587	0.002	7.119
1499	-5.587	0.002	7.119
1501	-5.587	0.002	7.621
142	-5.587	2.482	7.614
196	-5.587	2.482	7.015
203	-5.587	2.482	7.245
219	-5.587	2.482	7.246
229	-5.587	2.482	7.247
232	-5.587	2.482	6.995
237	-5.587	2.482	7.240
259	-5.587	2.482	6.941
260	-5.587	2.482	7.603
265	-5.587	2.482	16.289
272	-5.587	2.482	16.289
283	-5.587	2.482	16.289
286	-5.587	2.482	16.290
302	-5.587	2.482	16.290
315	-5.587	2.482	16.290
320	-5.587	2.482	16.286
327	-5.587	2.482	4.634
1472	-5.586	0.004	16.376
91	-5.585	0.004	16.376
105	-5.585	0.004	16.375
147	-5.585	0.004	16.376
156	-5.585	0.004	16.376
1	-5.584	2.482	16.411
5	-5.584	2.482	16.411
9	-5.584	2.482	16.411
19	-5.584	2.482	17.013
23	-5.584	2.482	17.013
30	-5.584	2.482	17.009
44	-5.584	2.482	16.234
47	-5.584	2.482	15.126
52	-5.584	2.482	3.947
57	-5.584	2.481	4.619
74	-5.584	2.482	15.109
78	-5.584	2.482	16.230
84	-5.584	2.482	16.230
100	-5.584	2.482	3.714
110	-5.584	2.482	16.230
118	-5.584	2.482	16.230
120	-5.584	2.482	17.761
121	-5.584	2.481	4.078
128	-5.584	2.482	4.075
135	-5.584	2.482	4.075
136	-5.584	2.482	4.075
140	-5.584	2.482	4.084
247	-5.584	2.482	4.086
258	-5.584	2.483	4.081
268	-5.584	2.482	4.081
278	-5.584	2.482	8.555
282	-5.584	2.482	8.555
292	-5.584	2.482	8.536
300	-5.584	2.481	8.537
308	-5.584	2.482	8.543
352	-5.584	2.482	8.543
412	-5.584	2.481	8.551
145	-5.583	2.482	8.552
153	-5.583	2.482	8.551
159	-5.583	2.482	10.977
160	-5.583	2.482	10.977
162	-5.583	2.482	1.338
164	-5.583	2.482	1.572
167	-5.583	2.482	1.568
177	-5.583	2.482	1.568
178	-5.583	2.482	1.568
181	-5.583	2.482	1.568
182	-5.583	2.482	1.568
183	-5.583	2.482	1.568
187	-5.583	2.482	1.568
195	-5.583	2.482	1.568
207	-5.583	2.482	1.568
211	-5.583	2.482	1.568
213	-5.583	2.482	1.568
214	-5.583	2.482	4.333
216	-5.583	2.482	4.333
218	-5.583	2.482	4.333
223	-5.583	2.482	4.333
242	-5.583	2.482	4.333
243	-5.583	2.482	4.333
6	-5.580	2.480	4.333
8	-5.580	2.480	4.333
11	-5.580	2.480	4.333
12	-5.580	2.480	4.333
13	-5.580	2.480	4.333
14	-5.580	2.480	4.333
16	-5.580	2.480	4.335
27	-5.580	2.480	4.335
31	-5.580	2.480	1.366
427	-5.580	2.479	1.373
38	-5.579	2.480	1.412
39	-5.579	2.480	1.412
40	-5.579	2.480	1.357
45	-5.579	2.480	1.356
46	-5.579	2.480	1.413
48	-5.579	2.480	1.366
51	-5.579	2.480	1.366
53	-5.579	2.480	1.366
55	-5.579	2.480	1.359
59	-5.579	2.480	1.358
62	-5.579	2.480	1.358
67	-5.579	2.480	1.360
68	-5.579	2.480	1.408
75	-5.579	2.480	1.408
79	-5.579	2.480	1.621
86	-5.579	2.480	1.621
87	-5.579	2.480	1.154
90	-5.579	2.480	1.663
92	-5.579	2.480	0.026
94	-5.579	2.480	0.015
97	-5.579	2.480	0.015
98	-5.579	2.480	0.015
113	-5.579	2.480	0.017
124	-5.579	2.480	0.017
133	-5.579	2.480	0.017
138	-5.579	2.480	0.017
143	-5.579	2.480	3.148
372	-5.579	2.480	3.148
378	-5.579	2.480	3.175
175	-5.579	2.480	3.177
209	-5.579	2.480	3.175
245	-5.579	2.480	3.176
2	-5.549	2.620	3.176
15	-5.549	2.620	3.175
17	-5.549	2.620	3.175
20	-5.549	2.620	3.178
21	-5.549	2.620	3.153
29	-5.549	2.620	3.153
41	-5.549	2.620	3.154
49	-5.549	2.620	3.177
50	-5.549	2.620	1.778
60	-5.549	2.620	4.704
63	-5.549	2.620	4.704
64	-5.549	2.620	4.704
69	-5.549	2.620	1.780
71	-5.549	2.620	1.432
73	-5.549	2.620	4.534
77	-5.549	2.620	4.534
83	-5.549	2.620	4.534
93	-5.549	2.620	4.534
99	-5.549	2.620	4.534
106	-5.549	2.620	7.925
108	-5.549	2.620	7.925
115	-5.549	2.620	7.926
129	-5.549	2.620	7.926
132	-5.549	2.620	7.926
137	-5.549	2.620	7.926
250	-5.549	2.620	7.926
257	-5.549	2.620	7.926
261	-5.549	2.620	7.926
275	-5.549	2.620	7.926
276	-5.549	2.620	3.904
279	-5.549	2.620	7.985
280	-5.549	2.620	7.988
289	-5.549	2.620	8.574
296	-5.549	2.620	8.531
299	-5.549	2.620	8.532
312	-5.549	2.620	8.594
380	-5.549	2.620	7.125
185	-5.548	2.620	7.125
186	-5.548	2.620	7.791
190	-5.548	2.620	7.803
194	-5.548	2.620	7.803
157	-5.548	2.620	7.796
161	-5.548	2.620	7.807
166	-5.548	2.620	7.807
171	-5.548	2.620	7.807
172	-5.548	2.620	7.377
176	-5.548	2.620	6.725
220	-5.548	2.620	6.868
224	-5.548	2.620	6.753
244	-5.548	2.620	6.753
174	-5.546	2.621	9.252
3	-5.539	2.621	9.252
4	-5.539	2.621	9.252
7	-5.539	2.621	7.111
18	-5.539	2.621	7.113
24	-5.539	2.621	7.113
35	-5.538	2.621	7.246
36	-5.538	2.621	7.246
42	-5.538	2.621	6.995
43	-5.538	2.621	6.995
54	-5.538	2.621	8.224
58	-5.538	2.621	7.593
61	-5.538	2.621	16.289
65	-5.538	2.621	16.289
66	-5.538	2.621	16.289
72	-5.538	2.621	16.290
76	-5.538	2.621	16.290
81	-5.538	2.621	16.290
95	-5.538	2.621	16.290
101	-5.538	2.621	4.640
125	-5.538	2.621	16.376
126	-5.538	2.621	16.375
127	-5.538	2.621	16.375
184	-5.538	2.621	16.375
189	-5.538	2.621	16.375
217	-5.538	2.621	16.411
221	-5.538	2.621	16.411
102	-5.531	2.624	4.704
1435	-5.520	0.706	7.925
107	-5.519	1.026	7.925
1498	-5.519	0.706	7.925
180	-5.518	0.706	7.925
1445	-5.514	0.704	7.925
1461	-5.502	0.700	7.985
1434	-5.495	0.025	7.988
1444	-5.495	0.025	8.574
1448	-5.495	0.025	8.575
1453	-5.495	0.025	8.531
1454	-5.495	0.025	8.594
1456	-5.495	0.025	7.125
1480	-5.495	0.025	7.125
1844	-5.493	0.038	9.931
1437	-5.492	0.027	7.803
134	-5.491	0.025	7.803
249	-5.491	0.025	7.796
253	-5.491	0.025	7.807
255	-5.491	0.025	7.807
266	-5.491	0.025	7.807
301	-5.491	0.025	7.807
317	-5.491	0.025	6.752
340	-5.491	0.025	6.729
379	-5.491	0.025	6.868
393	-5.491	0.025	6.753
443	-5.491	0.025	6.754
1474	-5.491	0.025	9.252
165	-5.491	0.025	9.252
192	-5.491	0.025	7.111
193	-5.491	0.025	7.108
204	-5.491	0.025	7.113
238	-5.491	0.025	7.113
1881	-5.490	0.026	7.625
169	-5.490	0.025	7.599
637	-5.490	0.026	6.987
649	-5.490	0.026	7.246
662	-5.490	0.026	7.246
672	-5.490	0.026	7.246
993	-5.489	0.025	6.995
1004	-5.489	0.026	7.240
1016	-5.489	0.025	6.944
1085	-5.489	0.025	4.027
608	-5.489	0.026	16.289
445	-5.487	0.026	16.290
581	-5.485	0.026	16.290
1034	-5.485	0.026	16.290
1525	-5.467	2.454	16.290
1556	-5.467	2.453	16.290
1557	-5.467	2.454	16.287
1602	-5.467	2.453	16.376
1603	-5.467	2.454	16.375
1615	-5.467	2.453	16.375
1626	-5.467	2.454	16.375
1634	-5.467	2.453	16.375
1638	-5.467	2.454	16.411
1649	-5.467	2.454	16.410
1659	-5.467	2.453	16.411
1675	-5.467	2.454	16.411
1679	-5.467	2.453	17.013
1681	-5.467	2.454	17.013
1682	-5.467	2.453	17.009
1683	-5.467	2.454	15.126
1689	-5.467	2.453	15.126
1693	-5.467	2.453	4.613
405	-5.461	2.453	10.978
470	-5.461	2.453	1.338
471	-5.461	2.453	1.572
474	-5.461	2.453	1.572
480	-5.461	2.453	1.568
482	-5.461	2.453	1.568
483	-5.461	2.453	1.568
484	-5.461	2.453	1.565
485	-5.461	2.453	1.568
488	-5.461	2.453	1.568
439	-5.461	2.453	1.568
444	-5.461	2.453	1.568
652	-5.460	2.454	1.568
1722	-5.460	2.455	1.568
1734	-5.460	2.455	1.565
1736	-5.460	2.455	4.333
1741	-5.460	2.455	4.333
1778	-5.460	2.454	4.333
1852	-5.460	2.454	4.333
1857	-5.460	2.454	4.333
1858	-5.460	2.454	4.333
1866	-5.460	2.454	4.333
1867	-5.460	2.454	4.333
1870	-5.460	2.454	4.333
1877	-5.460	2.454	4.333
1878	-5.460	2.454	4.333
492	-5.457	2.453	4.704
493	-5.457	2.453	4.704
495	-5.457	2.453	4.706
496	-5.457	2.453	1.432
497	-5.457	2.453	4.534
498	-5.457	2.453	4.534
499	-5.457	2.453	4.534
500	-5.457	2.453	4.534
503	-5.457	2.453	7.925
504	-5.457	2.453	7.925
506	-5.457	2.453	7.925
507	-5.457	2.453	7.925
509	-5.457	2.453	7.925
519	-5.457	2.453	7.925
521	-5.457	2.453	7.925
522	-5.457	2.453	7.925
523	-5.457	2.453	7.925
525	-5.457	2.453	7.925
527	-5.457	2.453	7.925
536	-5.457	2.453	3.941
537	-5.457	2.453	7.988
539	-5.457	2.453	8.574
545	-5.457	2.453	8.574
547	-5.457	2.453	8.531
551	-5.457	2.453	8.594
552	-5.457	2.453	7.125
554	-5.457	2.453	7.125
556	-5.457	2.453	8.615
561	-5.457	2.453	7.803
563	-5.457	2.453	7.803
575	-5.457	2.453	7.796
588	-5.457	2.453	7.807
592	-5.457	2.453	7.807
603	-5.457	2.453	7.807
609	-5.457	2.453	7.794
631	-5.457	2.453	6.729
642	-5.457	2.453	6.729
803	-5.457	2.453	6.868
810	-5.457	2.453	6.753
811	-5.457	2.453	6.753
822	-5.457	2.453	9.252
823	-5.457	2.453	9.252
827	-5.457	2.453	7.111
830	-5.457	2.453	7.112
840	-5.457	2.453	7.113
842	-5.457	2.453	7.113
855	-5.457	2.453	7.624
856	-5.457	2.453	7.599
864	-5.457	2.453	7.023
865	-5.457	2.453	7.244
867	-5.457	2.453	7.247
869	-5.457	2.453	7.246
870	-5.457	2.453	6.995
882	-5.457	2.453	7.240
883	-5.457	2.453	6.944
896	-5.457	2.453	4.027
914	-5.457	2.453	16.290
916	-5.457	2.453	16.289
921	-5.457	2.453	16.290
930	-5.457	2.453	16.290
948	-5.457	2.453	16.290
951	-5.457	2.453	16.290
953	-5.457	2.453	16.288
954	-5.457	2.453	16.376
956	-5.457	2.453	16.376
963	-5.457	2.453	16.376
965	-5.457	2.453	16.376
991	-5.457	2.453	16.376
994	-5.457	2.453	16.411
1009	-5.457	2.453	16.412
1014	-5.457	2.453	16.411
1019	-5.457	2.453	16.411
1037	-5.457	2.453	17.013
1051	-5.457	2.453	17.013
1054	-5.457	2.453	17.010
1062	-5.457	2.453	16.235
1751	-5.457	2.453	15.127
1763	-5.457	2.453	4.613
1789	-5.457	2.453	4.619
1798	-5.457	2.453	16.231
1801	-5.457	2.453	16.231
1803	-5.457	2.453	16.231
1809	-5.457	2.453	3.714
1816	-5.457	2.453	16.230
1828	-5.457	2.453	15.098
1836	-5.457	2.453	17.762
1848	-5.457	2.453	4.077
1850	-5.457	2.453	4.075
1880	-5.457	2.453	4.075
1884	-5.457	2.453	4.075
1887	-5.457	2.451	4.084
1891	-5.457	2.453	4.085
1894	-5.457	2.453	4.081
1895	-5.457	2.453	4.081
1902	-5.457	2.453	8.555
1904	-5.457	2.453	8.555
1905	-5.457	2.453	8.536
1910	-5.457	2.453	8.537
1911	-5.457	2.453	8.543
1912	-5.457	2.453	8.543
1919	-5.457	2.453	8.554
1920	-5.457	2.453	8.552
1922	-5.457	2.453	8.554
1925	-5.457	2.453	10.977
1926	-5.457	2.453	1.338
1941	-5.457	2.453	1.338
1944	-5.457	2.453	1.572
1950	-5.457	2.453	1.568
1903	-5.457	2.465	1.568
1003	-5.457	2.460	1.568
254	-5.455	2.454	1.568
96	-5.455	2.453	1.568
271	-5.455	2.453	1.568
334	-5.455	2.453	1.568
348	-5.455	2.453	1.568
428	-5.455	2.453	1.568
206	-5.454	2.453	1.567
226	-5.454	2.453	1.567
402	-5.453	2.452	4.333
438	-5.453	2.452	4.333
461	-5.453	2.452	4.333
201	-5.452	2.452	4.333
222	-5.452	2.452	4.333
227	-5.452	2.452	4.333
246	-5.452	2.452	4.333
263	-5.452	2.452	4.333
267	-5.452	2.452	4.333
273	-5.452	2.452	4.333
313	-5.452	2.452	4.333
316	-5.452	2.452	4.333
328	-5.452	2.452	4.335
344	-5.452	2.452	4.334
373	-5.452	2.452	1.366
376	-5.452	2.452	1.374
377	-5.452	2.452	1.413
639	-5.452	2.453	1.413
659	-5.452	2.453	1.357
675	-5.452	2.453	1.412
681	-5.452	2.453	1.412
1812	-5.452	2.453	1.366
1847	-5.452	2.453	1.366
1854	-5.452	2.453	1.366
1860	-5.452	2.453	1.359
1865	-5.452	2.453	1.357
1871	-5.452	2.453	1.358
1874	-5.452	2.453	1.407
558	-5.451	2.453	1.408
602	-5.451	2.453	1.409
1044	-5.451	2.453	1.621
1060	-5.451	2.453	1.619
1074	-5.451	2.453	0.019
1130	-5.451	2.453	1.663
10	-5.450	2.384	0.026
945	-5.449	2.452	0.014
1006	-5.449	2.452	0.014
1024	-5.449	2.452	0.014
82	-5.449	2.384	0.018
104	-5.449	2.384	0.018
34	-5.449	2.384	0.017
70	-5.449	2.384	1.693
80	-5.449	2.384	3.148
88	-5.449	2.384	3.148
89	-5.449	2.384	3.175
116	-5.449	2.384	3.177
200	-5.449	2.384	3.175
202	-5.449	2.384	3.175
264	-5.449	2.384	3.175
1853	-5.440	0.190	3.177
130	-5.440	0.857	3.177
281	-5.440	0.857	4.703
394	-5.440	0.857	4.703
585	-5.439	0.857	7.926
1055	-5.439	0.857	7.926
518	-5.437	0.858	7.926
1641	-5.428	0.707	7.925
1420	-5.426	1.035	3.904
1460	-5.426	1.037	7.989
1452	-5.426	1.017	7.989
1482	-5.425	1.039	8.575
1490	-5.425	1.032	8.531
1423	-5.424	0.707	8.594
1432	-5.424	0.707	8.594
1438	-5.424	0.707	7.125
1446	-5.424	0.707	7.125
1449	-5.424	0.707	7.803
1450	-5.424	0.707	7.803
1451	-5.424	0.707	7.803
1455	-5.424	0.707	7.807
1463	-5.424	0.707	7.807
1465	-5.424	0.707	7.807
1466	-5.424	0.707	7.807
1468	-5.424	0.707	6.729
1442	-5.424	1.033	6.726
1672	-5.423	1.017	6.868
1483	-5.423	0.707	6.754
1495	-5.423	0.708	6.754
1492	-5.423	0.709	9.252
1484	-5.423	0.707	9.252
1485	-5.423	0.707	7.111
1493	-5.423	0.707	7.111
1486	-5.423	1.033	7.113
1496	-5.423	1.034	7.113
1497	-5.423	1.037	7.625
1500	-5.423	1.034	7.619
274	-5.421	0.707	7.599
287	-5.421	0.707	7.893
305	-5.421	0.707	7.246
319	-5.421	0.707	7.246
325	-5.421	0.707	6.996
333	-5.421	0.707	7.240
336	-5.421	0.707	6.947
338	-5.421	0.707	7.595
347	-5.421	0.707	15.942
351	-5.421	0.707	15.942
367	-5.421	0.707	15.942
368	-5.421	0.707	15.943
369	-5.421	0.707	15.943
374	-5.421	0.707	15.942
388	-5.421	0.707	15.943
389	-5.421	0.707	3.341
408	-5.421	0.707	16.154
409	-5.421	0.707	16.154
411	-5.421	0.707	16.154
415	-5.421	0.707	16.154
430	-5.421	0.707	16.154
436	-5.421	0.707	16.189
1475	-5.421	0.707	16.189
1476	-5.421	0.707	16.189
251	-5.421	0.707	16.188
1443	-5.421	0.707	16.661
123	-5.421	1.038	16.658
331	-5.420	0.707	3.590
205	-5.420	0.707	14.965
215	-5.420	0.707	3.138
240	-5.420	0.707	3.325
1091	-5.420	0.707	14.949
1930	-5.420	0.707	15.984
1888	-5.420	0.707	15.984
1479	-5.420	0.707	15.984
1489	-5.420	0.707	2.780
1428	-5.419	1.016	15.983
1431	-5.419	1.016	17.436
1467	-5.419	1.016	2.629
1488	-5.419	1.016	2.630
593	-5.419	0.707	2.630
1088	-5.419	0.707	2.630
1098	-5.419	0.707	2.639
1115	-5.419	0.707	2.637
1122	-5.419	0.707	2.637
1134	-5.419	0.707	2.637
1141	-5.419	0.707	9.489
131	-5.417	1.016	9.489
148	-5.417	1.016	9.471
149	-5.417	1.016	9.470
179	-5.417	1.016	9.477
198	-5.417	1.016	9.477
236	-5.417	1.016	9.484
239	-5.417	1.016	9.487
318	-5.417	1.016	9.486
321	-5.417	1.016	9.489
353	-5.417	1.016	12.020
406	-5.417	1.016	2.542
656	-5.417	0.707	2.755
330	-5.417	0.701	2.750
665	-5.416	1.016	2.750
673	-5.416	1.016	2.750
1424	-5.416	1.015	2.750
568	-5.416	0.707	2.751
555	-5.415	1.016	2.750
613	-5.415	1.016	2.751
970	-5.415	1.016	2.750
1063	-5.415	1.016	2.750
1083	-5.415	1.016	2.750
1087	-5.415	1.016	2.750
343	-5.415	0.698	2.744
451	-5.413	1.016	5.494
1611	-5.412	1.111	5.494
1640	-5.407	2.614	5.494
1652	-5.407	2.614	5.494
191	-5.406	0.677	5.493
520	-5.402	2.614	2.588
442	-5.398	2.615	3.892
429	-5.398	2.615	4.317
489	-5.398	2.615	4.317
491	-5.398	2.615	4.318
419	-5.398	1.098	3.888
270	-5.398	1.099	2.582
358	-5.398	1.099	6.036
404	-5.398	1.099	6.035
407	-5.398	1.099	6.036
424	-5.398	1.099	6.036
1921	-5.398	1.099	2.555
163	-5.397	2.613	5.398
326	-5.397	2.613	5.398
114	-5.396	0.734	5.398
502	-5.394	2.615	5.398
531	-5.394	2.615	5.399
534	-5.394	2.615	8.693
544	-5.394	2.615	8.693
577	-5.394	2.615	8.693
599	-5.394	2.615	8.693
666	-5.394	2.615	8.693
841	-5.394	2.615	8.693
885	-5.394	2.615	8.693
938	-5.394	2.615	8.693
939	-5.394	2.615	8.693
960	-5.394	2.615	8.693
966	-5.394	2.615	5.148
1002	-5.394	2.615	8.752
1026	-5.394	2.615	8.756
1033	-5.394	2.615	9.564
1796	-5.394	2.615	9.523
1820	-5.394	2.615	9.524
1879	-5.394	2.615	9.583
1890	-5.394	2.614	8.166
1901	-5.394	2.615	8.166
1928	-5.394	2.615	8.435
1954	-5.394	2.615	8.445
541	-5.393	2.614	8.445
612	-5.393	2.614	8.438
621	-5.393	2.613	8.449
633	-5.393	2.613	8.449
636	-5.393	2.613	8.449
650	-5.393	2.613	8.038
653	-5.393	2.613	7.415
658	-5.393	2.613	7.578
661	-5.393	2.613	7.441
669	-5.393	2.613	7.441
670	-5.393	2.613	7.440
674	-5.393	2.613	10.129
678	-5.393	2.613	10.129
1059	-5.393	2.614	7.884
450	-5.389	2.614	7.885
304	-5.389	2.615	7.885
307	-5.389	2.614	7.885
188	-5.387	0.736	8.277
85	-5.371	0.772	2.640
366	-5.358	0.709	1.655
382	-5.355	0.720	8.150
1487	-5.354	0.704	8.424
1708	-5.353	0.759	8.433
248	-5.342	0.782	8.433
598	-5.341	0.745	8.426
365	-5.338	0.770	8.437
355	-5.330	0.903	8.437
354	-5.328	0.940	8.437
604	-5.325	0.960	8.424
1459	-5.323	1.153	7.405
605	-5.318	1.098	7.562
625	-5.315	1.148	7.428
139	-5.314	1.141	16.152
256	-5.314	1.141	16.152
288	-5.314	1.141	16.152
291	-5.314	1.142	16.186
311	-5.314	1.141	16.186
314	-5.314	1.141	16.186
332	-5.314	1.141	16.186
337	-5.314	1.141	16.659
339	-5.314	1.141	16.659
342	-5.314	1.141	16.656
346	-5.314	1.142	15.989
359	-5.314	1.141	14.961
363	-5.314	1.142	3.333
383	-5.314	1.137	3.153
385	-5.314	1.141	15.981
387	-5.314	1.141	15.981
390	-5.314	1.141	15.981
392	-5.314	1.141	2.798
401	-5.314	1.141	15.981
431	-5.314	1.141	14.935
432	-5.314	1.141	17.434
505	-5.313	1.144	2.650
1923	-5.313	1.144	2.648
154	-5.313	1.141	2.648
170	-5.313	1.141	2.648
623	-5.313	1.142	2.657
1043	-5.313	1.142	2.659
1071	-5.313	1.142	2.654
1079	-5.313	1.141	2.659
1110	-5.313	1.141	9.474
1129	-5.313	1.142	9.474
447	-5.312	1.144	9.456
589	-5.311	1.144	9.457
747	-5.033	3.548	2.576
