1907	-6.210	0.000	4.583
1906	-6.191	0.578	4.583
1924	-6.191	0.578	4.584
1936	-6.191	0.014	7.925
1945	-6.191	0.014	7.925
1005	-6.190	0.579	7.925
1900	-6.190	0.013	7.925
1917	-6.190	0.013	7.925
1096	-6.180	0.579	7.925
1913	-6.175	0.591	7.925
1915	-6.175	0.591	7.925
1916	-6.175	0.591	7.925
1929	-6.175	0.591	7.925
1932	-6.175	0.591	7.925
1933	-6.175	0.591	4.013
1946	-6.171	0.608	7.988
1948	-6.171	0.608	7.988
1961	-6.171	0.608	8.640
1959	-5.981	1.655	8.596
1896	-5.981	1.654	8.659
1892	-5.980	1.657	8.659
1883	-5.980	1.664	7.173
1899	-5.977	1.687	7.173
1940	-5.972	1.652	7.801
1952	-5.972	1.652	7.801
1955	-5.972	1.652	7.801
1956	-5.972	1.652	7.805
1908	-5.971	1.651	7.805
1885	-5.971	1.652	7.805
1886	-5.971	1.652	7.805
1889	-5.971	1.652	6.730
1897	-5.971	1.652	6.731
1898	-5.971	1.652	6.864
1927	-5.971	1.652	6.754
1931	-5.971	1.652	6.754
1909	-5.961	1.706	9.283
