1520	-11.246	0.000	16.829
610	-11.245	0.003	17.932
1494	-11.244	0.059	17.932
1188	-11.238	0.053	17.932
971	-11.226	0.156	10.546
849	-11.223	0.033	17.930
657	-11.222	0.072	19.272
926	-11.222	0.061	10.639
681	-11.222	0.044	10.641
1178	-11.222	0.045	10.641
1041	-11.222	0.041	10.641
1598	-11.222	0.040	10.652
640	-11.222	0.033	10.649
646	-11.222	0.036	10.649
642	-11.222	0.032	10.649
780	-11.221	0.080	3.513
988	-11.221	0.060	3.513
888	-11.221	0.056	3.491
1004	-11.221	0.048	3.490
796	-11.221	0.043	3.497
748	-11.221	0.049	3.497
1006	-11.221	0.036	3.504
539	-11.221	0.019	3.505
682	-11.220	0.115	3.505
1595	-11.220	0.050	3.506
1017	-11.220	0.036	5.667
1148	-11.209	0.189	6.160
1147	-11.188	3.583	7.018
654	-11.187	3.582	7.024
680	-11.187	3.581	7.023
1070	-11.187	3.583	7.023
408	-11.186	3.579	7.023
700	-11.186	3.579	7.023
353	-11.186	3.581	7.023
1050	-11.186	3.580	7.023
302	-11.186	3.581	7.024
394	-11.185	3.577	7.024
630	-11.185	3.578	7.024
1030	-11.185	3.581	7.025
210	-11.185	3.582	7.032
956	-11.185	3.584	7.550
692	-11.185	0.058	7.550
675	-11.185	0.058	7.550
271	-11.184	3.579	7.550
775	-11.184	3.581	7.550
893	-11.184	3.581	7.550
847	-11.184	3.581	7.550
887	-11.184	3.581	7.550
737	-11.184	3.582	7.550
1539	-11.183	3.580	7.550
848	-11.183	3.582	7.550
1552	-11.183	3.580	7.551
1582	-11.182	3.580	7.551
1569	-11.182	3.582	6.139
1636	-11.182	3.579	6.132
962	-11.182	3.586	6.127
960	-11.182	3.588	6.127
114	-11.181	3.586	6.151
1158	-11.181	3.580	6.151
951	-11.181	3.583	6.128
1575	-11.181	3.587	6.142
1013	-11.181	3.586	6.142
1119	-11.180	3.580	6.142
1131	-11.180	3.581	6.142
644	-11.180	3.581	6.147
653	-11.180	3.581	6.149
1139	-11.180	3.580	6.148
1142	-11.180	3.581	5.675
979	-11.180	3.581	6.139
1043	-11.180	3.580	8.093
932	-11.180	3.582	8.093
677	-11.180	3.581	8.091
696	-11.180	3.581	8.166
922	-11.180	3.581	7.137
998	-11.180	3.581	8.149
559	-11.180	3.581	7.131
928	-11.180	3.581	7.131
986	-11.180	3.581	7.133
1144	-11.180	3.581	7.133
707	-11.180	3.582	7.133
990	-11.180	3.582	7.133
689	-11.180	3.582	6.986
708	-11.180	3.581	6.986
645	-11.180	3.581	6.986
652	-11.180	3.581	6.786
679	-11.180	3.581	6.786
688	-11.180	3.581	6.787
698	-11.180	3.581	6.787
704	-11.180	3.581	6.787
937	-11.180	3.581	6.787
983	-11.180	3.581	6.787
994	-11.180	3.582	6.988
1080	-11.180	3.581	6.988
1117	-11.180	3.581	6.988
987	-11.180	3.581	6.792
649	-11.180	3.581	6.920
1615	-11.180	3.583	6.794
1025	-11.179	3.580	6.794
1551	-11.179	3.580	6.794
717	-11.179	3.581	6.794
719	-11.179	3.581	7.459
1026	-11.179	3.581	7.356
1027	-11.179	3.581	7.356
718	-11.179	3.581	7.356
716	-11.179	3.581	7.356
730	-11.178	3.580	7.356
970	-11.178	3.581	9.674
778	-11.178	3.581	9.674
818	-11.178	3.581	9.674
850	-11.178	3.580	9.674
974	-11.178	3.581	9.674
753	-11.178	3.580	9.674
771	-11.178	3.581	9.674
807	-11.178	3.582	9.674
865	-11.178	3.581	9.674
724	-11.178	3.581	9.674
726	-11.178	3.581	5.852
732	-11.178	3.581	9.739
734	-11.178	3.581	9.743
739	-11.178	3.581	3.590
740	-11.178	3.581	3.557
773	-11.178	3.581	3.557
776	-11.178	3.581	3.607
795	-11.178	3.581	0.000
804	-11.178	3.581	0.000
816	-11.178	3.581	9.229
821	-11.178	3.581	9.240
825	-11.178	3.581	9.240
830	-11.178	3.581	9.232
900	-11.178	3.581	9.244
905	-11.178	3.581	9.244
955	-11.178	3.581	9.244
727	-11.178	3.582	8.588
863	-11.178	3.581	7.618
884	-11.178	3.582	7.494
728	-11.178	3.581	7.666
735	-11.178	3.581	7.666
834	-11.178	3.581	7.663
880	-11.178	3.581	3.930
885	-11.178	3.582	3.930
1162	-11.178	3.582	7.050
752	-11.178	3.581	7.063
794	-11.178	3.582	7.063
725	-11.178	3.582	7.063
854	-11.177	3.573	8.530
1039	-11.177	3.576	8.520
873	-11.177	3.579	7.464
1061	-11.177	3.580	6.967
797	-11.177	3.581	6.967
993	-11.177	3.581	6.967
845	-11.177	3.584	7.471
909	-11.176	3.580	8.564
839	-11.175	3.577	7.397
448	-11.173	3.592	17.954
612	-11.172	3.584	17.954
964	-11.169	3.572	17.957
950	-11.169	3.574	17.957
861	-11.169	3.593	17.957
989	-11.168	3.568	17.957
1681	-11.167	3.581	17.957
426	-11.166	3.596	11.209
1014	-11.164	3.587	18.319
1169	-11.164	3.576	18.319
1596	-11.164	0.205	18.319
948	-11.162	3.565	18.319
864	-11.160	3.583	18.319
961	-11.160	3.590	18.357
938	-11.159	3.584	18.356
967	-11.151	3.609	18.356
952	-11.136	3.547	18.356
443	-11.128	1.420	18.793
501	-11.127	1.425	18.788
498	-11.127	1.419	18.788
1009	-11.126	1.419	16.849
902	-11.126	1.419	16.849
1594	-11.125	1.417	10.920
1561	-11.121	1.419	17.935
1032	-11.119	1.418	17.932
972	-11.115	3.539	17.932
1601	-11.111	1.455	17.930
1066	-11.104	1.425	10.641
659	-11.104	1.425	10.641
1186	-11.104	1.405	10.641
944	-11.103	1.422	10.652
670	-11.103	1.421	10.652
572	-11.103	1.429	10.649
749	-11.102	1.425	10.649
803	-11.102	1.426	10.682
812	-11.102	1.427	3.513
828	-11.102	1.425	3.491
829	-11.102	1.425	3.490
788	-11.102	1.425	3.492
777	-11.102	1.425	3.497
802	-11.102	1.424	3.496
293	-11.101	3.523	3.507
1036	-11.096	1.428	3.505
1002	-11.094	1.433	3.506
446	-11.092	1.471	5.667
924	-11.089	1.433	6.160
786	-11.085	1.468	7.018
781	-11.079	1.477	7.018
531	-11.079	1.505	7.023
591	-11.077	1.487	7.023
927	-11.075	1.379	7.023
1540	-11.074	3.522	7.026
985	-11.073	1.510	7.023
661	-11.066	1.489	7.024
1160	-11.060	1.537	7.024
1028	-11.052	1.567	7.550
1190	-11.035	1.544	7.550
668	-11.032	1.486	7.550
665	-11.028	1.471	7.550
647	-11.023	1.605	7.550
648	-10.994	1.403	7.550
764	-10.989	1.614	7.550
401	-10.988	3.565	6.139
822	-10.982	1.557	6.137
875	-10.972	1.375	6.137
656	-10.968	1.500	6.151
1179	-10.946	1.641	6.151
1098	-10.946	1.638	6.128
1150	-10.940	3.471	6.142
915	-10.939	0.926	6.142
664	-10.924	1.347	6.142
747	-10.910	1.270	6.142
643	-10.910	1.270	6.147
713	-10.910	1.268	6.148
1536	-10.894	3.633	8.150
1003	-10.892	1.776	7.137
1052	-10.889	3.600	7.131
1016	-10.889	1.776	7.131
1019	-10.889	1.776	7.131
1072	-10.886	3.459	7.132
1652	-10.883	3.645	6.986
1078	-10.880	1.776	6.986
676	-10.880	1.776	6.986
706	-10.880	1.776	6.787
1055	-10.880	1.776	6.786
1128	-10.880	1.776	6.787
1181	-10.880	1.776	6.787
940	-10.879	3.599	6.787
930	-10.879	3.597	6.787
1108	-10.879	3.597	6.787
388	-10.879	3.598	6.988
858	-10.879	3.598	6.988
859	-10.879	3.599	6.988
843	-10.879	3.601	6.791
949	-10.879	3.602	6.991
842	-10.879	1.776	6.793
1054	-10.878	3.591	6.794
968	-10.878	3.600	6.794
959	-10.878	3.597	6.794
823	-10.878	3.600	7.054
1057	-10.877	3.593	7.356
1084	-10.877	3.598	7.356
815	-10.877	3.599	7.356
544	-10.877	3.599	7.356
809	-10.877	1.776	7.356
832	-10.877	1.776	9.674
835	-10.877	1.776	9.674
966	-10.877	1.776	9.674
1079	-10.875	3.595	9.674
1666	-10.875	3.600	9.674
860	-10.875	3.607	9.674
320	-10.874	3.598	9.674
1589	-10.874	3.603	9.674
774	-10.873	3.599	9.674
1662	-10.871	3.600	9.674
1538	-10.871	3.598	9.674
545	-10.863	3.375	9.240
831	-10.859	3.615	9.240
1096	-10.859	3.630	9.232
1165	-10.847	3.721	9.244
819	-10.845	3.377	9.244
798	-10.844	3.374	9.230
1113	-10.843	3.382	7.663
1496	-10.843	3.639	7.623
1529	-10.835	3.748	7.494
1053	-10.832	3.070	7.063
1065	-10.825	3.642	7.063
624	-10.823	2.178	8.530
8	-10.816	3.082	7.474
589	-10.812	2.196	6.967
1107	-10.812	3.053	6.967
1100	-10.812	3.053	7.471
596	-10.811	2.197	6.967
391	-10.811	2.198	7.397
337	-10.811	2.199	10.460
980	-10.810	2.194	17.955
1020	-10.810	2.201	17.956
485	-10.810	2.203	17.957
890	-10.810	3.032	17.957
942	-10.809	2.187	17.957
904	-10.809	3.069	17.957
1137	-10.808	3.389	17.953
1058	-10.803	3.075	18.319
1189	-10.801	2.168	18.319
996	-10.797	3.454	18.319
694	-10.796	3.040	18.319
744	-10.795	3.042	18.319
1141	-10.791	3.077	18.357
684	-10.790	2.189	18.356
580	-10.790	2.192	18.356
583	-10.790	2.236	18.356
574	-10.789	2.185	18.793
685	-10.789	2.184	18.793
1153	-10.789	2.191	18.788
862	-10.789	2.187	17.927
1112	-10.789	2.187	16.849
1005	-10.789	2.188	10.913
655	-10.789	2.192	10.382
703	-10.789	2.190	17.932
921	-10.789	2.198	17.932
672	-10.789	2.188	17.932
866	-10.789	2.193	10.548
1035	-10.789	2.196	17.930
678	-10.788	2.185	16.815
894	-10.788	2.185	19.273
982	-10.788	2.195	10.643
872	-10.788	2.192	10.641
693	-10.788	2.182	10.641
810	-10.787	2.174	10.641
763	-10.787	2.184	10.652
729	-10.787	2.185	10.653
767	-10.787	2.194	10.649
758	-10.787	2.188	10.654
889	-10.787	2.190	3.513
793	-10.787	2.184	3.513
883	-10.787	2.191	3.491
757	-10.787	2.205	3.492
741	-10.787	2.190	3.497
820	-10.787	2.195	3.496
733	-10.787	2.194	3.507
769	-10.787	2.196	3.505
650	-10.787	2.194	3.506
1191	-10.787	2.187	5.667
997	-10.787	2.205	6.160
1672	-10.786	3.993	4.881
817	-10.786	2.192	7.023
800	-10.786	2.197	7.023
790	-10.786	2.204	7.023
806	-10.786	2.199	7.026
1073	-10.784	2.225	7.023
931	-10.782	2.214	7.023
1146	-10.781	3.134	7.023
1159	-10.780	2.178	7.024
759	-10.775	2.220	7.024
1565	-10.767	3.644	7.550
1180	-10.763	2.190	7.550
947	-10.761	3.057	7.550
290	-10.760	3.186	7.550
876	-10.751	3.085	7.550
151	-10.727	3.212	7.550
857	-10.707	2.360	7.550
1584	-10.678	2.241	7.550
627	-10.669	3.588	7.551
1071	-10.667	2.375	7.551
1068	-10.653	2.244	6.132
1060	-10.652	2.189	6.127
1048	-10.647	2.320	6.151
1527	-10.635	3.860	6.128
1120	-10.540	1.921	6.147
546	-10.531	2.183	6.144
1580	-10.530	1.830	8.091
908	-10.526	2.199	8.150
663	-10.525	1.885	7.137
1156	-10.487	2.208	7.356
590	-10.484	2.198	9.674
1081	-10.484	2.197	9.674
869	-10.484	2.199	9.674
855	-10.484	2.198	9.674
784	-10.483	2.196	9.674
939	-10.483	2.195	9.674
882	-10.483	2.196	9.674
907	-10.479	2.195	9.674
906	-10.465	2.119	0.000
1134	-10.439	3.969	0.000
1106	-10.383	2.069	7.624
601	-10.338	2.207	3.930
1585	-10.324	3.936	7.050
871	-10.287	3.527	7.497
1175	-10.286	3.528	6.965
109	-10.262	3.481	6.967
1023	-10.259	3.960	7.471
1135	-10.227	1.919	20.816
516	-10.199	3.921	21.122
1007	-10.133	3.510	21.161
1075	-10.133	3.508	21.161
378	-10.133	3.508	21.622
468	-10.133	3.508	21.622
584	-10.133	3.509	21.617
84	-10.133	3.507	20.630
373	-10.133	3.508	19.719
421	-10.133	3.508	20.982
1038	-10.133	3.508	11.939
369	-10.133	3.506	19.702
991	-10.133	3.508	20.632
992	-10.133	3.507	20.632
1085	-10.133	3.507	11.909
1126	-10.133	3.505	20.630
78	-10.133	3.508	11.903
826	-10.132	3.507	22.056
852	-10.132	3.507	11.718
969	-10.132	3.507	0.000
517	-10.132	3.509	11.715
1031	-10.132	3.508	11.714
977	-10.128	3.509	11.727
1149	-10.126	3.512	11.729
701	-10.126	3.507	11.724
1123	-10.126	3.510	11.724
357	-10.126	3.509	2.161
945	-10.126	3.509	2.161
1047	-10.126	3.508	2.158
1087	-10.126	3.508	2.158
1044	-10.126	3.508	2.159
1088	-10.126	3.507	2.159
1121	-10.126	3.507	2.160
934	-10.126	3.507	2.160
1092	-10.126	3.505	2.161
1171	-10.126	3.507	2.772
1091	-10.126	3.507	7.628
981	-10.126	3.502	7.628
754	-10.125	3.507	7.899
913	-10.125	3.505	7.904
751	-10.125	3.507	7.903
760	-10.125	3.506	7.903
903	-10.125	3.507	7.903
914	-10.125	3.507	7.903
782	-10.125	3.506	7.903
779	-10.125	3.505	7.903
840	-10.125	3.504	7.904
113	-10.106	3.921	8.639
607	-9.858	3.892	3.619
1154	-9.791	3.809	9.882
464	-9.765	3.416	11.261
623	-9.757	3.695	11.242
697	-9.757	3.695	10.165
1130	-9.756	3.701	9.784
933	-9.756	3.697	9.784
720	-9.756	3.698	10.173
878	-9.756	3.697	10.173
957	-9.756	3.697	11.649
738	-9.756	3.699	10.059
999	-9.756	3.695	20.820
345	-9.737	3.743	20.820
368	-9.716	3.682	20.823
346	-9.712	3.687	20.823
336	-9.709	3.694	20.823
941	-9.696	3.499	21.122
1173	-9.683	3.437	21.161
475	-9.679	3.715	21.622
124	-9.634	3.616	11.724
1076	-9.634	3.368	2.161
1620	-9.634	3.377	2.161
1138	-9.634	3.382	2.158
1063	-9.633	3.616	2.158
1105	-9.633	3.615	2.158
459	-9.633	3.613	2.159
1045	-9.633	3.614	2.159
1164	-9.633	3.614	2.160
295	-9.633	3.611	2.160
946	-9.633	3.363	2.161
772	-9.633	3.367	2.772
920	-9.633	3.372	7.628
770	-9.633	3.373	7.899
895	-9.633	3.374	7.904
1446	-9.633	3.371	7.903
709	-9.633	3.376	7.903
792	-9.633	3.377	7.903
841	-9.633	3.376	7.903
1125	-9.633	3.376	7.903
768	-9.633	3.383	7.903
766	-9.633	3.386	7.904
785	-9.633	3.385	7.904
789	-9.633	3.384	7.904
811	-9.633	3.390	7.905
953	-9.632	3.394	7.911
896	-9.632	3.398	8.639
1675	-9.630	3.391	8.639
714	-9.630	3.396	8.639
1102	-9.624	3.618	8.640
1090	-9.609	3.616	8.641
660	-9.609	3.615	8.641
702	-9.609	3.614	7.569
1143	-9.609	3.615	7.569
1067	-9.609	3.613	7.508
273	-9.608	3.678	7.506
417	-9.607	3.675	7.575
799	-9.607	3.675	7.575
755	-9.607	3.674	7.506
765	-9.606	3.615	7.560
722	-9.606	3.614	7.560
910	-9.606	3.613	7.560
912	-9.606	3.614	7.560
973	-9.605	3.679	7.573
929	-9.602	3.614	7.571
1174	-9.602	3.614	7.508
745	-9.600	3.614	7.507
203	-9.600	3.614	9.538
88	-9.600	3.614	9.538
183	-9.599	3.624	9.536
199	-9.597	3.631	8.615
568	-9.577	3.864	9.588
879	-9.560	3.632	7.708
126	-9.550	3.686	7.708
1505	-9.550	3.213	7.665
275	-9.524	3.702	12.372
68	-9.508	3.387	12.372
1676	-9.471	3.202	12.429
407	-9.462	3.206	0.100
542	-9.422	3.673	11.842
1077	-9.275	3.799	13.518
916	-9.274	3.799	13.518
1022	-9.268	3.798	13.518
787	-9.245	3.790	10.353
1502	-9.236	3.298	10.352
1037	-9.201	3.853	7.357
995	-9.200	3.842	7.357
1010	-9.018	3.490	7.801
1668	-9.007	3.492	7.801
1606	-9.007	3.492	7.801
1614	-9.007	3.492	7.803
1682	-9.007	3.492	7.803
1515	-9.007	3.492	7.801
1525	-9.007	3.492	7.951
1535	-9.007	3.492	7.950
194	-8.984	3.650	7.951
1621	-8.873	3.436	2.180
1118	-8.365	2.012	22.823
1157	-7.726	3.215	7.775
