1742	-10.291	0.000	8.530
1747	-10.291	0.003	7.500
1690	-10.239	0.029	11.242
1802	-10.239	0.031	20.821
1713	-10.238	0.031	20.820
1738	-10.238	0.030	20.823
1748	-10.238	0.033	20.823
1774	-10.238	0.031	20.823
1790	-10.122	2.617	7.904
1806	-10.122	2.617	7.905
1746	-10.121	2.617	7.905
1727	-10.115	2.681	8.639
1730	-9.980	2.482	12.372
1702	-9.936	1.686	12.372
1691	-9.936	1.687	12.372
1819	-9.883	2.765	12.426
1745	-9.868	1.647	12.429
1700	-9.858	1.594	0.050
1701	-9.858	1.592	0.100
1721	-9.858	1.588	0.099
1687	-9.858	1.586	0.026
1694	-9.858	1.578	3.619
1704	-9.847	1.480	11.838
1800	-9.847	1.396	11.838
1782	-9.805	1.590	6.332
1809	-9.795	1.507	6.332
1724	-9.778	1.061	9.896
1719	-9.767	1.472	9.896
1818	-9.413	2.283	11.842
1685	-9.336	2.662	10.424
1715	-9.318	2.730	6.332
1803	-9.313	2.882	9.882
1692	-9.312	2.898	9.900
1699	-9.301	2.421	11.261
1705	-9.301	2.419	11.242
1720	-9.300	2.425	10.161
1759	-9.300	2.418	9.784
1771	-9.300	2.419	9.784
1764	-9.300	2.428	9.784
1696	-9.300	2.414	10.173
1812	-9.300	2.422	11.648
1797	-9.300	2.417	10.336
1722	-9.300	2.424	13.762
1769	-9.300	2.421	13.762
1820	-9.300	2.420	13.764
1760	-9.300	2.418	13.764
1753	-9.300	2.419	13.764
1732	-9.300	2.414	13.764
1817	-9.300	2.418	13.764
1807	-9.281	2.738	13.518
1717	-9.256	2.427	13.552
1822	-9.255	2.415	12.251
1814	-9.254	2.396	10.239
1786	-9.200	3.021	8.413
1768	-9.154	3.069	7.915
1736	-9.154	3.068	7.973
1740	-9.154	3.071	7.968
1726	-9.154	3.078	8.392
1743	-9.154	3.079	8.392
1799	-9.127	2.452	8.391
1737	-9.066	3.504	7.794
1763	-9.066	3.504	8.424
1770	-9.066	3.505	7.807
1805	-8.800	3.368	9.231
