1600	-12.640	0.000	0.000
1601	-12.640	0.000	5.448
1602	-12.640	0.000	5.378
1603	-12.640	0.000	4.013
1604	-12.640	0.000	4.534
1605	-12.640	0.000	4.551
1606	-12.640	0.000	4.011
1607	-12.640	0.000	4.008
1608	-12.640	0.000	8.537
1610	-12.640	0.000	8.517
1611	-12.640	0.000	8.518
1612	-12.640	0.000	8.527
1613	-12.640	0.000	16.622
1615	-12.640	0.000	14.035
1616	-12.640	0.000	16.601
1617	-12.640	0.000	16.642
1618	-12.640	0.000	14.080
1619	-12.640	0.000	5.932
1620	-12.640	0.000	8.499
1621	-12.640	0.000	16.592
1622	-12.640	0.000	6.969
1623	-12.640	0.000	6.983
1624	-12.640	0.000	16.614
1626	-12.640	0.000	6.955
1627	-12.640	0.000	16.390
1628	-12.640	0.000	16.657
1630	-12.640	0.000	8.951
1631	-12.640	0.000	8.244
1635	-12.640	0.000	9.326
1638	-12.640	0.000	8.954
1639	-12.640	0.000	8.563
1640	-12.640	0.000	9.024
1641	-12.640	0.000	7.625
1650	-12.640	0.000	4.429
1651	-12.640	0.000	9.316
1652	-12.640	0.000	8.563
1654	-12.640	0.000	9.033
1655	-12.640	0.000	7.740
1656	-12.640	0.000	7.604
1657	-12.640	0.000	7.604
1659	-12.640	0.000	7.604
1660	-12.640	0.000	9.337
1661	-12.640	0.000	7.034
1662	-12.640	0.000	8.531
1663	-12.640	0.000	9.020
1664	-12.640	0.000	9.016
1671	-12.640	0.000	9.147
1672	-12.640	0.000	8.810
1673	-12.640	0.000	9.676
1674	-12.640	0.000	9.575
1676	-12.640	0.000	8.723
1677	-12.640	0.000	4.384
1678	-12.640	0.000	7.166
1687	-12.640	0.000	8.032
1695	-12.640	0.000	9.085
1696	-12.640	0.000	9.508
1698	-12.640	0.000	7.945
1700	-12.640	0.000	7.822
1704	-12.640	0.000	7.132
1705	-12.640	0.000	5.799
1706	-12.640	0.000	9.661
1710	-12.640	0.000	9.631
1711	-12.640	0.000	8.824
1715	-12.640	0.000	9.548
1718	-12.640	0.000	7.942
1719	-12.640	0.000	8.832
1723	-12.640	0.000	9.086
1724	-12.640	0.000	9.533
1725	-12.640	0.000	9.144
1726	-12.640	0.000	5.811
1727	-12.640	0.000	5.791
1739	-12.571	0.014	4.156
1732	-12.311	0.036	4.156
1738	-12.311	0.036	4.156
1740	-12.311	0.036	4.156
1741	-12.311	0.036	16.798
1742	-12.311	0.036	17.001
1744	-12.311	0.036	4.355
1734	-12.311	0.036	3.417
1735	-12.311	0.036	3.744
1736	-12.311	0.036	8.984
1737	-12.311	0.036	4.700
1733	-12.177	0.049	4.701
1747	-12.177	0.049	3.614
1748	-12.177	0.049	3.377
1749	-12.177	0.049	17.981
1750	-12.177	0.049	3.613
1730	-12.177	0.049	3.615
1731	-12.177	0.049	4.075
1701	-11.682	1.918	8.383
1707	-11.682	1.918	3.702
1708	-11.682	1.918	4.760
1709	-11.682	1.918	8.651
1717	-11.682	1.918	7.922
1720	-11.682	1.918	16.969
1609	-11.668	1.310	3.798
1614	-11.668	1.309	16.980
1625	-11.668	1.310	3.790
1629	-11.668	1.310	6.266
1632	-11.668	1.310	6.250
1633	-11.668	1.309	6.269
1634	-11.668	1.310	6.277
1636	-11.668	1.309	16.986
1637	-11.668	1.310	3.491
1642	-11.668	1.310	8.748
1643	-11.668	1.310	8.184
1644	-11.668	1.309	3.435
1645	-11.668	1.310	9.506
1646	-11.668	1.310	8.751
1653	-11.668	1.310	8.752
1665	-11.668	1.310	7.367
1666	-11.668	1.309	7.382
1667	-11.668	1.309	9.185
1668	-11.668	1.310	8.089
1669	-11.668	1.309	8.088
1670	-11.668	1.309	6.142
1675	-11.668	1.310	8.631
1679	-11.668	1.309	6.547
1681	-11.668	1.309	6.547
1682	-11.668	1.309	8.745
1683	-11.668	1.310	6.262
1684	-11.668	1.310	6.250
1685	-11.668	1.309	8.055
1686	-11.668	1.310	8.558
1688	-11.668	1.310	8.554
1689	-11.668	1.309	8.644
1690	-11.668	1.309	8.843
1691	-11.668	1.310	8.660
1692	-11.668	1.310	9.059
1693	-11.668	1.310	8.813
1697	-11.668	1.309	9.413
1699	-11.668	1.310	8.364
1702	-11.668	1.309	7.341
1703	-11.668	1.309	5.667
1712	-11.668	1.310	9.046
1713	-11.668	1.310	7.158
1714	-11.668	1.310	9.186
1716	-11.668	1.310	9.108
1721	-11.668	1.310	9.108
1722	-11.668	1.310	9.198
1728	-11.668	1.309	9.119
1729	-11.668	1.309	7.834
1647	-11.614	1.918	9.111
1743	-11.563	1.937	8.672
1746	-11.563	1.937	8.751
1599	-11.499	1.353	12.115
1648	-11.494	1.937	6.613
1649	-11.494	1.937	9.364
1658	-11.486	1.937	8.210
1680	-11.484	1.937	5.748
1694	-11.484	1.937	5.752
1745	-11.369	1.281	5.739
1751	-11.155	1.349	6.260
