613	-6.894	0.000	8.992
614	-6.894	0.000	6.276
623	-6.894	0.000	6.265
624	-6.894	0.000	6.266
625	-6.894	0.000	8.582
626	-6.894	0.000	8.870
627	-6.894	0.000	8.377
631	-6.894	0.000	8.785
632	-6.894	0.000	9.111
634	-6.894	0.000	16.930
641	-6.894	0.000	8.803
642	-6.894	0.000	8.924
646	-6.894	0.000	8.387
650	-6.894	0.000	7.354
655	-6.894	0.000	5.699
656	-6.894	0.000	9.071
659	-6.894	0.000	7.171
667	-6.894	0.000	6.454
668	-6.894	0.000	5.768
669	-6.894	0.000	9.131
673	-6.894	0.000	9.225
674	-6.894	0.000	9.278
679	-6.894	0.000	7.493
680	-6.894	0.000	9.135
681	-6.894	0.000	7.492
684	-6.894	0.000	9.093
685	-6.894	0.000	8.912
687	-6.894	0.001	5.616
689	-6.894	0.000	8.968
690	-6.894	0.000	7.298
703	-6.894	0.000	5.758
704	-6.894	0.000	5.754
705	-6.894	0.000	5.750
719	-6.894	0.000	11.521
720	-6.894	0.000	9.031
724	-6.894	0.000	6.075
726	-6.894	0.000	8.570
735	-6.894	0.000	6.049
739	-6.894	0.000	6.787
740	-6.894	0.000	6.780
741	-6.894	0.000	6.427
742	-6.894	0.000	6.338
746	-6.894	0.000	6.223
759	-6.894	0.000	4.872
760	-6.894	0.000	8.182
765	-6.894	0.000	8.122
766	-6.894	0.000	4.912
767	-6.894	0.000	7.105
768	-6.894	0.000	7.110
769	-6.894	0.000	8.724
782	-6.894	0.000	9.470
786	-6.894	0.000	7.427
788	-6.894	0.000	7.963
792	-6.894	0.000	4.303
832	-6.894	0.000	4.388
834	-6.894	0.000	4.982
868	-6.894	0.000	4.913
869	-6.894	0.000	4.912
870	-6.894	0.000	4.848
871	-6.894	0.000	5.112
878	-6.894	0.000	4.670
890	-6.894	0.000	17.488
891	-6.894	0.000	17.498
905	-6.894	0.000	3.585
906	-6.894	0.000	14.375
924	-6.894	0.000	9.200
967	-6.894	0.000	8.990
968	-6.894	0.000	1.780
974	-6.894	0.000	9.693
999	-6.894	0.000	0.016
1013	-6.894	0.000	0.026
1033	-6.894	0.000	0.011
1038	-6.894	0.000	3.570
1045	-6.894	0.000	3.571
1049	-6.894	0.000	3.575
1055	-6.894	0.000	3.570
1056	-6.894	0.000	3.571
1062	-6.894	0.000	3.571
1063	-6.894	0.000	3.571
1072	-6.894	0.000	3.570
1073	-6.894	0.000	3.570
1074	-6.894	0.001	3.571
1097	-6.894	0.000	3.565
1104	-6.894	0.000	3.563
852	-6.793	0.925	3.573
1031	-6.793	0.919	3.528
752	-6.793	0.929	1.450
753	-6.793	0.928	1.457
754	-6.793	0.929	1.513
755	-6.793	0.928	1.488
758	-6.793	0.929	1.515
762	-6.793	0.931	8.052
780	-6.793	0.929	8.047
789	-6.793	0.930	3.589
830	-6.793	0.929	3.585
831	-6.793	0.928	3.590
835	-6.793	0.929	8.050
842	-6.793	0.928	3.633
866	-6.793	0.929	8.051
889	-6.793	0.930	2.236
894	-6.793	0.929	2.223
895	-6.793	0.927	2.231
981	-6.793	0.928	2.218
984	-6.793	0.929	2.228
1024	-6.793	0.929	3.147
1034	-6.793	0.931	17.547
1054	-6.793	0.932	2.358
1075	-6.793	0.927	7.755
1076	-6.793	0.929	7.782
611	-6.793	0.927	7.784
612	-6.793	0.928	7.758
615	-6.793	0.928	2.244
622	-6.793	0.928	2.168
630	-6.793	0.928	2.117
635	-6.793	0.928	17.277
636	-6.793	0.928	17.284
637	-6.793	0.928	9.072
638	-6.793	0.927	3.539
645	-6.793	0.928	3.544
653	-6.793	0.928	3.536
658	-6.793	0.928	3.536
665	-6.793	0.928	4.907
671	-6.793	0.928	4.909
672	-6.793	0.928	4.184
678	-6.793	0.928	4.184
686	-6.793	0.928	4.184
688	-6.793	0.928	4.184
857	-6.793	0.922	16.996
1050	-6.793	0.928	16.988
1077	-6.793	0.928	4.382
776	-6.717	0.994	16.733
774	-6.717	0.994	16.728
707	-6.697	2.043	4.836
712	-6.697	2.043	4.716
713	-6.697	2.043	4.726
714	-6.697	2.043	3.628
733	-6.697	2.043	3.430
743	-6.697	2.043	17.948
750	-6.697	2.043	3.708
761	-6.697	2.043	3.631
763	-6.697	2.043	4.105
764	-6.697	2.043	4.847
793	-6.697	2.043	8.382
794	-6.697	2.043	17.993
795	-6.697	2.043	8.502
796	-6.697	2.043	4.834
802	-6.697	2.043	16.956
803	-6.697	2.043	16.956
804	-6.697	2.043	9.597
805	-6.697	2.043	8.364
806	-6.697	2.043	8.366
839	-6.697	2.043	6.257
840	-6.697	2.043	6.270
841	-6.697	2.043	6.282
845	-6.697	2.043	6.296
847	-6.697	2.043	16.971
851	-6.697	2.043	3.505
853	-6.697	2.043	8.763
854	-6.697	2.043	7.509
855	-6.697	2.043	9.115
856	-6.697	2.043	8.320
861	-6.697	2.043	8.765
874	-6.697	2.043	8.766
875	-6.697	2.043	7.384
876	-6.697	2.043	7.500
877	-6.697	2.043	8.497
880	-6.697	2.043	9.061
886	-6.697	2.043	8.591
887	-6.697	2.043	6.156
888	-6.697	2.043	7.490
892	-6.697	2.043	6.578
915	-6.697	2.043	6.578
916	-6.697	2.043	8.756
917	-6.697	2.043	6.275
918	-6.697	2.043	9.354
945	-6.697	2.043	8.077
947	-6.697	2.043	8.579
948	-6.697	2.043	8.866
949	-6.697	2.043	8.461
950	-6.697	2.043	8.873
955	-6.697	2.043	9.101
956	-6.697	2.043	9.065
969	-6.697	2.043	8.832
970	-6.697	2.043	6.476
971	-6.697	2.043	8.401
972	-6.697	2.043	7.352
973	-6.697	2.043	9.063
979	-6.697	2.043	9.066
983	-6.697	2.043	7.167
990	-6.697	2.043	9.219
993	-6.697	2.043	9.128
994	-6.697	2.043	9.129
1001	-6.697	2.043	9.223
1014	-6.697	2.043	6.451
604	-6.696	2.042	9.131
605	-6.696	2.042	9.133
606	-6.696	2.042	8.708
607	-6.696	2.042	9.085
608	-6.696	2.042	8.915
609	-6.696	2.042	6.482
610	-6.696	2.042	9.362
616	-6.696	2.042	8.228
617	-6.696	2.042	5.762
618	-6.696	2.042	5.746
619	-6.696	2.042	5.743
620	-6.696	2.042	3.229
621	-6.696	2.042	9.027
628	-6.696	2.042	7.460
629	-6.696	2.042	8.278
633	-6.696	2.042	6.049
639	-6.696	2.042	6.815
640	-6.696	2.042	6.123
643	-6.696	2.042	6.602
644	-6.696	2.042	8.827
648	-6.696	2.042	4.869
649	-6.696	2.042	4.869
651	-6.696	2.042	7.794
654	-6.696	2.042	7.941
657	-6.696	2.042	5.147
666	-6.696	2.042	8.005
670	-6.696	2.042	7.702
677	-6.696	2.042	8.665
706	-6.696	2.042	9.453
1029	-6.696	2.042	7.200
1030	-6.696	2.042	6.412
1041	-6.696	2.042	4.256
1053	-6.696	2.042	4.988
1058	-6.696	2.042	4.983
1061	-6.696	2.042	4.921
1066	-6.696	2.043	4.918
1109	-6.696	2.042	4.406
1110	-6.696	2.043	4.910
826	-6.679	2.150	4.908
827	-6.679	2.150	17.490
844	-6.679	2.150	17.475
879	-6.679	2.150	4.707
925	-6.679	2.150	14.348
926	-6.679	2.150	9.168
927	-6.679	2.150	1.743
928	-6.679	2.150	1.780
991	-6.679	2.150	1.807
1012	-6.679	2.150	0.113
1019	-6.679	2.150	0.036
1020	-6.679	2.150	0.232
1021	-6.679	2.150	3.570
1022	-6.679	2.150	3.575
1023	-6.679	2.150	3.575
1027	-6.679	2.150	3.574
682	-6.678	2.149	3.574
695	-6.678	2.150	3.573
696	-6.678	2.150	3.573
711	-6.678	2.150	3.573
715	-6.678	2.150	3.573
722	-6.678	2.150	3.574
725	-6.678	2.150	3.572
727	-6.678	2.150	3.560
731	-6.678	2.150	3.539
744	-6.678	2.150	13.561
745	-6.678	2.150	1.441
781	-6.678	2.150	1.451
783	-6.678	2.150	8.185
784	-6.678	2.150	1.410
785	-6.678	2.150	1.611
787	-6.678	2.150	8.038
1040	-6.678	2.150	3.638
1047	-6.678	2.150	3.592
1051	-6.678	2.150	3.593
1052	-6.678	2.150	3.593
1080	-6.678	2.150	8.045
1081	-6.678	2.149	8.044
1082	-6.678	2.150	3.091
1083	-6.678	2.150	2.211
1084	-6.678	2.150	2.262
1092	-6.678	2.150	2.217
1094	-6.678	2.150	2.212
1095	-6.678	2.150	2.229
1098	-6.678	2.150	2.244
1112	-6.678	2.150	17.549
1116	-6.678	2.150	17.083
1117	-6.678	2.150	7.747
1118	-6.678	2.150	7.774
708	-6.671	2.061	7.766
709	-6.671	2.061	7.744
710	-6.671	2.061	7.833
716	-6.671	2.061	7.840
717	-6.671	2.061	17.383
721	-6.671	2.061	3.528
729	-6.671	2.061	17.287
734	-6.671	2.061	3.530
775	-6.671	2.061	3.529
791	-6.671	2.061	3.531
833	-6.671	2.061	3.528
943	-6.671	2.062	16.769
944	-6.671	2.062	4.903
985	-6.671	2.061	4.906
986	-6.671	2.061	4.176
987	-6.671	2.061	4.176
536	-6.670	2.061	4.176
548	-6.670	2.061	4.176
563	-6.670	2.061	13.379
566	-6.670	2.061	3.899
683	-6.670	2.061	4.374
702	-6.670	2.061	3.717
701	-6.659	0.022	3.704
1011	-6.659	0.022	4.865
1060	-6.659	0.022	4.716
1089	-6.659	0.022	3.628
862	-6.650	2.160	3.402
1015	-6.650	2.160	3.419
1026	-6.650	2.160	3.630
1057	-6.649	2.160	3.697
1069	-6.649	2.160	3.626
815	-6.643	2.158	8.383
816	-6.643	2.158	3.219
817	-6.643	2.158	8.391
818	-6.643	2.158	8.392
819	-6.643	2.158	4.789
820	-6.643	2.158	17.072
821	-6.643	2.158	16.954
822	-6.643	2.158	16.959
823	-6.643	2.158	5.218
824	-6.643	2.158	8.361
828	-6.643	2.158	17.061
829	-6.643	2.158	6.283
843	-6.643	2.158	6.257
846	-6.643	2.158	6.227
848	-6.643	2.158	6.298
849	-6.643	2.158	16.965
850	-6.643	2.158	3.502
858	-6.643	2.158	8.758
859	-6.643	2.158	7.504
860	-6.643	2.158	9.106
872	-6.643	2.158	8.762
873	-6.643	2.158	8.761
881	-6.643	2.158	8.762
882	-6.643	2.158	7.379
883	-6.643	2.158	8.902
884	-6.643	2.158	4.083
897	-6.643	2.158	8.104
898	-6.643	2.158	8.581
899	-6.643	2.158	6.153
900	-6.643	2.158	7.486
901	-6.643	2.158	6.570
902	-6.643	2.158	6.569
903	-6.643	2.158	8.751
904	-6.643	2.158	8.933
907	-6.643	2.158	6.153
908	-6.643	2.158	8.069
909	-6.643	2.158	8.573
912	-6.643	2.158	8.862
937	-6.643	2.158	6.562
940	-6.643	2.158	8.839
941	-6.643	2.158	9.104
988	-6.643	2.158	9.016
989	-6.643	2.158	7.631
995	-6.643	2.158	6.507
996	-6.643	2.158	8.511
998	-6.643	2.158	7.350
1010	-6.643	2.158	7.181
1025	-6.643	2.158	7.484
652	-6.642	2.158	7.167
718	-6.642	2.158	7.486
723	-6.642	2.158	5.769
751	-6.642	2.158	9.204
777	-6.642	2.158	9.203
778	-6.642	2.158	8.359
779	-6.642	2.158	9.125
797	-6.642	2.158	7.483
798	-6.642	2.158	8.364
799	-6.642	2.158	8.363
800	-6.642	2.158	9.076
807	-6.642	2.158	6.757
808	-6.642	2.158	8.235
812	-6.642	2.158	8.226
951	-6.642	2.158	5.758
952	-6.642	2.158	5.752
953	-6.642	2.158	5.741
954	-6.642	2.158	5.967
957	-6.642	2.158	9.026
958	-6.642	2.158	8.396
1067	-6.642	2.158	8.270
1068	-6.642	2.158	6.770
1085	-6.642	2.158	6.858
1093	-6.642	2.158	6.083
1099	-6.642	2.158	6.614
1100	-6.642	2.158	6.180
1101	-6.642	2.158	4.867
1102	-6.642	2.158	8.085
1103	-6.642	2.158	8.881
1113	-6.642	2.158	8.026
1114	-6.642	2.158	5.154
1115	-6.642	2.158	10.163
647	-6.642	2.158	5.916
675	-6.642	2.158	7.243
747	-6.642	2.158	7.254
748	-6.642	2.158	7.913
756	-6.642	2.158	6.078
757	-6.642	2.158	4.317
770	-6.642	2.158	4.988
771	-6.642	2.158	4.926
790	-6.642	2.158	4.919
1035	-6.642	2.158	4.919
1039	-6.642	2.158	4.979
1065	-6.642	2.158	5.079
1079	-6.642	2.158	4.736
1087	-6.642	2.158	4.888
1088	-6.642	2.158	17.474
1090	-6.642	2.158	14.387
1091	-6.642	2.158	9.615
1105	-6.642	2.158	9.179
1106	-6.642	2.158	1.780
1107	-6.642	2.158	1.787
1108	-6.642	2.158	1.556
728	-6.566	0.937	0.027
772	-6.566	0.937	0.012
896	-6.566	0.937	3.574
929	-6.566	0.937	3.574
930	-6.566	0.937	3.574
931	-6.566	0.937	3.578
1071	-6.566	0.936	3.573
661	-6.479	1.005	3.573
662	-6.479	1.005	3.573
663	-6.479	1.005	3.572
664	-6.479	1.005	3.573
737	-6.479	1.005	3.573
738	-6.479	1.006	3.573
732	-6.478	1.007	3.573
809	-6.478	1.008	3.588
811	-6.478	1.007	1.440
919	-6.478	1.007	8.332
920	-6.478	1.007	1.440
921	-6.478	1.007	1.494
922	-6.478	1.008	4.132
946	-6.478	1.007	1.631
980	-6.478	1.007	0.970
1002	-6.478	1.008	8.032
1036	-6.478	1.006	1.761
1078	-6.478	1.006	3.594
1096	-6.478	1.007	1.761
730	-6.429	2.058	3.592
736	-6.429	2.057	3.610
749	-6.429	2.057	8.042
801	-6.429	2.058	3.068
810	-6.429	2.058	3.384
836	-6.429	2.057	2.208
837	-6.429	2.057	2.209
838	-6.429	2.057	2.208
867	-6.429	2.057	4.101
914	-6.429	2.057	8.045
935	-6.429	2.057	2.387
938	-6.429	2.057	8.248
959	-6.429	2.058	7.766
960	-6.429	2.058	7.772
961	-6.429	2.057	7.773
962	-6.429	2.058	2.244
966	-6.429	2.057	7.713
977	-6.429	2.057	18.070
978	-6.429	2.057	7.724
1000	-6.429	2.057	3.503
660	-6.428	2.057	1.954
676	-6.428	2.057	3.530
691	-6.428	2.057	3.530
692	-6.428	2.057	3.530
693	-6.428	2.056	3.529
694	-6.428	2.057	16.767
1070	-6.428	2.057	4.905
697	-6.428	2.057	4.176
698	-6.428	2.057	4.176
699	-6.428	2.057	4.176
700	-6.428	2.057	4.176
893	-6.428	2.057	4.176
923	-6.428	2.057	13.379
997	-6.428	2.057	16.993
1003	-6.428	2.057	17.004
1004	-6.428	2.057	3.718
942	-6.422	2.057	3.716
773	-6.202	2.015	7.483
885	-6.202	2.015	8.363
910	-6.202	2.015	8.344
911	-6.202	2.015	9.043
932	-6.202	2.015	8.912
933	-6.202	2.015	5.771
934	-6.202	2.015	5.755
936	-6.202	2.015	5.748
939	-6.202	2.015	5.751
963	-6.202	2.015	5.753
964	-6.202	2.015	6.796
975	-6.202	2.015	6.381
976	-6.202	2.015	8.567
992	-6.202	2.015	7.269
1005	-6.202	2.015	8.354
1008	-6.202	2.015	8.059
1009	-6.202	2.015	11.143
1016	-6.202	2.015	11.134
1017	-6.202	2.015	6.355
1018	-6.202	2.015	4.878
1032	-6.202	2.015	7.632
1037	-6.202	2.015	8.725
1042	-6.202	2.015	7.957
1043	-6.202	2.015	5.123
1044	-6.202	2.015	17.464
1046	-6.202	2.015	10.623
1048	-6.202	2.015	5.137
1086	-6.202	2.015	7.247
1028	-5.535	3.689	8.025
1119	-5.535	3.689	1.903
813	-5.529	3.685	7.770
814	-5.529	3.685	7.772
825	-5.529	3.685	2.231
863	-5.529	3.685	7.767
864	-5.529	3.685	7.790
865	-5.529	3.685	3.934
913	-5.529	3.685	18.085
965	-5.529	3.685	4.687
982	-5.529	3.685	3.528
1006	-5.529	3.685	3.528
1007	-5.529	3.685	3.529
1064	-5.527	3.684	3.527
1111	-5.526	3.684	16.755
1059	-5.526	3.684	4.901
