585	-12.602	0.000	5.797
601	-12.602	0.000	5.778
550	-12.601	0.000	5.785
568	-12.601	0.000	6.081
576	-12.601	0.000	8.943
586	-12.600	0.001	9.242
588	-12.600	0.001	6.906
589	-12.600	0.001	8.443
590	-12.600	0.001	6.420
591	-12.600	0.001	6.751
592	-12.600	0.001	5.647
595	-12.600	0.001	7.148
600	-12.600	0.001	7.169
111	-12.599	0.001	5.843
560	-12.599	0.006	6.427
538	-12.599	0.001	8.244
540	-12.599	0.001	7.592
541	-12.599	0.001	7.598
542	-12.599	0.001	9.010
543	-12.599	0.001	7.894
551	-12.599	0.001	8.053
552	-12.599	0.001	8.814
553	-12.599	0.001	4.315
556	-12.599	0.001	4.338
557	-12.599	0.001	5.004
558	-12.599	0.001	4.939
559	-12.599	0.001	4.936
561	-12.599	0.001	4.941
570	-12.599	0.001	5.110
571	-12.599	0.001	5.327
572	-12.599	0.001	17.499
573	-12.599	0.001	17.475
581	-12.599	0.001	17.478
582	-12.599	0.001	14.378
1	-12.599	0.001	9.171
2	-12.599	0.001	9.034
3	-12.599	0.001	1.802
4	-12.599	0.001	1.853
5	-12.599	0.001	1.929
6	-12.599	0.001	0.041
7	-12.599	0.001	0.036
8	-12.599	0.001	3.579
13	-12.599	0.001	3.579
14	-12.599	0.001	3.579
16	-12.599	0.001	3.581
17	-12.599	0.001	3.581
18	-12.599	0.001	3.581
19	-12.599	0.001	3.580
21	-12.599	0.001	3.580
22	-12.599	0.001	3.581
23	-12.599	0.001	3.581
24	-12.599	0.001	3.582
26	-12.599	0.001	3.592
29	-12.599	0.001	3.565
32	-12.599	0.001	1.417
36	-12.599	0.001	1.405
42	-12.599	0.001	1.424
46	-12.599	0.001	3.522
47	-12.599	0.001	2.063
53	-12.599	0.001	1.557
58	-12.599	0.001	1.268
63	-12.599	0.001	1.776
65	-12.599	0.001	1.776
66	-12.599	0.001	3.600
67	-12.599	0.001	3.595
68	-12.599	0.001	8.032
69	-12.599	0.001	3.377
70	-12.599	0.001	3.070
71	-12.599	0.001	2.199
74	-12.599	0.001	3.040
79	-12.599	0.001	2.188
83	-12.599	0.001	2.182
84	-12.599	0.001	2.195
87	-12.599	0.001	2.199
88	-12.599	0.001	3.186
99	-12.599	0.001	17.546
100	-12.599	0.001	1.753
101	-12.599	0.001	7.768
102	-12.599	0.001	7.756
103	-12.599	0.001	7.757
110	-12.599	0.001	2.199
113	-12.599	0.001	7.752
114	-12.599	0.001	17.364
115	-12.599	0.001	7.786
116	-12.599	0.001	17.296
117	-12.599	0.001	3.921
118	-12.599	0.001	3.508
119	-12.599	0.001	3.509
120	-12.599	0.001	3.507
125	-12.599	0.001	3.507
128	-12.599	0.001	4.891
131	-12.599	0.001	4.891
135	-12.599	0.001	4.156
139	-12.599	0.001	4.156
143	-12.599	0.001	4.156
149	-12.599	0.001	4.156
155	-12.599	0.001	9.066
157	-12.599	0.001	17.000
160	-12.599	0.001	4.355
163	-12.599	0.001	17.061
169	-12.599	0.001	3.699
171	-12.599	0.001	3.499
173	-12.599	0.001	8.995
174	-12.599	0.001	4.703
183	-12.599	0.001	3.613
184	-12.599	0.001	3.377
185	-12.599	0.001	3.396
189	-12.599	0.001	3.614
191	-12.599	0.001	3.679
192	-12.599	0.001	4.074
193	-12.599	0.001	8.377
194	-12.599	0.001	8.385
195	-12.599	0.001	8.384
197	-12.599	0.001	8.474
198	-12.599	0.001	17.198
199	-12.599	0.001	16.959
200	-12.599	0.001	16.968
201	-12.599	0.001	3.799
202	-12.599	0.001	8.355
203	-12.599	0.001	8.356
205	-12.599	0.001	6.272
206	-12.599	0.001	6.250
231	-12.599	0.001	6.236
234	-12.599	0.001	6.274
235	-12.599	0.001	7.491
239	-12.599	0.001	3.490
241	-12.599	0.001	8.749
243	-12.599	0.001	8.254
245	-12.599	0.001	8.241
247	-12.599	0.001	8.379
248	-12.599	0.001	8.752
249	-12.599	0.001	8.753
250	-12.599	0.001	9.505
251	-12.599	0.001	6.560
252	-12.599	0.001	9.187
269	-12.599	0.001	9.101
272	-12.599	0.001	8.087
273	-12.599	0.001	6.143
274	-12.599	0.001	6.548
275	-12.599	0.001	6.547
276	-12.599	0.001	6.547
278	-12.599	0.001	6.521
292	-12.599	0.001	8.896
293	-12.599	0.001	6.251
294	-12.599	0.001	8.054
295	-12.599	0.001	8.555
296	-12.599	0.001	8.559
310	-12.599	0.001	8.300
311	-12.599	0.001	8.506
334	-12.599	0.001	9.086
335	-12.599	0.001	9.101
347	-12.599	0.001	8.783
348	-12.599	0.001	6.504
349	-12.599	0.001	8.923
355	-12.599	0.001	7.342
356	-12.599	0.001	9.031
357	-12.599	0.001	9.049
358	-12.599	0.001	7.157
359	-12.599	0.001	7.156
360	-12.599	0.001	6.437
361	-12.599	0.001	5.760
362	-12.599	0.001	9.188
363	-12.599	0.001	9.180
369	-12.599	0.001	9.086
370	-12.599	0.001	9.112
371	-12.599	0.001	7.465
372	-12.599	0.001	8.302
373	-12.599	0.005	6.594
378	-12.599	0.001	8.408
379	-12.599	0.001	5.632
380	-12.599	0.001	5.755
381	-12.599	0.001	9.055
382	-12.599	0.001	5.759
383	-12.599	0.001	5.749
384	-12.599	0.001	5.749
385	-12.599	0.001	9.019
389	-12.599	0.001	6.065
390	-12.599	0.001	8.554
391	-12.599	0.001	6.779
392	-12.599	0.001	8.255
394	-12.599	0.001	6.835
395	-12.599	0.001	10.287
396	-12.599	0.001	6.472
397	-12.599	0.001	6.935
398	-12.599	0.001	6.739
406	-12.599	0.001	7.920
407	-12.599	0.001	7.927
408	-12.599	0.001	7.581
409	-12.599	0.001	7.084
410	-12.599	0.001	7.089
412	-12.599	0.001	8.720
413	-12.599	0.001	9.448
414	-12.599	0.001	7.185
415	-12.599	0.001	8.028
416	-12.599	0.001	4.334
417	-12.599	0.001	4.280
418	-12.599	0.001	5.004
420	-12.599	0.001	4.936
421	-12.599	0.001	4.936
424	-12.599	0.001	4.985
425	-12.599	0.001	5.080
426	-12.599	0.001	4.777
432	-12.599	0.001	17.501
433	-12.599	0.001	17.469
434	-12.599	0.001	3.599
435	-12.599	0.001	14.369
436	-12.599	0.001	9.254
437	-12.599	0.001	8.970
438	-12.599	0.001	1.820
439	-12.599	0.001	1.829
440	-12.599	0.001	0.000
441	-12.599	0.001	0.032
442	-12.599	0.001	0.113
443	-12.599	0.001	3.579
444	-12.599	0.001	3.581
450	-12.599	0.001	3.587
451	-12.599	0.001	3.580
455	-12.599	0.001	3.580
456	-12.599	0.001	3.581
457	-12.599	0.001	3.580
458	-12.599	0.001	3.580
459	-12.599	0.001	3.581
460	-12.599	0.001	3.581
461	-12.599	0.001	3.573
462	-12.599	0.001	3.572
465	-12.599	0.001	3.589
466	-12.599	0.001	1.418
467	-12.599	0.001	1.421
468	-12.599	0.001	1.428
469	-12.599	0.001	2.116
470	-12.599	0.001	1.486
471	-12.599	0.001	13.552
473	-12.599	0.001	8.027
474	-12.599	0.001	3.458
475	-12.599	0.001	3.597
476	-12.599	0.001	3.600
478	-12.599	0.001	3.606
479	-12.599	0.001	8.030
482	-12.599	0.001	3.381
483	-12.599	0.001	2.179
484	-12.599	0.001	2.202
486	-12.599	0.001	3.077
487	-12.599	0.001	2.190
488	-12.599	0.001	2.185
490	-12.599	0.001	2.196
501	-12.599	0.001	2.214
510	-12.599	0.001	4.081
511	-12.599	0.001	2.190
517	-12.599	0.001	7.741
518	-12.599	0.001	7.761
521	-12.599	0.001	7.755
522	-12.599	0.001	7.746
523	-12.599	0.001	2.197
524	-12.599	0.001	7.752
526	-12.599	0.001	7.778
529	-12.599	0.001	17.290
528	-12.598	0.024	17.298
530	-12.598	0.013	9.060
172	-12.598	0.023	3.507
464	-12.596	0.001	3.510
452	-12.596	0.001	3.508
453	-12.596	0.001	3.507
454	-12.596	0.001	4.891
463	-12.596	0.001	4.893
513	-12.044	0.612	3.633
56	-11.232	0.931	5.746
122	-11.223	0.785	9.019
