579	-8.642	0.000	8.325
545	-8.638	0.055	6.814
546	-8.638	0.055	6.827
547	-8.638	0.055	7.934
565	-8.638	0.061	6.206
569	-8.638	0.055	6.442
574	-8.638	0.055	4.857
578	-8.638	0.055	4.857
580	-8.638	0.066	7.884
152	-8.637	0.072	7.973
178	-8.637	0.049	8.871
188	-8.637	0.058	5.135
90	-8.637	0.057	7.088
179	-8.637	0.051	8.773
336	-8.637	0.065	9.437
15	-8.637	0.055	7.169
20	-8.637	0.055	8.037
25	-8.637	0.055	4.249
27	-8.637	0.055	4.976
30	-8.637	0.055	4.978
31	-8.637	0.055	4.908
39	-8.637	0.055	4.912
43	-8.637	0.055	4.721
44	-8.637	0.054	5.108
50	-8.637	0.055	4.588
51	-8.637	0.055	17.486
52	-8.637	0.054	17.480
54	-8.637	0.055	4.174
60	-8.637	0.055	14.391
61	-8.637	0.055	9.221
72	-8.637	0.055	8.932
73	-8.637	0.057	1.731
77	-8.637	0.055	4.193
86	-8.637	0.054	0.016
89	-8.637	0.053	0.030
91	-8.637	0.055	0.028
112	-8.637	0.055	3.572
129	-8.637	0.055	3.576
136	-8.637	0.055	3.576
137	-8.637	0.055	3.575
138	-8.637	0.055	3.577
140	-8.637	0.055	3.577
141	-8.637	0.055	3.577
142	-8.637	0.052	3.577
144	-8.637	0.055	3.576
147	-8.637	0.055	3.576
153	-8.637	0.055	3.574
158	-8.637	0.055	3.590
164	-8.637	0.055	3.604
165	-8.637	0.055	13.566
166	-8.637	0.054	1.448
170	-8.637	0.054	1.498
175	-8.637	0.046	1.567
176	-8.637	0.053	1.635
177	-8.637	0.055	1.607
182	-8.637	0.057	8.044
190	-8.637	0.055	8.045
210	-8.637	0.055	3.595
212	-8.637	0.054	3.595
213	-8.637	0.055	3.600
220	-8.637	0.055	8.044
221	-8.637	0.055	3.748
222	-8.637	0.055	8.051
223	-8.637	0.055	3.047
224	-8.637	0.055	2.222
225	-8.637	0.055	2.219
226	-8.637	0.056	2.224
227	-8.637	0.055	2.218
228	-8.637	0.055	2.207
242	-8.637	0.054	17.545
244	-8.637	0.055	17.507
246	-8.637	0.055	7.754
255	-8.637	0.055	7.780
264	-8.637	0.054	7.801
265	-8.637	0.055	7.789
266	-8.637	0.055	2.244
267	-8.637	0.057	3.972
270	-8.637	0.054	17.359
271	-8.637	0.055	3.535
286	-8.637	0.056	17.283
287	-8.637	0.055	3.545
316	-8.637	0.054	3.542
317	-8.637	0.055	3.542
324	-8.637	0.054	3.541
326	-8.637	0.074	3.538
327	-8.637	0.055	4.916
328	-8.637	0.053	4.916
329	-8.637	0.054	4.194
330	-8.637	0.054	4.194
331	-8.637	0.055	4.194
332	-8.637	0.045	4.194
333	-8.637	0.056	16.994
337	-8.637	0.055	16.987
343	-8.637	0.055	4.393
386	-8.637	0.055	3.725
387	-8.637	0.055	16.727
419	-8.637	0.055	3.483
427	-8.637	0.054	4.731
429	-8.637	0.055	4.732
431	-8.637	0.054	3.411
481	-8.637	0.055	3.433
485	-8.637	0.055	17.951
489	-8.637	0.055	3.706
491	-8.637	0.055	3.628
492	-8.637	0.054	8.391
493	-8.637	0.055	3.702
494	-8.637	0.055	8.399
495	-8.637	0.055	8.437
496	-8.637	0.054	4.800
497	-8.637	0.055	17.083
498	-8.637	0.054	16.956
499	-8.637	0.054	16.956
500	-8.637	0.055	16.953
506	-8.637	0.054	5.196
531	-8.637	0.055	3.306
325	-8.637	0.037	6.290
537	-8.636	0.055	6.271
539	-8.636	0.058	6.237
549	-8.636	0.055	6.307
562	-8.636	0.055	16.968
1120	-8.636	0.055	3.518
1121	-8.636	0.055	8.769
1122	-8.636	0.055	7.512
1123	-8.636	0.063	9.130
1124	-8.636	0.055	16.780
1125	-8.636	0.055	8.771
1126	-8.636	0.055	8.772
1128	-8.636	0.055	7.389
1129	-8.636	0.055	7.505
1130	-8.636	0.055	8.132
1172	-8.636	0.055	8.113
428	-8.636	0.053	8.590
423	-8.636	0.013	6.159
230	-8.635	0.024	7.495
34	-8.635	0.056	6.576
35	-8.635	0.056	6.575
154	-8.635	0.055	8.754
254	-8.635	0.055	8.786
318	-8.635	0.055	9.362
319	-8.635	0.055	8.037
320	-8.635	0.055	8.586
321	-8.635	0.055	8.872
322	-8.635	0.055	6.576
323	-8.635	0.055	8.871
344	-8.635	0.055	9.109
364	-8.635	0.055	8.741
507	-8.635	0.055	7.642
508	-8.635	0.055	8.301
509	-8.635	0.055	8.520
515	-8.635	0.055	7.355
516	-8.635	0.057	5.723
519	-8.635	0.055	5.868
520	-8.635	0.055	7.171
92	-8.635	0.108	9.219
1186	-8.634	0.055	9.131
1187	-8.634	0.055	5.633
1188	-8.634	0.055	9.213
1192	-8.634	0.055	7.843
1193	-8.634	0.055	9.134
1195	-8.634	0.055	7.496
1196	-8.634	0.055	8.677
1197	-8.634	0.055	8.624
1198	-8.634	0.055	8.078
1201	-8.634	0.055	7.509
1204	-8.634	0.055	9.364
1205	-8.634	0.055	8.234
1206	-8.634	0.055	5.772
1207	-8.634	0.056	5.753
1208	-8.634	0.055	5.751
1209	-8.634	0.055	6.548
1210	-8.634	0.055	6.769
1213	-8.634	0.055	6.120
1214	-8.634	0.055	8.300
1215	-8.634	0.055	7.048
1216	-8.634	0.055	6.779
1217	-8.634	0.055	6.570
1218	-8.634	0.055	5.761
1219	-8.634	0.055	6.287
1220	-8.634	0.055	4.875
1222	-8.634	0.055	7.911
1223	-8.634	0.055	7.997
1224	-8.634	0.055	8.073
1225	-8.634	0.055	5.145
1226	-8.634	0.055	5.144
1227	-8.634	0.055	17.440
1231	-8.634	0.055	6.183
1233	-8.634	0.055	9.445
1234	-8.634	0.055	7.201
1235	-8.634	0.055	6.252
1246	-8.634	0.055	4.315
1247	-8.634	0.055	4.985
1248	-8.634	0.055	5.008
1249	-8.634	0.055	4.915
1250	-8.634	0.055	4.921
1251	-8.634	0.055	4.402
1252	-8.634	0.055	5.128
1253	-8.634	0.055	4.545
1254	-8.634	0.055	17.489
1255	-8.634	0.055	17.473
1256	-8.634	0.055	17.377
1257	-8.634	0.055	4.299
1258	-8.634	0.055	9.147
1259	-8.634	0.055	4.335
1260	-8.634	0.055	1.859
1261	-8.634	0.055	1.576
1264	-8.634	0.055	0.020
1265	-8.634	0.055	0.008
1266	-8.634	0.055	3.574
1268	-8.634	0.055	3.572
1269	-8.634	0.055	3.570
1270	-8.634	0.055	3.578
1271	-8.634	0.055	3.572
1273	-8.634	0.055	3.572
1276	-8.634	0.055	3.572
1279	-8.634	0.055	3.572
1283	-8.634	0.055	3.572
1302	-8.634	0.055	3.572
1306	-8.634	0.055	3.572
1307	-8.634	0.055	3.571
1319	-8.634	0.055	3.572
1325	-8.634	0.055	1.439
1354	-8.634	0.055	1.476
1355	-8.634	0.055	1.445
1375	-8.634	0.058	1.488
1410	-8.634	0.054	2.062
1411	-8.634	0.055	1.605
1413	-8.634	0.055	3.460
1416	-8.634	0.055	8.042
1185	-8.634	0.056	1.757
1203	-8.634	0.049	3.592
1237	-8.634	0.051	3.591
1397	-8.632	0.051	3.594
263	-8.631	0.130	3.370
55	-8.628	0.259	8.045
123	-8.627	0.362	2.225
577	-8.627	0.446	3.081
48	-8.626	0.483	2.214
211	-8.626	0.489	2.225
1324	-8.623	0.485	2.219
564	-8.282	2.013	4.719
534	-8.282	2.013	3.410
584	-8.280	2.014	3.414
594	-8.280	2.014	3.426
583	-8.269	2.011	5.133
596	-8.269	2.011	3.700
422	-8.269	2.010	3.629
9	-8.269	2.011	4.091
10	-8.269	2.011	17.627
11	-8.269	2.011	8.392
12	-8.269	2.011	3.402
28	-8.269	2.011	4.786
33	-8.269	2.010	17.073
37	-8.269	2.011	16.957
38	-8.269	2.010	16.957
40	-8.269	2.011	5.224
41	-8.269	2.011	8.364
45	-8.269	2.011	17.046
49	-8.269	2.011	6.280
57	-8.269	2.011	6.258
59	-8.269	2.011	6.293
62	-8.269	2.010	6.297
64	-8.269	2.010	16.962
75	-8.269	2.011	3.504
76	-8.269	2.011	8.761
78	-8.269	2.011	7.506
80	-8.269	2.011	9.120
81	-8.269	2.011	8.763
82	-8.269	2.011	8.763
85	-8.269	2.010	8.579
93	-8.269	2.011	-0.960
94	-8.269	2.011	8.592
95	-8.269	2.011	4.094
96	-8.269	2.011	8.108
97	-8.269	2.011	8.593
98	-8.269	2.011	17.255
104	-8.269	2.011	7.488
106	-8.269	2.011	6.574
107	-8.269	2.011	6.574
108	-8.269	2.011	8.554
109	-8.269	2.010	8.793
121	-8.269	2.010	8.077
126	-8.269	2.011	8.060
127	-8.269	2.011	8.583
132	-8.269	2.010	8.580
133	-8.269	2.011	6.565
145	-8.269	2.011	9.095
146	-8.269	2.010	9.095
148	-8.269	2.011	9.000
150	-8.269	2.011	7.637
151	-8.269	2.011	9.141
156	-8.269	2.011	8.512
159	-8.269	2.011	7.350
161	-8.269	2.011	6.883
162	-8.269	2.011	7.487
180	-8.269	2.011	7.168
181	-8.269	2.011	6.547
186	-8.269	2.011	5.767
196	-8.269	2.011	9.207
204	-8.269	2.011	9.174
207	-8.269	2.011	8.368
208	-8.269	2.011	9.130
209	-8.269	2.011	7.487
214	-8.269	2.011	8.365
215	-8.269	2.011	8.376
216	-8.269	2.010	9.074
217	-8.269	2.011	8.901
218	-8.269	2.011	9.028
219	-8.269	2.011	8.232
229	-8.269	2.011	5.758
232	-8.269	2.010	5.747
233	-8.269	2.011	6.222
236	-8.269	2.011	5.519
237	-8.269	2.011	6.041
238	-8.269	2.011	6.580
240	-8.269	2.011	6.252
253	-8.269	2.011	6.530
256	-8.269	2.011	6.807
257	-8.269	2.011	6.078
258	-8.269	2.011	4.914
259	-8.269	2.011	4.915
260	-8.269	2.011	6.248
261	-8.269	2.011	7.676
262	-8.269	2.010	8.886
268	-8.269	2.011	8.044
277	-8.269	2.011	5.146
279	-8.269	2.011	6.749
280	-8.269	2.011	6.855
281	-8.269	2.011	6.787
282	-8.269	2.011	7.231
283	-8.269	2.011	9.287
284	-8.269	2.010	6.090
285	-8.269	2.011	4.266
288	-8.269	2.011	4.956
289	-8.269	2.011	4.883
290	-8.269	2.011	4.887
291	-8.269	2.011	4.890
297	-8.269	2.011	4.744
298	-8.269	2.011	5.131
299	-8.269	2.011	17.467
300	-8.269	2.010	4.630
301	-8.269	2.011	17.473
302	-8.269	2.011	14.383
303	-8.269	2.011	9.684
304	-8.269	2.010	9.089
305	-8.269	2.011	1.674
306	-8.269	2.011	1.650
307	-8.269	2.011	1.306
308	-8.269	2.011	0.098
309	-8.269	2.011	0.110
312	-8.269	2.011	3.555
313	-8.269	2.010	3.557
314	-8.269	2.010	3.555
315	-8.269	2.011	3.554
338	-8.269	2.011	3.555
339	-8.269	2.011	3.555
340	-8.269	2.011	3.555
341	-8.269	2.011	3.554
342	-8.269	2.011	3.555
345	-8.269	2.011	3.555
346	-8.269	2.011	3.556
350	-8.269	2.011	3.558
351	-8.269	2.011	3.559
352	-8.269	2.011	1.482
353	-8.269	2.011	14.565
354	-8.269	2.011	1.486
365	-8.269	2.010	1.569
366	-8.269	2.011	1.993
367	-8.269	2.011	13.587
368	-8.269	2.011	1.331
374	-8.269	2.010	3.606
375	-8.269	2.011	1.743
376	-8.269	2.011	3.579
377	-8.269	2.011	1.743
388	-8.269	2.011	8.077
393	-8.269	2.011	3.608
411	-8.269	2.010	8.073
448	-8.269	2.011	3.094
449	-8.269	2.011	3.111
527	-8.269	2.011	2.282
567	-8.268	2.010	2.276
575	-8.268	2.010	2.283
1202	-8.250	2.002	2.283
1371	-8.250	2.002	3.617
1402	-8.250	2.002	2.342
1414	-8.250	2.002	17.518
593	-8.203	1.556	2.325
597	-8.203	1.556	7.804
598	-8.203	1.556	7.810
105	-8.201	1.555	7.781
124	-8.201	1.555	7.799
130	-8.201	1.555	7.825
134	-8.201	1.555	2.333
167	-8.201	1.555	3.961
168	-8.201	1.555	4.705
187	-8.201	1.555	3.577
399	-8.201	1.555	3.576
400	-8.201	1.555	3.576
401	-8.201	1.555	3.573
402	-8.201	1.555	18.031
403	-8.201	1.555	4.921
404	-8.201	1.555	4.225
405	-8.201	1.555	4.226
430	-8.201	1.555	4.226
445	-8.201	1.555	4.226
446	-8.201	1.555	4.227
447	-8.201	1.555	13.283
477	-8.201	1.555	16.984
525	-8.191	1.553	16.979
1152	-8.191	1.553	3.777
1166	-8.191	1.553	9.044
1182	-8.190	1.553	4.947
1199	-8.190	1.553	4.744
1211	-8.190	1.553	3.506
1212	-8.190	1.553	3.498
1232	-8.190	1.553	3.515
1238	-8.190	1.553	5.162
1373	-8.190	1.553	3.655
1374	-8.190	1.553	3.674
1377	-8.190	1.553	8.396
1383	-8.190	1.553	4.718
602	-8.024	1.626	3.577
603	-8.024	1.626	3.576
599	-8.020	1.625	3.576
480	-8.020	1.625	3.575
532	-8.018	1.627	3.575
533	-8.018	1.627	3.576
1127	-8.018	1.627	3.576
1161	-8.018	1.627	3.576
1162	-8.018	1.627	3.576
1164	-8.018	1.627	3.572
1171	-8.018	1.627	0.237
1173	-8.018	1.627	1.431
1176	-8.018	1.627	1.436
535	-8.017	1.627	1.436
1178	-8.017	1.627	1.391
1184	-8.017	1.627	2.082
1189	-8.017	1.627	3.560
1191	-8.017	1.627	1.259
1200	-8.017	1.627	3.596
1262	-8.017	1.627	1.763
1263	-8.017	1.627	3.587
1267	-8.017	1.627	1.763
1310	-8.017	1.627	8.041
1311	-8.017	1.627	3.718
1372	-8.017	1.627	8.031
1420	-8.017	1.627	2.216
1423	-8.017	1.627	3.449
1131	-7.800	2.564	3.864
1132	-7.800	2.564	8.383
1133	-7.800	2.564	8.390
1134	-7.800	2.564	8.390
1135	-7.800	2.564	3.229
1136	-7.800	2.564	3.690
1137	-7.800	2.564	16.957
1138	-7.800	2.564	16.960
1139	-7.800	2.564	17.246
1140	-7.800	2.564	16.965
1141	-7.800	2.564	8.361
1142	-7.800	2.564	6.905
1143	-7.800	2.564	6.261
1144	-7.800	2.564	6.262
1145	-7.800	2.564	3.853
1146	-7.800	2.564	6.349
1147	-7.800	2.564	16.848
1148	-7.800	2.564	17.125
1149	-7.800	2.564	8.259
1150	-7.800	2.564	8.248
1151	-7.800	2.564	13.749
1153	-7.800	2.564	8.760
1154	-7.800	2.564	8.102
1155	-7.800	2.564	7.488
1156	-7.800	2.564	6.576
1157	-7.800	2.564	4.171
1158	-7.800	2.564	9.091
1159	-7.800	2.564	8.102
1160	-7.800	2.564	8.579
1163	-7.800	2.564	6.565
1165	-7.800	2.564	6.564
1167	-7.800	2.564	6.564
1168	-7.800	2.564	8.986
1169	-7.800	2.564	8.889
1170	-7.800	2.564	6.258
1174	-7.800	2.564	8.068
1175	-7.800	2.564	8.554
1177	-7.800	2.564	8.569
1179	-7.800	2.564	8.839
1180	-7.800	2.564	8.482
1181	-7.800	2.564	2.025
1183	-7.800	2.564	9.086
1190	-7.800	2.564	8.793
1194	-7.800	2.564	6.520
1221	-7.800	2.564	6.515
1228	-7.800	2.564	7.347
1229	-7.800	2.564	5.670
1230	-7.800	2.564	9.059
1236	-7.800	2.564	5.727
1239	-7.800	2.564	7.161
1240	-7.800	2.564	6.446
1241	-7.800	2.564	5.762
1242	-7.800	2.564	9.197
1243	-7.800	2.564	9.186
1244	-7.800	2.564	8.358
1245	-7.800	2.564	9.123
1272	-7.800	2.564	7.476
1274	-7.800	2.564	8.331
1275	-7.800	2.564	5.481
1277	-7.800	2.564	8.660
1278	-7.800	2.564	8.914
1280	-7.800	2.564	5.772
1281	-7.800	2.564	6.241
1282	-7.800	2.564	5.757
1284	-7.800	2.564	5.749
1285	-7.800	2.564	5.768
1286	-7.800	2.564	9.021
1287	-7.800	2.564	9.201
1288	-7.800	2.564	8.564
1289	-7.800	2.564	6.789
1290	-7.800	2.564	8.307
1291	-7.800	2.564	6.837
1292	-7.800	2.564	5.209
1293	-7.800	2.564	6.724
1294	-7.800	2.564	6.115
1295	-7.800	2.564	6.748
1296	-7.800	2.564	7.638
1297	-7.800	2.564	10.784
1298	-7.800	2.564	7.814
1299	-7.800	2.564	9.796
1300	-7.800	2.564	7.099
1301	-7.800	2.564	8.696
1303	-7.800	2.564	6.577
1304	-7.800	2.564	7.197
1305	-7.800	2.564	8.026
1308	-7.800	2.564	4.316
1309	-7.800	2.564	4.251
1312	-7.800	2.564	4.977
1313	-7.800	2.564	4.908
1314	-7.800	2.564	4.907
1315	-7.800	2.564	4.967
1316	-7.800	2.564	4.727
1317	-7.800	2.564	3.900
1318	-7.800	2.564	17.485
1320	-7.800	2.564	17.468
1321	-7.800	2.564	4.389
1322	-7.800	2.564	14.327
1323	-7.800	2.564	9.329
1326	-7.800	2.564	9.010
1327	-7.800	2.564	1.760
1328	-7.800	2.564	8.776
1329	-7.800	2.564	0.072
1330	-7.800	2.564	0.032
1331	-7.800	2.564	0.077
1332	-7.800	2.564	3.569
1333	-7.800	2.564	3.568
1334	-7.800	2.564	3.574
1335	-7.800	2.564	3.568
1336	-7.800	2.564	3.568
1337	-7.800	2.564	3.569
1338	-7.800	2.564	3.568
1339	-7.800	2.564	3.568
1340	-7.800	2.564	3.569
1341	-7.800	2.564	3.569
1342	-7.800	2.564	3.570
1343	-7.800	2.564	3.572
1344	-7.800	2.564	3.570
1345	-7.800	2.564	1.442
1346	-7.800	2.564	1.446
1347	-7.800	2.564	3.508
1348	-7.800	2.564	1.539
1349	-7.800	2.564	1.573
1350	-7.800	2.564	1.381
1351	-7.800	2.564	8.046
1352	-7.800	2.564	1.749
1353	-7.800	2.564	3.590
1356	-7.800	2.564	3.588
1357	-7.800	2.564	3.591
1358	-7.800	2.564	8.052
1359	-7.800	2.564	3.367
1360	-7.800	2.564	3.634
1361	-7.800	2.564	2.233
1362	-7.800	2.564	3.065
1363	-7.800	2.564	2.231
1364	-7.800	2.564	2.213
1365	-7.800	2.564	2.233
1366	-7.800	2.564	2.265
1367	-7.800	2.564	3.100
1368	-7.800	2.564	2.289
1369	-7.800	2.564	2.241
1370	-7.800	2.564	7.790
1376	-7.800	2.564	7.778
1378	-7.800	2.564	7.772
1379	-7.800	2.564	2.256
1380	-7.800	2.564	7.775
1381	-7.800	2.564	17.355
1384	-7.800	2.564	7.810
1385	-7.800	2.564	17.282
1386	-7.800	2.564	18.070
1387	-7.800	2.564	3.545
1388	-7.800	2.564	3.545
1389	-7.800	2.564	3.545
1390	-7.800	2.564	3.545
1391	-7.800	2.564	4.911
1392	-7.800	2.564	4.912
1393	-7.800	2.564	4.190
1394	-7.800	2.564	4.190
1395	-7.800	2.564	4.190
1396	-7.800	2.564	4.190
1398	-7.800	2.564	9.081
1399	-7.800	2.564	16.985
1400	-7.800	2.564	4.387
1401	-7.800	2.564	17.013
1403	-7.800	2.564	3.729
1404	-7.800	2.564	9.022
1405	-7.800	2.564	9.060
1406	-7.800	2.564	4.726
1407	-7.800	2.564	3.635
1408	-7.800	2.564	3.432
1409	-7.800	2.564	17.964
1412	-7.800	2.564	3.635
1415	-7.800	2.564	17.996
1417	-7.800	2.564	17.923
1418	-7.800	2.564	8.389
1419	-7.800	2.564	8.396
1421	-7.800	2.564	8.395
1422	-7.800	2.564	3.259
1424	-7.800	2.564	7.672
1426	-7.800	2.564	9.589
544	-7.459	3.458	16.952
554	-7.459	3.458	3.835
555	-7.459	3.458	5.232
472	-7.458	3.458	8.366
502	-7.458	3.458	6.293
503	-7.458	3.458	6.281
504	-7.458	3.458	6.303
505	-7.458	3.458	6.318
512	-7.458	3.458	6.335
514	-7.458	3.458	3.509
587	-7.457	3.459	8.766
1382	-5.798	3.947	3.575
1425	-5.798	3.947	3.572
