1788	-14.901	0.000	16.617
1804	-14.900	0.000	11.414
1735	-14.865	0.026	11.415
1724	-14.849	0.025	7.577
1774	-14.846	0.002	7.577
1745	-14.844	0.002	7.577
1721	-14.199	2.618	7.577
1734	-14.118	2.291	7.577
1754	-14.118	2.290	7.577
1784	-13.982	2.625	7.577
1789	-13.981	2.625	7.577
1796	-13.958	2.794	7.577
1799	-13.957	2.794	7.577
1783	-13.951	1.694	7.577
1751	-13.917	2.626	7.577
1438	-13.859	2.627	7.577
1753	-13.779	2.796	3.792
1760	-13.779	2.796	16.039
1762	-13.779	2.796	9.484
1777	-13.779	2.796	9.484
1778	-13.779	2.796	9.484
1551	-13.767	2.628	9.484
1502	-13.757	2.795	9.484
1503	-13.757	2.795	9.484
1457	-13.736	2.719	9.484
1727	-13.735	2.500	9.484
1729	-13.734	2.500	9.051
1723	-13.728	2.500	9.049
1743	-13.628	1.933	7.852
1722	-13.603	1.930	7.852
1793	-13.579	2.513	7.852
1797	-13.573	2.514	7.852
1816	-13.573	2.514	7.852
1818	-13.573	2.514	7.852
1819	-13.573	2.514	7.852
1794	-13.572	2.514	9.281
1800	-13.572	2.514	9.281
1802	-13.572	2.514	9.281
1813	-13.572	2.514	9.281
1808	-13.572	2.514	7.835
1765	-13.518	2.514	7.835
1766	-13.518	2.514	9.275
1773	-13.511	2.515	9.278
1767	-13.510	2.515	9.278
1769	-13.510	2.515	9.277
1747	-13.510	2.515	9.278
1752	-13.510	2.515	9.277
1780	-13.509	2.515	9.278
1781	-13.509	2.515	9.278
1759	-13.508	2.515	9.278
1758	-13.508	2.515	9.278
1817	-13.251	1.700	9.078
1805	-12.856	1.999	9.012
1535	-12.852	2.006	7.851
1402	-12.850	2.006	7.851
1471	-12.850	2.006	7.852
1541	-12.849	2.004	7.851
1384	-12.849	2.006	8.456
1476	-12.848	2.006	8.456
1436	-12.848	2.006	8.455
1437	-12.848	2.006	8.456
1510	-12.848	2.006	8.456
1390	-12.847	2.006	8.893
1419	-12.846	2.006	8.893
1430	-12.822	1.997	8.458
1740	-12.783	2.000	9.414
1741	-12.783	2.000	9.410
1728	-12.782	2.000	10.712
1738	-12.781	2.000	10.713
1394	-12.771	2.001	8.236
1395	-12.771	2.001	15.937
1407	-12.771	2.001	15.937
1375	-12.767	2.002	15.937
1739	-12.727	1.988	15.937
1414	-12.712	2.114	15.937
1386	-12.687	2.112	15.937
1432	-12.679	2.094	0.785
1810	-12.645	1.997	0.785
1776	-12.632	1.971	0.785
1543	-12.463	2.121	0.785
1782	-12.277	2.603	0.785
1527	-12.270	2.142	0.785
1725	-12.261	2.170	0.785
1383	-12.170	2.024	0.785
1431	-12.073	2.092	15.962
1501	-11.986	2.036	12.826
1379	-11.954	2.026	12.826
1481	-11.951	2.023	12.826
1405	-11.951	2.031	12.826
1404	-11.949	2.023	12.826
1385	-11.949	2.031	12.826
1538	-11.946	2.033	12.826
1389	-11.944	2.048	12.796
1427	-11.889	2.101	13.292
1803	-11.826	2.024	13.292
1792	-11.826	2.024	13.292
1515	-11.800	1.986	13.299
1731	-11.797	2.016	13.299
1770	-11.794	2.027	12.143
1755	-11.793	2.027	12.142
1809	-8.552	2.256	6.107
1449	-8.271	2.258	0.006
1744	-8.265	2.255	0.007
1746	-8.265	2.255	0.006
1750	-8.265	2.255	0.006
1775	-8.240	2.247	0.007
1768	-8.237	2.246	0.006
1786	-8.190	2.242	2.007
1798	-8.189	2.242	2.007
1807	-8.189	2.242	1.554
1812	-8.189	2.242	1.553
1761	-8.184	2.244	1.551
1763	-8.184	2.244	1.552
1749	-8.183	2.244	17.347
1790	-8.180	2.244	17.347
1461	-8.172	2.246	17.347
1779	-6.963	2.916	18.140
1791	-6.868	2.635	0.003
1811	-6.868	2.634	0.001
1801	-6.800	2.454	0.001
