933	-11.608	0.000	15.578
1313	-11.608	0.000	13.473
1320	-11.608	0.000	17.722
1323	-11.608	0.000	17.722
1329	-11.608	0.000	17.722
1332	-11.608	0.000	17.722
1344	-11.608	0.000	17.722
1347	-11.608	0.000	17.722
1371	-11.605	0.001	17.722
1037	-11.604	0.001	6.110
992	-11.603	0.001	6.110
856	-11.599	0.001	6.110
1169	-11.598	0.001	6.110
1178	-11.598	0.001	6.110
1179	-11.598	0.001	6.110
1193	-11.598	0.001	6.110
1208	-11.598	0.001	6.110
1266	-11.598	0.001	6.110
1267	-11.598	0.001	6.110
1269	-11.598	0.001	6.110
1275	-11.598	0.001	6.110
1279	-11.598	0.001	6.110
1294	-11.598	0.001	6.110
1303	-11.598	0.001	6.110
1305	-11.598	0.001	6.110
1043	-11.537	0.003	6.110
963	-11.537	0.003	6.110
1309	-11.287	1.181	2.011
888	-11.283	1.181	2.011
1077	-11.283	1.181	2.011
1146	-11.280	1.181	2.011
1152	-11.280	1.181	2.011
1190	-11.280	1.181	2.010
1207	-11.280	1.181	2.011
1219	-11.280	1.181	2.011
1224	-11.280	1.181	2.011
1233	-11.280	1.181	2.011
1245	-11.280	1.181	2.011
631	-11.236	1.180	17.347
798	-11.229	1.180	17.347
801	-11.229	1.180	17.373
787	-11.229	1.180	1.627
867	-11.228	1.180	1.627
1337	-11.111	1.276	2.564
1358	-11.111	1.276	2.564
1370	-11.108	1.276	2.564
1192	-11.105	1.276	2.564
1229	-11.105	1.276	2.564
1237	-11.105	1.276	2.564
1254	-11.105	1.276	2.564
583	-10.871	1.881	6.969
605	-10.870	1.881	6.971
666	-10.870	1.881	6.971
913	-10.866	1.881	5.765
916	-10.866	1.881	5.764
1353	-10.866	1.881	5.765
727	-10.864	1.881	5.765
761	-10.864	1.881	5.765
781	-10.864	1.881	5.765
751	-10.864	1.881	5.765
753	-10.864	1.881	5.765
754	-10.864	1.881	5.765
659	-10.810	1.882	7.653
689	-10.807	1.882	7.653
930	-10.807	1.882	7.653
723	-10.803	1.882	7.001
759	-10.803	1.882	6.939
770	-10.803	1.882	5.760
772	-10.803	1.882	5.760
936	-10.803	1.882	5.761
952	-10.803	1.882	5.760
1084	-10.803	1.882	5.889
866	-10.803	1.882	5.889
971	-10.803	1.882	5.888
1028	-10.803	1.882	5.888
1112	-10.789	1.884	6.109
1126	-10.707	2.290	17.347
1128	-10.707	2.290	17.347
1136	-10.707	2.290	17.347
1137	-10.707	2.290	17.347
922	-10.703	2.290	17.347
1311	-10.703	2.291	17.347
1315	-10.703	2.291	17.347
1321	-10.703	2.290	17.374
1322	-10.703	2.291	1.630
1326	-10.703	2.291	1.631
1335	-10.703	2.291	17.368
1336	-10.703	2.291	17.368
1338	-10.703	2.291	8.753
1341	-10.703	2.291	8.755
1346	-10.703	2.291	2.557
1351	-10.703	2.291	2.557
1352	-10.703	2.291	2.557
1354	-10.703	2.291	2.557
1357	-10.703	2.291	2.557
1361	-10.703	2.290	2.557
1368	-10.703	2.290	2.557
1050	-10.701	2.290	2.557
1056	-10.701	2.290	2.557
830	-10.700	2.291	2.557
941	-10.700	2.291	2.557
1009	-10.700	2.291	2.557
783	-10.700	2.291	2.557
784	-10.700	2.291	2.557
851	-10.700	2.291	2.557
1015	-10.700	2.291	2.557
1033	-10.700	2.291	3.458
1139	-10.700	2.291	17.044
1140	-10.700	2.291	7.339
1141	-10.700	2.291	7.339
1148	-10.700	2.291	7.340
1150	-10.700	2.291	7.339
1151	-10.700	2.291	7.339
1155	-10.700	2.291	7.339
1156	-10.700	2.291	7.339
1161	-10.700	2.291	7.340
1163	-10.700	2.291	6.973
1171	-10.700	2.291	6.971
1172	-10.700	2.291	-0.960
1173	-10.700	2.291	6.973
1175	-10.700	2.291	5.764
1181	-10.700	2.291	5.764
1184	-10.700	2.291	5.764
1186	-10.700	2.291	5.764
1198	-10.700	2.291	5.764
1205	-10.700	2.291	5.764
1210	-10.700	2.291	5.765
1212	-10.700	2.291	5.765
1216	-10.700	2.291	5.765
1221	-10.700	2.291	5.765
1226	-10.700	2.291	7.656
1244	-10.700	2.291	7.656
1246	-10.700	2.291	7.656
1248	-10.700	2.291	7.656
1250	-10.700	2.291	5.749
1256	-10.700	2.291	5.749
1257	-10.700	2.291	7.653
1259	-10.700	2.291	7.654
1260	-10.700	2.291	7.654
1262	-10.700	2.291	7.654
1278	-10.700	2.291	7.654
1280	-10.700	2.291	7.654
1287	-10.700	2.291	7.654
1288	-10.700	2.291	7.655
1289	-10.700	2.291	7.654
1291	-10.700	2.291	7.655
1295	-10.700	2.291	7.003
1301	-10.700	2.291	6.942
1302	-10.700	2.291	5.760
1307	-10.700	2.291	5.760
998	-10.699	2.291	5.761
797	-10.640	2.292	5.760
979	-10.639	2.293	5.888
1070	-10.639	2.293	5.888
1218	-9.781	3.770	5.764
1290	-9.781	3.770	5.764
1297	-9.781	3.770	5.764
1276	-9.469	2.764	2.009
1293	-9.469	2.764	2.009
641	-8.922	2.305	7.340
1134	-8.922	2.305	7.339
645	-8.921	2.305	7.339
1310	-8.918	2.305	7.339
1331	-8.918	2.305	7.340
1334	-8.918	2.305	6.973
1356	-8.918	2.305	6.971
1360	-8.918	2.305	6.973
1061	-8.917	2.305	5.764
834	-8.917	2.305	5.764
1147	-8.916	2.305	5.764
1160	-8.916	2.305	5.764
1191	-8.916	2.305	5.764
1196	-8.916	2.305	5.765
1199	-8.916	2.305	5.765
1234	-8.916	2.305	5.765
1240	-8.916	2.305	5.765
1272	-8.916	2.305	7.656
1277	-8.916	2.305	7.656
1283	-8.916	2.305	7.656
1286	-8.916	2.305	7.656
1299	-8.916	2.305	5.749
931	-8.873	2.305	7.654
739	-8.870	2.305	7.654
750	-8.870	2.305	7.654
786	-8.870	2.305	7.654
816	-8.870	2.305	7.655
865	-8.870	2.305	7.654
1131	-8.451	2.053	6.107
1312	-8.450	2.053	6.107
1194	-8.449	2.053	6.107
1231	-8.449	2.053	6.107
1236	-8.449	2.053	6.107
1239	-8.449	2.053	6.107
1264	-8.449	2.053	6.107
767	-8.407	1.969	6.107
1165	-8.405	1.969	6.107
1166	-8.405	1.969	6.107
1213	-8.405	1.970	6.107
838	-8.400	1.972	6.107
957	-8.400	1.972	6.107
1308	-8.400	1.972	6.108
1124	-8.315	2.283	17.716
990	-8.307	2.284	17.709
1052	-8.305	2.285	18.139
1214	-8.304	2.285	18.139
894	-8.242	2.278	0.007
1022	-8.242	2.278	0.007
1129	-8.233	2.281	0.007
709	-8.231	2.281	0.012
841	-8.231	2.281	9.153
1074	-8.231	2.281	9.149
1327	-8.231	2.281	9.151
1350	-8.231	2.281	2.008
1247	-8.231	2.281	2.007
903	-8.217	2.513	2.007
1339	-8.207	2.515	2.007
1345	-8.207	2.515	2.007
1143	-8.206	2.515	2.007
1159	-8.206	2.515	2.007
1170	-8.206	2.515	2.007
1182	-8.206	2.515	2.007
1268	-8.206	2.515	2.007
806	-8.022	1.885	17.347
1135	-7.999	2.288	17.348
1316	-7.999	2.288	17.348
1319	-7.999	2.288	17.347
1342	-7.999	2.288	17.374
1349	-7.999	2.288	1.633
1363	-7.999	2.288	1.633
1145	-7.998	2.288	17.368
1158	-7.998	2.288	17.369
1174	-7.998	2.288	8.753
1177	-7.998	2.288	8.754
1187	-7.998	2.288	2.558
1195	-7.998	2.288	2.558
1206	-7.998	2.288	2.558
1209	-7.998	2.288	2.558
1217	-7.998	2.288	2.558
1222	-7.998	2.288	2.558
1227	-7.998	2.288	2.558
1242	-7.998	2.288	2.558
1243	-7.998	2.288	2.558
1251	-7.998	2.288	2.558
1252	-7.998	2.288	2.558
1261	-7.998	2.288	2.558
1284	-7.998	2.288	2.558
1176	-7.987	1.884	2.558
1215	-7.987	1.884	2.558
1223	-7.987	1.884	3.457
947	-7.986	1.884	17.044
1142	-7.868	2.607	7.339
1162	-7.868	2.607	7.339
1183	-7.868	2.607	7.339
1185	-7.868	2.607	7.339
1189	-7.868	2.607	7.339
1200	-7.868	2.607	7.339
1230	-7.868	2.607	7.339
1241	-7.868	2.607	7.339
1253	-7.868	2.607	6.972
1274	-7.868	2.607	6.971
1282	-7.868	2.607	6.973
1296	-7.868	2.607	6.973
1317	-7.868	2.608	5.764
1325	-7.868	2.607	5.763
1343	-7.868	2.607	5.764
1355	-7.868	2.607	5.764
1359	-7.868	2.607	5.764
1366	-7.868	2.607	5.764
