511	-13.806	0.000	0.000
515	-13.806	0.000	17.347
318	-13.800	0.001	17.347
300	-13.548	0.809	17.347
357	-13.548	0.809	17.347
358	-13.548	0.809	17.347
421	-13.548	0.809	17.347
440	-13.548	0.809	17.347
444	-13.548	0.809	17.347
492	-13.548	0.809	17.345
501	-13.548	0.809	21.600
549	-10.905	3.889	22.800
1306	-10.905	3.889	0.000
1	-10.875	3.888	24.660
39	-10.875	3.888	24.660
62	-10.875	3.888	24.660
81	-10.875	3.888	24.660
91	-10.875	3.888	24.660
93	-10.875	3.888	24.660
125	-10.875	3.888	23.991
134	-10.875	3.888	23.935
141	-10.875	3.888	22.800
155	-10.875	3.888	22.800
202	-10.875	3.888	22.801
229	-10.875	3.888	22.800
315	-10.875	3.888	21.281
326	-10.875	3.888	21.281
335	-10.875	3.888	21.280
338	-10.875	3.888	21.280
343	-10.875	3.888	21.280
416	-10.875	3.888	22.892
417	-10.875	3.888	22.892
439	-10.875	3.888	22.892
598	-10.852	3.885	21.281
524	-10.852	3.885	23.413
530	-10.852	3.885	23.410
532	-10.852	3.885	24.853
537	-10.852	3.885	-0.960
