773	-8.635	0.000	17.415
785	-8.635	0.000	17.415
790	-8.635	0.000	17.414
804	-8.635	0.001	17.414
809	-8.635	0.001	0.023
812	-8.635	0.002	0.023
817	-8.635	0.002	0.024
818	-8.635	0.001	0.024
819	-8.635	0.001	0.010
820	-8.635	0.002	0.001
821	-8.635	0.001	0.001
831	-8.635	0.002	0.000
752	-8.635	0.002	0.040
753	-8.635	0.001	17.504
757	-8.635	0.001	17.504
763	-8.635	0.001	0.026
766	-8.635	0.001	0.027
770	-8.635	0.001	20.773
772	-8.635	0.001	20.773
774	-8.635	0.001	17.827
776	-8.635	0.001	17.827
788	-8.635	0.001	17.827
789	-8.635	0.001	17.827
792	-8.635	0.001	17.827
801	-8.635	0.001	17.827
803	-8.635	0.001	17.827
1002	-8.635	0.001	17.827
702	-8.634	0.002	17.827
708	-8.634	0.002	17.827
712	-8.634	0.002	17.827
715	-8.634	0.002	17.827
718	-8.634	0.002	17.827
719	-8.634	0.002	17.827
721	-8.634	0.002	17.827
737	-8.634	0.002	17.827
738	-8.634	0.001	18.896
747	-8.634	0.002	1.887
851	-8.634	0.001	24.235
859	-8.634	0.001	24.235
860	-8.634	0.002	24.235
868	-8.634	0.001	24.235
871	-8.634	0.001	24.235
874	-8.634	0.001	24.235
886	-8.634	0.001	24.235
889	-8.634	0.001	24.235
890	-8.634	0.001	23.958
898	-8.634	0.001	23.957
903	-8.634	0.001	23.959
908	-8.634	0.001	23.959
968	-8.634	0.001	22.800
827	-8.260	0.163	0.001
828	-8.260	0.163	0.000
835	-8.260	0.163	0.040
836	-8.260	0.163	17.504
837	-8.260	0.163	17.504
840	-8.260	0.163	0.026
755	-8.259	0.162	0.027
777	-8.259	0.162	20.773
794	-8.259	0.163	20.773
703	-8.259	0.160	17.827
706	-8.259	0.160	17.827
710	-8.259	0.160	17.827
711	-8.259	0.159	17.827
714	-8.259	0.160	17.827
717	-8.259	0.161	17.827
727	-8.259	0.160	17.827
728	-8.259	0.160	17.827
740	-8.259	0.160	17.827
741	-8.259	0.160	17.827
744	-8.259	0.160	17.827
853	-8.259	0.161	17.827
861	-8.259	0.161	17.827
862	-8.259	0.161	17.827
865	-8.259	0.161	17.827
883	-8.259	0.161	17.827
946	-8.259	0.161	18.896
964	-8.259	0.160	1.887
1014	-8.259	0.162	24.235
1027	-8.259	0.161	24.235
1030	-8.259	0.161	24.235
1046	-8.259	0.161	24.235
1047	-8.259	0.161	24.235
1048	-8.259	0.160	24.235
1057	-8.259	0.160	24.235
1058	-8.259	0.160	24.235
1059	-8.259	0.160	23.958
1097	-8.259	0.161	23.957
1102	-8.259	0.160	23.959
1109	-8.259	0.160	23.959
1124	-8.259	0.160	22.800
1133	-8.259	0.160	22.800
1134	-8.259	0.160	22.801
1135	-8.259	0.161	22.801
1141	-8.259	0.160	22.800
1143	-8.259	0.160	22.801
1147	-8.259	0.161	22.801
1148	-8.259	0.160	22.801
1157	-8.259	0.160	22.801
1159	-8.259	0.161	22.801
1165	-8.259	0.161	24.663
1168	-8.259	0.161	24.663
1171	-8.259	0.161	24.663
1173	-8.259	0.160	24.663
1177	-8.259	0.160	22.785
1178	-8.259	0.160	22.785
1186	-8.259	0.160	24.659
1189	-8.259	0.161	24.661
1191	-8.259	0.160	24.661
1192	-8.259	0.159	24.661
1199	-8.259	0.161	24.661
1201	-8.259	0.161	24.661
1204	-8.259	0.160	24.661
1206	-8.259	0.160	24.661
1213	-8.259	0.161	24.661
1214	-8.259	0.161	24.661
1217	-8.259	0.163	23.993
1218	-8.259	0.161	23.936
1219	-8.259	0.161	22.801
1220	-8.259	0.161	22.801
1222	-8.259	0.161	22.802
1226	-8.259	0.161	22.802
1230	-8.259	0.161	21.280
1234	-8.259	0.161	21.280
1237	-8.259	0.160	21.280
1238	-8.259	0.161	21.280
1239	-8.259	0.160	21.280
1243	-8.259	0.161	22.893
748	-8.252	0.163	31.945
1249	-8.252	0.165	31.945
1972	-8.252	0.163	31.945
1974	-8.252	0.163	31.945
1977	-8.252	0.163	31.945
1978	-8.252	0.163	16.624
1982	-8.252	0.163	16.624
1983	-8.252	0.163	16.624
1984	-8.252	0.166	16.624
1985	-8.252	0.165	16.624
1989	-8.252	0.163	16.624
1990	-8.252	0.165	16.624
1252	-8.252	0.162	16.624
1253	-8.252	0.163	16.624
1255	-8.252	0.163	16.624
1257	-8.252	0.162	16.624
1258	-8.252	0.162	16.624
1268	-8.252	0.161	16.624
1270	-8.252	0.162	16.624
1271	-8.252	0.162	16.624
1273	-8.252	0.165	16.624
1274	-8.252	0.162	16.624
1275	-8.252	0.162	16.624
1282	-8.252	0.163	16.624
1285	-8.252	0.165	16.624
1287	-8.252	0.163	16.624
1295	-8.252	0.162	16.624
1298	-8.252	0.161	16.624
1299	-8.252	0.162	16.624
1300	-8.252	0.162	31.950
1328	-8.252	0.162	31.945
1329	-8.252	0.162	32.580
1330	-8.252	0.162	32.581
1331	-8.252	0.160	32.580
1975	-8.252	0.140	32.580
697	-8.251	0.159	33.309
698	-8.251	0.161	16.430
699	-8.251	0.161	17.347
701	-8.251	0.161	17.347
1263	-8.251	0.160	17.347
1264	-8.251	0.161	17.347
1304	-8.251	0.160	17.347
1309	-8.251	0.161	17.347
1310	-8.251	0.162	17.347
1311	-8.251	0.179	17.347
1313	-8.251	0.161	17.347
1314	-8.251	0.161	17.347
1315	-8.251	0.161	17.347
1318	-8.251	0.161	17.347
1320	-8.251	0.161	17.347
1321	-8.251	0.161	17.347
1322	-8.251	0.162	17.347
1323	-8.251	0.161	17.347
1334	-8.251	0.160	17.347
771	-8.214	1.451	17.347
775	-8.214	1.451	17.347
843	-8.213	1.451	17.347
959	-8.212	1.450	17.346
971	-8.212	1.450	21.597
707	-8.212	1.450	21.592
729	-8.212	1.450	21.592
743	-8.212	1.450	17.556
850	-8.133	0.384	17.555
882	-8.133	0.384	17.555
945	-8.133	0.384	17.555
1013	-8.133	0.384	17.555
1127	-8.133	0.383	17.555
1245	-8.133	0.383	17.555
808	-8.132	0.381	17.555
816	-8.132	0.381	17.555
730	-8.131	0.380	17.555
745	-8.131	0.380	17.555
746	-8.131	0.380	17.555
855	-8.131	0.380	17.555
972	-8.131	0.381	17.415
995	-8.131	0.381	17.415
1044	-8.131	0.380	17.414
1052	-8.131	0.380	17.414
1090	-8.131	0.380	0.023
1126	-8.131	0.380	0.023
1174	-8.131	0.380	0.024
1301	-8.125	0.385	0.024
1326	-8.125	0.385	0.010
810	-8.123	0.366	0.000
813	-8.123	0.366	0.001
815	-8.123	0.366	0.000
829	-8.123	0.366	0.040
838	-8.123	0.366	17.504
839	-8.123	0.366	17.504
742	-8.122	0.365	0.026
1101	-8.122	0.365	0.027
1104	-8.122	0.365	20.773
1105	-8.122	0.365	20.773
1106	-8.122	0.365	17.827
1108	-8.122	0.365	17.827
1110	-8.122	0.365	17.827
1111	-8.122	0.365	17.827
1113	-8.122	0.365	17.827
1114	-8.122	0.365	17.827
1115	-8.122	0.365	17.827
1116	-8.122	0.365	17.827
1117	-8.122	0.365	17.827
1118	-8.122	0.365	17.827
1119	-8.122	0.365	17.827
1121	-8.122	0.365	17.827
1130	-8.122	0.365	17.827
1140	-8.122	0.365	17.827
1146	-8.122	0.365	17.827
1149	-8.122	0.365	17.827
1156	-8.122	0.365	18.896
1205	-8.122	0.365	1.887
1208	-8.122	0.365	24.235
1209	-8.122	0.365	24.235
704	-8.122	0.365	24.235
705	-8.122	0.365	24.235
709	-8.122	0.365	24.235
716	-8.122	0.365	24.235
722	-8.122	0.365	24.235
723	-8.122	0.365	24.235
724	-8.122	0.365	23.958
725	-8.122	0.365	23.957
726	-8.122	0.365	23.959
739	-8.122	0.365	23.959
754	-8.122	0.366	22.801
756	-8.122	0.366	22.800
758	-8.122	0.366	22.801
759	-8.122	0.366	22.801
760	-8.122	0.366	22.801
761	-8.122	0.366	22.801
762	-8.122	0.366	22.801
765	-8.122	0.366	22.801
767	-8.122	0.366	22.801
768	-8.122	0.366	22.801
769	-8.122	0.366	24.663
778	-8.122	0.366	24.663
780	-8.122	0.366	24.663
781	-8.122	0.366	24.663
782	-8.122	0.366	22.785
783	-8.122	0.366	22.785
786	-8.122	0.366	24.659
787	-8.122	0.366	24.661
791	-8.122	0.366	24.661
793	-8.122	0.366	24.661
795	-8.122	0.366	24.661
797	-8.122	0.366	24.661
798	-8.122	0.366	24.661
800	-8.122	0.366	24.661
805	-8.122	0.366	24.661
806	-8.122	0.366	24.661
842	-8.122	0.366	23.993
845	-8.122	0.366	23.936
848	-8.122	0.366	22.802
856	-8.122	0.365	22.801
863	-8.122	0.365	22.802
864	-8.122	0.365	22.802
866	-8.122	0.365	21.280
867	-8.122	0.365	21.280
869	-8.122	0.365	21.280
870	-8.122	0.365	21.280
872	-8.122	0.365	21.280
876	-8.122	0.365	22.893
877	-8.122	0.365	22.893
878	-8.122	0.365	22.893
880	-8.122	0.365	21.280
887	-8.122	0.365	23.413
892	-8.122	0.365	23.410
893	-8.122	0.365	24.853
894	-8.122	0.365	24.855
895	-8.122	0.365	23.370
899	-8.122	0.365	31.944
900	-8.122	0.365	31.944
901	-8.122	0.365	31.944
904	-8.122	0.365	31.944
906	-8.122	0.365	31.944
909	-8.122	0.365	31.944
910	-8.122	0.365	31.944
912	-8.122	0.365	16.624
913	-8.122	0.365	16.624
916	-8.122	0.365	16.624
918	-8.122	0.365	16.624
921	-8.122	0.365	16.624
924	-8.122	0.365	16.624
925	-8.122	0.365	16.624
926	-8.122	0.365	16.624
927	-8.122	0.365	16.624
928	-8.122	0.365	16.624
929	-8.122	0.365	16.624
930	-8.122	0.365	16.624
931	-8.122	0.365	16.624
933	-8.122	0.365	16.624
934	-8.122	0.365	16.624
935	-8.122	0.365	16.624
936	-8.122	0.365	16.624
937	-8.122	0.365	16.624
938	-8.122	0.365	16.624
939	-8.122	0.365	16.624
940	-8.122	0.365	16.624
941	-8.122	0.365	16.624
942	-8.122	0.365	16.624
943	-8.122	0.365	16.624
944	-8.122	0.365	31.950
947	-8.122	0.365	31.945
948	-8.122	0.365	32.580
949	-8.122	0.365	32.580
951	-8.122	0.365	32.580
952	-8.122	0.365	32.580
953	-8.122	0.365	33.309
954	-8.122	0.365	16.429
956	-8.122	0.365	17.347
958	-8.122	0.365	17.347
965	-8.122	0.365	17.347
966	-8.122	0.365	17.347
967	-8.122	0.365	17.347
969	-8.122	0.365	17.347
1003	-8.122	0.366	17.347
1005	-8.122	0.366	17.347
1006	-8.122	0.365	17.347
1007	-8.122	0.365	17.347
1009	-8.122	0.366	17.347
1010	-8.122	0.365	17.347
1011	-8.122	0.365	17.347
1012	-8.122	0.366	17.347
1015	-8.122	0.365	17.347
1016	-8.122	0.365	17.347
1017	-8.122	0.365	17.347
1018	-8.122	0.365	17.347
1020	-8.122	0.365	17.347
1021	-8.122	0.365	17.347
1023	-8.122	0.365	17.346
1024	-8.122	0.365	21.598
1025	-8.122	0.365	21.593
1026	-8.122	0.365	21.592
1028	-8.122	0.365	17.556
1029	-8.122	0.365	17.555
1034	-8.122	0.365	17.555
1035	-8.122	0.365	17.555
1036	-8.122	0.365	17.555
1038	-8.122	0.365	17.555
1040	-8.122	0.365	17.555
1041	-8.122	0.365	17.555
1042	-8.122	0.365	17.555
1043	-8.122	0.365	17.555
1045	-8.122	0.365	17.555
1049	-8.122	0.365	17.555
1050	-8.122	0.365	17.555
1053	-8.122	0.365	17.415
1054	-8.122	0.365	17.415
1055	-8.122	0.365	17.414
1056	-8.122	0.365	17.414
1060	-8.122	0.365	0.023
1062	-8.122	0.365	0.023
1064	-8.122	0.365	0.024
1068	-8.122	0.365	0.024
1069	-8.122	0.365	0.010
1099	-8.122	0.365	0.001
1120	-8.122	0.365	0.002
1123	-8.122	0.365	0.001
1125	-8.122	0.365	0.041
1128	-8.122	0.365	17.504
1129	-8.122	0.365	17.504
1131	-8.122	0.365	0.027
1132	-8.122	0.365	0.027
1136	-8.122	0.365	20.773
1137	-8.122	0.365	20.773
1138	-8.122	0.365	17.827
1139	-8.122	0.365	17.827
1142	-8.122	0.365	17.827
1145	-8.122	0.365	17.827
1153	-8.122	0.365	17.827
1160	-8.122	0.365	17.827
1161	-8.122	0.365	17.827
1162	-8.122	0.365	17.827
1163	-8.122	0.365	17.827
1164	-8.122	0.365	17.827
1166	-8.122	0.365	17.827
1169	-8.122	0.365	17.827
1170	-8.122	0.365	17.827
1172	-8.122	0.365	17.827
1175	-8.122	0.365	17.827
1176	-8.122	0.365	17.827
1179	-8.122	0.365	18.895
1180	-8.122	0.365	1.887
1181	-8.122	0.365	24.235
1182	-8.122	0.365	24.235
1185	-8.122	0.365	24.235
1187	-8.122	0.365	24.235
1190	-8.122	0.365	24.235
1193	-8.122	0.365	24.235
1194	-8.122	0.365	24.235
1195	-8.122	0.365	24.235
1196	-8.122	0.365	23.958
1197	-8.122	0.365	23.957
1203	-8.122	0.365	23.959
1207	-8.122	0.365	23.959
1210	-8.122	0.365	22.800
1211	-8.122	0.365	22.800
1216	-8.122	0.365	22.801
1221	-8.122	0.365	22.801
1223	-8.122	0.365	22.800
1227	-8.122	0.365	22.801
1240	-8.122	0.365	22.801
1241	-8.122	0.365	22.801
732	-8.122	0.365	22.801
734	-8.122	0.365	22.801
735	-8.122	0.365	24.663
736	-8.122	0.365	24.663
885	-8.122	0.365	24.663
960	-8.122	0.365	24.663
961	-8.122	0.365	22.785
963	-8.122	0.365	22.785
973	-8.122	0.365	24.659
974	-8.122	0.365	24.661
976	-8.122	0.366	24.661
977	-8.122	0.365	24.661
978	-8.122	0.365	24.661
979	-8.122	0.365	24.661
980	-8.122	0.365	24.661
982	-8.122	0.365	24.661
985	-8.122	0.365	24.661
986	-8.122	0.365	24.661
988	-8.122	0.365	23.993
991	-8.122	0.365	23.936
992	-8.122	0.365	22.801
993	-8.122	0.365	22.801
1072	-8.122	0.365	22.802
1073	-8.122	0.365	22.802
1076	-8.122	0.365	21.280
1077	-8.122	0.365	21.280
1078	-8.122	0.365	21.280
1079	-8.122	0.365	21.280
1081	-8.122	0.365	21.280
1082	-8.122	0.365	22.892
1083	-8.122	0.365	22.892
1084	-8.122	0.365	22.893
1086	-8.122	0.365	21.280
1088	-8.122	0.365	23.413
1091	-8.122	0.365	23.410
1092	-8.122	0.365	24.853
1093	-8.122	0.365	24.855
1094	-8.122	0.365	23.370
1095	-8.122	0.365	31.944
1096	-8.122	0.365	31.944
749	-8.115	0.367	31.944
1260	-8.115	0.366	31.944
1261	-8.115	0.366	31.944
1267	-8.115	0.366	31.944
1297	-8.115	0.366	31.944
1981	-8.115	0.367	16.624
1987	-8.115	0.366	16.624
1991	-8.115	0.366	16.624
700	-8.114	0.366	16.624
1312	-8.114	0.366	16.624
1317	-8.114	0.366	16.624
1319	-8.114	0.369	16.624
1333	-8.114	0.366	16.624
1335	-8.114	0.366	16.624
1248	-8.114	0.368	16.624
1265	-8.114	0.393	16.624
997	-8.113	0.367	16.624
507	-8.113	0.367	16.624
527	-8.113	0.367	16.624
528	-8.113	0.366	16.624
694	-8.113	0.367	16.624
695	-8.113	0.366	16.624
1277	-8.086	0.504	16.624
834	-7.800	1.444	32.580
841	-7.800	1.444	32.580
849	-7.800	1.444	32.580
884	-7.799	1.443	32.580
970	-7.799	1.443	33.309
1070	-7.799	1.443	16.429
1080	-7.799	1.443	17.347
1188	-7.799	1.443	17.347
1215	-7.799	1.443	17.347
846	-7.742	1.479	17.347
764	-7.725	1.472	17.347
779	-7.725	1.472	17.347
784	-7.725	1.472	17.347
796	-7.725	1.472	17.347
799	-7.725	1.472	17.347
802	-7.725	1.472	17.347
807	-7.725	1.472	17.347
811	-7.725	1.472	17.347
814	-7.725	1.472	17.347
822	-7.725	1.472	17.347
823	-7.725	1.472	17.347
824	-7.725	1.472	17.347
825	-7.725	1.472	17.347
826	-7.725	1.472	17.347
832	-7.725	1.472	17.347
833	-7.725	1.472	17.347
1004	-7.725	1.472	17.346
1008	-7.725	1.472	21.597
830	-7.724	1.472	21.592
844	-7.724	1.472	21.592
847	-7.724	1.472	17.556
713	-7.723	1.471	17.555
720	-7.723	1.472	17.555
731	-7.723	1.472	17.555
733	-7.723	1.472	17.555
852	-7.723	1.472	17.555
854	-7.723	1.472	17.555
857	-7.723	1.472	17.555
858	-7.723	1.472	17.555
873	-7.723	1.472	17.555
875	-7.723	1.472	17.555
879	-7.723	1.472	17.555
881	-7.723	1.472	17.555
888	-7.723	1.472	17.415
891	-7.723	1.472	17.415
896	-7.723	1.472	17.413
897	-7.723	1.472	17.414
902	-7.723	1.472	0.023
905	-7.723	1.472	0.023
907	-7.723	1.472	0.024
911	-7.723	1.472	0.024
914	-7.723	1.472	0.009
915	-7.723	1.472	0.001
917	-7.723	1.472	0.001
919	-7.723	1.472	0.001
920	-7.723	1.472	0.040
922	-7.723	1.472	17.504
923	-7.723	1.472	17.504
932	-7.723	1.472	0.026
950	-7.723	1.472	0.027
955	-7.723	1.472	20.773
957	-7.723	1.472	20.773
962	-7.723	1.472	17.826
975	-7.723	1.472	17.826
981	-7.723	1.472	17.826
983	-7.723	1.472	17.826
984	-7.723	1.472	17.826
987	-7.723	1.472	17.826
989	-7.723	1.472	17.826
990	-7.723	1.472	17.826
994	-7.723	1.472	17.826
996	-7.723	1.472	17.826
1019	-7.723	1.472	17.826
1022	-7.723	1.472	17.826
1031	-7.723	1.472	17.826
1032	-7.723	1.472	17.826
1033	-7.723	1.472	17.826
1037	-7.723	1.472	17.826
1039	-7.723	1.472	18.895
1061	-7.723	1.471	1.887
1063	-7.723	1.471	24.235
1065	-7.723	1.471	24.235
1066	-7.723	1.471	24.235
1067	-7.723	1.471	24.235
1098	-7.723	1.471	24.235
1103	-7.723	1.471	24.235
1107	-7.723	1.471	24.235
1112	-7.723	1.471	24.235
1144	-7.723	1.471	23.958
1150	-7.723	1.472	23.957
1151	-7.723	1.471	23.959
1152	-7.723	1.472	23.959
1155	-7.723	1.471	22.800
1184	-7.723	1.471	22.800
1200	-7.723	1.471	22.801
1071	-7.723	1.471	22.800
1074	-7.723	1.471	22.800
1075	-7.723	1.472	22.800
1085	-7.723	1.471	22.801
1087	-7.723	1.471	22.801
1089	-7.723	1.472	22.801
750	-7.714	1.472	22.801
751	-7.714	1.472	24.663
998	-7.714	1.472	24.663
999	-7.714	1.472	24.663
1000	-7.714	1.472	24.663
1001	-7.714	1.472	22.785
1246	-7.714	1.472	22.785
696	-7.712	1.471	24.659
505	-7.712	1.471	24.661
506	-7.712	1.471	24.661
508	-7.712	1.471	24.661
509	-7.712	1.471	24.661
512	-7.712	1.471	24.661
516	-7.712	1.471	24.661
519	-7.712	1.471	24.661
521	-7.712	1.471	24.661
529	-7.712	1.471	24.661
1183	-6.986	2.529	21.280
1256	-6.978	2.530	21.279
