1713	-9.994	0.000	1.753
1726	-9.994	0.001	1.555
1731	-9.841	3.653	1.759
1733	-9.841	3.653	1.759
1653	-9.840	3.653	1.759
1663	-9.840	3.653	1.759
1664	-9.840	3.653	1.759
469	-9.808	0.089	1.759
546	-9.776	3.645	1.759
549	-9.776	3.645	1.759
126	-9.776	3.645	1.759
138	-9.776	3.645	0.041
298	-9.776	3.645	0.086
354	-9.776	3.645	1.547
366	-9.776	3.645	1.547
371	-9.776	3.645	1.546
387	-9.776	3.645	1.547
422	-9.776	3.645	7.501
429	-9.776	3.645	7.501
437	-9.776	3.645	7.500
439	-9.776	3.645	7.500
460	-9.776	3.645	7.500
220	-9.775	3.645	7.500
349	-9.775	3.645	2.194
488	-9.771	3.644	2.194
259	-9.757	3.645	7.502
1695	-9.738	3.644	6.320
1697	-9.737	3.643	6.316
1699	-9.737	3.644	6.579
1646	-9.737	3.644	6.579
1647	-9.737	3.644	3.099
1703	-9.736	3.643	3.097
1644	-9.736	3.643	12.553
1669	-9.727	3.639	12.553
1721	-9.727	3.639	12.553
212	-9.723	3.640	12.553
319	-9.723	3.640	12.553
1637	-9.722	3.640	12.553
346	-9.705	3.640	9.475
1736	-9.689	3.638	9.475
1670	-9.689	3.638	9.475
1641	-9.684	3.639	9.475
1639	-9.684	3.639	9.475
1636	-9.683	3.639	9.475
1741	-9.674	3.637	9.475
1656	-9.673	3.637	9.475
1659	-9.673	3.637	9.475
1674	-9.671	3.638	9.475
1676	-9.671	3.638	9.475
1685	-9.671	3.638	9.475
1662	-9.655	3.637	9.475
1651	-9.652	3.637	9.475
1652	-9.652	3.637	9.475
1671	-9.635	3.636	9.475
1673	-9.635	3.636	9.475
237	-9.551	3.650	9.475
1719	-9.528	3.649	9.475
1709	-9.526	3.649	9.475
1687	-9.525	3.649	12.537
550	-8.932	1.404	7.501
453	-8.674	2.474	6.973
1667	-8.668	2.474	6.973
1648	-8.666	2.474	6.973
1649	-8.666	2.474	6.973
1650	-8.666	2.474	6.973
1712	-8.662	2.474	6.974
301	-8.661	2.474	11.771
1672	-8.656	2.474	11.773
1710	-8.654	2.474	7.361
1655	-8.648	2.474	7.362
1727	-8.545	2.474	7.484
1737	-8.545	2.474	7.484
1744	-8.545	2.474	7.484
1745	-8.545	2.474	7.484
294	-8.544	2.474	7.484
1711	-8.544	2.474	7.484
463	-8.541	3.079	7.484
198	-8.508	3.059	7.484
384	-8.508	3.058	7.484
519	-8.508	3.058	7.484
532	-8.508	3.058	5.922
186	-8.508	3.060	23.434
128	-8.508	3.059	22.572
383	-8.508	3.058	0.928
411	-8.508	3.058	0.928
425	-8.508	3.059	0.928
343	-8.507	3.059	0.928
1692	-8.481	3.065	0.928
1708	-8.477	3.065	0.928
232	-8.432	3.056	0.928
102	-8.432	3.057	0.001
521	-8.432	3.056	0.001
409	-8.432	3.055	0.001
451	-8.432	3.056	0.001
330	-8.432	3.057	0.079
339	-8.432	3.057	1.536
1640	-8.432	3.056	1.536
291	-8.432	3.057	1.536
424	-8.432	3.055	1.536
476	-8.432	3.057	1.536
1698	-8.431	3.058	1.535
1691	-8.431	3.057	1.535
1729	-8.431	3.057	1.535
1688	-8.431	3.057	1.535
1705	-8.431	3.057	1.753
1654	-8.431	3.056	1.753
1723	-8.431	3.056	1.753
1728	-8.431	3.056	1.753
1739	-8.431	3.056	1.555
572	-8.424	3.057	1.555
1738	-8.380	3.054	1.759
1679	-8.380	3.062	1.759
1718	-8.378	3.037	1.759
1720	-8.372	3.055	1.759
270	-8.176	2.804	9.475
261	-8.176	2.799	9.475
534	-8.176	2.799	9.475
1717	-8.096	2.792	9.475
1730	-8.096	2.792	9.475
1740	-8.094	2.791	9.475
1661	-8.084	2.791	9.475
1716	-8.042	2.808	6.974
1732	-8.042	2.808	6.974
1746	-8.042	2.808	6.974
1725	-8.041	2.807	11.771
1735	-8.041	2.807	11.771
1742	-8.041	2.807	11.773
1643	-8.039	2.807	7.362
1700	-8.039	2.807	7.362
1696	-7.901	2.789	9.475
1702	-7.860	3.097	23.959
1693	-7.837	3.130	23.974
1680	-7.819	3.132	7.259
394	-7.816	3.131	7.259
400	-7.740	3.579	12.034
1675	-7.639	3.594	1.535
324	-7.614	3.112	1.753
554	-7.612	3.111	1.753
1684	-7.608	3.538	1.753
275	-6.789	2.911	9.475
