571	-7.401	0.000	6.973
185	-7.398	0.001	23.956
121	-7.396	0.001	23.959
172	-7.396	0.001	23.959
201	-7.396	0.001	23.959
269	-7.396	0.001	23.974
292	-7.396	0.001	7.259
300	-7.396	0.001	7.259
317	-7.396	0.001	23.980
333	-7.396	0.001	23.981
335	-7.396	0.001	12.034
345	-7.396	0.001	12.035
392	-7.396	0.001	7.484
407	-7.396	0.001	7.484
328	-7.395	0.001	7.484
347	-7.395	0.001	7.484
1707	-7.377	0.004	7.484
477	-7.229	0.097	0.001
88	-7.189	0.044	1.536
329	-7.189	0.044	1.753
461	-7.189	0.044	1.753
462	-7.189	0.044	1.753
465	-7.189	0.044	1.753
499	-7.189	0.044	1.555
542	-7.189	0.044	1.555
563	-7.189	0.044	1.761
569	-7.189	0.044	1.759
1887	-7.177	0.046	1.759
1888	-7.177	0.046	1.759
1889	-7.177	0.046	1.759
1845	-7.176	0.046	1.759
1848	-7.176	0.046	1.759
1851	-7.176	0.046	1.759
1865	-7.174	0.047	1.759
1869	-7.174	0.047	0.041
1870	-7.174	0.047	0.086
1871	-7.174	0.047	1.548
1875	-7.174	0.047	1.548
1855	-7.173	0.047	1.547
1856	-7.173	0.047	1.548
1747	-7.173	0.047	7.502
1838	-7.173	0.047	7.501
1840	-7.173	0.047	7.501
1841	-7.173	0.047	7.501
1743	-7.051	0.041	9.479
1658	-7.051	0.040	9.479
1642	-7.050	0.040	9.479
1677	-7.050	0.041	9.479
1686	-7.050	0.041	9.479
1690	-7.050	0.041	9.479
1583	-6.995	1.427	12.818
1591	-6.995	1.428	9.055
548	-6.994	1.427	6.977
1628	-6.987	1.362	6.977
1903	-6.985	1.428	6.977
1907	-6.985	1.428	6.977
1850	-6.984	1.428	6.978
1886	-6.984	1.428	6.977
1863	-6.982	1.426	6.977
1862	-6.982	1.428	6.978
1599	-6.970	1.452	11.775
1380	-6.939	1.459	7.449
1849	-6.928	1.455	23.977
1882	-6.928	1.455	7.263
1842	-6.927	1.455	7.263
567	-6.704	2.335	6.973
509	-6.702	2.335	6.973
273	-6.701	2.335	6.973
522	-6.701	2.335	6.973
552	-6.701	2.335	6.973
470	-6.700	2.335	6.973
1715	-6.664	1.411	7.361
1682	-6.664	1.411	7.361
1857	-6.617	1.416	7.361
1704	-6.617	1.417	7.362
101	-6.553	2.340	23.956
179	-6.553	2.340	23.959
419	-6.553	2.340	23.959
505	-6.553	2.340	23.959
1638	-6.553	2.340	23.974
1678	-6.547	2.340	12.033
1694	-6.547	2.340	12.035
1722	-6.546	2.340	7.484
1645	-6.545	2.340	7.484
1668	-6.545	2.340	7.484
1701	-6.545	2.340	7.484
1683	-6.544	2.340	7.484
511	-6.509	2.340	0.928
501	-6.509	2.341	0.928
181	-6.498	2.354	0.928
187	-6.498	2.354	0.001
191	-6.498	2.354	0.001
423	-6.498	2.354	0.001
69	-6.497	2.354	0.001
74	-6.497	2.354	0.079
105	-6.497	2.354	1.535
116	-6.497	2.354	1.535
117	-6.497	2.354	1.535
118	-6.497	2.354	1.536
123	-6.497	2.354	1.535
131	-6.497	2.354	1.535
136	-6.497	2.354	1.535
147	-6.497	2.354	1.535
165	-6.497	2.354	1.535
170	-6.497	2.354	1.753
175	-6.497	2.354	1.753
176	-6.497	2.354	1.753
254	-6.497	2.354	1.753
315	-6.497	2.354	1.555
341	-6.497	2.354	1.555
351	-6.497	2.354	1.760
376	-6.497	2.354	1.759
395	-6.497	2.354	1.759
406	-6.497	2.354	1.759
524	-6.497	2.354	1.759
553	-6.497	2.354	1.759
573	-6.497	2.354	1.759
1748	-6.496	2.354	0.086
1724	-6.494	2.354	1.548
1660	-6.493	2.354	1.547
241	-6.489	2.355	1.547
243	-6.489	2.355	1.547
479	-6.489	2.355	7.501
494	-6.489	2.355	7.501
62	-6.444	2.354	3.097
63	-6.444	2.354	12.553
87	-6.444	2.354	12.553
95	-6.444	2.354	12.553
141	-6.444	2.354	12.553
196	-6.444	2.354	12.553
235	-6.444	2.355	12.553
251	-6.444	2.355	9.475
253	-6.444	2.354	9.475
350	-6.444	2.355	9.474
380	-6.444	2.354	9.475
446	-6.444	2.354	9.475
447	-6.444	2.354	9.475
454	-6.444	2.355	9.475
455	-6.444	2.355	9.475
525	-6.444	2.354	9.475
551	-6.444	2.354	9.475
574	-6.444	2.354	9.475
1843	-6.442	2.355	9.475
1665	-6.442	2.355	9.475
1666	-6.442	2.355	9.475
1853	-6.441	2.337	9.475
1734	-6.441	2.355	9.475
1839	-6.441	2.355	9.475
1681	-6.441	2.355	9.475
1689	-6.440	1.414	9.475
500	-6.424	2.356	12.528
418	-6.423	2.356	12.819
264	-6.377	2.356	6.973
515	-6.377	2.356	6.973
145	-6.333	1.437	7.361
1509	-6.315	3.124	7.361
1912	-6.216	2.992	1.535
1896	-6.215	2.991	1.535
1885	-6.213	2.982	1.535
1657	-6.161	1.705	1.753
1714	-6.161	1.709	1.753
1706	-6.160	1.706	1.753
82	-6.159	2.593	1.753
1881	-6.149	2.559	1.555
1867	-6.105	2.548	1.759
1864	-6.097	1.709	1.546
1837	-6.097	1.708	1.547
1872	-6.097	1.706	7.501
1883	-6.096	1.714	7.501
1852	-6.096	1.712	7.500
1909	-6.094	1.711	7.500
1893	-6.066	3.116	3.097
1891	-6.064	3.116	12.572
1884	-6.063	3.117	12.572
1846	-6.063	3.116	12.572
1908	-6.046	3.101	12.572
1874	-6.042	3.101	12.572
1878	-6.040	3.006	9.416
1861	-6.038	3.101	9.416
1902	-5.974	3.112	9.416
1890	-5.968	3.333	9.416
1858	-5.949	2.943	9.416
359	-5.777	3.265	9.416
1407	-5.771	3.279	9.416
1866	-5.732	3.320	9.412
1905	-5.721	3.287	12.557
1507	-5.721	3.656	12.548
1859	-5.715	3.326	12.838
1470	-5.705	3.606	12.838
1906	-5.698	3.661	12.838
1614	-5.691	3.328	12.838
1633	-5.691	3.328	12.838
1293	-5.688	3.338	8.989
1302	-5.688	3.336	6.913
1876	-5.687	3.548	6.914
1868	-5.670	3.335	6.914
1898	-5.670	3.334	6.914
1860	-5.661	3.484	6.914
1847	-5.644	2.546	6.914
377	-5.506	2.815	11.714
403	-5.506	2.816	7.296
1260	-5.502	2.849	7.296
1879	-5.421	2.829	7.297
1854	-5.395	3.346	7.297
1894	-5.395	3.341	7.383
1904	-5.266	2.498	7.382
1911	-5.117	3.074	7.384
