584	-12.869	0.000	0.001
589	-12.797	0.005	0.001
621	-12.797	0.005	0.001
879	-12.795	0.005	0.001
1124	-12.778	0.005	0.079
1023	-12.775	0.005	1.536
338	-12.773	0.064	1.536
1139	-12.530	0.783	1.536
1532	-12.530	0.783	1.536
318	-12.529	0.784	1.536
583	-12.529	0.784	1.535
612	-12.529	0.784	1.535
643	-12.529	0.784	1.535
832	-12.529	0.784	1.536
155	-12.528	0.784	1.753
1081	-12.528	0.784	1.753
1132	-12.528	0.784	1.753
1028	-12.528	0.785	1.753
1030	-12.528	0.785	1.555
1017	-12.526	0.794	1.555
276	-12.526	0.791	1.761
800	-12.526	0.788	1.759
798	-12.526	0.786	1.759
824	-12.526	0.786	1.759
834	-12.526	0.785	1.759
757	-12.526	0.784	1.759
804	-12.526	0.784	1.759
980	-12.526	0.784	1.759
873	-12.526	0.784	1.759
947	-12.526	0.784	1.759
21	-12.526	0.784	0.041
490	-12.526	0.784	0.086
928	-12.526	0.782	1.548
999	-12.522	0.783	1.548
987	-12.513	0.880	1.547
1258	-12.504	2.477	1.548
598	-12.504	2.476	7.502
657	-12.504	2.476	7.501
1096	-12.504	2.477	7.501
1102	-12.504	2.476	7.501
250	-12.503	2.477	7.500
585	-12.503	2.477	7.500
586	-12.503	2.477	2.194
606	-12.503	2.477	2.194
610	-12.503	2.477	7.502
623	-12.503	2.477	6.320
627	-12.503	2.477	6.316
634	-12.503	2.477	6.579
645	-12.503	2.477	6.579
697	-12.503	2.477	3.099
61	-12.503	2.476	3.097
229	-12.503	2.476	12.553
756	-12.502	2.477	12.553
791	-12.502	2.477	12.553
796	-12.502	2.477	12.553
889	-12.502	2.477	12.553
929	-12.502	2.477	12.553
996	-12.502	2.477	9.475
1006	-12.502	2.477	9.475
1040	-12.502	2.477	9.475
1043	-12.502	2.477	9.475
1055	-12.502	2.477	9.475
1064	-12.502	2.477	9.475
173	-12.502	2.476	9.475
836	-12.502	2.476	9.475
872	-12.502	2.477	9.475
993	-12.502	2.477	9.475
937	-12.501	2.477	9.475
1062	-12.500	0.776	9.475
942	-12.498	2.472	9.475
823	-12.497	2.476	9.475
1024	-12.496	0.776	9.475
920	-12.480	2.484	9.475
1373	-12.473	2.475	9.475
166	-12.199	2.387	9.475
692	-12.135	2.609	9.475
597	-12.135	2.609	9.475
495	-12.132	2.609	9.471
780	-12.132	2.609	12.537
1127	-12.129	2.609	12.529
595	-12.129	2.609	12.819
659	-12.129	2.609	12.819
685	-12.129	2.609	12.819
1136	-12.129	2.609	12.819
271	-12.127	2.609	12.820
844	-12.127	2.609	9.051
868	-12.127	2.609	6.973
982	-12.127	2.609	6.973
1036	-12.127	2.609	6.973
1054	-12.127	2.609	6.973
940	-12.127	2.608	6.973
1080	-12.127	2.608	6.973
959	-12.126	2.609	6.973
946	-12.125	2.607	6.973
587	-11.990	2.498	6.973
590	-11.990	2.498	6.973
648	-11.990	2.498	6.973
1104	-11.989	2.498	6.973
1120	-11.989	2.498	6.973
1049	-11.988	2.498	6.973
77	-11.988	2.498	6.973
783	-11.988	2.498	6.973
792	-11.988	2.498	6.974
799	-11.988	2.498	11.771
837	-11.988	2.498	11.770
922	-11.988	2.498	11.772
936	-11.988	2.498	7.361
991	-11.988	2.498	7.361
146	-11.984	2.498	7.361
609	-11.556	2.667	7.361
655	-11.502	2.667	7.361
683	-11.502	2.667	7.362
706	-11.502	2.667	7.361
614	-11.502	2.674	7.361
1051	-11.502	2.674	7.361
843	-11.501	2.655	7.362
736	-11.501	2.663	7.444
863	-11.501	2.668	7.443
357	-11.501	2.667	7.445
1001	-11.501	2.666	7.444
811	-11.501	2.670	23.956
869	-11.501	2.680	23.956
948	-11.500	2.665	23.956
932	-11.500	2.675	23.956
744	-11.500	2.683	23.956
963	-11.500	2.689	23.958
651	-11.499	2.666	23.959
1071	-11.498	2.611	23.958
633	-11.498	2.664	23.973
701	-11.498	2.688	7.259
847	-11.497	2.673	7.259
50	-11.493	2.681	23.980
1128	-11.490	2.547	23.981
883	-11.490	2.584	12.033
1130	-11.489	2.691	12.035
912	-11.488	2.553	7.484
715	-11.484	2.528	7.484
768	-11.480	2.506	7.484
305	-11.478	2.528	7.484
958	-11.476	2.482	7.484
822	-11.476	2.702	7.484
1086	-11.472	2.483	7.484
739	-11.472	2.524	7.484
2	-11.400	1.153	7.484
1108	-11.314	2.250	7.484
763	-11.185	2.243	7.484
1047	-11.037	1.724	7.484
80	-11.035	1.727	22.571
599	-11.025	1.731	0.928
671	-11.009	1.770	0.928
1068	-10.990	1.752	0.928
656	-10.976	1.752	0.928
1101	-10.930	1.743	0.928
666	-10.913	1.698	0.928
839	-10.902	2.792	0.928
1026	-10.882	1.734	0.001
803	-10.800	1.727	0.001
828	-10.761	1.868	0.001
992	-10.725	1.910	0.000
1016	-10.704	2.025	0.079
658	-10.670	1.853	1.535
555	-10.637	1.933	1.535
905	-10.554	2.025	1.536
686	-10.525	2.316	1.535
1113	-10.510	1.804	1.535
540	-10.403	2.855	1.535
600	-10.200	2.463	1.535
91	-10.199	2.187	1.535
506	-10.071	2.326	1.753
90	-10.062	2.505	1.753
1144	-10.025	2.620	1.753
355	-9.987	2.666	1.555
492	-9.950	2.675	1.761
887	-9.704	2.951	9.475
386	-9.574	3.235	9.475
615	-9.563	3.280	9.475
1129	-9.474	3.257	7.502
211	-9.242	3.769	6.973
737	-9.103	3.037	0.086
603	-9.027	3.234	1.548
690	-8.830	3.648	6.973
