1013	-4.543	0.000	22.802
1014	-4.543	0.000	22.803
1018	-4.543	0.000	6.189
1019	-4.543	0.000	6.190
1256	-4.543	0.000	6.190
1263	-4.543	0.000	22.824
1264	-4.543	0.000	10.942
1048	-4.543	0.001	10.943
1065	-4.543	0.001	6.573
1117	-4.543	0.001	6.573
1118	-4.543	0.001	6.573
1132	-4.543	0.001	6.573
1137	-4.543	0.001	6.573
1156	-4.543	0.000	6.573
1164	-4.543	0.001	6.573
1175	-4.543	0.001	6.573
1193	-4.543	0.001	6.573
1199	-4.543	0.001	6.573
1272	-4.543	0.001	6.573
1289	-4.543	0.001	6.573
1343	-4.543	0.001	6.573
998	-4.543	0.001	6.573
999	-4.543	0.001	6.573
1301	-4.543	0.000	6.573
1322	-4.543	0.000	6.573
988	-4.542	0.001	4.690
1006	-4.499	0.041	21.512
1350	-4.499	0.042	2.057
994	-4.498	0.041	2.056
995	-4.498	0.041	2.057
1017	-4.498	0.041	2.056
1026	-4.498	0.040	2.056
1069	-4.498	0.040	2.056
1070	-4.498	0.040	2.057
1073	-4.498	0.040	2.057
1082	-4.498	0.040	1.546
1123	-4.498	0.040	1.545
1204	-4.498	0.040	1.547
1218	-4.498	0.040	1.550
1221	-4.498	0.040	0.028
1273	-4.498	0.042	0.028
1299	-4.498	0.040	0.028
1348	-4.498	0.040	0.028
897	-4.498	0.040	0.028
925	-4.498	0.040	0.028
940	-4.498	0.040	0.029
950	-4.498	0.040	0.029
1029	-4.498	0.040	0.028
1030	-4.498	0.040	2.078
1031	-4.498	0.040	2.077
1120	-4.498	0.040	2.077
1130	-4.498	0.040	2.077
1131	-4.498	0.040	0.027
1159	-4.498	0.040	0.027
1176	-4.498	0.040	2.069
1177	-4.498	0.040	2.079
1181	-4.498	0.040	2.079
1230	-4.498	0.040	2.079
1232	-4.498	0.040	2.079
1279	-4.498	0.040	2.079
1280	-4.498	0.040	2.079
1281	-4.498	0.040	2.079
1282	-4.498	0.040	2.079
1283	-4.498	0.040	2.079
1284	-4.498	0.040	1.570
1285	-4.498	0.040	1.505
1314	-4.498	0.040	1.504
1329	-4.498	0.040	0.001
1298	-4.465	0.724	0.001
1302	-4.465	0.724	0.001
1068	-4.465	0.724	6.380
1191	-4.465	0.724	6.377
1213	-4.465	0.724	6.377
943	-4.464	0.724	6.376
949	-4.464	0.724	6.377
1015	-4.464	0.724	6.376
1032	-4.464	0.724	2.300
1184	-4.464	0.724	2.300
1185	-4.464	0.724	6.378
1239	-4.464	0.724	7.506
1240	-4.464	0.724	5.509
1312	-4.464	0.724	6.070
1325	-4.464	0.724	6.069
1326	-4.464	0.724	2.278
1327	-4.464	0.724	2.275
1328	-4.464	0.724	13.045
1330	-4.464	0.724	13.045
1331	-4.464	0.724	13.045
1341	-4.464	0.724	13.045
1344	-4.464	0.724	13.045
1033	-4.429	1.109	8.341
909	-4.424	1.175	8.341
1246	-4.423	1.169	8.341
1250	-4.423	1.169	8.341
1251	-4.423	1.169	8.341
1265	-4.423	1.169	8.341
1278	-4.423	1.175	8.341
1088	-4.422	1.169	8.341
1106	-4.422	1.169	8.341
1107	-4.422	1.169	8.341
1108	-4.422	1.169	8.341
1109	-4.422	1.169	8.341
1151	-4.422	1.169	8.341
1155	-4.422	1.169	8.341
1174	-4.422	1.169	8.341
1186	-4.422	1.169	8.341
1198	-4.422	1.169	8.341
1222	-4.422	1.168	8.341
1292	-4.422	1.169	8.341
1293	-4.422	1.169	8.341
1308	-4.422	1.169	8.341
1316	-4.422	1.169	8.341
1318	-4.422	1.169	8.341
1339	-4.422	1.169	13.033
1119	-4.422	1.169	13.025
1274	-4.422	1.169	14.349
1243	-4.419	1.173	13.359
1027	-4.416	1.144	13.359
1072	-4.416	1.144	13.359
1114	-4.416	1.144	13.359
1153	-4.416	1.145	14.377
1205	-4.416	1.145	5.760
1206	-4.416	1.145	5.760
1207	-4.416	1.145	5.760
1208	-4.416	1.145	5.760
1209	-4.416	1.145	5.761
1214	-4.416	1.144	5.760
1215	-4.416	1.144	5.760
1216	-4.416	1.144	5.760
1217	-4.416	1.144	5.760
1219	-4.416	1.144	5.760
1220	-4.416	1.144	5.761
870	-4.415	1.145	5.761
871	-4.415	1.145	5.761
873	-4.415	1.145	5.761
874	-4.415	1.145	5.761
877	-4.415	1.145	5.761
879	-4.415	1.145	5.761
892	-4.415	1.145	5.761
893	-4.415	1.145	5.761
894	-4.415	1.145	5.761
895	-4.415	1.145	5.761
901	-4.415	1.145	5.744
902	-4.415	1.145	10.725
903	-4.415	1.145	10.728
904	-4.415	1.145	10.728
934	-4.415	1.145	6.095
935	-4.415	1.145	6.095
937	-4.415	1.145	6.095
939	-4.415	1.145	6.095
941	-4.415	1.145	6.095
942	-4.415	1.145	6.095
952	-4.415	1.145	6.095
981	-4.415	1.145	6.095
983	-4.415	1.145	6.095
990	-4.415	1.145	6.095
991	-4.415	1.145	6.095
992	-4.415	1.145	6.095
1020	-4.415	1.142	6.097
1116	-4.415	1.145	6.254
1145	-4.415	1.144	6.254
1160	-4.415	1.144	6.256
1234	-4.415	1.145	22.800
1238	-4.415	1.145	22.800
1286	-4.415	1.144	22.800
959	-4.293	2.536	22.800
1101	-4.290	2.539	22.802
1182	-4.290	2.539	22.803
1277	-4.290	2.539	22.802
1287	-4.290	2.539	22.803
1337	-4.290	2.539	6.189
1317	-4.273	2.542	6.190
1321	-4.273	2.542	6.190
1340	-4.273	2.542	22.824
1346	-4.273	2.542	10.941
1347	-4.273	2.542	10.943
1241	-4.271	2.544	6.573
1012	-4.268	2.543	6.573
1051	-4.268	2.543	6.573
1126	-4.268	2.543	6.573
1252	-4.268	2.543	6.573
1253	-4.268	2.543	6.573
914	-4.267	2.543	6.573
928	-4.267	2.543	6.573
969	-4.267	2.543	6.573
970	-4.267	2.543	6.573
972	-4.267	2.543	6.573
1095	-4.267	2.543	6.573
1133	-4.267	2.543	6.573
1269	-4.267	2.543	6.573
1303	-4.267	2.543	6.573
1315	-4.267	2.543	6.573
1242	-4.266	2.544	6.573
1245	-4.100	1.110	4.689
1122	-4.100	1.110	21.512
1212	-4.100	1.110	2.057
1233	-4.100	1.110	2.057
1296	-4.065	1.087	2.057
1297	-4.065	1.087	2.057
1150	-4.065	1.088	2.057
1100	-4.046	2.882	2.057
1111	-4.046	2.882	2.057
1166	-4.046	2.882	2.057
1188	-4.046	2.882	1.546
1189	-4.046	2.882	1.545
1267	-4.046	2.882	1.547
1270	-4.046	2.882	1.550
1307	-4.046	2.882	0.028
1310	-4.046	2.882	0.028
1311	-4.046	2.882	0.028
1338	-4.046	2.882	0.028
1128	-4.046	2.881	0.028
1152	-4.046	2.882	0.028
1295	-4.012	2.076	0.029
1187	-3.961	2.136	0.029
1288	-3.958	1.775	0.029
1171	-3.947	2.151	2.078
1089	-3.947	2.151	2.078
1113	-3.947	2.151	2.078
1178	-3.947	2.151	2.078
1179	-3.947	2.152	0.027
1231	-3.947	2.151	0.027
1124	-3.944	1.780	2.070
1091	-3.943	1.780	2.079
1097	-3.943	1.780	2.079
1237	-3.943	1.780	2.079
1268	-3.943	1.780	2.079
1024	-3.936	1.435	2.079
1134	-3.935	1.430	2.079
1136	-3.935	1.430	2.079
1146	-3.935	1.431	2.079
907	-3.935	1.435	2.079
936	-3.935	1.435	1.570
944	-3.926	1.416	1.505
1054	-3.926	1.416	1.504
1055	-3.926	1.415	0.001
1147	-3.926	1.415	0.001
1313	-3.629	2.237	6.376
