1879	-11.021	0.000	0.000
1877	-10.875	0.015	10.724
1878	-10.871	0.016	10.728
1893	-10.864	0.016	10.728
1922	-10.864	0.016	6.094
1933	-10.864	0.016	6.094
1880	-10.860	0.016	6.094
1920	-10.597	0.035	6.094
1972	-10.597	0.035	6.094
1876	-9.500	1.507	5.760
1881	-9.495	1.508	5.760
1963	-9.390	0.159	5.760
1977	-9.390	0.159	5.760
1884	-9.390	0.160	5.760
1885	-9.390	0.160	5.760
1973	-9.379	0.158	5.760
1975	-9.379	0.158	5.760
1976	-9.379	0.158	5.760
1981	-9.379	0.158	5.760
1982	-9.379	0.158	5.743
1983	-9.379	0.158	10.724
1931	-9.379	0.158	10.728
1935	-9.379	0.158	10.728
1953	-9.379	0.158	6.094
1960	-9.379	0.158	6.094
1961	-9.379	0.158	6.094
1968	-9.379	0.158	6.094
1970	-9.379	0.158	6.094
1971	-9.379	0.158	6.094
611	-9.307	0.151	6.094
763	-9.307	0.151	6.094
561	-9.306	0.151	6.094
723	-9.306	0.151	6.094
727	-9.306	0.151	6.094
612	-9.297	0.155	6.094
618	-9.297	0.155	6.096
619	-9.297	0.155	6.253
640	-9.297	0.155	6.253
641	-9.297	0.155	6.255
652	-9.297	0.155	22.799
666	-9.297	0.155	22.799
719	-9.297	0.155	22.799
725	-9.297	0.155	22.799
729	-9.297	0.155	22.799
769	-9.297	0.155	22.801
773	-9.297	0.155	22.802
776	-9.297	0.155	22.801
808	-9.297	0.155	22.802
565	-9.297	0.155	6.188
598	-9.297	0.155	6.189
621	-9.297	0.155	6.189
676	-9.297	0.155	22.823
680	-9.297	0.155	10.941
686	-9.297	0.155	10.942
691	-9.297	0.155	6.573
734	-9.297	0.155	6.573
855	-9.297	0.155	6.573
863	-9.297	0.155	6.573
866	-9.297	0.155	6.573
513	-9.296	0.155	6.573
648	-9.296	0.155	6.573
709	-9.296	0.155	6.573
726	-9.296	0.155	6.573
813	-9.296	0.155	6.573
858	-9.296	0.155	6.573
606	-9.296	0.155	6.573
613	-9.296	0.155	6.573
661	-9.296	0.155	6.573
671	-9.296	0.155	6.573
717	-9.296	0.155	6.573
720	-9.296	0.155	6.573
786	-9.296	0.155	4.689
817	-9.296	0.155	21.511
839	-9.296	0.155	2.058
1144	-9.296	0.155	2.058
1266	-9.296	0.155	2.058
34	-9.295	0.155	2.058
46	-9.295	0.155	2.058
56	-9.295	0.155	2.058
69	-9.295	0.155	2.058
75	-9.295	0.155	2.058
77	-9.295	0.155	1.547
107	-9.295	0.155	1.546
109	-9.295	0.155	1.548
113	-9.295	0.155	1.551
151	-9.295	0.155	0.029
157	-9.295	0.155	0.029
202	-9.295	0.155	0.029
261	-9.295	0.155	0.029
299	-9.295	0.155	0.028
357	-9.295	0.155	0.029
384	-9.295	0.155	0.029
386	-9.295	0.155	0.029
420	-9.295	0.155	0.029
421	-9.295	0.155	2.078
455	-9.295	0.155	2.078
456	-9.295	0.155	2.078
481	-9.295	0.155	2.078
485	-9.295	0.155	0.027
760	-9.295	0.155	0.027
208	-9.293	0.155	2.071
329	-9.293	0.155	2.080
330	-9.293	0.155	2.080
355	-9.293	0.155	2.080
1883	-8.807	1.820	14.377
1886	-8.807	1.820	5.759
1888	-8.804	1.820	6.094
1889	-8.804	1.820	6.094
1890	-8.804	1.820	6.094
1891	-8.804	1.820	6.094
1898	-8.801	1.822	6.094
1902	-8.801	1.822	6.094
1906	-8.801	1.822	6.094
1911	-8.801	1.822	6.094
1915	-8.801	1.822	6.094
1926	-8.801	1.822	6.094
1929	-8.801	1.822	6.094
1932	-8.801	1.822	6.094
1936	-8.801	1.822	6.097
1937	-8.801	1.822	6.253
1940	-8.801	1.822	6.253
1941	-8.801	1.822	6.255
1946	-8.801	1.822	22.799
1949	-8.801	1.822	22.799
1956	-8.801	1.822	22.799
1962	-8.801	1.822	22.799
1964	-8.801	1.822	22.799
1969	-8.801	1.822	22.802
1887	-8.774	1.808	22.802
1892	-8.774	1.808	22.802
1894	-8.771	1.811	22.802
1895	-8.771	1.811	6.188
1897	-8.771	1.811	6.189
1899	-8.771	1.811	6.189
1900	-8.771	1.811	22.824
1907	-8.771	1.811	10.941
1908	-8.771	1.811	10.942
1909	-8.771	1.811	6.573
1910	-8.771	1.811	6.573
1912	-8.771	1.811	6.573
1913	-8.771	1.811	6.573
1914	-8.771	1.811	6.573
1917	-8.771	1.811	6.573
1918	-8.771	1.811	6.573
1924	-8.771	1.811	6.573
1925	-8.771	1.811	6.573
1927	-8.771	1.811	6.573
1928	-8.771	1.811	6.573
1930	-8.771	1.811	6.573
1934	-8.771	1.811	6.573
1938	-8.771	1.811	6.573
1939	-8.771	1.811	6.573
1942	-8.771	1.811	6.573
1943	-8.771	1.811	6.573
1945	-8.771	1.811	4.689
1947	-8.771	1.811	21.512
1948	-8.771	1.811	2.057
1951	-8.771	1.811	2.057
1952	-8.771	1.811	2.057
1954	-8.771	1.811	2.057
1955	-8.771	1.811	2.057
1957	-8.771	1.811	2.057
1958	-8.771	1.811	2.057
1959	-8.771	1.811	2.057
1965	-8.771	1.811	1.547
1966	-8.771	1.811	1.546
1967	-8.771	1.811	1.547
1974	-8.771	1.811	1.551
1978	-8.771	1.811	0.029
1979	-8.771	1.811	0.029
1980	-8.771	1.811	0.029
1882	-8.644	2.017	0.029
1896	-8.642	2.021	0.028
1905	-8.642	2.021	0.029
1916	-8.642	2.021	0.029
1950	-8.642	2.021	0.029
1921	-8.641	2.021	0.029
620	-8.627	1.872	2.078
742	-8.627	1.872	2.078
796	-8.627	1.872	2.078
741	-8.627	1.870	2.078
787	-8.627	1.870	0.027
570	-8.625	1.872	0.027
602	-8.625	1.872	2.070
655	-8.625	1.872	2.079
673	-8.625	1.872	2.079
683	-8.625	1.872	2.079
685	-8.625	1.872	2.079
690	-8.625	1.872	2.079
704	-8.625	1.872	2.079
718	-8.625	1.872	2.079
733	-8.625	1.872	2.079
816	-8.625	1.872	2.079
851	-8.625	1.872	1.571
856	-8.625	1.872	1.506
482	-8.625	1.872	1.504
538	-8.625	1.872	0.000
547	-8.625	1.872	0.000
750	-8.625	1.872	0.001
158	-8.624	1.872	6.379
170	-8.624	1.872	6.377
178	-8.624	1.872	6.377
182	-8.624	1.872	6.376
183	-8.624	1.872	6.376
203	-8.624	1.872	6.376
205	-8.624	1.872	2.300
206	-8.624	1.872	2.300
207	-8.624	1.872	6.377
212	-8.624	1.872	7.505
218	-8.624	1.872	5.508
224	-8.624	1.872	6.069
240	-8.624	1.872	6.069
241	-8.624	1.872	2.277
244	-8.624	1.872	2.275
331	-8.624	1.872	13.045
345	-8.624	1.872	13.045
348	-8.624	1.872	13.045
361	-8.624	1.872	13.045
362	-8.624	1.872	13.045
363	-8.624	1.872	13.045
379	-8.624	1.872	8.340
385	-8.624	1.872	8.340
415	-8.624	1.872	8.340
424	-8.624	1.872	8.340
433	-8.624	1.872	8.340
434	-8.624	1.872	8.340
438	-8.624	1.872	8.340
445	-8.624	1.872	8.340
460	-8.624	1.872	8.340
461	-8.624	1.872	8.340
479	-8.624	1.872	8.340
486	-8.624	1.872	8.340
525	-8.624	1.872	8.340
537	-8.624	1.872	8.340
557	-8.624	1.872	8.340
639	-8.624	1.872	8.340
644	-8.624	1.872	8.340
645	-8.624	1.872	8.340
647	-8.624	1.872	8.340
657	-8.624	1.872	8.340
659	-8.624	1.872	8.340
668	-8.624	1.872	8.340
694	-8.624	1.872	8.340
772	-8.624	1.872	8.340
777	-8.624	1.872	13.033
780	-8.624	1.872	13.026
802	-8.624	1.872	14.350
809	-8.624	1.872	13.359
812	-8.624	1.872	13.360
814	-8.624	1.872	13.360
824	-8.624	1.872	13.359
844	-8.624	1.872	14.377
852	-8.624	1.872	5.759
82	-8.623	1.871	5.760
256	-8.623	1.873	5.760
12	-8.623	1.872	5.760
14	-8.623	1.872	5.760
17	-8.623	1.872	5.760
19	-8.623	1.872	5.760
27	-8.623	1.872	5.760
29	-8.623	1.872	5.760
32	-8.623	1.872	5.760
35	-8.623	1.872	5.760
36	-8.623	1.872	5.760
39	-8.623	1.872	5.760
42	-8.623	1.872	5.760
43	-8.623	1.872	5.760
44	-8.623	1.872	5.760
45	-8.623	1.872	5.760
47	-8.623	1.872	5.760
49	-8.623	1.872	5.760
55	-8.623	1.872	5.760
57	-8.623	1.872	5.760
58	-8.623	1.872	5.744
59	-8.623	1.872	10.725
63	-8.623	1.872	10.728
64	-8.623	1.872	10.728
70	-8.623	1.872	6.094
73	-8.623	1.872	6.094
74	-8.623	1.872	6.094
84	-8.623	1.872	6.094
86	-8.623	1.872	6.094
87	-8.623	1.872	6.094
88	-8.623	1.872	6.094
89	-8.623	1.872	6.094
91	-8.623	1.872	6.094
92	-8.623	1.872	6.094
94	-8.623	1.872	6.094
98	-8.623	1.872	6.094
102	-8.623	1.872	6.097
104	-8.623	1.872	6.253
108	-8.623	1.872	6.253
112	-8.623	1.872	6.255
114	-8.623	1.872	22.799
120	-8.623	1.872	22.799
121	-8.623	1.872	22.799
134	-8.623	1.872	22.799
135	-8.623	1.872	22.799
136	-8.623	1.872	22.802
137	-8.623	1.872	22.802
138	-8.623	1.872	22.802
139	-8.623	1.872	22.802
142	-8.623	1.872	6.188
143	-8.623	1.872	6.189
154	-8.623	1.872	6.189
249	-8.623	1.872	22.824
251	-8.623	1.872	10.941
262	-8.623	1.872	10.942
264	-8.623	1.872	6.573
273	-8.623	1.872	6.573
274	-8.623	1.872	6.573
278	-8.623	1.872	6.573
281	-8.623	1.872	6.573
286	-8.623	1.872	6.573
508	-8.623	1.872	6.573
509	-8.623	1.872	6.573
583	-8.621	1.872	6.573
663	-8.621	1.872	6.573
732	-8.621	1.872	6.573
738	-8.621	1.872	6.573
765	-8.621	1.872	6.573
782	-8.621	1.872	6.573
830	-8.621	1.872	6.573
832	-8.621	1.872	6.573
840	-8.621	1.872	6.573
842	-8.621	1.872	4.689
849	-8.621	1.872	21.512
854	-8.621	1.872	2.057
868	-8.621	1.872	2.057
408	-8.620	1.872	2.057
510	-8.620	1.872	2.057
546	-8.620	1.872	2.057
552	-8.620	1.872	2.057
1669	-8.620	1.872	2.057
1692	-8.620	1.872	2.057
1707	-8.620	1.872	1.547
173	-8.619	1.871	1.546
174	-8.619	1.871	1.547
175	-8.619	1.871	1.551
179	-8.619	1.871	0.029
185	-8.619	1.871	0.029
186	-8.619	1.871	0.029
200	-8.619	1.871	0.029
217	-8.619	1.871	0.028
220	-8.619	1.871	0.029
225	-8.619	1.871	0.029
234	-8.619	1.871	0.029
745	-8.619	1.871	0.029
788	-8.591	2.001	2.078
635	-8.590	2.001	2.078
658	-8.590	2.001	2.078
850	-8.590	2.001	2.078
867	-8.590	2.001	0.027
20	-8.588	2.001	0.027
37	-8.588	2.001	2.070
38	-8.588	2.001	2.079
51	-8.588	2.001	2.079
52	-8.588	2.001	2.079
60	-8.588	2.001	2.079
65	-8.588	2.001	2.079
72	-8.588	2.001	2.079
79	-8.588	2.001	2.079
90	-8.588	2.001	2.079
105	-8.588	2.001	2.079
117	-8.588	2.001	1.571
119	-8.588	2.001	1.506
124	-8.588	2.001	1.504
125	-8.588	2.001	0.000
144	-8.588	2.001	0.000
181	-8.588	2.001	0.001
190	-8.588	2.001	6.379
194	-8.588	2.001	6.377
213	-8.588	2.001	6.377
227	-8.588	2.001	6.376
237	-8.588	2.001	6.376
247	-8.588	2.001	6.376
252	-8.588	2.001	2.300
255	-8.588	2.001	2.300
280	-8.588	2.001	6.377
340	-8.588	2.001	7.505
367	-8.588	2.001	5.508
417	-8.588	2.001	6.069
507	-8.588	2.001	6.069
558	-8.588	2.001	2.277
559	-8.588	2.001	2.275
692	-8.588	2.001	13.045
766	-8.588	2.001	13.045
789	-8.588	2.001	13.045
801	-8.588	2.001	13.045
831	-8.588	2.001	13.045
837	-8.588	2.001	13.045
864	-8.588	2.001	8.340
636	-8.586	2.001	8.340
804	-8.586	2.001	8.340
841	-8.586	2.001	8.340
1663	-8.585	2.002	8.340
159	-8.584	2.001	8.340
167	-8.584	2.001	8.340
199	-8.584	2.001	8.340
226	-8.584	2.001	8.340
316	-8.584	2.001	8.340
1320	-8.582	2.002	8.340
145	-8.550	1.905	8.340
242	-7.863	2.453	14.350
774	-6.222	3.985	2.079
775	-6.222	3.985	1.570
592	-6.215	3.978	6.380
662	-6.215	3.978	6.377
730	-6.215	3.978	6.377
770	-6.215	3.978	6.376
779	-6.215	3.978	6.376
793	-6.215	3.978	6.376
806	-6.215	3.978	2.300
822	-6.215	3.978	2.300
829	-6.215	3.978	6.378
845	-6.215	3.978	7.506
865	-6.215	3.978	5.508
414	-6.214	3.981	6.069
439	-6.214	3.980	6.069
518	-6.214	3.980	2.278
