1746	-12.721	0.000	15.856
1756	-12.604	0.003	15.856
1748	-12.553	1.575	15.856
1781	-12.552	1.575	15.853
1745	-12.468	1.842	0.022
1743	-12.383	0.007	0.022
1742	-12.274	0.034	0.022
1589	-12.260	0.034	0.022
1766	-12.233	0.034	0.022
1775	-12.231	0.034	15.280
1777	-12.231	0.034	15.280
1693	-12.226	0.035	15.281
1694	-12.226	0.035	15.281
1696	-12.226	0.035	15.281
1753	-12.224	0.034	15.281
1685	-12.220	0.034	15.288
1698	-12.220	0.034	15.288
1707	-12.219	0.034	1.736
1719	-12.218	0.034	1.736
1726	-12.218	0.034	1.725
1107	-12.204	0.034	1.725
1607	-12.204	0.034	1.725
1657	-12.204	0.034	1.725
1658	-12.204	0.034	1.782
1659	-12.204	0.034	1.783
1757	-12.112	0.034	1.782
1759	-12.112	0.034	1.782
1774	-12.112	0.034	1.782
1776	-12.112	0.034	1.784
1767	-12.110	0.034	1.782
1780	-12.110	0.034	1.782
1800	-12.105	0.034	1.782
1803	-12.105	0.034	1.782
1808	-12.105	0.034	1.782
1749	-12.104	0.034	1.783
1751	-12.104	0.034	1.783
1755	-12.104	0.034	1.782
1711	-12.101	0.034	1.925
1784	-12.006	0.033	1.925
1764	-12.002	0.555	1.925
1695	-11.996	0.555	1.925
1801	-11.994	0.555	1.925
1664	-11.992	0.555	14.661
981	-11.976	0.554	6.126
1465	-11.976	0.554	6.123
1642	-11.976	0.554	6.123
1771	-11.957	0.033	6.127
1773	-11.957	0.033	6.127
1788	-11.950	0.033	6.127
1744	-11.919	0.701	6.127
1747	-11.919	0.701	6.128
1796	-11.887	0.550	6.128
1791	-11.886	0.550	6.128
1783	-11.884	0.550	6.128
1760	-11.498	0.697	6.127
1805	-11.492	0.696	6.123
1538	-11.474	0.697	6.128
1797	-10.859	2.649	7.396
1761	-10.014	1.801	7.396
1814	-10.009	1.801	7.396
1763	-9.834	1.798	7.396
1807	-9.830	1.799	7.396
1809	-9.705	1.797	7.396
1713	-5.104	2.091	7.397
1679	-5.103	2.091	7.397
1040	-5.101	2.117	7.397
1772	-4.231	3.868	15.280
1794	-4.231	3.868	15.280
1817	-4.230	3.868	15.288
1815	-4.011	3.597	1.783
1733	-4.010	3.596	1.926
1674	-4.010	3.597	1.925
1489	-4.005	3.598	1.925
1661	-4.005	3.598	1.925
1779	-3.938	3.592	1.925
1762	-3.937	3.591	14.660
1750	-3.936	3.591	14.662
1752	-3.936	3.592	6.125
1802	-3.936	3.591	6.125
