9	-15.932	0.000	1.925
145	-15.456	2.070	1.925
68	-15.375	3.015	1.925
4	-15.240	3.021	1.925
144	-15.166	0.287	14.661
166	-15.166	0.286	6.123
223	-15.166	0.286	6.123
171	-15.165	0.286	6.127
172	-15.165	0.286	6.127
107	-15.155	0.291	6.127
124	-15.155	0.292	6.127
183	-15.150	0.269	6.123
213	-15.150	0.269	6.128
1142	-14.723	0.076	6.123
365	-14.722	0.075	6.128
1478	-14.721	0.075	6.134
686	-14.708	0.072	10.961
501	-14.706	0.074	10.961
513	-14.705	0.072	10.961
458	-14.698	0.073	7.396
451	-14.698	0.075	7.396
387	-14.697	0.079	7.396
297	-14.697	0.073	7.396
341	-14.697	0.073	7.396
403	-14.697	0.073	7.396
421	-14.697	0.073	7.396
1454	-14.697	0.074	7.396
1741	-14.697	0.075	7.396
1408	-14.697	0.073	7.396
278	-14.697	0.073	7.396
415	-14.697	0.073	7.396
475	-14.697	0.073	7.396
486	-14.697	0.074	7.396
1288	-14.697	0.075	7.396
1401	-14.697	0.074	7.396
1474	-14.697	0.075	7.396
345	-14.697	0.071	4.846
493	-14.696	0.072	4.844
495	-14.696	0.072	4.844
509	-14.696	0.072	4.844
1540	-14.696	0.074	4.843
1260	-14.696	0.081	4.843
541	-14.694	0.072	4.844
542	-14.693	0.083	3.870
960	-14.688	0.145	3.872
294	-14.687	0.073	6.098
453	-14.687	0.073	6.098
483	-14.686	0.073	6.097
1335	-14.686	0.073	6.097
1308	-14.686	0.073	6.097
1627	-14.686	0.073	6.098
808	-14.676	0.141	6.099
1737	-14.665	0.180	6.100
757	-14.275	0.606	10.974
518	-13.923	0.388	12.219
388	-13.917	0.389	12.219
432	-13.917	0.389	12.219
1276	-13.906	0.389	7.598
60	-13.842	2.654	7.598
539	-13.677	2.513	7.598
702	-13.655	2.503	7.598
288	-13.639	2.508	7.598
334	-13.639	2.508	7.598
471	-13.639	2.508	7.598
296	-13.639	2.509	12.234
561	-13.606	2.423	12.223
111	-13.365	3.003	12.222
211	-13.318	2.998	12.238
169	-13.311	3.002	9.382
585	-13.214	3.005	9.382
913	-13.194	3.008	9.382
864	-13.194	3.008	9.382
1014	-13.194	3.008	9.382
1495	-13.193	3.008	9.382
618	-13.183	3.004	9.382
516	-13.183	3.004	9.382
534	-13.183	3.004	9.382
575	-13.182	2.998	9.382
626	-13.172	3.004	9.382
641	-13.172	3.004	9.382
642	-13.172	3.004	9.382
240	-13.167	3.008	11.500
360	-13.165	3.008	9.354
464	-13.165	3.007	9.354
277	-13.165	3.008	9.354
301	-13.165	3.008	11.487
316	-13.165	3.008	5.221
339	-13.165	3.008	9.423
398	-13.165	3.008	9.049
409	-13.165	3.008	9.049
440	-13.165	3.008	9.050
441	-13.164	2.998	9.036
461	-13.164	3.005	9.035
410	-13.164	3.012	9.035
776	-13.163	3.007	8.917
840	-13.163	3.007	8.917
928	-13.163	3.007	11.698
997	-13.163	3.007	9.212
1029	-13.163	3.007	9.212
1516	-13.162	3.007	9.202
1504	-13.162	3.007	9.202
203	-13.155	2.863	9.202
885	-13.152	3.007	9.202
1034	-13.152	3.007	9.931
1688	-13.132	3.006	9.958
560	-13.120	2.929	9.955
773	-13.056	3.011	9.307
39	-12.886	2.371	10.482
783	-12.846	2.882	15.850
173	-12.761	2.545	15.856
14	-10.865	3.191	6.134
41	-10.865	3.191	10.961
50	-10.865	3.191	10.961
57	-10.865	3.191	10.961
129	-10.865	3.191	10.961
525	-10.782	3.219	7.396
3	-10.756	3.201	7.396
472	-10.756	3.201	7.396
512	-10.756	3.201	7.396
549	-10.571	2.942	7.396
433	-10.361	2.579	7.396
628	-9.335	3.150	7.396
639	-9.335	3.150	7.396
644	-9.335	3.150	7.396
991	-9.322	3.146	4.844
1101	-9.322	3.146	4.844
582	-9.307	3.156	4.844
910	-9.295	3.152	4.843
1016	-9.295	3.152	4.843
435	-9.294	3.150	4.843
292	-9.294	3.152	12.648
349	-9.294	3.152	3.870
404	-9.294	3.152	12.649
925	-9.294	3.152	6.097
964	-9.294	3.152	6.097
1064	-9.294	3.152	6.098
488	-9.293	3.152	6.097
526	-9.288	3.092	6.097
439	-9.280	3.143	6.099
787	-8.695	3.027	1.433
1202	-8.691	3.027	0.000
1472	-8.690	3.027	0.026
13	-8.674	3.770	0.022
28	-8.674	3.770	0.022
400	-8.659	3.025	0.022
322	-8.658	3.025	0.022
328	-8.658	3.025	0.022
492	-8.631	3.775	15.280
16	-8.629	3.773	15.280
46	-8.629	3.773	15.280
514	-8.598	3.028	1.783
571	-8.598	3.028	1.783
121	-8.363	3.609	6.102
112	-8.363	3.609	12.297
208	-8.363	3.607	6.107
307	-8.331	3.631	10.973
473	-8.279	3.628	7.600
1369	-8.197	3.613	9.383
199	-7.929	2.450	7.397
237	-7.877	2.440	9.051
231	-7.859	2.491	8.918
214	-7.804	2.672	9.215
442	-7.798	2.647	9.213
319	-7.753	2.502	9.213
646	-7.752	2.493	9.203
326	-7.752	2.512	9.203
272	-7.752	2.511	9.203
406	-7.752	2.512	9.203
416	-7.752	2.511	9.937
1768	-7.752	2.521	9.957
530	-7.751	2.479	9.957
955	-7.751	2.520	10.840
318	-7.751	2.547	10.839
1491	-7.751	2.528	9.900
550	-7.750	2.501	8.583
1616	-7.750	2.511	0.146
1520	-7.750	2.507	15.849
1690	-7.750	2.520	15.849
1398	-7.749	2.507	15.849
1515	-7.747	2.528	15.849
298	-7.744	2.550	15.849
302	-7.744	2.506	15.849
460	-7.743	2.595	15.856
370	-7.742	2.554	15.856
898	-7.739	2.549	15.856
507	-7.736	2.583	15.856
1220	-7.733	2.450	15.856
1672	-7.732	2.610	15.856
1323	-7.732	2.622	15.853
1262	-7.729	2.602	15.853
489	-7.721	2.171	0.003
780	-7.718	2.630	0.000
352	-7.718	2.645	0.022
1799	-7.716	2.616	0.022
579	-7.713	2.653	0.022
401	-7.689	2.416	0.022
1005	-7.689	2.407	0.022
386	-7.687	2.234	0.022
880	-7.677	2.589	15.280
480	-7.640	3.345	1.925
52	-7.543	3.800	6.136
659	-7.503	3.805	7.397
178	-7.500	3.803	7.397
155	-7.500	3.803	7.397
502	-7.499	3.804	7.397
508	-7.499	3.804	7.397
528	-7.498	3.804	7.397
535	-7.498	3.804	7.397
552	-7.498	3.804	7.397
555	-7.498	3.804	7.397
130	-7.494	3.803	7.397
139	-7.494	3.803	4.845
140	-7.494	3.803	4.845
148	-7.494	3.803	4.845
193	-7.494	3.803	4.845
233	-7.494	3.803	4.844
922	-7.492	3.800	3.874
123	-7.488	3.799	12.650
259	-7.486	3.798	6.099
267	-7.486	3.798	6.099
347	-7.486	3.798	6.099
348	-7.486	3.798	6.099
380	-7.486	3.798	6.099
384	-7.486	3.798	6.101
417	-7.486	3.798	6.101
469	-7.486	3.798	6.101
584	-7.453	3.792	8.918
1468	-7.402	3.808	9.213
717	-7.372	3.807	9.203
567	-7.354	3.814	15.853
569	-7.354	3.814	0.002
1233	-7.299	3.719	0.022
429	-7.276	3.717	0.022
587	-7.225	3.726	15.280
546	-7.195	3.725	1.925
548	-7.194	3.724	1.925
786	-6.973	3.283	12.221
986	-6.597	3.956	10.962
678	-5.872	3.796	0.022
477	-5.859	3.940	0.022
