712	-7.649	0.000	15.280
713	-7.649	0.000	15.280
624	-7.648	0.000	15.280
638	-7.648	0.000	15.280
661	-7.648	0.000	1.734
664	-7.648	0.000	15.287
706	-7.648	0.000	15.287
707	-7.648	0.000	1.736
708	-7.648	0.000	1.736
748	-7.648	0.001	1.725
751	-7.648	0.001	1.725
762	-7.648	0.001	1.725
769	-7.648	0.001	1.725
733	-7.648	0.001	1.783
759	-7.648	0.000	1.783
763	-7.648	0.001	1.783
795	-7.647	0.001	1.783
829	-7.647	0.001	1.783
852	-7.647	0.001	1.783
856	-7.647	0.001	1.783
978	-7.647	0.001	1.783
1004	-7.647	0.001	-0.960
1036	-7.647	0.001	1.783
1042	-7.647	0.001	1.783
1048	-7.647	0.001	1.783
1098	-7.647	0.001	1.783
1129	-7.647	0.001	1.783
1140	-7.647	0.001	1.783
1143	-7.647	0.001	1.783
1152	-7.480	0.138	6.101
1050	-7.480	0.138	6.102
1104	-7.478	0.139	6.102
1069	-7.477	0.139	6.102
1126	-7.476	0.139	6.101
950	-7.265	0.041	0.022
610	-7.264	0.044	0.022
771	-7.264	0.044	15.280
992	-7.263	0.045	15.280
993	-7.263	0.045	15.280
947	-7.262	0.045	15.280
1073	-7.075	0.118	10.961
920	-6.498	1.719	7.397
1021	-6.471	1.708	7.397
810	-6.470	1.708	7.397
945	-6.454	1.712	7.397
1111	-5.606	2.092	4.845
1012	-5.604	1.575	4.845
1045	-5.604	1.576	4.844
1133	-5.604	1.575	4.844
1093	-5.604	1.576	4.845
625	-5.114	1.988	1.783
718	-5.114	1.988	1.783
738	-5.114	1.988	1.783
739	-5.114	1.988	1.783
767	-5.114	1.988	1.783
768	-5.114	1.988	1.783
804	-5.114	1.988	1.783
809	-5.114	1.988	1.783
814	-5.114	1.988	1.783
830	-5.114	1.988	1.783
831	-5.114	1.988	1.925
841	-5.114	1.988	1.925
844	-5.114	1.988	1.925
857	-5.114	1.988	1.925
875	-5.114	1.988	1.925
884	-5.114	1.988	14.661
926	-5.114	1.988	6.128
974	-5.114	1.988	6.125
996	-5.114	1.988	6.129
1009	-5.114	1.988	6.129
1043	-5.114	1.988	6.129
1047	-5.114	1.988	6.129
1063	-5.114	1.988	6.129
1075	-5.114	1.988	6.130
1076	-5.114	1.988	6.129
1114	-5.114	1.988	6.130
1127	-5.114	1.988	6.130
622	-5.114	1.988	6.129
693	-5.114	1.988	6.125
777	-5.114	1.988	6.130
805	-5.114	1.988	6.136
881	-5.114	1.988	10.961
968	-5.107	1.998	10.961
683	-5.106	1.998	10.961
685	-5.106	1.998	10.962
741	-5.106	1.998	7.397
866	-5.106	1.998	7.397
999	-5.106	1.998	7.397
1052	-5.106	1.998	7.397
1081	-5.106	1.998	7.397
606	-5.091	2.032	7.397
1155	-5.079	1.984	7.397
1039	-5.079	1.994	7.397
1151	-5.079	1.994	7.397
956	-5.079	1.994	7.397
933	-5.076	1.994	7.397
1088	-5.076	1.995	7.397
817	-5.071	1.859	4.845
854	-4.894	1.525	9.383
971	-4.894	1.525	9.383
634	-4.820	3.506	15.280
752	-4.820	3.506	15.280
775	-4.820	3.506	15.280
778	-4.820	3.505	15.288
824	-4.820	3.505	15.288
853	-4.820	3.505	1.734
890	-4.820	3.505	1.736
893	-4.820	3.505	1.725
729	-4.812	3.298	1.783
942	-4.812	3.298	1.783
602	-4.779	3.303	1.783
633	-4.779	3.303	1.783
691	-4.779	3.303	1.783
792	-4.779	3.303	1.783
595	-4.761	2.881	6.129
601	-4.761	2.881	6.130
672	-4.761	2.881	6.130
673	-4.761	2.881	6.130
674	-4.761	2.881	6.130
705	-4.761	2.881	6.129
731	-4.761	2.880	6.125
744	-4.761	2.880	6.129
761	-4.761	2.880	6.130
818	-4.761	2.880	6.137
825	-4.761	2.880	10.961
876	-4.761	2.880	10.962
879	-4.761	2.880	10.962
889	-4.761	2.880	7.397
588	-4.748	2.877	7.397
591	-4.748	2.877	7.397
592	-4.748	2.877	7.397
593	-4.748	2.877	7.397
600	-4.747	2.878	7.397
604	-4.747	2.878	7.397
605	-4.747	2.878	7.397
608	-4.747	2.877	7.397
613	-4.747	2.878	7.397
619	-4.747	2.878	7.397
620	-4.747	2.878	7.397
640	-4.747	2.878	7.397
652	-4.747	2.878	7.397
670	-4.747	2.878	7.397
679	-4.747	2.878	7.397
684	-4.747	2.877	7.398
692	-4.747	2.877	4.838
694	-4.747	2.878	4.845
697	-4.747	2.878	4.845
701	-4.747	2.878	4.844
714	-4.747	2.877	4.844
723	-4.747	2.877	4.845
835	-4.747	2.877	12.650
848	-4.747	2.877	3.872
753	-4.747	2.878	12.650
800	-4.747	2.877	6.099
803	-4.747	2.877	6.099
828	-4.747	2.877	6.100
743	-4.691	3.416	6.099
934	-4.691	3.416	6.099
1130	-4.690	2.034	6.101
1136	-4.689	2.035	6.101
1105	-4.689	2.029	6.101
730	-4.618	3.141	6.101
653	-4.592	2.984	6.101
594	-4.592	2.984	6.101
596	-4.592	2.984	6.102
598	-4.592	2.984	12.297
631	-4.592	2.984	11.010
660	-4.592	2.984	10.973
716	-4.592	2.984	10.973
797	-4.592	2.984	12.300
826	-4.592	2.984	12.221
827	-4.592	2.984	12.221
877	-4.592	2.984	12.221
878	-4.592	2.984	7.599
668	-4.554	3.530	7.600
1153	-4.554	3.530	7.600
886	-4.544	3.543	7.600
1150	-4.534	3.142	7.600
1080	-4.534	3.142	7.600
1082	-4.534	3.142	7.601
1084	-4.534	3.142	12.224
1110	-4.534	3.142	12.224
1122	-4.533	3.142	12.224
737	-4.530	2.989	7.270
868	-4.529	2.990	9.383
1086	-4.529	3.480	9.383
812	-4.526	2.965	9.383
722	-4.525	2.967	9.383
728	-4.525	2.967	9.383
967	-4.525	2.965	9.383
782	-4.524	2.968	9.383
1148	-4.523	2.982	9.383
655	-4.523	2.982	9.383
1001	-4.522	2.982	9.383
1044	-4.522	2.982	9.383
1070	-4.522	2.982	9.383
1083	-4.522	2.982	11.502
726	-4.519	3.544	11.502
774	-4.519	3.544	9.355
863	-4.519	3.544	9.355
897	-4.519	3.544	11.489
962	-4.518	3.544	5.224
1059	-4.512	1.672	9.424
1112	-4.463	3.151	9.383
896	-4.462	3.151	9.050
703	-4.458	3.352	9.037
834	-4.458	3.352	9.037
872	-4.458	3.352	9.037
983	-4.452	2.989	9.037
658	-4.452	2.989	8.918
1006	-4.452	2.989	8.918
874	-4.392	2.584	15.856
921	-4.391	2.584	15.846
943	-4.391	2.584	15.853
989	-4.391	2.585	15.853
1019	-4.389	2.586	0.000
611	-4.370	3.225	0.022
647	-4.324	2.730	15.280
1154	-4.251	2.646	15.280
740	-4.219	2.667	15.288
770	-4.219	2.667	1.734
845	-4.219	2.667	1.736
984	-4.219	2.667	1.722
1116	-4.219	2.667	1.725
959	-4.219	2.667	1.725
711	-4.218	2.667	1.725
612	-4.212	3.445	1.943
621	-4.212	3.445	1.783
632	-4.212	3.444	1.783
645	-4.212	3.445	1.783
651	-4.212	3.444	1.783
666	-4.212	3.444	1.783
671	-4.212	3.445	1.783
749	-4.212	3.444	1.783
789	-4.212	3.445	1.783
802	-4.212	3.445	1.783
750	-4.212	3.444	1.783
1089	-4.199	3.425	1.783
1061	-4.198	3.425	1.783
1113	-4.198	3.425	1.783
756	-3.914	3.624	6.129
1049	-3.910	3.619	6.129
1038	-3.910	3.619	6.129
1099	-3.910	3.619	6.129
915	-3.909	3.616	6.130
855	-3.909	3.619	6.130
869	-3.909	3.620	6.130
904	-3.909	3.619	6.130
1128	-3.909	3.618	6.129
948	-3.909	3.619	6.125
870	-3.909	3.619	6.125
1077	-3.909	3.619	6.129
1118	-3.909	3.619	6.136
1124	-3.908	3.619	10.961
923	-3.908	3.617	10.961
779	-3.899	3.667	10.962
1022	-3.898	3.605	7.397
1031	-3.898	3.606	7.397
1131	-3.898	3.606	7.397
883	-3.898	3.605	7.397
1002	-3.898	3.605	7.397
1058	-3.898	3.606	7.397
1068	-3.898	3.605	7.397
1018	-3.898	3.606	7.397
894	-3.897	3.606	7.397
903	-3.897	3.605	7.397
906	-3.897	3.605	7.397
1046	-3.897	3.605	7.397
1123	-3.897	3.605	7.397
1156	-3.897	3.605	7.397
794	-3.892	3.709	7.397
1115	-3.851	1.847	7.397
970	-3.836	2.787	7.397
859	-3.836	2.791	4.838
724	-3.801	3.946	6.099
1035	-3.694	2.762	6.102
990	-3.693	2.764	12.221
941	-3.693	2.763	7.599
1087	-3.693	2.758	7.600
1056	-3.693	2.752	7.600
1003	-3.693	2.744	7.600
940	-3.693	2.745	7.600
867	-3.626	3.545	9.383
907	-3.510	3.727	9.383
766	-3.510	3.727	9.383
