1644	-8.534	0.000	0.000
1612	-8.533	0.001	7.613
1613	-8.533	0.001	7.612
1623	-8.533	0.001	1.714
1624	-8.533	0.001	7.425
1627	-8.533	0.001	1.709
1628	-8.533	0.001	6.761
1629	-8.533	0.001	6.761
1630	-8.533	0.001	6.761
1631	-8.533	0.001	6.761
1632	-8.533	0.001	7.607
1633	-8.533	0.001	7.202
1634	-8.533	0.001	7.202
1635	-8.533	0.001	7.203
1636	-8.533	0.001	4.996
1594	-8.480	0.137	4.947
1595	-8.480	0.137	4.947
1596	-8.480	0.137	7.739
1597	-8.480	0.137	4.973
1598	-8.480	0.137	4.941
1599	-8.480	0.137	4.929
1600	-8.480	0.137	4.937
1601	-8.480	0.137	4.934
1602	-8.480	0.137	4.545
1603	-8.480	0.137	4.637
1604	-8.480	0.136	4.817
1605	-8.480	0.137	4.817
1606	-8.480	0.137	4.650
1607	-8.480	0.137	4.639
1608	-8.480	0.137	4.637
1609	-8.480	0.137	8.567
1610	-8.480	0.137	8.567
1611	-8.480	0.137	8.567
1614	-8.472	0.146	4.640
1615	-8.472	0.146	4.605
1616	-8.472	0.146	8.586
1617	-8.472	0.146	4.855
1618	-8.472	0.146	15.092
1619	-8.472	0.146	4.666
1620	-8.472	0.146	4.668
1621	-8.472	0.146	2.819
1622	-8.472	0.146	7.818
1625	-8.472	0.146	4.960
1626	-8.472	0.146	2.777
1770	-8.141	0.154	2.770
1865	-8.141	0.154	2.772
1866	-8.141	0.154	5.480
1867	-8.141	0.154	7.458
1868	-8.141	0.154	7.458
1653	-7.642	0.416	3.475
1655	-7.642	0.416	3.478
1663	-7.642	0.416	6.013
1784	-7.602	0.357	3.469
1785	-7.602	0.358	9.870
1786	-7.602	0.357	5.794
1788	-7.602	0.357	5.706
1862	-7.602	0.357	5.706
1863	-7.602	0.357	5.706
1889	-7.602	0.357	5.706
1891	-7.602	0.357	3.413
1892	-7.602	0.358	3.384
1893	-7.602	0.357	11.172
1894	-7.602	0.357	11.172
1896	-7.602	0.357	15.035
802	-7.586	0.362	10.520
807	-7.586	0.362	8.031
251	-7.585	0.364	8.031
635	-7.584	0.365	8.031
637	-7.584	0.365	8.012
746	-7.584	0.365	11.203
1637	-7.436	1.258	5.675
1639	-7.436	1.258	5.842
1640	-7.436	1.258	11.002
1641	-7.436	1.258	8.693
1642	-7.436	1.258	8.931
1643	-7.436	1.258	8.931
1650	-7.436	1.258	8.700
1651	-7.436	1.258	8.701
1652	-7.436	1.258	8.936
1654	-7.436	1.258	8.936
1656	-7.436	1.258	9.769
1657	-7.436	1.258	9.785
1658	-7.436	1.258	10.689
1659	-7.436	1.258	8.403
1660	-7.436	1.258	8.403
1661	-7.436	1.258	8.399
1662	-7.436	1.258	8.399
1664	-7.436	1.258	10.294
1665	-7.436	1.258	8.938
1676	-7.436	1.258	8.683
1677	-7.436	1.258	8.340
1678	-7.436	1.258	8.427
1679	-7.436	1.258	9.969
1680	-7.436	1.258	8.523
1681	-7.436	1.258	9.857
1682	-7.436	1.258	9.013
1683	-7.436	1.258	8.057
1684	-7.436	1.258	8.114
1685	-7.436	1.258	10.271
1686	-7.436	1.258	8.083
1687	-7.436	1.258	8.084
1688	-7.436	1.258	8.090
1689	-7.436	1.258	8.196
1690	-7.436	1.258	9.186
1691	-7.436	1.258	8.222
1692	-7.436	1.258	8.302
1693	-7.436	1.258	7.832
1694	-7.436	1.258	3.257
1713	-7.436	1.258	3.162
1714	-7.436	1.258	3.158
1715	-7.436	1.258	3.152
1716	-7.436	1.258	3.154
1717	-7.436	1.258	15.478
1718	-7.436	1.258	2.520
1719	-7.436	1.258	1.241
1720	-7.436	1.258	1.241
1721	-7.436	1.258	1.242
1722	-7.436	1.258	1.238
1723	-7.436	1.258	15.769
1724	-7.436	1.258	15.214
1725	-7.436	1.258	12.294
1726	-7.436	1.258	12.295
1727	-7.436	1.258	12.294
1728	-7.436	1.258	12.309
1729	-7.436	1.258	12.304
1730	-7.436	1.258	1.260
1731	-7.436	1.258	15.937
1732	-7.436	1.258	0.001
1733	-7.436	1.258	7.086
1734	-7.436	1.258	7.086
1735	-7.436	1.258	7.086
1736	-7.436	1.258	7.086
1737	-7.436	1.258	7.090
1738	-7.436	1.258	7.091
1739	-7.436	1.258	7.091
1740	-7.436	1.258	7.091
1741	-7.436	1.258	1.099
1742	-7.436	1.258	7.617
1743	-7.436	1.258	7.645
1744	-7.436	1.258	7.409
1745	-7.436	1.258	16.421
1746	-7.436	1.258	7.447
1747	-7.436	1.258	7.412
1748	-7.436	1.258	7.490
1749	-7.436	1.258	7.490
1750	-7.436	1.258	4.613
1638	-7.408	1.252	7.818
1645	-7.408	1.252	4.961
1646	-7.408	1.252	2.777
1647	-7.408	1.252	2.770
1648	-7.408	1.252	2.773
1649	-7.408	1.252	5.480
1666	-7.408	1.252	7.458
1667	-7.408	1.252	7.459
1668	-7.408	1.252	3.475
1669	-7.408	1.252	3.478
1670	-7.408	1.252	6.013
1671	-7.408	1.252	3.469
1672	-7.408	1.252	9.871
1673	-7.408	1.252	5.794
1674	-7.408	1.252	5.706
1675	-7.408	1.252	5.706
1695	-7.408	1.252	5.706
1696	-7.408	1.252	5.706
1697	-7.408	1.252	3.413
1698	-7.408	1.252	3.384
1699	-7.408	1.252	11.173
1700	-7.408	1.252	11.173
1701	-7.408	1.252	15.034
1702	-7.408	1.252	10.521
1703	-7.408	1.252	8.031
1704	-7.408	1.252	8.031
1705	-7.408	1.252	8.031
1706	-7.408	1.252	8.012
1707	-7.408	1.252	11.204
1708	-7.408	1.252	5.675
1709	-7.408	1.252	5.842
1710	-7.408	1.252	11.003
1711	-7.408	1.252	8.693
1712	-7.408	1.252	8.931
1751	-7.349	1.306	7.641
1752	-7.349	1.306	1.724
1753	-7.349	1.306	7.454
1754	-7.349	1.306	1.719
1755	-7.349	1.306	6.796
1756	-7.349	1.306	6.796
1757	-7.349	1.306	6.796
1758	-7.349	1.306	6.796
1759	-7.349	1.306	7.636
1760	-7.349	1.306	7.235
1761	-7.349	1.306	7.235
1762	-7.349	1.306	7.235
1763	-7.349	1.306	4.998
1764	-7.349	1.306	4.951
1765	-7.349	1.306	4.951
1766	-7.349	1.306	7.769
1767	-7.349	1.306	4.974
1781	-7.345	1.307	4.946
1782	-7.345	1.307	4.931
1783	-7.345	1.307	4.938
1787	-7.345	1.307	4.936
1789	-7.345	1.307	4.546
1790	-7.345	1.307	4.641
1852	-7.345	1.307	4.825
1859	-7.345	1.307	4.825
1860	-7.345	1.307	4.654
1861	-7.345	1.307	4.647
1864	-7.345	1.307	4.641
1888	-7.345	1.307	8.605
1890	-7.345	1.307	8.605
1895	-7.345	1.307	8.605
850	-7.319	1.301	4.644
851	-7.319	1.301	4.610
852	-7.319	1.301	8.622
853	-7.319	1.301	4.867
854	-7.319	1.301	15.091
855	-7.319	1.301	4.680
856	-7.319	1.301	4.682
857	-7.319	1.301	2.827
858	-7.319	1.301	7.856
859	-7.319	1.301	4.986
780	-7.319	1.301	2.785
781	-7.319	1.301	2.778
782	-7.319	1.301	2.781
783	-7.319	1.301	5.487
800	-7.319	1.301	7.500
801	-7.319	1.301	7.501
803	-7.319	1.301	3.496
804	-7.319	1.301	3.499
805	-7.319	1.301	6.030
806	-7.319	1.301	3.468
808	-7.319	1.301	9.916
809	-7.319	1.301	5.820
810	-7.319	1.301	5.728
811	-7.319	1.301	5.728
812	-7.319	1.301	5.728
825	-7.319	1.301	5.728
826	-7.319	1.301	3.414
827	-7.319	1.301	3.386
828	-7.319	1.301	11.180
829	-7.319	1.301	11.180
830	-7.319	1.301	15.043
831	-7.319	1.301	10.527
832	-7.319	1.301	8.069
833	-7.319	1.301	8.069
834	-7.319	1.301	8.069
835	-7.319	1.301	8.050
836	-7.319	1.301	11.210
837	-7.319	1.301	5.698
838	-7.319	1.301	5.867
860	-7.319	1.301	11.016
861	-7.319	1.301	8.715
862	-7.319	1.301	8.952
863	-7.319	1.301	8.952
1378	-7.319	1.301	8.722
1379	-7.319	1.301	8.722
1768	-7.319	1.301	8.958
1769	-7.319	1.301	8.958
1	-7.318	1.301	9.788
2	-7.318	1.301	9.805
3	-7.318	1.301	10.708
4	-7.318	1.301	8.432
5	-7.318	1.301	8.432
6	-7.318	1.301	8.428
7	-7.318	1.301	8.429
8	-7.318	1.301	10.338
9	-7.318	1.301	8.966
10	-7.318	1.301	8.709
11	-7.318	1.301	8.368
12	-7.318	1.301	8.450
13	-7.318	1.301	9.978
14	-7.318	1.301	8.544
15	-7.318	1.301	9.867
16	-7.318	1.301	9.041
17	-7.318	1.301	8.097
18	-7.318	1.301	8.148
19	-7.318	1.301	10.284
20	-7.318	1.301	8.117
21	-7.318	1.301	8.118
22	-7.318	1.301	8.124
23	-7.318	1.301	8.224
24	-7.318	1.301	9.213
25	-7.318	1.301	8.250
26	-7.318	1.301	8.344
27	-7.318	1.301	7.868
28	-7.318	1.301	7.217
29	-7.318	1.301	7.253
30	-7.318	1.301	7.256
31	-7.318	1.301	7.260
32	-7.318	1.301	7.260
33	-7.318	1.301	13.957
34	-7.318	1.301	8.434
35	-7.318	1.301	7.962
36	-7.318	1.301	7.961
37	-7.318	1.301	7.958
38	-7.318	1.301	7.959
39	-7.318	1.301	14.426
40	-7.318	1.301	13.813
41	-7.318	1.301	7.934
42	-7.318	1.301	7.934
43	-7.318	1.301	7.934
44	-7.318	1.301	7.907
45	-7.318	1.301	7.902
46	-7.318	1.301	8.030
47	-7.318	1.301	14.616
48	-7.318	1.301	7.086
49	-7.318	1.301	0.000
50	-7.318	1.301	0.001
51	-7.318	1.301	0.001
52	-7.318	1.301	0.001
53	-7.318	1.301	0.010
54	-7.318	1.301	0.011
55	-7.318	1.301	0.011
56	-7.318	1.301	0.011
57	-7.318	1.301	6.818
58	-7.318	1.301	1.462
59	-7.318	1.301	0.000
60	-7.318	1.301	0.989
61	-7.318	1.301	15.598
62	-7.318	1.301	1.123
63	-7.318	1.301	0.988
64	-7.318	1.301	1.192
65	-7.318	1.301	1.191
66	-7.318	1.301	4.347
67	-7.318	1.301	0.961
68	-7.318	1.301	4.342
69	-7.318	1.301	3.774
70	-7.318	1.301	3.774
71	-7.318	1.301	3.775
72	-7.318	1.301	3.770
73	-7.318	1.301	3.770
74	-7.318	1.301	3.770
75	-7.318	1.301	3.770
76	-7.318	1.301	3.770
77	-7.318	1.301	15.676
78	-7.318	1.301	0.868
79	-7.318	1.301	1.676
80	-7.318	1.301	1.676
81	-7.318	1.301	1.676
82	-7.318	1.301	1.676
83	-7.318	1.301	1.676
84	-7.318	1.301	1.676
85	-7.318	1.301	1.676
86	-7.318	1.301	3.858
87	-7.318	1.301	5.909
88	-7.318	1.301	5.902
89	-7.318	1.301	5.779
90	-7.318	1.301	5.957
91	-7.318	1.301	8.921
92	-7.318	1.301	8.921
93	-7.318	1.301	1.501
94	-7.318	1.301	1.501
95	-7.318	1.301	1.496
96	-7.318	1.301	6.434
97	-7.318	1.301	1.546
98	-7.318	1.301	6.441
99	-7.318	1.301	1.953
100	-7.318	1.301	1.953
101	-7.318	1.301	1.953
106	-7.318	1.301	1.953
117	-7.318	1.301	1.485
118	-7.318	1.301	2.215
124	-7.318	1.301	2.215
128	-7.318	1.301	2.214
132	-7.318	1.301	4.376
142	-7.318	1.301	4.389
143	-7.318	1.301	4.389
144	-7.318	1.301	1.597
145	-7.318	1.301	4.377
146	-7.318	1.301	4.364
147	-7.318	1.301	4.383
148	-7.318	1.301	4.383
149	-7.318	1.301	4.383
150	-7.318	1.301	4.543
151	-7.318	1.301	4.874
152	-7.318	1.301	4.108
153	-7.318	1.301	4.108
154	-7.318	1.301	4.876
155	-7.318	1.301	4.300
156	-7.318	1.301	4.874
157	-7.318	1.301	2.041
158	-7.318	1.301	2.041
159	-7.318	1.301	2.041
160	-7.318	1.301	4.867
161	-7.318	1.301	4.708
162	-7.318	1.301	8.789
163	-7.318	1.301	4.777
164	-7.318	1.301	15.168
165	-7.318	1.301	3.646
166	-7.318	1.301	3.645
167	-7.318	1.301	5.163
168	-7.318	1.301	1.412
169	-7.318	1.301	2.483
170	-7.318	1.301	5.183
171	-7.318	1.301	5.187
172	-7.318	1.301	5.186
173	-7.318	1.301	3.784
174	-7.318	1.301	3.120
175	-7.318	1.301	3.120
176	-7.318	1.301	4.223
177	-7.318	1.301	4.218
178	-7.318	1.301	2.326
179	-7.318	1.301	5.282
180	-7.318	1.301	9.591
181	-7.318	1.301	2.795
182	-7.318	1.301	2.986
183	-7.318	1.301	2.986
184	-7.318	1.301	2.987
185	-7.318	1.301	2.987
186	-7.318	1.301	5.170
187	-7.318	1.301	5.151
188	-7.318	1.301	9.011
189	-7.318	1.301	9.011
190	-7.318	1.301	14.327
191	-7.318	1.301	7.377
192	-7.318	1.301	7.747
193	-7.318	1.301	7.747
194	-7.318	1.301	7.747
195	-7.318	1.301	7.731
196	-7.318	1.301	9.053
197	-7.318	1.301	3.651
198	-7.318	1.301	3.959
199	-7.318	1.301	8.335
200	-7.318	1.301	8.847
201	-7.318	1.301	9.023
202	-7.318	1.301	9.023
203	-7.318	1.301	8.856
204	-7.318	1.301	8.856
205	-7.318	1.301	9.029
206	-7.318	1.301	9.029
207	-7.318	1.301	9.678
208	-7.318	1.301	9.696
214	-7.318	1.301	10.889
215	-7.318	1.301	8.765
216	-7.318	1.301	8.766
217	-7.318	1.301	8.764
218	-7.318	1.301	8.765
219	-7.318	1.301	9.888
247	-7.318	1.301	9.444
248	-7.318	1.301	9.211
249	-7.318	1.301	8.693
250	-7.318	1.301	8.750
252	-7.318	1.301	6.892
253	-7.318	1.301	8.555
254	-7.318	1.301	6.797
255	-7.318	1.301	9.349
256	-7.318	1.301	7.312
269	-7.318	1.301	7.646
270	-7.318	1.301	5.787
271	-7.318	1.301	7.598
272	-7.318	1.301	7.596
273	-7.318	1.301	7.599
274	-7.318	1.301	7.506
275	-7.318	1.301	8.287
276	-7.318	1.301	7.449
282	-7.318	1.301	7.327
306	-7.318	1.301	6.922
307	-7.318	1.301	7.217
308	-7.318	1.301	7.253
381	-7.318	1.301	7.256
382	-7.318	1.301	7.260
401	-7.318	1.301	7.260
402	-7.318	1.301	13.957
403	-7.318	1.301	8.434
425	-7.318	1.301	7.962
426	-7.318	1.301	7.961
427	-7.318	1.301	7.958
428	-7.318	1.301	7.959
429	-7.318	1.301	14.426
430	-7.318	1.301	13.813
431	-7.318	1.301	7.934
467	-7.318	1.301	7.934
468	-7.318	1.301	7.934
469	-7.318	1.301	7.907
470	-7.318	1.301	7.902
471	-7.318	1.301	8.030
472	-7.318	1.301	14.616
473	-7.318	1.301	7.086
474	-7.318	1.301	0.000
475	-7.318	1.301	0.001
476	-7.318	1.301	0.001
477	-7.318	1.301	0.001
478	-7.318	1.301	0.010
479	-7.318	1.301	0.011
480	-7.318	1.301	0.011
481	-7.318	1.301	0.011
482	-7.318	1.301	6.818
483	-7.318	1.301	1.462
619	-7.318	1.301	1.511
715	-7.318	1.301	0.989
716	-7.318	1.301	15.598
717	-7.318	1.301	1.123
718	-7.318	1.301	0.988
719	-7.318	1.301	1.192
720	-7.318	1.301	1.191
721	-7.318	1.301	4.347
722	-7.318	1.301	0.961
723	-7.318	1.301	4.342
724	-7.318	1.301	3.774
725	-7.318	1.301	3.774
726	-7.318	1.301	3.775
727	-7.318	1.301	3.770
728	-7.318	1.301	3.770
729	-7.318	1.301	3.770
730	-7.318	1.301	3.770
731	-7.318	1.301	3.770
732	-7.318	1.301	15.676
733	-7.318	1.301	0.868
734	-7.318	1.301	1.676
735	-7.318	1.301	1.676
736	-7.318	1.301	1.676
737	-7.318	1.301	1.676
738	-7.318	1.301	1.676
739	-7.318	1.301	1.676
740	-7.318	1.301	1.676
784	-7.318	1.301	3.858
785	-7.318	1.301	5.909
786	-7.318	1.301	5.902
787	-7.318	1.301	5.779
788	-7.318	1.301	5.957
789	-7.318	1.301	8.921
813	-7.318	1.301	8.921
814	-7.318	1.301	1.501
815	-7.318	1.301	1.501
816	-7.318	1.301	1.496
817	-7.318	1.301	6.434
818	-7.318	1.301	1.546
819	-7.318	1.301	6.441
821	-7.318	1.301	1.953
823	-7.318	1.301	1.953
824	-7.318	1.301	1.953
839	-7.318	1.301	1.953
840	-7.318	1.301	1.485
841	-7.318	1.301	2.215
842	-7.318	1.301	2.215
864	-7.318	1.301	2.214
865	-7.318	1.301	4.376
843	-7.317	1.301	4.389
844	-7.317	1.301	4.389
845	-7.317	1.301	1.597
846	-7.317	1.301	4.377
847	-7.317	1.301	4.364
848	-7.317	1.301	4.383
849	-7.317	1.301	4.383
506	-7.316	1.301	4.383
510	-7.316	1.301	4.543
527	-7.316	1.301	4.874
618	-7.316	1.301	4.108
621	-7.316	1.301	4.108
627	-7.316	1.301	4.876
673	-7.316	1.301	4.300
674	-7.316	1.301	4.874
675	-7.316	1.301	2.041
677	-7.316	1.301	2.041
681	-7.316	1.301	2.041
683	-7.316	1.301	4.867
687	-7.316	1.301	4.708
691	-7.316	1.301	8.789
743	-7.316	1.301	4.777
745	-7.316	1.301	15.168
760	-7.316	1.301	3.646
764	-7.316	1.301	3.645
767	-7.316	1.301	5.163
792	-7.316	1.301	1.412
793	-7.316	1.301	2.483
794	-7.316	1.301	5.183
797	-7.316	1.301	5.187
505	-7.316	1.301	5.186
507	-7.316	1.301	3.784
508	-7.316	1.301	3.120
509	-7.316	1.301	3.120
511	-7.316	1.301	4.223
512	-7.316	1.301	4.218
513	-7.316	1.301	2.326
514	-7.316	1.301	5.282
615	-7.316	1.301	9.591
616	-7.316	1.301	2.795
617	-7.316	1.301	2.986
620	-7.316	1.301	2.986
628	-7.316	1.301	2.987
632	-7.316	1.301	2.987
634	-7.316	1.301	5.170
636	-7.316	1.301	5.151
638	-7.316	1.301	9.011
639	-7.316	1.301	9.011
644	-7.316	1.301	14.327
645	-7.316	1.301	7.377
672	-7.316	1.301	7.747
676	-7.316	1.301	7.747
678	-7.316	1.301	7.747
679	-7.316	1.301	7.731
680	-7.316	1.301	9.053
682	-7.316	1.301	3.651
684	-7.316	1.301	3.959
685	-7.316	1.301	8.335
686	-7.316	1.301	8.847
688	-7.316	1.301	9.023
689	-7.316	1.301	9.023
690	-7.316	1.301	8.856
692	-7.316	1.301	8.856
693	-7.316	1.301	9.029
694	-7.316	1.301	9.029
695	-7.316	1.301	9.678
696	-7.316	1.301	9.696
697	-7.316	1.301	10.889
744	-7.316	1.301	8.765
747	-7.316	1.301	8.766
748	-7.316	1.301	8.764
749	-7.316	1.301	8.765
750	-7.316	1.301	9.888
751	-7.316	1.301	9.444
752	-7.316	1.301	9.211
753	-7.316	1.301	8.693
754	-7.316	1.301	8.750
755	-7.316	1.301	6.892
757	-7.316	1.301	8.555
758	-7.316	1.301	6.797
759	-7.316	1.301	9.349
761	-7.316	1.301	7.312
762	-7.316	1.301	7.646
766	-7.316	1.301	5.787
769	-7.316	1.301	7.598
772	-7.316	1.301	7.596
790	-7.316	1.301	7.599
791	-7.316	1.301	7.506
795	-7.316	1.301	8.287
798	-7.316	1.301	7.449
799	-7.316	1.301	7.327
1771	-7.316	1.302	6.922
1772	-7.316	1.302	7.217
1773	-7.316	1.302	7.253
1774	-7.316	1.302	7.256
1775	-7.316	1.302	7.260
1776	-7.316	1.302	7.260
1777	-7.316	1.302	13.957
1778	-7.316	1.302	8.434
1779	-7.316	1.302	7.962
1780	-7.316	1.302	7.961
1791	-7.316	1.302	7.958
1792	-7.316	1.302	7.959
1793	-7.316	1.302	14.426
1794	-7.316	1.302	13.813
1795	-7.316	1.302	7.934
1796	-7.316	1.302	7.934
1797	-7.316	1.302	7.934
1798	-7.316	1.302	7.907
1799	-7.316	1.302	7.902
1800	-7.316	1.302	8.030
1801	-7.316	1.302	14.616
1802	-7.316	1.302	7.086
1803	-7.316	1.302	0.000
1804	-7.316	1.302	0.001
1805	-7.316	1.302	0.001
1806	-7.316	1.302	0.001
1807	-7.316	1.302	0.010
1808	-7.316	1.302	0.011
1809	-7.316	1.302	0.011
1810	-7.316	1.302	0.011
1811	-7.316	1.302	6.818
1812	-7.316	1.302	1.462
1813	-7.316	1.302	1.511
1814	-7.316	1.302	0.989
1815	-7.316	1.302	15.598
1816	-7.316	1.302	1.123
1817	-7.316	1.302	0.988
1818	-7.316	1.302	1.192
1819	-7.316	1.302	1.191
1820	-7.316	1.302	4.347
1821	-7.316	1.302	0.961
1822	-7.316	1.302	4.342
1823	-7.316	1.302	3.774
1824	-7.316	1.302	3.774
1825	-7.316	1.302	3.775
1826	-7.316	1.302	3.770
1827	-7.316	1.302	3.770
1828	-7.316	1.302	3.770
1829	-7.316	1.302	3.770
1830	-7.316	1.302	3.770
1831	-7.316	1.302	15.676
1832	-7.316	1.302	0.868
1833	-7.316	1.302	1.676
1834	-7.316	1.302	1.676
1835	-7.316	1.302	1.676
1836	-7.316	1.302	1.676
1837	-7.316	1.302	1.676
1838	-7.316	1.302	1.676
1839	-7.316	1.302	1.676
1840	-7.316	1.302	3.858
1841	-7.316	1.302	5.909
1842	-7.316	1.302	5.902
1843	-7.316	1.302	5.779
1844	-7.316	1.302	5.957
1845	-7.316	1.302	8.921
1846	-7.316	1.302	8.921
1847	-7.316	1.302	1.501
1848	-7.316	1.302	1.501
1849	-7.316	1.302	1.496
1850	-7.316	1.302	6.434
1851	-7.316	1.302	1.546
1853	-7.316	1.302	6.441
1854	-7.316	1.302	1.953
1855	-7.316	1.302	1.953
1856	-7.316	1.302	1.953
1857	-7.316	1.302	1.953
1858	-7.316	1.302	1.485
1869	-7.316	1.302	2.215
1870	-7.316	1.302	2.215
1871	-7.316	1.302	2.214
1872	-7.316	1.302	4.376
1873	-7.316	1.302	4.389
1874	-7.316	1.302	4.389
1875	-7.316	1.302	1.597
1876	-7.316	1.302	4.377
1877	-7.316	1.302	4.364
1878	-7.316	1.302	4.383
1879	-7.316	1.302	4.383
1880	-7.316	1.302	4.383
1881	-7.316	1.302	4.543
1882	-7.316	1.302	4.874
1883	-7.316	1.302	4.108
1884	-7.316	1.302	4.108
1885	-7.316	1.302	4.876
1886	-7.316	1.302	4.300
1887	-7.316	1.302	4.874
