866	-7.432	0.000	7.319
1095	-7.432	0.000	4.615
1096	-7.432	0.000	5.102
1097	-7.432	0.000	5.102
1098	-7.432	0.000	5.102
1099	-7.432	0.000	5.102
1100	-7.432	0.000	5.102
1101	-7.432	0.000	5.102
1112	-7.432	0.000	5.102
1113	-7.432	0.000	5.103
1115	-7.432	0.000	16.474
1116	-7.432	0.000	6.997
1118	-7.432	0.000	6.703
1119	-7.432	0.000	6.703
1121	-7.432	0.000	6.703
1122	-7.432	0.000	6.703
1123	-7.432	0.000	6.703
1128	-7.432	0.000	6.703
1129	-7.432	0.000	6.703
1131	-7.432	0.000	4.970
1132	-7.432	0.000	2.824
1134	-7.432	0.000	2.829
1135	-7.432	0.000	2.974
1138	-7.432	0.000	3.030
1139	-7.432	0.000	8.819
1140	-7.432	0.000	8.819
1141	-7.432	0.000	7.613
1142	-7.432	0.000	7.614
1144	-7.432	0.000	7.612
1145	-7.432	0.000	1.715
1146	-7.432	0.000	7.425
1147	-7.432	0.000	1.710
1148	-7.432	0.000	6.761
1149	-7.432	0.000	6.761
1150	-7.432	0.000	6.761
1151	-7.432	0.000	6.761
1154	-7.432	0.000	7.607
1155	-7.432	0.000	7.202
1157	-7.432	0.000	7.202
1158	-7.432	0.000	7.203
1162	-7.432	0.000	4.996
1164	-7.432	0.000	4.947
1165	-7.432	0.000	4.948
1166	-7.432	0.000	7.739
1167	-7.432	0.000	4.973
1168	-7.432	0.000	4.942
1169	-7.432	0.000	4.929
1171	-7.432	0.000	4.937
1172	-7.432	0.000	4.934
1173	-7.432	0.000	4.545
1174	-7.432	0.000	4.637
1175	-7.432	0.000	4.817
1176	-7.432	0.000	4.817
1186	-7.432	0.000	4.650
1201	-7.432	0.000	4.640
1202	-7.432	0.000	4.637
1203	-7.432	0.000	8.567
1204	-7.432	0.000	8.567
1205	-7.432	0.000	8.567
1216	-7.432	0.000	4.640
1217	-7.432	0.000	4.605
1222	-7.432	0.000	8.586
1223	-7.432	0.000	4.855
1224	-7.432	0.000	15.092
1225	-7.432	0.000	4.666
1226	-7.432	0.000	4.668
1229	-7.432	0.000	2.820
1001	-7.384	0.022	8.931
1251	-7.384	0.022	8.701
1254	-7.384	0.022	8.701
1255	-7.384	0.022	8.936
1256	-7.384	0.022	8.936
1198	-7.376	0.025	9.769
1199	-7.376	0.025	9.786
1200	-7.376	0.025	10.689
867	-7.358	0.056	8.403
868	-7.358	0.056	8.403
869	-7.358	0.056	8.399
870	-7.358	0.056	8.400
871	-7.358	0.056	10.295
872	-7.358	0.056	8.938
873	-7.358	0.056	8.684
874	-7.358	0.056	8.340
875	-7.358	0.056	8.427
876	-7.358	0.056	9.969
877	-7.358	0.056	8.524
878	-7.358	0.056	9.857
879	-7.358	0.056	9.014
880	-7.358	0.056	8.057
881	-7.358	0.056	8.114
882	-7.358	0.056	10.271
883	-7.358	0.056	8.084
884	-7.358	0.056	8.085
885	-7.358	0.056	8.091
886	-7.358	0.056	8.197
887	-7.358	0.056	9.187
888	-7.358	0.056	8.223
889	-7.358	0.056	8.302
890	-7.358	0.056	7.833
891	-7.358	0.056	3.196
892	-7.358	0.056	3.102
893	-7.358	0.056	3.098
894	-7.358	0.056	3.092
895	-7.358	0.056	3.094
896	-7.358	0.056	15.408
897	-7.358	0.056	2.405
898	-7.358	0.056	1.182
899	-7.358	0.056	1.181
900	-7.358	0.056	1.182
903	-7.358	0.056	1.179
904	-7.358	0.056	15.699
905	-7.358	0.056	15.146
906	-7.358	0.056	12.309
907	-7.358	0.056	12.310
908	-7.358	0.056	12.309
909	-7.358	0.056	12.325
910	-7.358	0.056	12.320
911	-7.358	0.056	1.211
912	-7.358	0.056	15.866
919	-7.358	0.056	0.147
920	-7.358	0.056	7.133
921	-7.358	0.056	7.133
922	-7.358	0.056	7.133
923	-7.358	0.056	7.133
924	-7.358	0.056	7.137
925	-7.358	0.056	7.138
926	-7.358	0.056	7.137
927	-7.358	0.056	7.138
928	-7.358	0.056	1.178
929	-7.358	0.056	7.656
930	-7.358	0.056	7.683
931	-7.358	0.056	7.451
932	-7.358	0.056	16.341
933	-7.358	0.056	7.491
934	-7.358	0.056	7.454
935	-7.358	0.056	7.532
936	-7.358	0.056	7.532
937	-7.358	0.056	4.592
938	-7.358	0.056	7.363
939	-7.358	0.056	4.594
940	-7.358	0.056	5.090
941	-7.358	0.056	5.090
942	-7.358	0.056	5.090
943	-7.358	0.056	5.091
944	-7.358	0.056	5.091
945	-7.358	0.056	5.091
946	-7.358	0.056	5.091
947	-7.358	0.056	5.091
948	-7.358	0.056	16.393
949	-7.358	0.056	7.042
950	-7.358	0.056	6.757
951	-7.358	0.056	6.757
952	-7.358	0.056	6.757
953	-7.358	0.056	6.757
954	-7.358	0.056	6.757
955	-7.358	0.056	6.757
956	-7.358	0.056	6.757
957	-7.358	0.056	4.964
958	-7.358	0.056	2.794
959	-7.358	0.056	2.798
960	-7.358	0.056	2.941
961	-7.358	0.056	2.994
962	-7.358	0.056	8.938
963	-7.358	0.056	8.938
964	-7.358	0.056	7.654
965	-7.358	0.056	7.655
966	-7.358	0.056	7.653
967	-7.358	0.056	1.778
968	-7.358	0.056	7.464
969	-7.358	0.056	1.773
970	-7.358	0.056	6.815
971	-7.358	0.056	6.815
972	-7.358	0.056	6.815
973	-7.358	0.056	6.815
974	-7.358	0.056	7.648
975	-7.358	0.056	7.251
976	-7.358	0.056	7.251
977	-7.358	0.056	7.252
978	-7.358	0.056	5.005
979	-7.358	0.056	4.961
980	-7.358	0.056	4.962
981	-7.358	0.056	7.782
982	-7.358	0.056	4.982
983	-7.358	0.056	4.957
984	-7.358	0.056	4.938
985	-7.358	0.056	4.945
986	-7.358	0.056	4.943
987	-7.358	0.056	4.541
988	-7.358	0.056	4.669
989	-7.358	0.056	4.836
990	-7.358	0.056	4.836
991	-7.358	0.056	4.683
992	-7.358	0.056	4.658
993	-7.358	0.056	4.669
994	-7.358	0.056	8.624
995	-7.358	0.056	8.624
996	-7.358	0.056	8.624
997	-7.358	0.056	4.672
998	-7.358	0.056	4.633
999	-7.358	0.056	8.697
1000	-7.358	0.056	4.900
1008	-7.358	0.056	15.018
1009	-7.358	0.056	4.677
1010	-7.358	0.056	4.679
1011	-7.358	0.056	2.867
1012	-7.358	0.056	7.875
1013	-7.358	0.056	5.001
1014	-7.358	0.056	2.825
1015	-7.358	0.056	2.819
1016	-7.358	0.056	2.821
1017	-7.358	0.056	5.502
1018	-7.358	0.056	7.532
1019	-7.358	0.056	7.532
1020	-7.358	0.056	3.534
1021	-7.358	0.056	3.537
1022	-7.358	0.056	6.039
1023	-7.358	0.056	3.504
1024	-7.358	0.056	9.993
1025	-7.358	0.056	5.843
1026	-7.358	0.056	5.750
1027	-7.358	0.056	5.751
1028	-7.358	0.056	5.751
1029	-7.358	0.056	5.751
1030	-7.358	0.056	3.450
1031	-7.358	0.056	3.422
1032	-7.358	0.056	11.230
1033	-7.358	0.056	11.230
1034	-7.358	0.056	14.978
1035	-7.358	0.056	10.564
1036	-7.358	0.056	8.150
1037	-7.358	0.056	8.150
1038	-7.358	0.056	8.149
1039	-7.358	0.056	8.131
1040	-7.358	0.056	11.261
1041	-7.358	0.056	5.730
1042	-7.358	0.056	5.906
1043	-7.358	0.056	11.069
1044	-7.358	0.056	8.787
1051	-7.358	0.056	9.026
1052	-7.358	0.056	9.026
1053	-7.358	0.057	8.795
1054	-7.358	0.056	8.795
1055	-7.358	0.057	9.032
1056	-7.358	0.057	9.032
1057	-7.358	0.057	9.864
1058	-7.358	0.057	9.881
1059	-7.358	0.057	10.785
1060	-7.358	0.057	8.507
1061	-7.358	0.056	8.508
1062	-7.358	0.056	8.504
1063	-7.358	0.057	8.504
1064	-7.358	0.057	10.416
1065	-7.358	0.056	9.043
1066	-7.358	0.057	8.789
1067	-7.358	0.057	8.444
1068	-7.358	0.057	8.530
1069	-7.358	0.057	10.023
1070	-7.358	0.057	8.620
1071	-7.358	0.057	9.913
1072	-7.358	0.057	9.121
1073	-7.358	0.056	8.174
1074	-7.358	0.056	8.221
1075	-7.358	0.056	10.318
1076	-7.358	0.057	8.190
1077	-7.358	0.057	8.191
1078	-7.358	0.057	8.197
1079	-7.358	0.056	8.299
1080	-7.358	0.056	9.285
1081	-7.358	0.056	8.324
1082	-7.358	0.056	8.421
1083	-7.358	0.057	7.938
1084	-7.358	0.056	3.249
1085	-7.358	0.057	3.153
1086	-7.358	0.057	3.150
1087	-7.358	0.057	3.144
1088	-7.358	0.057	3.145
1089	-7.358	0.056	15.477
1090	-7.358	0.056	2.460
1091	-7.358	0.057	1.200
1092	-7.358	0.056	1.200
1093	-7.358	0.056	1.200
1094	-7.358	0.056	1.197
1102	-7.358	0.056	15.769
1103	-7.358	0.056	15.216
1104	-7.358	0.056	12.294
1105	-7.358	0.056	12.295
1106	-7.358	0.056	12.294
1107	-7.358	0.056	12.309
1108	-7.358	0.056	12.304
1109	-7.358	0.056	1.211
1110	-7.358	0.056	15.937
1177	-7.358	0.056	0.078
1178	-7.358	0.056	7.120
1179	-7.358	0.056	7.119
1180	-7.358	0.056	7.119
1181	-7.358	0.056	7.120
1182	-7.358	0.056	7.123
1183	-7.358	0.056	7.124
1184	-7.358	0.056	7.124
1185	-7.358	0.056	7.124
1187	-7.358	0.056	1.138
1188	-7.358	0.056	7.644
1189	-7.358	0.056	7.672
1190	-7.358	0.056	7.437
1191	-7.358	0.056	16.415
1192	-7.358	0.056	7.479
1193	-7.358	0.056	7.440
1194	-7.358	0.056	7.521
1195	-7.358	0.056	7.521
1196	-7.358	0.056	4.616
1197	-7.358	0.056	7.351
1218	-7.358	0.056	4.617
1219	-7.358	0.056	5.108
1220	-7.358	0.056	5.108
1221	-7.358	0.056	5.108
1227	-7.358	0.056	5.108
1228	-7.358	0.056	5.108
1230	-7.358	0.056	5.108
1231	-7.358	0.056	5.108
1232	-7.358	0.056	5.109
1233	-7.358	0.056	16.468
1234	-7.358	0.056	7.028
1235	-7.358	0.056	6.740
1236	-7.358	0.056	6.740
1237	-7.358	0.056	6.740
1238	-7.358	0.056	6.740
1239	-7.358	0.056	6.740
1240	-7.358	0.056	6.740
1241	-7.358	0.056	6.740
1242	-7.358	0.056	4.985
1243	-7.358	0.056	2.832
1244	-7.358	0.056	2.837
1245	-7.358	0.056	2.982
1246	-7.358	0.056	3.038
1247	-7.358	0.056	8.859
1248	-7.358	0.056	8.859
1249	-7.358	0.056	7.643
1250	-7.358	0.056	7.643
1002	-7.310	0.028	2.041
1003	-7.310	0.028	2.041
1004	-7.310	0.028	2.041
1005	-7.310	0.028	4.867
1006	-7.310	0.028	4.708
1007	-7.310	0.028	8.789
1252	-7.310	0.028	4.777
1253	-7.310	0.028	15.168
901	-7.301	0.026	3.646
902	-7.301	0.026	3.645
913	-7.301	0.026	5.163
914	-7.301	0.027	1.412
915	-7.301	0.027	2.483
916	-7.301	0.027	5.183
917	-7.301	0.027	5.187
918	-7.301	0.027	5.186
1111	-7.031	1.500	3.784
1114	-7.031	1.500	3.120
1117	-7.031	1.500	3.120
1120	-7.031	1.500	4.223
1124	-7.031	1.500	4.218
1125	-7.031	1.500	2.326
1126	-7.031	1.500	5.282
1127	-7.031	1.500	9.591
1130	-7.031	1.500	2.795
1133	-7.031	1.500	2.986
1136	-7.031	1.500	2.986
1137	-7.031	1.500	2.987
1143	-7.031	1.500	2.987
1152	-7.031	1.500	5.170
1153	-7.031	1.500	5.151
1156	-7.031	1.500	9.011
1159	-7.031	1.500	9.011
1160	-7.031	1.500	14.327
1161	-7.031	1.500	7.377
1163	-7.031	1.500	7.747
1170	-7.031	1.500	7.747
1045	-6.952	1.489	7.747
1046	-6.952	1.489	7.731
1047	-6.952	1.489	9.053
1048	-6.952	1.489	3.651
1049	-6.952	1.489	3.959
1050	-6.952	1.489	8.335
1206	-6.952	1.489	8.847
1207	-6.952	1.489	9.023
1208	-6.952	1.489	9.023
1209	-6.952	1.489	8.856
1210	-6.952	1.489	8.856
1211	-6.952	1.489	9.029
1212	-6.952	1.489	9.029
1213	-6.952	1.489	9.678
1214	-6.952	1.489	9.696
1215	-6.952	1.489	10.889
