3	-11.177	0.000	4.486
4	-11.177	0.000	7.079
9	-11.177	0.000	4.528
41	-11.177	0.000	4.115
62	-11.177	0.000	4.089
68	-11.177	0.000	4.083
82	-11.175	0.001	7.892
102	-11.175	0.001	7.892
126	-11.175	0.001	4.097
165	-11.175	0.001	4.106
188	-11.175	0.001	4.294
366	-11.175	0.001	4.294
287	-11.110	0.092	1.888
113	-11.085	0.006	4.480
210	-11.085	0.006	4.481
240	-10.676	0.675	6.595
1705	-10.619	3.375	6.596
548	-10.472	3.635	4.784
1609	-10.471	3.635	2.696
137	-10.470	3.640	5.211
121	-10.470	3.635	2.715
125	-10.470	3.635	7.030
131	-10.470	3.635	4.848
157	-10.470	3.635	4.757
1520	-10.470	3.635	4.757
1572	-10.470	3.635	4.756
1582	-10.470	3.635	4.757
1596	-10.470	3.635	2.649
211	-10.470	3.635	2.619
1486	-10.470	3.636	10.297
1493	-10.470	3.636	10.297
1562	-10.470	3.635	10.970
1681	-10.470	3.635	9.683
1607	-10.466	3.674	6.787
267	-10.418	3.634	6.787
49	-10.418	3.638	6.787
52	-10.418	3.637	6.768
269	-10.418	3.636	6.662
523	-10.418	3.637	10.433
528	-10.418	3.637	5.177
38	-10.418	3.638	5.183
40	-10.418	3.629	7.650
57	-10.418	3.637	7.918
249	-10.418	3.637	7.918
251	-10.418	3.637	7.663
254	-10.418	3.637	7.663
263	-10.418	3.637	7.923
275	-10.418	3.636	7.923
280	-10.418	3.637	7.170
519	-10.418	3.637	8.658
1760	-10.417	3.634	9.692
501	-10.417	3.637	7.282
134	-10.416	3.633	7.282
88	-10.416	3.636	7.278
156	-10.416	3.639	7.279
159	-10.416	3.637	9.238
162	-10.416	3.636	7.889
171	-10.416	3.637	7.585
224	-10.416	3.637	7.225
237	-10.416	3.637	7.201
243	-10.416	3.637	7.858
244	-10.416	3.637	7.317
337	-10.416	3.636	8.904
416	-10.416	3.638	7.418
436	-10.416	3.634	9.586
476	-10.416	3.637	7.003
491	-10.416	3.635	10.138
1685	-10.416	3.637	6.982
83	-10.416	3.637	6.986
94	-10.416	3.636	6.991
97	-10.416	3.636	7.286
103	-10.416	3.637	8.218
110	-10.416	3.637	7.025
146	-10.416	3.637	7.123
166	-10.416	3.637	6.748
186	-10.416	3.637	3.912
191	-10.416	3.637	3.791
196	-10.416	3.637	3.785
316	-10.416	3.636	3.788
334	-10.416	3.637	3.781
365	-10.416	3.637	15.959
369	-10.416	3.636	3.815
372	-10.416	3.637	2.335
394	-10.416	3.637	2.320
426	-10.416	3.636	2.315
430	-10.416	3.637	2.408
467	-10.416	3.636	16.330
468	-10.416	3.637	12.710
473	-10.416	3.637	11.617
474	-10.416	3.637	11.618
480	-10.416	3.637	11.617
485	-10.416	3.637	11.601
511	-10.416	3.637	11.597
293	-10.416	3.637	13.746
359	-10.416	3.636	11.148
448	-10.415	3.638	1.711
120	-10.412	3.590	6.441
530	-10.403	3.641	6.441
320	-10.396	3.731	6.441
153	-10.329	3.307	6.804
289	-10.326	3.640	6.819
364	-10.240	2.855	16.957
465	-10.175	2.877	6.688
61	-10.147	1.237	6.692
323	-10.106	3.405	6.755
1028	-9.940	3.223	6.418
259	-9.832	3.405	4.836
194	-9.773	2.652	4.835
562	-9.748	2.254	4.835
502	-9.747	2.254	17.263
586	-9.742	2.255	4.835
28	-9.742	2.255	17.052
257	-9.742	2.252	5.947
65	-9.742	2.255	5.947
255	-9.741	2.233	5.947
79	-9.741	2.254	5.947
356	-9.741	2.255	5.947
360	-9.741	2.254	5.947
99	-9.741	2.254	5.947
235	-9.741	2.257	3.473
408	-9.740	2.255	3.520
172	-9.740	2.253	3.522
429	-9.740	2.254	3.601
479	-9.740	2.255	3.741
76	-9.740	2.255	7.668
155	-9.740	2.254	7.668
160	-9.740	2.254	6.885
163	-9.740	2.255	6.885
181	-9.740	2.252	6.882
1658	-9.739	3.211	0.012
592	-9.738	3.211	0.011
520	-9.737	3.211	0.000
540	-9.737	3.211	5.968
328	-9.735	2.317	5.967
5	-9.726	3.211	5.967
6	-9.726	3.211	5.967
7	-9.726	3.211	0.032
16	-9.726	3.211	6.291
17	-9.726	3.211	6.291
20	-9.726	3.211	6.291
31	-9.726	3.211	4.505
521	-9.723	3.210	4.504
522	-9.723	3.210	4.440
589	-9.722	3.210	7.088
355	-9.721	3.209	4.490
246	-9.721	3.210	4.494
352	-9.721	3.210	4.459
378	-9.720	3.210	4.465
405	-9.720	3.210	4.457
218	-9.680	3.209	7.084
576	-9.504	3.997	15.670
33	-9.476	3.998	6.663
1366	-9.475	3.495	10.437
584	-9.475	3.998	5.181
536	-9.474	3.992	5.187
327	-9.473	3.999	7.651
340	-9.473	3.998	7.919
81	-9.473	3.998	7.919
115	-9.473	3.998	7.665
152	-9.473	3.998	7.664
306	-9.473	3.997	7.925
593	-9.424	2.731	7.283
253	-9.419	2.731	7.279
214	-9.413	2.730	9.239
64	-9.413	1.886	7.889
130	-9.411	1.902	7.586
1664	-9.411	3.511	7.226
304	-9.410	1.907	7.202
525	-9.410	1.798	7.859
534	-9.410	1.783	7.319
466	-9.410	1.742	8.908
1580	-9.407	3.524	7.420
147	-9.403	2.469	7.005
11	-9.387	3.523	15.959
45	-9.387	3.521	3.815
242	-9.382	3.520	2.315
305	-9.381	3.521	2.408
119	-9.380	3.521	16.330
114	-9.380	3.522	12.710
117	-9.380	3.522	11.617
144	-9.380	3.523	11.618
286	-9.380	3.520	11.617
95	-9.370	1.708	13.746
590	-9.350	3.535	6.445
228	-9.336	3.531	6.445
1386	-9.191	3.906	0.012
250	-9.155	3.561	4.761
264	-9.155	3.561	2.653
273	-9.155	3.561	0.000
503	-9.153	3.562	10.301
231	-9.151	3.561	10.300
510	-9.151	3.561	10.973
488	-9.151	3.561	9.687
312	-9.150	3.561	6.787
187	-9.150	3.561	6.788
190	-9.150	3.561	6.788
283	-9.150	3.561	6.768
288	-9.150	3.561	6.663
322	-9.150	3.561	10.437
335	-9.150	3.561	5.181
376	-9.150	3.562	5.187
475	-9.150	3.561	7.651
477	-9.150	3.561	7.919
499	-9.149	3.558	7.919
1602	-9.148	3.558	7.665
1676	-9.134	3.491	7.664
591	-9.118	3.630	6.983
1738	-9.093	3.328	6.987
258	-9.051	3.774	7.287
271	-9.051	3.779	8.220
398	-9.046	3.779	7.027
89	-9.046	3.779	7.124
150	-9.046	3.779	6.750
311	-9.046	3.780	3.912
332	-9.046	3.779	3.791
336	-9.046	3.779	3.785
351	-9.046	3.779	3.788
379	-9.046	3.780	3.781
393	-9.046	3.779	15.959
1754	-9.040	3.783	3.815
1497	-9.034	3.779	2.335
1537	-9.034	3.779	2.320
1701	-9.034	3.782	2.315
1524	-9.033	3.779	2.408
1586	-9.033	3.775	16.330
1632	-9.033	3.790	12.710
1489	-9.032	3.777	11.617
1508	-9.024	3.243	11.618
1502	-9.020	3.267	11.617
198	-9.011	3.519	11.601
1541	-8.993	3.979	4.120
1759	-8.986	3.984	7.896
531	-8.981	3.977	7.896
342	-8.980	3.977	4.299
370	-8.980	3.977	4.298
413	-8.980	3.977	15.670
22	-8.980	3.977	4.326
27	-8.980	3.978	4.234
55	-8.980	3.978	1.892
74	-8.980	3.978	4.484
84	-8.980	3.978	4.485
204	-8.980	3.978	1.844
219	-8.980	3.977	1.841
229	-8.980	3.977	1.841
261	-8.980	3.978	4.820
262	-8.980	3.977	6.598
274	-8.980	3.977	6.599
279	-8.980	3.978	4.789
302	-8.980	3.978	2.701
317	-8.980	3.978	5.215
333	-8.980	3.978	2.719
348	-8.980	3.978	7.031
392	-8.980	3.977	4.852
445	-8.980	3.978	4.762
494	-8.980	3.977	4.762
339	-8.980	3.977	4.761
344	-8.980	3.978	4.761
400	-8.980	3.977	2.653
570	-8.965	3.974	7.665
478	-8.964	3.974	7.664
496	-8.964	3.974	7.925
509	-8.964	3.974	7.925
1514	-8.964	3.973	7.171
1529	-8.964	3.974	8.659
1550	-8.964	3.974	9.693
1599	-8.964	3.972	7.283
1737	-8.964	3.974	7.283
1669	-8.964	3.974	7.279
1747	-8.964	3.973	7.279
507	-8.953	2.956	7.889
483	-8.911	3.922	11.601
363	-8.911	3.921	11.597
1565	-8.909	3.918	13.746
36	-8.909	3.919	11.148
512	-8.909	3.918	1.711
341	-8.909	3.941	6.441
