1768	-9.225	0.000	4.835
1856	-8.975	2.111	9.687
1829	-8.975	2.112	6.787
1838	-8.661	0.855	4.762
1800	-8.637	0.841	10.301
1789	-8.456	0.421	9.693
1797	-8.165	1.564	4.762
1801	-8.016	3.043	7.586
1782	-8.015	3.043	7.226
1813	-8.015	3.043	7.202
1837	-8.014	3.043	7.859
1770	-8.009	3.043	7.319
1840	-7.986	3.105	9.591
1862	-7.986	3.101	7.005
1858	-7.957	3.038	7.287
1785	-7.954	3.107	7.124
1825	-7.710	2.871	6.755
1844	-7.662	3.380	5.947
1818	-7.653	3.626	3.473
1827	-7.629	2.511	7.668
1802	-7.603	2.475	5.967
1822	-7.599	2.487	0.032
1854	-7.546	3.889	4.490
1807	-7.399	2.861	7.586
1779	-7.398	2.861	7.859
1835	-7.396	2.861	7.319
1836	-7.372	3.620	3.785
1839	-7.371	3.620	3.781
