583	-9.544	0.000	7.896
594	-9.544	0.002	7.896
568	-9.519	0.022	4.102
579	-9.519	0.019	4.110
580	-9.519	0.023	4.299
546	-9.503	0.910	4.234
23	-9.498	0.008	1.892
39	-9.498	0.010	4.484
48	-9.498	0.009	4.485
56	-9.498	0.010	1.844
63	-9.498	0.010	1.841
260	-9.498	0.009	1.841
270	-9.498	0.010	4.820
272	-9.498	0.009	6.598
1723	-9.498	0.010	6.599
158	-9.494	0.016	4.789
90	-9.494	0.012	2.701
91	-9.494	0.012	5.215
129	-9.494	0.011	2.719
135	-9.494	0.012	7.031
148	-9.494	0.012	4.852
168	-9.494	0.012	4.762
217	-9.494	0.014	4.762
319	-9.494	0.010	4.761
350	-9.494	0.012	4.761
361	-9.494	0.012	2.653
492	-9.494	0.011	2.624
199	-9.493	0.012	10.301
387	-9.493	0.011	10.300
182	-9.493	0.010	10.973
437	-9.491	0.044	9.687
1	-9.476	0.907	6.788
18	-9.476	0.902	6.788
24	-9.476	0.902	6.768
77	-9.471	0.013	7.925
1743	-9.464	0.989	7.171
1499	-9.387	0.050	2.335
1674	-9.386	0.083	2.320
1526	-9.375	0.063	11.601
526	-8.997	2.858	11.597
566	-8.997	2.858	13.746
571	-8.997	2.858	11.148
32	-8.996	2.857	1.711
37	-8.996	2.857	6.441
234	-8.996	2.857	6.441
268	-8.996	2.857	6.441
276	-8.996	2.857	6.441
1733	-8.996	2.856	6.445
1092	-8.996	2.858	6.445
538	-8.996	2.858	6.445
953	-8.996	2.858	6.445
965	-8.996	2.858	1.638
1081	-8.996	2.858	6.804
1611	-8.996	2.858	6.819
1753	-8.996	2.858	6.821
1755	-8.996	2.858	16.957
581	-8.996	2.857	6.688
1100	-8.996	2.861	6.692
26	-8.995	2.849	6.755
141	-8.995	2.862	6.755
438	-8.995	2.869	4.437
107	-8.995	2.857	6.611
111	-8.995	2.857	6.418
127	-8.995	2.857	4.836
128	-8.995	2.857	4.836
140	-8.995	2.857	4.835
154	-8.995	2.857	4.835
178	-8.995	2.858	4.835
183	-8.995	2.858	4.835
184	-8.995	2.857	4.835
296	-8.995	2.857	17.263
307	-8.995	2.858	4.835
309	-8.995	2.857	17.052
315	-8.995	2.857	5.947
318	-8.995	2.857	5.947
326	-8.995	2.857	5.947
330	-8.995	2.857	5.947
331	-8.995	2.857	5.947
343	-8.995	2.858	5.947
357	-8.995	2.857	5.947
374	-8.995	2.857	3.473
375	-8.995	2.857	3.520
377	-8.995	2.857	3.522
391	-8.995	2.857	3.601
395	-8.995	2.857	3.741
402	-8.995	2.857	7.668
409	-8.995	2.858	7.668
415	-8.995	2.857	6.885
420	-8.995	2.857	6.885
431	-8.995	2.857	6.882
433	-8.995	2.857	0.012
441	-8.995	2.858	0.011
1551	-8.995	2.857	0.000
1634	-8.995	2.851	5.968
67	-8.995	2.858	5.967
173	-8.995	2.858	5.967
206	-8.995	2.858	5.967
367	-8.995	2.858	0.032
432	-8.995	2.857	6.291
447	-8.995	2.858	6.291
455	-8.995	2.858	6.291
458	-8.995	2.857	4.505
997	-8.995	2.858	4.504
1496	-8.995	2.858	4.440
1513	-8.995	2.858	7.088
1517	-8.995	2.857	4.490
1528	-8.995	2.858	4.494
1544	-8.995	2.858	4.459
1564	-8.995	2.859	4.465
1576	-8.995	2.858	4.457
1748	-8.995	2.857	4.490
500	-8.995	2.858	7.084
200	-8.994	2.860	4.532
225	-8.993	2.845	4.094
46	-8.993	2.869	4.088
573	-8.990	2.834	4.099
577	-8.990	2.850	7.896
542	-8.981	2.928	4.102
96	-8.981	2.862	4.110
532	-8.974	2.876	10.437
549	-8.968	1.514	7.919
497	-8.967	1.504	7.919
92	-8.963	2.810	9.239
515	-8.941	1.463	7.586
43	-8.940	1.498	7.226
541	-8.940	1.509	7.202
248	-8.940	1.484	7.859
19	-8.940	1.494	7.319
21	-8.940	1.493	8.908
544	-8.940	1.490	7.420
567	-8.940	1.480	9.591
230	-8.939	1.500	7.005
384	-8.938	1.497	10.141
213	-8.938	1.489	6.983
407	-8.938	1.491	6.987
513	-8.907	3.571	6.441
547	-8.862	1.742	6.441
72	-8.861	1.742	6.441
179	-8.861	1.741	6.445
362	-8.861	1.740	6.445
388	-8.861	1.741	6.445
1709	-8.861	1.743	6.445
1715	-8.861	1.743	1.638
470	-8.861	1.744	6.804
1644	-8.845	3.085	6.692
1650	-8.845	3.086	6.755
1730	-8.844	3.078	6.755
1686	-8.818	2.955	6.611
132	-8.790	1.755	6.418
139	-8.790	1.757	4.836
1065	-8.734	1.722	17.052
487	-8.733	1.721	5.947
462	-8.732	1.721	5.947
551	-8.723	1.785	5.947
71	-8.718	1.715	5.947
35	-8.718	1.722	5.947
44	-8.718	1.721	5.947
54	-8.718	1.720	5.947
252	-8.718	1.721	3.473
265	-8.718	1.726	3.520
1757	-8.714	1.706	3.522
161	-8.713	1.698	3.601
151	-8.713	1.702	3.741
177	-8.713	1.707	7.668
295	-8.713	1.703	7.668
411	-8.713	1.702	6.885
435	-8.713	1.702	6.885
167	-8.713	1.709	6.882
397	-8.713	1.699	0.012
185	-8.713	1.704	0.011
192	-8.713	1.703	0.000
373	-8.713	1.706	5.968
382	-8.713	1.703	5.967
118	-8.713	1.700	5.967
222	-8.713	1.702	5.967
371	-8.713	1.703	0.032
406	-8.713	1.703	6.291
424	-8.713	1.702	6.291
446	-8.713	1.703	6.291
452	-8.713	1.702	4.505
464	-8.713	1.700	4.504
422	-8.713	1.701	4.440
489	-8.712	1.693	7.088
59	-8.706	1.734	4.490
578	-8.706	1.733	4.494
535	-8.706	1.733	4.459
565	-8.706	1.733	4.465
256	-8.706	1.733	4.457
34	-8.706	1.734	4.490
124	-8.705	1.733	4.088
105	-8.705	1.733	4.099
440	-8.705	1.733	7.896
1598	-8.705	1.733	7.896
297	-8.704	1.733	7.896
298	-8.704	1.733	4.102
195	-8.704	1.734	4.110
86	-8.702	1.719	1.844
281	-8.702	1.719	1.841
301	-8.694	1.771	6.598
1107	-8.677	1.760	7.031
1122	-8.677	1.760	4.852
1702	-8.670	1.737	4.762
588	-8.641	2.503	4.761
112	-8.638	2.512	2.624
1032	-8.634	1.643	10.300
506	-8.592	1.751	10.437
556	-8.586	1.752	7.651
1485	-8.471	3.416	8.659
1518	-8.427	1.685	7.283
1700	-8.347	2.871	1.711
116	-8.346	2.872	6.441
136	-8.346	2.873	6.441
292	-8.346	2.872	6.441
308	-8.346	2.871	6.441
329	-8.346	2.872	6.445
353	-8.346	2.873	6.445
358	-8.346	2.873	6.445
419	-8.346	2.872	6.445
423	-8.346	2.872	1.638
443	-8.346	2.872	6.804
1687	-8.346	2.873	6.819
1718	-8.344	2.868	6.821
1466	-8.229	3.170	2.719
403	-8.156	2.320	4.761
1043	-8.104	2.327	6.768
559	-8.003	2.329	8.908
490	-8.000	2.329	7.420
1708	-7.962	3.738	6.987
1639	-7.958	3.728	6.992
1641	-7.879	3.997	1.711
442	-7.785	3.319	6.441
1145	-6.565	2.545	7.779
