779	-8.386	0.000	7.283
836	-8.386	0.002	7.279
747	-8.386	0.003	7.279
754	-8.386	0.003	9.239
1014	-8.386	0.003	7.889
756	-8.386	0.002	7.586
809	-8.386	0.002	7.226
840	-8.386	0.003	7.202
843	-8.386	0.003	7.859
852	-8.386	0.003	7.319
869	-8.386	0.002	8.908
875	-8.386	0.007	7.420
885	-8.386	0.003	9.591
890	-8.386	0.004	7.005
895	-8.386	0.002	10.141
901	-8.386	0.002	6.983
902	-8.386	0.002	6.987
917	-8.386	0.003	6.992
942	-8.386	0.003	7.287
954	-8.386	0.004	8.220
766	-8.386	0.003	7.027
808	-8.386	0.004	7.124
1027	-8.386	0.003	6.750
650	-8.385	0.003	3.912
617	-8.385	0.003	3.791
1114	-8.385	0.003	3.785
595	-8.385	0.003	3.788
605	-8.385	0.003	3.781
623	-8.385	0.003	15.959
630	-8.385	0.003	3.815
644	-8.385	0.002	2.335
656	-8.385	0.003	2.320
659	-8.385	0.003	2.315
678	-8.385	0.003	2.408
701	-8.385	0.002	16.330
705	-8.385	0.003	12.710
713	-8.385	0.003	11.617
730	-8.385	0.003	11.618
673	-8.385	0.006	11.617
688	-8.385	0.003	11.601
900	-8.385	0.024	11.597
762	-8.385	0.033	13.746
911	-8.317	0.118	16.957
1142	-8.317	0.092	6.688
1144	-8.317	0.089	6.692
1159	-8.317	0.092	6.755
755	-8.317	0.096	6.755
788	-8.317	0.095	4.437
799	-8.317	0.093	6.611
906	-8.317	0.095	6.418
916	-8.317	0.095	4.836
948	-8.317	0.095	4.836
949	-8.317	0.096	4.835
964	-8.317	0.095	4.835
1154	-8.317	0.096	4.835
1173	-8.317	0.095	4.835
846	-8.317	0.095	4.835
860	-8.317	0.095	17.263
870	-8.317	0.095	4.835
967	-8.317	0.097	17.052
1089	-8.317	0.096	5.947
1163	-8.317	0.095	5.947
945	-8.317	0.093	5.947
1035	-8.317	0.094	5.947
1177	-8.317	0.098	5.947
1130	-8.316	0.062	5.947
883	-8.316	0.090	5.947
884	-8.316	0.095	3.473
1041	-8.316	0.094	3.520
1051	-8.316	0.095	3.522
1058	-8.316	0.096	3.601
1120	-8.316	0.095	3.741
1139	-8.316	0.096	7.668
786	-8.316	0.093	7.668
886	-8.316	0.086	6.885
817	-8.315	0.119	6.885
1115	-8.315	0.108	6.882
1088	-8.311	0.145	0.012
940	-8.310	0.107	0.011
838	-8.308	0.038	0.000
1002	-8.305	0.094	5.968
743	-8.305	0.095	5.967
1005	-8.305	0.095	5.967
1006	-8.305	0.095	5.967
998	-8.301	0.082	0.032
758	-8.109	0.020	10.301
888	-8.108	0.020	10.300
717	-8.108	0.020	10.973
794	-8.108	0.021	9.687
1015	-8.108	0.019	6.787
832	-8.104	0.019	6.788
672	-8.102	0.019	10.437
664	-8.102	0.020	5.181
873	-8.102	0.019	5.187
963	-8.100	0.019	7.651
775	-8.023	0.107	7.283
1062	-8.022	0.105	7.279
1099	-8.022	0.106	7.279
1111	-8.022	0.105	9.239
691	-8.021	0.105	7.889
601	-7.753	3.047	6.441
604	-7.753	3.047	6.441
609	-7.753	3.047	6.445
649	-7.753	3.047	6.445
675	-7.753	3.047	6.445
677	-7.753	3.047	6.445
731	-7.753	3.047	1.638
868	-7.752	3.047	6.804
921	-7.752	3.047	6.819
1018	-7.752	3.047	6.821
1057	-7.752	3.047	16.957
1123	-7.752	3.047	6.688
1136	-7.752	3.047	6.692
627	-7.689	1.633	6.755
703	-7.688	1.632	4.437
658	-7.688	1.625	6.611
781	-7.686	1.633	6.418
764	-7.686	1.633	4.836
728	-7.685	1.633	4.836
800	-7.685	1.633	4.835
814	-7.685	1.633	4.835
724	-7.684	1.639	4.835
651	-7.684	1.623	4.835
833	-7.682	1.642	4.835
864	-7.682	1.631	17.263
867	-7.677	3.651	4.835
980	-7.677	3.651	17.052
621	-7.665	3.052	5.947
612	-7.664	3.052	5.947
680	-7.664	3.052	5.947
669	-7.654	3.655	5.947
726	-7.654	3.655	5.947
822	-7.654	3.655	5.947
847	-7.646	3.678	3.520
790	-7.646	3.623	3.522
654	-7.630	3.561	3.741
629	-7.618	3.443	7.668
738	-7.618	3.443	6.885
670	-7.618	3.454	6.885
620	-7.618	3.453	6.882
657	-7.617	3.437	0.012
596	-7.617	3.441	0.011
834	-7.616	3.434	0.000
625	-7.615	3.407	5.968
682	-7.615	3.408	5.967
981	-7.607	1.878	5.967
1140	-7.585	1.630	6.291
1108	-7.571	0.871	4.505
930	-7.571	0.869	4.504
979	-7.571	0.870	4.440
606	-7.558	1.658	7.088
516	-7.493	3.661	4.494
789	-7.487	3.668	4.459
1021	-7.487	3.661	4.465
937	-7.487	3.661	4.457
715	-7.480	3.683	4.490
660	-7.479	3.647	7.084
752	-7.479	3.656	4.532
665	-7.479	3.652	4.120
719	-7.478	3.657	4.094
827	-7.477	3.664	4.088
1157	-7.477	3.660	4.099
795	-7.475	3.672	7.896
741	-7.471	3.652	7.896
723	-7.471	3.681	7.896
831	-7.471	3.620	4.102
737	-7.466	3.070	4.110
1141	-7.466	3.070	4.299
803	-7.466	3.070	4.298
1071	-7.465	3.070	15.670
1090	-7.454	3.016	4.326
973	-7.450	3.627	4.234
610	-7.449	3.657	1.892
749	-7.449	3.658	4.484
760	-7.449	3.658	4.485
773	-7.449	3.658	1.844
626	-7.449	3.657	1.841
684	-7.449	3.658	1.841
856	-7.449	3.658	4.820
652	-7.448	3.657	6.598
813	-7.448	3.660	6.599
1030	-7.448	3.659	4.789
1067	-7.448	3.658	2.701
802	-7.448	3.660	5.215
632	-7.448	3.657	2.719
640	-7.448	3.658	7.031
641	-7.448	3.658	4.852
645	-7.448	3.658	4.762
648	-7.448	3.658	4.762
692	-7.448	3.658	4.761
699	-7.448	3.658	4.761
700	-7.448	3.657	2.653
826	-7.448	3.658	2.624
858	-7.448	3.656	10.301
861	-7.448	3.658	10.300
894	-7.448	3.658	10.973
918	-7.448	3.658	9.687
950	-7.448	3.658	6.787
631	-7.448	3.656	6.788
725	-7.448	3.658	6.788
676	-7.447	3.667	6.768
820	-7.447	3.660	6.663
1069	-7.447	3.647	10.437
824	-7.447	2.242	5.181
668	-7.447	2.237	5.187
1076	-7.446	2.235	7.651
842	-7.445	3.670	7.919
1135	-7.444	3.542	7.919
1008	-7.442	3.657	7.665
812	-7.442	3.659	7.664
690	-7.435	3.593	7.925
880	-7.426	3.219	7.925
633	-7.421	3.488	7.171
712	-7.416	3.440	8.659
706	-7.415	3.421	9.693
634	-7.414	3.127	7.283
635	-7.410	3.409	7.283
907	-7.410	1.683	7.279
938	-7.409	1.679	7.279
661	-7.400	3.470	9.239
735	-7.399	0.833	7.889
889	-7.399	1.616	7.226
697	-7.398	0.831	7.202
722	-7.387	3.539	8.908
774	-7.386	1.670	7.420
1052	-7.385	3.617	9.591
643	-7.385	1.670	7.005
841	-7.385	1.670	10.141
851	-7.385	1.671	6.983
913	-7.385	1.674	6.987
1124	-7.385	1.677	6.992
1106	-7.384	1.679	7.287
909	-7.383	1.698	8.220
785	-7.382	1.685	7.027
1004	-7.381	1.690	7.124
882	-7.379	1.635	6.750
776	-7.379	1.700	3.912
1029	-7.377	1.696	3.791
793	-7.372	1.638	3.788
561	-7.371	3.073	15.959
772	-7.369	3.077	3.815
815	-7.368	3.077	2.335
848	-7.368	1.626	2.320
887	-7.367	3.077	2.315
837	-7.362	3.437	2.408
1022	-7.355	1.694	16.330
1119	-7.352	1.624	12.710
1060	-7.351	1.649	11.617
1042	-7.351	1.628	11.618
912	-7.346	1.664	11.617
932	-7.345	1.668	11.601
935	-7.343	1.673	11.597
992	-7.328	1.652	13.746
1105	-7.267	3.169	6.441
798	-7.267	3.168	6.441
1083	-7.267	3.167	6.441
771	-7.265	3.182	6.445
1168	-7.246	2.245	16.957
969	-7.246	2.240	6.688
1056	-7.246	2.241	6.692
966	-7.246	2.240	6.755
1093	-7.246	2.240	6.755
1161	-7.246	2.238	4.437
943	-7.246	2.238	6.611
982	-7.246	2.238	6.418
984	-7.246	2.237	4.836
859	-7.246	2.238	4.836
961	-7.246	2.236	4.835
1075	-7.245	2.238	4.835
1019	-7.243	2.227	4.835
745	-7.241	2.239	4.835
871	-7.241	2.218	4.835
1085	-7.206	2.729	17.263
1026	-7.205	2.085	4.835
1084	-7.205	2.085	17.052
899	-7.205	2.317	5.947
1162	-7.204	3.253	5.947
748	-7.204	2.085	5.947
807	-7.204	2.085	5.947
1095	-7.204	2.085	5.947
1132	-7.204	2.085	5.947
1160	-7.204	2.085	5.947
1167	-7.204	2.085	3.473
1055	-7.204	2.084	3.520
839	-7.204	2.087	3.522
987	-7.202	2.086	3.601
994	-7.202	2.085	3.741
787	-7.187	3.006	7.668
597	-7.186	3.006	6.885
611	-7.186	3.006	6.885
615	-7.186	3.006	6.882
618	-7.186	3.007	0.012
624	-7.186	3.006	0.011
637	-7.186	3.006	0.000
689	-7.186	3.006	5.968
702	-7.186	3.006	5.967
893	-7.186	3.006	5.967
952	-7.186	3.006	5.967
944	-7.175	0.911	4.504
1073	-7.174	0.906	4.440
1011	-7.171	0.902	7.088
955	-7.147	0.867	9.687
1048	-7.132	3.130	6.787
599	-7.131	2.956	6.788
683	-7.128	3.853	6.788
778	-7.128	3.853	6.768
850	-7.096	3.020	7.859
823	-7.096	3.021	7.319
704	-7.051	2.961	9.591
598	-7.051	2.961	7.005
1126	-7.042	3.863	10.141
1045	-7.042	3.863	6.983
1101	-7.042	3.863	6.987
695	-7.042	3.863	6.992
770	-7.042	3.863	7.287
922	-7.042	3.863	8.220
1039	-7.042	3.863	7.027
1077	-7.042	3.863	7.124
1146	-7.042	3.863	6.750
989	-7.039	3.863	3.912
663	-7.007	3.864	3.785
825	-7.006	3.865	3.788
600	-7.006	2.539	3.781
710	-7.004	3.864	15.959
674	-7.004	3.865	3.815
956	-7.004	3.864	2.335
655	-7.004	3.864	2.320
709	-7.004	3.864	2.315
734	-7.004	3.864	2.408
685	-7.004	2.540	16.330
733	-7.003	3.860	12.710
613	-7.003	3.865	11.617
1054	-7.003	3.864	11.618
750	-7.003	3.864	11.617
767	-7.003	3.864	11.601
797	-7.003	3.864	11.597
830	-7.003	3.864	13.746
968	-7.003	3.864	11.148
1176	-7.003	3.865	1.711
769	-7.003	3.864	6.441
1156	-7.002	3.867	6.441
777	-7.001	3.855	6.441
1007	-7.001	3.865	6.441
891	-7.000	3.855	6.445
962	-7.000	3.855	6.445
806	-7.000	3.856	6.445
744	-7.000	3.865	6.445
996	-7.000	3.865	1.638
783	-6.999	3.848	6.804
971	-6.999	3.844	6.819
1079	-6.998	3.850	6.821
978	-6.993	3.875	16.957
951	-6.986	0.871	6.688
1150	-6.983	0.875	6.692
926	-6.982	3.171	6.755
751	-6.977	3.162	6.755
753	-6.977	3.162	4.437
1061	-6.977	3.162	6.611
1068	-6.977	3.162	6.418
1094	-6.977	3.162	4.836
1152	-6.977	3.162	4.836
1001	-6.974	3.162	4.835
732	-6.974	2.498	4.835
696	-6.970	3.172	4.835
727	-6.970	3.172	4.835
857	-6.970	3.171	4.835
1020	-6.970	3.171	17.263
792	-6.970	3.172	4.835
908	-6.970	3.172	17.052
957	-6.970	3.171	5.947
1034	-6.970	3.172	5.947
539	-6.970	2.494	5.947
666	-6.969	2.460	5.947
642	-6.968	2.476	5.947
628	-6.967	2.475	5.947
671	-6.966	2.451	5.947
667	-6.960	2.448	3.473
622	-6.957	2.571	3.522
1109	-6.954	2.999	3.601
801	-6.952	3.893	3.741
603	-6.945	3.165	7.668
647	-6.945	3.165	7.668
1031	-6.944	3.165	6.885
1023	-6.944	3.165	6.885
1118	-6.944	3.165	6.882
1128	-6.944	3.165	0.012
1147	-6.944	3.165	0.011
1151	-6.944	3.165	0.000
1153	-6.944	3.165	5.968
1164	-6.944	3.165	5.967
679	-6.944	2.729	5.967
740	-6.940	3.165	5.967
1179	-6.913	2.917	4.459
1143	-6.913	2.914	4.465
1131	-6.913	2.881	4.457
1169	-6.910	3.384	4.490
1148	-6.910	3.383	7.084
872	-6.910	3.383	4.532
877	-6.910	3.384	4.120
1053	-6.909	3.384	4.099
1082	-6.909	2.057	7.896
819	-6.908	2.046	7.896
1012	-6.907	3.383	7.896
958	-6.885	3.896	4.326
897	-6.883	3.388	1.844
1087	-6.883	3.388	1.841
553	-6.882	3.389	1.841
545	-6.882	3.388	4.820
905	-6.880	3.387	6.598
934	-6.880	3.387	6.599
757	-6.877	3.388	4.789
1046	-6.876	3.388	2.701
1024	-6.876	3.387	5.215
602	-6.876	3.387	2.719
608	-6.876	3.387	7.031
796	-6.876	3.387	4.852
821	-6.876	3.387	4.762
933	-6.876	3.387	4.762
960	-6.876	3.387	4.761
720	-6.876	3.387	4.761
818	-6.876	3.387	2.653
729	-6.875	3.387	2.624
742	-6.874	3.388	10.301
999	-6.874	3.387	10.300
1003	-6.874	3.388	10.973
739	-6.874	3.387	9.687
931	-6.868	3.385	6.787
972	-6.867	2.252	6.788
920	-6.858	3.016	6.788
693	-6.858	3.015	6.768
759	-6.858	3.016	6.663
804	-6.857	3.014	10.437
1059	-6.857	3.015	5.181
896	-6.857	3.016	5.187
746	-6.852	3.015	7.651
1036	-6.841	2.483	7.925
694	-6.839	2.483	7.925
721	-6.839	2.483	7.171
638	-6.837	2.483	8.659
1121	-6.836	1.255	9.693
1134	-6.827	2.492	7.283
988	-6.810	3.314	7.279
653	-6.806	2.961	9.239
1165	-6.805	2.957	7.889
828	-6.805	2.952	7.586
866	-6.803	2.970	7.226
915	-6.802	2.982	7.202
560	-6.798	2.960	7.859
736	-6.789	2.951	7.420
881	-6.789	2.952	9.591
714	-6.788	2.950	7.005
614	-6.788	2.950	10.141
646	-6.788	2.950	6.983
687	-6.788	2.952	6.987
1033	-6.788	2.952	6.992
1037	-6.788	2.954	7.287
619	-6.788	2.955	8.220
607	-6.788	2.959	7.027
616	-6.786	2.950	7.124
878	-6.784	2.957	6.750
1009	-6.782	2.950	11.088
1040	-6.772	3.011	10.977
892	-6.772	3.011	10.972
914	-6.766	3.573	10.975
983	-6.740	3.907	21.357
898	-6.739	3.895	10.965
1465	-6.737	3.906	9.411
924	-6.735	3.909	9.573
816	-6.735	3.907	21.840
923	-6.723	3.011	13.308
876	-6.721	3.897	13.308
1097	-6.721	3.893	13.270
782	-6.721	3.607	13.267
1038	-6.721	3.608	15.075
1103	-6.721	3.608	12.701
1149	-6.721	3.602	8.915
1016	-6.718	3.091	8.964
1104	-6.715	3.384	8.963
1171	-6.688	3.074	8.963
855	-6.688	3.071	8.963
1080	-6.684	3.911	8.963
780	-6.684	3.908	8.962
711	-6.683	3.911	8.962
975	-6.683	3.909	8.962
1110	-6.683	3.907	8.458
1129	-6.683	3.911	9.003
1175	-6.683	3.909	8.980
925	-6.683	3.903	8.979
1166	-6.683	3.908	22.790
977	-6.681	3.913	8.920
1050	-6.681	3.922	8.920
919	-6.680	3.907	8.972
1127	-6.680	3.907	8.972
939	-6.680	3.913	10.541
928	-6.680	3.914	8.939
990	-6.678	3.911	8.875
763	-6.676	2.942	10.490
1138	-6.675	2.936	10.490
835	-6.675	2.947	10.490
862	-6.675	2.946	10.486
879	-6.675	2.947	10.486
845	-6.675	2.950	10.486
854	-6.675	2.948	10.486
805	-6.674	2.946	23.117
569	-6.640	2.980	22.899
585	-6.640	2.982	8.268
639	-6.639	2.980	8.268
662	-6.639	2.979	8.268
707	-6.639	2.978	8.268
784	-6.639	2.978	8.268
849	-6.639	2.979	8.268
863	-6.639	2.978	8.268
874	-6.639	2.978	10.328
927	-6.639	2.979	10.361
947	-6.639	2.979	10.359
1113	-6.639	2.978	10.431
686	-6.639	2.977	10.597
716	-6.639	2.978	0.138
718	-6.639	2.979	0.138
708	-6.639	2.979	8.929
959	-6.639	2.979	8.929
1091	-6.639	2.979	8.926
811	-6.639	2.983	7.757
865	-6.639	2.982	7.760
636	-6.638	2.980	7.763
1070	-6.638	2.979	8.086
1158	-6.637	2.932	8.085
986	-6.632	2.973	8.085
1072	-6.544	1.168	9.379
936	-6.487	3.462	8.379
1117	-6.487	3.462	7.932
941	-6.426	3.464	8.818
1116	-6.374	3.920	7.351
765	-6.262	3.639	4.753
550	-6.218	3.124	5.252
575	-6.218	3.124	5.559
904	-6.214	3.123	2.978
910	-6.214	3.124	2.978
929	-6.214	3.123	2.976
1096	-6.214	3.123	2.975
853	-6.190	3.827	3.065
761	-6.182	3.117	3.662
681	-6.180	3.117	3.085
1102	-6.009	2.884	3.710
1112	-6.009	2.885	3.705
1137	-6.009	2.884	3.690
1155	-5.982	3.441	2.814
844	-5.928	3.457	9.411
829	-5.909	3.445	13.307
543	-5.637	3.748	8.920
558	-5.636	3.750	8.972
563	-5.636	3.748	8.972
1063	-5.628	3.104	10.541
