221	-16.056	0.000	0.000
1165	-15.645	2.314	6.661
1156	-15.644	2.317	6.371
1428	-15.642	2.314	6.046
1434	-15.642	2.314	5.628
1053	-15.627	2.313	5.929
740	-15.626	2.312	5.940
301	-15.625	2.313	5.940
14	-15.625	2.313	5.547
19	-15.625	2.313	5.631
26	-15.625	2.313	5.677
61	-15.625	2.313	7.079
1192	-15.625	2.313	4.619
68	-15.625	2.313	16.788
79	-15.625	2.313	3.744
80	-15.625	2.313	3.747
81	-15.625	2.313	3.753
92	-15.625	2.313	14.207
107	-15.625	2.313	3.638
131	-15.625	2.313	4.645
144	-15.625	2.313	4.602
147	-15.625	2.313	4.602
151	-15.625	2.313	4.602
179	-15.625	2.313	4.544
199	-15.625	2.313	9.281
208	-15.625	2.313	14.311
216	-15.625	2.313	9.261
250	-15.625	2.313	9.262
259	-15.625	2.313	9.262
261	-15.625	2.313	9.265
262	-15.625	2.313	4.124
265	-15.625	2.313	8.636
269	-15.625	2.313	4.072
303	-15.625	2.313	4.077
311	-15.625	2.313	4.297
319	-15.625	2.313	4.298
337	-15.625	2.313	4.298
352	-15.625	2.313	4.299
355	-15.625	2.313	4.303
367	-15.625	2.313	4.304
373	-15.625	2.313	4.305
411	-15.625	2.313	4.000
426	-15.625	2.313	4.762
441	-15.625	2.313	4.320
236	-15.624	2.313	4.589
1199	-15.624	2.313	15.270
1409	-15.624	2.313	4.636
482	-15.624	2.313	4.636
484	-15.624	2.313	4.623
502	-15.624	2.313	4.623
1397	-15.624	2.313	4.441
1272	-15.623	2.313	4.624
505	-15.623	2.313	1.747
508	-15.623	2.313	1.746
543	-15.623	2.313	1.746
1442	-15.623	2.313	1.746
150	-15.615	2.312	1.745
180	-15.615	2.312	1.745
200	-15.615	2.312	1.745
203	-15.615	2.312	1.745
275	-15.615	2.312	1.744
388	-15.615	2.312	1.745
1450	-15.615	2.312	1.742
372	-13.311	2.399	4.831
527	-13.309	2.394	4.829
400	-13.298	2.399	3.710
387	-12.104	1.898	4.182
248	-12.104	1.898	4.186
317	-12.104	1.898	4.057
318	-12.104	1.898	4.057
390	-12.104	1.898	4.057
398	-12.104	1.898	4.058
994	-12.102	1.898	4.063
495	-12.101	1.898	4.063
496	-12.101	1.898	4.064
532	-12.101	1.898	4.080
1299	-12.096	1.898	4.556
117	-10.667	2.868	7.823
551	-10.667	2.869	7.731
497	-10.661	2.847	8.169
186	-10.660	2.841	8.515
1046	-10.525	2.184	7.902
36	-9.460	2.357	16.407
169	-9.437	2.019	5.301
86	-9.400	2.358	2.946
114	-9.377	2.530	2.948
202	-9.377	2.530	2.408
463	-9.377	2.530	2.633
1197	-9.376	2.530	3.127
715	-9.361	2.370	4.098
434	-9.359	2.369	2.692
