750	-6.213	0.000	15.055
695	-6.208	0.002	8.289
772	-6.208	0.002	9.119
837	-6.208	0.002	8.379
791	-6.208	0.002	8.375
829	-6.208	0.002	8.375
887	-6.208	0.002	8.730
917	-6.208	0.002	9.643
1051	-6.199	0.015	15.344
569	-6.181	0.011	9.611
633	-6.181	0.011	9.612
819	-6.181	0.011	9.612
831	-6.181	0.011	9.615
899	-6.181	0.011	7.474
902	-6.181	0.011	9.187
909	-6.181	0.011	7.464
980	-6.181	0.011	7.458
565	-6.180	0.011	3.120
721	-6.180	0.011	3.119
859	-6.180	0.011	3.119
862	-6.180	0.011	3.118
636	-6.180	0.011	3.113
735	-6.180	0.011	3.112
766	-6.180	0.011	3.112
788	-6.180	0.011	7.069
970	-6.180	0.011	3.275
1017	-6.180	0.011	3.095
1029	-6.180	0.011	3.286
825	-5.993	1.334	3.425
836	-5.930	1.850	2.669
956	-5.930	1.850	6.010
958	-5.930	1.850	6.005
555	-5.929	1.850	5.920
609	-5.877	1.295	0.001
894	-5.866	1.289	4.743
685	-5.865	1.289	3.764
820	-5.865	1.289	5.872
992	-5.857	1.292	2.658
656	-5.857	1.292	1.631
658	-5.857	1.292	3.037
726	-5.857	1.292	3.038
738	-5.857	1.293	3.033
852	-5.857	1.292	1.700
922	-5.857	1.292	5.697
1007	-5.856	1.292	5.699
574	-5.850	1.300	6.474
648	-5.850	1.300	6.350
845	-5.850	1.300	9.047
1016	-5.803	2.668	15.055
900	-5.705	1.929	3.286
907	-5.705	1.936	16.821
757	-5.705	1.932	3.107
818	-5.705	1.931	3.107
822	-5.705	1.931	3.272
1049	-5.645	1.924	6.598
947	-5.555	1.706	15.604
690	-5.554	1.706	0.000
792	-5.554	1.706	0.001
884	-5.554	1.706	4.742
702	-5.554	1.706	4.745
703	-5.554	1.706	4.742
714	-5.554	1.706	3.764
718	-5.554	1.706	5.871
942	-5.550	1.706	3.037
802	-5.516	1.706	8.353
838	-5.516	1.706	8.353
892	-5.516	1.706	8.534
975	-5.516	1.706	7.890
700	-5.515	1.706	7.949
971	-5.288	1.569	7.025
928	-5.278	1.565	7.127
793	-5.266	2.321	8.747
1027	-5.251	2.895	8.370
776	-5.250	3.038	17.594
761	-5.250	3.010	8.351
688	-5.247	2.181	8.351
719	-5.247	2.181	8.352
760	-5.247	2.181	15.055
1003	-5.231	2.858	8.730
860	-5.231	2.855	9.643
1031	-5.225	1.557	9.612
552	-5.225	1.556	9.615
554	-5.225	1.556	7.474
575	-5.217	2.066	9.187
638	-5.217	2.067	7.464
767	-5.217	2.065	7.458
586	-5.217	2.067	3.120
594	-5.217	2.067	3.119
596	-5.217	2.067	3.119
604	-5.217	2.068	3.118
800	-5.126	1.543	3.275
941	-5.121	2.296	3.095
861	-5.112	2.299	3.107
736	-5.110	2.293	3.106
840	-5.098	2.297	3.272
895	-5.098	2.297	3.272
889	-5.097	2.297	3.234
699	-5.097	2.297	3.271
844	-5.097	2.297	6.024
747	-5.088	2.306	6.029
809	-5.088	2.306	6.029
886	-5.088	2.306	6.025
888	-5.088	2.306	6.025
933	-5.088	2.306	6.025
1012	-5.087	2.306	6.026
1020	-5.087	2.306	6.029
1039	-5.087	2.306	6.026
1032	-5.087	2.306	6.026
832	-5.085	2.306	6.031
693	-5.073	2.310	7.344
771	-5.073	2.310	7.318
748	-5.072	2.310	7.160
751	-5.072	2.310	7.160
742	-5.072	2.310	3.428
830	-5.072	2.310	3.425
877	-5.072	2.310	6.589
880	-5.072	2.310	6.590
904	-5.072	2.310	6.598
1008	-5.072	2.310	7.173
641	-5.071	2.096	1.864
749	-5.071	2.096	1.864
806	-5.071	2.096	1.864
910	-5.071	2.096	1.864
851	-5.071	2.095	6.289
731	-5.070	2.095	2.098
843	-5.070	2.096	6.278
538	-5.067	2.095	7.143
756	-5.058	2.058	6.343
801	-5.058	2.058	6.339
807	-5.058	2.058	6.729
796	-5.058	2.058	5.828
858	-5.058	2.058	5.827
803	-5.058	2.059	5.845
978	-5.058	2.064	6.009
1010	-5.057	2.058	6.010
682	-5.028	2.050	15.944
827	-5.027	2.050	5.788
961	-5.027	2.050	5.786
866	-5.026	2.135	5.576
705	-5.025	2.135	18.482
734	-5.025	2.135	4.256
906	-5.006	2.063	5.584
856	-4.998	1.428	5.583
1045	-4.998	1.428	5.584
684	-4.996	1.687	15.604
680	-4.995	1.687	0.001
1057	-4.959	1.407	4.746
885	-4.959	1.407	4.743
983	-4.959	1.407	3.764
985	-4.959	1.407	5.872
988	-4.959	1.407	2.658
1037	-4.958	1.407	1.631
1033	-4.957	1.407	3.037
1035	-4.957	1.407	3.038
722	-4.926	1.717	3.033
674	-4.925	1.717	1.700
854	-4.857	1.716	5.697
923	-4.857	1.716	5.699
905	-4.819	1.534	9.537
1002	-4.819	1.534	9.555
1013	-4.657	1.846	8.388
898	-4.651	2.080	6.490
777	-4.650	2.080	6.490
828	-4.650	2.080	6.490
870	-4.650	2.080	6.474
878	-4.650	2.080	6.350
972	-4.606	2.092	9.047
1038	-4.606	2.091	8.391
798	-4.606	2.092	5.186
967	-4.152	3.166	8.353
805	-3.894	3.298	8.353
