1643	-6.381	0.000	7.098
1655	-6.381	0.000	6.956
1674	-6.381	0.000	6.752
1693	-6.381	0.000	5.770
1722	-6.381	0.000	2.088
1728	-6.381	0.000	6.724
1741	-6.381	0.000	7.074
1772	-6.381	0.000	7.074
1679	-6.307	1.256	7.290
1710	-6.307	1.256	7.289
1730	-6.307	1.256	7.289
1760	-6.307	1.256	7.289
1690	-6.169	1.373	16.821
1709	-6.169	1.373	3.107
1714	-6.169	1.373	3.106
1729	-6.169	1.373	3.272
1742	-6.169	1.373	3.272
1746	-6.169	1.373	3.234
1761	-6.169	1.373	3.271
1764	-6.140	1.377	6.029
1737	-5.996	1.912	3.428
1696	-5.975	1.902	6.589
1754	-5.975	1.902	6.590
1745	-5.975	1.902	6.598
1700	-5.974	1.882	7.173
1719	-5.974	1.882	1.864
1726	-5.974	1.882	1.864
1774	-5.974	1.882	1.864
1635	-5.972	1.930	1.864
1648	-5.972	1.930	6.289
1649	-5.972	1.930	2.098
1658	-5.972	1.930	6.278
1661	-5.972	1.930	7.143
1666	-5.972	1.930	6.343
1669	-5.972	1.930	6.329
1670	-5.972	1.930	6.329
1713	-5.972	1.930	6.343
1718	-5.972	1.930	6.343
1731	-5.972	1.930	6.348
1755	-5.972	1.930	6.343
1759	-5.972	1.930	6.339
1768	-5.972	1.930	6.729
1708	-5.969	1.930	5.828
1657	-5.854	1.885	9.537
1692	-5.854	1.885	9.555
1723	-5.854	1.885	8.388
1743	-5.854	1.885	6.490
1684	-5.853	1.884	6.490
1705	-5.853	1.885	6.490
1676	-5.818	2.083	6.896
1685	-5.818	2.083	6.893
1698	-5.818	2.083	6.893
1753	-5.717	2.081	3.112
1767	-5.717	2.081	3.112
1701	-5.716	2.081	7.069
1641	-5.547	2.598	3.033
1691	-5.543	2.597	1.700
1675	-5.543	2.597	5.697
1050	-5.540	2.597	6.350
1394	-5.539	2.597	9.047
1734	-5.517	2.584	8.530
1637	-5.516	2.584	8.530
1663	-5.516	2.584	8.530
1775	-5.514	2.584	7.950
1695	-5.514	2.584	10.142
1725	-5.514	2.584	7.727
1699	-5.502	1.633	7.726
1773	-5.502	1.633	7.726
1732	-5.490	2.572	8.288
1019	-5.353	1.693	7.999
1011	-5.310	1.694	6.333
1650	-5.163	2.438	3.113
1056	-5.140	2.450	3.112
1289	-5.140	2.450	3.112
1448	-5.140	2.450	7.069
1668	-5.113	1.776	3.286
1683	-5.113	1.776	16.821
1758	-5.081	2.458	2.114
1763	-5.078	2.463	2.114
1748	-5.078	2.463	2.114
1724	-5.078	2.464	2.114
1647	-5.078	2.463	2.114
1740	-5.032	2.466	7.133
1752	-4.183	2.719	8.530
