741	-5.376	0.000	7.351
3	-5.361	0.004	8.072
228	-5.361	0.004	8.057
233	-5.361	0.004	7.312
316	-5.361	0.004	7.311
383	-5.361	0.004	7.311
529	-5.361	0.005	7.311
568	-5.361	0.004	7.314
706	-5.361	0.004	7.312
480	-5.361	0.002	7.312
55	-5.360	0.021	7.314
38	-5.360	0.004	7.317
122	-5.360	0.004	7.317
143	-5.360	0.003	7.246
175	-5.360	0.004	7.317
191	-5.360	0.004	8.734
216	-5.360	0.004	8.741
263	-5.360	0.004	8.741
272	-5.360	0.002	8.742
282	-5.360	0.004	8.737
32	-5.360	0.004	8.737
205	-5.345	0.010	6.376
221	-5.345	0.008	6.377
235	-5.345	0.008	7.478
306	-5.345	0.008	7.478
470	-5.345	0.008	6.383
514	-5.345	0.008	6.377
515	-5.345	0.008	6.661
521	-5.345	0.008	2.470
530	-5.345	0.008	6.060
541	-5.345	0.008	7.884
549	-5.345	0.008	0.000
559	-5.345	0.008	7.915
605	-5.345	0.008	22.769
673	-5.345	0.009	7.187
679	-5.345	0.008	6.462
1	-5.345	0.008	6.460
7	-5.345	0.008	6.462
10	-5.345	0.008	20.513
17	-5.345	0.008	6.300
19	-5.345	0.008	6.300
22	-5.345	0.008	6.971
39	-5.345	0.007	6.239
41	-5.345	0.009	6.238
45	-5.345	0.008	6.960
83	-5.345	0.008	6.316
95	-5.345	0.008	6.167
96	-5.345	0.008	6.059
113	-5.345	0.008	6.067
123	-5.345	0.008	6.069
176	-5.345	0.009	6.065
177	-5.345	0.008	5.731
188	-5.345	0.008	6.313
270	-5.345	0.008	6.310
271	-5.345	0.008	7.634
287	-5.345	0.005	7.638
147	-5.344	0.020	2.552
174	-5.344	0.005	4.878
746	-5.344	0.008	2.441
169	-5.344	0.098	2.441
290	-5.282	1.963	9.205
305	-5.282	1.963	8.072
313	-5.282	1.963	8.057
386	-5.282	1.963	7.312
684	-5.282	1.963	7.311
696	-5.282	1.962	7.311
295	-5.282	1.963	7.311
385	-5.282	1.962	7.314
26	-5.281	1.963	7.312
28	-5.281	1.963	7.703
33	-5.281	1.963	6.908
49	-5.281	1.963	7.312
107	-5.281	1.963	7.214
115	-5.281	1.963	21.909
131	-5.281	1.963	7.314
127	-5.281	1.961	7.314
756	-5.281	1.962	7.317
660	-5.281	1.961	7.317
441	-5.274	1.966	8.734
661	-5.271	1.966	8.741
640	-5.271	1.963	8.742
749	-5.271	1.965	8.737
596	-5.271	1.964	8.737
206	-5.271	1.964	8.737
224	-5.271	1.963	8.736
226	-5.271	1.963	8.736
229	-5.271	1.963	8.737
242	-5.271	1.963	8.738
279	-5.271	1.963	8.740
324	-5.271	1.963	7.058
338	-5.271	1.963	7.058
379	-5.271	1.963	7.058
407	-5.271	1.963	7.058
506	-5.271	1.963	7.058
524	-5.271	1.963	7.058
526	-5.271	1.963	7.058
536	-5.271	1.963	8.890
538	-5.271	1.963	8.940
554	-5.271	1.963	8.992
569	-5.271	1.963	9.031
580	-5.271	1.963	2.667
586	-5.271	1.963	2.667
590	-5.271	1.963	2.667
593	-5.271	1.962	7.220
614	-5.271	1.962	7.220
624	-5.271	1.963	7.218
627	-5.271	1.963	6.852
667	-5.271	1.963	6.858
724	-5.271	1.962	2.740
44	-5.271	1.963	6.944
81	-5.271	1.963	6.943
102	-5.271	1.963	6.943
173	-5.271	1.963	6.943
266	-5.271	1.963	7.211
552	-5.271	1.964	7.079
764	-5.271	1.963	7.079
307	-5.271	1.963	2.635
581	-5.271	1.962	7.393
543	-5.271	1.960	7.273
669	-5.271	1.961	7.109
600	-5.270	1.968	7.399
747	-5.270	1.966	7.404
321	-5.269	1.971	7.405
685	-5.269	1.959	7.429
571	-5.267	1.960	7.205
332	-5.267	1.947	7.204
630	-5.266	1.972	6.366
748	-5.260	1.974	6.366
671	-5.260	1.960	6.376
711	-5.192	1.948	6.310
335	-5.192	1.974	7.634
496	-5.183	1.910	7.638
328	-5.180	2.271	1.119
340	-5.180	2.272	1.119
384	-5.180	2.271	1.119
237	-5.180	2.272	1.120
303	-5.180	2.271	1.126
308	-5.180	2.272	7.318
368	-5.180	2.271	7.935
419	-5.180	2.272	5.689
432	-5.180	2.271	7.334
434	-5.180	2.272	3.475
443	-5.180	2.271	3.475
503	-5.180	2.271	3.475
563	-5.180	2.272	3.363
587	-5.180	2.272	3.363
629	-5.180	2.272	3.474
707	-5.180	2.272	2.645
260	-5.180	2.272	2.550
275	-5.180	2.271	2.552
312	-5.180	2.272	4.878
692	-5.180	2.271	2.441
761	-5.180	2.272	2.441
517	-5.180	2.272	2.441
1387	-5.178	2.276	2.441
398	-5.175	2.271	2.412
460	-5.173	2.264	3.054
342	-5.171	2.271	2.579
718	-5.171	2.271	7.147
208	-5.171	2.271	6.958
289	-5.171	2.271	1.370
291	-5.171	2.271	2.906
310	-5.171	2.271	0.001
329	-5.171	2.271	1.623
333	-5.171	2.271	7.989
337	-5.171	2.271	1.734
350	-5.171	2.271	1.722
360	-5.171	2.271	1.722
366	-5.171	2.271	1.966
370	-5.171	2.271	3.379
374	-5.171	2.271	2.260
382	-5.171	2.271	2.255
410	-5.171	2.271	9.392
415	-5.171	2.271	10.011
427	-5.171	2.271	9.943
435	-5.171	2.271	9.943
472	-5.171	2.271	9.952
474	-5.171	2.271	9.962
482	-5.171	2.271	20.491
485	-5.171	2.271	9.860
507	-5.171	2.271	8.700
585	-5.171	2.271	8.694
610	-5.171	2.271	8.694
612	-5.171	2.271	20.950
646	-5.171	2.271	11.262
647	-5.171	2.271	20.685
648	-5.171	2.271	11.233
650	-5.171	2.271	20.679
670	-5.171	2.271	11.234
674	-5.171	2.271	11.239
708	-5.171	2.271	8.016
715	-5.171	2.271	9.206
722	-5.171	2.271	8.072
254	-5.170	1.890	8.057
54	-5.170	2.271	7.312
64	-5.170	2.271	7.311
108	-5.170	2.271	7.312
110	-5.170	2.271	7.312
120	-5.170	2.271	7.314
128	-5.170	2.271	7.312
134	-5.170	2.271	7.312
135	-5.170	2.271	7.703
274	-5.170	2.271	6.908
278	-5.170	2.271	7.312
448	-5.170	2.271	7.214
681	-5.170	2.271	21.910
699	-5.170	2.271	7.314
700	-5.170	2.271	7.314
725	-5.170	2.274	7.318
406	-5.170	2.273	7.317
478	-5.170	2.280	7.246
79	-5.169	1.888	7.317
111	-5.169	1.886	8.735
334	-5.169	1.885	8.742
57	-5.169	1.887	8.742
732	-5.169	2.271	8.742
247	-5.169	2.271	8.737
250	-5.169	2.272	8.737
489	-5.169	2.272	8.737
622	-5.169	2.273	8.737
225	-5.168	1.622	8.736
76	-5.168	1.622	8.737
106	-5.168	1.622	8.738
192	-5.168	1.622	8.741
690	-5.164	2.287	7.058
190	-5.160	1.623	7.058
509	-5.160	1.623	7.058
13	-5.160	1.623	7.058
21	-5.160	1.623	7.058
24	-5.160	1.623	7.058
31	-5.160	1.623	8.890
34	-5.160	1.623	8.941
51	-5.160	1.623	8.992
61	-5.160	1.623	9.031
67	-5.160	1.623	2.667
68	-5.160	1.623	2.667
82	-5.160	1.623	2.667
91	-5.160	1.623	7.220
112	-5.160	1.623	7.220
137	-5.160	1.623	7.218
139	-5.160	1.623	6.853
148	-5.160	1.623	6.858
151	-5.160	1.623	2.740
159	-5.160	1.623	6.944
162	-5.160	1.623	6.944
167	-5.160	1.623	6.944
168	-5.160	1.623	6.944
171	-5.160	1.623	7.211
178	-5.160	1.623	7.079
181	-5.160	1.623	7.079
186	-5.160	1.623	2.635
207	-5.160	1.622	7.393
219	-5.160	1.623	7.274
570	-5.160	1.623	7.109
631	-5.160	1.623	7.399
652	-5.160	1.623	7.404
558	-5.159	1.621	7.406
471	-5.159	1.617	7.406
292	-5.159	2.284	7.429
658	-5.159	2.284	6.371
672	-5.157	1.619	7.205
737	-5.157	2.247	7.204
768	-5.157	2.263	6.366
490	-5.156	2.268	7.235
248	-5.153	1.880	6.377
180	-5.152	1.881	7.479
562	-5.152	1.881	7.479
632	-5.152	1.879	6.383
243	-5.152	1.889	6.377
1221	-5.148	2.284	20.514
1307	-5.148	2.285	6.300
1339	-5.148	2.283	6.300
1081	-5.148	2.284	6.971
1297	-5.147	2.291	6.239
1089	-5.147	2.284	6.239
198	-5.146	2.283	6.961
212	-5.146	2.283	6.317
726	-5.146	2.285	6.168
367	-5.146	2.284	6.059
217	-5.146	2.283	6.067
236	-5.145	1.851	6.069
14	-5.145	2.284	6.066
36	-5.145	2.283	5.732
40	-5.145	2.283	6.314
63	-5.145	2.283	6.310
766	-5.145	2.283	7.634
46	-5.145	2.282	7.638
53	-5.145	2.282	6.480
105	-5.145	2.282	1.119
210	-5.145	2.283	1.119
43	-5.144	2.274	1.119
154	-5.132	1.609	1.120
285	-5.132	2.335	1.126
555	-5.129	2.282	7.935
30	-5.129	2.283	5.690
52	-5.129	2.282	7.334
545	-5.129	2.281	3.475
750	-5.129	2.283	3.475
693	-5.129	2.287	3.475
343	-5.129	2.282	3.363
1121	-5.128	2.272	3.363
388	-5.125	2.307	3.474
223	-5.122	1.822	2.645
256	-5.122	1.839	2.550
222	-5.122	1.826	2.552
347	-5.122	1.825	4.878
429	-5.122	1.826	2.441
744	-5.122	1.827	2.441
183	-5.122	1.838	2.441
193	-5.116	1.831	2.441
682	-5.116	1.823	3.048
713	-5.116	1.828	3.836
142	-5.116	1.828	2.412
150	-5.116	1.825	3.054
273	-5.116	1.827	2.579
357	-5.116	1.827	7.147
402	-5.116	1.828	6.958
449	-5.116	1.827	1.370
457	-5.116	1.828	2.906
611	-5.116	1.826	0.001
643	-5.116	1.826	1.623
702	-5.116	1.826	7.989
745	-5.116	1.828	1.734
769	-5.116	1.824	1.722
774	-5.116	1.827	1.722
598	-5.116	1.825	1.966
604	-5.116	1.826	3.378
246	-5.116	1.828	2.260
454	-5.116	1.834	2.255
733	-5.116	1.828	9.392
184	-5.116	1.828	10.011
195	-5.116	1.827	9.943
264	-5.116	1.827	9.943
298	-5.116	1.827	9.952
326	-5.116	1.829	9.962
358	-5.116	1.827	20.491
364	-5.116	1.827	9.860
378	-5.116	1.827	8.700
392	-5.116	1.827	8.694
455	-5.116	1.827	8.694
523	-5.116	1.827	20.950
525	-5.116	1.825	11.262
542	-5.116	1.827	20.685
560	-5.116	1.828	11.233
592	-5.116	1.828	20.679
601	-5.116	1.826	11.234
626	-5.116	1.828	11.239
695	-5.116	1.828	8.015
705	-5.116	1.825	9.206
762	-5.116	1.830	8.072
594	-5.116	1.832	8.057
387	-5.115	1.818	7.312
710	-5.115	1.832	7.312
414	-5.113	1.884	7.312
535	-5.111	2.073	7.312
436	-5.111	1.868	7.314
1376	-5.111	1.822	7.313
582	-5.104	2.304	8.737
1286	-5.104	2.406	8.737
325	-5.099	1.952	8.736
703	-5.099	1.791	8.737
668	-5.099	1.939	8.738
727	-5.099	2.333	8.741
573	-5.097	2.288	7.058
1006	-5.095	2.321	7.058
1222	-5.088	2.242	7.058
1097	-5.087	1.970	8.890
77	-5.083	1.929	9.031
662	-5.082	1.767	2.667
664	-5.080	2.065	6.944
100	-5.078	2.017	6.944
607	-5.064	1.704	7.109
239	-5.053	2.038	6.061
257	-5.047	2.068	2.441
240	-5.045	1.915	1.370
98	-5.028	1.845	1.722
4	-5.013	1.858	10.011
15	-5.013	1.857	9.943
25	-5.013	1.858	9.943
104	-5.013	1.858	9.952
149	-5.013	1.858	9.962
92	-5.013	1.859	20.491
309	-5.013	1.857	9.860
35	-5.013	1.857	8.700
372	-4.998	1.857	20.950
691	-4.998	1.856	11.262
2	-4.998	1.856	20.685
23	-4.998	1.856	11.233
116	-4.998	1.856	20.679
121	-4.998	1.856	11.234
136	-4.998	1.856	11.239
141	-4.998	1.856	8.016
145	-4.998	1.855	9.206
153	-4.998	1.856	8.072
187	-4.998	1.856	8.057
204	-4.998	1.856	7.312
262	-4.998	1.855	7.311
439	-4.998	1.857	7.312
603	-4.998	1.856	7.312
16	-4.998	1.856	7.314
18	-4.998	1.856	7.312
157	-4.998	1.856	7.312
164	-4.998	1.856	7.703
5	-4.997	1.856	6.908
6	-4.997	1.856	7.312
8	-4.997	1.856	7.214
11	-4.997	1.855	21.910
361	-4.989	1.868	7.318
638	-4.986	1.534	7.317
532	-4.982	1.991	7.246
528	-4.970	2.048	8.742
513	-4.961	2.230	8.737
734	-4.956	1.503	8.737
172	-4.911	2.038	8.992
760	-4.865	1.723	7.884
363	-4.864	1.764	7.881
302	-4.852	1.720	7.916
9	-4.851	1.727	7.188
654	-4.846	1.692	6.460
211	-4.846	1.715	6.462
60	-4.843	1.760	6.300
502	-4.843	1.762	6.300
729	-4.839	1.722	6.168
688	-4.839	1.723	6.059
698	-4.839	1.725	6.067
723	-4.838	1.603	6.069
213	-4.838	1.722	6.066
767	-4.838	1.720	5.732
709	-4.826	1.760	7.334
683	-4.826	1.751	3.475
467	-4.825	1.755	3.475
757	-4.825	1.759	3.475
341	-4.777	2.060	9.942
281	-4.762	2.051	20.949
637	-4.762	2.051	11.262
314	-4.762	2.058	20.684
497	-4.762	2.059	11.232
539	-4.762	2.057	20.678
301	-4.762	2.061	11.234
286	-4.762	2.062	11.239
317	-4.762	2.062	8.015
152	-4.762	2.065	9.205
356	-4.762	2.065	8.071
331	-4.762	2.076	8.056
146	-4.761	2.034	7.312
423	-4.761	2.088	7.311
1360	-4.758	2.064	7.311
618	-4.757	2.000	7.313
512	-4.740	1.960	7.311
352	-4.738	1.966	7.214
595	-4.735	2.218	21.909
265	-4.710	2.011	8.740
373	-4.700	1.708	7.057
259	-4.675	1.313	6.971
492	-4.662	1.648	6.313
609	-4.662	1.648	6.310
245	-4.662	1.649	7.634
395	-4.662	1.650	7.638
575	-4.662	1.649	6.480
633	-4.662	1.648	1.119
544	-4.660	1.310	1.119
583	-4.474	2.286	9.962
754	-3.945	3.836	2.255
218	-3.811	3.555	8.864
634	-3.771	3.355	8.868
589	-3.749	3.624	7.566
565	-3.748	3.663	7.566
649	-3.748	3.674	7.566
606	-3.748	3.639	7.566
721	-3.748	3.660	8.917
776	-3.748	3.642	8.969
165	-3.747	3.684	9.020
665	-3.747	3.686	9.052
687	-3.747	3.680	3.445
771	-3.747	3.645	3.445
765	-3.745	3.718	3.445
752	-3.740	3.500	7.363
742	-3.730	3.216	7.000
620	-3.684	3.557	7.362
548	-3.684	3.592	7.563
686	-3.683	3.643	7.563
675	-3.670	3.398	3.415
613	-3.669	3.378	7.227
359	-3.564	3.058	7.944
327	-3.563	3.074	7.942
500	-3.558	3.270	7.979
714	-3.558	3.268	23.038
540	-3.544	2.450	6.880
550	-3.504	3.505	6.160
