1841	-5.023	0.000	1.966
1874	-5.022	0.020	3.379
1863	-5.022	0.013	2.260
1933	-5.022	0.016	2.255
1898	-5.004	0.187	8.694
1650	-4.898	2.593	6.367
1614	-4.724	1.914	8.736
1809	-4.720	1.934	8.736
1912	-4.715	1.893	8.737
1825	-4.713	1.961	8.737
1637	-4.662	1.901	1.119
1805	-4.611	0.060	2.552
1819	-4.608	0.066	4.879
1654	-4.599	0.057	2.441
1657	-4.599	0.047	2.441
1887	-4.387	1.762	8.694
1839	-4.284	0.681	8.737
1892	-4.107	2.264	6.961
1857	-4.098	2.445	6.317
1854	-4.058	1.823	1.119
1803	-4.041	2.306	3.363
759	-4.041	1.785	3.474
1624	-3.997	1.821	4.878
1865	-3.990	1.820	2.441
1807	-3.988	1.801	2.441
1787	-3.979	1.755	2.441
1814	-3.976	1.896	3.048
1820	-3.974	1.805	3.836
1851	-3.973	1.790	2.412
1802	-3.972	1.745	3.054
1821	-3.972	1.746	2.579
1808	-3.968	1.874	0.001
1842	-3.956	1.963	2.260
1855	-3.937	2.359	9.473
1830	-3.936	2.359	10.191
1833	-3.936	2.354	10.136
1881	-3.934	2.045	10.136
717	-3.914	1.404	7.646
1915	-3.896	2.422	7.517
1846	-3.888	1.544	22.216
651	-3.859	1.890	7.514
656	-3.839	1.972	8.870
777	-3.824	2.403	8.864
1864	-3.799	2.700	8.864
1925	-3.798	2.699	8.864
1804	-3.782	1.644	8.865
1860	-3.779	2.046	8.866
1859	-3.768	1.787	7.566
1602	-3.702	1.953	7.474
1828	-3.665	2.826	7.115
778	-3.332	2.546	2.175
1856	-3.277	2.739	2.164
1625	-3.269	2.861	6.878
735	-3.261	3.045	7.402
736	-3.248	3.059	5.546
1831	-3.223	2.768	6.888
602	-3.215	3.134	1.697
1815	-3.198	2.373	2.426
676	-3.188	3.017	2.471
