1763	-5.562	0.000	20.780
1691	-5.562	0.009	6.862
1733	-5.562	0.017	6.861
1748	-5.562	0.015	6.567
1724	-5.562	0.018	6.568
1770	-5.562	0.030	6.692
1764	-5.562	0.019	6.569
1749	-5.561	0.029	7.888
1743	-5.561	0.020	7.899
1774	-5.561	0.019	7.899
1723	-5.559	0.059	7.900
1696	-5.457	0.210	6.522
1548	-5.219	0.114	7.881
1535	-5.219	0.109	7.915
1594	-5.218	0.138	22.769
1514	-5.218	0.105	7.187
1585	-5.218	0.114	6.462
1635	-5.218	0.114	6.460
1470	-5.217	0.137	6.462
1467	-5.217	0.143	20.513
1567	-5.216	0.105	6.300
1458	-5.215	0.110	6.300
1398	-5.215	0.124	6.971
1642	-5.211	0.182	6.960
1577	-5.207	0.245	6.167
1408	-5.200	0.070	6.059
1481	-5.168	0.293	7.058
1565	-5.154	0.176	6.367
1456	-5.084	0.338	8.992
1760	-5.002	2.002	8.694
1689	-4.852	0.964	22.770
1640	-4.809	0.977	1.722
1557	-4.763	0.647	8.699
1767	-4.695	2.210	8.940
1599	-4.695	2.214	8.991
1570	-4.695	2.215	9.031
1722	-4.695	2.215	2.667
1756	-4.695	2.215	2.667
1711	-4.695	2.216	2.667
1714	-4.695	2.216	7.220
1725	-4.695	2.216	7.219
1727	-4.695	2.216	7.218
1747	-4.695	2.216	6.852
1752	-4.695	2.216	6.857
1772	-4.695	2.216	2.740
1679	-4.694	2.215	6.943
1621	-4.694	2.216	6.943
1663	-4.694	2.216	6.943
1674	-4.694	2.216	6.943
1682	-4.694	2.216	7.210
1684	-4.694	2.216	7.079
1687	-4.694	2.216	7.079
1669	-4.694	2.216	2.635
1677	-4.694	2.216	7.393
1668	-4.694	2.216	7.273
1693	-4.694	2.216	7.109
1700	-4.694	2.216	7.398
1708	-4.691	2.195	7.405
1400	-4.676	2.217	6.382
1409	-4.676	2.217	6.377
1414	-4.676	2.217	6.661
1421	-4.676	2.217	2.470
1440	-4.676	2.217	6.060
1441	-4.676	2.217	7.883
1446	-4.676	2.217	7.881
1449	-4.676	2.217	7.915
1418	-4.676	2.218	22.769
1460	-4.676	2.217	7.187
1469	-4.676	2.217	6.461
1496	-4.676	2.217	6.459
1499	-4.676	2.217	6.461
1504	-4.676	2.217	20.513
1510	-4.676	2.217	6.300
1519	-4.676	2.217	6.300
1543	-4.675	2.215	6.238
1572	-4.675	2.217	6.238
1574	-4.675	2.217	6.960
1578	-4.675	2.217	6.316
1533	-4.675	2.217	6.167
1563	-4.675	2.217	6.058
1530	-4.675	2.217	6.067
1592	-4.674	2.217	6.069
1617	-4.673	2.217	6.065
1658	-4.672	2.218	5.731
1718	-4.655	1.896	1.120
1523	-4.652	2.199	1.126
1655	-4.623	2.604	3.475
1678	-4.623	2.600	3.475
1601	-4.623	2.602	3.363
1645	-4.623	2.602	3.363
1671	-4.623	2.592	3.474
1753	-4.622	2.591	2.645
1755	-4.622	2.584	2.550
1740	-4.567	2.054	1.722
1775	-4.515	1.966	9.943
1478	-4.452	1.395	20.492
1587	-4.409	1.784	9.860
1489	-4.402	1.694	8.700
1573	-4.387	2.376	8.694
1582	-4.385	2.706	20.950
1556	-4.384	2.698	11.262
1632	-4.384	2.692	20.685
1520	-4.380	2.706	11.233
1462	-4.380	2.700	20.679
1555	-4.374	2.787	11.234
1427	-4.373	1.696	11.239
1466	-4.357	2.787	7.313
1769	-4.356	1.812	7.312
1613	-4.340	2.510	7.246
1735	-4.329	1.940	7.317
1605	-4.290	1.941	8.742
1762	-4.074	3.687	6.168
1784	-4.074	3.687	6.059
1759	-4.074	3.688	6.068
1660	-4.074	3.688	6.070
1659	-4.074	3.687	6.066
1665	-4.074	3.688	5.732
1707	-4.074	3.684	6.314
1694	-4.073	3.689	6.311
1512	-4.070	2.294	7.634
1765	-4.065	2.283	7.638
1405	-4.046	3.691	1.120
1407	-4.046	3.691	1.126
1404	-4.046	3.691	7.318
1649	-4.046	3.690	7.935
1539	-4.046	3.691	5.690
1491	-4.046	3.690	7.334
1526	-4.046	3.698	3.475
1634	-4.045	3.691	3.475
1619	-4.045	3.691	3.475
1551	-4.041	2.796	2.645
1435	-3.845	3.985	7.514
397	-3.841	3.986	8.869
403	-3.841	3.969	8.869
1618	-3.785	3.706	8.864
1670	-3.766	3.705	7.566
1589	-3.656	3.820	7.297
1445	-3.640	3.810	7.232
1420	-3.640	3.804	7.237
1558	-3.636	3.830	7.239
1545	-3.636	3.827	7.239
1608	-3.636	3.826	7.260
1515	-3.636	3.822	6.090
1562	-3.636	3.817	7.022
1498	-3.636	3.819	7.021
1575	-3.636	3.819	6.083
1626	-3.636	3.818	7.055
1538	-3.636	3.815	6.085
1641	-3.636	3.815	6.096
1485	-3.636	3.812	6.096
1584	-3.515	3.905	6.340
1639	-3.515	3.906	6.152
1713	-3.474	3.884	6.159
1717	-3.398	3.912	6.101
