1939	-6.568	0.000	7.724
1884	-6.540	0.050	7.724
1793	-6.536	0.037	7.724
1934	-6.528	0.025	7.724
1921	-6.528	0.019	7.724
1927	-6.522	0.649	7.724
1813	-6.519	0.624	7.724
1794	-6.518	0.672	9.720
1861	-6.518	0.688	9.715
1942	-6.517	0.608	9.694
1920	-6.516	0.682	9.576
1924	-6.516	0.687	10.102
1886	-6.515	0.632	10.102
1906	-6.515	0.634	10.101
1837	-6.515	0.731	6.169
1875	-6.514	0.606	6.170
1868	-6.514	0.628	6.175
1930	-6.514	0.613	9.582
1878	-6.514	0.645	9.591
1791	-6.514	0.630	10.177
1858	-6.514	0.640	7.866
1834	-6.514	0.654	7.866
1896	-6.514	0.680	7.866
1903	-6.514	0.665	7.866
1880	-6.514	0.632	6.203
1870	-6.514	0.667	7.844
1917	-6.514	0.704	7.844
1788	-6.513	0.625	10.067
1789	-6.513	0.659	6.233
1786	-6.513	0.664	6.241
1910	-6.513	0.635	10.242
1943	-6.512	0.691	6.245
1876	-6.512	0.700	6.253
1909	-6.512	0.696	6.286
1891	-6.511	0.690	6.286
1873	-6.511	0.706	6.301
1940	-6.511	0.752	5.838
1894	-6.511	0.717	5.967
1798	-6.511	0.714	5.966
1905	-6.511	0.713	5.845
1893	-6.511	0.629	6.019
1918	-6.511	0.742	5.842
1869	-6.511	0.703	5.863
1902	-6.510	0.411	5.862
1835	-6.510	0.714	6.699
1862	-6.509	0.699	6.699
1801	-6.509	0.619	5.867
1850	-6.509	0.733	5.859
1938	-6.509	0.743	5.918
1919	-6.509	0.764	9.559
1872	-6.508	0.745	5.682
1800	-6.508	0.744	7.450
1907	-6.508	0.757	7.450
1829	-6.507	0.739	7.481
1901	-6.507	0.764	22.876
1929	-6.506	0.720	7.085
1923	-6.506	0.788	8.033
1908	-6.504	0.738	8.033
1890	-6.504	0.744	8.037
1913	-6.501	0.801	20.663
1818	-6.501	0.749	7.875
1797	-6.500	0.717	7.875
1812	-6.499	0.784	6.720
1928	-6.498	0.821	7.502
1900	-6.491	0.842	7.502
1792	-6.488	0.837	6.473
1811	-6.478	0.837	7.123
1806	-6.469	0.856	6.523
1817	-6.461	0.937	6.520
1883	-6.453	0.601	6.522
1871	-6.447	0.925	6.798
1888	-6.446	0.914	7.204
1795	-6.406	0.337	7.201
1836	-6.400	0.646	3.319
1897	-6.294	0.848	3.331
1936	-6.278	1.021	5.423
1849	-6.212	1.153	8.705
1866	-6.094	1.342	3.035
1867	-6.094	1.342	1.358
1882	-6.094	1.342	4.939
1885	-6.094	1.342	2.982
1926	-6.094	1.342	7.280
1911	-6.083	1.340	7.282
1895	-5.893	1.403	6.681
1823	-5.875	1.639	5.966
1847	-5.847	1.638	8.691
1832	-5.822	1.791	8.535
1799	-5.810	1.687	7.467
1853	-5.807	1.867	8.187
1810	-5.785	1.569	2.355
1914	-5.761	1.902	6.566
1932	-5.760	1.902	11.566
1916	-5.751	1.913	11.532
1931	-5.736	1.974	11.478
1790	-5.709	2.037	6.674
1848	-5.634	2.147	6.680
1845	-5.633	2.124	10.459
1879	-5.543	2.038	9.720
1904	-5.393	2.600	3.332
1877	-5.393	2.600	5.423
1899	-5.393	2.600	8.705
1844	-5.392	2.600	8.635
1816	-5.392	2.603	3.036
1935	-5.373	2.596	6.889
1941	-5.373	2.595	6.552
1796	-5.360	2.598	7.703
1824	-5.360	2.599	6.908
1840	-5.360	2.599	7.312
1852	-5.360	2.598	7.214
1822	-5.360	2.597	21.909
1922	-5.274	2.585	7.317
1937	-5.273	2.585	8.741
1889	-5.269	2.585	7.405
1843	-4.766	3.526	9.859
1838	-4.286	3.866	8.742
