810	-10.731	0.000	0.000
852	-10.731	0.000	6.477
876	-10.202	2.182	6.476
846	-10.202	2.180	6.477
811	-10.202	2.179	20.528
819	-10.202	2.179	6.316
836	-10.202	2.179	6.316
799	-10.188	2.175	6.994
809	-10.188	2.175	6.256
781	-10.188	2.175	6.256
805	-10.188	2.175	6.981
814	-9.901	2.177	6.334
971	-9.901	2.180	6.186
834	-9.901	2.180	6.078
840	-9.901	2.180	6.086
894	-9.901	2.180	6.088
933	-9.901	2.180	6.085
825	-9.901	2.183	5.750
794	-9.887	2.175	6.331
796	-9.887	2.175	6.328
798	-9.887	2.174	7.649
786	-9.887	2.174	7.653
803	-9.887	2.175	6.503
804	-9.887	2.175	1.102
790	-9.887	2.177	1.102
792	-9.886	2.181	1.102
791	-9.765	1.605	1.103
797	-9.765	1.605	1.113
800	-9.765	1.605	7.335
802	-9.765	1.605	7.954
784	-9.765	1.605	5.714
788	-9.765	1.605	7.351
865	-9.760	1.602	3.476
815	-9.760	1.602	3.476
838	-9.760	1.602	3.476
925	-9.737	1.040	3.366
780	-9.622	1.613	3.366
785	-9.620	1.613	3.475
783	-9.620	1.613	2.639
1223	-9.620	1.044	2.542
1220	-9.620	1.071	2.543
898	-9.619	1.064	4.872
1045	-9.579	0.959	2.432
787	-9.562	1.610	2.432
980	-9.562	1.062	2.432
975	-9.562	1.075	2.432
822	-9.561	1.062	3.037
844	-9.561	1.064	3.836
818	-9.561	1.065	2.404
908	-9.561	1.067	3.042
906	-9.561	1.066	2.571
808	-9.560	1.064	7.165
801	-9.560	1.058	6.976
793	-9.560	1.060	1.364
837	-9.560	1.081	2.907
1086	-9.559	1.071	0.027
830	-9.557	1.608	1.628
832	-9.557	1.608	8.011
923	-9.550	0.985	1.741
884	-9.536	0.117	1.729
913	-9.536	0.118	1.729
932	-9.536	0.117	1.978
938	-9.531	0.929	3.384
1035	-9.513	0.124	2.272
983	-9.513	0.124	2.267
782	-9.513	2.507	11.566
967	-9.462	0.857	11.476
820	-9.326	0.923	11.532
835	-9.321	0.910	11.532
779	-9.289	2.513	11.530
813	-9.243	2.327	11.478
807	-9.232	2.325	19.140
912	-9.158	2.539	11.597
843	-9.146	1.585	11.105
853	-9.146	1.585	11.103
1126	-8.834	0.872	11.103
823	-8.726	2.468	19.607
895	-8.663	2.334	3.868
349	-8.647	1.809	19.407
1134	-8.646	1.136	3.846
1171	-8.646	1.143	19.399
1320	-8.643	1.137	3.847
97	-8.626	1.103	3.851
197	-8.623	1.131	10.399
1191	-8.622	2.171	11.086
930	-8.592	2.337	10.377
944	-8.591	2.338	10.379
1319	-8.583	1.140	6.675
1294	-8.583	1.139	6.674
917	-8.583	2.173	6.675
1230	-8.578	1.146	6.675
1353	-8.565	2.167	6.681
1131	-8.565	2.183	6.680
1263	-8.558	1.041	6.680
1633	-8.522	0.913	10.458
534	-8.438	0.961	9.646
1388	-8.402	1.066	6.694
824	-8.340	2.962	6.277
442	-8.314	2.222	20.781
827	-8.204	1.666	6.862
444	-8.192	1.061	6.862
863	-8.172	1.659	6.568
929	-8.150	1.661	6.568
859	-8.108	1.783	6.693
498	-8.093	1.731	6.570
355	-7.971	1.947	7.888
267	-7.796	2.347	7.899
584	-7.640	0.881	7.899
770	-7.410	1.869	7.900
1136	-7.310	2.341	7.894
42	-7.085	1.952	7.894
833	-7.075	2.358	7.894
950	-7.033	2.392	7.894
623	-6.863	2.234	7.891
1109	-6.837	2.395	7.895
937	-6.731	2.308	7.898
450	-6.671	2.502	7.909
572	-6.470	2.306	6.869
958	-6.465	2.205	6.520
1196	-6.166	2.603	8.705
1060	-6.143	2.793	8.705
1211	-5.804	2.977	8.454
418	-5.034	3.432	7.989
354	-4.995	3.374	7.314
1345	-4.989	3.014	7.314
1568	-4.969	3.075	8.742
1522	-4.906	3.585	7.204
993	-4.897	3.853	6.377
1380	-4.817	3.705	2.412
1509	-4.766	3.834	20.491
