1541	-11.264	0.000	0.000
1545	-11.264	0.001	0.000
1547	-11.264	0.001	0.000
1561	-11.264	0.000	0.000
1566	-11.264	0.001	0.000
1581	-11.219	0.022	0.000
1582	-11.219	0.022	0.000
1590	-11.219	0.022	0.000
1594	-11.218	0.022	0.000
1624	-10.999	0.033	0.000
1589	-10.999	0.033	0.000
1598	-10.999	0.033	0.000
1583	-10.998	0.033	0.000
1595	-10.998	0.033	0.000
1608	-10.998	0.034	0.000
1609	-10.998	0.034	0.000
1610	-10.998	0.034	0.000
1615	-10.998	0.034	0.000
1616	-10.998	0.033	0.000
1618	-10.998	0.034	0.000
1620	-10.998	0.034	0.000
1630	-10.998	0.033	0.000
1631	-10.998	0.033	0.000
1632	-10.998	0.034	0.000
1563	-10.996	0.034	0.000
1565	-10.996	0.034	0.000
1580	-10.996	0.034	0.000
1617	-10.988	0.033	0.000
1603	-10.956	0.046	0.000
1587	-10.953	0.047	0.000
1607	-10.444	2.578	0.000
1593	-10.443	2.579	0.000
1599	-10.443	2.579	0.000
1629	-10.443	2.578	0.000
1627	-10.259	2.571	0.000
1591	-10.258	2.571	0.000
1614	-10.258	2.571	0.000
1619	-10.258	2.571	0.000
1548	-10.163	2.164	0.000
1532	-10.162	2.164	0.000
1533	-10.162	2.164	0.000
1534	-10.162	2.164	0.000
1535	-10.162	2.164	0.000
1536	-10.162	2.164	0.000
1537	-10.162	2.164	0.000
1538	-10.162	2.164	0.000
1540	-10.162	2.164	0.000
1543	-10.162	2.164	0.000
1552	-10.039	2.164	0.000
1558	-10.039	2.164	0.000
1584	-10.039	2.164	0.000
1568	-10.023	2.164	0.000
1571	-10.023	2.164	0.000
1611	-10.023	2.164	0.000
1602	-9.895	2.303	0.000
1578	-9.894	2.303	0.000
1605	-9.894	2.303	0.000
1549	-9.659	2.169	0.000
1555	-9.659	2.169	0.000
1572	-9.659	2.169	0.000
1573	-9.659	2.169	0.000
1604	-9.658	2.169	0.000
1562	-9.648	2.169	0.000
1592	-9.645	2.169	0.000
1597	-9.644	2.480	0.000
1628	-9.644	2.480	0.000
1633	-9.569	2.478	0.000
1601	-9.523	2.169	0.000
1560	-9.224	0.705	0.000
1553	-9.218	0.696	0.000
1621	-9.133	1.641	0.000
1625	-9.011	1.639	0.000
1626	-9.011	1.639	0.000
1586	-9.010	1.639	0.000
1546	-9.009	1.639	0.000
1567	-9.009	1.639	0.000
1596	-8.773	2.531	0.000
1585	-8.731	1.544	0.000
1542	-8.729	1.650	0.000
1564	-8.728	1.650	0.000
1623	-8.681	0.783	0.000
1612	-8.679	0.783	0.000
1613	-8.679	0.783	0.000
1544	-8.677	0.784	0.000
1577	-8.674	0.784	0.000
1559	-8.541	1.650	0.000
1606	-8.541	1.650	0.000
1622	-8.519	1.648	0.000
1570	-8.338	1.655	0.000
1576	-8.338	1.655	0.000
1551	-8.248	2.609	0.000
1600	-8.180	2.862	0.000
1588	-8.179	2.879	0.000
1574	-7.799	2.599	0.000
1539	-7.649	2.225	0.000
1550	-7.588	2.226	0.000
1554	-7.588	2.226	0.000
1556	-7.588	2.226	0.000
1569	-7.588	2.226	0.000
1575	-7.588	2.226	0.000
1579	-7.588	2.226	0.000
1557	-7.431	2.247	0.000
