1485	-4.357	0.000	0.000
1553	-4.339	0.044	0.000
1484	-4.323	0.020	0.000
1486	-4.323	0.020	0.000
1554	-4.323	0.020	0.000
1555	-4.323	0.020	0.000
1642	-4.323	0.020	0.000
1643	-4.323	0.020	0.000
1644	-4.323	0.020	0.000
1482	-4.323	0.021	0.000
1492	-4.322	0.020	0.000
1496	-4.322	0.020	0.000
1497	-4.322	0.020	0.000
1498	-4.322	0.020	0.000
1499	-4.322	0.020	0.000
1500	-4.322	0.020	0.000
1509	-4.322	0.020	0.000
1548	-4.322	0.020	0.000
1549	-4.322	0.020	0.000
1550	-4.196	0.152	0.000
1578	-4.196	0.152	0.000
1579	-4.196	0.152	0.000
1580	-4.196	0.152	0.000
1581	-4.196	0.152	0.000
1582	-4.196	0.152	0.000
1597	-4.196	0.152	0.000
1598	-4.196	0.152	0.000
1599	-4.196	0.152	0.000
1600	-4.196	0.152	0.000
1601	-4.196	0.152	0.000
1602	-4.196	0.152	0.000
1603	-4.196	0.152	0.000
1604	-4.196	0.152	0.000
1605	-4.196	0.152	0.000
1606	-4.196	0.152	0.000
1607	-4.196	0.152	0.000
1608	-4.196	0.152	0.000
1610	-4.196	0.152	0.000
1627	-4.196	0.152	0.000
1631	-4.196	0.152	0.000
1632	-4.196	0.152	0.000
1633	-4.196	0.152	0.000
1636	-4.196	0.152	0.000
1648	-4.196	0.152	0.000
1670	-4.176	0.188	0.000
