1424	-3.730	0.000	0.000
1269	-3.657	0.089	0.000
1270	-3.657	0.089	0.000
1271	-3.657	0.089	0.000
1272	-3.657	0.089	0.000
1273	-3.657	0.089	0.000
1279	-3.657	0.089	0.000
1314	-3.657	0.089	0.000
1317	-3.657	0.089	0.000
1318	-3.657	0.089	0.000
1327	-3.657	0.089	0.000
1349	-3.657	0.089	0.000
1350	-3.657	0.089	0.000
1367	-3.657	0.089	0.000
1368	-3.657	0.090	0.000
1443	-3.657	0.089	0.000
1444	-3.657	0.089	0.000
1445	-3.657	0.089	0.000
1446	-3.657	0.089	0.000
1461	-3.657	0.089	0.000
1462	-3.657	0.089	0.000
1471	-3.657	0.089	0.000
1180	-3.657	0.090	0.000
1182	-3.657	0.090	0.000
1203	-3.656	0.090	0.000
1206	-3.656	0.090	0.000
1223	-3.656	0.090	0.000
1226	-3.656	0.090	0.000
1227	-3.656	0.090	0.000
1164	-3.656	0.090	0.000
1166	-3.656	0.090	0.000
1169	-3.656	0.090	0.000
1204	-3.656	0.090	0.000
1224	-3.656	0.090	0.000
1225	-3.656	0.090	0.000
1228	-3.656	0.090	0.000
1232	-3.656	0.090	0.000
1233	-3.656	0.090	0.000
1234	-3.656	0.090	0.000
1251	-3.656	0.090	0.000
1196	-3.653	0.090	0.000
1197	-3.653	0.090	0.000
1198	-3.653	0.090	0.000
1199	-3.653	0.090	0.000
1323	-3.650	0.159	0.000
1858	-3.572	0.069	0.000
1171	-3.565	0.031	0.000
1172	-3.565	0.032	0.000
1173	-3.565	0.032	0.000
1174	-3.565	0.031	0.000
1175	-3.565	0.032	0.000
1176	-3.565	0.032	0.000
1177	-3.565	0.032	0.000
1178	-3.565	0.032	0.000
1179	-3.565	0.032	0.000
1181	-3.565	0.032	0.000
1354	-3.564	0.031	0.000
1282	-3.563	0.031	0.000
1312	-3.563	0.030	0.000
1211	-3.563	0.031	0.000
1229	-3.563	0.031	0.000
1311	-3.563	0.031	0.000
1386	-3.563	0.031	0.000
1202	-3.562	0.031	0.000
1359	-3.562	0.031	0.000
1240	-3.562	0.030	0.000
1241	-3.562	0.030	0.000
1237	-3.492	2.241	0.000
1238	-3.492	2.241	0.000
1239	-3.492	2.241	0.000
1384	-3.492	2.242	0.000
1449	-3.491	2.241	0.000
1346	-3.491	2.241	0.000
1348	-3.491	2.241	0.000
1357	-3.491	2.241	0.000
1358	-3.491	2.241	0.000
1425	-3.491	2.241	0.000
1340	-3.483	2.133	0.000
1313	-3.483	2.133	0.000
1341	-3.483	2.133	0.000
1342	-3.483	2.133	0.000
1343	-3.483	2.133	0.000
1185	-3.460	0.104	0.000
1188	-3.460	0.104	0.000
1190	-3.460	0.104	0.000
1183	-3.460	0.104	0.000
1184	-3.460	0.104	0.000
1186	-3.460	0.104	0.000
1187	-3.460	0.104	0.000
1189	-3.460	0.104	0.000
1191	-3.460	0.104	0.000
1192	-3.460	0.104	0.000
1193	-3.460	0.104	0.000
1194	-3.460	0.104	0.000
1195	-3.460	0.104	0.000
514	-3.423	2.295	0.000
589	-3.423	2.295	0.000
597	-3.423	2.295	0.000
598	-3.423	2.295	0.000
599	-3.423	2.295	0.000
600	-3.423	2.295	0.000
685	-3.423	2.295	0.000
687	-3.423	2.295	0.000
688	-3.423	2.295	0.000
1278	-3.421	2.295	0.000
1450	-3.421	2.295	0.000
1472	-3.420	2.296	0.000
1473	-3.420	2.296	0.000
700	-3.419	2.296	0.000
1310	-3.405	0.274	0.000
1392	-3.405	0.273	0.000
1393	-3.405	0.273	0.000
1394	-3.405	0.273	0.000
1452	-3.405	0.274	0.000
1283	-3.405	0.273	0.000
1284	-3.405	0.273	0.000
1285	-3.405	0.273	0.000
1329	-3.405	0.274	0.000
1212	-3.404	0.273	0.000
1364	-3.392	1.882	0.000
1355	-3.388	2.145	0.000
1356	-3.388	2.145	0.000
1345	-3.360	0.293	0.000
1170	-3.360	0.294	0.000
1351	-3.359	0.293	0.000
1387	-3.359	0.293	0.000
1388	-3.359	0.293	0.000
1389	-3.359	0.293	0.000
1208	-3.359	0.293	0.000
1209	-3.359	0.293	0.000
1210	-3.359	0.293	0.000
1213	-3.359	0.293	0.000
1214	-3.359	0.293	0.000
1215	-3.359	0.293	0.000
1216	-3.359	0.293	0.000
1245	-3.359	0.293	0.000
1246	-3.359	0.293	0.000
1247	-3.359	0.293	0.000
1248	-3.359	0.293	0.000
1249	-3.359	0.293	0.000
1451	-3.359	0.294	0.000
1276	-3.358	0.294	0.000
1277	-3.358	0.294	0.000
1297	-3.338	2.248	0.000
1298	-3.338	2.248	0.000
1256	-3.338	2.248	0.000
1257	-3.338	2.248	0.000
1258	-3.338	2.248	0.000
1274	-3.338	2.248	0.000
1275	-3.338	2.248	0.000
1369	-3.338	2.248	0.000
1370	-3.338	2.248	0.000
1331	-3.337	2.248	0.000
1200	-3.337	2.248	0.000
1396	-3.320	1.375	0.000
1397	-3.320	1.375	0.000
1414	-3.320	1.375	0.000
1415	-3.320	1.375	0.000
1395	-3.320	1.375	0.000
1398	-3.320	1.375	0.000
1375	-3.319	2.313	0.000
1300	-3.319	1.375	0.000
1315	-3.319	1.375	0.000
1316	-3.319	1.375	0.000
1324	-3.319	1.375	0.000
1326	-3.319	1.375	0.000
1299	-3.319	1.375	0.000
1301	-3.319	1.375	0.000
1325	-3.319	1.375	0.000
1334	-3.319	1.375	0.000
1335	-3.319	1.375	0.000
1377	-3.319	1.375	0.000
1222	-3.318	2.313	0.000
1259	-3.318	2.313	0.000
1260	-3.318	2.313	0.000
1261	-3.318	2.313	0.000
1262	-3.318	2.313	0.000
1263	-3.318	2.313	0.000
1264	-3.318	2.313	0.000
1265	-3.318	2.313	0.000
1266	-3.318	2.313	0.000
1267	-3.318	2.313	0.000
1268	-3.318	2.313	0.000
1302	-3.318	2.313	0.000
1347	-3.318	2.313	0.000
1399	-3.318	2.313	0.000
1410	-3.318	2.313	0.000
1411	-3.318	2.313	0.000
1463	-3.318	2.313	0.000
1464	-3.318	2.313	0.000
1250	-3.318	2.313	0.000
1205	-3.318	1.375	0.000
1220	-3.318	1.375	0.000
1221	-3.318	1.375	0.000
1231	-3.318	1.375	0.000
1428	-3.317	2.313	0.000
1429	-3.317	2.313	0.000
1430	-3.317	2.313	0.000
1431	-3.317	2.313	0.000
1432	-3.317	2.313	0.000
1433	-3.317	2.313	0.000
1434	-3.317	2.313	0.000
1435	-3.317	2.313	0.000
1436	-3.317	2.313	0.000
1437	-3.317	2.313	0.000
1438	-3.317	2.313	0.000
1167	-3.316	1.375	0.000
1168	-3.316	1.375	0.000
1236	-3.310	1.010	0.000
1217	-3.277	0.277	0.000
1218	-3.277	0.277	0.000
1219	-3.277	0.277	0.000
1165	-3.276	0.278	0.000
1401	-3.262	2.222	0.000
1402	-3.262	2.223	0.000
1403	-3.262	2.223	0.000
1404	-3.262	2.222	0.000
1405	-3.262	2.222	0.000
1378	-3.262	2.222	0.000
1379	-3.262	2.222	0.000
1380	-3.262	2.222	0.000
1381	-3.262	2.222	0.000
1287	-3.237	2.153	0.000
1288	-3.237	2.153	0.000
1289	-3.237	2.153	0.000
1290	-3.237	2.153	0.000
1294	-3.237	2.153	0.000
1383	-3.237	2.153	0.000
1362	-3.236	0.326	0.000
1363	-3.236	0.326	0.000
1365	-3.236	0.326	0.000
1207	-3.235	0.326	0.000
1332	-3.235	0.326	0.000
1201	-3.218	2.236	0.000
1255	-3.217	2.236	0.000
1328	-3.217	2.236	0.000
1286	-3.216	2.237	0.000
1322	-3.212	2.239	0.000
1871	-3.206	0.147	0.000
1874	-3.206	0.147	0.000
1875	-3.206	0.147	0.000
1876	-3.206	0.147	0.000
1877	-3.206	0.147	0.000
1336	-3.202	1.372	0.000
1337	-3.202	1.372	0.000
1338	-3.202	1.372	0.000
1339	-3.202	1.372	0.000
1385	-3.202	1.372	0.000
1352	-3.202	1.372	0.000
1439	-3.201	1.372	0.000
1440	-3.201	1.372	0.000
1441	-3.201	1.372	0.000
656	-3.197	2.301	0.000
657	-3.197	2.301	0.000
658	-3.197	2.300	0.000
659	-3.197	2.300	0.000
660	-3.197	2.300	0.000
690	-3.197	2.300	0.000
530	-3.196	2.301	0.000
531	-3.196	2.301	0.000
532	-3.196	2.301	0.000
634	-3.196	2.301	0.000
726	-3.173	2.298	0.000
727	-3.173	2.298	0.000
1291	-3.172	2.347	0.000
1292	-3.172	2.347	0.000
1293	-3.172	2.347	0.000
1295	-3.172	2.347	0.000
1296	-3.172	2.347	0.000
1366	-3.160	1.362	0.000
1280	-3.160	1.362	0.000
1281	-3.160	1.362	0.000
1320	-3.160	1.362	0.000
1333	-3.160	1.363	0.000
1883	-3.149	1.394	0.000
1879	-3.147	1.395	0.000
1885	-3.147	1.395	0.000
1890	-3.147	1.395	0.000
1887	-3.147	1.394	0.000
1888	-3.147	1.395	0.000
1889	-3.147	1.395	0.000
1835	-3.132	1.398	0.000
1836	-3.132	1.398	0.000
1842	-3.132	1.398	0.000
1843	-3.132	1.398	0.000
1442	-3.114	2.378	0.000
1447	-3.089	1.378	0.000
1448	-3.089	1.378	0.000
1382	-3.088	1.378	0.000
1406	-3.088	1.378	0.000
1309	-3.056	1.456	0.000
1373	-3.038	2.247	0.000
1467	-3.037	2.248	0.000
1360	-3.026	1.303	0.000
1361	-3.026	1.303	0.000
1235	-3.025	1.303	0.000
1242	-3.025	1.303	0.000
1243	-3.025	1.303	0.000
1244	-3.025	1.303	0.000
1372	-2.988	1.840	0.000
1374	-2.988	1.841	0.000
1466	-2.986	1.841	0.000
1353	-2.962	3.595	0.000
1371	-2.962	3.594	0.000
1376	-2.962	3.594	0.000
1390	-2.962	3.595	0.000
1391	-2.962	3.595	0.000
1409	-2.962	3.595	0.000
1426	-2.962	3.594	0.000
1427	-2.962	3.594	0.000
1321	-2.961	3.595	0.000
1344	-2.961	3.595	0.000
1423	-2.959	3.593	0.000
1412	-2.938	2.170	0.000
1413	-2.938	2.169	0.000
1407	-2.814	3.623	0.000
1458	-2.814	3.623	0.000
721	-2.806	3.624	0.000
545	-2.795	2.722	0.000
596	-2.795	2.722	0.000
605	-2.774	2.692	0.000
1469	-2.528	3.116	0.000
