1680	-8.734	0.000	0.000
1681	-8.734	0.001	0.000
1682	-8.734	0.001	0.000
1683	-8.734	0.001	0.000
1755	-8.185	2.134	0.000
1765	-8.185	2.134	0.000
1766	-8.185	2.134	0.000
1767	-8.185	2.134	0.000
1792	-8.185	2.134	0.000
1799	-8.185	2.134	0.000
1800	-8.185	2.134	0.000
1801	-8.185	2.134	0.000
1821	-8.185	2.134	0.000
1823	-8.185	2.134	0.000
1828	-8.185	2.134	0.000
1728	-8.184	2.134	0.000
1780	-8.184	2.134	0.000
1781	-8.184	2.134	0.000
1685	-8.180	2.133	0.000
1698	-8.180	2.133	0.000
1715	-8.180	2.133	0.000
1719	-8.180	2.133	0.000
1720	-8.180	2.133	0.000
1721	-8.180	2.133	0.000
1773	-8.164	2.384	0.000
1796	-8.164	2.384	0.000
1684	-8.153	2.123	0.000
1769	-8.134	2.542	0.000
1770	-8.134	2.542	0.000
1771	-8.134	2.542	0.000
1727	-8.134	2.542	0.000
1754	-8.023	1.728	0.000
1758	-8.023	1.729	0.000
1759	-8.023	1.729	0.000
1760	-8.023	1.729	0.000
1768	-8.023	1.729	0.000
1802	-8.023	1.729	0.000
1822	-8.023	1.729	0.000
1703	-8.019	1.727	0.000
1724	-8.019	1.727	0.000
1747	-8.007	1.693	0.000
1748	-8.007	1.693	0.000
1749	-8.007	1.693	0.000
1750	-8.007	1.693	0.000
1756	-8.007	1.694	0.000
1757	-8.007	1.694	0.000
1763	-8.007	1.693	0.000
1764	-8.007	1.693	0.000
1784	-8.007	1.693	0.000
1785	-8.007	1.693	0.000
1798	-8.007	1.693	0.000
1807	-8.007	1.694	0.000
1816	-8.007	1.694	0.000
1688	-8.003	1.692	0.000
1695	-8.003	1.692	0.000
1699	-8.003	1.692	0.000
1700	-8.003	1.692	0.000
1701	-8.003	1.692	0.000
1702	-8.003	1.692	0.000
1778	-7.901	2.320	0.000
1714	-7.896	2.182	0.000
1729	-7.895	2.180	0.000
1730	-7.895	2.180	0.000
1731	-7.895	2.180	0.000
1732	-7.895	2.180	0.000
1733	-7.895	2.180	0.000
1734	-7.895	2.180	0.000
1741	-7.895	2.180	0.000
1742	-7.895	2.180	0.000
1745	-7.895	2.180	0.000
1746	-7.895	2.180	0.000
1751	-7.895	2.180	0.000
1752	-7.895	2.180	0.000
1761	-7.895	2.180	0.000
1762	-7.895	2.180	0.000
1783	-7.895	2.180	0.000
1786	-7.895	2.180	0.000
1829	-7.895	2.180	0.000
1710	-7.871	2.494	0.000
1797	-7.868	2.492	0.000
1686	-7.834	2.343	0.000
1689	-7.834	2.343	0.000
1690	-7.834	2.343	0.000
1691	-7.834	2.343	0.000
1692	-7.834	2.343	0.000
1693	-7.834	2.343	0.000
1694	-7.834	2.343	0.000
1706	-7.834	2.343	0.000
1707	-7.834	2.343	0.000
1708	-7.834	2.343	0.000
1709	-7.834	2.343	0.000
1713	-7.834	2.343	0.000
1716	-7.834	2.343	0.000
1722	-7.834	2.343	0.000
1723	-7.834	2.343	0.000
1725	-7.834	2.343	0.000
1726	-7.834	2.343	0.000
1737	-7.829	2.341	0.000
1738	-7.829	2.341	0.000
1743	-7.829	2.341	0.000
1772	-7.829	2.341	0.000
1776	-7.829	2.341	0.000
1779	-7.829	2.341	0.000
1803	-7.829	2.341	0.000
1808	-7.829	2.341	0.000
1809	-7.829	2.341	0.000
1820	-7.829	2.341	0.000
1825	-7.829	2.341	0.000
1824	-7.814	2.481	0.000
1818	-7.702	2.205	0.000
1717	-7.681	2.372	0.000
1804	-7.676	2.370	0.000
1787	-7.627	2.573	0.000
1788	-7.627	2.573	0.000
1735	-7.598	0.893	0.000
1736	-7.598	0.893	0.000
1774	-7.598	0.893	0.000
1775	-7.598	0.893	0.000
1793	-7.598	0.893	0.000
1810	-7.598	0.893	0.000
1811	-7.598	0.893	0.000
1812	-7.598	0.893	0.000
1813	-7.598	0.893	0.000
1814	-7.598	0.893	0.000
1815	-7.598	0.893	0.000
1687	-7.593	0.891	0.000
1704	-7.593	0.891	0.000
1805	-7.593	2.252	0.000
1806	-7.593	2.252	0.000
1739	-7.586	2.584	0.000
1740	-7.586	2.584	0.000
1753	-7.586	2.584	0.000
1777	-7.586	2.584	0.000
1789	-7.586	2.584	0.000
1790	-7.586	2.584	0.000
1791	-7.586	2.584	0.000
1817	-7.586	2.584	0.000
1819	-7.586	2.584	0.000
1826	-7.586	2.584	0.000
1827	-7.586	2.584	0.000
1830	-7.586	2.584	0.000
1831	-7.586	2.584	0.000
1794	-7.585	2.584	0.000
1795	-7.585	2.584	0.000
1705	-7.582	2.584	0.000
1718	-7.582	2.584	0.000
1782	-7.529	1.765	0.000
1711	-7.527	1.766	0.000
1712	-7.527	1.766	0.000
1696	-7.526	1.766	0.000
1697	-7.526	1.766	0.000
1744	-7.384	1.315	0.000
