1232	-8.284	0.000	0.000
1222	-8.256	0.009	0.000
1066	-7.908	0.482	0.000
1083	-7.908	0.482	0.000
1116	-7.908	0.482	0.000
1131	-7.906	0.477	0.000
1129	-7.906	0.481	0.000
1225	-7.905	0.479	0.000
953	-7.904	0.476	0.000
1220	-7.904	0.478	0.000
1122	-7.902	0.473	0.000
1146	-7.901	0.470	0.000
1271	-7.901	0.470	0.000
1231	-7.900	0.469	0.000
1255	-7.900	0.469	0.000
1276	-7.900	0.472	0.000
943	-7.864	0.533	0.000
760	-7.844	0.539	0.000
994	-7.844	0.539	0.000
998	-7.844	0.539	0.000
1009	-7.844	0.539	0.000
1016	-7.844	0.539	0.000
1017	-7.844	0.539	0.000
1263	-7.844	0.539	0.000
1019	-7.843	0.538	0.000
1023	-7.843	0.538	0.000
1053	-7.843	0.538	0.000
1075	-7.843	0.539	0.000
1082	-7.843	0.539	0.000
1084	-7.843	0.539	0.000
1086	-7.843	0.539	0.000
1087	-7.843	0.539	0.000
1088	-7.843	0.539	0.000
1094	-7.843	0.539	0.000
1095	-7.843	0.539	0.000
1096	-7.843	0.539	0.000
1150	-7.843	0.539	0.000
1151	-7.843	0.539	0.000
748	-7.843	0.540	0.000
1046	-7.843	0.538	0.000
1031	-7.843	0.538	0.000
1057	-7.843	0.538	0.000
938	-7.842	0.538	0.000
941	-7.842	0.538	0.000
946	-7.842	0.538	0.000
950	-7.842	0.538	0.000
793	-7.842	0.539	0.000
839	-7.842	0.539	0.000
863	-7.842	0.539	0.000
867	-7.842	0.539	0.000
868	-7.842	0.539	0.000
910	-7.842	0.539	0.000
965	-7.842	0.538	0.000
977	-7.842	0.538	0.000
981	-7.842	0.538	0.000
742	-7.841	0.574	0.000
1218	-7.841	0.538	0.000
930	-7.840	0.572	0.000
1202	-7.837	0.537	0.000
1212	-7.837	0.537	0.000
1065	-7.826	0.538	0.000
791	-7.825	0.538	0.000
1033	-7.825	0.538	0.000
1115	-7.825	0.538	0.000
1138	-7.825	0.538	0.000
1228	-7.824	0.536	0.000
896	-7.824	0.538	0.000
914	-7.824	0.538	0.000
1240	-7.824	0.537	0.000
1172	-7.824	0.537	0.000
1012	-7.808	0.515	0.000
1051	-7.808	0.514	0.000
1076	-7.808	0.515	0.000
1113	-7.808	0.515	0.000
1137	-7.808	0.515	0.000
1143	-7.808	0.515	0.000
963	-7.806	0.514	0.000
985	-7.806	0.514	0.000
1015	-7.796	0.533	0.000
927	-7.795	0.533	0.000
928	-7.795	0.533	0.000
991	-7.795	0.532	0.000
1101	-7.790	0.514	0.000
1103	-7.790	0.514	0.000
1154	-7.790	0.514	0.000
1238	-7.790	1.931	0.000
1037	-7.789	0.513	0.000
1183	-7.789	0.514	0.000
759	-7.752	0.453	0.000
755	-7.730	0.433	0.000
771	-7.730	0.433	0.000
777	-7.730	0.433	0.000
785	-7.730	0.433	0.000
787	-7.730	0.433	0.000
1035	-7.730	0.433	0.000
743	-7.729	0.435	0.000
749	-7.729	0.435	0.000
936	-7.729	0.432	0.000
1169	-7.729	0.432	0.000
744	-7.729	0.435	0.000
747	-7.729	0.435	0.000
752	-7.729	0.435	0.000
854	-7.728	0.433	0.000
880	-7.728	0.433	0.000
889	-7.728	0.433	0.000
909	-7.728	0.433	0.000
932	-7.725	0.455	0.000
1018	-7.712	0.433	0.000
809	-7.710	0.433	0.000
1162	-7.411	2.361	0.000
1163	-7.411	2.361	0.000
1216	-7.390	2.049	0.000
1179	-7.374	2.372	0.000
1026	-7.373	2.372	0.000
1205	-7.373	2.372	0.000
1235	-7.372	2.372	0.000
1106	-7.369	2.373	0.000
1056	-7.368	2.373	0.000
1258	-7.368	2.374	0.000
1260	-7.367	2.373	0.000
874	-7.148	2.414	0.000
951	-7.147	2.414	0.000
956	-7.147	2.414	0.000
1000	-7.146	2.414	0.000
1102	-7.146	2.414	0.000
1130	-7.146	2.414	0.000
1044	-7.146	2.414	0.000
1049	-7.146	2.414	0.000
1043	-7.127	2.415	0.000
1182	-6.987	2.443	0.000
992	-6.986	2.443	0.000
1007	-6.986	2.443	0.000
1013	-6.986	2.443	0.000
1064	-6.986	2.443	0.000
1262	-6.986	2.443	0.000
1217	-6.794	2.431	0.000
1277	-6.794	2.431	0.000
979	-6.755	2.431	0.000
978	-6.755	2.431	0.000
1265	-6.737	2.431	0.000
1259	-6.462	3.312	0.000
1193	-6.461	3.311	0.000
1210	-6.461	3.311	0.000
