1052	-6.125	0.000	0.000
1733	-6.105	0.016	0.000
1247	-6.071	0.007	0.000
1090	-5.965	0.486	0.000
1091	-5.965	0.486	0.000
1190	-5.965	0.486	0.000
1237	-5.965	0.487	0.000
1269	-5.965	0.486	0.000
1108	-5.965	0.486	0.000
1261	-5.964	0.487	0.000
740	-5.940	0.482	0.000
741	-5.940	0.475	0.000
739	-5.939	0.474	0.000
1164	-5.938	0.483	0.000
1165	-5.938	0.483	0.000
1135	-5.936	0.446	0.000
1158	-5.926	0.385	0.000
999	-5.922	0.256	0.000
751	-5.922	0.486	0.000
746	-5.922	0.489	0.000
750	-5.922	0.488	0.000
745	-5.922	0.502	0.000
1002	-5.920	0.490	0.000
960	-5.920	0.488	0.000
1074	-5.920	0.488	0.000
1089	-5.920	0.488	0.000
1144	-5.920	0.488	0.000
1145	-5.920	0.488	0.000
1147	-5.920	0.488	0.000
1148	-5.920	0.488	0.000
1170	-5.920	0.488	0.000
1171	-5.920	0.488	0.000
1191	-5.920	0.488	0.000
1201	-5.920	0.488	0.000
763	-5.919	0.489	0.000
766	-5.919	0.488	0.000
778	-5.919	0.488	0.000
779	-5.919	0.488	0.000
788	-5.919	0.488	0.000
789	-5.919	0.488	0.000
1001	-5.919	0.488	0.000
1024	-5.919	0.488	0.000
1028	-5.919	0.488	0.000
1029	-5.919	0.488	0.000
1038	-5.919	0.488	0.000
1048	-5.919	0.488	0.000
1050	-5.919	0.488	0.000
1080	-5.919	0.488	0.000
1111	-5.919	0.488	0.000
1112	-5.919	0.488	0.000
1114	-5.919	0.488	0.000
1119	-5.919	0.488	0.000
1127	-5.919	0.488	0.000
1132	-5.919	0.488	0.000
1133	-5.919	0.488	0.000
1156	-5.919	0.488	0.000
1204	-5.919	0.488	0.000
1206	-5.919	0.488	0.000
1209	-5.919	0.488	0.000
1211	-5.919	0.488	0.000
1226	-5.919	0.488	0.000
1227	-5.919	0.488	0.000
1236	-5.919	0.488	0.000
1273	-5.919	0.488	0.000
934	-5.919	0.488	0.000
954	-5.919	0.488	0.000
970	-5.919	0.488	0.000
974	-5.919	0.488	0.000
986	-5.919	0.488	0.000
990	-5.919	0.488	0.000
993	-5.919	0.488	0.000
1032	-5.919	0.488	0.000
1034	-5.919	0.488	0.000
1063	-5.919	0.488	0.000
1068	-5.919	0.488	0.000
1070	-5.919	0.488	0.000
1071	-5.919	0.488	0.000
1123	-5.919	0.488	0.000
1152	-5.919	0.488	0.000
1174	-5.919	0.488	0.000
1178	-5.919	0.488	0.000
1215	-5.919	0.488	0.000
1243	-5.919	0.489	0.000
1244	-5.919	0.488	0.000
1245	-5.919	0.488	0.000
1251	-5.919	0.488	0.000
1252	-5.919	0.488	0.000
1254	-5.919	0.488	0.000
939	-5.919	0.490	0.000
926	-5.918	0.487	0.000
794	-5.918	0.490	0.000
795	-5.918	0.490	0.000
798	-5.918	0.490	0.000
802	-5.918	0.490	0.000
803	-5.918	0.490	0.000
808	-5.918	0.490	0.000
811	-5.918	0.490	0.000
815	-5.918	0.490	0.000
819	-5.918	0.490	0.000
821	-5.918	0.490	0.000
822	-5.918	0.490	0.000
824	-5.918	0.490	0.000
828	-5.918	0.490	0.000
829	-5.918	0.490	0.000
830	-5.918	0.490	0.000
844	-5.918	0.490	0.000
850	-5.918	0.490	0.000
851	-5.918	0.490	0.000
855	-5.918	0.490	0.000
856	-5.918	0.490	0.000
859	-5.918	0.490	0.000
864	-5.918	0.490	0.000
870	-5.918	0.490	0.000
873	-5.918	0.490	0.000
877	-5.918	0.490	0.000
878	-5.918	0.490	0.000
879	-5.918	0.490	0.000
887	-5.918	0.490	0.000
888	-5.918	0.490	0.000
892	-5.918	0.490	0.000
897	-5.918	0.486	0.000
898	-5.918	0.490	0.000
899	-5.918	0.490	0.000
901	-5.918	0.490	0.000
920	-5.918	0.490	0.000
922	-5.918	0.490	0.000
923	-5.918	0.490	0.000
773	-5.918	0.488	0.000
800	-5.918	0.495	0.000
753	-5.900	0.488	0.000
1189	-5.895	0.489	0.000
948	-5.895	0.490	0.000
969	-5.895	0.490	0.000
983	-5.895	0.490	0.000
996	-5.895	0.497	0.000
1005	-5.895	0.490	0.000
1100	-5.895	0.490	0.000
1109	-5.895	0.490	0.000
1118	-5.895	0.489	0.000
1126	-5.895	0.489	0.000
1177	-5.895	0.490	0.000
987	-5.895	0.503	0.000
1117	-5.895	0.486	0.000
961	-5.895	0.504	0.000
975	-5.894	0.489	0.000
758	-5.894	0.482	0.000
762	-5.894	0.489	0.000
764	-5.894	0.490	0.000
765	-5.894	0.490	0.000
784	-5.894	0.490	0.000
770	-5.894	0.490	0.000
937	-5.894	0.490	0.000
1020	-5.894	0.490	0.000
1025	-5.894	0.489	0.000
1030	-5.894	0.489	0.000
1060	-5.894	0.490	0.000
1036	-5.894	0.489	0.000
1229	-5.894	0.489	0.000
1230	-5.894	0.489	0.000
1027	-5.894	0.481	0.000
1110	-5.894	0.486	0.000
757	-5.894	0.499	0.000
781	-5.893	0.490	0.000
827	-5.893	0.484	0.000
831	-5.893	0.493	0.000
872	-5.893	0.491	0.000
918	-5.893	0.491	0.000
838	-5.893	0.492	0.000
900	-5.893	0.487	0.000
769	-5.893	0.492	0.000
925	-5.893	0.496	0.000
825	-5.893	0.507	0.000
853	-5.893	0.523	0.000
1161	-5.892	0.473	0.000
845	-5.892	0.482	0.000
906	-5.892	0.491	0.000
907	-5.892	0.491	0.000
852	-5.892	0.477	0.000
833	-5.892	0.490	0.000
826	-5.891	0.477	0.000
1192	-5.887	0.478	0.000
1153	-5.887	0.548	0.000
924	-5.887	0.537	0.000
982	-5.886	0.478	0.000
1011	-5.886	0.479	0.000
1022	-5.886	0.478	0.000
1041	-5.886	0.479	0.000
1042	-5.886	0.479	0.000
1092	-5.886	0.478	0.000
1124	-5.886	0.478	0.000
848	-5.885	0.480	0.000
917	-5.884	0.480	0.000
817	-5.884	0.480	0.000
857	-5.884	0.480	0.000
866	-5.884	0.480	0.000
893	-5.884	0.480	0.000
895	-5.881	0.490	0.000
967	-5.873	0.478	0.000
968	-5.873	0.478	0.000
1198	-5.844	0.508	0.000
966	-5.491	1.162	0.000
1155	-5.491	1.162	0.000
1176	-5.490	1.162	0.000
1159	-5.488	1.160	0.000
1249	-5.487	1.161	0.000
1081	-5.484	1.160	0.000
1270	-5.484	1.160	0.000
908	-5.483	1.160	0.000
1213	-5.316	1.935	0.000
792	-5.283	1.936	0.000
1167	-5.229	2.133	0.000
1184	-5.223	2.134	0.000
1203	-5.223	2.134	0.000
1241	-5.223	2.134	0.000
1242	-5.223	2.134	0.000
1264	-5.223	2.134	0.000
1134	-5.222	2.135	0.000
891	-5.218	2.133	0.000
1188	-5.098	1.061	0.000
1058	-5.098	1.061	0.000
1185	-5.098	1.061	0.000
1200	-5.098	1.060	0.000
976	-5.095	1.059	0.000
1069	-5.095	1.059	0.000
1274	-5.095	1.059	0.000
1275	-5.095	1.059	0.000
768	-5.093	1.001	0.000
772	-5.093	1.001	0.000
780	-5.093	1.000	0.000
786	-5.093	1.000	0.000
1160	-5.093	1.000	0.000
1104	-5.093	1.000	0.000
940	-5.093	1.000	0.000
988	-5.093	1.000	0.000
858	-5.092	1.001	0.000
810	-5.092	1.001	0.000
823	-5.092	1.001	0.000
836	-5.091	1.001	0.000
805	-5.091	1.001	0.000
837	-5.091	1.001	0.000
841	-5.091	1.001	0.000
903	-5.091	1.001	0.000
915	-5.089	1.001	0.000
916	-5.089	1.001	0.000
1097	-5.082	1.003	0.000
881	-5.080	1.062	0.000
973	-5.080	1.060	0.000
957	-5.079	1.060	0.000
902	-5.078	1.059	0.000
783	-4.973	2.790	0.000
1008	-4.972	2.791	0.000
1021	-4.972	2.791	0.000
1061	-4.972	2.791	0.000
1072	-4.972	2.791	0.000
959	-4.972	2.791	0.000
964	-4.972	2.791	0.000
1187	-4.972	2.791	0.000
1194	-4.971	2.791	0.000
1223	-4.971	2.791	0.000
843	-4.964	2.789	0.000
876	-4.964	2.790	0.000
849	-4.964	2.790	0.000
890	-4.964	2.790	0.000
797	-4.963	2.790	0.000
799	-4.963	2.790	0.000
820	-4.963	2.790	0.000
1679	-4.949	2.791	0.000
1666	-4.949	2.791	0.000
1667	-4.949	2.791	0.000
1673	-4.949	2.791	0.000
1636	-4.948	2.791	0.000
1638	-4.948	2.791	0.000
1639	-4.948	2.791	0.000
1640	-4.948	2.791	0.000
1649	-4.916	2.792	0.000
997	-4.900	2.238	0.000
1099	-4.899	2.238	0.000
1059	-4.897	2.239	0.000
1121	-4.837	2.238	0.000
1267	-4.837	2.237	0.000
1078	-4.828	1.879	0.000
980	-4.826	1.879	0.000
1014	-4.825	1.879	0.000
1120	-4.823	1.882	0.000
818	-4.821	1.881	0.000
871	-4.821	1.881	0.000
1233	-4.783	2.767	0.000
1234	-4.783	2.767	0.000
1168	-4.781	2.851	0.000
1257	-4.781	2.766	0.000
1098	-4.780	2.766	0.000
962	-4.779	2.851	0.000
1006	-4.778	2.851	0.000
958	-4.777	2.852	0.000
1085	-4.777	2.852	0.000
865	-4.770	2.850	0.000
884	-4.769	2.850	0.000
1272	-4.753	2.010	0.000
913	-4.736	2.803	0.000
1055	-4.729	2.010	0.000
1197	-4.729	2.010	0.000
1186	-4.728	2.010	0.000
1180	-4.726	2.010	0.000
971	-4.724	2.219	0.000
972	-4.724	2.219	0.000
1003	-4.724	2.219	0.000
1239	-4.724	2.219	0.000
1246	-4.724	2.219	0.000
1250	-4.724	2.219	0.000
1047	-4.721	2.219	0.000
861	-4.717	2.218	0.000
875	-4.716	2.218	0.000
775	-4.706	2.842	0.000
776	-4.706	2.842	0.000
945	-4.706	2.842	0.000
947	-4.706	2.842	0.000
847	-4.705	2.843	0.000
814	-4.704	2.843	0.000
801	-4.704	2.843	0.000
806	-4.701	2.842	0.000
834	-4.701	2.842	0.000
840	-4.701	2.842	0.000
1105	-4.696	2.013	0.000
1045	-4.695	2.013	0.000
1173	-4.695	2.013	0.000
929	-4.685	2.870	0.000
754	-4.678	2.871	0.000
756	-4.678	2.872	0.000
761	-4.678	2.872	0.000
782	-4.678	2.872	0.000
790	-4.678	2.871	0.000
955	-4.678	2.872	0.000
1140	-4.678	2.872	0.000
862	-4.672	2.782	0.000
807	-4.670	2.871	0.000
812	-4.670	2.871	0.000
813	-4.670	2.870	0.000
816	-4.670	2.871	0.000
860	-4.670	2.871	0.000
911	-4.670	2.871	0.000
912	-4.670	2.871	0.000
919	-4.670	2.871	0.000
921	-4.670	2.871	0.000
952	-4.643	2.801	0.000
933	-4.643	2.801	0.000
1248	-4.643	2.801	0.000
942	-4.643	2.801	0.000
949	-4.643	2.801	0.000
995	-4.643	2.801	0.000
1010	-4.643	2.801	0.000
774	-4.642	2.801	0.000
1062	-4.642	2.801	0.000
1149	-4.642	2.801	0.000
885	-4.637	2.799	0.000
882	-4.636	2.800	0.000
804	-4.636	2.799	0.000
832	-4.636	2.799	0.000
905	-4.636	2.799	0.000
796	-4.636	2.799	0.000
869	-4.636	2.799	0.000
904	-4.636	2.799	0.000
1266	-4.573	2.302	0.000
1093	-4.573	2.302	0.000
1128	-4.486	2.062	0.000
767	-4.457	2.865	0.000
1040	-4.457	2.864	0.000
1166	-4.449	2.059	0.000
1073	-4.434	2.063	0.000
1077	-4.434	2.063	0.000
1268	-4.434	2.063	0.000
1199	-4.433	2.063	0.000
1207	-4.433	2.063	0.000
835	-4.433	2.063	0.000
935	-4.433	2.063	0.000
1054	-4.433	2.063	0.000
1067	-4.433	2.063	0.000
1125	-4.433	2.063	0.000
1157	-4.433	2.063	0.000
1253	-4.433	2.063	0.000
1004	-4.407	2.062	0.000
1107	-4.407	2.062	0.000
1175	-4.406	2.062	0.000
944	-4.406	2.062	0.000
1208	-4.406	2.062	0.000
1224	-4.406	2.062	0.000
1256	-4.406	2.062	0.000
883	-4.405	2.062	0.000
886	-4.396	1.895	0.000
1079	-4.391	2.064	0.000
1136	-4.348	2.905	0.000
1141	-4.342	1.792	0.000
1142	-4.342	1.792	0.000
984	-4.160	1.817	0.000
1139	-4.144	1.938	0.000
989	-4.144	1.965	0.000
1039	-4.144	1.965	0.000
931	-4.065	2.592	0.000
