1703	-10.721	0.000	25.367
1733	-10.626	0.012	25.531
1789	-10.626	0.012	25.952
1784	-10.625	0.012	25.954
1730	-10.624	0.012	26.515
1741	-10.624	0.012	26.518
1749	-10.624	0.012	26.177
1750	-10.624	0.012	14.564
1752	-10.624	0.012	14.565
1685	-10.413	0.043	15.749
1696	-10.413	0.043	15.750
1709	-10.413	0.043	4.356
1723	-10.413	0.043	15.750
1706	-10.251	0.046	14.617
1721	-10.250	0.046	14.618
1744	-10.250	0.046	14.618
1774	-10.250	0.046	14.618
1747	-10.250	0.046	14.618
1651	-10.246	0.047	14.622
1653	-10.128	0.067	3.477
1656	-10.128	0.067	14.565
1659	-10.128	0.067	14.565
1661	-10.128	0.067	3.496
1662	-10.128	0.067	4.371
1665	-10.128	0.067	3.456
1667	-10.128	0.067	3.493
1673	-10.128	0.067	3.462
1718	-10.128	0.067	3.477
1720	-10.128	0.067	4.361
1739	-10.128	0.067	3.490
1771	-10.128	0.067	3.490
1781	-10.128	0.067	3.490
1701	-10.127	0.067	3.454
1758	-10.127	0.067	15.734
1760	-10.127	0.067	3.488
1695	-9.548	1.626	14.624
1670	-9.517	1.521	14.614
1652	-9.515	1.614	3.058
1654	-9.515	1.614	5.734
1655	-9.515	1.614	3.024
1657	-9.515	1.614	3.025
1658	-9.515	1.614	12.988
1663	-9.515	1.614	14.368
1664	-9.515	1.614	14.304
1666	-9.515	1.614	14.303
1668	-9.515	1.614	5.735
1669	-9.515	1.614	12.294
1671	-9.515	1.614	12.296
1674	-9.515	1.614	12.296
1675	-9.515	1.614	13.528
1676	-9.515	1.614	5.808
1677	-9.515	1.614	12.326
1678	-9.515	1.614	14.146
1679	-9.515	1.614	12.222
1680	-9.515	1.614	14.150
1681	-9.515	1.614	12.302
1683	-9.515	1.614	5.787
1686	-9.515	1.614	6.236
1687	-9.515	1.614	12.411
1689	-9.515	1.614	5.816
1698	-9.515	1.614	5.813
1710	-9.515	1.614	6.083
1716	-9.515	1.614	14.106
1737	-9.515	1.614	14.109
1746	-9.515	1.614	4.592
1770	-9.515	1.614	16.760
1798	-9.515	1.614	4.548
1707	-9.484	1.620	10.712
1715	-9.484	1.620	10.723
1727	-9.484	1.620	10.723
1762	-9.484	1.620	10.722
1672	-9.446	1.294	1.634
1684	-9.446	1.294	1.634
1688	-9.446	1.294	1.633
1702	-9.446	1.294	1.633
1714	-9.446	1.294	1.634
1722	-9.446	1.294	1.633
1787	-9.402	2.403	1.638
1777	-9.402	2.403	1.638
1731	-9.400	2.404	1.638
1736	-9.322	2.209	1.740
1791	-9.322	2.209	1.742
1776	-9.307	2.413	1.742
1794	-9.295	2.285	1.736
1704	-9.295	2.285	1.736
1793	-9.241	2.147	1.736
1732	-9.179	2.133	14.567
1735	-9.179	2.133	14.567
1790	-9.179	2.133	3.498
1786	-9.178	2.133	3.459
1792	-9.153	2.276	3.490
1779	-9.146	1.631	3.481
1699	-9.142	1.511	3.493
1717	-8.960	2.071	17.073
1799	-8.960	2.071	17.073
1743	-8.958	2.074	3.457
1713	-8.957	2.076	3.456
1734	-8.868	2.548	2.536
1795	-8.797	2.316	15.716
1796	-8.797	2.316	15.717
1742	-8.796	2.317	2.538
1705	-8.648	2.683	2.714
1708	-8.648	2.682	4.324
1753	-8.647	2.682	4.058
1724	-8.646	2.682	15.665
1660	-8.639	2.672	16.955
1682	-8.639	2.672	4.038
1725	-8.639	2.672	14.386
1783	-8.614	2.677	3.572
1697	-8.613	2.677	3.571
1719	-8.613	2.677	16.972
1773	-8.613	2.677	2.387
1692	-8.565	2.765	2.390
1690	-8.470	2.823	14.624
1691	-8.470	2.823	14.625
1694	-8.470	2.823	14.623
1700	-8.470	2.823	14.616
1745	-8.470	2.823	14.626
1759	-8.470	2.823	14.629
1693	-8.453	2.827	3.028
1729	-8.453	2.827	13.547
1755	-8.453	2.827	6.153
1757	-8.453	2.827	14.368
1767	-8.453	2.827	14.307
1768	-8.453	2.827	14.370
1778	-8.453	2.827	6.835
1761	-8.452	2.827	12.296
1772	-8.452	2.828	12.297
1711	-8.451	2.828	13.393
1788	-7.890	1.605	4.371
1797	-7.889	1.605	3.490
1751	-7.888	1.605	3.490
1785	-7.888	1.605	15.733
1769	-7.855	1.594	3.448
1738	-7.551	1.607	15.806
1740	-7.551	1.607	2.294
1748	-7.550	1.607	2.295
1775	-7.550	1.607	2.295
1728	-7.448	1.976	1.634
1756	-7.448	1.976	1.634
1782	-7.448	1.975	1.634
1763	-7.398	1.986	0.001
1764	-7.398	1.986	0.002
1765	-7.398	1.986	0.003
1766	-7.398	1.986	0.000
1780	-7.398	1.986	0.001
1726	-7.263	2.097	14.385
1754	-7.263	2.097	15.689
1712	-7.016	2.288	14.304
