904	-10.880	0.000	25.367
909	-10.570	3.908	14.565
840	-10.570	3.909	3.469
710	-10.551	1.137	3.456
903	-10.548	1.136	4.371
906	-10.516	3.712	3.456
782	-10.515	3.712	3.462
743	-10.435	3.706	3.486
762	-10.435	3.706	3.485
797	-10.435	3.706	4.367
870	-10.435	3.706	4.367
883	-10.435	3.706	3.489
807	-10.435	3.706	3.490
813	-10.435	3.706	15.733
814	-10.435	3.706	3.488
822	-10.435	3.706	4.365
895	-10.434	3.552	3.447
845	-10.434	3.706	3.484
859	-10.429	3.350	4.367
868	-10.429	3.350	3.482
695	-10.429	3.707	17.077
703	-10.429	3.707	17.078
910	-10.427	3.351	3.452
802	-10.413	3.554	15.749
799	-10.373	3.566	2.701
911	-10.373	3.566	3.463
876	-10.371	3.567	17.071
721	-10.369	3.386	17.071
806	-10.367	3.385	17.071
844	-10.349	3.890	17.071
850	-10.349	3.890	2.523
751	-10.349	3.890	17.075
884	-10.349	3.890	15.762
764	-10.348	3.890	17.086
765	-10.348	3.890	16.902
821	-10.348	3.890	15.700
919	-10.345	3.889	17.176
819	-10.340	3.726	17.177
763	-10.339	3.726	2.536
798	-10.339	3.726	2.538
946	-10.337	3.726	15.713
738	-10.336	3.725	2.539
700	-10.334	3.727	2.538
702	-10.334	3.727	2.683
705	-10.333	3.727	3.345
707	-10.333	3.727	4.056
708	-10.333	3.727	15.663
932	-10.329	3.528	15.663
864	-10.328	3.529	4.052
856	-10.327	3.529	14.384
704	-10.322	3.009	14.385
709	-10.322	3.009	15.689
901	-10.321	3.094	16.971
716	-10.320	3.008	2.094
938	-10.319	3.090	13.808
872	-10.317	3.090	13.809
697	-10.303	3.543	13.809
748	-10.296	3.897	2.383
698	-10.273	3.043	2.386
746	-10.271	3.043	13.741
712	-10.270	3.042	15.776
691	-10.267	3.038	15.804
692	-10.267	3.038	2.295
915	-10.267	3.045	2.295
882	-10.267	3.046	2.296
875	-10.265	3.044	15.063
769	-10.259	3.721	14.614
724	-10.247	3.012	14.618
826	-10.246	3.273	14.618
871	-10.246	3.274	14.620
874	-10.246	3.273	14.620
954	-10.246	3.015	14.620
900	-10.245	3.016	14.619
905	-10.238	3.733	14.622
849	-10.228	3.736	14.625
912	-10.222	3.388	14.631
847	-10.221	3.908	14.625
741	-10.189	3.122	14.629
759	-10.189	3.122	14.419
761	-10.189	3.122	5.735
772	-10.189	3.121	14.199
773	-10.189	3.122	3.027
723	-10.188	3.122	13.544
728	-10.188	3.122	14.368
730	-10.188	3.122	14.305
737	-10.188	3.122	14.306
781	-10.188	3.122	6.830
783	-10.188	3.122	5.352
786	-10.188	3.121	12.296
796	-10.188	3.122	12.296
811	-10.188	3.122	5.864
815	-10.188	3.122	5.808
818	-10.188	3.122	12.326
824	-10.188	3.122	12.400
885	-10.188	3.122	13.425
720	-10.188	3.122	12.223
725	-10.188	3.122	12.185
735	-10.188	3.122	12.186
789	-10.188	3.122	12.408
833	-10.188	3.122	6.235
834	-10.188	3.122	5.816
835	-10.188	3.122	5.814
842	-10.188	3.122	6.082
846	-10.188	3.122	14.107
878	-10.188	3.122	14.109
880	-10.188	3.122	4.592
881	-10.188	3.122	5.797
887	-10.188	3.122	4.546
865	-10.188	3.122	4.547
866	-10.188	3.122	4.551
820	-10.188	3.122	10.712
855	-10.187	3.122	10.728
907	-10.187	3.122	10.723
942	-10.187	3.122	10.723
949	-10.187	3.122	7.980
950	-10.187	3.122	1.633
952	-10.187	3.122	1.632
917	-10.187	3.122	1.634
922	-10.187	3.122	1.634
924	-10.187	3.122	1.634
926	-10.187	3.122	1.634
936	-10.187	3.122	1.634
757	-10.183	3.615	1.634
767	-10.183	3.615	1.634
771	-10.183	3.615	1.634
717	-10.182	3.615	1.634
896	-10.182	3.615	1.634
719	-10.182	3.615	1.634
777	-10.182	3.615	1.638
780	-10.182	3.615	1.638
784	-10.182	3.615	1.638
791	-10.182	3.615	1.638
863	-10.181	3.615	1.638
943	-10.181	3.615	1.638
953	-10.181	3.615	1.741
694	-10.180	3.124	1.741
854	-10.180	3.615	1.743
923	-10.180	3.615	1.737
928	-10.180	3.615	1.738
933	-10.180	3.615	1.738
935	-10.180	3.615	1.738
902	-10.177	3.616	0.030
711	-10.171	3.128	0.003
706	-10.163	3.056	0.002
758	-10.161	3.056	0.001
768	-10.161	3.056	0.001
754	-10.161	3.056	0.071
756	-10.161	3.056	0.072
729	-10.159	3.054	25.371
733	-10.159	3.055	25.367
734	-10.159	3.055	25.367
736	-10.159	3.055	25.368
951	-10.159	3.059	25.548
889	-10.157	3.060	26.073
893	-10.157	3.060	2.664
897	-10.157	3.060	26.515
739	-10.151	3.731	26.465
836	-10.150	3.732	17.087
852	-10.046	3.586	3.487
927	-10.045	3.586	3.447
742	-10.023	1.870	3.484
774	-10.023	1.870	4.362
913	-10.022	1.870	3.482
828	-10.022	1.874	3.482
829	-10.022	1.874	17.079
718	-10.016	3.896	15.697
776	-10.016	3.896	15.749
778	-10.016	3.896	15.750
779	-10.016	3.896	15.750
862	-10.015	3.896	15.750
873	-10.015	3.896	15.750
696	-10.011	3.898	3.435
934	-9.949	3.330	3.462
908	-9.948	3.329	17.071
886	-9.922	3.336	17.071
714	-9.906	1.854	17.071
770	-9.906	1.854	17.072
788	-9.906	1.854	17.075
853	-9.906	1.858	17.076
918	-9.905	1.854	15.762
894	-9.905	1.858	4.346
722	-9.896	3.337	14.592
726	-9.896	3.337	15.698
793	-9.896	3.337	17.177
713	-9.896	3.336	17.178
755	-9.896	3.336	15.714
830	-9.896	3.335	17.180
810	-9.895	3.335	15.715
816	-9.894	3.335	2.539
892	-9.894	3.335	2.538
925	-9.893	3.336	2.710
929	-9.893	3.336	4.323
947	-9.863	3.600	4.056
744	-9.823	1.758	15.663
790	-9.823	1.758	16.953
795	-9.823	1.758	13.639
760	-9.822	1.758	14.384
916	-9.822	1.758	3.725
858	-9.821	1.762	3.570
817	-9.820	1.762	16.971
825	-9.820	1.762	1.830
839	-9.820	1.762	13.809
890	-9.798	3.032	13.809
843	-9.797	3.032	2.385
930	-9.796	3.033	16.973
944	-9.796	3.033	13.866
801	-9.786	3.123	16.969
727	-9.694	0.558	16.553
750	-9.684	1.484	15.805
715	-9.684	1.468	2.295
745	-9.684	1.470	2.296
848	-9.684	1.461	2.296
794	-9.683	1.499	14.583
800	-9.682	1.469	14.611
948	-9.682	1.472	14.618
841	-9.676	2.986	14.620
921	-9.675	2.987	14.618
808	-9.663	3.612	14.618
879	-9.598	3.364	14.618
785	-9.582	3.136	14.618
749	-9.581	3.135	14.622
753	-9.581	3.135	14.620
827	-9.581	3.135	14.620
939	-9.578	3.134	14.620
805	-9.567	1.633	14.622
837	-9.550	1.989	14.627
898	-9.550	1.989	14.622
867	-9.549	1.988	14.625
803	-9.545	2.002	14.625
787	-9.487	3.572	4.552
861	-9.486	3.572	13.406
731	-9.481	3.581	9.689
792	-9.481	3.581	1.632
931	-9.480	3.581	1.632
860	-9.480	3.581	1.634
752	-9.480	3.581	1.634
701	-9.479	3.574	1.634
945	-9.478	3.580	1.634
732	-9.426	3.400	1.638
766	-9.423	3.398	1.638
693	-9.421	3.413	1.638
699	-9.408	3.407	1.638
775	-9.235	3.189	1.736
812	-9.235	3.188	0.029
838	-9.235	3.188	0.001
888	-9.235	3.188	0.001
899	-9.235	3.188	0.003
869	-9.235	3.188	0.003
851	-9.234	3.188	0.068
940	-9.234	3.189	25.358
941	-9.234	3.189	25.369
920	-9.233	3.189	25.369
857	-9.233	3.189	25.369
914	-9.233	3.189	25.370
809	-9.233	3.135	25.550
804	-9.232	3.137	26.071
740	-9.220	2.819	25.460
747	-9.219	2.819	26.517
823	-9.219	2.819	26.179
831	-9.218	2.818	3.493
832	-9.153	3.792	3.496
877	-9.153	3.792	3.490
937	-9.150	3.792	3.464
891	-9.094	3.548	3.454
