1446	-6.068	0.000	14.385
1455	-6.068	0.000	3.716
1590	-6.068	1.698	3.570
1427	-6.066	1.698	16.974
1429	-6.066	1.698	2.380
1578	-6.062	0.005	13.809
1595	-6.057	1.697	13.809
1602	-6.057	1.697	2.389
1608	-6.057	1.697	2.364
1609	-6.057	1.697	2.126
1599	-6.056	1.697	2.270
1643	-6.056	1.697	15.806
1448	-6.054	1.697	2.299
1450	-6.054	1.697	2.295
1457	-6.054	1.697	2.295
1459	-6.054	1.697	14.579
1460	-6.054	1.697	14.614
1518	-6.054	1.697	14.639
1466	-6.054	1.697	14.618
1467	-6.054	1.697	14.619
1494	-6.054	1.697	14.618
1561	-6.054	1.697	14.618
1573	-6.054	1.697	14.618
1480	-6.053	0.003	14.618
1462	-6.052	0.003	14.620
1516	-6.052	0.003	14.620
1529	-6.052	0.003	14.620
1540	-6.052	0.003	14.620
1447	-6.052	0.003	14.623
1511	-6.052	0.003	14.623
1627	-6.052	0.003	14.616
1473	-6.051	0.003	14.616
1525	-6.051	0.003	14.598
1534	-6.051	0.003	14.627
1562	-6.051	0.003	14.420
1574	-6.051	0.003	3.057
1605	-6.051	0.003	6.750
1616	-6.051	0.003	3.026
1644	-6.050	0.003	13.544
1603	-5.956	1.710	14.367
1474	-5.954	1.711	14.306
1586	-5.949	1.710	14.370
1428	-5.946	1.710	6.834
1610	-5.938	1.709	12.295
1617	-5.938	1.709	12.296
1619	-5.938	1.709	13.392
1648	-5.938	1.709	13.525
1551	-5.936	1.709	5.808
1440	-5.935	1.709	12.214
1490	-5.935	1.709	13.425
1508	-5.935	1.709	12.222
1513	-5.935	1.709	12.185
1571	-5.935	1.709	12.186
1470	-5.935	1.709	12.408
1471	-5.935	1.709	12.408
1472	-5.935	1.709	12.411
1493	-5.935	1.709	5.813
1524	-5.935	1.709	6.082
1546	-5.935	1.709	12.320
1564	-5.935	1.709	14.107
1482	-5.920	1.709	14.109
1483	-5.920	1.709	5.215
1509	-5.920	1.709	4.547
1601	-5.910	1.709	4.544
1594	-5.886	1.708	4.550
1537	-5.883	1.706	10.791
1451	-5.883	1.708	10.725
1526	-5.883	1.708	10.723
1533	-5.883	1.708	10.723
1640	-5.697	1.750	25.371
1630	-5.696	1.750	25.368
1628	-5.659	0.086	14.565
1593	-5.456	0.121	15.715
1637	-5.456	0.121	15.713
1477	-5.451	0.120	2.538
1631	-5.387	0.106	15.663
1633	-5.387	0.106	15.652
1650	-5.386	0.106	3.554
1639	-5.376	0.107	14.385
1587	-5.066	0.151	5.808
1591	-5.066	0.151	12.326
1568	-5.057	0.153	14.144
1569	-5.057	0.153	13.424
1621	-5.056	0.153	12.223
1632	-5.056	0.153	12.185
1584	-5.031	2.772	5.813
1646	-5.016	2.771	14.107
1552	-5.015	2.771	14.107
1476	-5.014	2.771	12.261
1517	-5.014	2.771	5.797
1558	-5.014	2.771	4.549
1598	-4.920	3.996	9.984
1585	-4.920	3.996	10.723
1469	-4.914	3.996	10.723
1499	-4.914	3.996	9.689
1547	-4.914	3.996	7.760
1475	-4.914	3.996	1.632
1489	-4.914	3.996	1.634
1523	-4.914	3.996	1.634
1528	-4.914	3.996	1.634
1555	-4.914	3.996	1.634
1577	-4.766	2.760	1.634
1576	-4.755	2.760	1.638
1645	-4.749	2.762	1.638
1478	-4.746	2.762	1.638
1580	-4.744	2.762	1.741
1430	-4.743	2.760	1.741
1583	-4.742	2.760	1.743
1588	-4.735	2.760	1.737
1589	-4.735	2.760	1.738
1647	-4.732	2.759	1.738
1431	-4.732	2.760	1.738
1597	-4.732	2.759	0.035
1615	-4.732	2.759	0.003
1458	-4.730	2.759	0.002
1560	-4.730	2.759	0.003
1549	-4.730	2.759	0.000
1441	-4.730	2.758	0.003
1505	-4.729	2.759	0.071
1611	-4.722	2.759	25.371
1624	-4.722	2.759	25.367
1618	-4.722	2.759	25.367
1620	-4.722	2.760	25.368
1604	-4.721	2.762	25.548
1550	-4.720	2.759	26.072
1554	-4.720	2.759	2.669
1543	-4.719	2.760	26.515
1545	-4.719	2.760	26.550
1434	-4.719	2.760	17.082
1498	-4.719	2.759	14.564
1500	-4.719	2.760	14.565
1502	-4.719	2.760	14.565
1503	-4.719	2.760	3.496
1506	-4.719	2.760	4.371
1519	-4.719	2.760	3.488
1521	-4.719	2.760	3.487
1532	-4.719	2.760	3.462
1535	-4.719	2.760	3.486
1557	-4.719	2.760	3.489
1449	-4.719	2.755	3.490
1559	-4.716	2.764	3.489
1596	-4.715	2.761	3.490
1613	-4.715	2.761	3.454
1625	-4.715	2.761	15.733
1638	-4.715	2.761	3.488
1600	-4.713	2.758	3.478
1649	-4.713	2.758	3.447
1544	-4.712	2.761	3.484
1452	-4.712	2.761	3.484
1530	-4.710	2.758	3.482
1488	-4.710	2.758	3.462
1536	-4.662	2.755	17.079
1512	-4.602	2.525	15.748
1582	-4.527	2.420	15.750
1614	-4.492	2.419	3.435
1626	-4.492	2.419	3.462
1514	-4.485	2.418	17.071
1606	-4.482	2.415	17.071
1636	-4.481	2.415	17.071
1581	-4.480	1.542	17.035
1634	-4.467	1.547	4.366
1465	-4.463	1.545	17.074
1484	-4.463	1.545	15.762
1491	-4.463	1.545	17.087
1501	-4.463	1.545	17.090
1504	-4.463	1.545	15.698
1515	-4.463	1.545	17.177
1522	-4.463	1.545	17.177
1527	-4.463	1.545	2.538
1539	-4.463	1.545	2.538
1542	-4.463	1.545	15.715
1563	-4.463	1.545	2.539
1635	-4.436	2.911	2.538
1566	-4.266	1.506	4.323
1541	-4.266	1.506	4.056
1607	-4.233	1.490	15.663
1486	-4.231	1.489	16.953
1572	-4.230	1.513	13.639
1553	-4.227	1.534	15.684
1495	-4.186	2.736	14.385
1485	-4.185	2.736	3.570
1570	-4.039	2.013	2.296
1355	-4.029	2.038	15.063
1575	-3.538	3.189	13.395
1629	-3.299	2.755	1.633
1453	-3.163	3.595	1.634
1479	-3.011	3.883	1.638
