1240	-3.481	0.000	5.808
1249	-3.429	0.073	12.326
1325	-3.429	0.073	14.146
1394	-3.406	0.066	13.426
1199	-3.382	0.047	14.150
1203	-3.375	0.052	12.184
1204	-3.375	0.052	5.787
1207	-3.375	0.052	12.408
1216	-3.375	0.052	6.235
1228	-3.375	0.052	6.227
1237	-3.375	0.052	5.813
1285	-3.375	0.052	6.083
1219	-3.375	0.052	14.107
1254	-3.375	0.052	14.109
1313	-3.375	0.052	4.592
1328	-3.375	0.052	16.760
1222	-3.374	0.052	4.552
1269	-3.374	0.052	4.551
1287	-3.374	0.051	13.496
1213	-3.373	0.051	10.712
1422	-3.368	0.158	10.723
1358	-3.352	0.046	10.723
1398	-3.351	0.046	10.711
1202	-3.221	0.144	1.634
1283	-3.221	0.144	1.634
1330	-3.221	0.144	1.634
1333	-3.221	0.144	1.634
1406	-3.197	0.139	1.634
1317	-3.179	0.157	1.634
1232	-3.178	0.159	1.634
1234	-3.178	0.159	1.634
1205	-3.172	0.165	1.634
1424	-3.158	0.169	1.634
1273	-3.029	0.178	1.639
1266	-3.024	0.177	1.638
1247	-3.022	0.177	1.638
1304	-2.899	1.546	1.638
1402	-2.887	1.546	1.639
1322	-2.862	1.545	1.741
1420	-2.847	1.545	1.743
1323	-2.835	1.538	1.743
1403	-2.818	1.537	1.737
1368	-2.693	1.524	1.737
1263	-2.680	1.436	1.737
1227	-2.453	2.103	1.737
