836	-9.198	0.000	11.257
840	-9.198	0.001	11.276
867	-9.198	0.001	10.942
892	-9.198	0.001	3.534
914	-9.198	0.001	3.535
940	-9.198	0.001	3.516
943	-9.198	0.001	3.948
944	-9.198	0.001	4.988
945	-9.198	0.001	10.913
976	-9.198	0.001	10.873
1001	-9.198	0.001	10.916
1045	-9.198	0.001	5.823
1217	-9.170	0.699	8.889
1166	-9.169	0.699	8.891
1220	-9.139	1.046	6.097
1174	-9.138	1.046	8.821
1175	-9.138	1.046	9.971
822	-9.137	1.046	8.829
839	-9.137	1.046	8.798
845	-9.137	1.046	8.798
898	-9.137	1.046	4.914
922	-9.137	1.046	9.172
931	-9.137	1.046	9.174
942	-9.137	1.046	9.863
948	-9.137	1.046	3.550
954	-9.137	1.046	5.603
967	-9.137	1.046	10.623
1009	-9.137	1.046	10.625
1053	-9.137	1.046	10.286
1067	-9.137	1.046	5.756
1074	-9.137	1.046	5.221
1075	-9.137	1.046	5.228
1076	-9.137	1.046	10.111
1123	-9.137	1.046	7.490
1196	-9.123	0.031	7.499
1299	-9.122	0.031	7.499
850	-9.121	0.031	7.496
859	-9.121	0.031	4.511
897	-9.121	0.031	3.581
965	-9.121	0.031	3.581
910	-9.079	1.030	3.581
823	-9.078	1.061	3.618
857	-9.078	1.061	3.618
861	-9.078	1.062	3.617
973	-9.078	1.061	3.618
907	-9.064	0.712	3.577
928	-9.064	0.712	3.759
812	-9.063	0.712	3.762
1173	-9.062	0.688	3.762
895	-9.061	0.688	3.754
996	-9.061	0.688	3.754
1190	-9.019	1.022	3.754
1171	-9.018	1.043	3.754
846	-9.018	1.022	3.503
888	-9.018	1.022	3.481
890	-9.018	1.022	3.484
939	-9.018	1.022	3.482
1046	-9.018	1.022	3.482
1254	-9.018	1.022	3.531
1000	-9.018	1.022	24.385
938	-9.011	0.699	24.382
886	-9.004	0.048	24.382
1269	-8.976	0.057	24.382
1122	-8.976	1.026	24.569
1150	-8.976	1.026	24.940
1203	-8.976	1.163	24.944
1229	-8.976	1.163	25.533
834	-8.974	1.163	25.529
865	-8.974	1.163	25.242
1252	-8.974	1.163	11.622
1281	-8.974	1.163	11.623
1298	-8.974	1.163	11.623
816	-8.974	1.163	0.015
1120	-8.974	1.163	0.019
1131	-8.974	1.163	1.835
1154	-8.974	1.163	1.833
1301	-8.970	1.014	0.035
1177	-8.949	1.269	0.008
1179	-8.949	1.269	0.007
1210	-8.949	1.270	0.056
1233	-8.949	1.269	0.057
1225	-8.948	0.715	1.833
869	-8.948	0.715	1.831
887	-8.948	0.714	14.145
902	-8.948	0.715	14.146
918	-8.948	0.714	0.052
979	-8.948	0.715	12.762
980	-8.948	0.714	12.763
986	-8.948	0.715	12.763
1057	-8.948	0.715	12.763
1011	-8.947	1.269	1.826
883	-8.941	1.046	14.140
932	-8.941	1.046	0.037
1093	-8.941	1.046	14.152
1276	-8.941	1.047	14.156
1148	-8.937	0.691	11.716
990	-8.934	1.052	12.717
1117	-8.934	1.052	14.248
1285	-8.934	1.052	3.382
826	-8.927	1.343	14.251
858	-8.927	1.343	3.382
1018	-8.926	1.343	3.382
953	-8.924	0.045	3.382
1113	-8.924	0.045	2.580
1176	-8.909	2.371	2.554
1194	-8.909	2.371	1.310
801	-8.908	2.368	13.855
802	-8.908	2.368	12.628
806	-8.908	2.371	13.915
809	-8.908	2.371	1.280
811	-8.908	2.371	11.463
821	-8.908	2.371	1.760
824	-8.908	2.371	1.766
825	-8.908	2.371	1.766
827	-8.908	2.371	10.919
837	-8.908	2.371	10.919
838	-8.908	2.371	10.920
878	-8.908	2.371	1.938
882	-8.908	2.371	1.942
896	-8.908	2.371	13.922
900	-8.908	2.371	3.464
924	-8.908	2.371	12.698
929	-8.908	2.371	3.495
963	-8.908	2.371	3.493
1010	-8.908	2.371	3.494
1015	-8.908	2.371	12.091
1058	-8.908	2.371	12.083
1082	-8.908	2.371	12.071
1085	-8.908	2.371	12.087
1146	-8.892	0.064	12.087
901	-8.883	1.159	12.087
1102	-8.881	1.144	12.087
1202	-8.880	0.701	12.089
874	-8.879	0.701	12.089
936	-8.879	0.701	12.089
1068	-8.879	0.701	12.088
1106	-8.879	0.701	12.091
1118	-8.879	0.701	12.092
1143	-8.879	0.702	12.072
1278	-8.879	0.701	12.090
1003	-8.877	0.726	12.027
906	-8.868	1.030	11.841
955	-8.863	2.476	4.535
959	-8.863	2.476	5.267
960	-8.863	2.476	2.841
961	-8.863	2.476	10.993
1107	-8.863	2.476	4.505
904	-8.862	2.476	11.734
911	-8.862	2.476	11.735
975	-8.862	2.476	11.797
997	-8.862	2.476	4.438
1008	-8.862	2.476	9.844
1077	-8.862	2.476	9.846
1181	-8.843	1.143	5.685
1261	-8.842	1.144	9.777
1266	-8.842	1.144	10.880
1273	-8.842	1.143	9.781
1049	-8.842	1.143	9.750
1086	-8.842	1.143	9.751
1087	-8.842	1.143	10.020
1088	-8.842	1.143	4.591
1112	-8.842	1.143	10.021
1137	-8.842	1.143	5.675
1139	-8.842	1.143	5.195
1144	-8.842	1.143	4.494
1080	-8.841	1.143	11.546
872	-8.834	1.344	11.020
1235	-8.833	1.145	5.655
1306	-8.828	1.261	4.612
1167	-8.809	1.262	4.614
1212	-8.809	1.262	7.693
1213	-8.809	1.262	8.253
1286	-8.809	1.262	8.251
1135	-8.809	1.262	8.251
1263	-8.809	1.262	7.530
1274	-8.809	1.262	5.052
1275	-8.809	1.262	3.581
1025	-8.808	1.262	3.581
1114	-8.808	1.262	3.580
828	-8.804	1.545	3.580
873	-8.804	1.545	3.580
877	-8.804	1.545	3.581
891	-8.804	1.545	3.580
912	-8.804	1.545	3.580
958	-8.804	1.545	3.580
1030	-8.804	1.545	3.580
1079	-8.804	1.545	3.580
994	-8.804	1.545	3.580
1020	-8.804	1.545	3.617
1242	-8.800	1.263	3.617
847	-8.794	1.337	3.617
851	-8.794	1.337	3.617
871	-8.794	1.337	3.617
853	-8.793	1.337	3.754
885	-8.793	1.337	3.754
1022	-8.793	1.337	3.753
1017	-8.780	1.040	3.484
1069	-8.769	0.078	3.482
1209	-8.745	1.139	3.531
905	-8.744	1.139	24.385
1007	-8.744	1.139	24.382
1048	-8.744	1.139	24.382
1126	-8.744	1.139	24.383
1155	-8.744	1.139	24.570
1039	-8.743	1.143	24.940
804	-8.743	2.425	24.944
1055	-8.741	1.307	25.527
1073	-8.741	1.307	25.529
1184	-8.741	1.307	25.242
974	-8.738	1.175	11.622
999	-8.738	1.175	11.623
1161	-8.738	1.175	11.623
1019	-8.738	1.175	0.031
807	-8.731	2.407	0.007
808	-8.731	2.407	1.834
813	-8.731	2.407	1.835
831	-8.731	2.407	0.010
833	-8.731	2.407	0.010
843	-8.731	2.407	12.748
856	-8.731	2.407	0.008
860	-8.731	2.407	1.834
863	-8.731	2.407	0.056
866	-8.731	2.407	0.003
903	-8.731	2.407	1.831
933	-8.731	2.407	0.000
964	-8.731	2.407	14.145
879	-8.716	2.509	14.147
880	-8.716	2.509	0.046
881	-8.716	2.509	12.763
947	-8.716	2.509	12.763
1152	-8.716	2.509	12.764
875	-8.715	2.509	1.826
876	-8.715	2.509	12.764
1223	-8.706	2.388	2.614
1004	-8.706	2.388	0.031
1024	-8.706	2.388	14.137
1238	-8.670	1.107	14.153
852	-8.666	2.381	13.870
855	-8.666	2.381	12.718
870	-8.666	2.381	14.247
915	-8.666	2.381	14.247
920	-8.666	2.381	3.383
927	-8.666	2.381	3.382
935	-8.666	2.381	12.730
941	-8.666	2.381	3.382
981	-8.666	2.381	3.382
1037	-8.666	2.381	2.576
1149	-8.666	2.381	0.328
1305	-8.649	2.398	1.310
842	-8.611	2.394	12.628
844	-8.611	2.394	12.628
849	-8.611	2.394	1.307
854	-8.611	2.394	11.463
884	-8.611	2.394	11.463
894	-8.611	2.394	12.654
908	-8.611	2.394	13.932
909	-8.611	2.394	3.355
917	-8.611	2.394	10.919
926	-8.611	2.394	10.920
1031	-8.611	2.394	10.920
1052	-8.611	2.394	1.947
1063	-8.611	2.394	1.942
1121	-8.611	2.394	10.859
899	-8.608	1.573	12.668
951	-8.603	2.493	12.697
966	-8.603	2.493	3.493
1044	-8.603	2.493	3.494
1186	-8.593	1.201	3.493
1287	-8.593	1.200	12.118
1180	-8.593	1.200	12.083
1221	-8.593	1.200	12.086
1228	-8.593	1.200	12.087
864	-8.592	1.201	12.087
923	-8.592	1.200	12.087
925	-8.592	1.201	12.087
956	-8.592	1.201	12.087
962	-8.592	1.201	12.087
972	-8.592	1.201	12.089
1059	-8.592	1.201	12.089
1072	-8.592	1.200	12.089
1033	-8.592	1.201	12.091
1245	-8.590	1.216	12.087
1215	-8.587	3.276	12.091
993	-8.574	2.388	12.095
810	-8.571	2.387	11.842
829	-8.571	2.387	4.535
832	-8.571	2.387	11.644
835	-8.571	2.387	2.842
848	-8.571	2.387	10.993
937	-8.571	2.387	11.796
969	-8.571	2.387	11.734
1038	-8.571	2.387	11.735
1041	-8.571	2.387	5.381
916	-8.569	2.502	4.438
1104	-8.569	2.502	9.846
1105	-8.569	2.502	9.846
1205	-8.569	2.502	4.673
817	-8.568	1.571	5.685
893	-8.568	1.571	9.867
919	-8.568	1.571	10.025
1061	-8.568	1.571	10.880
1308	-8.544	3.206	9.782
1279	-8.533	3.202	9.750
1294	-8.533	3.202	9.751
952	-8.532	3.203	10.020
957	-8.532	3.203	4.591
977	-8.532	3.203	5.684
1013	-8.532	3.203	5.675
1014	-8.532	3.203	5.195
1026	-8.532	3.203	11.546
1040	-8.532	3.203	11.549
1066	-8.532	3.203	4.646
1078	-8.532	3.203	5.655
1081	-8.532	3.203	4.610
1092	-8.532	3.203	4.611
1115	-8.532	3.203	4.614
1125	-8.532	3.203	8.241
1136	-8.532	3.203	8.256
1157	-8.532	3.203	8.251
1246	-8.532	3.203	8.251
1251	-8.532	3.204	5.269
989	-8.516	3.227	3.613
991	-8.509	1.393	3.581
1204	-8.507	1.393	3.581
1208	-8.507	1.393	3.581
1211	-8.507	1.393	3.580
814	-8.506	1.393	3.580
1129	-8.506	1.393	3.581
1227	-8.504	3.228	3.580
1230	-8.504	3.228	3.580
921	-8.503	3.228	3.580
934	-8.503	3.228	3.580
968	-8.503	3.228	3.581
970	-8.503	3.228	3.580
982	-8.503	3.228	3.617
983	-8.503	3.228	3.618
998	-8.503	3.228	3.617
1005	-8.503	3.228	3.617
1016	-8.503	3.228	3.617
1023	-8.503	3.228	3.617
1034	-8.503	3.228	3.759
1042	-8.503	3.228	3.758
1043	-8.503	3.228	3.762
1090	-8.503	3.228	3.754
1091	-8.503	3.228	3.754
1097	-8.503	3.228	3.754
1098	-8.503	3.228	3.754
1101	-8.503	3.228	3.502
1124	-8.503	3.228	3.484
1127	-8.503	3.228	3.480
1134	-8.503	3.228	3.482
1141	-8.503	3.228	3.482
1183	-8.503	3.228	3.531
1185	-8.503	3.228	3.531
1188	-8.503	3.228	24.385
1271	-8.503	3.227	24.382
1272	-8.503	3.227	24.382
1244	-8.503	3.228	24.383
1239	-8.502	3.227	24.588
1169	-8.463	2.519	14.184
1282	-8.462	1.538	0.025
889	-8.460	1.538	11.623
978	-8.460	1.538	11.623
985	-8.460	1.538	0.021
1071	-8.460	1.538	1.834
1128	-8.460	1.538	1.749
1165	-8.460	1.538	0.018
1012	-8.460	1.538	0.035
987	-8.457	1.178	0.018
1002	-8.457	1.178	1.831
1050	-8.457	1.179	0.010
1051	-8.457	1.179	0.011
1064	-8.457	1.179	0.010
1070	-8.457	1.178	0.044
1110	-8.457	1.180	12.748
1178	-8.457	1.177	0.008
1191	-8.457	1.179	0.006
1192	-8.457	1.178	0.056
1193	-8.457	1.178	0.003
1200	-8.457	1.178	1.833
1201	-8.457	1.178	0.001
1021	-8.457	1.180	0.001
1302	-8.456	1.175	14.149
946	-8.450	1.571	12.714
988	-8.450	1.571	12.763
1241	-8.436	2.935	12.764
1029	-8.404	2.804	0.070
1084	-8.404	2.804	0.031
1108	-8.404	2.804	14.137
1116	-8.404	2.804	14.137
1119	-8.404	2.804	14.137
1140	-8.404	2.804	14.138
1153	-8.404	2.804	14.140
1168	-8.404	2.804	14.142
1182	-8.404	2.804	12.776
1207	-8.404	2.804	1.822
1262	-8.404	2.803	11.650
1291	-8.404	2.803	12.716
1292	-8.404	2.803	14.248
950	-8.392	3.181	14.251
1216	-8.392	3.183	12.732
1062	-8.391	3.181	3.382
1232	-8.379	2.127	2.553
1304	-8.378	2.127	1.805
1206	-8.338	1.535	11.463
1035	-8.294	3.162	10.920
1255	-8.282	3.162	13.934
1259	-8.282	3.162	10.975
1249	-8.281	3.161	13.931
1047	-8.281	3.162	13.578
1162	-8.281	3.163	12.698
1195	-8.281	3.163	3.494
1100	-8.281	3.162	3.493
1130	-8.281	3.163	3.493
949	-8.266	3.621	12.089
995	-8.266	3.620	12.087
1036	-8.266	3.620	12.087
1054	-8.266	3.620	12.087
1083	-8.266	3.620	12.087
1089	-8.266	3.618	12.091
1218	-8.135	3.392	9.844
1138	-8.134	3.392	9.845
1256	-8.108	3.419	5.674
1257	-8.108	3.419	5.196
1265	-8.108	3.420	11.546
1094	-8.108	3.420	11.549
1095	-8.108	3.420	4.646
1151	-8.108	3.420	14.030
1158	-8.108	3.420	4.612
1187	-8.108	3.420	4.615
1189	-8.108	3.420	10.956
1199	-8.108	3.420	8.241
1219	-8.108	3.420	8.252
1224	-8.108	3.420	8.251
1231	-8.108	3.420	8.251
1300	-8.108	3.420	7.533
1247	-8.107	3.420	3.582
1248	-8.107	3.420	3.581
1250	-8.107	3.420	3.581
1236	-8.103	3.420	3.581
1240	-8.103	3.420	3.580
1006	-8.084	3.586	3.580
1056	-8.084	3.586	3.581
1060	-8.084	3.586	3.581
1065	-8.084	3.586	3.581
1147	-8.084	3.586	3.581
1164	-8.084	3.586	3.618
1032	-8.061	2.165	3.618
805	-8.058	3.851	3.618
815	-8.058	3.851	3.618
820	-8.058	3.851	3.617
830	-8.058	3.851	3.617
1028	-8.054	3.624	3.763
1109	-8.054	3.624	3.762
1132	-8.054	3.624	3.754
1142	-8.054	3.624	3.754
1156	-8.054	3.624	3.754
1172	-8.054	3.624	3.754
1222	-8.054	3.624	3.503
1226	-8.054	3.624	3.484
1253	-8.054	3.624	3.484
1260	-8.054	3.624	3.482
1264	-8.054	3.624	3.482
1283	-8.054	3.624	3.531
1289	-8.054	3.624	24.371
1290	-8.054	3.624	24.383
1295	-8.054	3.624	24.383
1296	-8.054	3.624	24.383
1297	-8.054	3.624	24.383
1258	-8.054	3.624	24.588
1280	-7.979	2.195	0.044
913	-7.979	2.196	0.051
1145	-7.979	2.196	12.748
1133	-7.858	1.948	12.763
1163	-7.858	1.948	12.764
1170	-7.858	1.948	12.764
1267	-7.858	1.947	12.764
1270	-7.858	1.947	12.764
1277	-7.858	1.947	0.031
1288	-7.858	1.947	11.643
1293	-7.858	1.947	14.137
1214	-7.858	1.948	14.136
1237	-7.855	1.948	14.136
1103	-7.841	2.317	3.363
1111	-7.758	3.128	3.382
1159	-7.758	3.128	2.546
1160	-7.758	3.128	1.805
1198	-7.758	3.128	1.309
1268	-7.758	3.128	12.628
1284	-7.758	3.128	13.915
1234	-7.758	3.128	1.280
