1462	-5.613	0.000	1.805
1475	-5.613	0.001	1.310
1345	-5.611	0.001	12.628
1372	-5.610	0.001	12.648
1507	-5.610	0.001	11.463
1358	-5.609	0.001	12.654
1365	-5.609	0.001	13.932
1380	-5.609	0.001	3.563
1313	-5.566	0.088	12.093
1471	-5.529	0.041	11.735
1560	-5.529	0.041	4.449
1314	-5.528	0.041	9.844
1318	-5.528	0.041	9.845
1324	-5.528	0.041	9.846
1437	-5.528	0.041	10.850
1438	-5.528	0.041	5.686
1323	-5.528	0.041	9.776
1327	-5.528	0.041	11.587
1330	-5.528	0.041	10.882
1418	-5.527	0.041	9.781
1419	-5.527	0.041	9.749
1340	-5.527	0.041	9.751
1344	-5.527	0.041	10.020
1353	-5.527	0.040	4.591
1359	-5.527	0.040	4.585
1386	-5.527	0.040	5.675
1432	-5.527	0.041	5.196
1491	-5.527	0.040	11.547
1412	-5.527	0.040	11.549
1348	-5.526	0.040	4.647
1355	-5.526	0.040	14.016
1379	-5.526	0.040	4.618
1427	-5.526	0.040	4.612
1487	-5.525	0.039	5.207
1371	-5.525	0.040	8.241
1342	-5.512	0.179	8.253
1435	-5.487	0.014	8.251
1310	-5.478	0.032	8.250
1430	-5.477	0.139	5.270
1553	-5.422	0.031	3.754
1611	-5.422	0.030	3.754
1612	-5.422	0.030	3.754
1663	-5.422	0.031	3.754
1699	-5.421	0.031	3.505
1521	-5.421	0.031	3.484
1539	-5.421	0.031	3.481
1547	-5.421	0.031	3.482
1566	-5.421	0.031	3.482
1625	-5.421	0.031	3.531
1632	-5.421	0.031	3.531
1656	-5.421	0.031	24.382
1675	-5.421	0.031	24.382
1676	-5.421	0.031	24.382
1694	-5.421	0.031	24.386
1710	-5.421	0.031	24.598
1590	-5.420	0.031	1.535
1652	-5.420	0.031	25.527
1496	-5.418	0.031	25.586
1504	-5.418	0.031	1.801
1367	-5.417	0.031	0.015
1391	-5.417	0.031	11.623
1409	-5.417	0.031	11.623
1522	-5.352	0.047	14.248
1556	-5.351	0.045	12.732
1696	-5.351	0.048	12.732
1672	-5.289	1.254	3.483
1460	-5.241	0.033	13.935
1657	-5.241	0.033	1.956
1499	-5.238	0.034	12.083
1423	-5.238	0.033	12.120
1352	-5.238	0.034	12.087
1385	-5.237	0.043	12.088
1315	-5.235	0.033	12.087
1457	-5.163	0.129	17.377
1469	-5.163	0.129	17.383
1520	-5.163	0.129	17.376
1531	-5.163	0.129	17.375
1565	-5.163	0.129	17.375
1623	-5.163	0.129	17.375
1624	-5.163	0.129	17.375
1645	-5.163	0.129	17.078
1673	-5.163	0.129	17.076
1682	-5.163	0.129	17.078
1685	-5.163	0.129	17.077
1690	-5.163	0.129	17.076
1709	-5.163	0.129	17.120
1375	-5.160	0.129	28.309
1501	-5.160	0.129	28.308
1502	-5.160	0.129	28.308
1506	-5.160	0.129	28.309
1508	-5.160	0.129	28.732
1738	-5.158	0.141	28.465
1697	-5.149	1.237	28.473
1630	-5.149	1.237	29.224
1711	-5.149	1.237	29.228
1712	-5.149	1.237	29.084
1477	-5.125	0.134	7.064
1546	-5.125	0.134	14.165
1410	-5.122	0.134	14.168
1422	-5.122	0.134	13.357
1440	-5.122	0.134	14.171
1320	-5.121	0.134	14.098
1373	-5.121	0.134	14.143
1482	-5.120	0.135	13.354
1759	-5.064	0.061	0.012
1606	-5.062	1.202	14.188
1724	-5.062	1.202	6.374
1551	-4.956	0.112	0.059
1316	-4.953	1.322	0.059
1752	-4.937	0.129	16.491
1540	-4.900	1.325	0.059
1631	-4.900	1.325	6.365
1478	-4.899	1.325	0.038
1662	-4.899	1.325	0.038
1666	-4.899	1.325	6.451
1450	-4.899	1.325	0.133
1634	-4.898	1.325	0.132
1443	-4.898	1.325	16.532
1735	-4.898	1.325	6.427
1526	-4.758	0.429	16.719
1529	-4.758	0.429	16.718
1594	-4.757	0.429	16.716
1466	-4.757	0.429	6.938
1613	-4.757	0.429	5.482
1597	-4.754	0.429	5.485
1598	-4.754	0.429	5.483
1363	-4.754	0.429	5.483
1364	-4.754	0.429	5.483
1393	-4.754	0.429	5.483
1396	-4.754	0.429	5.483
1444	-4.754	0.429	5.483
1562	-4.754	0.429	5.483
1601	-4.754	0.429	5.483
1383	-4.753	0.429	5.483
1628	-4.734	1.320	5.479
1541	-4.734	1.318	5.482
1635	-4.733	1.319	5.486
1381	-4.733	1.318	5.465
1346	-4.715	1.299	6.473
1356	-4.715	1.299	14.894
1424	-4.715	1.299	5.236
1481	-4.699	1.330	5.235
1755	-4.685	0.432	15.344
1640	-4.685	0.432	6.962
1532	-4.685	0.420	6.963
1321	-4.683	0.421	15.379
1332	-4.683	0.421	16.950
1334	-4.683	0.421	6.947
1451	-4.678	0.416	6.037
1578	-4.678	0.416	6.567
1689	-4.678	0.416	7.017
1335	-4.676	0.416	7.039
1338	-4.676	0.416	7.039
1368	-4.675	0.416	7.043
1398	-4.675	0.416	14.902
1399	-4.675	0.416	7.039
1413	-4.675	0.416	16.935
1347	-4.674	0.416	15.921
1349	-4.674	0.416	6.082
1727	-4.607	0.413	16.925
1554	-4.579	1.290	16.475
1653	-4.579	1.290	16.475
1680	-4.579	1.290	16.475
1702	-4.579	1.290	8.274
1703	-4.579	1.290	12.465
1704	-4.579	1.290	8.279
1583	-4.578	1.290	8.279
1584	-4.578	1.290	9.215
1585	-4.578	1.290	9.941
1354	-4.577	1.291	17.109
1376	-4.577	1.290	17.110
1596	-4.577	1.291	17.111
1648	-4.577	1.291	17.110
1649	-4.577	1.291	17.110
1650	-4.577	1.291	17.111
1671	-4.577	1.291	17.110
1641	-4.576	1.291	17.111
1384	-4.574	1.291	17.110
1731	-4.574	1.292	17.110
1732	-4.574	1.292	17.111
1734	-4.574	1.292	17.110
1764	-4.572	1.292	17.155
1572	-4.485	0.408	17.076
1476	-4.485	0.408	17.078
1591	-4.485	0.408	17.076
1643	-4.485	0.408	17.075
1654	-4.485	0.408	17.119
1743	-4.481	0.408	28.309
1389	-4.097	3.467	17.155
1394	-4.097	3.467	17.154
1458	-4.097	3.467	17.154
1495	-4.097	3.467	17.154
1571	-4.097	3.467	17.155
1707	-4.097	3.467	17.154
1361	-4.087	3.469	17.377
1617	-4.087	3.469	17.383
1668	-4.087	3.469	17.383
1678	-4.087	3.469	17.376
1405	-4.086	3.469	17.375
1483	-4.086	3.469	17.375
1627	-4.083	3.846	17.375
1455	-4.083	3.846	17.093
1549	-4.083	3.846	17.078
1742	-4.080	3.472	17.078
1439	-4.079	3.472	17.076
1465	-4.079	3.472	17.076
1616	-4.079	3.472	17.120
1618	-4.079	3.473	17.093
1638	-4.079	3.472	28.308
1644	-4.079	3.472	28.308
1667	-4.079	3.472	28.308
1669	-4.079	3.472	28.308
1684	-4.079	3.473	28.749
1692	-4.079	3.473	28.859
1693	-4.079	3.473	14.977
1713	-4.079	3.473	29.224
1762	-4.079	3.472	29.240
1773	-4.078	3.472	14.137
1665	-4.077	3.747	7.064
1683	-4.077	3.747	7.064
1730	-4.076	3.473	7.064
1328	-4.076	3.747	14.127
1362	-4.076	3.747	13.350
1608	-4.066	3.762	14.138
1480	-4.065	3.467	14.130
1533	-4.065	3.466	14.171
1350	-4.065	3.761	13.353
1351	-4.065	3.761	14.134
1387	-4.065	3.761	14.136
1388	-4.065	3.761	14.181
1407	-4.065	3.761	14.137
1416	-4.065	3.761	13.350
1488	-4.065	3.761	6.380
1498	-4.065	3.761	14.138
1500	-4.065	3.760	14.192
1557	-4.065	3.761	14.193
1701	-4.063	3.787	13.340
1576	-4.063	3.789	13.354
1595	-4.063	3.787	14.145
1651	-4.063	3.788	0.006
1433	-4.062	3.788	14.188
1369	-4.042	3.483	16.513
1370	-4.042	3.483	0.059
1401	-4.042	3.483	0.060
1402	-4.042	3.483	0.060
1414	-4.042	3.483	0.101
1428	-4.042	3.483	14.174
1561	-4.042	3.482	14.174
1600	-4.042	3.483	6.365
1695	-4.042	3.483	0.053
1705	-4.042	3.483	7.045
1769	-4.040	3.482	6.453
1770	-4.040	3.482	0.132
1568	-4.000	3.844	0.095
1737	-3.965	3.480	16.527
1686	-3.950	3.866	16.529
1767	-3.949	3.864	16.529
1470	-3.933	2.561	15.185
1341	-3.933	2.561	2.080
1400	-3.933	2.561	13.335
1659	-3.918	0.438	5.922
1548	-3.918	0.438	2.089
1603	-3.918	0.438	13.412
1374	-3.915	0.438	13.819
1415	-3.915	0.438	2.123
1431	-3.915	0.438	17.009
1452	-3.913	2.558	16.716
1411	-3.912	2.558	5.480
1326	-3.912	2.558	5.483
1343	-3.912	2.558	5.483
1366	-3.912	2.558	5.483
1392	-3.912	2.558	5.483
1429	-3.912	2.558	5.483
1382	-3.911	2.558	5.483
1744	-3.909	3.470	5.483
1538	-3.905	2.560	5.483
1579	-3.905	2.560	5.483
1592	-3.905	2.560	5.483
1317	-3.904	2.559	5.483
1492	-3.904	2.560	5.481
1494	-3.904	2.560	5.483
1505	-3.904	2.559	5.483
1509	-3.904	2.560	5.494
1518	-3.904	2.559	5.473
1325	-3.903	2.559	5.019
1397	-3.903	2.560	16.024
1404	-3.903	2.560	16.025
1406	-3.903	2.560	16.024
1485	-3.903	2.559	14.345
1464	-3.887	0.413	14.894
1679	-3.887	2.572	5.119
1420	-3.885	0.413	5.235
1337	-3.884	0.413	5.111
1447	-3.868	2.533	15.161
1489	-3.868	2.533	6.962
1510	-3.868	2.533	6.962
1339	-3.868	2.533	6.970
1360	-3.867	2.533	6.217
1442	-3.867	2.533	16.950
1449	-3.857	2.535	7.020
1461	-3.857	2.535	6.567
1319	-3.857	2.535	7.017
1390	-3.856	2.535	7.038
1490	-3.856	2.535	7.039
1747	-3.809	3.487	15.198
1629	-3.755	2.564	8.279
1660	-3.755	2.564	8.279
1664	-3.755	2.564	8.285
1681	-3.755	2.564	9.701
1706	-3.755	2.564	17.110
1426	-3.754	2.564	17.109
1484	-3.753	2.564	17.111
1622	-3.128	1.859	17.111
1530	-3.128	1.861	17.110
1661	-3.127	1.861	17.111
1749	-2.726	2.477	17.110
1700	-2.699	2.469	17.111
