1448	-12.321	0.000	2.128
1404	-12.281	0.007	13.785
1333	-12.186	0.040	14.777
1466	-12.176	0.102	14.739
1251	-11.873	0.073	11.275
1360	-11.733	0.231	8.780
1432	-11.617	0.116	12.098
1414	-11.503	0.107	9.088
1335	-11.484	0.141	5.554
1439	-11.421	1.397	13.652
1104	-11.411	0.136	11.307
1118	-11.407	0.137	11.153
1159	-11.405	0.138	5.601
1218	-11.401	0.139	9.189
1128	-11.395	0.141	11.696
1459	-11.315	0.144	13.947
1403	-11.309	0.166	0.487
1348	-11.262	0.173	0.000
1119	-11.261	0.174	0.001
1031	-11.259	0.174	0.001
1145	-11.212	0.182	0.003
1340	-11.210	0.181	0.003
1053	-11.208	0.182	0.004
1308	-11.207	0.185	0.009
1291	-11.205	0.166	0.005
1170	-11.191	0.219	0.007
1212	-11.182	0.169	0.023
1314	-11.182	0.169	13.963
1085	-11.180	0.169	13.740
1052	-11.179	0.170	13.956
1181	-11.169	0.175	13.940
1213	-11.130	0.176	0.890
1048	-11.127	0.176	2.892
1026	-11.042	0.260	13.423
1023	-11.040	0.260	2.992
1030	-11.005	0.409	14.009
1361	-10.663	2.014	0.001
1301	-10.392	1.375	14.653
1191	-10.269	2.041	5.554
1178	-10.262	1.990	8.788
1430	-10.106	3.174	0.002
1415	-10.084	3.175	0.018
1329	-10.061	3.173	0.020
1321	-10.060	3.173	0.020
1228	-10.036	3.174	2.975
1289	-10.036	1.503	2.974
1197	-10.023	3.173	2.992
1354	-10.003	3.173	1.927
1171	-9.981	1.431	7.529
1231	-9.978	1.486	14.737
1456	-9.789	2.418	31.195
1453	-9.745	2.998	12.079
1445	-9.745	3.018	12.119
1079	-9.738	2.028	12.080
1207	-9.737	2.022	11.282
1100	-9.737	2.029	12.132
1320	-9.731	3.565	12.087
1381	-9.727	3.021	5.485
1417	-9.723	3.078	11.276
1426	-9.696	3.561	5.478
1464	-9.688	3.541	5.479
1298	-9.686	2.425	11.268
1413	-9.685	3.541	5.481
1416	-9.678	3.535	8.750
1452	-9.639	3.540	8.478
1351	-9.635	3.046	8.477
1277	-9.632	3.545	5.626
1405	-9.624	3.540	8.930
1229	-9.572	3.545	5.625
1305	-9.527	3.578	0.001
1372	-9.519	1.609	0.001
1165	-9.514	1.623	0.001
1399	-9.429	3.570	0.892
1187	-9.421	3.545	13.381
1330	-9.412	3.577	2.892
1209	-9.405	3.581	14.647
1359	-9.400	3.577	2.953
1201	-9.377	3.165	2.975
1309	-9.374	3.676	13.424
1182	-9.369	3.677	13.425
1428	-9.368	2.454	14.649
1336	-9.352	2.419	13.861
1387	-9.346	2.425	1.925
1246	-9.341	3.579	13.859
1153	-9.323	3.676	4.418
1297	-9.293	3.676	14.738
1465	-9.287	3.028	14.738
1406	-9.277	3.030	14.739
1424	-9.277	3.062	14.739
1409	-9.274	3.032	14.739
1299	-9.271	3.030	14.739
1331	-9.268	3.020	14.739
1392	-9.261	3.010	14.739
1344	-9.259	3.001	14.739
1377	-9.243	2.982	14.899
1141	-9.219	3.177	14.617
1366	-9.215	3.871	14.618
1386	-9.213	3.871	14.653
1276	-9.213	3.871	14.653
1183	-9.206	3.035	30.944
1450	-9.205	3.655	30.944
1398	-9.193	3.816	31.305
1489	-9.185	2.622	31.542
1172	-9.176	3.676	32.008
1041	-9.168	1.810	11.345
1437	-9.167	3.863	12.075
1214	-9.155	3.864	9.102
1219	-9.155	3.864	9.102
1402	-9.155	3.864	12.106
1185	-9.153	3.864	11.267
1252	-9.152	3.864	11.838
1463	-9.114	3.818	12.078
1248	-9.108	3.869	12.079
1221	-9.108	3.869	12.119
1256	-9.108	3.870	8.755
1188	-9.107	3.870	12.080
1216	-9.107	3.869	12.110
1449	-9.105	1.976	12.085
1143	-9.105	3.869	11.268
1152	-9.103	3.869	12.087
1208	-9.098	3.224	12.087
1454	-9.097	3.716	12.765
1238	-9.097	3.219	8.754
1457	-9.096	3.712	8.754
1323	-9.096	3.217	8.754
1447	-9.091	3.671	8.754
1408	-9.081	3.679	9.088
1293	-9.067	1.976	13.652
1338	-9.050	3.246	5.596
1204	-9.047	3.864	11.153
1422	-8.983	3.187	8.391
1367	-8.978	3.677	0.007
1051	-8.929	3.180	0.010
1244	-8.917	3.258	0.013
1468	-8.897	3.907	0.006
1160	-8.892	3.817	13.964
1388	-8.877	3.245	0.892
1237	-8.861	3.838	13.641
1268	-8.832	3.825	2.112
1264	-8.832	3.833	14.647
1215	-8.832	3.834	2.953
1304	-8.832	3.834	1.882
1290	-8.831	3.824	2.945
1279	-8.831	3.833	1.884
1283	-8.831	3.834	2.974
1373	-8.831	3.834	13.552
1332	-8.831	3.980	13.423
1059	-8.830	3.179	2.993
1327	-8.830	3.836	13.426
1257	-8.827	3.859	1.925
1253	-8.825	3.837	13.991
1311	-8.818	3.691	2.188
1027	-8.817	3.682	4.431
1346	-8.817	3.693	4.419
1035	-8.815	3.198	4.420
1324	-8.812	3.812	7.299
1326	-8.812	3.818	14.738
1467	-8.806	3.127	14.738
1412	-8.800	3.143	14.740
1080	-8.799	3.204	14.739
1127	-8.798	3.323	14.739
1115	-8.798	3.323	14.739
1444	-8.785	2.519	14.739
1438	-8.784	2.515	14.739
1389	-8.776	3.208	14.771
1081	-8.772	3.179	14.771
1117	-8.772	3.179	14.771
1149	-8.772	3.179	14.771
1050	-8.763	3.695	14.734
1078	-8.763	3.691	14.898
1274	-8.763	3.695	14.904
1136	-8.763	3.696	14.903
1122	-8.762	3.698	14.899
1184	-8.762	3.696	14.899
1307	-8.762	3.697	14.899
1285	-8.762	3.816	14.899
1227	-8.761	3.236	14.631
1025	-8.761	3.821	14.619
1151	-8.760	3.829	14.619
1113	-8.759	3.790	14.619
1106	-8.759	3.817	14.618
1310	-8.757	3.985	30.944
1339	-8.750	2.532	30.944
1378	-8.748	2.527	31.283
1325	-8.747	2.528	31.300
1102	-8.743	3.214	31.961
1063	-8.736	3.694	9.103
1075	-8.715	3.177	12.079
1092	-8.710	3.827	12.084
1242	-8.710	3.904	12.077
1095	-8.709	3.698	11.271
1083	-8.709	3.700	12.118
1376	-8.705	2.575	12.125
1186	-8.703	2.574	8.755
1180	-8.703	2.578	12.080
1174	-8.702	2.588	12.081
1223	-8.659	3.888	8.754
1140	-8.655	1.438	8.754
1292	-8.643	3.893	5.478
1425	-8.633	3.980	13.652
1258	-8.629	2.950	13.650
1076	-8.618	2.577	13.649
1370	-8.573	3.636	11.174
1226	-8.508	3.445	0.001
1442	-8.476	3.947	0.015
1195	-8.473	3.597	0.108
1090	-8.456	3.216	1.150
1142	-8.423	3.202	0.894
1098	-8.415	3.202	2.238
1056	-8.403	3.041	2.974
1173	-8.402	3.011	2.996
1198	-8.402	3.027	2.996
1205	-8.400	3.025	2.992
1084	-8.400	2.984	14.649
1247	-8.368	2.588	4.415
1112	-8.335	3.281	7.532
1047	-8.259	3.286	14.900
1220	-8.251	2.787	14.899
1265	-8.251	2.783	14.620
1243	-8.251	2.786	14.618
1094	-8.250	2.798	14.620
1134	-8.250	2.789	14.618
1058	-8.250	2.795	14.618
1206	-8.250	2.783	14.653
1163	-8.233	2.772	31.284
1316	-8.134	3.198	12.132
1088	-8.130	3.198	11.275
1091	-8.130	3.198	11.270
1157	-8.111	3.452	8.754
1158	-8.110	3.462	8.754
1434	-8.095	3.881	5.478
1267	-8.071	3.855	5.489
1131	-8.027	3.135	8.491
1334	-8.002	3.187	8.927
1097	-7.955	2.760	0.020
1254	-7.910	3.284	13.504
1523	-7.789	3.208	14.740
1574	-7.788	3.220	14.739
1147	-7.712	3.046	14.900
1099	-7.627	3.114	14.653
1043	-7.582	3.139	5.447
1130	-7.581	2.964	9.099
1137	-7.508	3.292	12.080
1420	-7.278	3.208	0.001
1349	-7.275	3.284	0.001
