5	-17.304	0.000	0.000
9	-17.304	0.000	11.887
14	-17.304	0.000	11.887
15	-17.304	0.000	11.887
16	-17.304	0.000	4.337
20	-17.304	0.000	13.970
21	-17.304	0.000	11.801
22	-17.304	0.000	13.990
23	-17.304	0.000	14.014
24	-17.304	0.000	3.140
25	-17.304	0.000	3.138
26	-17.304	0.000	3.138
27	-17.304	0.000	13.117
28	-17.304	0.000	13.990
29	-17.304	0.000	13.992
30	-17.304	0.000	13.993
31	-17.304	0.000	13.993
97	-17.304	0.000	13.993
102	-17.304	0.000	13.993
393	-17.112	0.005	13.993
283	-17.107	0.005	13.993
286	-17.107	0.005	13.995
287	-17.107	0.005	13.995
288	-17.107	0.005	13.995
289	-17.107	0.005	13.996
293	-17.107	0.005	13.998
302	-17.107	0.005	13.997
306	-17.107	0.005	13.998
308	-17.107	0.005	14.004
309	-17.107	0.005	13.999
311	-17.107	0.005	14.000
312	-17.107	0.005	13.866
313	-17.107	0.005	3.375
314	-17.107	0.005	9.256
315	-17.107	0.005	2.887
320	-17.107	0.005	12.817
321	-17.107	0.005	3.904
322	-17.107	0.005	13.709
323	-17.107	0.005	13.710
324	-17.107	0.005	3.840
325	-17.107	0.005	3.010
326	-17.107	0.005	12.022
340	-17.107	0.005	12.024
345	-17.107	0.005	3.382
346	-17.107	0.005	2.211
347	-17.107	0.005	12.044
348	-17.107	0.005	13.265
349	-17.107	0.005	12.697
351	-17.107	0.005	11.962
354	-17.107	0.005	11.931
355	-17.107	0.005	11.932
356	-17.107	0.005	11.907
358	-17.107	0.005	3.944
360	-17.107	0.005	11.908
361	-17.107	0.005	2.221
366	-17.107	0.005	2.595
379	-17.107	0.005	13.198
384	-17.107	0.005	13.198
3	-17.093	0.006	11.812
4	-17.093	0.006	2.178
6	-17.093	0.006	0.003
7	-17.093	0.006	0.001
8	-17.093	0.006	0.002
10	-17.093	0.006	10.217
11	-17.093	0.006	6.900
12	-17.093	0.006	10.202
13	-17.093	0.006	10.202
17	-17.093	0.006	8.872
18	-17.093	0.006	7.030
19	-17.093	0.006	4.638
32	-17.093	0.006	4.637
33	-17.093	0.006	4.636
34	-17.093	0.006	4.636
35	-17.093	0.006	4.636
36	-17.093	0.006	4.636
37	-17.093	0.006	4.636
38	-17.093	0.006	4.636
39	-17.093	0.006	4.636
40	-17.093	0.006	4.636
41	-17.093	0.006	4.636
42	-17.093	0.006	4.636
43	-17.093	0.006	4.630
44	-17.093	0.006	4.630
45	-17.093	0.006	4.630
46	-17.093	0.006	4.630
47	-17.093	0.006	4.630
48	-17.093	0.006	4.629
49	-17.093	0.006	4.640
50	-17.093	0.006	4.640
51	-17.093	0.006	4.643
52	-17.093	0.006	4.642
53	-17.093	0.006	4.642
54	-17.093	0.006	4.642
55	-17.093	0.006	4.642
56	-17.093	0.006	4.550
57	-17.093	0.006	4.551
58	-17.093	0.006	4.551
59	-17.093	0.006	4.551
60	-17.093	0.006	4.551
61	-17.093	0.006	4.551
62	-17.093	0.006	4.546
63	-17.093	0.006	25.441
64	-17.093	0.006	25.437
65	-17.093	0.006	25.437
66	-17.093	0.006	25.437
67	-17.093	0.006	25.650
68	-17.093	0.006	26.158
69	-17.093	0.006	5.238
70	-17.093	0.006	26.696
71	-17.093	0.006	26.662
72	-17.093	0.006	16.594
73	-17.093	0.006	12.954
74	-17.093	0.006	12.954
75	-17.093	0.006	12.954
76	-17.093	0.006	4.614
77	-17.093	0.006	5.230
78	-17.093	0.006	4.611
79	-17.093	0.006	4.610
80	-17.093	0.006	4.602
81	-17.093	0.006	4.610
82	-17.093	0.006	4.613
83	-17.093	0.006	4.616
84	-17.093	0.006	4.615
85	-17.093	0.006	4.616
86	-17.093	0.006	4.600
87	-17.093	0.006	14.098
88	-17.093	0.006	4.615
89	-17.093	0.006	4.611
90	-17.093	0.006	4.599
91	-17.093	0.006	4.615
92	-17.093	0.006	4.614
93	-17.093	0.006	4.614
94	-17.093	0.006	4.602
95	-17.093	0.006	16.481
96	-17.093	0.006	14.110
98	-17.093	0.006	14.111
99	-17.093	0.006	14.112
100	-17.093	0.006	14.112
101	-17.093	0.006	14.112
103	-17.093	0.006	14.113
104	-17.093	0.006	4.596
105	-17.093	0.006	4.601
106	-17.093	0.006	16.456
107	-17.093	0.006	16.456
108	-17.093	0.006	16.457
109	-17.093	0.006	16.413
110	-17.093	0.006	5.227
111	-17.093	0.006	16.460
112	-17.093	0.006	14.124
113	-17.093	0.006	16.478
114	-17.093	0.006	16.480
115	-17.093	0.006	14.051
116	-17.093	0.006	16.587
117	-17.093	0.006	16.588
118	-17.093	0.006	4.248
119	-17.093	0.006	4.247
120	-17.093	0.006	14.072
121	-17.093	0.006	4.248
122	-17.093	0.006	4.246
123	-17.093	0.006	5.256
124	-17.093	0.006	5.197
126	-17.093	0.006	5.126
127	-17.093	0.006	14.056
128	-17.093	0.006	15.976
129	-17.093	0.006	11.715
130	-17.093	0.006	14.081
131	-17.093	0.006	12.525
132	-17.093	0.006	4.958
133	-17.093	0.006	15.977
134	-17.093	0.006	4.612
135	-17.093	0.006	11.887
136	-17.093	0.006	11.888
137	-17.093	0.006	4.168
138	-17.093	0.006	15.970
139	-17.093	0.006	11.948
140	-17.093	0.006	15.968
141	-17.093	0.006	13.994
142	-17.093	0.006	14.013
143	-17.093	0.006	3.137
144	-17.093	0.006	3.136
145	-17.093	0.006	3.137
147	-17.093	0.006	13.118
149	-17.093	0.006	13.992
150	-17.093	0.006	13.994
151	-17.093	0.006	13.993
152	-17.093	0.006	13.993
154	-17.093	0.006	13.993
155	-17.093	0.006	13.993
156	-17.093	0.006	13.993
157	-17.093	0.006	13.992
158	-17.093	0.006	13.994
159	-17.093	0.006	13.994
161	-17.093	0.006	13.994
162	-17.093	0.006	13.996
163	-17.093	0.006	13.988
164	-17.093	0.006	13.996
165	-17.093	0.006	13.999
166	-17.093	0.006	13.998
167	-17.093	0.006	13.998
168	-17.093	0.006	14.003
169	-17.093	0.006	2.884
170	-17.093	0.006	3.375
174	-17.093	0.006	2.887
175	-17.093	0.006	2.885
176	-17.093	0.006	12.818
177	-17.093	0.006	13.788
178	-17.093	0.006	13.708
179	-17.093	0.006	13.707
180	-17.093	0.006	3.377
181	-17.093	0.006	12.022
182	-17.093	0.006	12.023
183	-17.093	0.006	12.023
184	-17.093	0.006	12.672
185	-17.093	0.006	2.211
186	-17.093	0.006	12.044
187	-17.093	0.006	13.267
188	-17.093	0.006	12.698
189	-17.093	0.006	13.268
192	-17.093	0.006	11.930
193	-17.093	0.006	3.401
194	-17.093	0.006	11.906
195	-17.093	0.006	3.944
196	-17.093	0.006	3.938
197	-17.093	0.006	2.221
198	-17.093	0.006	2.595
199	-17.093	0.006	13.198
200	-17.093	0.006	13.201
201	-17.093	0.006	0.055
202	-17.093	0.006	15.164
203	-17.093	0.006	0.001
204	-17.093	0.006	0.001
205	-17.093	0.006	12.831
206	-17.093	0.006	10.191
207	-17.093	0.006	10.202
208	-17.093	0.006	10.202
209	-17.093	0.006	10.186
210	-17.093	0.006	7.259
211	-17.093	0.006	4.639
212	-17.093	0.006	4.639
218	-17.093	0.006	4.637
220	-17.093	0.006	4.637
221	-17.093	0.006	4.637
222	-17.093	0.006	4.637
223	-17.093	0.006	4.637
224	-17.093	0.006	4.637
226	-17.093	0.006	4.637
227	-17.093	0.006	4.637
229	-17.093	0.006	4.637
230	-17.093	0.006	4.637
233	-17.093	0.006	4.637
234	-17.093	0.006	4.631
236	-17.093	0.006	4.631
237	-17.093	0.006	4.631
238	-17.093	0.006	4.631
239	-17.093	0.006	4.631
240	-17.093	0.006	4.630
241	-17.093	0.006	4.641
242	-17.093	0.006	4.644
243	-17.093	0.006	4.643
249	-17.093	0.006	4.643
250	-17.093	0.006	4.643
252	-17.093	0.006	4.643
253	-17.093	0.006	4.643
254	-17.093	0.006	4.551
255	-17.093	0.006	4.552
256	-17.093	0.006	4.552
257	-17.093	0.006	4.552
258	-17.093	0.006	4.552
259	-17.093	0.006	4.546
260	-17.093	0.006	4.550
261	-17.093	0.006	25.437
262	-17.093	0.006	25.437
265	-17.093	0.006	25.437
266	-17.093	0.006	25.437
267	-17.093	0.006	25.661
268	-17.093	0.006	26.158
269	-17.093	0.006	5.236
270	-17.093	0.006	26.696
271	-17.093	0.006	26.527
272	-17.093	0.006	4.612
273	-17.093	0.006	12.953
274	-17.093	0.006	12.954
275	-17.093	0.006	12.954
276	-17.093	0.006	4.615
153	-16.674	0.080	5.230
217	-16.674	0.080	4.611
125	-16.674	0.080	4.615
148	-16.674	0.080	4.603
160	-16.674	0.080	5.229
171	-16.674	0.080	4.617
172	-16.674	0.080	4.617
173	-16.674	0.080	4.601
191	-16.674	0.080	4.617
228	-16.674	0.080	5.230
235	-16.674	0.080	14.098
1	-16.674	0.080	4.616
2	-16.674	0.080	4.600
278	-11.307	2.066	4.600
279	-11.307	2.066	5.235
280	-11.307	2.066	5.227
281	-11.307	2.066	4.615
282	-11.307	2.066	16.477
285	-11.307	2.066	4.597
290	-11.307	2.066	14.111
291	-11.307	2.066	14.111
292	-11.307	2.066	14.112
294	-11.307	2.066	14.112
296	-11.307	2.066	14.112
297	-11.307	2.066	14.112
298	-11.307	2.066	4.597
301	-11.307	2.066	4.256
303	-11.307	2.066	16.457
310	-11.307	2.066	16.456
316	-11.307	2.066	16.456
317	-11.307	2.066	16.414
318	-11.307	2.066	4.600
319	-11.307	2.066	4.599
329	-11.307	2.066	14.123
332	-11.307	2.066	16.467
339	-11.307	2.066	12.981
350	-11.307	2.066	14.052
352	-11.307	2.066	16.587
353	-11.307	2.066	16.554
359	-11.307	2.066	14.071
369	-11.307	2.066	14.071
383	-11.307	2.066	4.250
213	-11.288	2.066	4.247
214	-11.288	2.066	4.247
215	-11.288	2.066	5.257
216	-11.288	2.066	15.976
219	-11.288	2.066	5.127
244	-11.288	2.066	14.056
245	-11.288	2.066	15.976
246	-11.288	2.066	5.187
247	-11.288	2.066	12.525
248	-11.288	2.066	4.957
263	-11.288	2.066	4.956
264	-11.288	2.066	15.977
146	-11.058	2.075	4.170
190	-11.058	2.075	11.887
225	-11.058	2.075	11.887
231	-11.058	2.075	4.334
232	-11.058	2.075	15.970
251	-11.058	2.075	11.948
1184	-9.224	2.955	16.475
1190	-9.224	2.955	16.478
1193	-9.224	2.955	4.596
1194	-9.224	2.955	14.111
1195	-9.224	2.955	14.111
1196	-9.224	2.955	14.112
1203	-9.224	2.955	14.112
1216	-9.224	2.955	5.218
1217	-9.224	2.955	5.218
1225	-9.224	2.955	4.596
1247	-9.206	2.952	16.456
1278	-9.206	2.952	16.456
1295	-9.206	2.952	16.457
1238	-9.206	2.952	16.456
1226	-9.205	2.952	16.457
1227	-9.205	2.952	16.460
1228	-9.205	2.952	4.599
1231	-9.205	2.952	16.476
1331	-9.192	2.963	16.480
1454	-9.192	2.963	13.128
1463	-9.191	2.963	14.052
452	-9.179	2.959	16.588
493	-9.178	2.959	4.247
1311	-9.154	2.956	16.591
1312	-9.154	2.956	4.249
1224	-9.145	2.966	4.249
457	-9.132	2.969	4.247
458	-9.132	2.969	5.266
459	-9.132	2.969	5.257
460	-9.132	2.968	5.126
461	-9.132	2.969	16.057
462	-9.132	2.969	14.056
463	-9.132	2.968	15.975
464	-9.132	2.968	5.105
465	-9.132	2.969	12.525
472	-9.132	2.969	4.955
476	-9.132	2.968	4.959
477	-9.132	2.969	4.958
481	-9.132	2.969	11.887
482	-9.132	2.969	11.887
483	-9.132	2.969	11.888
501	-9.131	2.968	4.335
502	-9.131	2.968	4.335
503	-9.131	2.968	15.962
504	-9.131	2.968	3.184
505	-9.131	2.968	14.014
506	-9.131	2.968	3.129
507	-9.131	2.968	3.137
508	-9.131	2.968	3.136
509	-9.131	2.968	14.050
510	-9.131	2.968	13.989
511	-9.131	2.968	13.985
517	-9.131	2.968	13.993
520	-9.131	2.968	13.993
521	-9.131	2.968	13.993
522	-9.131	2.968	13.993
531	-9.131	2.968	13.993
532	-9.131	2.968	13.993
533	-9.131	2.968	13.994
535	-9.131	2.968	13.994
536	-9.131	2.968	13.994
537	-9.131	2.968	13.993
538	-9.131	2.968	13.996
548	-9.131	2.968	13.997
549	-9.131	2.968	13.980
550	-9.131	2.968	13.997
553	-9.131	2.968	13.946
554	-9.131	2.968	14.000
555	-9.131	2.968	13.865
556	-9.131	2.968	3.375
557	-9.131	2.968	3.841
558	-9.131	2.968	2.886
559	-9.131	2.968	12.816
560	-9.131	2.968	3.905
566	-9.131	2.968	13.709
568	-9.131	2.968	13.710
572	-9.131	2.968	13.789
573	-9.131	2.968	3.010
574	-9.131	2.968	12.022
576	-9.131	2.968	12.023
577	-9.131	2.968	12.667
578	-9.131	2.968	12.843
579	-9.131	2.968	2.210
580	-9.131	2.968	11.956
581	-9.131	2.968	12.697
582	-9.131	2.968	11.961
584	-9.131	2.968	11.930
589	-9.131	2.968	11.932
590	-9.131	2.968	11.906
592	-9.131	2.968	3.944
593	-9.131	2.968	11.907
596	-9.131	2.968	2.222
605	-9.131	2.968	2.595
497	-9.129	2.968	3.007
499	-9.127	2.963	13.198
500	-9.127	2.963	12.792
513	-9.127	2.963	2.178
515	-9.127	2.963	0.003
516	-9.127	2.963	0.008
524	-9.127	2.963	0.001
526	-9.127	2.963	6.913
527	-9.127	2.963	10.210
528	-9.127	2.963	10.201
529	-9.127	2.963	10.201
551	-9.127	2.963	8.871
552	-9.127	2.963	7.006
561	-9.127	2.963	4.637
562	-9.127	2.963	4.637
563	-9.127	2.963	4.635
569	-9.127	2.963	4.636
570	-9.127	2.963	4.636
571	-9.127	2.963	4.635
575	-9.127	2.963	4.635
603	-9.127	2.963	4.635
1271	-9.127	2.963	4.635
1350	-9.127	2.963	4.635
485	-9.127	2.963	4.635
486	-9.127	2.963	4.635
487	-9.127	2.963	4.629
488	-9.127	2.963	4.629
519	-9.127	2.963	4.629
525	-9.127	2.963	4.629
530	-9.127	2.963	4.629
588	-9.127	2.963	4.628
604	-9.127	2.963	4.634
1402	-9.126	2.963	4.639
1433	-9.126	2.963	4.642
494	-9.126	2.963	4.641
1239	-9.126	2.963	4.641
1240	-9.126	2.963	4.641
1342	-9.126	2.963	4.641
1372	-9.126	2.963	4.641
1432	-9.126	2.963	4.550
541	-9.122	2.968	4.550
564	-9.122	2.968	4.550
598	-9.122	2.968	4.550
518	-9.121	2.968	4.550
606	-9.121	2.968	4.545
607	-9.121	2.968	25.441
1479	-9.121	2.968	25.437
1349	-9.106	2.950	25.437
1262	-9.105	2.950	25.438
1263	-9.105	2.950	25.631
1264	-9.105	2.950	26.190
1265	-9.105	2.950	26.195
1279	-9.105	2.950	26.697
1293	-9.105	2.950	26.700
1307	-9.105	2.950	26.388
408	-9.100	2.965	12.954
1392	-9.092	2.948	12.953
1394	-9.092	2.948	12.954
1395	-9.092	2.948	4.603
1451	-9.092	2.948	4.971
1499	-9.092	2.962	5.228
299	-9.066	2.964	4.971
300	-9.066	2.964	4.601
304	-9.066	2.964	4.610
305	-9.066	2.964	4.612
333	-9.066	2.964	5.227
334	-9.066	2.964	5.226
335	-9.066	2.964	4.615
336	-9.066	2.964	4.615
337	-9.066	2.964	14.098
338	-9.066	2.964	4.615
373	-9.066	2.964	5.225
378	-9.066	2.964	4.599
392	-9.066	2.964	4.614
421	-9.066	2.964	5.227
422	-9.066	2.964	4.613
426	-9.066	2.964	16.475
434	-9.066	2.964	16.479
444	-9.066	2.964	4.597
389	-9.066	2.964	14.111
390	-9.066	2.964	14.111
391	-9.066	2.964	14.112
396	-9.066	2.964	5.218
397	-9.066	2.964	14.113
398	-9.066	2.964	5.278
399	-9.066	2.964	4.600
400	-9.066	2.964	16.456
401	-9.066	2.964	16.456
402	-9.066	2.964	16.456
403	-9.066	2.964	16.456
404	-9.066	2.964	4.253
405	-9.066	2.964	16.461
406	-9.066	2.964	14.124
407	-9.066	2.964	16.476
411	-9.066	2.964	16.133
412	-9.066	2.964	14.054
413	-9.066	2.964	16.586
425	-9.066	2.964	16.586
429	-9.066	2.964	4.242
430	-9.066	2.964	4.246
431	-9.066	2.964	14.069
432	-9.066	2.964	4.247
433	-9.066	2.964	4.245
435	-9.066	2.964	5.264
437	-9.066	2.964	4.375
439	-9.066	2.964	5.125
442	-9.066	2.964	14.056
445	-9.066	2.964	14.056
446	-9.066	2.964	5.122
447	-9.066	2.964	12.525
448	-9.066	2.964	12.525
449	-9.066	2.964	14.086
450	-9.066	2.964	15.977
307	-9.064	2.964	4.647
327	-9.064	2.964	11.887
328	-9.064	2.964	0.000
341	-9.064	2.964	11.888
342	-9.064	2.964	4.336
343	-9.064	2.964	4.331
344	-9.064	2.964	11.806
357	-9.064	2.964	13.990
362	-9.064	2.964	14.012
363	-9.064	2.964	3.136
364	-9.064	2.964	3.136
368	-9.064	2.964	3.136
380	-9.064	2.964	13.117
381	-9.064	2.964	13.989
385	-9.064	2.964	13.992
386	-9.064	2.964	13.992
387	-9.064	2.964	13.992
410	-9.056	2.964	13.992
1505	-8.986	0.750	13.993
1506	-8.986	0.751	13.992
1487	-8.986	0.751	13.992
1507	-8.986	0.751	13.994
539	-8.973	0.751	13.994
608	-8.973	0.751	13.994
1488	-8.970	2.933	13.996
1319	-8.969	2.932	13.993
295	-8.968	0.747	13.996
492	-8.956	0.749	13.998
453	-8.949	0.749	14.002
474	-8.949	0.749	13.998
456	-8.949	0.747	14.002
470	-8.949	0.748	13.865
473	-8.949	0.748	3.375
475	-8.949	0.748	13.366
480	-8.949	0.748	2.884
484	-8.949	0.745	12.816
587	-8.949	0.749	13.787
330	-8.944	0.748	13.708
331	-8.944	0.747	13.709
370	-8.944	0.747	3.856
371	-8.944	0.747	3.011
377	-8.944	0.747	12.023
372	-8.944	0.747	12.023
374	-8.944	0.747	3.382
375	-8.944	0.747	2.211
376	-8.944	0.747	12.043
414	-8.941	0.748	11.919
409	-8.941	0.747	12.697
436	-8.941	0.747	11.961
438	-8.941	0.747	11.930
441	-8.941	0.747	11.931
394	-8.941	0.747	11.906
395	-8.941	0.747	3.944
415	-8.941	0.747	2.223
416	-8.941	0.747	2.222
417	-8.941	0.747	2.595
418	-8.941	0.747	13.198
419	-8.941	0.747	13.200
423	-8.941	0.747	0.057
427	-8.941	0.747	2.178
428	-8.941	0.747	0.005
440	-8.941	0.747	0.004
443	-8.941	0.747	0.002
365	-8.940	0.748	10.190
367	-8.940	0.748	10.209
382	-8.940	0.748	10.201
1369	-8.380	0.824	10.201
1466	-8.380	0.824	7.258
1465	-8.380	0.824	4.636
1390	-8.379	0.824	4.638
1483	-8.379	0.824	4.636
1485	-8.379	0.824	4.636
1486	-8.378	0.832	4.636
277	-8.377	0.823	4.636
284	-8.377	0.823	4.636
1197	-7.858	2.249	4.601
545	-7.677	2.243	4.599
546	-7.677	2.243	4.599
540	-7.677	2.243	16.476
469	-7.676	2.243	16.467
454	-7.675	2.243	14.063
478	-7.675	2.243	14.052
388	-7.670	2.243	16.586
424	-7.670	2.243	4.247
451	-7.670	2.243	14.071
496	-7.657	2.243	14.071
491	-7.652	2.243	4.248
467	-7.593	2.239	4.247
567	-7.534	2.236	4.327
583	-7.534	2.236	11.887
585	-7.534	2.236	11.887
586	-7.534	2.236	4.335
591	-7.534	2.236	15.970
594	-7.534	2.236	11.949
595	-7.534	2.236	11.787
597	-7.534	2.236	14.014
600	-7.534	2.236	3.129
601	-7.534	2.236	3.136
602	-7.534	2.236	3.136
609	-7.534	2.236	13.097
610	-7.534	2.236	13.989
498	-7.534	2.236	14.040
542	-7.534	2.236	13.992
543	-7.534	2.236	13.993
544	-7.534	2.237	13.993
547	-7.534	2.236	13.993
599	-7.534	2.236	13.993
455	-7.533	2.237	13.992
466	-7.533	2.237	13.994
468	-7.533	2.237	13.994
471	-7.533	2.237	13.994
479	-7.533	2.237	13.994
420	-7.527	2.237	13.996
1484	-7.164	2.244	4.614
