1721	-10.910	0.000	11.804
1722	-10.910	0.000	15.398
1723	-10.910	0.000	13.056
1725	-10.910	0.000	3.137
1726	-10.910	0.000	3.138
1727	-10.910	0.000	3.138
1728	-10.910	0.000	13.990
1729	-10.910	0.000	13.995
1730	-10.910	0.000	13.993
1731	-10.910	0.000	13.994
1741	-10.910	0.000	13.993
1742	-10.910	0.000	13.993
1743	-10.910	0.000	13.993
1744	-10.910	0.000	13.993
1745	-10.910	0.000	13.995
1746	-10.910	0.000	13.995
1747	-10.910	0.000	13.995
1755	-10.910	0.000	13.995
1759	-10.910	0.000	13.997
1762	-10.910	0.000	14.000
1763	-10.910	0.000	13.997
1764	-10.910	0.000	13.996
1771	-10.910	0.000	13.984
1795	-10.910	0.000	14.000
1804	-10.910	0.000	13.867
1805	-10.910	0.000	2.883
1806	-10.910	0.000	2.886
1807	-10.910	0.000	2.887
1808	-10.910	0.000	3.731
1826	-10.910	0.000	3.904
1827	-10.910	0.000	13.786
1828	-10.910	0.000	13.710
1829	-10.910	0.000	13.791
1830	-10.910	0.000	3.851
1831	-10.910	0.000	12.022
1832	-10.910	0.000	12.024
1833	-10.910	0.000	12.029
1834	-10.910	0.000	12.846
1838	-10.910	0.000	2.210
1844	-10.910	0.000	11.956
1724	-10.287	1.198	12.697
1732	-10.287	1.198	11.962
1733	-10.287	1.198	11.932
1734	-10.287	1.198	11.932
1735	-10.287	1.198	3.401
1736	-10.287	1.198	11.907
1737	-10.287	1.198	11.908
1738	-10.287	1.198	12.593
1739	-10.287	1.198	2.873
1740	-10.287	1.198	1.764
1748	-10.287	1.198	13.199
1750	-10.287	1.198	13.201
1751	-10.287	1.198	12.881
1752	-10.287	1.198	2.580
1753	-10.287	1.198	0.010
1754	-10.287	1.198	0.000
1756	-10.287	1.198	12.709
1757	-10.287	1.198	10.192
1760	-10.287	1.198	10.202
1761	-10.287	1.198	10.202
1765	-10.287	1.198	10.197
1766	-10.287	1.198	7.272
1772	-10.287	1.198	4.638
1773	-10.287	1.198	4.638
1774	-10.287	1.198	4.636
1775	-10.287	1.198	4.636
1780	-10.287	1.198	4.637
1781	-10.287	1.198	4.636
1782	-10.287	1.198	4.636
1783	-10.287	1.198	4.636
1784	-10.287	1.198	4.636
1785	-10.287	1.198	4.636
1786	-10.287	1.198	4.636
1787	-10.287	1.198	4.636
1789	-10.287	1.198	4.630
1790	-10.287	1.198	4.630
1791	-10.287	1.198	4.630
1792	-10.287	1.198	4.630
1801	-10.287	1.198	4.630
1802	-10.287	1.198	4.629
1821	-10.287	1.198	4.636
1822	-10.287	1.198	4.640
1823	-10.287	1.198	4.643
1824	-10.287	1.198	4.643
1825	-10.287	1.198	4.642
1749	-10.273	1.198	4.642
1758	-10.273	1.198	4.642
1767	-10.273	1.198	4.642
1768	-10.273	1.198	4.550
1769	-10.273	1.198	4.551
1770	-10.273	1.198	4.551
1788	-10.273	1.198	4.551
1794	-10.273	1.198	4.551
1809	-10.273	1.198	4.546
1810	-10.273	1.198	25.441
1812	-10.273	1.198	25.437
1814	-10.273	1.198	25.437
1815	-10.273	1.198	25.437
1816	-10.273	1.198	25.630
1817	-10.273	1.198	26.190
1818	-10.273	1.198	26.195
1819	-10.273	1.198	26.704
1835	-10.273	1.198	26.698
1836	-10.273	1.198	26.388
1837	-10.273	1.198	12.954
1839	-10.273	1.198	12.954
1840	-10.273	1.198	12.954
1841	-10.273	1.198	4.611
1842	-10.273	1.198	4.611
1843	-10.273	1.198	5.230
1796	-9.825	0.063	5.224
1797	-9.825	0.063	4.602
1798	-9.825	0.063	4.602
1799	-9.825	0.063	4.607
1800	-9.825	0.063	4.616
1845	-9.825	0.063	5.228
1776	-9.820	0.063	4.600
1777	-9.820	0.063	4.602
1778	-9.820	0.063	14.098
1779	-9.820	0.063	4.611
1793	-9.820	0.063	4.616
1803	-9.820	0.063	4.599
1811	-9.820	0.063	4.599
1813	-9.820	0.063	5.224
1820	-9.820	0.063	5.228
