1432	-25.654	0.000	26.850
1211	-25.620	0.009	26.828
541	-25.457	0.004	25.227
341	-25.345	0.005	29.390
377	-25.345	0.005	29.390
380	-25.345	0.005	29.390
141	-25.320	0.007	29.390
208	-25.320	0.007	29.390
337	-25.211	0.006	29.395
1349	-24.569	0.029	31.794
419	-22.418	3.406	26.822
381	-22.321	3.405	25.227
395	-22.321	3.405	25.227
547	-22.284	3.407	25.227
436	-22.246	3.410	29.387
1310	-21.930	3.401	29.390
1328	-21.928	3.401	29.390
1307	-21.919	3.401	29.390
1226	-21.903	3.401	29.390
1219	-21.899	3.401	29.396
1221	-21.897	3.401	29.395
1145	-21.886	3.401	29.430
1136	-21.884	3.401	29.389
1317	-21.850	3.401	31.266
1245	-21.745	3.406	29.386
1129	-21.711	3.406	31.810
1244	-21.631	3.398	31.297
1213	-21.623	3.357	31.297
1439	-21.509	3.397	31.297
1215	-21.398	3.396	29.146
1448	-21.377	3.396	29.042
1438	-21.375	3.395	23.881
398	-21.346	3.349	23.881
581	-21.345	3.350	23.881
1290	-21.150	3.394	28.888
1282	-21.146	3.394	31.794
1321	-21.146	3.395	23.890
1142	-21.112	3.395	23.885
1251	-20.900	3.385	23.890
1228	-20.808	3.316	31.796
1318	-20.682	3.384	31.796
1242	-20.675	3.384	31.796
1150	-20.648	3.384	31.308
1128	-20.642	3.384	31.308
1133	-20.642	3.384	31.308
1140	-20.602	3.388	31.308
1236	-20.594	3.381	31.308
1334	-20.588	3.311	23.903
1296	-20.573	3.310	23.903
1153	-20.476	3.304	23.903
1169	-20.473	3.303	23.903
1126	-20.470	3.304	25.476
1127	-20.470	3.304	31.311
1442	-20.400	3.380	31.311
1254	-20.387	3.380	31.311
1222	-20.371	3.380	31.311
1223	-20.371	3.380	31.311
1437	-20.263	3.299	25.473
440	-20.260	3.275	25.473
416	-20.259	3.274	25.471
1146	-20.225	3.299	31.790
1252	-20.208	3.276	31.790
390	-20.163	3.275	31.790
596	-20.159	3.274	31.789
1170	-19.938	3.374	31.790
1156	-19.785	3.284	31.790
1276	-19.711	3.275	31.790
1329	-19.613	3.195	31.790
1230	-19.597	3.193	31.790
1303	-19.555	3.290	31.790
1331	-19.539	3.287	31.791
1449	-19.528	3.277	31.323
1224	-19.521	3.288	31.792
1217	-19.504	3.285	31.328
413	-19.486	3.193	31.328
425	-19.475	3.195	31.328
564	-19.339	3.201	31.330
1443	-19.143	3.280	23.885
1309	-19.098	3.249	29.819
1326	-18.335	3.281	25.227
1284	-18.330	3.281	25.227
1333	-18.329	3.280	25.227
1392	-7.787	3.670	25.550
1347	-7.787	3.670	29.894
1427	-7.782	3.665	25.490
1175	-7.723	3.670	25.490
587	-6.109	3.599	0.001
588	-6.107	3.597	0.001
580	-6.093	3.606	0.001
569	-6.090	3.604	1.193
557	-6.090	3.604	25.729
