1639	-13.348	0.000	25.734
1583	-13.306	0.005	25.734
1529	-13.305	0.005	26.843
1544	-13.305	0.005	26.818
1564	-13.304	0.005	26.828
1502	-13.302	0.005	26.829
1535	-13.302	0.005	27.032
1562	-13.302	0.005	26.022
1597	-13.302	0.005	26.022
1645	-13.080	0.023	29.393
1467	-13.065	0.025	26.364
1468	-13.065	0.025	29.387
1469	-13.065	0.025	26.375
1473	-13.065	0.025	26.375
1474	-13.065	0.025	29.390
1476	-13.065	0.025	29.390
1478	-13.065	0.025	29.390
1479	-13.065	0.025	29.390
1480	-13.065	0.025	29.390
1482	-13.065	0.025	29.390
1483	-13.065	0.025	29.390
1486	-13.065	0.025	29.395
1487	-13.065	0.025	29.387
1489	-13.065	0.025	29.389
1490	-13.065	0.025	31.265
1491	-13.065	0.025	31.266
1495	-13.065	0.025	29.359
1503	-13.065	0.025	31.297
1504	-13.065	0.025	31.297
1506	-13.065	0.025	31.297
1513	-13.065	0.025	29.235
1516	-13.065	0.025	29.046
1523	-13.065	0.025	23.881
1524	-13.065	0.025	23.881
1527	-13.065	0.025	23.881
1539	-13.065	0.025	28.987
1541	-13.065	0.025	31.794
1547	-13.065	0.025	31.794
1550	-13.065	0.025	23.890
1556	-13.065	0.025	23.891
1560	-13.065	0.025	31.796
1568	-13.065	0.025	31.796
1579	-13.065	0.025	31.796
1588	-13.065	0.025	31.308
1593	-13.065	0.025	31.308
1594	-13.065	0.025	31.308
1605	-13.065	0.025	31.308
1611	-13.065	0.025	31.308
1634	-13.065	0.025	23.903
1457	-13.060	0.025	23.903
1458	-13.060	0.025	23.903
1459	-13.060	0.025	23.903
1460	-13.060	0.025	25.476
1462	-13.060	0.025	31.311
1463	-13.060	0.025	31.311
1464	-13.060	0.025	31.311
1641	-12.935	0.039	31.328
1498	-12.921	0.041	31.325
1508	-12.921	0.041	31.325
1543	-12.921	0.041	31.330
1631	-12.921	0.041	31.330
1465	-12.876	0.039	29.807
1470	-12.876	0.039	25.550
1555	-11.033	1.479	0.000
1602	-11.033	1.479	0.000
1526	-11.032	1.479	0.001
1591	-11.031	1.479	0.001
1622	-11.030	1.479	1.193
1545	-11.028	1.479	1.193
1567	-11.028	1.479	25.729
1635	-11.028	1.479	25.729
1525	-10.925	1.478	25.732
1640	-9.861	2.237	25.734
1537	-9.845	2.236	25.734
1623	-9.845	2.236	25.734
1624	-9.845	2.236	25.734
1531	-9.844	2.236	25.732
1563	-9.844	2.236	25.731
1595	-9.844	2.236	25.734
1636	-9.844	2.236	25.734
1512	-9.842	2.236	25.734
1519	-9.842	2.236	25.734
1577	-9.842	2.236	25.734
1461	-9.841	2.236	25.734
1630	-9.740	2.176	26.841
1650	-9.730	2.176	26.818
1575	-9.695	1.774	26.827
1585	-9.695	1.774	26.829
1587	-9.695	1.774	26.828
1608	-9.694	1.775	26.022
1613	-9.694	1.775	26.022
1633	-9.694	1.775	26.022
1600	-9.694	1.775	26.022
1553	-9.693	1.775	26.022
1615	-9.693	1.775	26.022
1618	-9.693	1.775	26.018
1627	-9.693	1.775	25.179
1637	-9.693	1.775	25.179
1619	-9.693	1.775	25.179
1607	-9.692	2.171	25.179
1416	-9.543	2.233	25.179
1646	-9.366	2.167	29.393
1648	-9.366	2.167	26.364
1652	-9.366	2.167	29.387
1586	-9.366	2.166	26.375
1604	-9.366	2.166	26.375
1609	-9.366	2.166	26.376
1610	-9.366	2.166	29.390
1628	-9.366	2.166	29.390
1621	-9.365	2.166	29.390
1625	-9.365	2.166	29.390
1514	-9.364	2.166	29.390
1532	-9.364	2.166	29.390
1540	-9.364	2.166	29.395
1549	-9.364	2.166	29.390
1566	-9.364	2.166	29.389
1569	-9.364	2.166	29.351
1572	-9.364	2.166	31.265
1580	-9.364	2.166	29.275
1510	-9.362	2.166	31.297
1522	-9.362	2.166	31.297
1578	-9.362	2.166	31.297
1528	-8.979	2.294	31.794
1603	-8.977	2.294	23.890
1653	-8.977	2.294	23.886
1590	-8.977	2.294	31.796
1584	-8.976	2.294	31.796
1592	-8.976	2.294	31.796
1574	-8.975	2.294	31.308
1582	-8.975	2.294	31.308
1606	-8.975	2.295	31.308
1612	-8.975	2.295	31.308
1554	-8.975	2.294	31.308
1654	-8.974	2.294	23.903
1632	-8.974	2.294	23.903
1647	-8.973	2.294	23.903
1642	-8.972	2.294	23.903
1644	-8.971	2.294	31.309
1466	-8.887	2.292	31.792
1471	-8.887	2.292	31.328
1484	-8.887	2.292	31.328
1533	-8.887	2.292	31.328
1565	-8.887	2.292	31.328
1571	-8.887	2.292	31.325
1598	-8.887	2.292	31.325
1472	-8.887	2.292	29.719
1517	-8.887	2.292	31.330
1570	-8.887	2.292	25.421
1509	-8.886	2.292	23.885
1521	-8.886	2.292	29.648
1643	-8.574	2.244	26.022
1573	-8.572	2.243	26.022
1511	-8.572	2.243	26.022
1546	-8.572	2.243	26.018
1581	-8.572	2.243	25.179
1629	-8.572	2.243	25.179
1497	-8.571	2.243	25.179
1520	-8.571	2.243	25.179
1616	-8.571	2.243	25.179
1638	-8.571	2.243	25.233
1558	-8.570	2.243	25.233
1559	-8.570	2.243	25.227
1496	-8.504	2.234	25.227
1552	-8.504	2.234	29.393
1481	-8.504	2.234	29.393
1500	-8.504	2.234	26.364
1518	-8.504	2.234	29.387
1542	-8.504	2.234	26.375
1551	-8.504	2.234	26.375
1488	-8.504	2.234	26.375
1492	-8.504	2.234	29.390
1507	-8.504	2.234	29.390
1515	-8.504	2.234	29.390
1576	-8.504	2.234	29.390
1626	-8.504	2.234	29.390
1601	-7.697	2.197	25.491
1477	-7.243	2.206	26.427
1548	-7.243	2.206	31.266
1314	-7.201	2.350	23.881
1485	-7.070	2.358	23.903
1494	-7.070	2.358	31.309
1501	-7.070	2.358	31.311
1534	-7.070	2.358	31.311
1536	-7.070	2.358	31.311
1538	-7.070	2.358	31.311
1557	-7.070	2.358	31.311
1561	-7.070	2.358	25.473
1589	-7.070	2.358	25.473
1596	-7.070	2.358	25.474
1617	-7.070	2.358	25.470
1620	-7.070	2.358	31.790
1651	-7.043	2.357	31.790
1493	-7.035	2.292	31.789
1505	-7.035	2.292	31.790
1649	-7.034	2.290	31.790
1614	-7.018	2.290	31.790
1499	-7.000	2.442	31.790
1530	-7.000	2.442	31.791
1475	-6.915	2.323	31.328
