576	-22.875	0.000	0.000
577	-22.875	0.000	5.217
578	-22.875	0.000	5.125
579	-22.875	0.000	5.125
580	-22.875	0.000	5.392
581	-22.875	0.000	4.683
582	-22.875	0.000	5.323
583	-22.875	0.000	5.323
584	-22.875	0.000	4.665
587	-22.875	0.000	2.890
589	-22.875	0.000	2.889
590	-22.875	0.000	24.566
591	-22.875	0.000	24.566
595	-22.875	0.000	2.890
596	-22.875	0.000	2.894
600	-22.875	0.000	3.311
604	-22.875	0.000	3.315
605	-22.875	0.000	5.829
610	-22.875	0.000	2.429
681	-17.441	2.690	2.210
953	-17.396	2.688	24.399
746	-17.378	2.687	24.398
1783	-17.194	2.690	24.399
1793	-17.194	2.690	2.725
1770	-17.140	2.689	2.726
1806	-17.140	2.689	2.694
1813	-17.140	2.689	2.735
1719	-17.140	2.688	2.696
1784	-17.139	2.689	24.282
1799	-17.139	2.689	2.702
1801	-17.139	2.689	24.325
1838	-17.138	2.689	2.724
1819	-17.137	2.689	2.705
1828	-17.137	2.689	1.255
1872	-17.137	2.689	1.247
1875	-17.137	2.689	0.000
1764	-17.134	2.688	1.243
1709	-17.128	2.687	1.249
1711	-17.128	2.687	1.258
1760	-17.079	2.687	4.949
1762	-17.079	2.687	4.999
1745	-17.066	2.687	2.860
1750	-16.917	2.687	5.024
1766	-16.917	2.687	3.905
1135	-16.906	2.689	24.573
1109	-16.904	2.689	3.904
1103	-16.892	2.689	24.574
1096	-16.832	2.687	24.574
1244	-16.804	2.692	24.574
1807	-16.740	2.683	4.564
1812	-16.740	2.683	5.134
1817	-16.740	2.683	5.178
1779	-16.739	2.683	5.612
1798	-16.739	2.683	5.612
1794	-16.739	2.683	5.611
1802	-16.739	2.683	4.577
1803	-16.739	2.683	4.577
1775	-16.738	2.683	5.613
1790	-16.738	2.683	4.576
1856	-16.737	2.683	4.574
1826	-16.736	2.683	4.574
738	-16.724	2.683	5.629
699	-16.723	2.684	5.614
718	-16.723	2.683	5.630
741	-16.723	2.684	5.629
742	-16.723	2.684	5.628
1753	-16.679	2.681	4.034
810	-16.672	2.681	4.632
763	-16.671	2.681	5.632
764	-16.671	2.681	4.032
766	-16.671	2.681	24.716
767	-16.671	2.681	3.845
772	-16.671	2.681	25.728
816	-16.671	2.681	3.982
826	-16.671	2.681	3.139
830	-16.671	2.681	3.144
854	-16.671	2.681	3.604
857	-16.671	2.681	24.517
858	-16.671	2.681	10.701
880	-16.671	2.681	3.606
927	-16.671	2.681	10.710
929	-16.671	2.681	10.711
1067	-16.671	2.681	10.711
1085	-16.671	2.681	10.711
728	-16.670	2.676	10.711
710	-16.670	2.676	3.627
719	-16.670	2.676	3.153
723	-16.670	2.676	3.149
724	-16.670	2.676	3.152
734	-16.670	2.676	3.488
737	-16.670	2.676	3.492
752	-16.670	2.681	3.334
759	-16.670	2.681	10.648
795	-16.670	2.681	10.228
836	-16.670	2.681	11.685
864	-16.670	2.681	11.686
875	-16.670	2.681	11.704
917	-16.670	2.681	10.029
918	-16.670	2.681	10.030
919	-16.670	2.681	10.148
946	-16.670	2.681	10.140
954	-16.670	2.681	10.698
958	-16.670	2.681	10.189
959	-16.670	2.681	10.189
1010	-16.670	2.681	10.698
1011	-16.670	2.681	10.699
1021	-16.670	2.681	10.699
894	-16.670	2.681	10.699
973	-16.670	2.681	10.698
974	-16.670	2.681	10.699
749	-16.662	2.682	10.699
747	-16.652	2.681	11.065
814	-16.619	2.674	11.661
822	-16.619	2.674	11.067
955	-16.619	2.674	9.926
962	-16.619	2.674	4.066
755	-16.618	2.674	8.567
785	-16.618	2.674	11.647
786	-16.618	2.674	11.650
805	-16.618	2.674	12.257
818	-16.618	2.674	2.849
853	-16.618	2.674	8.179
879	-16.618	2.674	8.181
923	-16.618	2.674	8.542
924	-16.618	2.674	11.263
925	-16.618	2.674	12.233
868	-16.618	2.674	9.977
911	-16.618	2.674	12.164
912	-16.618	2.674	12.199
1046	-16.618	2.674	11.259
1056	-16.618	2.674	10.120
1071	-16.618	2.674	11.996
995	-16.597	2.682	9.782
1712	-16.595	2.677	9.822
1735	-16.579	2.687	11.576
1768	-16.531	2.687	9.753
1797	-16.502	2.683	12.238
1831	-16.501	2.683	8.526
1820	-16.500	2.683	11.675
714	-16.471	2.680	9.753
692	-16.451	2.676	2.913
695	-16.451	2.676	8.721
698	-16.450	2.676	3.349
736	-16.449	2.676	8.653
735	-16.449	2.676	9.855
733	-16.448	2.676	9.979
709	-16.447	2.676	9.972
715	-16.447	2.676	10.956
682	-16.442	2.676	9.519
683	-16.442	2.676	9.818
687	-16.442	2.676	9.818
688	-16.442	2.676	9.595
1121	-16.410	2.667	10.969
1226	-16.410	2.686	9.811
1227	-16.410	2.686	9.809
1228	-16.410	2.686	9.964
1233	-16.410	2.686	9.964
1197	-16.409	2.686	3.403
1120	-16.409	2.686	9.591
1131	-16.409	2.686	9.287
1132	-16.409	2.686	11.768
1170	-16.409	2.686	3.384
1171	-16.409	2.686	2.529
1172	-16.409	2.686	4.378
1186	-16.409	2.686	4.383
1205	-16.409	2.686	4.622
1224	-16.409	2.686	5.437
1136	-16.407	2.686	5.215
1156	-16.406	2.686	5.216
1113	-16.405	2.686	5.216
1140	-16.405	2.686	5.216
765	-16.397	2.674	5.216
768	-16.397	2.674	5.243
769	-16.397	2.674	5.124
784	-16.397	2.674	5.390
1047	-16.397	2.674	4.692
778	-16.396	2.674	5.322
779	-16.396	2.674	5.322
753	-16.396	2.674	5.340
848	-16.396	2.674	4.659
852	-16.396	2.674	2.888
872	-16.396	2.674	24.566
922	-16.396	2.674	24.566
937	-16.396	2.674	3.310
949	-16.396	2.674	2.893
1070	-16.396	2.674	24.558
1045	-16.395	2.674	3.314
884	-16.395	2.674	5.828
885	-16.395	2.674	2.428
900	-16.395	2.674	2.209
1024	-16.395	2.674	24.399
1248	-16.386	2.686	24.399
1257	-16.386	2.686	24.400
1268	-16.383	2.686	2.716
1269	-16.383	2.686	2.717
1270	-16.383	2.686	2.732
1271	-16.383	2.686	2.237
1291	-16.383	2.686	2.736
1311	-16.383	2.685	24.283
1316	-16.383	2.686	2.700
1274	-16.383	2.686	24.326
1279	-16.383	2.686	1.246
1285	-16.383	2.686	2.703
1298	-16.383	2.686	1.255
1331	-16.383	2.686	1.246
1333	-16.383	2.686	1.248
1367	-16.382	2.686	0.016
1368	-16.382	2.685	1.264
1417	-16.382	2.685	3.895
691	-16.365	2.674	4.948
696	-16.364	2.674	4.999
711	-16.362	2.674	3.902
720	-16.362	2.674	5.023
722	-16.362	2.674	3.904
729	-16.362	2.674	4.561
730	-16.362	2.674	3.903
702	-16.361	2.674	24.574
705	-16.361	2.674	24.574
708	-16.361	2.674	24.575
1830	-16.361	2.683	24.575
1849	-16.360	2.683	5.132
1854	-16.360	2.683	5.177
1858	-16.360	2.683	5.610
1866	-16.360	2.683	5.611
1873	-16.360	2.683	5.611
1903	-16.360	2.683	4.575
1908	-16.360	2.683	4.575
1909	-16.360	2.683	4.576
1914	-16.360	2.683	4.575
1915	-16.360	2.683	5.629
1845	-16.360	2.683	5.611
1846	-16.360	2.683	5.628
1879	-16.360	2.683	5.612
1885	-16.360	2.683	5.629
1886	-16.360	2.683	5.628
684	-16.355	2.674	4.632
685	-16.355	2.674	4.033
686	-16.355	2.674	5.629
999	-16.344	2.675	5.630
1000	-16.344	2.675	4.030
1001	-16.344	2.675	24.718
1002	-16.344	2.675	3.845
1810	-16.313	2.671	2.399
756	-16.311	2.672	3.852
787	-16.311	2.672	3.961
788	-16.311	2.672	3.961
789	-16.311	2.672	3.605
808	-16.311	2.672	24.517
815	-16.311	2.672	10.702
827	-16.311	2.672	3.606
832	-16.311	2.672	3.866
869	-16.311	2.672	10.712
935	-16.311	2.672	10.712
770	-16.310	2.672	10.712
802	-16.310	2.672	10.712
803	-16.310	2.672	3.625
905	-16.310	2.672	3.154
1049	-16.310	2.672	10.719
1050	-16.310	2.672	3.444
1051	-16.310	2.672	3.489
1052	-16.310	2.672	3.493
1065	-16.310	2.672	3.485
1068	-16.310	2.672	10.649
1077	-16.310	2.672	10.230
1078	-16.310	2.672	9.995
1079	-16.310	2.672	11.687
1083	-16.310	2.672	11.704
1084	-16.310	2.672	10.030
1087	-16.310	2.672	10.031
1816	-16.310	2.682	10.148
754	-16.309	2.672	10.140
760	-16.309	2.672	10.698
791	-16.309	2.672	10.698
799	-16.309	2.672	10.190
800	-16.309	2.672	11.677
846	-16.309	2.672	10.699
851	-16.309	2.672	10.699
861	-16.309	2.672	10.699
865	-16.309	2.672	10.699
871	-16.309	2.672	10.699
873	-16.309	2.672	10.699
874	-16.309	2.672	11.066
886	-16.309	2.672	11.662
887	-16.309	2.672	11.068
888	-16.309	2.672	9.926
897	-16.309	2.672	11.981
921	-16.309	2.672	8.564
950	-16.309	2.672	11.648
964	-16.309	2.672	11.651
1012	-16.309	2.672	12.257
1027	-16.309	2.672	12.262
1028	-16.309	2.672	11.399
1029	-16.309	2.672	8.181
1030	-16.309	2.672	9.963
1795	-16.309	2.682	11.264
1805	-16.309	2.682	12.234
1829	-16.308	2.682	9.977
1834	-16.308	2.682	12.164
1859	-16.308	2.682	12.200
1835	-16.307	2.682	11.259
1841	-16.307	2.682	10.121
619	-16.285	2.676	11.914
620	-16.285	2.676	11.401
622	-16.285	2.676	9.823
623	-16.285	2.676	9.681
625	-16.285	2.676	9.753
626	-16.285	2.676	12.221
627	-16.285	2.676	10.065
628	-16.285	2.676	11.676
629	-16.285	2.676	11.678
630	-16.285	2.676	2.913
631	-16.285	2.676	8.721
633	-16.285	2.676	3.349
634	-16.285	2.676	9.855
637	-16.285	2.676	9.855
638	-16.285	2.676	9.979
639	-16.285	2.676	9.857
640	-16.285	2.676	9.819
641	-16.285	2.676	9.520
642	-16.285	2.676	10.959
643	-16.285	2.676	9.819
644	-16.285	2.676	9.596
645	-16.285	2.676	10.969
646	-16.285	2.676	9.811
647	-16.285	2.676	9.807
648	-16.285	2.676	9.948
649	-16.285	2.676	9.965
651	-16.285	2.676	3.402
652	-16.285	2.676	9.591
653	-16.285	2.676	9.940
654	-16.285	2.676	11.853
656	-16.285	2.676	4.528
657	-16.285	2.676	2.530
658	-16.285	2.676	4.293
662	-16.285	2.676	4.383
663	-16.285	2.676	4.795
664	-16.285	2.676	4.174
666	-16.285	2.676	5.208
667	-16.285	2.676	5.210
668	-16.285	2.676	5.210
669	-16.285	2.676	5.209
671	-16.285	2.676	5.209
672	-16.285	2.676	5.209
673	-16.285	2.676	5.117
674	-16.285	2.676	5.384
675	-16.285	2.676	4.685
678	-16.285	2.676	5.316
680	-16.285	2.676	5.315
1704	-16.281	2.677	5.342
574	-16.269	2.675	5.399
575	-16.269	2.675	2.881
593	-16.267	2.675	24.568
594	-16.267	2.675	2.882
585	-16.266	2.675	24.569
586	-16.266	2.675	24.569
588	-16.266	2.675	2.883
597	-16.266	2.675	3.307
598	-16.266	2.675	5.820
599	-16.266	2.675	2.228
601	-16.266	2.675	2.683
602	-16.266	2.675	24.401
603	-16.266	2.675	24.401
606	-16.266	2.675	24.402
607	-16.266	2.675	2.460
608	-16.266	2.675	2.717
609	-16.266	2.675	2.724
611	-16.266	2.675	2.725
612	-16.266	2.675	2.729
613	-16.266	2.675	24.285
614	-16.266	2.675	2.692
615	-16.266	2.675	24.328
616	-16.266	2.675	1.245
617	-16.266	2.675	2.696
1003	-16.258	2.673	1.244
743	-16.215	2.673	3.897
744	-16.215	2.673	2.859
745	-16.215	2.673	24.576
618	-16.199	2.674	5.078
621	-16.199	2.674	24.577
624	-16.199	2.674	5.093
632	-16.199	2.674	5.164
636	-16.199	2.674	5.603
650	-16.199	2.674	5.603
655	-16.199	2.674	5.603
659	-16.199	2.674	4.569
660	-16.199	2.674	4.569
661	-16.199	2.674	4.569
665	-16.199	2.674	4.569
670	-16.199	2.674	4.566
676	-16.199	2.674	5.604
677	-16.199	2.674	5.603
679	-16.199	2.674	5.605
1134	-16.172	2.685	5.620
1225	-16.172	2.685	5.620
1122	-16.171	2.686	5.619
1123	-16.171	2.685	5.621
1173	-16.171	2.685	5.623
1174	-16.171	2.686	5.620
1178	-16.171	2.685	4.024
1146	-16.168	2.686	4.685
1152	-16.168	2.686	3.845
1153	-16.168	2.686	2.398
1099	-16.158	2.685	3.851
1100	-16.158	2.685	3.984
1101	-16.158	2.685	3.961
1102	-16.158	2.685	3.604
994	-16.156	2.672	3.089
1097	-16.155	2.685	10.709
1245	-16.145	2.685	3.605
592	-16.057	0.407	10.702
732	-10.675	0.461	9.929
762	-10.668	0.462	11.987
801	-10.668	0.462	8.567
812	-10.668	0.462	9.981
813	-10.668	0.462	11.944
817	-10.668	0.462	11.673
1086	-10.668	0.462	2.858
1818	-10.656	0.461	11.405
1166	-10.653	0.461	8.183
1218	-10.653	0.461	9.966
1219	-10.653	0.461	11.270
1148	-10.652	0.461	12.239
1254	-10.634	0.462	11.277
1267	-10.634	0.461	12.169
1384	-10.634	0.461	12.205
1463	-10.634	0.461	11.265
1475	-10.634	0.461	11.268
1006	-10.627	2.779	11.976
1778	-10.621	0.462	9.785
1780	-10.621	0.462	9.830
1851	-10.607	0.460	9.692
1772	-10.606	0.459	9.756
1773	-10.606	0.459	12.262
1815	-10.606	0.459	6.699
1867	-10.605	0.459	10.069
1789	-10.605	0.459	11.684
1796	-10.605	0.459	10.291
1822	-10.605	0.459	8.725
1861	-10.605	0.459	3.348
1912	-10.605	0.459	9.859
1892	-10.604	0.459	9.816
1896	-10.604	0.458	9.983
1842	-10.603	0.448	8.645
1852	-10.473	0.792	9.824
690	-10.379	0.460	10.962
697	-10.377	0.460	8.996
1887	-10.363	2.776	9.823
706	-10.312	0.460	8.745
774	-10.305	0.460	10.974
775	-10.305	0.460	9.815
776	-10.305	0.460	9.814
780	-10.305	0.460	9.953
913	-10.305	0.460	9.969
751	-10.305	0.460	3.402
839	-10.305	0.460	9.599
1005	-10.290	0.459	8.974
635	-10.280	0.457	11.830
713	-9.920	2.764	11.799
876	-9.863	2.762	6.699
977	-9.863	2.762	6.736
700	-9.633	2.756	4.794
701	-9.633	2.756	9.420
1252	-9.589	2.765	5.208
1054	-9.578	2.754	5.209
716	-9.546	2.754	5.209
1114	-9.367	2.763	5.209
1154	-9.367	2.763	5.209
1163	-9.367	2.763	5.209
904	-8.382	2.106	6.733
1168	-8.225	2.085	5.619
1115	-8.224	2.085	5.620
1150	-8.224	2.084	4.017
1825	-8.198	2.085	11.694
1808	-8.197	2.085	5.066
1809	-8.197	2.085	10.038
1843	-8.197	2.085	10.038
1870	-8.197	2.085	10.700
1821	-8.197	2.085	10.149
1832	-8.197	2.085	10.702
1840	-8.197	2.085	10.701
1895	-8.196	2.085	10.198
1255	-8.189	2.084	11.683
1278	-8.189	2.084	10.702
1412	-8.189	2.084	10.703
1447	-8.189	2.084	10.703
1462	-8.189	2.084	10.703
1382	-8.176	2.084	9.975
726	-7.715	2.092	24.285
757	-7.590	2.092	5.623
773	-7.590	2.092	5.623
930	-7.590	2.092	5.625
844	-7.589	2.092	4.027
1013	-7.589	2.092	3.845
689	-6.477	2.118	4.419
