1659	-5.827	0.000	15.766
1769	-5.827	0.001	15.766
1801	-5.817	2.662	24.967
1601	-5.812	2.460	24.967
1531	-5.812	2.462	12.742
1612	-5.812	2.461	12.740
1610	-5.812	2.464	12.552
1582	-5.812	2.486	12.211
311	-5.807	2.460	12.627
576	-5.616	2.865	12.639
476	-5.607	2.788	14.499
1638	-5.522	0.105	9.189
1798	-5.503	1.401	14.259
1790	-5.503	1.396	9.187
1593	-5.502	1.392	4.898
1692	-5.502	1.400	4.907
1710	-5.253	1.385	8.322
1623	-5.253	1.390	8.032
1599	-5.253	1.398	8.031
584	-5.251	1.390	8.032
1771	-5.217	0.101	7.552
1674	-4.615	2.661	24.987
1675	-4.615	2.661	10.947
1666	-4.613	2.661	10.672
1774	-4.612	2.661	10.960
1698	-4.612	2.660	10.719
1677	-4.523	2.656	15.237
1725	-4.521	2.658	15.147
1678	-4.433	2.668	25.162
1794	-4.429	2.668	13.076
