1901	-9.950	0.000	14.150
1859	-9.948	0.001	14.150
1882	-9.948	0.001	15.782
1886	-9.939	0.037	11.547
1899	-9.917	0.008	5.033
1905	-9.917	0.008	2.165
1869	-9.917	0.009	2.165
1871	-9.917	0.009	2.292
1395	-9.337	1.660	8.024
1813	-9.114	1.852	13.536
1835	-9.109	1.626	12.715
1856	-9.109	1.626	12.694
1873	-9.109	1.852	12.706
1838	-9.109	1.852	12.834
1849	-9.109	1.852	12.028
1865	-9.109	1.852	0.021
1924	-9.109	1.852	12.845
1916	-8.930	2.474	5.336
1931	-8.706	2.566	13.545
1884	-8.705	2.566	12.692
1918	-8.704	2.566	12.709
1863	-8.703	2.567	12.028
1923	-8.703	2.567	0.021
1909	-8.702	2.566	0.000
1804	-8.684	2.626	2.165
1072	-8.657	2.437	8.594
1091	-8.657	2.437	8.572
1108	-8.655	2.437	2.235
1143	-8.649	2.490	4.771
1216	-8.646	2.395	9.187
1934	-8.607	2.509	9.203
1920	-8.603	2.509	5.073
1248	-8.594	2.433	4.486
1260	-8.594	2.433	5.059
1374	-8.593	2.433	9.667
1289	-8.592	2.433	5.056
1096	-8.583	2.431	8.688
1088	-8.583	2.431	5.801
1247	-8.550	2.427	8.322
1825	-8.549	2.562	8.032
1821	-8.548	2.562	6.714
1858	-8.548	2.562	8.022
1860	-8.548	2.562	8.023
1877	-8.548	2.562	7.576
1841	-8.548	2.562	7.554
1847	-8.548	2.562	8.274
1922	-8.546	2.562	8.669
1819	-8.546	2.562	8.282
1829	-8.537	1.278	13.293
1883	-8.533	1.277	9.139
1721	-8.509	2.898	15.493
1837	-8.504	1.278	15.738
1855	-8.499	1.279	15.766
1917	-8.496	1.279	15.798
1890	-8.437	2.562	12.739
1895	-8.437	2.562	12.741
1896	-8.437	2.562	12.970
1898	-8.437	2.562	12.578
1904	-8.437	2.562	12.359
1836	-8.435	2.562	12.654
1806	-8.428	1.262	12.650
1887	-8.428	1.261	12.668
1872	-8.426	1.261	12.664
1930	-8.398	2.429	24.959
1834	-8.392	1.260	12.636
1912	-8.392	1.260	24.986
1913	-8.392	1.260	12.238
1914	-8.392	1.260	10.944
1925	-8.392	1.260	10.947
1808	-8.364	2.416	25.162
1809	-8.364	2.416	25.163
1815	-8.363	2.416	25.163
1807	-8.360	2.449	15.451
1820	-8.358	2.415	15.749
1822	-8.358	2.415	15.772
1830	-8.358	2.415	15.746
1831	-8.358	2.415	14.150
1857	-8.358	2.415	14.150
1876	-8.358	2.415	14.150
1832	-8.225	2.560	0.000
1888	-8.091	2.634	1.476
1889	-8.091	2.634	14.506
1843	-8.090	2.634	2.232
1853	-8.090	2.634	1.766
1867	-8.090	2.634	14.513
1902	-8.089	2.634	2.165
1907	-8.089	2.634	2.165
1915	-8.063	1.774	4.940
1919	-7.958	2.640	10.345
1894	-7.830	2.513	6.721
1911	-7.826	2.513	6.720
1935	-7.758	2.611	12.743
1892	-7.755	2.611	24.885
1900	-7.753	2.611	12.664
1927	-7.739	2.678	24.986
1754	-7.717	2.602	15.236
1850	-7.691	2.516	15.147
1812	-7.646	2.276	13.358
1929	-7.646	2.528	25.162
1303	-7.645	2.520	13.361
1823	-7.644	2.276	25.163
1880	-7.642	2.277	15.607
1848	-7.640	2.279	15.450
1861	-7.639	2.280	15.749
1826	-7.639	2.277	15.772
1926	-7.638	2.278	15.746
1932	-7.596	2.643	14.150
1814	-7.595	2.643	14.150
1811	-7.594	2.643	14.147
604	-7.589	2.584	15.762
1824	-7.576	2.604	15.732
1874	-7.549	2.277	15.608
1903	-7.417	2.331	1.766
1816	-7.412	2.622	8.600
1879	-7.411	2.621	2.165
1851	-7.411	2.622	2.165
1852	-7.411	2.622	8.588
1893	-7.411	2.622	2.292
1864	-7.410	2.621	8.584
1885	-7.410	2.621	8.596
1891	-7.410	2.622	2.289
1840	-7.410	2.622	4.941
1844	-7.409	2.622	8.596
1842	-7.409	2.622	8.594
1921	-7.408	2.622	8.595
1817	-7.404	2.619	8.594
1828	-7.403	2.619	8.594
1854	-7.403	2.619	8.594
1846	-7.402	2.619	8.572
1906	-7.390	2.879	9.634
1818	-7.388	2.660	9.187
1833	-7.386	2.721	5.364
1827	-7.350	2.321	9.375
1810	-7.236	2.645	11.965
1839	-7.117	2.608	15.493
1485	-5.967	3.617	7.576
