405	-18.200	0.000	0.000
460	-18.200	0.000	12.939
482	-18.193	0.001	12.952
211	-18.190	0.001	12.909
132	-18.189	0.001	3.119
171	-18.189	0.001	3.523
208	-18.189	0.001	3.546
222	-18.189	0.001	2.154
223	-18.189	0.001	3.517
55	-18.181	0.001	3.528
129	-18.181	0.002	3.528
105	-18.180	0.001	3.122
114	-18.180	0.001	3.125
115	-18.180	0.001	6.834
116	-18.180	0.001	6.834
16	-18.158	0.002	3.106
21	-18.158	0.002	3.433
25	-18.158	0.002	6.831
28	-18.158	0.002	6.831
5	-18.150	0.001	6.830
245	-18.150	0.001	6.830
664	-17.620	0.089	6.830
677	-17.620	0.089	6.830
385	-17.612	0.089	0.001
400	-17.612	0.089	3.394
401	-17.612	0.089	0.015
429	-17.612	0.089	7.670
461	-17.612	0.089	2.953
462	-17.612	0.089	8.310
465	-17.612	0.089	3.395
472	-17.612	0.089	3.396
497	-17.612	0.089	3.571
498	-17.612	0.089	3.575
506	-17.612	0.089	3.444
562	-17.612	0.089	8.380
584	-17.612	0.089	7.601
606	-17.612	0.089	3.384
417	-17.611	0.090	3.538
580	-17.611	0.090	7.569
575	-17.611	0.090	5.195
164	-17.601	0.090	5.184
165	-17.601	0.090	3.372
225	-17.601	0.090	2.605
145	-17.601	0.090	3.388
182	-17.601	0.090	3.319
183	-17.601	0.090	2.345
184	-17.601	0.090	2.421
185	-17.601	0.090	7.541
299	-17.601	0.090	5.158
87	-17.593	0.091	7.524
111	-17.593	0.091	3.851
112	-17.593	0.091	3.843
113	-17.593	0.091	12.392
122	-17.593	0.091	7.521
283	-17.593	0.091	12.684
255	-17.585	0.089	6.513
257	-17.585	0.089	6.514
258	-17.585	0.089	7.214
259	-17.585	0.089	6.816
8	-17.582	0.091	6.529
17	-17.582	0.091	6.912
663	-17.336	0.114	5.060
665	-17.336	0.114	6.529
376	-17.328	0.114	6.657
377	-17.328	0.114	5.053
378	-17.328	0.114	6.522
387	-17.328	0.114	6.526
388	-17.328	0.114	6.111
389	-17.328	0.114	6.085
391	-17.328	0.114	12.715
394	-17.328	0.114	6.941
395	-17.328	0.114	7.178
396	-17.328	0.114	4.155
397	-17.328	0.114	13.744
398	-17.328	0.114	11.010
402	-17.328	0.114	13.630
403	-17.328	0.114	13.680
413	-17.328	0.114	13.852
414	-17.328	0.114	12.387
457	-17.328	0.114	15.920
459	-17.328	0.114	15.918
466	-17.328	0.114	15.918
468	-17.328	0.114	15.918
469	-17.328	0.114	15.918
470	-17.328	0.114	15.917
473	-17.328	0.114	15.703
492	-17.328	0.114	15.840
499	-17.328	0.114	15.087
500	-17.328	0.114	15.958
516	-17.328	0.114	15.957
526	-17.328	0.114	15.990
587	-17.328	0.114	15.844
594	-17.328	0.114	12.940
596	-17.328	0.114	26.664
645	-17.328	0.114	12.941
420	-17.328	0.114	26.665
421	-17.328	0.114	26.664
422	-17.328	0.114	12.942
426	-17.328	0.114	12.544
430	-17.328	0.114	16.044
431	-17.328	0.114	12.396
432	-17.328	0.114	12.859
433	-17.328	0.114	26.549
438	-17.328	0.114	26.548
439	-17.328	0.114	26.549
531	-17.328	0.114	12.500
537	-17.328	0.114	12.887
538	-17.328	0.114	12.891
545	-17.328	0.114	12.892
560	-17.328	0.114	12.894
561	-17.328	0.114	26.607
565	-17.328	0.114	12.866
566	-17.328	0.114	26.636
441	-17.327	0.114	11.375
449	-17.327	0.114	12.869
450	-17.327	0.114	11.377
452	-17.327	0.114	11.383
453	-17.327	0.114	11.389
454	-17.327	0.114	11.395
206	-17.318	0.115	11.546
226	-17.318	0.115	14.387
131	-17.317	0.115	15.388
134	-17.317	0.115	15.181
140	-17.317	0.115	15.177
141	-17.317	0.115	13.231
144	-17.317	0.115	13.229
148	-17.317	0.115	13.232
158	-17.317	0.115	13.229
159	-17.317	0.115	13.081
161	-17.317	0.115	26.825
167	-17.317	0.115	15.469
175	-17.317	0.115	26.825
178	-17.317	0.115	15.260
189	-17.317	0.115	15.776
194	-17.317	0.115	15.727
198	-17.317	0.115	15.726
200	-17.317	0.115	15.723
201	-17.317	0.115	14.030
202	-17.317	0.115	14.030
230	-17.317	0.115	14.030
232	-17.317	0.115	14.030
233	-17.317	0.115	14.027
234	-17.317	0.115	15.713
235	-17.317	0.115	15.709
236	-17.317	0.115	15.704
300	-17.317	0.115	15.768
304	-17.317	0.115	15.749
307	-17.317	0.115	15.747
308	-17.317	0.115	15.753
314	-17.317	0.115	15.759
315	-17.317	0.115	15.753
316	-17.317	0.115	13.408
318	-17.317	0.115	14.147
335	-17.317	0.115	13.395
336	-17.317	0.115	12.256
348	-17.317	0.115	13.417
349	-17.317	0.115	13.409
351	-17.317	0.115	13.419
358	-17.317	0.115	13.497
364	-17.317	0.115	12.794
371	-17.317	0.115	2.242
293	-17.317	0.115	13.507
50	-17.309	0.116	13.520
51	-17.309	0.116	2.244
61	-17.309	0.116	2.244
64	-17.309	0.116	2.244
69	-17.309	0.116	2.244
70	-17.309	0.116	12.877
71	-17.309	0.116	12.873
74	-17.309	0.116	2.241
81	-17.309	0.116	12.852
83	-17.309	0.116	12.938
98	-17.309	0.116	12.950
102	-17.309	0.116	14.987
109	-17.309	0.116	3.118
110	-17.309	0.116	3.523
119	-17.309	0.116	3.545
124	-17.309	0.116	2.154
125	-17.309	0.116	14.835
126	-17.309	0.116	3.528
266	-17.309	0.116	3.528
267	-17.309	0.116	3.126
268	-17.309	0.116	3.125
269	-17.309	0.116	6.834
270	-17.309	0.116	6.834
271	-17.309	0.116	3.106
273	-17.309	0.116	3.433
276	-17.309	0.116	6.833
278	-17.309	0.116	6.831
279	-17.309	0.116	6.830
282	-17.309	0.116	6.830
287	-17.309	0.116	6.830
288	-17.309	0.116	6.830
247	-17.301	0.114	0.001
248	-17.301	0.114	8.301
249	-17.301	0.114	0.015
251	-17.301	0.114	7.671
256	-17.301	0.114	2.954
9	-17.287	0.117	8.310
10	-17.287	0.117	7.581
11	-17.287	0.117	2.886
12	-17.287	0.117	3.407
15	-17.287	0.117	9.275
30	-17.287	0.117	3.445
4	-17.274	0.116	8.380
238	-17.274	0.116	7.601
240	-17.274	0.116	3.384
491	-17.268	0.141	3.538
510	-17.268	0.141	3.368
583	-17.268	0.141	5.195
425	-17.268	0.141	5.184
373	-17.268	0.141	3.372
374	-17.268	0.141	3.370
410	-17.268	0.142	2.778
411	-17.268	0.142	7.528
509	-17.268	0.141	2.345
633	-17.268	0.142	2.416
392	-17.267	0.141	7.541
399	-17.267	0.141	5.157
407	-17.267	0.141	9.366
323	-17.258	0.143	7.157
151	-17.257	0.142	3.843
152	-17.257	0.142	6.629
155	-17.257	0.142	7.520
310	-17.257	0.142	12.684
326	-17.257	0.142	6.513
327	-17.257	0.142	6.243
328	-17.257	0.142	7.214
329	-17.257	0.142	7.586
330	-17.257	0.142	6.529
353	-17.257	0.142	5.062
354	-17.257	0.142	7.009
355	-17.257	0.142	6.529
135	-17.257	0.142	7.487
136	-17.257	0.142	5.053
137	-17.257	0.142	6.522
138	-17.257	0.142	6.524
139	-17.257	0.142	6.111
146	-17.257	0.142	6.086
147	-17.257	0.142	12.715
163	-17.257	0.142	6.609
205	-17.257	0.142	7.872
224	-17.257	0.142	4.115
227	-17.257	0.142	4.349
338	-17.257	0.142	9.908
339	-17.257	0.142	9.903
168	-17.256	0.142	12.304
169	-17.256	0.142	13.852
170	-17.256	0.142	11.382
172	-17.256	0.142	15.920
174	-17.256	0.142	15.918
186	-17.256	0.142	15.918
187	-17.256	0.142	15.918
188	-17.256	0.142	15.918
190	-17.256	0.142	15.918
191	-17.256	0.142	15.703
192	-17.256	0.142	15.949
193	-17.256	0.142	15.087
215	-17.256	0.142	15.958
217	-17.256	0.142	15.957
218	-17.256	0.142	15.991
92	-17.249	0.143	15.844
93	-17.249	0.143	12.940
94	-17.249	0.143	12.940
95	-17.249	0.143	26.664
261	-17.249	0.143	26.665
99	-17.249	0.143	26.664
100	-17.249	0.143	12.942
103	-17.249	0.143	12.944
41	-17.248	0.143	13.114
44	-17.248	0.143	12.531
45	-17.248	0.143	12.408
46	-17.248	0.143	26.549
47	-17.248	0.143	26.548
52	-17.248	0.143	12.882
53	-17.248	0.143	12.861
54	-17.248	0.143	12.880
56	-17.248	0.143	12.891
57	-17.248	0.143	12.892
58	-17.248	0.143	12.863
59	-17.248	0.143	26.607
62	-17.248	0.143	12.866
66	-17.248	0.143	26.636
72	-17.248	0.143	26.637
73	-17.248	0.143	12.869
75	-17.248	0.143	11.378
76	-17.248	0.143	11.033
77	-17.248	0.143	11.393
78	-17.248	0.143	11.395
79	-17.248	0.143	11.098
82	-17.248	0.143	14.387
84	-17.248	0.143	15.388
89	-17.248	0.143	15.181
117	-17.248	0.143	13.225
118	-17.248	0.143	15.174
120	-17.248	0.143	13.230
123	-17.248	0.143	14.677
254	-17.240	0.141	26.824
22	-17.226	0.143	13.245
24	-17.226	0.143	26.825
26	-17.226	0.143	15.511
27	-17.226	0.143	26.825
29	-17.226	0.143	15.777
38	-17.226	0.143	15.778
241	-17.213	0.142	15.727
242	-17.213	0.142	14.017
243	-17.213	0.142	15.754
479	-17.213	0.142	14.137
1	-17.213	0.144	14.030
2	-17.213	0.144	14.030
3	-17.213	0.144	14.030
382	-17.188	0.149	14.027
342	-17.176	0.149	15.711
219	-17.176	0.149	15.709
39	-17.168	0.150	15.704
303	-17.103	0.093	15.772
203	-16.815	0.116	15.753
207	-16.815	0.116	15.748
221	-16.815	0.116	15.753
311	-16.815	0.116	15.763
312	-16.815	0.116	15.759
317	-16.815	0.116	13.416
97	-16.807	0.117	13.413
101	-16.807	0.117	13.395
280	-16.807	0.117	13.410
6	-16.784	0.118	13.412
20	-16.784	0.118	13.414
435	-16.547	1.657	13.420
444	-16.547	1.657	13.497
455	-16.547	1.657	12.795
533	-16.547	1.657	2.242
133	-16.537	1.657	13.507
213	-16.537	1.657	13.520
214	-16.537	1.657	2.244
367	-16.537	1.657	2.244
368	-16.537	1.657	2.244
369	-16.537	1.657	2.244
107	-16.532	1.657	12.889
281	-16.532	1.657	12.821
284	-16.532	1.657	13.521
285	-16.532	1.657	13.363
381	-16.284	1.660	12.938
383	-16.284	1.660	12.951
384	-16.284	1.660	14.988
494	-16.283	1.661	3.118
490	-16.282	1.661	3.524
423	-16.281	1.661	3.522
471	-16.281	1.661	2.154
474	-16.281	1.661	14.925
436	-16.281	1.661	3.528
437	-16.281	1.661	3.528
447	-16.280	1.661	3.122
448	-16.280	1.661	3.125
546	-16.280	1.661	6.834
547	-16.280	1.661	6.833
153	-16.272	1.661	3.106
154	-16.272	1.661	3.433
156	-16.272	1.661	6.833
302	-16.272	1.661	6.831
325	-16.272	1.661	6.830
331	-16.272	1.661	6.830
149	-16.271	1.661	6.830
295	-16.271	1.661	6.830
296	-16.271	1.661	6.805
297	-16.271	1.661	0.000
298	-16.271	1.661	0.015
305	-16.271	1.661	7.671
347	-16.271	1.661	2.954
173	-16.270	1.661	8.308
220	-16.270	1.661	7.580
370	-16.270	1.661	2.886
40	-16.265	1.661	3.571
42	-16.265	1.661	7.571
43	-16.265	1.661	7.575
60	-16.265	1.661	8.380
85	-16.265	1.661	7.600
286	-16.265	1.661	3.384
274	-16.264	1.661	2.740
252	-16.253	1.660	3.368
253	-16.253	1.660	5.196
31	-16.240	1.661	8.342
32	-16.240	1.661	3.369
239	-16.224	1.660	3.517
379	-16.222	1.657	2.778
404	-16.222	1.657	7.528
419	-16.222	1.657	2.345
427	-16.222	1.657	2.416
428	-16.222	1.657	7.541
451	-16.222	1.657	5.157
501	-16.222	1.657	9.366
503	-16.222	1.657	7.157
504	-16.222	1.657	3.844
519	-16.222	1.657	12.646
619	-16.222	1.657	7.520
485	-16.221	1.657	12.684
143	-16.212	1.657	7.576
204	-16.212	1.657	7.576
343	-16.212	1.657	7.213
344	-16.212	1.657	7.585
345	-16.212	1.657	6.529
346	-16.212	1.657	5.061
362	-16.212	1.657	6.913
363	-16.212	1.657	6.530
365	-16.212	1.657	6.656
176	-16.211	1.657	5.053
177	-16.211	1.657	6.522
180	-16.211	1.657	6.524
181	-16.211	1.657	6.110
195	-16.211	1.657	6.085
196	-16.211	1.657	6.835
197	-16.211	1.657	3.904
212	-16.211	1.657	7.217
216	-16.211	1.657	6.849
231	-16.211	1.657	4.345
237	-16.211	1.657	13.720
320	-16.211	1.657	9.903
340	-16.211	1.657	9.910
357	-16.211	1.657	13.851
359	-16.211	1.657	9.001
48	-16.206	1.657	15.920
49	-16.206	1.657	15.918
63	-16.206	1.657	15.918
65	-16.206	1.657	15.710
67	-16.206	1.657	15.917
68	-16.206	1.657	15.917
80	-16.206	1.657	15.703
88	-16.206	1.657	15.949
106	-16.206	1.657	15.087
108	-16.206	1.657	15.166
121	-16.206	1.657	15.958
262	-16.206	1.657	15.990
277	-16.206	1.657	15.844
291	-16.205	1.657	12.997
250	-16.194	1.657	12.941
7	-16.181	1.657	26.664
13	-16.181	1.657	26.664
14	-16.181	1.657	26.664
18	-16.181	1.657	12.942
19	-16.181	1.657	12.944
23	-16.181	1.657	13.115
33	-16.181	1.657	12.616
34	-16.181	1.657	12.484
35	-16.181	1.657	26.549
36	-16.181	1.657	26.548
37	-16.181	1.657	12.882
86	-16.179	1.661	12.861
246	-16.166	1.660	12.880
244	-16.164	1.657	12.895
476	-16.164	1.657	12.891
478	-16.164	1.657	12.863
162	-15.759	1.663	26.607
294	-15.759	1.663	12.866
313	-15.759	1.663	26.636
332	-15.759	1.663	12.399
341	-15.759	1.663	11.378
90	-15.754	1.663	11.379
96	-15.754	1.663	11.033
352	-8.209	2.650	13.507
142	-8.162	2.670	13.433
199	-8.162	2.670	2.244
209	-8.162	2.670	2.244
301	-8.162	2.670	2.244
324	-8.162	2.670	2.244
360	-8.162	2.670	12.875
361	-8.162	2.670	13.526
127	-8.162	2.671	2.263
128	-8.162	2.671	13.536
275	-8.162	2.671	13.356
662	-6.769	2.995	7.540
484	-6.759	2.994	7.537
514	-6.758	2.994	3.868
573	-6.758	2.994	3.856
636	-6.758	2.994	6.960
416	-6.753	2.993	7.520
464	-6.753	2.993	9.007
260	-6.745	2.992	7.577
210	-6.741	2.992	7.216
263	-6.740	2.993	7.586
265	-6.740	2.993	7.192
166	-6.740	2.992	5.062
356	-6.740	2.992	5.061
179	-6.740	2.992	6.530
337	-6.740	2.992	7.487
228	-6.739	2.992	5.054
229	-6.739	2.992	6.523
289	-6.739	2.991	6.524
290	-6.739	2.991	6.111
319	-6.739	2.992	6.086
150	-6.735	2.992	6.835
157	-6.735	2.992	12.538
91	-6.735	2.992	7.190
692	-6.436	2.943	3.357
752	-6.415	2.942	16.241
530	-6.414	2.944	16.241
1461	-6.357	2.928	15.424
1258	-6.352	2.399	13.316
475	-6.251	2.395	15.904
1852	-6.122	2.393	15.880
1853	-6.122	2.393	15.934
1883	-6.122	2.393	15.931
1884	-6.122	2.393	14.168
1885	-6.122	2.393	15.947
717	-6.120	2.393	14.162
729	-6.119	2.394	13.603
736	-6.119	2.394	13.606
743	-6.119	2.394	13.065
756	-6.119	2.394	14.448
757	-6.119	2.394	29.309
765	-6.119	2.394	14.496
766	-6.119	2.394	14.480
767	-6.119	2.394	13.826
770	-6.119	2.394	13.840
771	-6.119	2.394	13.944
774	-6.119	2.394	14.512
784	-6.119	2.394	13.427
1876	-6.119	2.394	4.896
788	-6.118	2.394	4.896
789	-6.118	2.394	4.896
791	-6.118	2.394	4.896
714	-6.115	2.394	13.947
715	-6.115	2.394	14.549
716	-6.115	2.394	4.918
638	-6.094	2.397	5.628
639	-6.094	2.397	4.461
640	-6.094	2.397	5.613
678	-6.093	2.397	5.665
386	-6.090	2.398	5.664
393	-6.090	2.398	5.331
415	-6.090	2.398	5.309
611	-6.090	2.398	5.330
651	-6.090	2.398	5.340
660	-6.090	2.398	5.296
661	-6.090	2.398	0.056
691	-6.090	2.399	5.326
695	-6.090	2.398	5.340
467	-6.090	2.398	5.340
612	-6.090	2.398	5.339
522	-6.090	2.398	5.339
674	-6.089	2.398	5.339
675	-6.089	2.398	5.319
676	-6.089	2.398	3.394
528	-6.089	2.398	3.405
582	-6.089	2.398	3.405
604	-6.089	2.398	6.218
646	-6.089	2.398	14.806
647	-6.089	2.398	6.216
648	-6.089	2.398	0.022
445	-6.089	2.398	0.020
608	-6.088	2.398	1.942
488	-6.088	2.398	1.744
160	-6.087	2.398	7.166
366	-6.087	2.398	7.169
104	-6.086	2.398	7.167
272	-6.085	2.398	1.744
1815	-5.941	1.057	1.904
1460	-5.912	1.065	6.210
511	-5.907	1.043	6.483
390	-5.817	1.038	4.409
588	-5.817	1.038	1.752
456	-5.817	1.041	8.872
130	-5.816	1.036	7.161
673	-5.750	1.047	7.161
527	-5.718	1.043	4.505
529	-5.693	1.122	4.872
542	-5.615	2.026	6.218
738	-5.484	1.252	6.214
737	-5.484	1.252	2.296
412	-5.471	1.240	2.299
595	-5.470	1.238	6.225
1837	-4.963	2.791	13.081
1812	-4.962	2.791	6.115
1861	-4.877	2.784	13.837
1862	-4.877	2.784	6.193
1870	-4.877	2.784	5.874
1879	-4.877	2.784	5.021
1880	-4.877	2.784	5.845
1881	-4.877	2.784	3.519
1835	-4.876	2.784	5.320
1845	-4.876	2.784	5.030
747	-4.862	2.782	5.029
753	-4.853	2.782	5.034
758	-4.853	2.782	4.561
775	-4.853	2.782	5.020
776	-4.853	2.782	4.585
777	-4.853	2.782	4.557
779	-4.853	2.782	4.554
780	-4.853	2.782	5.052
787	-4.853	2.782	5.874
790	-4.853	2.782	5.498
657	-4.846	2.782	2.921
724	-4.845	2.782	14.638
496	-4.840	2.782	11.804
502	-4.840	2.782	14.808
525	-4.840	2.782	14.783
549	-4.840	2.782	14.877
292	-4.839	2.782	8.123
306	-4.839	2.782	16.242
532	-4.838	2.781	16.241
540	-4.838	2.781	16.241
563	-4.838	2.781	16.241
564	-4.838	2.781	16.241
579	-4.838	2.781	16.118
581	-4.838	2.781	16.118
585	-4.838	2.781	16.241
586	-4.838	2.781	15.424
434	-4.838	2.781	16.260
309	-4.837	2.781	16.260
650	-4.837	2.783	15.288
656	-4.837	2.783	13.362
659	-4.837	2.783	13.308
682	-4.837	2.783	28.448
683	-4.837	2.783	28.448
684	-4.837	2.783	13.313
686	-4.837	2.783	13.316
700	-4.837	2.783	13.315
505	-4.831	2.782	12.817
524	-4.831	2.782	12.634
534	-4.831	2.782	12.668
548	-4.831	2.782	13.193
557	-4.831	2.782	28.347
558	-4.831	2.782	28.346
559	-4.831	2.782	13.216
621	-4.831	2.782	13.195
626	-4.831	2.782	13.223
631	-4.831	2.782	13.220
418	-4.829	2.782	13.196
515	-4.829	2.782	13.212
517	-4.829	2.782	13.196
518	-4.829	2.782	12.161
544	-4.829	2.782	28.400
567	-4.829	2.782	28.401
578	-4.829	2.782	12.163
593	-4.829	2.782	11.629
603	-4.829	2.782	12.170
605	-4.829	2.782	11.668
618	-4.829	2.782	11.671
634	-4.829	2.782	12.214
635	-4.829	2.782	12.213
480	-4.820	2.783	13.424
709	-4.619	2.759	13.428
710	-4.619	2.759	28.573
711	-4.619	2.759	13.683
556	-4.613	2.759	28.574
754	-3.796	2.705	15.090
