1667	-6.653	0.000	6.844
1669	-6.651	0.001	4.343
1687	-6.645	0.003	9.898
1690	-6.645	0.003	13.817
1695	-6.645	0.003	13.852
1696	-6.645	0.003	13.682
1703	-6.645	0.003	8.960
1704	-6.645	0.003	11.672
1705	-6.645	0.003	11.672
1710	-6.645	0.003	11.672
1711	-6.645	0.003	11.672
1712	-6.645	0.003	11.672
1715	-6.645	0.003	11.672
1750	-6.645	0.003	11.698
1774	-6.645	0.003	11.697
1776	-6.645	0.003	11.474
1793	-6.645	0.003	10.964
1802	-6.645	0.003	11.657
1679	-6.645	0.003	11.657
1724	-6.644	0.003	11.406
1764	-6.644	0.003	9.331
1786	-6.644	0.003	9.281
1790	-6.644	0.003	30.547
1806	-6.644	0.003	30.547
1807	-6.644	0.003	30.547
1666	-6.566	0.008	10.787
1673	-6.558	0.009	9.160
1680	-6.558	0.008	9.159
1682	-6.558	0.008	9.160
1684	-6.558	0.008	9.157
1698	-6.558	0.008	10.843
1720	-6.558	0.009	9.156
1721	-6.558	0.008	10.862
1722	-6.558	0.009	10.856
1743	-6.558	0.008	10.822
1745	-6.558	0.008	10.577
1751	-6.558	0.008	10.821
1754	-6.558	0.009	10.834
1760	-6.558	0.009	10.831
1773	-6.558	0.009	10.788
1777	-6.558	0.008	8.697
1779	-6.558	0.008	10.567
1780	-6.558	0.008	11.890
1796	-6.558	0.009	31.500
1809	-6.558	0.008	11.950
1672	-6.558	0.009	11.895
1683	-6.558	0.009	11.410
1685	-6.558	0.009	11.461
1699	-6.558	0.009	11.192
1700	-6.558	0.009	11.668
1701	-6.558	0.008	11.484
1702	-6.558	0.009	9.623
1708	-6.558	0.009	9.623
1709	-6.558	0.008	9.623
1713	-6.558	0.009	9.623
1719	-6.558	0.009	11.519
1744	-6.558	0.008	11.684
1747	-6.558	0.009	9.635
1748	-6.558	0.008	10.756
1749	-6.558	0.009	11.719
1752	-6.558	0.009	11.746
1753	-6.558	0.009	11.745
1755	-6.558	0.008	11.657
1756	-6.558	0.009	12.503
1757	-6.558	0.009	9.914
1758	-6.558	0.008	9.742
1770	-6.558	0.009	11.676
1772	-6.558	0.009	9.849
1775	-6.558	0.008	9.848
1794	-6.558	0.009	3.088
1795	-6.558	0.008	9.344
1798	-6.558	0.008	3.090
1801	-6.558	0.009	3.087
1717	-6.557	0.008	9.359
1725	-6.557	0.009	7.149
1726	-6.557	0.008	3.091
1727	-6.557	0.009	3.089
1728	-6.557	0.008	3.089
1737	-6.557	0.009	3.089
1766	-6.557	0.008	3.089
1767	-6.557	0.008	3.089
1768	-6.557	0.008	3.093
1782	-6.557	0.008	8.301
1783	-6.557	0.008	8.310
1784	-6.557	0.009	7.161
1785	-6.557	0.008	2.127
1788	-6.557	0.008	0.031
1789	-6.557	0.008	2.131
1791	-6.557	0.008	7.142
1805	-6.557	0.009	12.936
1732	-6.557	0.008	7.259
1733	-6.557	0.008	6.364
1734	-6.557	0.008	2.099
1735	-6.557	0.008	1.516
1736	-6.557	0.008	0.035
1738	-6.557	0.008	0.034
1762	-6.557	0.008	7.196
1763	-6.557	0.008	6.414
1668	-6.527	0.015	2.257
1677	-6.521	0.016	6.092
1689	-6.521	0.016	7.116
1693	-6.521	0.016	2.956
1694	-6.521	0.016	2.624
1730	-6.521	0.016	8.290
1746	-6.521	0.016	8.290
1759	-6.521	0.016	7.118
1670	-6.505	0.087	2.611
1671	-6.505	0.087	2.612
1674	-6.505	0.087	6.064
1681	-6.505	0.087	6.083
1692	-6.505	0.087	2.477
1697	-6.505	0.087	9.541
1714	-6.505	0.087	2.055
1718	-6.505	0.087	2.958
1729	-6.505	0.087	2.018
1739	-6.505	0.087	3.080
1769	-6.505	0.087	10.319
1771	-6.505	0.087	3.093
1778	-6.505	0.087	4.796
1792	-6.505	0.087	2.498
1797	-6.505	0.087	2.836
1799	-6.505	0.087	2.084
1808	-6.505	0.087	2.721
1810	-6.505	0.087	2.839
1787	-6.480	0.065	2.838
1675	-6.421	0.086	3.387
1676	-6.421	0.086	3.343
1686	-6.421	0.087	2.551
1688	-6.421	0.087	3.090
1691	-6.421	0.087	2.653
1706	-6.421	0.086	6.611
1707	-6.421	0.086	11.095
1740	-6.421	0.086	11.104
1741	-6.421	0.087	9.693
1742	-6.421	0.087	11.373
1800	-6.421	0.087	11.493
1811	-6.421	0.087	16.243
1678	-6.421	0.087	16.242
1731	-6.158	2.349	14.124
1761	-6.158	2.349	15.966
1803	-6.096	2.358	14.556
1716	-6.096	2.359	14.441
1723	-6.096	2.359	14.087
1765	-6.096	2.359	14.098
1781	-6.096	2.359	15.203
1804	-6.096	2.359	15.970
