1478	-13.700	0.000	11.393
1496	-13.700	0.000	11.395
1506	-13.700	0.000	11.090
1509	-13.700	0.000	14.378
1516	-13.700	0.000	15.388
1517	-13.700	0.000	15.180
1533	-13.700	0.000	15.184
1534	-13.700	0.000	15.174
1535	-13.700	0.000	15.170
1536	-13.700	0.000	13.296
1542	-13.700	0.000	26.824
1543	-13.700	0.000	13.245
1552	-13.700	0.000	26.825
1566	-13.700	0.000	26.825
1570	-13.700	0.000	26.825
1576	-13.700	0.000	15.776
1577	-13.700	0.000	15.556
1610	-13.700	0.000	15.726
1625	-13.700	0.000	15.726
1660	-13.700	0.000	15.753
1525	-13.698	0.000	15.722
1582	-13.698	0.000	14.030
1583	-13.698	0.000	14.030
1584	-13.698	0.000	14.030
1631	-13.698	0.000	14.027
1468	-13.616	0.004	15.763
1512	-13.616	0.004	15.738
1505	-13.052	0.027	15.704
1531	-13.052	0.027	15.771
1532	-13.052	0.027	15.761
1544	-13.052	0.027	15.747
1545	-13.052	0.027	15.751
1546	-13.052	0.027	13.401
1547	-13.052	0.027	15.759
1550	-13.052	0.027	13.416
1558	-13.052	0.027	13.411
1559	-13.052	0.027	13.395
1561	-13.052	0.027	13.405
1563	-13.052	0.027	27.548
1565	-13.052	0.027	13.414
1567	-13.052	0.027	13.409
1571	-13.052	0.027	13.413
1573	-13.052	0.027	12.795
1574	-13.052	0.027	2.242
1578	-13.052	0.027	13.507
1595	-13.052	0.027	13.520
1598	-13.052	0.027	2.244
1604	-13.052	0.027	2.244
1605	-13.052	0.027	2.244
1607	-13.052	0.027	2.244
1608	-13.052	0.027	12.889
1609	-13.052	0.027	13.526
1611	-13.052	0.027	12.872
1614	-13.052	0.027	13.357
1621	-13.052	0.027	12.948
1624	-13.052	0.027	12.950
1626	-13.052	0.027	14.989
1642	-13.052	0.027	3.118
1647	-13.052	0.027	14.919
1649	-13.052	0.027	3.522
1650	-13.052	0.027	2.154
1651	-13.052	0.027	14.924
1652	-13.052	0.027	3.528
1653	-13.052	0.027	3.528
1654	-13.052	0.027	6.823
1655	-13.052	0.027	3.125
1662	-13.052	0.027	6.834
1663	-13.052	0.027	6.833
1527	-13.050	0.027	3.106
1540	-13.050	0.027	3.433
1554	-13.050	0.027	6.833
1580	-13.050	0.027	6.831
1581	-13.050	0.027	6.831
1585	-13.050	0.027	6.830
1586	-13.050	0.027	6.830
1587	-13.050	0.027	6.830
1588	-13.050	0.027	0.002
1589	-13.050	0.027	0.000
1590	-13.050	0.027	0.015
1629	-13.050	0.027	2.958
1632	-13.050	0.027	2.954
1633	-13.050	0.027	8.308
1634	-13.050	0.027	7.580
1635	-13.050	0.027	3.395
1636	-13.050	0.027	3.572
1639	-13.050	0.027	9.268
1640	-13.050	0.027	7.575
1508	-12.997	0.025	8.380
1510	-12.997	0.025	7.600
1528	-12.997	0.025	3.384
1529	-12.997	0.025	8.327
1541	-12.997	0.025	3.368
1548	-12.997	0.025	3.542
1555	-12.997	0.025	8.342
1556	-12.997	0.025	3.369
1557	-12.997	0.025	3.517
1560	-12.997	0.025	2.390
1568	-12.997	0.025	7.528
1569	-12.997	0.025	2.345
1575	-12.997	0.025	5.539
1591	-12.997	0.025	9.469
1592	-12.997	0.025	5.158
1597	-12.997	0.025	9.368
1603	-12.997	0.025	3.869
1606	-12.997	0.025	3.844
1613	-12.997	0.025	6.959
1615	-12.997	0.025	7.521
1616	-12.997	0.025	12.684
1617	-12.997	0.025	9.007
1618	-12.997	0.025	7.576
1619	-12.997	0.025	5.117
1620	-12.997	0.025	7.585
1623	-12.997	0.025	9.016
1641	-12.997	0.025	5.062
1643	-12.997	0.025	5.061
1644	-12.997	0.025	6.529
1645	-12.997	0.025	7.487
1648	-12.997	0.025	6.086
1661	-12.997	0.025	6.296
1664	-12.997	0.025	6.524
1665	-12.997	0.025	6.110
1657	-12.981	0.027	6.085
1658	-12.981	0.027	6.835
1480	-12.970	0.026	3.904
1482	-12.970	0.026	7.346
1483	-12.970	0.026	6.844
1484	-12.970	0.026	4.343
1485	-12.970	0.026	13.858
1486	-12.970	0.026	9.902
1487	-12.970	0.026	13.852
1492	-12.970	0.026	13.849
1493	-12.970	0.026	14.252
1495	-12.970	0.026	15.920
1498	-12.970	0.026	15.918
1502	-12.970	0.026	15.918
1504	-12.970	0.026	15.918
1507	-12.970	0.026	15.918
1520	-12.970	0.026	15.918
1530	-12.970	0.026	15.703
1537	-12.970	0.026	15.702
1538	-12.970	0.026	15.087
1602	-12.970	0.026	15.166
1612	-12.970	0.026	15.958
1469	-12.970	0.026	15.957
1470	-12.970	0.026	15.845
1471	-12.970	0.026	12.997
1473	-12.970	0.026	12.941
1474	-12.970	0.026	26.664
1475	-12.970	0.026	26.665
1476	-12.970	0.026	26.664
1477	-12.970	0.026	12.945
1479	-12.970	0.026	12.943
1481	-12.970	0.026	12.946
1488	-12.970	0.026	12.397
1494	-12.970	0.026	12.488
1500	-12.970	0.026	26.549
1501	-12.970	0.026	26.548
1503	-12.970	0.026	12.375
1511	-12.970	0.026	12.375
1513	-12.970	0.026	12.861
1514	-12.970	0.026	12.895
1515	-12.970	0.026	12.892
1519	-12.970	0.026	12.892
1551	-12.970	0.026	26.607
1562	-12.970	0.026	26.608
1572	-12.970	0.026	26.636
1656	-12.925	0.026	26.636
1549	-11.525	1.596	26.637
1564	-11.525	1.596	11.379
1596	-11.525	1.596	11.383
1600	-11.525	1.596	11.393
1628	-11.523	1.597	11.395
1630	-11.523	1.597	11.400
1637	-11.523	1.597	11.541
1472	-8.145	1.885	12.952
1489	-8.145	1.885	12.819
1490	-8.145	1.885	3.118
1491	-8.145	1.885	14.918
1497	-8.145	1.885	3.522
1499	-8.145	1.885	2.154
1518	-8.145	1.885	3.517
1524	-8.145	1.885	3.528
1526	-8.145	1.885	3.528
1539	-8.145	1.885	6.822
1553	-8.145	1.885	3.126
1579	-8.145	1.885	6.819
1601	-8.145	1.885	6.834
1627	-8.145	1.885	3.106
1521	-7.995	1.901	3.433
1522	-7.995	1.901	3.044
1523	-7.995	1.901	6.831
1593	-7.995	1.901	6.831
1594	-7.995	1.901	6.830
1599	-7.995	1.901	6.830
1622	-7.995	1.901	6.830
1646	-7.995	1.901	8.302
1638	-7.995	1.901	0.000
1465	-7.854	1.948	0.015
1467	-7.763	1.968	6.818
1466	-7.538	1.924	2.954
1659	-7.290	1.933	7.580
