878	-4.822	0.000	15.775
976	-4.820	0.008	15.280
1055	-4.809	0.002	15.255
1135	-4.809	0.002	13.428
978	-4.806	0.002	13.428
880	-4.606	0.979	15.719
1239	-4.604	0.979	15.757
1117	-4.592	0.980	15.994
905	-4.584	0.980	15.909
1115	-4.583	0.980	15.909
1172	-4.583	0.980	15.904
1189	-4.485	0.160	14.128
1195	-4.473	0.162	14.128
1213	-4.472	0.163	15.899
1200	-4.469	0.165	14.123
1245	-4.468	0.166	14.124
1250	-4.468	0.166	14.125
1251	-4.468	0.166	15.966
869	-4.467	2.511	15.963
870	-4.467	2.511	15.934
879	-4.467	2.511	15.933
929	-4.462	2.512	14.163
1204	-4.448	0.161	13.605
1205	-4.448	0.161	15.944
1234	-4.444	0.164	13.603
1164	-4.439	0.174	13.606
1177	-4.439	0.174	14.242
1061	-4.416	0.172	14.449
1140	-4.416	0.172	29.310
892	-4.415	0.172	14.494
1169	-4.412	0.176	14.496
1235	-4.330	0.200	14.441
822	-4.329	0.200	14.087
871	-4.329	0.200	14.098
820	-4.328	0.199	15.203
1184	-4.323	0.186	5.313
1185	-4.323	0.186	5.628
952	-4.322	0.186	4.461
957	-4.304	0.182	5.672
958	-4.304	0.182	5.665
959	-4.304	0.182	5.664
960	-4.304	0.182	15.696
961	-4.304	0.182	5.309
963	-4.304	0.182	5.329
964	-4.304	0.182	5.340
1197	-4.298	0.193	5.296
823	-4.297	0.192	0.056
824	-4.297	0.192	0.056
825	-4.297	0.192	5.340
827	-4.297	0.192	5.340
828	-4.297	0.192	5.339
829	-4.297	0.192	5.339
830	-4.297	0.192	5.339
832	-4.297	0.192	5.318
837	-4.297	0.192	3.394
841	-4.297	0.192	3.404
842	-4.297	0.192	3.404
867	-4.297	0.192	6.220
1210	-4.297	0.193	14.852
1216	-4.297	0.193	7.159
1217	-4.297	0.193	0.022
1232	-4.297	0.193	0.020
1248	-4.297	0.193	1.942
846	-4.296	0.192	7.166
847	-4.296	0.192	7.169
859	-4.296	0.193	7.167
862	-4.296	0.192	1.744
874	-4.296	0.193	1.942
882	-4.296	0.192	6.209
883	-4.296	0.192	6.194
1043	-4.296	0.211	4.409
1064	-4.296	0.211	1.752
1113	-4.296	0.211	1.754
1114	-4.296	0.211	6.190
802	-4.295	0.193	7.161
803	-4.295	0.193	4.505
804	-4.295	0.192	4.871
805	-4.295	0.192	6.218
806	-4.295	0.192	6.214
808	-4.295	0.192	2.296
810	-4.295	0.192	2.293
811	-4.295	0.192	6.225
813	-4.295	0.192	13.083
814	-4.295	0.192	6.116
817	-4.295	0.192	13.837
818	-4.295	0.192	6.193
819	-4.295	0.192	5.872
927	-4.295	0.211	5.021
928	-4.295	0.211	5.845
971	-4.288	0.196	3.519
1202	-4.280	0.189	5.320
856	-4.279	0.189	5.412
872	-4.279	0.189	5.034
1206	-4.279	0.189	3.511
844	-4.279	0.189	5.020
866	-4.279	0.189	4.585
1212	-4.279	0.189	4.557
1221	-4.279	0.189	4.557
1228	-4.279	0.189	13.873
1229	-4.279	0.189	13.796
1246	-4.279	0.189	3.068
1252	-4.279	0.189	2.918
1194	-4.271	0.190	14.073
839	-4.270	0.190	12.203
840	-4.270	0.189	14.807
865	-4.269	0.190	14.782
1225	-4.267	0.186	14.878
1247	-4.267	0.186	9.379
1253	-4.267	0.186	16.242
1254	-4.267	0.186	16.241
851	-4.266	0.186	16.241
868	-4.266	0.186	16.241
876	-4.266	0.186	16.118
974	-4.264	0.203	16.242
908	-4.264	2.559	15.424
914	-4.264	2.559	16.260
895	-4.264	2.560	16.260
1036	-4.264	2.559	15.288
1037	-4.264	2.559	13.362
1039	-4.264	2.559	13.313
1049	-4.264	2.559	28.448
1051	-4.264	2.559	28.448
1157	-4.264	2.559	12.804
889	-4.263	0.203	13.316
893	-4.263	0.203	13.314
903	-4.263	0.203	12.817
979	-4.263	0.204	16.245
980	-4.263	0.204	12.769
982	-4.263	0.204	12.658
985	-4.263	0.204	28.347
989	-4.263	0.204	28.346
991	-4.263	0.204	12.774
998	-4.263	0.204	13.195
1012	-4.263	0.204	13.223
1020	-4.263	0.204	13.195
1021	-4.263	0.204	13.221
1027	-4.263	0.204	13.210
1028	-4.263	0.204	13.196
1029	-4.263	0.204	13.199
1040	-4.263	0.204	28.400
1042	-4.263	0.204	12.161
1046	-4.263	0.204	12.163
1047	-4.263	0.204	12.164
1048	-4.263	0.204	12.166
1057	-4.263	0.204	11.662
1059	-4.263	0.204	12.216
1060	-4.263	0.204	12.218
1069	-4.263	0.204	13.554
1075	-4.263	0.204	14.649
1076	-4.263	0.204	15.280
1078	-4.263	0.204	15.659
1095	-4.263	0.204	15.255
1105	-4.263	0.204	13.428
1106	-4.263	0.204	13.428
1107	-4.263	0.204	13.428
1108	-4.263	0.204	28.573
1110	-4.263	0.204	12.217
1126	-4.263	0.204	28.574
1134	-4.263	0.204	16.074
1141	-4.263	0.204	15.756
1150	-4.263	0.204	16.097
1156	-4.263	0.204	15.909
1160	-4.263	0.204	15.908
1161	-4.263	0.204	15.904
1163	-4.263	0.204	14.128
1174	-4.263	0.204	14.128
1176	-4.263	0.204	15.899
1182	-4.263	0.204	14.128
1183	-4.263	0.204	14.124
920	-4.263	0.203	15.888
921	-4.263	0.203	15.966
924	-4.263	0.203	15.962
925	-4.263	0.203	15.935
888	-4.263	2.560	15.933
1003	-4.262	2.560	15.930
1181	-4.262	2.560	13.605
967	-4.257	2.550	14.175
843	-4.255	0.188	13.603
858	-4.255	0.188	13.606
860	-4.255	0.188	28.472
861	-4.255	0.188	14.449
873	-4.255	0.188	29.310
1196	-4.250	2.551	13.262
1198	-4.250	2.552	4.893
975	-4.246	0.199	14.511
1054	-4.246	0.199	4.896
896	-4.245	0.199	4.896
897	-4.245	0.199	4.896
898	-4.245	0.199	4.896
899	-4.245	0.199	4.896
981	-4.245	0.199	14.549
990	-4.245	0.199	4.918
996	-4.245	0.199	13.964
997	-4.245	0.199	14.441
1006	-4.245	0.199	14.087
1007	-4.245	0.199	14.098
1030	-4.245	0.199	15.209
1070	-4.245	0.199	5.313
1073	-4.245	0.199	5.628
1077	-4.245	0.199	4.461
1093	-4.245	0.199	4.461
1101	-4.245	0.199	0.177
1103	-4.245	0.199	5.664
1104	-4.245	0.199	15.695
1118	-4.245	0.199	5.309
1121	-4.245	0.199	5.309
1123	-4.245	0.199	5.340
1124	-4.245	0.199	5.296
1125	-4.245	0.199	0.056
1127	-4.245	0.199	0.056
1139	-4.245	0.199	5.340
1142	-4.245	0.199	5.340
1146	-4.245	0.199	5.339
1149	-4.245	0.199	5.339
1179	-4.245	0.199	5.339
913	-4.245	0.199	5.319
931	-4.245	0.199	3.394
939	-4.245	0.199	0.000
1211	-4.243	2.551	3.404
953	-4.241	2.555	6.219
954	-4.241	2.555	14.852
955	-4.241	2.555	7.159
973	-4.237	0.200	0.022
891	-4.236	0.200	0.020
1008	-4.236	0.201	1.942
1009	-4.236	0.200	4.895
1026	-4.236	0.201	7.166
1072	-4.236	0.201	7.169
1165	-4.236	0.201	7.188
1166	-4.236	0.201	1.744
910	-4.235	0.200	6.211
922	-4.235	0.200	6.194
923	-4.235	0.200	4.409
933	-4.235	0.200	1.752
934	-4.235	0.200	7.161
937	-4.235	0.200	1.908
938	-4.235	0.200	1.909
942	-4.234	2.553	2.295
1004	-4.233	0.197	2.293
1015	-4.233	0.197	6.204
1016	-4.233	0.197	5.068
1035	-4.233	0.197	6.116
1045	-4.233	0.197	13.837
992	-4.233	0.197	6.193
993	-4.233	0.197	5.016
994	-4.233	0.197	5.021
995	-4.233	0.197	5.845
1056	-4.233	0.197	3.519
1067	-4.233	0.197	5.320
1071	-4.233	0.197	5.030
1131	-4.232	0.197	5.041
900	-4.232	0.196	5.034
901	-4.232	0.196	3.511
902	-4.232	0.196	5.020
915	-4.232	0.196	3.514
916	-4.232	0.196	4.558
917	-4.232	0.196	4.557
918	-4.232	0.196	5.052
926	-4.232	0.196	5.372
943	-4.232	0.196	6.016
944	-4.232	0.196	3.130
945	-4.232	0.196	14.941
946	-4.232	0.196	12.201
947	-4.232	0.196	14.807
1099	-4.232	0.197	14.784
831	-4.225	2.578	15.921
849	-4.225	2.578	15.921
850	-4.225	2.578	15.921
852	-4.225	2.578	15.707
853	-4.225	2.578	15.706
855	-4.225	2.578	15.842
863	-4.224	2.578	15.961
875	-4.224	2.578	15.961
877	-4.224	2.578	15.079
987	-4.222	0.199	12.942
904	-4.221	0.198	12.944
909	-4.221	0.198	26.659
940	-4.213	2.581	26.659
941	-4.213	2.581	12.943
886	-4.212	2.580	12.948
1011	-4.212	2.581	12.547
911	-4.212	2.581	12.549
970	-4.211	0.254	16.048
884	-4.185	0.261	15.800
801	-4.176	0.229	15.730
821	-4.170	2.577	15.730
834	-4.170	2.577	15.727
848	-4.170	2.577	14.035
857	-4.170	2.577	14.036
890	-4.159	2.580	15.723
977	-4.158	2.580	14.035
1100	-4.158	2.580	14.032
881	-4.132	2.543	12.860
1038	-4.107	2.539	12.902
1050	-4.107	2.539	12.899
1152	-4.087	2.553	12.830
949	-4.082	2.553	3.109
950	-4.082	2.553	3.513
969	-4.082	2.553	2.147
833	-4.076	2.574	2.147
854	-4.076	2.574	3.528
1203	-4.056	1.048	5.191
1227	-4.054	1.049	3.381
1063	-4.028	1.054	7.537
1133	-4.028	1.054	2.338
1168	-4.028	1.054	5.547
1023	-4.005	2.569	11.504
948	-3.873	1.830	7.389
1187	-3.815	1.103	15.953
968	-3.812	1.103	15.706
1193	-3.799	1.108	15.842
1218	-3.794	1.107	15.961
1240	-3.794	1.107	15.961
951	-3.791	1.100	16.081
965	-3.791	1.100	15.072
966	-3.791	1.100	12.945
1231	-3.773	1.106	26.659
1014	-3.770	1.115	26.659
1031	-3.770	1.115	12.545
1032	-3.770	1.115	12.948
1052	-3.770	1.115	26.647
1053	-3.770	1.115	12.549
1058	-3.770	1.115	16.048
1086	-3.770	1.115	12.487
1109	-3.770	1.115	12.377
1147	-3.770	1.115	26.544
1148	-3.770	1.115	26.543
864	-3.762	1.105	26.544
932	-3.750	1.113	12.884
907	-3.749	1.113	12.895
999	-3.749	1.113	12.400
1000	-3.749	1.113	12.898
1079	-3.749	1.113	26.602
1084	-3.749	1.113	12.870
1102	-3.749	1.113	26.631
1128	-3.749	1.113	11.377
1129	-3.749	1.113	12.873
885	-3.738	1.113	11.383
1066	-3.732	1.115	11.385
1081	-3.732	1.115	11.395
1173	-3.732	1.115	11.080
1192	-3.620	3.891	15.754
