486	-30.690	0.000	0.000
138	-30.676	0.001	9.639
311	-30.103	0.082	9.592
440	-30.102	0.082	7.451
363	-30.101	0.082	29.657
365	-30.101	0.082	7.453
359	-30.101	0.082	29.658
317	-30.097	0.082	29.658
224	-30.095	0.082	7.452
161	-30.089	0.082	6.846
163	-30.089	0.082	9.247
177	-30.089	0.082	6.822
180	-30.089	0.082	7.479
185	-30.089	0.082	29.515
188	-30.089	0.082	29.514
205	-30.084	0.081	29.515
145	-30.083	0.081	6.869
151	-30.083	0.081	7.497
168	-30.083	0.081	7.500
503	-30.066	0.082	7.501
303	-30.065	0.083	7.502
304	-30.065	0.083	29.413
249	-30.063	0.082	7.482
268	-30.062	0.082	29.437
116	-30.047	0.083	7.077
120	-30.046	0.083	7.484
126	-30.046	0.083	7.077
472	-30.028	0.081	7.077
69	-30.024	0.083	7.076
70	-30.024	0.083	7.076
81	-30.023	0.083	7.037
100	-30.023	0.083	8.672
73	-30.021	0.083	9.139
77	-30.021	0.083	8.502
114	-30.019	0.083	8.464
95	-30.016	0.083	7.002
92	-30.014	0.083	6.999
459	-30.008	0.082	7.000
53	-30.006	0.084	6.999
41	-30.005	0.084	7.640
33	-30.004	0.084	29.708
43	-30.004	0.084	8.854
6	-30.001	0.083	29.709
14	-30.001	0.083	8.507
17	-30.001	0.083	9.351
18	-30.001	0.083	8.857
19	-30.001	0.083	8.857
20	-30.001	0.083	8.853
23	-30.001	0.083	7.494
26	-30.001	0.083	7.494
31	-30.001	0.083	7.494
35	-30.001	0.083	7.494
36	-30.001	0.083	7.490
391	-29.933	0.088	8.835
578	-29.905	0.089	8.829
239	-29.902	0.089	8.821
265	-29.902	0.089	8.904
332	-29.892	0.086	8.876
380	-29.892	0.086	8.873
381	-29.892	0.086	8.881
382	-29.892	0.086	8.888
321	-29.891	0.086	8.881
396	-29.890	0.086	7.089
423	-29.890	0.086	7.538
410	-29.888	0.086	9.520
347	-29.888	0.086	8.691
450	-29.888	0.086	9.524
442	-29.887	0.086	9.567
375	-29.887	0.086	9.557
339	-29.886	0.086	9.413
335	-29.885	0.086	9.264
323	-29.884	0.085	9.825
337	-29.884	0.086	9.414
416	-29.882	0.085	9.421
309	-29.856	0.077	9.831
519	-29.854	0.086	9.831
504	-29.853	0.086	9.831
512	-29.853	0.086	9.831
267	-29.851	0.086	9.083
286	-29.851	0.086	9.081
136	-29.836	0.087	9.833
454	-29.781	0.087	9.044
457	-29.778	0.086	9.433
466	-29.773	0.086	9.435
147	-29.750	0.412	9.919
248	-29.729	0.411	10.048
195	-29.726	0.090	9.634
452	-29.726	0.090	9.618
134	-29.708	0.411	10.109
244	-29.691	0.091	9.202
51	-29.673	0.412	9.630
586	-29.632	0.100	9.630
599	-29.632	0.100	9.223
408	-29.627	0.100	9.223
411	-29.627	0.100	5.345
427	-29.627	0.100	5.345
433	-29.627	0.100	9.248
435	-29.627	0.100	8.338
437	-29.627	0.100	5.344
444	-29.627	0.100	5.345
369	-29.627	0.100	5.344
371	-29.627	0.100	5.344
373	-29.627	0.100	5.344
357	-29.626	0.100	5.344
420	-29.626	0.100	9.007
421	-29.626	0.100	2.959
424	-29.626	0.100	9.015
392	-29.625	0.100	4.248
397	-29.625	0.100	8.651
212	-29.621	0.100	2.973
340	-29.621	0.100	4.315
216	-29.620	0.100	8.626
203	-29.620	0.100	8.335
490	-29.618	0.082	4.400
192	-29.615	0.100	7.715
580	-29.598	0.101	2.832
492	-29.597	0.101	4.296
495	-29.597	0.101	7.648
571	-29.597	0.101	8.672
261	-29.593	0.101	7.659
497	-29.592	0.100	7.421
500	-29.592	0.100	7.469
305	-29.591	0.101	7.641
517	-29.591	0.100	7.644
290	-29.588	0.101	8.709
246	-29.588	0.101	4.199
456	-29.517	0.101	8.404
462	-29.515	0.101	8.541
59	-29.512	0.103	4.175
253	-29.010	0.101	7.589
254	-29.010	0.101	1.510
107	-28.967	0.102	4.520
66	-28.966	0.102	7.658
364	-28.958	1.841	4.855
354	-28.958	1.841	3.475
341	-28.954	1.841	8.671
157	-28.936	1.840	4.694
149	-28.932	1.840	4.575
488	-28.917	1.840	4.400
573	-28.917	1.840	3.378
132	-28.889	1.840	4.642
477	-28.878	1.840	6.373
384	-28.873	0.108	3.725
106	-28.869	1.840	4.640
24	-28.853	1.840	3.501
523	-28.844	0.108	6.388
210	-28.817	0.104	4.631
256	-28.797	0.106	4.628
270	-28.796	0.106	4.975
262	-28.793	0.105	5.002
479	-28.780	0.106	8.691
480	-28.780	0.106	4.316
481	-28.780	0.106	3.331
329	-28.611	1.852	7.747
331	-28.611	1.852	7.536
348	-28.610	1.847	9.139
361	-28.610	1.847	9.154
445	-28.609	1.852	8.541
342	-28.606	1.852	9.287
603	-28.570	0.119	11.128
272	-28.570	1.847	9.602
555	-28.569	1.846	9.604
310	-28.566	0.119	9.604
404	-28.565	0.119	9.603
409	-28.565	0.119	9.603
426	-28.565	0.119	9.603
399	-28.564	0.119	9.635
494	-28.535	0.120	9.625
279	-28.531	0.120	9.641
154	-28.498	0.404	9.608
499	-28.432	1.852	9.611
48	-27.498	1.848	9.639
198	-27.454	1.628	9.592
172	-27.449	1.629	7.451
235	-27.422	1.629	7.452
121	-27.415	1.628	29.657
110	-27.390	1.628	29.658
16	-27.375	1.629	29.658
27	-27.375	1.629	7.452
29	-27.375	1.629	7.453
525	-27.069	1.628	7.452
260	-27.067	1.628	6.831
37	-26.580	1.629	6.830
38	-26.580	1.629	29.515
99	-26.284	1.775	29.514
49	-26.270	1.775	7.494
28	-26.266	1.775	7.480
128	-25.797	1.880	7.492
325	-24.024	2.070	7.500
351	-24.024	2.070	7.501
405	-24.019	2.070	7.481
441	-24.019	2.071	29.413
376	-24.019	2.070	7.482
527	-24.006	2.071	29.437
206	-24.001	2.070	29.438
510	-24.000	2.071	7.484
287	-23.996	2.071	7.078
461	-23.986	2.071	6.443
137	-23.984	2.071	7.076
474	-23.968	2.071	7.076
109	-23.957	2.070	6.460
465	-23.940	2.071	8.672
406	-23.891	2.071	9.139
292	-23.867	2.071	8.502
230	-23.866	2.070	6.996
343	-23.789	2.067	8.461
534	-23.775	2.067	7.000
535	-23.775	2.067	8.551
548	-23.775	2.067	29.708
471	-23.742	2.067	7.006
473	-23.742	2.067	29.708
455	-23.717	2.067	9.441
467	-23.716	2.067	29.709
328	-23.674	1.739	9.358
350	-23.674	1.739	9.352
485	-23.438	1.740	8.857
264	-23.350	2.088	7.486
320	-23.332	2.088	8.889
346	-23.329	2.088	8.607
211	-23.316	2.087	7.494
233	-23.300	2.088	7.494
52	-23.245	2.087	7.494
344	-20.107	3.936	8.821
175	-20.100	3.936	9.330
186	-20.100	3.936	8.880
146	-20.098	3.936	8.874
165	-20.098	3.936	8.881
133	-19.976	3.932	7.091
83	-19.952	3.932	9.527
111	-19.951	3.932	9.557
61	-19.944	3.931	9.533
214	-19.723	2.691	9.831
84	-19.659	2.687	9.634
96	-19.659	2.687	10.109
42	-19.648	2.687	9.625
189	-19.452	3.774	9.222
282	-19.452	3.768	5.345
291	-19.452	3.768	5.344
129	-19.435	3.774	9.248
85	-19.404	3.766	8.338
78	-19.391	3.772	5.344
108	-19.391	3.772	5.345
1	-19.383	3.766	5.344
2	-19.383	3.766	5.344
10	-19.383	3.766	5.344
13	-19.383	3.766	5.344
22	-19.383	3.766	5.343
34	-19.383	3.766	9.007
45	-19.383	3.766	9.015
62	-19.383	3.766	4.248
401	-19.147	3.972	1.510
402	-19.147	3.972	4.520
223	-19.139	3.972	7.658
226	-19.139	3.972	8.652
152	-19.134	3.972	8.671
333	-19.044	3.971	4.642
448	-19.044	3.971	6.374
302	-19.014	3.968	4.042
194	-19.004	3.971	4.640
124	-19.004	3.969	4.295
72	-18.983	3.968	4.631
82	-18.983	3.968	4.628
94	-18.978	3.968	4.975
1084	-18.978	3.972	5.002
3	-18.970	3.968	7.418
4	-18.970	3.968	4.063
316	-18.946	3.971	12.257
355	-18.944	3.970	12.270
115	-18.907	3.968	12.270
7	-18.844	3.966	11.995
11	-18.841	3.966	11.443
563	-18.812	3.967	12.316
93	-18.743	3.893	9.717
193	-18.736	2.955	9.670
166	-18.727	2.955	30.420
241	-18.718	2.954	30.421
493	-18.718	2.954	30.420
234	-18.712	2.954	9.670
89	-18.680	2.953	9.671
9	-18.675	2.953	9.630
60	-18.675	2.953	8.983
478	-18.670	2.953	9.083
1090	-18.617	3.960	30.268
352	-18.616	3.823	30.268
200	-18.612	3.823	9.662
215	-18.612	3.823	9.651
182	-18.610	3.823	9.661
156	-18.609	3.823	9.670
159	-18.609	3.823	9.668
160	-18.609	3.823	9.651
148	-18.605	3.823	30.219
150	-18.605	3.823	9.653
240	-18.512	3.821	8.642
255	-18.512	3.821	9.265
274	-18.512	3.821	9.265
275	-18.512	3.821	8.659
125	-18.500	3.821	11.014
142	-18.497	3.821	11.690
68	-18.476	3.820	11.052
80	-18.475	3.820	11.055
97	-18.475	3.820	11.048
74	-18.474	3.820	11.043
75	-18.474	3.820	10.005
87	-18.473	3.820	30.419
88	-18.473	3.820	9.324
54	-18.468	3.820	30.419
56	-18.468	3.820	30.420
46	-18.465	3.820	30.420
227	-18.448	3.820	12.051
692	-18.175	3.958	11.528
701	-18.171	3.957	11.529
685	-18.169	3.957	11.562
395	-17.779	3.860	9.806
40	-17.775	3.422	9.806
58	-17.775	3.422	9.806
119	-17.771	3.570	9.803
202	-17.771	3.860	11.573
191	-17.767	3.860	11.535
386	-17.752	3.861	11.491
387	-17.752	3.861	12.014
220	-17.747	3.861	11.566
181	-17.746	3.861	11.545
324	-17.693	3.860	11.550
349	-17.693	3.860	9.425
158	-17.684	3.860	11.562
327	-17.682	3.860	9.430
251	-17.669	3.857	9.431
118	-17.661	3.857	12.028
294	-17.658	3.858	12.032
293	-17.632	3.858	31.359
50	-17.613	3.857	12.087
105	-17.606	3.858	12.098
32	-17.598	3.857	12.058
366	-17.581	3.858	11.524
367	-17.581	3.858	8.804
330	-17.580	3.858	11.958
243	-17.576	3.858	11.970
338	-17.576	3.858	8.811
141	-17.568	3.857	8.811
232	-17.559	3.857	8.811
593	-17.515	3.857	8.812
336	-17.513	3.895	11.460
178	-17.506	3.894	11.972
179	-17.506	3.894	11.594
176	-17.501	3.895	12.056
183	-17.501	3.895	11.775
184	-17.501	3.895	11.764
196	-17.496	3.894	12.796
217	-17.495	3.894	9.203
155	-17.494	3.894	12.489
173	-17.493	3.895	9.162
174	-17.493	3.895	8.881
496	-17.476	3.895	12.499
250	-17.474	3.895	9.095
252	-17.474	3.895	9.094
266	-17.473	3.895	2.879
284	-17.469	3.896	8.698
285	-17.469	3.896	2.871
288	-17.457	3.856	2.871
1200	-17.379	3.855	2.872
315	-17.272	3.895	4.476
600	-17.269	3.895	4.098
242	-17.234	3.896	5.511
1091	-17.161	3.853	1.611
79	-17.035	3.047	3.794
55	-17.000	3.617	3.722
117	-16.945	3.055	3.723
278	-16.927	3.057	1.996
443	-16.728	2.282	5.758
595	-16.728	2.282	11.808
518	-16.706	2.282	10.821
583	-16.697	2.291	11.797
584	-16.697	2.291	11.946
524	-16.686	2.291	11.810
356	-16.664	2.291	13.590
544	-16.662	2.294	13.589
553	-16.661	2.294	13.252
589	-16.657	2.291	13.658
590	-16.657	2.290	13.658
451	-16.652	2.290	13.495
592	-16.652	2.290	10.965
425	-16.649	2.290	10.915
558	-16.647	2.291	30.535
559	-16.647	2.291	30.536
1175	-16.646	2.256	30.535
565	-16.645	2.291	10.918
566	-16.645	2.291	10.916
574	-16.641	2.290	10.917
507	-16.637	2.290	10.400
326	-16.635	2.293	10.392
171	-16.634	2.288	30.386
449	-16.633	2.282	30.385
301	-16.631	2.294	10.388
498	-16.631	2.289	10.387
483	-16.628	2.290	10.974
601	-16.624	2.280	10.995
1500	-16.623	2.290	10.993
1517	-16.621	2.290	10.994
1529	-16.621	2.290	30.338
1576	-16.621	2.290	30.338
1558	-16.620	2.290	30.369
1559	-16.620	2.290	30.369
1476	-16.619	2.290	30.370
1538	-16.619	2.290	10.387
1496	-16.619	2.290	10.388
1485	-16.618	2.290	10.390
1512	-16.618	2.290	10.391
1547	-16.618	2.290	10.391
1572	-16.618	2.290	10.403
1579	-16.618	2.290	13.162
1580	-16.618	2.290	13.161
1489	-16.617	2.294	12.482
530	-16.616	2.293	12.661
531	-16.616	2.293	10.634
540	-16.616	2.293	10.638
538	-16.595	2.285	13.030
539	-16.595	2.285	12.933
554	-16.595	2.285	12.934
476	-16.558	2.281	12.942
470	-16.558	2.281	12.893
1502	-16.524	2.293	13.154
1503	-16.524	2.293	13.170
1542	-16.523	2.293	31.419
1472	-16.522	2.293	13.206
1474	-16.522	2.293	13.214
1531	-16.522	2.293	12.506
1481	-16.521	2.293	12.630
1493	-16.521	2.293	8.019
1497	-16.521	2.293	13.222
1520	-16.521	2.293	13.060
1552	-16.521	2.293	8.024
588	-16.447	2.901	13.062
506	-16.405	2.899	8.584
153	-16.390	3.284	13.749
67	-16.310	3.274	2.228
576	-16.302	2.899	4.998
1016	-16.271	2.890	2.235
950	-16.084	3.960	12.145
1006	-16.082	3.960	13.646
414	-16.059	3.109	13.647
1498	-16.024	2.564	13.590
933	-15.855	3.954	30.535
71	-15.753	3.498	10.985
222	-15.643	3.782	30.533
281	-15.625	3.782	12.933
187	-15.623	3.781	12.933
269	-15.615	3.781	12.933
170	-15.612	3.780	12.927
1077	-15.518	3.778	11.208
453	-15.488	3.780	12.978
743	-15.455	3.946	11.208
780	-15.452	3.946	12.893
1018	-15.441	3.782	12.958
1019	-15.441	3.782	12.951
1023	-15.441	3.782	12.959
915	-15.427	3.782	12.976
1165	-15.373	3.777	12.630
1169	-15.371	3.780	12.513
965	-15.349	3.783	8.024
362	-15.238	3.615	1.747
1107	-15.227	3.777	1.747
1029	-15.222	3.780	2.868
1113	-15.221	3.780	6.513
990	-15.212	3.779	6.523
400	-15.154	3.615	2.344
370	-15.154	3.615	5.047
358	-15.153	3.615	4.342
360	-15.153	3.615	2.235
422	-15.152	3.615	2.730
319	-15.139	3.615	4.376
1198	-15.136	3.612	2.883
773	-15.122	3.930	4.392
581	-15.121	3.615	4.395
564	-15.120	3.615	2.906
1499	-15.116	2.676	4.199
1560	-15.114	2.676	4.940
526	-15.112	3.615	3.223
1511	-15.112	2.676	2.485
1513	-15.112	2.676	7.034
508	-15.111	3.615	2.493
509	-15.111	3.615	7.081
545	-15.104	3.614	2.493
596	-15.103	2.680	2.493
575	-15.095	2.680	4.057
403	-15.079	2.679	11.091
604	-15.077	3.614	1.979
597	-15.076	3.614	4.694
419	-15.066	2.678	2.041
572	-15.058	2.679	2.372
532	-15.056	2.678	2.056
541	-15.055	2.678	2.363
1190	-15.051	3.613	2.303
1041	-15.048	3.611	0.075
961	-15.041	3.611	1.968
1564	-15.041	2.680	2.315
1001	-15.039	3.612	0.101
873	-15.036	3.612	0.105
549	-15.026	3.614	0.842
550	-15.026	3.614	0.865
469	-15.010	3.613	12.241
468	-15.010	3.613	2.394
912	-15.010	3.611	2.357
1096	-15.002	3.612	4.608
1092	-14.979	3.612	13.202
1101	-14.979	3.612	13.022
1201	-14.977	3.611	12.859
1151	-14.963	3.612	10.472
947	-14.949	3.613	12.272
942	-14.879	3.611	11.997
280	-14.875	3.712	11.445
1131	-14.732	3.612	9.673
960	-14.601	3.607	8.657
1735	-14.507	3.795	9.249
842	-14.394	3.606	9.337
1440	-14.257	2.697	9.807
221	-14.242	3.235	11.574
102	-14.111	3.224	11.563
907	-14.109	2.544	11.523
1078	-14.073	3.228	31.360
570	-13.970	3.224	11.973
1423	-13.966	2.684	8.823
1561	-12.923	2.059	30.269
1548	-12.921	2.059	30.269
1455	-12.845	2.056	9.667
1467	-12.843	2.056	9.671
1468	-12.843	2.056	9.669
1527	-12.843	2.056	9.035
1534	-12.843	2.056	9.664
1491	-12.842	2.056	9.651
1492	-12.842	2.056	30.255
1494	-12.842	2.056	30.255
1521	-12.842	2.056	30.256
591	-12.821	2.063	9.265
528	-12.808	2.065	9.265
529	-12.778	2.060	8.651
562	-5.557	2.608	2.266
511	-5.553	2.612	1.620
1553	-5.444	2.631	11.161
1571	-5.444	2.631	0.000
606	-5.443	2.621	2.041
63	-5.441	2.623	2.019
113	-5.440	2.621	2.557
374	-5.436	2.622	3.722
551	-5.436	2.625	1.644
542	-5.435	2.625	1.996
513	-5.434	2.622	1.968
