1233	-7.979	0.000	11.791
1234	-7.979	0.000	2.561
1235	-7.979	0.000	12.172
1236	-7.979	0.000	11.356
1237	-7.979	0.000	11.596
1238	-7.979	0.000	10.935
1239	-7.979	0.000	11.116
1240	-7.979	0.000	11.117
1241	-7.979	0.000	12.090
1242	-7.979	0.000	11.332
1245	-7.979	0.000	11.578
1246	-7.979	0.000	11.589
1247	-7.979	0.000	11.931
1248	-7.979	0.000	9.346
1249	-7.979	0.000	11.239
1250	-7.979	0.000	8.392
1251	-7.979	0.000	8.392
1252	-7.979	0.000	11.927
1253	-7.979	0.000	11.216
1254	-7.979	0.000	11.215
1255	-7.979	0.000	11.744
1256	-7.979	0.000	11.733
1257	-7.979	0.000	11.365
1258	-7.979	0.000	7.214
1259	-7.979	0.000	10.849
1260	-7.979	0.000	9.152
1274	-7.979	0.000	10.818
1275	-7.979	0.000	11.224
1276	-7.979	0.000	6.278
1277	-7.979	0.000	11.223
1278	-7.979	0.000	11.523
1279	-7.979	0.000	11.132
1286	-7.979	0.000	11.384
1287	-7.979	0.000	10.837
1288	-7.979	0.000	10.811
1289	-7.979	0.000	11.369
1290	-7.979	0.000	11.367
1291	-7.979	0.000	11.276
1292	-7.979	0.000	11.278
1293	-7.979	0.000	10.974
1294	-7.979	0.000	11.194
1295	-7.979	0.000	11.155
1312	-7.979	0.000	10.750
1313	-7.979	0.000	11.032
1314	-7.979	0.000	0.041
1315	-7.979	0.000	0.000
1316	-7.979	0.000	5.381
1317	-7.979	0.000	6.293
1318	-7.979	0.000	6.273
1319	-7.979	0.000	6.123
1320	-7.979	0.000	6.126
1321	-7.979	0.000	6.126
1283	-7.894	0.010	6.126
1284	-7.894	0.010	6.125
1285	-7.894	0.010	6.125
1296	-7.894	0.010	6.120
1297	-7.894	0.010	6.119
1298	-7.894	0.010	6.117
1299	-7.894	0.010	6.470
1301	-7.894	0.010	6.268
1302	-7.894	0.010	6.268
1303	-7.894	0.010	6.616
1304	-7.894	0.010	6.069
1305	-7.894	0.010	6.030
1361	-7.894	0.010	25.250
1362	-7.894	0.010	25.250
1363	-7.894	0.010	25.251
1376	-7.894	0.010	6.020
1419	-7.894	0.010	6.020
1420	-7.894	0.010	6.579
1243	-7.889	0.015	5.738
1244	-7.889	0.015	5.761
1261	-7.889	0.015	5.612
1262	-7.889	0.015	25.126
1263	-7.889	0.015	25.125
1264	-7.889	0.015	25.126
1265	-7.889	0.015	5.633
1266	-7.889	0.015	5.645
1267	-7.889	0.015	5.640
1268	-7.889	0.015	5.740
1269	-7.889	0.015	5.630
1270	-7.889	0.015	5.620
1271	-7.889	0.015	25.105
1272	-7.889	0.015	25.105
1273	-7.889	0.015	25.107
1280	-7.889	0.015	4.496
1281	-7.889	0.015	4.497
1282	-7.889	0.015	4.863
1300	-7.889	0.015	4.861
1306	-7.889	0.015	4.515
1307	-7.889	0.015	4.507
1308	-7.889	0.015	4.864
1309	-7.889	0.015	5.391
1310	-7.889	0.015	6.789
1311	-7.889	0.015	6.841
1322	-7.889	0.015	6.848
1323	-7.889	0.015	6.766
1324	-7.889	0.015	6.765
1325	-7.889	0.015	6.766
1326	-7.889	0.015	25.500
1327	-7.889	0.015	4.512
1328	-7.889	0.015	25.501
1343	-7.889	0.015	6.483
1344	-7.889	0.015	6.449
1345	-7.889	0.015	6.874
1346	-7.889	0.015	6.549
1347	-7.889	0.015	6.549
1348	-7.889	0.015	6.551
1349	-7.889	0.015	6.874
1350	-7.889	0.015	6.874
1351	-7.889	0.015	6.554
1352	-7.889	0.015	6.875
1353	-7.889	0.015	6.543
1354	-7.889	0.015	6.872
1355	-7.889	0.015	6.536
1356	-7.889	0.015	6.566
1357	-7.889	0.015	6.557
1358	-7.889	0.015	6.558
1359	-7.889	0.015	6.892
1360	-7.889	0.015	6.552
1368	-7.889	0.015	6.888
1369	-7.889	0.015	6.760
1370	-7.889	0.015	6.761
1371	-7.889	0.015	4.024
1372	-7.889	0.015	2.992
1373	-7.889	0.015	26.696
1374	-7.889	0.015	2.849
1383	-7.889	0.015	2.930
1384	-7.889	0.015	3.690
1397	-7.889	0.015	3.674
1398	-7.889	0.015	3.925
1399	-7.889	0.015	2.823
1400	-7.889	0.015	3.908
1401	-7.889	0.015	13.288
1402	-7.889	0.015	13.288
1403	-7.889	0.015	13.288
1404	-7.889	0.015	13.288
1414	-7.889	0.015	3.474
1415	-7.889	0.015	3.371
1416	-7.889	0.015	13.275
1417	-7.889	0.015	3.371
1418	-7.889	0.015	2.855
1421	-7.889	0.015	3.135
1422	-7.889	0.015	3.124
1423	-7.889	0.015	5.211
1424	-7.889	0.015	2.225
1425	-7.889	0.015	12.412
1426	-7.889	0.015	14.079
1427	-7.889	0.015	12.404
1428	-7.889	0.015	12.244
1232	-7.885	0.015	12.245
1385	-7.883	0.015	13.782
1386	-7.883	0.015	12.317
1387	-7.883	0.015	13.782
1388	-7.883	0.015	13.785
1389	-7.883	0.015	12.360
1390	-7.883	0.015	14.965
1391	-7.883	0.015	13.782
1392	-7.883	0.015	13.785
1393	-7.883	0.015	13.785
1394	-7.883	0.015	13.784
1395	-7.883	0.015	13.784
1396	-7.883	0.015	13.784
1329	-7.802	0.020	13.778
1330	-7.802	0.020	13.817
1331	-7.802	0.021	13.816
1332	-7.802	0.020	13.816
1333	-7.802	0.020	12.958
1334	-7.802	0.020	5.217
1335	-7.802	0.020	12.960
1336	-7.802	0.020	14.926
1337	-7.802	0.020	14.945
1338	-7.802	0.020	15.294
1339	-7.802	0.020	14.423
1340	-7.802	0.020	11.636
1341	-7.802	0.020	11.637
1342	-7.802	0.020	11.637
1364	-7.802	0.020	14.425
1365	-7.802	0.021	15.086
1366	-7.802	0.020	12.955
1367	-7.802	0.020	12.824
1375	-7.802	0.020	14.716
1377	-7.802	0.020	14.408
1378	-7.802	0.021	9.372
1379	-7.802	0.020	11.636
1380	-7.802	0.020	11.638
1381	-7.802	0.020	12.385
1382	-7.802	0.020	12.050
1405	-7.802	0.020	12.572
1406	-7.802	0.020	12.572
1407	-7.802	0.020	14.723
1408	-7.802	0.021	14.714
1409	-7.802	0.020	12.552
1410	-7.802	0.020	3.591
1411	-7.802	0.021	12.056
1412	-7.802	0.020	2.488
1413	-7.802	0.020	11.987
1429	-7.802	0.020	12.739
1430	-7.802	0.020	13.174
1431	-7.802	0.021	12.747
1432	-7.802	0.020	14.049
1433	-7.802	0.020	12.773
1434	-7.743	0.031	13.160
1435	-7.743	0.030	13.160
1436	-7.743	0.031	12.818
1162	-7.481	0.084	13.228
1163	-7.481	0.084	13.149
1164	-7.481	0.084	13.218
1165	-7.481	0.084	13.233
1166	-7.481	0.084	13.234
1167	-7.481	0.084	12.798
1168	-7.481	0.084	12.678
1169	-7.481	0.084	12.579
1170	-7.481	0.084	14.434
1171	-7.481	0.084	1.231
1172	-7.481	0.084	6.012
1173	-7.481	0.084	1.145
1174	-7.481	0.084	1.086
1175	-7.481	0.084	0.962
1176	-7.481	0.084	7.461
1177	-7.481	0.084	10.825
1178	-7.481	0.084	10.824
1179	-7.481	0.084	10.824
1180	-7.481	0.084	10.823
1181	-7.481	0.084	10.823
1182	-7.481	0.084	10.686
1183	-7.481	0.084	10.686
1184	-7.481	0.084	10.884
1185	-7.481	0.084	10.731
1186	-7.481	0.084	10.959
1187	-7.481	0.084	10.958
1188	-7.481	0.084	10.809
1189	-7.481	0.084	9.284
1190	-7.481	0.084	9.218
1191	-7.481	0.084	24.902
1192	-7.481	0.084	24.902
1193	-7.481	0.084	9.210
1194	-7.481	0.084	9.216
1195	-7.481	0.084	9.215
1196	-7.481	0.084	9.557
1197	-7.481	0.084	8.800
1198	-7.481	0.084	8.848
1199	-7.481	0.084	9.013
1200	-7.481	0.084	24.800
1201	-7.481	0.084	24.799
1202	-7.481	0.084	9.051
1203	-7.481	0.084	9.017
1204	-7.481	0.084	9.065
1205	-7.481	0.084	9.059
1206	-7.481	0.084	9.020
1207	-7.481	0.084	9.044
1208	-7.481	0.084	9.024
1209	-7.481	0.084	6.704
1210	-7.481	0.084	24.852
1216	-7.481	0.084	24.853
1217	-7.481	0.084	6.709
1218	-7.481	0.084	6.689
1219	-7.481	0.084	6.727
1220	-7.481	0.084	6.735
1221	-7.481	0.084	6.739
1222	-7.481	0.084	6.847
1223	-7.481	0.084	6.843
1224	-7.481	0.084	10.342
1225	-7.481	0.084	11.037
1226	-7.481	0.084	10.063
1227	-7.481	0.084	11.074
1228	-7.481	0.084	10.066
1229	-7.481	0.084	10.065
1230	-7.481	0.084	10.065
1231	-7.481	0.084	25.181
1211	-7.107	0.141	9.414
1212	-7.107	0.141	25.182
1213	-7.107	0.141	10.955
1214	-7.107	0.141	10.941
1215	-7.107	0.141	10.802
