1396	-18.949	0.000	21.986
1384	-18.948	0.000	21.991
1401	-18.948	0.000	21.689
1433	-18.943	0.000	21.991
185	-18.879	0.011	21.991
1189	-18.736	0.004	21.991
1171	-18.733	0.004	21.991
1428	-18.731	0.004	21.991
119	-18.726	0.004	21.991
1438	-18.721	0.003	21.991
502	-18.721	0.002	21.991
426	-18.718	0.002	21.991
156	-18.715	0.003	21.991
1407	-18.665	0.002	21.991
289	-18.644	0.007	21.991
421	-18.564	0.004	21.991
491	-18.561	0.004	21.991
111	-18.495	0.006	21.991
314	-18.495	0.006	21.991
116	-18.491	0.010	21.991
96	-18.488	0.010	21.991
99	-18.487	0.010	21.991
100	-18.487	0.010	21.991
1283	-18.474	0.006	21.991
1278	-18.468	0.006	21.991
1211	-18.454	0.010	21.984
409	-18.436	0.003	21.722
294	-18.408	0.009	0.000
302	-18.408	0.009	0.113
1453	-18.406	0.007	0.115
1220	-18.383	0.009	0.155
304	-18.373	0.011	0.148
461	-18.371	0.011	1.021
359	-18.370	0.011	1.016
443	-18.369	0.011	1.016
1253	-18.287	0.044	14.922
129	-18.132	0.012	14.922
271	-18.129	0.012	14.922
220	-18.125	0.012	14.927
279	-18.124	0.012	14.927
1531	-18.009	0.017	19.178
1593	-17.994	0.014	19.178
1502	-17.989	0.014	19.178
342	-17.977	0.015	19.178
343	-17.977	0.015	19.194
487	-17.965	0.015	19.194
241	-17.855	0.014	19.194
1514	-17.760	0.020	19.147
1553	-17.755	0.020	19.147
1496	-17.753	0.020	19.147
1587	-17.753	0.021	19.147
1527	-17.746	0.021	20.048
1627	-17.741	0.025	20.048
1653	-17.643	0.022	20.048
1663	-17.635	0.022	20.048
1505	-17.559	0.036	20.048
1559	-17.559	0.036	20.047
1591	-16.776	0.056	21.991
1489	-16.771	0.056	21.991
1108	-16.294	2.477	21.991
1312	-16.254	2.477	21.991
1370	-16.227	2.479	21.991
1229	-16.144	2.478	21.991
1336	-16.140	2.480	21.991
1279	-16.136	2.480	21.991
1585	-16.116	2.477	21.991
132	-16.110	2.480	21.991
79	-16.089	2.478	21.991
1390	-16.087	2.480	21.991
264	-16.084	2.475	21.991
249	-16.082	2.478	21.991
1436	-16.081	2.480	21.991
1376	-16.079	2.478	21.991
235	-16.078	2.480	21.991
188	-16.076	2.480	21.985
503	-16.076	2.480	21.985
95	-16.073	2.480	21.985
42	-16.067	2.477	21.991
1393	-16.048	2.480	21.695
1398	-16.048	2.480	21.687
1409	-16.048	2.480	21.723
1375	-16.046	2.480	21.723
1439	-16.045	2.480	21.722
1426	-16.042	2.480	21.722
1445	-16.021	2.478	21.722
1357	-16.019	2.479	21.722
1447	-16.006	2.479	21.723
1448	-16.006	2.479	21.722
1461	-16.004	2.479	21.722
1462	-16.004	2.479	21.722
1458	-16.004	2.479	0.122
1365	-16.002	2.480	0.113
1399	-15.984	2.481	0.115
1437	-15.980	2.481	0.115
400	-15.976	2.481	0.155
411	-15.974	2.481	0.155
438	-15.973	2.481	0.147
362	-15.968	2.481	0.149
492	-15.968	2.482	1.021
145	-15.968	2.477	1.016
1109	-15.948	2.480	1.016
1671	-15.944	2.477	1.016
1112	-15.944	2.480	1.016
1178	-15.942	2.480	1.016
1190	-15.941	2.480	1.016
1195	-15.940	2.480	1.016
1592	-15.937	2.477	1.016
1597	-15.932	2.477	0.102
1660	-15.931	2.477	0.803
1232	-15.930	2.479	0.803
1344	-15.930	2.480	0.802
1276	-15.929	2.480	29.277
1299	-15.929	2.480	29.277
1301	-15.929	2.480	29.277
1306	-15.929	2.480	29.277
1569	-15.928	2.478	29.277
1055	-15.928	2.480	29.277
1023	-15.927	2.480	29.277
1068	-15.927	2.480	29.277
1465	-15.925	2.480	14.928
1334	-15.925	2.480	14.928
1674	-15.923	2.478	14.928
1560	-15.920	2.478	14.928
1241	-15.919	2.480	14.934
1234	-15.914	2.481	14.934
1249	-15.910	2.480	14.922
1495	-15.882	2.476	14.922
1583	-15.880	2.476	14.922
1503	-15.879	2.476	14.922
1482	-15.879	2.476	14.922
1537	-15.874	2.476	14.922
1322	-15.858	2.480	14.922
295	-15.806	2.478	14.922
269	-15.799	2.479	14.927
127	-15.795	2.480	14.927
429	-15.794	2.480	14.927
140	-15.794	2.480	14.927
326	-15.793	2.480	14.942
256	-15.792	2.478	14.942
246	-15.780	2.490	14.942
482	-15.753	2.479	14.942
160	-15.694	2.478	14.942
203	-15.694	2.478	14.952
1616	-15.687	2.478	19.178
1608	-15.686	2.478	19.178
1610	-15.686	2.478	19.178
1582	-15.639	2.469	19.178
1508	-15.637	2.478	19.194
1504	-15.635	2.478	19.194
1526	-15.626	2.482	19.194
1528	-15.626	2.478	19.194
1554	-15.618	2.478	19.194
1643	-15.618	2.478	19.147
1689	-15.614	2.478	19.147
1690	-15.614	2.478	19.147
1562	-15.606	2.478	19.147
435	-15.596	2.480	19.147
1691	-15.544	2.478	20.048
1626	-15.513	2.480	20.048
1476	-15.441	2.480	20.048
1484	-15.435	2.473	20.047
1481	-15.431	2.475	20.047
1625	-15.424	2.479	20.470
1659	-15.424	2.479	20.470
1640	-15.424	2.479	20.523
1570	-15.420	2.479	20.524
1684	-15.416	2.481	20.524
1517	-15.336	2.479	20.524
1550	-15.332	2.479	20.524
1533	-15.327	2.479	20.524
346	-15.294	2.482	22.858
45	-15.260	2.483	22.859
68	-15.107	2.481	20.486
312	-15.099	2.483	23.373
1551	-14.929	2.476	23.373
1491	-14.920	2.476	23.379
1509	-14.780	2.495	23.381
1541	-14.768	2.484	23.384
1557	-14.696	2.426	23.386
1693	-13.544	2.472	23.714
1624	-10.860	2.776	21.698
1483	-10.586	2.776	0.953
1546	-10.288	2.854	29.176
1499	-9.833	2.982	15.029
1603	-9.799	1.396	19.122
414	-9.729	2.864	19.090
1552	-9.700	2.944	19.090
1565	-9.678	3.013	20.006
50	-9.627	2.887	20.486
1494	-9.608	2.877	20.486
1612	-9.600	2.879	20.486
1524	-9.595	2.512	20.486
1661	-9.570	2.876	20.740
245	-9.486	2.924	23.307
1694	-9.477	2.486	23.307
310	-9.367	3.035	21.961
416	-9.362	3.035	21.961
117	-9.341	3.174	21.961
1420	-9.340	3.173	21.961
213	-9.338	3.171	21.961
69	-9.314	3.175	21.961
1631	-9.297	3.036	21.955
97	-9.280	3.060	21.954
330	-9.269	3.176	21.699
165	-9.269	3.173	21.699
324	-9.266	3.173	21.698
122	-9.258	3.033	21.698
1440	-9.255	3.179	0.122
1596	-9.253	3.025	0.007
385	-9.250	3.174	0.007
1677	-9.247	3.029	0.047
259	-9.243	3.176	0.958
6	-9.239	3.178	0.953
1435	-9.239	3.179	0.953
1432	-9.239	3.179	0.953
1392	-9.237	3.179	0.953
1388	-9.237	3.179	0.953
155	-9.237	3.179	0.954
1395	-9.237	3.179	0.954
423	-9.220	3.177	29.176
219	-9.219	3.181	29.176
480	-9.218	3.178	29.176
334	-9.209	3.182	29.176
141	-9.206	3.180	15.015
353	-9.198	3.183	15.015
1567	-9.191	3.181	15.008
1513	-9.190	3.184	15.008
1532	-9.189	3.185	15.009
1547	-9.189	3.187	15.009
274	-9.187	3.183	15.008
1607	-9.186	3.187	15.009
275	-9.186	3.183	15.009
1636	-9.183	3.184	15.014
1673	-9.183	3.181	15.014
1598	-9.182	3.184	15.014
1665	-9.181	3.184	15.014
1380	-9.175	3.183	15.029
1648	-9.174	3.028	15.029
1573	-9.162	3.187	19.122
1535	-9.162	3.182	19.122
1454	-9.162	3.184	19.122
1455	-9.162	3.183	19.138
1646	-9.153	2.954	19.138
258	-9.150	3.041	19.138
1324	-9.150	3.183	19.089
1634	-9.146	3.187	19.090
493	-9.140	3.185	19.090
406	-9.138	3.185	19.090
1613	-9.110	3.031	20.486
1664	-9.109	3.030	20.398
1516	-9.107	3.192	22.827
1588	-9.103	3.190	22.827
1602	-9.093	3.190	23.308
1623	-9.090	3.190	23.308
1666	-9.089	3.190	23.309
1662	-9.089	3.190	23.310
1678	-9.088	3.192	23.310
1486	-9.084	3.033	23.310
1577	-9.080	3.024	23.310
1683	-9.080	3.191	23.310
1682	-9.021	3.131	23.310
1609	-9.001	3.193	23.310
1540	-9.000	3.197	23.310
1542	-8.993	3.190	23.310
126	-8.990	3.190	23.308
1271	-7.938	3.738	21.671
125	-7.774	2.439	15.009
1381	-7.760	2.439	15.009
1374	-7.757	2.439	15.014
212	-7.739	3.406	15.014
91	-7.716	2.439	15.029
317	-7.684	3.893	19.122
211	-7.683	3.896	19.122
124	-7.633	2.441	19.090
147	-7.629	2.441	19.090
92	-7.423	2.472	23.308
186	-7.344	2.442	23.310
1675	-7.071	3.474	21.961
395	-6.887	2.448	19.138
1515	-6.701	2.450	21.964
1506	-6.696	2.450	21.964
1545	-6.696	2.450	21.964
440	-5.669	3.948	0.810
1644	-5.183	3.969	19.141
1556	-4.585	3.681	22.831
