1628	-8.314	0.000	0.954
1656	-8.284	0.404	29.176
1688	-8.280	0.142	29.176
247	-8.013	0.255	21.961
508	-8.005	0.337	21.961
93	-6.913	3.834	15.039
402	-6.702	3.830	21.964
182	-6.640	3.957	21.701
200	-6.639	3.956	21.700
233	-6.639	3.956	21.701
1418	-6.635	3.956	21.701
308	-6.635	3.956	21.701
107	-6.631	3.789	21.700
84	-6.631	3.779	21.700
81	-6.630	3.789	21.700
313	-6.629	3.766	0.113
153	-6.629	3.785	0.008
73	-6.628	3.776	0.002
404	-6.362	3.910	20.489
379	-6.362	3.910	20.489
410	-6.362	3.910	20.489
374	-6.361	3.911	20.489
375	-6.361	3.910	20.402
376	-6.361	3.911	22.830
448	-6.361	3.911	22.830
252	-6.361	3.892	22.830
391	-6.359	3.898	22.830
418	-6.358	3.862	22.830
