1007	-8.838	0.000	25.678
893	-8.586	0.009	25.572
792	-8.586	0.009	23.759
939	-8.128	0.034	25.346
947	-8.127	0.034	25.313
763	-8.103	0.049	22.544
756	-8.102	0.049	22.544
777	-8.102	0.049	24.626
1024	-8.081	2.030	22.536
864	-8.075	0.035	24.609
931	-8.070	2.042	24.510
840	-8.064	0.051	24.660
842	-8.063	0.051	3.507
941	-8.061	2.042	31.659
942	-8.061	2.042	22.605
992	-8.029	2.040	25.395
1005	-8.029	2.040	24.714
1051	-8.029	2.040	24.720
1068	-8.029	2.040	25.102
883	-7.977	2.038	31.675
912	-7.977	2.038	31.417
1073	-7.972	2.008	24.883
707	-7.954	2.029	31.429
731	-7.954	2.029	25.071
950	-7.954	2.029	31.429
700	-7.954	2.029	29.100
722	-7.954	2.029	25.799
708	-7.954	2.029	25.568
874	-7.924	0.052	23.007
969	-7.923	2.028	23.015
753	-7.922	2.028	25.613
974	-7.922	2.028	29.379
978	-7.922	2.028	29.088
1075	-7.922	2.028	23.026
1082	-7.922	2.028	23.026
1087	-7.922	2.028	23.026
1090	-7.922	2.028	25.559
675	-7.921	2.028	25.678
1036	-7.921	2.028	25.924
779	-7.900	2.074	26.119
680	-7.900	2.074	25.713
856	-7.871	2.025	23.399
781	-7.871	2.026	23.759
868	-7.871	2.025	29.201
881	-7.871	2.025	23.420
902	-7.871	2.026	30.519
921	-7.870	2.026	30.041
751	-7.794	0.052	31.032
991	-7.792	0.052	30.856
877	-7.755	0.055	25.206
823	-7.755	0.054	24.901
900	-7.755	0.054	25.309
704	-7.727	0.050	30.030
747	-7.703	0.050	24.986
767	-7.703	0.050	24.986
891	-7.628	0.788	25.808
948	-7.542	1.571	25.875
949	-7.542	1.571	25.871
712	-7.513	2.019	0.000
936	-7.512	2.019	0.000
1102	-7.504	1.570	25.310
759	-7.475	2.016	25.365
993	-7.474	2.016	25.263
852	-7.454	1.568	25.375
869	-7.454	1.568	2.321
892	-7.454	1.568	1.795
682	-7.416	2.011	24.772
696	-7.416	2.011	24.523
699	-7.392	2.008	3.449
701	-7.392	2.008	2.319
669	-7.355	2.004	29.106
745	-7.354	2.004	31.429
752	-7.354	2.004	25.778
1001	-7.354	2.004	25.025
1079	-7.354	2.004	23.334
679	-7.354	2.005	25.800
676	-7.354	2.004	23.770
1002	-7.354	2.004	29.175
1025	-7.354	2.004	31.865
1045	-7.354	2.004	29.213
859	-7.296	1.996	26.107
685	-7.296	1.996	26.109
687	-7.296	1.996	29.198
689	-7.296	1.996	24.905
810	-7.296	1.996	30.795
872	-7.296	1.996	30.787
879	-7.296	1.996	23.398
786	-7.295	1.996	23.762
808	-7.234	1.987	31.294
1015	-7.092	0.787	25.325
999	-7.090	0.787	24.902
1088	-7.090	0.787	25.316
1008	-7.089	0.787	25.218
981	-7.087	0.787	24.370
871	-7.051	0.787	29.482
1030	-7.032	0.778	24.982
982	-6.978	1.137	25.153
968	-6.978	1.137	25.151
954	-6.925	0.780	25.141
1071	-6.899	0.780	25.321
1072	-6.899	0.780	25.317
1000	-6.898	0.781	25.313
1012	-6.898	0.781	25.344
1023	-6.898	0.780	25.306
1092	-6.898	0.781	25.355
861	-6.866	0.398	25.357
1043	-6.813	0.783	22.534
1095	-6.800	0.398	2.308
803	-6.772	0.782	2.839
945	-6.745	0.783	22.550
1014	-6.718	0.782	24.566
923	-6.675	0.782	24.641
987	-6.506	1.171	31.676
896	-6.494	1.173	31.669
706	-6.045	1.847	29.303
770	-6.040	1.847	29.061
857	-6.034	1.848	23.007
943	-5.437	2.865	23.674
956	-5.436	2.867	25.415
972	-5.425	2.866	30.335
1020	-5.396	2.850	23.700
723	-5.380	2.852	25.205
727	-5.380	2.852	30.369
934	-5.380	2.852	25.228
909	-5.370	3.134	25.488
795	-5.369	3.134	24.060
930	-5.363	2.852	30.597
917	-5.359	3.132	23.633
709	-5.358	2.853	30.057
719	-5.358	2.853	30.059
725	-5.358	2.853	30.933
730	-5.358	2.853	23.602
735	-5.353	2.852	30.546
740	-5.353	2.852	23.688
772	-5.353	2.852	25.561
1059	-5.353	2.852	23.424
988	-5.352	2.851	24.901
976	-5.352	2.852	24.903
994	-5.352	2.852	23.926
1016	-5.352	2.852	25.164
1018	-5.352	2.852	24.906
1022	-5.352	2.852	26.685
757	-5.335	2.851	24.999
761	-5.331	2.852	24.984
764	-5.331	2.852	24.984
769	-5.331	2.852	24.983
771	-5.331	2.852	24.990
733	-5.330	2.852	25.808
739	-5.330	2.852	25.807
743	-5.330	2.852	25.808
750	-5.330	2.852	25.806
755	-5.330	2.852	25.712
671	-5.330	2.852	26.182
672	-5.330	2.852	24.728
766	-5.330	2.852	26.036
997	-5.330	2.852	26.184
1010	-5.330	2.852	24.729
1050	-5.330	2.852	26.192
1084	-5.330	2.852	25.871
1086	-5.330	2.852	25.870
774	-5.329	2.852	25.871
1039	-5.329	2.852	25.153
765	-5.328	2.449	25.152
1040	-5.321	2.852	25.148
831	-5.319	2.851	24.979
843	-5.319	2.851	25.152
855	-5.319	2.851	24.981
920	-5.318	2.851	24.982
944	-5.309	2.847	24.942
794	-5.305	1.913	24.979
783	-5.304	1.914	25.145
894	-5.301	2.851	25.144
1031	-5.300	2.848	1.322
983	-5.298	2.848	26.788
984	-5.298	2.848	26.788
681	-5.297	2.852	0.000
686	-5.297	2.852	0.000
694	-5.297	2.852	0.000
697	-5.297	2.852	25.305
782	-5.297	2.852	25.285
809	-5.297	2.852	25.309
821	-5.297	2.852	25.310
805	-5.297	2.852	25.318
816	-5.297	2.852	25.317
846	-5.297	2.852	25.365
847	-5.297	2.852	25.306
850	-5.297	2.852	25.337
829	-5.296	2.852	25.310
888	-5.296	2.852	25.311
906	-5.296	2.852	25.338
787	-5.296	2.852	1.210
790	-5.296	2.852	23.800
927	-5.296	2.852	23.782
807	-5.292	2.853	26.567
796	-5.292	2.853	22.534
876	-5.292	2.853	22.528
866	-5.270	2.848	2.308
918	-5.236	2.840	24.627
736	-5.170	2.083	22.531
1042	-5.153	3.147	22.531
979	-5.150	3.152	29.288
1053	-5.150	3.152	24.771
995	-5.149	3.154	24.523
1021	-5.148	3.154	24.510
1034	-5.147	3.155	24.510
1048	-5.147	3.155	3.449
849	-5.123	3.145	3.079
862	-5.119	3.153	22.612
905	-5.119	3.153	25.601
814	-5.118	3.154	31.672
838	-5.117	3.154	22.762
915	-5.117	3.154	26.368
916	-5.117	3.154	29.217
851	-5.098	2.809	31.660
937	-5.084	3.084	24.722
702	-5.073	3.199	24.871
710	-5.073	3.199	24.728
715	-5.073	3.199	29.326
716	-5.073	3.199	25.024
955	-5.073	3.199	25.010
705	-5.069	3.197	24.888
714	-5.067	3.209	25.027
718	-5.067	3.209	25.014
721	-5.067	3.209	25.152
935	-5.067	3.209	31.429
670	-5.055	2.720	25.013
673	-5.055	2.720	25.026
703	-5.053	2.719	23.335
711	-5.053	2.719	25.800
768	-5.052	2.719	25.853
758	-5.050	2.720	26.590
1057	-5.050	2.719	31.865
799	-5.048	2.720	29.213
826	-5.047	2.721	31.666
870	-5.047	2.721	26.635
1032	-5.039	3.194	29.214
734	-5.037	3.206	25.677
741	-5.037	3.206	24.990
754	-5.037	3.206	29.218
964	-5.037	3.208	31.550
788	-5.018	3.205	23.688
1035	-5.011	1.941	29.074
1055	-5.011	1.941	23.026
818	-5.008	3.194	24.316
690	-5.006	3.194	31.639
688	-5.002	3.192	25.676
784	-5.002	3.204	29.081
827	-5.002	3.204	26.764
833	-5.002	3.204	26.764
853	-5.002	3.204	26.108
854	-5.002	3.204	28.642
873	-5.002	3.204	25.748
889	-5.002	3.204	24.905
895	-5.002	3.204	30.787
899	-5.002	3.204	25.945
791	-5.001	3.204	23.732
692	-5.000	3.204	23.742
695	-5.000	3.204	24.909
865	-4.921	2.828	30.872
946	-4.877	2.194	25.228
720	-4.868	2.835	25.497
683	-4.849	2.838	23.415
684	-4.849	2.838	30.598
966	-4.802	2.875	23.634
933	-4.801	2.578	31.047
1052	-4.784	2.877	30.470
726	-4.783	2.791	23.684
1094	-4.781	2.878	23.418
863	-4.780	2.877	23.643
820	-4.778	2.878	30.600
890	-4.778	2.878	24.901
1056	-4.758	2.790	24.880
858	-4.740	2.780	24.343
693	-4.733	2.791	25.734
817	-4.733	2.795	28.562
975	-4.672	2.785	24.982
957	-4.614	2.205	26.182
904	-4.610	2.143	24.727
773	-4.605	2.206	24.728
996	-4.604	2.206	26.030
928	-4.599	2.378	26.184
1044	-4.587	2.377	25.871
836	-4.563	2.377	24.977
953	-4.556	2.893	25.146
1083	-4.537	2.895	24.982
932	-4.535	2.891	24.982
887	-4.518	2.590	25.151
897	-4.518	2.590	25.148
860	-4.513	2.898	26.788
1026	-4.511	2.893	26.789
839	-4.487	2.897	25.295
1049	-4.463	2.815	25.315
802	-4.460	2.570	25.313
919	-4.450	2.819	25.305
901	-4.437	2.214	25.357
1085	-4.422	2.375	25.393
828	-4.396	2.537	3.030
713	-4.373	2.903	25.176
691	-4.372	2.903	23.802
724	-4.372	2.903	23.800
738	-4.371	2.903	26.562
742	-4.371	2.903	22.533
798	-4.369	2.903	22.528
813	-4.369	2.903	25.918
698	-4.368	2.903	22.467
985	-4.290	2.303	22.545
958	-4.200	2.544	2.839
825	-4.186	2.927	24.520
970	-3.948	2.921	25.601
977	-3.947	2.927	22.644
898	-3.898	2.872	31.669
