1774	-11.450	0.000	25.005
1663	-11.441	0.001	25.008
1721	-11.250	0.005	29.378
1685	-11.250	0.005	28.645
1725	-11.249	0.005	23.026
1735	-11.248	0.005	29.092
1681	-11.234	0.657	25.678
1665	-11.226	0.657	29.323
1669	-11.190	0.030	26.765
1674	-11.040	0.656	25.532
1679	-11.039	0.656	23.420
1743	-11.039	0.656	30.519
1692	-11.039	0.656	30.510
1747	-11.039	0.656	30.631
1671	-10.995	0.031	24.424
1738	-10.904	0.659	25.239
1729	-10.713	0.659	31.029
1720	-10.702	0.659	31.492
1732	-10.317	1.368	30.448
1701	-10.316	1.368	30.597
1689	-10.315	1.368	23.633
1697	-10.117	1.368	30.557
1666	-10.116	1.368	23.413
1678	-10.116	1.368	23.643
1712	-10.116	1.368	23.424
1746	-9.779	2.374	25.152
1772	-9.777	2.374	25.153
1723	-9.646	2.377	0.000
1726	-9.646	2.377	0.000
1675	-9.646	2.377	25.308
1677	-9.646	2.377	25.306
1682	-9.646	2.377	25.308
1686	-9.646	2.377	25.310
1724	-9.646	2.377	25.344
1742	-9.646	2.377	25.317
1758	-9.645	2.377	25.365
1763	-9.645	2.377	25.310
1714	-9.644	2.377	25.336
1718	-9.644	2.377	2.787
1667	-9.644	2.377	25.346
1709	-9.644	2.377	25.370
1710	-9.644	2.377	23.803
1783	-9.644	2.377	23.802
1784	-9.644	2.377	26.588
1706	-9.643	2.377	26.587
1664	-9.641	2.378	1.795
1662	-9.638	2.378	22.535
1785	-9.537	2.370	25.914
1770	-8.569	2.337	23.410
1672	-8.524	2.327	23.417
1788	-8.524	2.327	23.421
1771	-8.524	2.327	31.056
1775	-8.524	2.327	30.525
1676	-8.519	2.335	31.406
1739	-8.519	2.334	31.412
1673	-8.518	2.335	23.429
1696	-8.518	2.335	25.239
1760	-8.518	2.335	23.799
1761	-8.518	2.335	31.017
1764	-8.518	2.335	31.647
1768	-8.518	2.335	31.651
1773	-8.518	2.335	31.492
1698	-8.517	2.334	30.857
1715	-8.517	2.334	30.858
1717	-8.517	2.334	30.597
1683	-8.493	2.363	30.353
1687	-8.493	2.363	30.359
1722	-8.493	2.363	24.913
1752	-8.492	2.363	25.454
1759	-8.492	2.363	31.644
1694	-8.491	2.363	25.096
1691	-8.490	2.363	31.398
1744	-8.482	2.332	31.281
1684	-8.444	2.336	25.205
1789	-8.443	2.336	30.942
1699	-8.442	2.336	24.789
1734	-8.400	2.368	25.528
1749	-8.280	2.034	23.684
1753	-8.279	2.034	30.535
1777	-8.120	2.040	25.313
1769	-8.057	2.040	25.502
1781	-8.057	2.040	25.636
1704	-7.756	1.350	31.278
1778	-7.756	1.350	30.018
1787	-7.756	1.350	24.290
1707	-7.756	1.350	31.277
1702	-7.753	1.352	25.488
1693	-7.729	1.364	31.045
1740	-7.631	2.560	25.808
1737	-7.529	2.461	25.153
1736	-7.529	2.461	25.153
1731	-7.528	2.461	25.153
1680	-7.528	2.461	24.978
1745	-7.528	2.461	25.009
1748	-7.528	2.461	24.981
1713	-7.527	2.461	24.981
1762	-7.527	2.461	24.981
1765	-7.527	2.461	24.985
1767	-7.527	2.461	25.145
1711	-7.527	2.461	25.147
1757	-7.527	2.461	1.322
1780	-7.527	2.461	26.840
1708	-7.460	2.463	25.328
1690	-7.458	2.463	1.210
1719	-7.458	2.463	23.801
1695	-7.424	2.452	24.627
1703	-7.398	2.752	24.511
913	-7.378	2.477	25.011
1730	-7.343	2.367	29.214
1782	-7.342	2.367	29.217
1779	-7.334	2.744	31.687
1670	-7.323	3.852	23.026
1755	-7.212	2.721	25.391
1733	-7.211	2.721	31.651
1751	-7.211	2.721	31.654
1754	-6.936	3.345	0.000
1700	-6.813	2.597	3.030
1668	-6.813	2.597	25.314
1688	-6.813	2.597	23.773
1727	-6.813	2.597	23.801
1728	-6.813	2.597	26.573
1756	-6.662	2.624	24.510
1741	-6.642	2.624	29.286
1716	-6.641	2.623	25.616
1750	-6.641	2.624	22.588
1766	-6.640	2.624	25.595
1786	-6.640	2.624	25.638
1705	-6.394	2.575	24.885
1651	-6.344	2.594	31.417
1776	-6.274	2.579	24.888
1536	-5.825	2.604	26.108
