1439	-8.314	0.000	25.431
1372	-8.013	0.058	24.880
1383	-8.011	0.058	25.204
1421	-7.986	0.058	25.009
1506	-7.960	0.059	24.887
1441	-7.956	0.059	25.898
1239	-7.631	0.056	25.807
1387	-7.476	0.059	25.317
1327	-7.472	0.059	25.332
1433	-7.472	0.059	2.787
1398	-7.445	0.059	25.911
1403	-7.445	0.059	25.913
1409	-7.445	0.059	4.456
1454	-7.421	0.059	24.656
1513	-7.420	0.059	25.882
1410	-6.143	1.034	25.026
1459	-6.116	1.034	25.799
1282	-5.391	0.991	31.282
1412	-4.551	1.021	24.986
1468	-4.523	1.020	24.981
1359	-4.508	2.091	0.000
1244	-4.487	2.086	25.304
1227	-4.484	2.085	25.321
1516	-4.302	2.957	22.545
1470	-4.150	2.943	24.641
1475	-4.148	2.943	24.510
1396	-4.016	2.945	22.606
1407	-3.948	1.636	25.248
1507	-3.945	1.629	26.358
1519	-3.918	2.202	24.880
1462	-3.861	2.949	25.052
1276	-3.230	3.030	24.961
