1744	-3.771	0.000	12.632
1722	-3.769	0.008	24.455
1716	-3.765	0.042	13.382
1702	-3.764	0.044	24.722
1696	-3.764	0.043	24.722
1790	-3.761	0.048	13.434
1848	-3.761	0.045	10.751
1778	-3.761	0.046	10.774
1791	-3.761	0.047	10.772
1795	-3.761	0.047	10.769
1792	-3.761	0.048	10.774
1805	-3.761	0.050	10.774
1822	-3.761	0.050	10.765
1823	-3.761	0.046	10.749
1775	-3.761	0.047	10.768
1799	-3.761	0.046	10.754
1813	-3.761	0.050	24.418
1771	-3.760	0.047	10.807
1853	-3.760	0.047	12.277
1854	-3.760	0.047	12.282
1729	-3.759	0.045	14.022
1868	-3.759	0.045	10.020
1836	-3.759	0.051	10.028
1762	-3.759	0.045	12.409
1732	-3.759	0.047	25.257
1752	-3.759	0.049	24.423
1835	-3.759	0.051	24.428
1869	-3.759	0.048	10.015
1743	-3.759	0.046	10.025
1759	-3.759	0.040	1.922
1833	-3.759	0.050	24.560
1785	-3.651	0.078	10.560
1397	-3.563	2.466	0.920
1366	-3.563	2.466	7.094
1704	-3.562	1.864	12.835
1218	-3.562	2.467	7.229
1155	-3.562	2.449	5.811
1152	-3.562	2.467	10.270
1344	-3.562	2.463	10.270
1272	-3.561	2.462	6.614
1193	-3.561	2.459	2.541
1251	-3.546	2.465	9.486
1832	-3.543	2.465	9.523
1731	-3.543	2.464	9.222
1787	-3.543	2.458	12.884
1706	-3.542	2.471	9.957
1802	-3.542	2.467	9.867
1824	-3.541	2.457	12.729
1834	-3.541	2.463	9.551
1814	-3.541	2.466	7.140
1773	-3.541	2.463	7.098
1751	-3.541	2.461	8.779
1772	-3.541	2.472	10.407
1825	-3.541	2.463	6.580
1768	-3.540	2.460	7.878
1727	-3.539	2.439	11.995
1774	-3.539	2.465	11.995
1720	-3.539	2.419	7.859
1797	-3.538	2.483	9.422
1753	-3.534	2.433	9.417
1860	-3.532	2.376	8.422
1828	-3.525	2.421	8.524
1874	-3.525	2.415	8.527
1730	-3.524	2.421	8.008
1763	-3.509	2.437	8.532
1746	-3.504	1.750	7.616
1386	-3.499	2.423	7.824
1337	-3.489	2.439	11.934
1084	-3.466	2.466	11.991
1172	-3.465	2.460	7.786
1189	-3.465	2.468	11.845
1135	-3.465	2.465	11.926
1059	-3.464	2.454	7.932
1199	-3.464	2.474	8.042
1140	-3.464	2.470	10.477
1769	-3.462	0.074	8.490
1360	-3.462	2.479	7.335
1217	-3.462	2.445	7.558
1120	-3.462	2.468	9.678
1271	-3.461	2.449	8.010
1159	-3.461	2.428	9.263
1116	-3.461	2.463	9.658
1293	-3.459	2.468	9.201
1220	-3.459	2.434	5.386
1325	-3.458	2.444	9.700
1705	-3.456	0.065	10.227
1708	-3.455	0.058	7.018
1709	-3.455	0.055	7.596
1806	-3.453	0.064	13.467
1818	-3.453	0.062	13.468
1811	-3.452	0.063	13.467
1821	-3.452	0.063	13.335
1851	-3.452	0.064	13.329
1796	-3.452	0.043	13.329
1855	-3.452	0.067	13.329
1698	-3.452	0.124	13.328
1754	-3.451	0.065	13.871
1721	-3.449	0.050	13.871
1879	-3.448	0.061	12.923
1300	-3.446	2.410	13.884
1294	-3.446	2.412	12.923
1820	-3.444	2.462	13.815
1350	-3.443	2.412	13.814
1840	-3.443	2.450	13.815
1839	-3.443	2.458	10.165
1236	-3.443	2.455	10.169
1870	-3.441	2.450	10.170
1736	-3.441	2.465	12.623
1776	-3.441	2.460	10.172
1077	-3.440	2.303	12.612
1742	-3.440	2.466	12.627
1127	-3.438	2.412	12.628
1726	-3.437	0.212	12.627
1225	-3.433	2.451	10.172
1697	-3.417	2.418	24.714
1800	-3.416	1.810	24.455
1764	-3.416	1.821	13.382
1289	-3.406	2.466	24.722
1045	-3.402	2.416	24.722
1383	-3.396	2.435	10.769
1179	-3.396	2.445	10.769
1369	-3.396	2.437	10.776
1320	-3.395	2.430	10.746
1396	-3.390	2.424	10.742
1382	-3.390	2.432	24.839
1691	-3.389	1.989	10.750
1695	-3.388	1.974	10.743
1788	-3.386	1.991	12.277
1815	-3.386	1.994	12.277
1789	-3.385	1.979	14.021
1233	-3.385	2.460	14.038
1323	-3.385	2.434	24.740
1812	-3.384	1.986	10.032
1740	-3.384	1.984	12.412
1178	-3.383	2.433	13.970
1205	-3.383	2.435	10.015
1255	-3.382	2.425	10.007
1208	-3.382	2.430	10.036
1725	-3.381	1.951	10.026
1228	-3.378	2.423	1.921
1071	-3.378	2.440	9.997
1054	-3.376	2.483	13.224
1234	-3.376	2.435	14.028
1713	-3.374	2.008	8.151
1842	-3.372	1.981	25.306
1864	-3.371	1.995	9.811
1784	-3.371	1.991	10.743
1780	-3.371	1.981	11.436
1801	-3.370	1.980	11.473
1794	-3.370	1.964	13.029
1843	-3.370	1.960	4.173
1779	-3.369	1.971	13.044
1755	-3.369	1.971	3.425
1767	-3.369	1.964	9.203
1847	-3.369	1.973	9.203
1733	-3.366	1.950	8.181
1829	-3.365	1.958	9.196
1735	-3.364	1.981	0.002
1292	-3.358	2.672	2.589
1817	-3.354	1.952	10.668
1803	-3.351	1.971	10.715
1798	-3.351	1.918	10.680
1850	-3.345	1.892	11.191
1861	-3.332	1.534	0.301
1871	-3.332	1.534	9.145
1756	-3.302	1.551	13.101
1831	-3.302	1.553	7.104
1724	-3.302	1.553	10.284
1739	-3.302	1.553	2.891
1793	-3.301	1.552	6.604
1786	-3.301	1.551	10.257
1223	-3.291	3.418	2.933
1235	-3.276	2.449	9.480
1866	-3.267	2.424	12.771
1758	-3.262	1.597	12.770
1838	-3.257	1.538	6.615
1873	-3.255	1.895	5.878
1777	-3.248	1.617	10.244
1757	-3.237	1.732	9.223
1715	-3.236	0.232	9.086
1259	-3.235	0.279	12.718
1286	-3.234	0.264	9.775
1307	-3.234	0.264	9.592
1288	-3.233	0.266	9.551
1282	-3.220	2.315	9.600
1388	-3.217	3.483	8.006
1750	-3.038	0.235	7.100
1737	-3.031	0.166	8.095
1711	-3.014	0.273	8.086
1745	-2.924	0.774	8.632
1878	-2.898	1.719	8.564
1734	-2.890	1.694	8.422
1830	-2.859	2.085	8.034
1852	-2.843	2.001	8.150
1808	-2.841	1.967	8.155
845	-2.835	3.371	11.987
1880	-2.830	1.944	8.554
1849	-2.829	1.765	11.767
1867	-2.776	1.936	2.275
1738	-2.765	2.447	7.994
1717	-2.764	2.448	9.678
1728	-2.760	2.441	7.955
1872	-2.757	2.488	7.443
1783	-2.751	2.481	9.659
1865	-2.746	1.769	5.391
1129	-2.732	2.421	5.372
1846	-2.703	1.823	7.007
1844	-2.701	1.813	7.201
927	-2.687	3.150	13.477
676	-2.686	3.175	13.467
1837	-2.535	1.104	13.328
1782	-2.451	1.164	13.328
1856	-2.444	3.221	13.327
1395	-2.386	3.113	13.870
770	-2.254	3.488	12.923
1862	-2.093	0.313	13.483
796	-1.962	3.209	12.922
