1933	-6.229	0.000	13.876
1927	-6.228	0.051	7.824
1922	-6.228	0.021	7.354
1924	-6.228	0.020	7.354
1931	-6.228	0.021	14.144
1932	-6.228	0.020	6.173
1937	-6.228	0.021	13.657
1926	-6.228	0.020	13.543
1935	-6.227	0.014	7.350
1938	-6.227	0.016	7.890
1921	-6.226	0.047	12.591
1954	-6.226	0.033	7.860
1943	-6.226	0.020	6.535
1950	-6.226	0.020	6.562
1941	-6.226	0.011	11.543
1925	-6.224	0.092	7.199
1929	-6.223	0.074	11.167
1694	-6.196	0.020	4.633
1700	-6.196	0.020	4.633
1336	-6.195	0.027	4.633
1703	-6.195	0.024	4.390
1858	-6.195	0.019	4.390
1807	-6.195	0.019	4.390
1770	-6.195	0.018	4.390
1718	-6.193	0.035	3.150
1312	-6.191	0.023	4.283
1875	-6.188	0.093	4.282
1693	-6.183	0.118	3.035
1945	-6.181	0.035	3.035
1942	-6.162	0.026	2.955
1229	-5.863	0.312	1.688
1953	-5.862	1.090	1.671
1330	-5.806	0.425	13.043
1934	-5.712	1.328	13.328
1946	-5.695	1.739	13.883
1327	-5.688	1.827	12.922
1361	-5.667	1.814	13.819
1949	-5.663	1.652	13.814
1345	-5.627	1.691	12.627
1712	-5.508	3.144	7.847
1714	-5.507	3.144	7.779
1810	-5.491	3.146	5.392
1741	-5.491	3.147	5.391
1701	-5.491	3.146	8.764
1781	-5.490	3.145	9.931
1930	-5.488	3.139	6.307
1928	-5.487	3.141	14.158
1936	-5.487	3.140	14.153
1939	-5.487	3.140	14.153
1944	-5.487	3.140	14.154
1948	-5.485	3.141	13.404
1951	-5.485	3.140	13.404
1952	-5.485	3.138	13.404
1707	-5.484	3.173	13.404
1947	-5.461	1.652	10.542
1115	-5.433	3.134	13.240
1347	-5.433	3.134	13.250
1760	-5.424	1.848	11.446
1845	-5.418	1.882	9.681
1719	-5.414	1.641	9.352
1132	-5.275	3.176	3.241
1093	-5.274	3.176	3.241
1099	-5.274	3.175	3.242
1923	-5.271	3.193	3.308
1287	-5.140	1.476	2.963
1940	-4.962	3.757	4.798
1355	-4.666	2.025	1.639
1349	-4.660	2.304	1.666
1368	-4.186	2.643	5.845
