1645	-10.567	0.000	3.511
1509	-10.567	0.016	26.594
1467	-10.550	0.222	8.189
1655	-10.511	0.615	11.724
1636	-10.508	0.592	11.721
1469	-10.402	1.932	11.665
1485	-10.399	2.205	3.720
1447	-10.395	2.205	3.720
1531	-10.392	1.932	11.855
1499	-10.392	1.932	8.174
1507	-10.392	1.932	1.879
1515	-10.392	1.932	11.429
1522	-10.392	1.932	0.000
1529	-10.392	1.932	3.721
1559	-10.392	1.932	12.123
1573	-10.392	1.932	8.183
1625	-10.392	1.932	7.760
1666	-10.392	1.931	12.908
1629	-10.379	0.066	12.906
1533	-10.379	0.087	12.946
1542	-10.379	0.124	12.155
1595	-10.379	0.139	12.690
1678	-10.378	0.059	12.158
1489	-10.378	0.076	7.776
1458	-10.378	0.092	11.685
1456	-10.377	0.050	7.777
1578	-10.375	0.049	4.954
1428	-10.374	0.063	0.104
1409	-10.374	0.065	2.896
1457	-10.372	0.178	3.639
1439	-10.371	0.075	7.733
1552	-10.371	0.255	2.858
1440	-10.368	0.202	8.987
1483	-10.367	0.245	4.827
1600	-10.363	0.190	14.077
1481	-10.356	0.420	5.132
1536	-10.349	0.369	12.068
1548	-10.348	0.439	5.092
1476	-10.347	0.489	12.074
1480	-10.345	0.406	5.420
1497	-10.345	0.492	5.110
1568	-10.343	0.530	12.084
1452	-10.334	0.614	12.084
1564	-10.334	0.607	12.084
1475	-10.333	0.611	2.489
1565	-10.333	0.631	14.387
1656	-10.329	0.521	14.742
1549	-10.326	0.674	14.919
1492	-10.319	0.639	14.008
1500	-10.316	0.723	4.429
1635	-10.307	0.795	9.019
1673	-10.295	1.738	14.518
1650	-10.292	1.669	14.427
1519	-10.292	1.650	14.435
1630	-10.292	1.630	10.929
1477	-10.292	0.837	12.141
1516	-10.261	1.739	5.548
1587	-10.261	1.739	10.922
1508	-10.260	1.746	5.485
1539	-10.260	1.051	6.451
1502	-10.241	1.070	7.136
1460	-10.229	1.072	14.145
1517	-10.224	1.211	4.938
1586	-10.214	1.306	7.374
1619	-10.203	1.289	4.943
1537	-10.157	1.137	14.147
1622	-10.145	1.150	7.309
1471	-10.070	1.924	9.226
1513	-10.063	1.713	9.228
1610	-10.063	1.713	7.187
1527	-10.062	1.922	7.317
1579	-10.062	1.922	7.317
1482	-10.062	1.923	7.319
1526	-10.062	1.921	7.830
1543	-10.062	1.922	7.830
1555	-10.062	1.922	6.173
1581	-10.062	1.921	7.186
1591	-10.062	1.922	12.398
1592	-10.062	1.922	13.539
1670	-10.062	1.922	7.353
1525	-10.062	1.921	6.455
1669	-10.062	1.713	12.855
1576	-10.061	1.922	7.390
1661	-10.061	1.923	14.144
1560	-10.061	1.919	13.767
1613	-10.061	1.922	13.639
1634	-10.061	1.922	13.543
1649	-10.061	1.922	7.703
1685	-10.061	1.921	7.893
1675	-10.061	1.922	12.591
1686	-10.061	1.920	7.962
1665	-10.061	1.919	6.535
1609	-10.061	1.922	6.363
1687	-10.060	1.925	11.543
1637	-10.059	1.925	7.847
1575	-10.058	1.921	10.858
1438	-10.058	1.922	11.512
1429	-10.058	1.921	10.795
1446	-10.058	1.919	6.937
1606	-10.058	1.918	10.779
1624	-10.058	1.728	12.744
1646	-10.058	1.696	11.871
1511	-10.057	1.745	6.947
1468	-9.994	0.154	8.203
1540	-9.993	0.153	15.027
1621	-9.993	0.146	15.019
1566	-9.992	0.154	15.020
1478	-9.992	0.150	15.019
1659	-9.992	0.152	14.877
1510	-9.992	0.153	14.871
1590	-9.992	0.153	14.871
1657	-9.992	0.154	14.871
1658	-9.992	0.153	14.871
1494	-9.991	0.154	15.420
1554	-9.991	0.153	13.925
1570	-9.991	0.154	13.926
1505	-9.991	0.140	15.007
1404	-9.990	0.135	15.278
1462	-9.990	0.148	13.925
1558	-9.990	0.154	14.847
1561	-9.990	0.154	14.840
1574	-9.990	0.154	14.840
1614	-9.990	0.148	14.840
1668	-9.990	0.154	11.393
1594	-9.990	0.154	11.395
1615	-9.990	0.154	11.398
1577	-9.990	0.154	13.627
1603	-9.990	0.153	13.566
1604	-9.990	0.155	13.626
1617	-9.990	0.155	13.626
1654	-9.990	0.154	13.628
1472	-9.990	0.156	13.629
1524	-9.989	0.155	11.398
1449	-9.988	0.155	11.408
1466	-9.988	0.164	25.634
1490	-9.986	0.213	14.217
1418	-9.986	0.155	15.000
1419	-9.986	0.156	25.870
1541	-9.986	0.152	25.870
1442	-9.986	0.126	25.870
1431	-9.985	0.182	11.447
1454	-9.985	0.097	11.458
1432	-9.984	0.186	11.444
1437	-9.984	0.163	11.465
1420	-9.983	0.168	11.429
1416	-9.983	0.120	11.458
1406	-9.981	0.137	11.415
1461	-9.977	0.096	11.506
1501	-9.976	0.225	11.442
1484	-9.975	1.577	25.775
1464	-9.972	0.586	11.434
1588	-9.970	0.161	11.464
1596	-9.969	1.921	25.457
1463	-9.952	0.104	13.875
1488	-9.951	0.260	11.386
1521	-9.940	0.159	25.894
1585	-9.939	0.300	25.949
1611	-9.939	0.327	13.184
1450	-9.936	0.156	13.188
1400	-9.926	1.939	27.249
1605	-9.911	1.715	25.719
1653	-9.911	1.715	11.722
1535	-9.911	1.716	15.793
1546	-9.911	1.716	11.735
1582	-9.911	1.716	3.521
1676	-9.911	1.715	3.533
1618	-9.911	1.572	26.401
1413	-9.907	0.273	14.758
1451	-9.902	1.713	6.004
1403	-9.894	1.624	3.292
1589	-9.850	1.501	3.187
1651	-9.843	1.504	3.196
1487	-9.813	1.930	3.196
1612	-9.813	1.928	26.591
1514	-9.813	1.930	25.916
1660	-9.813	1.930	11.684
1538	-9.813	1.930	5.893
1556	-9.813	1.930	8.166
1626	-9.813	1.930	8.246
1688	-9.813	1.930	1.771
1572	-9.813	1.930	11.789
1631	-9.812	1.931	1.877
1674	-9.812	1.930	8.174
1421	-9.811	1.156	8.198
1444	-9.809	1.931	5.720
1424	-9.808	1.914	8.190
1453	-9.806	1.926	11.692
1663	-9.787	0.199	3.721
1551	-9.786	0.200	3.649
1496	-9.785	0.209	12.124
1435	-9.783	0.204	11.675
1503	-9.766	1.570	12.139
1664	-9.755	0.141	12.135
1402	-9.752	1.575	12.908
1414	-9.742	2.242	12.148
1433	-9.742	2.242	12.158
1436	-9.742	2.242	4.954
1486	-9.736	2.243	7.776
1550	-9.733	2.244	0.135
1547	-9.733	2.244	12.169
1562	-9.733	2.244	13.837
1580	-9.733	2.244	0.104
1518	-9.732	2.244	13.070
1632	-9.717	1.805	5.615
1652	-9.717	1.805	7.738
1598	-9.716	1.805	5.762
1601	-9.716	1.805	5.762
1599	-9.701	1.188	5.762
1583	-9.619	3.218	2.151
1455	-9.618	1.929	5.097
1405	-9.597	2.981	5.747
1473	-9.594	3.174	5.749
1399	-9.594	3.172	9.035
1417	-9.591	3.168	2.155
1443	-9.591	3.172	12.084
1427	-9.591	3.165	8.979
1434	-9.591	3.165	8.978
1441	-9.591	3.161	14.387
1448	-9.591	3.153	5.094
1401	-9.591	3.152	14.012
1425	-9.590	3.114	14.006
1411	-9.589	3.196	14.006
1412	-9.582	3.117	5.546
1407	-9.580	3.037	11.041
1607	-9.566	1.811	9.350
1638	-9.566	1.811	9.329
1642	-9.566	1.811	10.929
1530	-9.566	1.811	12.043
1677	-9.566	1.811	12.190
1495	-9.553	1.918	14.064
1641	-9.551	1.714	10.961
1479	-9.518	2.176	7.260
1506	-9.518	2.176	6.499
1628	-9.518	2.176	6.442
1680	-9.518	2.177	7.376
1597	-9.517	2.176	7.852
1639	-9.517	2.177	7.826
1523	-9.501	2.156	7.373
1470	-9.486	2.260	13.551
1465	-9.483	2.990	7.863
1410	-9.483	2.990	10.863
1415	-9.483	2.991	11.512
1426	-9.483	2.990	10.546
1633	-9.480	1.818	9.587
1459	-9.478	2.259	8.495
1474	-9.478	2.259	8.541
1557	-9.478	2.259	8.047
1593	-9.477	2.259	15.019
1662	-9.477	2.259	15.019
1504	-9.431	1.693	14.840
1616	-9.431	1.693	14.308
1608	-9.431	1.693	11.395
1667	-9.431	1.693	11.395
1681	-9.431	1.693	13.625
1493	-9.423	3.223	13.626
1671	-9.423	3.219	13.626
1553	-9.423	3.222	13.624
1571	-9.423	3.220	13.627
1534	-9.423	3.220	13.628
1491	-9.423	3.218	13.630
1408	-9.421	3.219	13.497
1627	-9.420	2.336	11.406
1422	-9.420	3.237	14.217
1647	-9.420	3.212	15.000
1498	-9.419	3.250	15.000
1602	-9.322	2.096	11.423
1528	-9.232	1.955	11.464
1563	-9.232	1.954	11.448
1567	-9.232	1.956	11.458
1643	-9.231	1.962	11.464
1648	-9.222	1.680	11.430
1423	-9.168	2.957	11.443
1430	-9.168	2.956	11.432
1445	-9.165	2.967	11.433
1544	-8.988	2.065	11.735
1545	-8.988	2.064	13.192
1584	-8.988	2.066	26.355
1512	-8.988	1.711	25.719
1569	-8.988	1.709	25.502
1672	-8.987	2.065	11.728
1682	-8.986	2.062	11.724
1520	-8.986	2.064	3.521
1684	-8.986	2.064	3.521
1683	-8.986	2.063	25.983
1623	-8.985	2.065	11.735
1679	-8.985	2.065	13.274
1640	-8.985	2.064	6.003
1644	-8.985	2.065	3.189
1620	-8.984	2.065	3.505
1532	-8.806	2.411	9.193
